time,sizeX,sizeY,p_x,p_y,f_x,f_y,pos_X,pos_Y,pos_Z,q_x,q_y,q_z,q_w,marker_ID,marker_x,marker_y,marker_z,marker_qx,marker_qy,marker_qz,marker_qw,marker_ID,marker_x,marker_y,marker_z,marker_qx,marker_qy,marker_qz,marker_qw,marker_ID,marker_x,marker_y,marker_z,marker_qx,marker_qy,marker_qz,marker_qw,
12770,1280,720,631.94293,353.39117,986.8637,986.74805,0.313,-0.048,0.998,0.070253,-0.016333,0.005596,-0.997380,img_1.jpg
12865,1280,720,631.94293,353.39117,986.8637,986.74805,0.313,-0.048,1.002,0.072118,-0.017192,0.006570,-0.997226,img_2.jpg,marker_1.jpg,0.25698468,0.25698468,0.281,-0.116,0.345,-0.716100,-0.011843,0.008768,0.008768
12956,1280,720,631.94293,353.39117,986.8637,986.74805,0.310,-0.048,1.008,0.071297,-0.016666,0.005087,-0.997303,img_3.jpg
13031,1280,720,631.94293,353.39117,986.8637,986.74805,0.310,-0.048,1.013,0.070124,-0.018571,0.006672,-0.997343,img_4.jpg
13108,1280,720,631.94293,353.39117,986.8637,986.74805,0.309,-0.048,1.017,0.070821,-0.018058,0.008686,-0.997288,img_5.jpg
13199,1280,720,631.94293,353.39117,986.8637,986.74805,0.308,-0.051,1.023,0.075753,-0.017466,0.010140,-0.996922,img_6.jpg
13298,1280,720,631.94293,353.39117,986.8637,986.74805,0.306,-0.053,1.030,0.074790,-0.007384,0.005212,-0.997158,img_7.jpg
13381,1280,720,631.94293,353.39117,986.8637,986.74805,0.307,-0.054,1.037,0.078800,-0.008993,0.006183,-0.996831,img_8.jpg,marker_1.jpg,0.25763503,0.25763503,0.281,-0.116,0.345,-0.715081,-0.014518,0.012178,0.012178
13465,1280,720,631.94293,353.39117,986.8637,986.74805,0.310,-0.054,1.043,0.076002,-0.011686,0.002861,-0.997035,img_9.jpg
13548,1280,720,631.94293,353.39117,986.8637,986.74805,0.319,-0.055,1.051,0.068653,-0.020206,0.006462,-0.997415,img_10.jpg
13632,1280,720,631.94293,353.39117,986.8637,986.74805,0.330,-0.055,1.058,0.062712,-0.026435,0.006827,-0.997658,img_11.jpg
13715,1280,720,631.94293,353.39117,986.8637,986.74805,0.342,-0.055,1.065,0.055177,-0.034131,0.005250,-0.997879,img_12.jpg
13788,1280,720,631.94293,353.39117,986.8637,986.74805,0.366,-0.054,1.071,0.058658,-0.044297,0.001003,-0.997294,img_13.jpg
13865,1280,720,631.94293,353.39117,986.8637,986.74805,0.383,-0.054,1.077,0.057971,-0.049653,-0.004281,-0.997074,img_14.jpg
13948,1280,720,631.94293,353.39117,986.8637,986.74805,0.402,-0.054,1.084,0.059713,-0.059822,-0.005487,-0.996406,img_15.jpg
14026,1280,720,631.94293,353.39117,986.8637,986.74805,0.422,-0.053,1.089,0.056373,-0.079107,-0.002202,-0.995268,img_16.jpg,marker_1.jpg,0.25777924,0.25777924,0.282,-0.116,0.342,-0.716128,-0.015598,0.013197,0.013197
14100,1280,720,631.94293,353.39117,986.8637,986.74805,0.450,-0.055,1.094,0.074159,-0.104607,0.000462,-0.991745,img_17.jpg
14176,1280,720,631.94293,353.39117,986.8637,986.74805,0.467,-0.056,1.101,0.067207,-0.111939,-0.003771,-0.991433,img_18.jpg
14259,1280,720,631.94293,353.39117,986.8637,986.74805,0.493,-0.053,1.110,0.068083,-0.127982,-0.003219,-0.989432,img_19.jpg
14349,1280,720,631.94293,353.39117,986.8637,986.74805,0.516,-0.050,1.118,0.059018,-0.123855,-0.005764,-0.990527,img_20.jpg
14456,1280,720,631.94293,353.39117,986.8637,986.74805,0.538,-0.048,1.123,0.054074,-0.120394,-0.001066,-0.991252,img_21.jpg
14534,1280,720,631.94293,353.39117,986.8637,986.74805,0.551,-0.047,1.124,0.050836,-0.114120,0.000521,-0.992165,img_22.jpg
14615,1280,720,631.94293,353.39117,986.8637,986.74805,0.566,-0.046,1.122,0.048724,-0.108522,0.004155,-0.992891,img_23.jpg
14689,1280,720,631.94293,353.39117,986.8637,986.74805,0.588,-0.047,1.113,0.048282,-0.095490,0.009434,-0.994214,img_24.jpg
14782,1280,720,631.94293,353.39117,986.8637,986.74805,0.609,-0.048,1.099,0.049718,-0.082443,0.009869,-0.995306,img_25.jpg
14882,1280,720,631.94293,353.39117,986.8637,986.74805,0.630,-0.046,1.083,0.047275,-0.071272,0.009877,-0.996287,img_26.jpg
14966,1280,720,631.94293,353.39117,986.8637,986.74805,0.641,-0.043,1.072,0.047689,-0.058392,0.006129,-0.997135,img_27.jpg,marker_1.jpg,0.25969586,0.25969586,0.280,-0.117,0.337,-0.726047,0.004037,-0.006850,-0.006850
15042,1280,720,631.94293,353.39117,986.8637,986.74805,0.653,-0.040,1.061,0.045140,-0.049476,0.005268,-0.997741,img_28.jpg
15114,1280,720,631.94293,353.39117,986.8637,986.74805,0.670,-0.035,1.045,0.046704,-0.035121,0.008406,-0.998256,img_29.jpg
15200,1280,720,631.94293,353.39117,986.8637,986.74805,0.679,-0.033,1.036,0.047118,-0.026421,0.008650,-0.998502,img_30.jpg
15273,1280,720,631.94293,353.39117,986.8637,986.74805,0.687,-0.030,1.027,0.046679,-0.014859,0.006807,-0.998776,img_31.jpg
15366,1280,720,631.94293,353.39117,986.8637,986.74805,0.702,-0.029,1.014,0.051519,-0.001829,0.010636,-0.998614,img_32.jpg
15440,1280,720,631.94293,353.39117,986.8637,986.74805,0.713,-0.030,1.006,0.052694,0.008760,0.012882,-0.998489,img_33.jpg
15517,1280,720,631.94293,353.39117,986.8637,986.74805,0.725,-0.032,1.002,0.051785,0.014278,0.019545,-0.998365,img_34.jpg
15590,1280,720,631.94293,353.39117,986.8637,986.74805,0.749,-0.033,0.998,0.050432,0.027690,0.025391,-0.998021,img_35.jpg
15682,1280,720,631.94293,353.39117,986.8637,986.74805,0.777,-0.034,0.997,0.051652,0.031386,0.033546,-0.997608,img_36.jpg
15765,1280,720,631.94293,353.39117,986.8637,986.74805,0.798,-0.035,0.994,0.054400,0.032991,0.036129,-0.997320,img_37.jpg
15850,1280,720,631.94293,353.39117,986.8637,986.74805,0.837,-0.039,0.996,0.053892,0.036926,0.042574,-0.996955,img_38.jpg
15932,1280,720,631.94293,353.39117,986.8637,986.74805,0.868,-0.040,0.996,0.052232,0.040411,0.048555,-0.996635,img_39.jpg
15996,1280,720,631.94293,353.39117,986.8637,986.74805,0.901,-0.041,1.002,0.049694,0.047347,0.048421,-0.996466,img_40.jpg
16083,1280,720,631.94293,353.39117,986.8637,986.74805,0.956,-0.042,1.011,0.044462,0.063855,0.045868,-0.995913,img_41.jpg
16165,1280,720,631.94293,353.39117,986.8637,986.74805,0.998,-0.043,1.016,0.047129,0.075302,0.045874,-0.994989,img_42.jpg
16236,1280,720,631.94293,353.39117,986.8637,986.74805,1.040,-0.044,1.021,0.053011,0.093236,0.046311,-0.993153,img_43.jpg
16307,1280,720,631.94293,353.39117,986.8637,986.74805,1.081,-0.047,1.027,0.059869,0.111799,0.047473,-0.990789,img_44.jpg
16386,1280,720,631.94293,353.39117,986.8637,986.74805,1.138,-0.050,1.038,0.067391,0.137273,0.048322,-0.987056,img_45.jpg
16465,1280,720,631.94293,353.39117,986.8637,986.74805,1.172,-0.052,1.045,0.074026,0.154387,0.047169,-0.984104,img_46.jpg
16542,1280,720,631.94293,353.39117,986.8637,986.74805,1.204,-0.055,1.052,0.074423,0.171982,0.048726,-0.981075,img_47.jpg
16612,1280,720,631.94293,353.39117,986.8637,986.74805,1.235,-0.057,1.057,0.080412,0.190551,0.053879,-0.976894,img_48.jpg
16685,1280,720,631.94293,353.39117,986.8637,986.74805,1.263,-0.058,1.061,0.080907,0.204947,0.059569,-0.973603,img_49.jpg
16764,1280,720,631.94293,353.39117,986.8637,986.74805,1.305,-0.061,1.062,0.082309,0.230185,0.062936,-0.967615,img_50.jpg
16838,1280,720,631.94293,353.39117,986.8637,986.74805,1.333,-0.064,1.062,0.081639,0.247949,0.066009,-0.963068,img_51.jpg
16916,1280,720,631.94293,353.39117,986.8637,986.74805,1.375,-0.067,1.057,0.085781,0.269330,0.072568,-0.956471,img_52.jpg
17000,1280,720,631.94293,353.39117,986.8637,986.74805,1.403,-0.068,1.050,0.088624,0.283522,0.071358,-0.952192,img_53.jpg
17072,1280,720,631.94293,353.39117,986.8637,986.74805,1.429,-0.071,1.043,0.089557,0.298141,0.067035,-0.947944,img_54.jpg
17153,1280,720,631.94293,353.39117,986.8637,986.74805,1.477,-0.069,1.026,0.096393,0.303154,0.073760,-0.945180,img_55.jpg
17231,1280,720,631.94293,353.39117,986.8637,986.74805,1.508,-0.068,1.014,0.095907,0.317962,0.065141,-0.940988,img_56.jpg
17305,1280,720,631.94293,353.39117,986.8637,986.74805,1.538,-0.063,1.001,0.095412,0.328341,0.067076,-0.937331,img_57.jpg
17381,1280,720,631.94293,353.39117,986.8637,986.74805,1.538,-0.063,1.001,0.095412,0.328341,0.067076,-0.937331,img_58.jpg
17456,1280,720,631.94293,353.39117,986.8637,986.74805,1.538,-0.063,1.001,0.095412,0.328341,0.067076,-0.937331,img_59.jpg
17548,1280,720,631.94293,353.39117,986.8637,986.74805,1.538,-0.063,1.001,0.095412,0.328341,0.067076,-0.937331,img_60.jpg
17632,1280,720,631.94293,353.39117,986.8637,986.74805,1.538,-0.063,1.001,0.095412,0.328341,0.067076,-0.937331,img_61.jpg
17701,1280,720,631.94293,353.39117,986.8637,986.74805,1.538,-0.063,1.001,0.095412,0.328341,0.067076,-0.937331,img_62.jpg
17774,1280,720,631.94293,353.39117,986.8637,986.74805,1.538,-0.063,1.001,0.095412,0.328341,0.067076,-0.937331,img_63.jpg
17864,1280,720,631.94293,353.39117,986.8637,986.74805,1.538,-0.063,1.001,0.095412,0.328341,0.067076,-0.937331,img_64.jpg
17935,1280,720,631.94293,353.39117,986.8637,986.74805,1.538,-0.063,1.001,0.095412,0.328341,0.067076,-0.937331,img_65.jpg
18002,1280,720,631.94293,353.39117,986.8637,986.74805,1.538,-0.063,1.001,0.095412,0.328341,0.067076,-0.937331,img_66.jpg
18071,1280,720,631.94293,353.39117,986.8637,986.74805,1.538,-0.063,1.001,0.095412,0.328341,0.067076,-0.937331,img_67.jpg
18142,1280,720,631.94293,353.39117,986.8637,986.74805,1.538,-0.063,1.001,0.095412,0.328341,0.067076,-0.937331,img_68.jpg
18232,1280,720,631.94293,353.39117,986.8637,986.74805,1.538,-0.063,1.001,0.095412,0.328341,0.067076,-0.937331,img_69.jpg
18301,1280,720,631.94293,353.39117,986.8637,986.74805,1.538,-0.063,1.001,0.095412,0.328341,0.067076,-0.937331,img_70.jpg
18375,1280,720,631.94293,353.39117,986.8637,986.74805,1.538,-0.063,1.001,0.095412,0.328341,0.067076,-0.937331,img_71.jpg
18450,1280,720,631.94293,353.39117,986.8637,986.74805,1.538,-0.063,1.001,0.095412,0.328341,0.067076,-0.937331,img_72.jpg
18531,1280,720,631.94293,353.39117,986.8637,986.74805,1.538,-0.063,1.001,0.095412,0.328341,0.067076,-0.937331,img_73.jpg
18616,1280,720,631.94293,353.39117,986.8637,986.74805,1.538,-0.063,1.001,0.095412,0.328341,0.067076,-0.937331,img_74.jpg
18699,1280,720,631.94293,353.39117,986.8637,986.74805,1.538,-0.063,1.001,0.095412,0.328341,0.067076,-0.937331,img_75.jpg
18766,1280,720,631.94293,353.39117,986.8637,986.74805,1.538,-0.063,1.001,0.095412,0.328341,0.067076,-0.937331,img_76.jpg
18836,1280,720,631.94293,353.39117,986.8637,986.74805,1.538,-0.063,1.001,0.095412,0.328341,0.067076,-0.937331,img_77.jpg
18903,1280,720,631.94293,353.39117,986.8637,986.74805,1.538,-0.063,1.001,0.095412,0.328341,0.067076,-0.937331,img_78.jpg
18971,1280,720,631.94293,353.39117,986.8637,986.74805,1.538,-0.063,1.001,0.095412,0.328341,0.067076,-0.937331,img_79.jpg
19049,1280,720,631.94293,353.39117,986.8637,986.74805,1.538,-0.063,1.001,0.095412,0.328341,0.067076,-0.937331,img_80.jpg
19132,1280,720,631.94293,353.39117,986.8637,986.74805,1.538,-0.063,1.001,0.095412,0.328341,0.067076,-0.937331,img_81.jpg
19195,1280,720,631.94293,353.39117,986.8637,986.74805,1.538,-0.063,1.001,0.095412,0.328341,0.067076,-0.937331,img_82.jpg
19282,1280,720,631.94293,353.39117,986.8637,986.74805,0.917,0.022,0.886,0.060453,0.194536,0.014192,-0.978928,img_83.jpg
19365,1280,720,631.94293,353.39117,986.8637,986.74805,0.922,0.020,0.864,0.063117,0.202405,0.017343,-0.977112,img_84.jpg
19433,1280,720,631.94293,353.39117,986.8637,986.74805,0.920,0.021,0.867,0.064039,0.209594,0.021879,-0.975444,img_85.jpg,marker_3.jpg,0.28139967,0.28139967,1.346,-0.087,-0.012,-0.690360,0.211239,-0.200932,-0.200932
19500,1280,720,631.94293,353.39117,986.8637,986.74805,0.923,0.023,0.845,0.061253,0.217313,0.024225,-0.973877,img_86.jpg
19569,1280,720,631.94293,353.39117,986.8637,986.74805,0.931,0.023,0.802,0.066049,0.222785,0.028443,-0.972212,img_87.jpg
19640,1280,720,631.94293,353.39117,986.8637,986.74805,0.935,0.025,0.772,0.065009,0.232089,0.028911,-0.970089,img_88.jpg
19709,1280,720,631.94293,353.39117,986.8637,986.74805,0.938,0.025,0.753,0.066712,0.238649,0.030776,-0.968323,img_89.jpg
19776,1280,720,631.94293,353.39117,986.8637,986.74805,0.943,0.023,0.723,0.074926,0.247814,0.033799,-0.965315,img_90.jpg
19866,1280,720,631.94293,353.39117,986.8637,986.74805,0.942,0.020,0.710,0.076000,0.257233,0.029740,-0.962897,img_91.jpg
19934,1280,720,631.94293,353.39117,986.8637,986.74805,0.942,0.017,0.696,0.082130,0.259813,0.032518,-0.961610,img_92.jpg
20003,1280,720,631.94293,353.39117,986.8637,986.74805,0.944,0.017,0.681,0.081337,0.263507,0.034546,-0.960601,img_93.jpg,marker_3.jpg,0.28139967,0.28139967,1.338,-0.104,0.014,-0.685970,0.229487,-0.214504,-0.214504
20074,1280,720,631.94293,353.39117,986.8637,986.74805,0.946,0.017,0.671,0.079853,0.266615,0.035968,-0.959816,img_94.jpg
20146,1280,720,631.94293,353.39117,986.8637,986.74805,0.950,0.015,0.657,0.076075,0.273120,0.039621,-0.958149,img_95.jpg
20233,1280,720,631.94293,353.39117,986.8637,986.74805,0.954,0.014,0.655,0.076637,0.277123,0.041545,-0.956872,img_96.jpg
20301,1280,720,631.94293,353.39117,986.8637,986.74805,0.959,0.014,0.652,0.076916,0.283118,0.037122,-0.955275,img_97.jpg
20383,1280,720,631.94293,353.39117,986.8637,986.74805,0.969,0.016,0.647,0.075877,0.286453,0.036615,-0.954383,img_98.jpg
20466,1280,720,631.94293,353.39117,986.8637,986.74805,0.975,0.018,0.648,0.074476,0.285235,0.034769,-0.954927,img_99.jpg
20539,1280,720,631.94293,353.39117,986.8637,986.74805,0.981,0.019,0.648,0.070978,0.284670,0.031605,-0.955472,img_100.jpg
20612,1280,720,631.94293,353.39117,986.8637,986.74805,0.991,0.021,0.649,0.067780,0.280546,0.031710,-0.956919,img_101.jpg,marker_3.jpg,0.2916372,0.2916372,1.348,-0.107,-0.003,-0.634873,0.253714,-0.223034,-0.223034
20681,1280,720,631.94293,353.39117,986.8637,986.74805,1.009,0.021,0.655,0.062688,0.274473,0.034608,-0.958925,img_102.jpg
20767,1280,720,631.94293,353.39117,986.8637,986.74805,1.022,0.021,0.660,0.061081,0.270273,0.036259,-0.960160,img_103.jpg
20845,1280,720,631.94293,353.39117,986.8637,986.74805,1.044,0.024,0.671,0.056351,0.261316,0.040288,-0.962765,img_104.jpg
20933,1280,720,631.94293,353.39117,986.8637,986.74805,1.060,0.027,0.680,0.054873,0.254502,0.046741,-0.964382,img_105.jpg
21003,1280,720,631.94293,353.39117,986.8637,986.74805,1.075,0.030,0.691,0.053787,0.244762,0.050237,-0.966786,img_106.jpg
21079,1280,720,631.94293,353.39117,986.8637,986.74805,1.090,0.033,0.704,0.050523,0.239231,0.048866,-0.968415,img_107.jpg
21166,1280,720,631.94293,353.39117,986.8637,986.74805,1.116,0.036,0.723,0.049832,0.234057,0.050010,-0.969656,img_108.jpg
21240,1280,720,631.94293,353.39117,986.8637,986.74805,1.145,0.035,0.744,0.055099,0.231139,0.054709,-0.969817,img_109.jpg,marker_3.jpg,0.285585,0.285585,1.342,-0.104,0.011,-0.678300,0.238776,-0.224351,-0.224351
21317,1280,720,631.94293,353.39117,986.8637,986.74805,1.166,0.033,0.759,0.056595,0.233784,0.056060,-0.969020,img_110.jpg
21402,1280,720,631.94293,353.39117,986.8637,986.74805,1.186,0.032,0.776,0.059824,0.236371,0.058516,-0.968053,img_111.jpg
21473,1280,720,631.94293,353.39117,986.8637,986.74805,1.207,0.030,0.793,0.061515,0.242523,0.059032,-0.966392,img_112.jpg
21551,1280,720,631.94293,353.39117,986.8637,986.74805,1.229,0.027,0.811,0.065435,0.248360,0.059674,-0.964611,img_113.jpg
21624,1280,720,631.94293,353.39117,986.8637,986.74805,1.258,0.022,0.836,0.077819,0.253377,0.061317,-0.962281,img_114.jpg
21705,1280,720,631.94293,353.39117,986.8637,986.74805,1.273,0.018,0.855,0.074689,0.262518,0.055040,-0.960456,img_115.jpg
21777,1280,720,631.94293,353.39117,986.8637,986.74805,1.293,0.017,0.881,0.075732,0.271679,0.058259,-0.957633,img_116.jpg
21867,1280,720,631.94293,353.39117,986.8637,986.74805,1.307,0.018,0.895,0.076734,0.275046,0.060357,-0.956462,img_117.jpg
21940,1280,720,631.94293,353.39117,986.8637,986.74805,1.320,0.017,0.906,0.078270,0.280022,0.060324,-0.954894,img_118.jpg
22015,1280,720,631.94293,353.39117,986.8637,986.74805,1.340,0.016,0.925,0.072305,0.279201,0.068123,-0.955080,img_119.jpg
22101,1280,720,631.94293,353.39117,986.8637,986.74805,1.353,0.015,0.932,0.072435,0.284637,0.065019,-0.953681,img_120.jpg
22173,1280,720,631.94293,353.39117,986.8637,986.74805,1.378,0.010,0.941,0.079183,0.288215,0.063964,-0.952140,img_121.jpg
22267,1280,720,631.94293,353.39117,986.8637,986.74805,1.401,0.007,0.947,0.080931,0.292816,0.065457,-0.950486,img_122.jpg
22339,1280,720,631.94293,353.39117,986.8637,986.74805,1.424,0.004,0.954,0.083951,0.296044,0.065147,-0.949245,img_123.jpg
22415,1280,720,631.94293,353.39117,986.8637,986.74805,1.463,0.000,0.963,0.088723,0.295567,0.063084,-0.949099,img_124.jpg
22501,1280,720,631.94293,353.39117,986.8637,986.74805,1.490,0.000,0.969,0.089185,0.293090,0.058138,-0.950139,img_125.jpg
22573,1280,720,631.94293,353.39117,986.8637,986.74805,1.533,0.004,0.977,0.095206,0.282359,0.058250,-0.952794,img_126.jpg
22667,1280,720,631.94293,353.39117,986.8637,986.74805,1.562,0.007,0.986,0.097013,0.269149,0.060230,-0.956305,img_127.jpg
22740,1280,720,631.94293,353.39117,986.8637,986.74805,1.603,0.005,0.997,0.107128,0.261990,0.062694,-0.957055,img_128.jpg
22817,1280,720,631.94293,353.39117,986.8637,986.74805,1.626,0.002,1.006,0.108260,0.268995,0.060199,-0.955143,img_129.jpg
22901,1280,720,631.94293,353.39117,986.8637,986.74805,1.653,-0.001,1.016,0.115083,0.277083,0.066442,-0.951613,img_130.jpg
22972,1280,720,631.94293,353.39117,986.8637,986.74805,1.693,-0.003,1.033,0.118826,0.292880,0.067120,-0.946360,img_131.jpg
23050,1280,720,631.94293,353.39117,986.8637,986.74805,1.720,-0.004,1.050,0.112824,0.305372,0.071160,-0.942844,img_132.jpg
23133,1280,720,631.94293,353.39117,986.8637,986.74805,1.748,-0.007,1.068,0.111852,0.317671,0.081700,-0.938029,img_133.jpg
23202,1280,720,631.94293,353.39117,986.8637,986.74805,1.775,-0.012,1.088,0.110049,0.330693,0.085551,-0.933388,img_134.jpg
23274,1280,720,631.94293,353.39117,986.8637,986.74805,1.817,-0.016,1.126,0.105045,0.346669,0.089611,-0.927769,img_135.jpg
23366,1280,720,631.94293,353.39117,986.8637,986.74805,1.844,-0.017,1.156,0.098448,0.356754,0.089115,-0.924712,img_136.jpg
23442,1280,720,631.94293,353.39117,986.8637,986.74805,1.884,-0.018,1.207,0.096183,0.365951,0.088839,-0.921377,img_137.jpg
23533,1280,720,631.94293,353.39117,986.8637,986.74805,1.909,-0.015,1.241,0.101056,0.361491,0.083578,-0.923107,img_138.jpg
23603,1280,720,631.94293,353.39117,986.8637,986.74805,1.934,-0.010,1.277,0.108490,0.362591,0.077598,-0.922354,img_139.jpg
23673,1280,720,631.94293,353.39117,986.8637,986.74805,1.968,-0.005,1.334,0.111694,0.374912,0.073212,-0.917391,img_140.jpg
23766,1280,720,631.94293,353.39117,986.8637,986.74805,1.987,-0.005,1.370,0.112198,0.396148,0.063747,-0.909073,img_141.jpg
23835,1280,720,631.94293,353.39117,986.8637,986.74805,2.006,-0.005,1.403,0.106774,0.410623,0.061780,-0.903422,img_142.jpg
23900,1280,720,631.94293,353.39117,986.8637,986.74805,2.028,-0.006,1.432,0.107553,0.423668,0.075152,-0.896264,img_143.jpg
23967,1280,720,631.94293,353.39117,986.8637,986.74805,2.051,-0.008,1.459,0.106669,0.433349,0.084052,-0.890935,img_144.jpg
24035,1280,720,631.94293,353.39117,986.8637,986.74805,2.074,-0.011,1.483,0.109409,0.446118,0.085579,-0.884129,img_145.jpg
24099,1280,720,631.94293,353.39117,986.8637,986.74805,2.097,-0.014,1.506,0.106930,0.455435,0.087753,-0.879457,img_146.jpg
24168,1280,720,631.94293,353.39117,986.8637,986.74805,2.125,-0.018,1.528,0.105065,0.464070,0.092142,-0.874706,img_147.jpg
24237,1280,720,631.94293,353.39117,986.8637,986.74805,2.125,-0.018,1.528,0.105065,0.464070,0.092142,-0.874706,img_148.jpg
24303,1280,720,631.94293,353.39117,986.8637,986.74805,2.125,-0.018,1.528,0.105065,0.464070,0.092142,-0.874706,img_149.jpg
24370,1280,720,631.94293,353.39117,986.8637,986.74805,2.125,-0.018,1.528,0.105065,0.464070,0.092142,-0.874706,img_150.jpg
24449,1280,720,631.94293,353.39117,986.8637,986.74805,2.125,-0.018,1.528,0.105065,0.464070,0.092142,-0.874706,img_151.jpg
24533,1280,720,631.94293,353.39117,986.8637,986.74805,2.125,-0.018,1.528,0.105065,0.464070,0.092142,-0.874706,img_152.jpg
24600,1280,720,631.94293,353.39117,986.8637,986.74805,2.125,-0.018,1.528,0.105065,0.464070,0.092142,-0.874706,img_153.jpg
24683,1280,720,631.94293,353.39117,986.8637,986.74805,2.125,-0.018,1.528,0.105065,0.464070,0.092142,-0.874706,img_154.jpg
24766,1280,720,631.94293,353.39117,986.8637,986.74805,2.125,-0.018,1.528,0.105065,0.464070,0.092142,-0.874706,img_155.jpg
24839,1280,720,631.94293,353.39117,986.8637,986.74805,2.125,-0.018,1.528,0.105065,0.464070,0.092142,-0.874706,img_156.jpg
24917,1280,720,631.94293,353.39117,986.8637,986.74805,2.125,-0.018,1.528,0.105065,0.464070,0.092142,-0.874706,img_157.jpg
25000,1280,720,631.94293,353.39117,986.8637,986.74805,2.125,-0.018,1.528,0.105065,0.464070,0.092142,-0.874706,img_158.jpg
25070,1280,720,631.94293,353.39117,986.8637,986.74805,2.125,-0.018,1.528,0.105065,0.464070,0.092142,-0.874706,img_159.jpg
25142,1280,720,631.94293,353.39117,986.8637,986.74805,2.125,-0.018,1.528,0.105065,0.464070,0.092142,-0.874706,img_160.jpg
25233,1280,720,631.94293,353.39117,986.8637,986.74805,2.125,-0.018,1.528,0.105065,0.464070,0.092142,-0.874706,img_161.jpg
25301,1280,720,631.94293,353.39117,986.8637,986.74805,2.125,-0.018,1.528,0.105065,0.464070,0.092142,-0.874706,img_162.jpg
25373,1280,720,631.94293,353.39117,986.8637,986.74805,2.125,-0.018,1.528,0.105065,0.464070,0.092142,-0.874706,img_163.jpg
25466,1280,720,631.94293,353.39117,986.8637,986.74805,2.125,-0.018,1.528,0.105065,0.464070,0.092142,-0.874706,img_164.jpg
25540,1280,720,631.94293,353.39117,986.8637,986.74805,2.125,-0.018,1.528,0.105065,0.464070,0.092142,-0.874706,img_165.jpg
25617,1280,720,631.94293,353.39117,986.8637,986.74805,2.125,-0.018,1.528,0.105065,0.464070,0.092142,-0.874706,img_166.jpg
25701,1280,720,631.94293,353.39117,986.8637,986.74805,2.125,-0.018,1.528,0.105065,0.464070,0.092142,-0.874706,img_167.jpg
25769,1280,720,631.94293,353.39117,986.8637,986.74805,2.125,-0.018,1.528,0.105065,0.464070,0.092142,-0.874706,img_168.jpg
25867,1280,720,631.94293,353.39117,986.8637,986.74805,2.125,-0.018,1.528,0.105065,0.464070,0.092142,-0.874706,img_169.jpg
25938,1280,720,631.94293,353.39117,986.8637,986.74805,2.125,-0.018,1.528,0.105065,0.464070,0.092142,-0.874706,img_170.jpg
26017,1280,720,631.94293,353.39117,986.8637,986.74805,2.125,-0.018,1.528,0.105065,0.464070,0.092142,-0.874706,img_171.jpg
26101,1280,720,631.94293,353.39117,986.8637,986.74805,2.125,-0.018,1.528,0.105065,0.464070,0.092142,-0.874706,img_172.jpg
26172,1280,720,631.94293,353.39117,986.8637,986.74805,2.125,-0.018,1.528,0.105065,0.464070,0.092142,-0.874706,img_173.jpg
26250,1280,720,631.94293,353.39117,986.8637,986.74805,2.125,-0.018,1.528,0.105065,0.464070,0.092142,-0.874706,img_174.jpg
26333,1280,720,631.94293,353.39117,986.8637,986.74805,2.125,-0.018,1.528,0.105065,0.464070,0.092142,-0.874706,img_175.jpg
26402,1280,720,631.94293,353.39117,986.8637,986.74805,2.125,-0.018,1.528,0.105065,0.464070,0.092142,-0.874706,img_176.jpg
26475,1280,720,631.94293,353.39117,986.8637,986.74805,2.125,-0.018,1.528,0.105065,0.464070,0.092142,-0.874706,img_177.jpg
26547,1280,720,631.94293,353.39117,986.8637,986.74805,2.125,-0.018,1.528,0.105065,0.464070,0.092142,-0.874706,img_178.jpg
26634,1280,720,631.94293,353.39117,986.8637,986.74805,2.125,-0.018,1.528,0.105065,0.464070,0.092142,-0.874706,img_179.jpg
26705,1280,720,631.94293,353.39117,986.8637,986.74805,2.125,-0.018,1.528,0.105065,0.464070,0.092142,-0.874706,img_180.jpg
26784,1280,720,631.94293,353.39117,986.8637,986.74805,2.125,-0.018,1.528,0.105065,0.464070,0.092142,-0.874706,img_181.jpg
26867,1280,720,631.94293,353.39117,986.8637,986.74805,2.125,-0.018,1.528,0.105065,0.464070,0.092142,-0.874706,img_182.jpg
26942,1280,720,631.94293,353.39117,986.8637,986.74805,2.125,-0.018,1.528,0.105065,0.464070,0.092142,-0.874706,img_183.jpg
27034,1280,720,631.94293,353.39117,986.8637,986.74805,1.845,-0.002,1.049,0.054287,0.268933,0.049545,-0.960351,img_184.jpg
27107,1280,720,631.94293,353.39117,986.8637,986.74805,1.863,-0.002,1.062,0.053660,0.255499,0.043526,-0.964337,img_185.jpg
27184,1280,720,631.94293,353.39117,986.8637,986.74805,1.847,0.001,1.070,0.055650,0.244584,0.047739,-0.966852,img_186.jpg
27267,1280,720,631.94293,353.39117,986.8637,986.74805,1.863,0.002,1.080,0.052575,0.234039,0.044583,-0.969780,img_187.jpg
27338,1280,720,631.94293,353.39117,986.8637,986.74805,1.878,0.006,1.097,0.049504,0.218779,0.040730,-0.973666,img_188.jpg
27417,1280,720,631.94293,353.39117,986.8637,986.74805,1.887,0.006,1.109,0.047812,0.208512,0.038798,-0.976080,img_189.jpg
27501,1280,720,631.94293,353.39117,986.8637,986.74805,1.897,0.007,1.121,0.048145,0.199416,0.038845,-0.977960,img_190.jpg
27570,1280,720,631.94293,353.39117,986.8637,986.74805,1.910,0.007,1.142,0.051073,0.184838,0.038849,-0.980672,img_191.jpg
27651,1280,720,631.94293,353.39117,986.8637,986.74805,1.918,0.007,1.158,0.053204,0.176517,0.037240,-0.982153,img_192.jpg,marker_4.jpg,0.2596486,0.2596486,2.192,-0.100,0.484,-0.717264,0.124626,-0.138680,-0.138680
27724,1280,720,631.94293,353.39117,986.8637,986.74805,1.923,0.007,1.173,0.052530,0.170143,0.032382,-0.983485,img_193.jpg
27802,1280,720,631.94293,353.39117,986.8637,986.74805,1.934,0.007,1.198,0.050801,0.158524,0.034186,-0.985455,img_194.jpg
27885,1280,720,631.94293,353.39117,986.8637,986.74805,1.939,0.007,1.211,0.053380,0.151090,0.035160,-0.986451,img_195.jpg
27960,1280,720,631.94293,353.39117,986.8637,986.74805,1.941,0.006,1.224,0.049837,0.145494,0.031349,-0.987606,img_196.jpg
28051,1280,720,631.94293,353.39117,986.8637,986.74805,1.949,0.006,1.239,0.050502,0.139716,0.034858,-0.988288,img_197.jpg
28123,1280,720,631.94293,353.39117,986.8637,986.74805,1.953,0.007,1.249,0.045708,0.139466,0.033324,-0.988610,img_198.jpg
28197,1280,720,631.94293,353.39117,986.8637,986.74805,1.959,0.007,1.260,0.041690,0.143226,0.032632,-0.988273,img_199.jpg
28286,1280,720,631.94293,353.39117,986.8637,986.74805,1.970,0.009,1.270,0.038185,0.150170,0.039380,-0.987137,img_200.jpg
28368,1280,720,631.94293,353.39117,986.8637,986.74805,1.981,0.007,1.277,0.039370,0.162874,0.040445,-0.985031,img_201.jpg,marker_4.jpg,0.2661662,0.2661662,2.205,-0.103,0.478,-0.716877,0.127005,-0.136194,-0.136194
28451,1280,720,631.94293,353.39117,986.8637,986.74805,1.990,0.006,1.283,0.040995,0.172589,0.038407,-0.983391,img_202.jpg
28525,1280,720,631.94293,353.39117,986.8637,986.74805,2.000,0.004,1.287,0.044011,0.183236,0.039838,-0.981275,img_203.jpg
28598,1280,720,631.94293,353.39117,986.8637,986.74805,2.013,0.004,1.292,0.045252,0.191406,0.041954,-0.979569,img_204.jpg
28686,1280,720,631.94293,353.39117,986.8637,986.74805,2.030,0.003,1.296,0.047535,0.200292,0.040861,-0.977729,img_205.jpg
28759,1280,720,631.94293,353.39117,986.8637,986.74805,2.041,0.002,1.298,0.046814,0.203565,0.038469,-0.977185,img_206.jpg
28835,1280,720,631.94293,353.39117,986.8637,986.74805,2.060,0.001,1.299,0.046883,0.209140,0.032405,-0.976223,img_207.jpg,marker_4.jpg,0.26576814,0.26576814,2.200,-0.099,0.475,-0.704398,0.136925,-0.143850,-0.143850
28917,1280,720,631.94293,353.39117,986.8637,986.74805,2.074,0.000,1.300,0.047281,0.212047,0.027640,-0.975724,img_208.jpg
28986,1280,720,631.94293,353.39117,986.8637,986.74805,2.092,0.000,1.301,0.048779,0.217058,0.026056,-0.974591,img_209.jpg
29070,1280,720,631.94293,353.39117,986.8637,986.74805,2.109,-0.001,1.304,0.046629,0.222106,0.022489,-0.973647,img_210.jpg
29143,1280,720,631.94293,353.39117,986.8637,986.74805,2.137,-0.002,1.308,0.047529,0.227358,0.026644,-0.972286,img_211.jpg
29235,1280,720,631.94293,353.39117,986.8637,986.74805,2.162,-0.002,1.312,0.051198,0.230210,0.029622,-0.971342,img_212.jpg
29305,1280,720,631.94293,353.39117,986.8637,986.74805,2.188,-0.003,1.319,0.050861,0.237746,0.033581,-0.969413,img_213.jpg
29386,1280,720,631.94293,353.39117,986.8637,986.74805,2.203,-0.002,1.325,0.046491,0.237131,0.037551,-0.969638,img_214.jpg
29468,1280,720,631.94293,353.39117,986.8637,986.74805,2.216,-0.001,1.329,0.042790,0.239169,0.039063,-0.969248,img_215.jpg
29543,1280,720,631.94293,353.39117,986.8637,986.74805,2.236,0.000,1.331,0.044067,0.252215,0.036915,-0.965962,img_216.jpg
29635,1280,720,631.94293,353.39117,986.8637,986.74805,2.256,-0.001,1.339,0.043653,0.266615,0.038235,-0.962055,img_217.jpg
29719,1280,720,631.94293,353.39117,986.8637,986.74805,2.271,-0.002,1.348,0.044253,0.276783,0.043744,-0.958916,img_218.jpg
29803,1280,720,631.94293,353.39117,986.8637,986.74805,2.286,-0.004,1.359,0.042178,0.285783,0.046675,-0.956227,img_219.jpg
29873,1280,720,631.94293,353.39117,986.8637,986.74805,2.311,-0.007,1.380,0.041355,0.296850,0.056369,-0.952361,img_220.jpg
29968,1280,720,631.94293,353.39117,986.8637,986.74805,2.335,-0.011,1.406,0.044798,0.309324,0.061349,-0.947918,img_221.jpg
30051,1280,720,631.94293,353.39117,986.8637,986.74805,2.351,-0.012,1.427,0.046056,0.318812,0.063908,-0.944539,img_222.jpg
30125,1280,720,631.94293,353.39117,986.8637,986.74805,2.367,-0.014,1.447,0.047528,0.328196,0.067654,-0.940984,img_223.jpg
30194,1280,720,631.94293,353.39117,986.8637,986.74805,2.382,-0.018,1.468,0.052165,0.341630,0.069424,-0.935814,img_224.jpg
30268,1280,720,631.94293,353.39117,986.8637,986.74805,2.395,-0.020,1.488,0.057814,0.358560,0.067772,-0.929247,img_225.jpg
30343,1280,720,631.94293,353.39117,986.8637,986.74805,2.413,-0.022,1.522,0.062448,0.387716,0.064184,-0.917419,img_226.jpg
30418,1280,720,631.94293,353.39117,986.8637,986.74805,2.428,-0.023,1.547,0.065721,0.412427,0.067897,-0.906077,img_227.jpg
30492,1280,720,631.94293,353.39117,986.8637,986.74805,2.439,-0.024,1.572,0.062900,0.443994,0.063876,-0.891534,img_228.jpg
30568,1280,720,631.94293,353.39117,986.8637,986.74805,2.455,-0.028,1.605,0.068417,0.472056,0.065568,-0.876460,img_229.jpg
30651,1280,720,631.94293,353.39117,986.8637,986.74805,2.463,-0.031,1.625,0.071165,0.483034,0.064730,-0.870301,img_230.jpg
30725,1280,720,631.94293,353.39117,986.8637,986.74805,2.474,-0.033,1.643,0.074771,0.495848,0.065436,-0.862706,img_231.jpg
30796,1280,720,631.94293,353.39117,986.8637,986.74805,2.487,-0.036,1.661,0.078918,0.504256,0.074968,-0.856666,img_232.jpg
30886,1280,720,631.94293,353.39117,986.8637,986.74805,2.506,-0.041,1.685,0.081709,0.519162,0.078438,-0.847137,img_233.jpg
30968,1280,720,631.94293,353.39117,986.8637,986.74805,2.532,-0.049,1.709,0.085916,0.532647,0.093978,-0.836704,img_234.jpg
31051,1280,720,631.94293,353.39117,986.8637,986.74805,2.551,-0.056,1.725,0.092114,0.542076,0.110258,-0.827956,img_235.jpg
31135,1280,720,631.94293,353.39117,986.8637,986.74805,2.588,-0.071,1.746,0.107029,0.563924,0.124518,-0.809339,img_236.jpg
31219,1280,720,631.94293,353.39117,986.8637,986.74805,2.616,-0.082,1.761,0.117780,0.579099,0.135020,-0.795325,img_237.jpg
31302,1280,720,631.94293,353.39117,986.8637,986.74805,2.662,-0.096,1.787,0.127838,0.604211,0.142674,-0.773454,img_238.jpg
31386,1280,720,631.94293,353.39117,986.8637,986.74805,2.694,-0.106,1.805,0.137567,0.619742,0.146970,-0.758548,img_239.jpg
31468,1280,720,631.94293,353.39117,986.8637,986.74805,2.722,-0.116,1.826,0.147441,0.635495,0.154326,-0.742019,img_240.jpg
31544,1280,720,631.94293,353.39117,986.8637,986.74805,2.772,-0.124,1.855,0.148638,0.655499,0.157627,-0.723451,img_241.jpg
31618,1280,720,631.94293,353.39117,986.8637,986.74805,2.800,-0.132,1.873,0.153223,0.668211,0.167829,-0.708414,img_242.jpg
31685,1280,720,631.94293,353.39117,986.8637,986.74805,2.825,-0.145,1.894,0.156289,0.681120,0.178911,-0.692560,img_243.jpg
31768,1280,720,631.94293,353.39117,986.8637,986.74805,2.861,-0.158,1.927,0.156703,0.698471,0.197446,-0.669774,img_244.jpg
31852,1280,720,631.94293,353.39117,986.8637,986.74805,2.881,-0.172,1.950,0.155383,0.708972,0.209671,-0.655174,img_245.jpg
31919,1280,720,631.94293,353.39117,986.8637,986.74805,2.896,-0.180,1.972,0.153935,0.718999,0.217500,-0.641903,img_246.jpg
31986,1280,720,631.94293,353.39117,986.8637,986.74805,2.922,-0.183,2.003,0.153505,0.725944,0.228611,-0.630221,img_247.jpg
32058,1280,720,631.94293,353.39117,986.8637,986.74805,2.938,-0.189,2.028,0.151103,0.732813,0.236759,-0.619756,img_248.jpg
32135,1280,720,631.94293,353.39117,986.8637,986.74805,2.952,-0.193,2.063,0.150348,0.740366,0.247332,-0.606697,img_249.jpg
32218,1280,720,631.94293,353.39117,986.8637,986.74805,2.963,-0.201,2.092,0.148119,0.742909,0.257678,-0.599791,img_250.jpg
32285,1280,720,631.94293,353.39117,986.8637,986.74805,2.968,-0.203,2.116,0.144619,0.746726,0.261499,-0.594226,img_251.jpg
32354,1280,720,631.94293,353.39117,986.8637,986.74805,2.978,-0.203,2.148,0.143243,0.749010,0.265553,-0.589870,img_252.jpg
32435,1280,720,631.94293,353.39117,986.8637,986.74805,2.994,-0.205,2.188,0.143164,0.750975,0.264665,-0.587786,img_253.jpg
32509,1280,720,631.94293,353.39117,986.8637,986.74805,3.000,-0.211,2.240,0.144416,0.756167,0.270501,-0.578088,img_254.jpg
32586,1280,720,631.94293,353.39117,986.8637,986.74805,3.011,-0.209,2.279,0.143979,0.758363,0.275306,-0.573029,img_255.jpg
32661,1280,720,631.94293,353.39117,986.8637,986.74805,3.017,-0.207,2.315,0.141738,0.762158,0.274924,-0.568720,img_256.jpg
32740,1280,720,631.94293,353.39117,986.8637,986.74805,3.018,-0.209,2.364,0.138881,0.769000,0.274670,-0.560274,img_257.jpg
32818,1280,720,631.94293,353.39117,986.8637,986.74805,3.018,-0.209,2.393,0.137762,0.773607,0.274974,-0.554025,img_258.jpg
32903,1280,720,631.94293,353.39117,986.8637,986.74805,3.022,-0.214,2.426,0.136109,0.776531,0.274837,-0.550398,img_259.jpg
32976,1280,720,631.94293,353.39117,986.8637,986.74805,3.022,-0.217,2.463,0.134995,0.781813,0.272939,-0.544104,img_260.jpg
33069,1280,720,631.94293,353.39117,986.8637,986.74805,3.029,-0.221,2.499,0.133000,0.787251,0.276541,-0.534857,img_261.jpg
33152,1280,720,631.94293,353.39117,986.8637,986.74805,3.035,-0.223,2.522,0.127525,0.790721,0.277869,-0.530364,img_262.jpg
33226,1280,720,631.94293,353.39117,986.8637,986.74805,3.041,-0.224,2.545,0.123906,0.794627,0.277395,-0.525611,img_263.jpg
33304,1280,720,631.94293,353.39117,986.8637,986.74805,3.059,-0.226,2.583,0.119007,0.796589,0.275352,-0.524847,img_264.jpg
33387,1280,720,631.94293,353.39117,986.8637,986.74805,3.068,-0.221,2.602,0.115120,0.799822,0.263864,-0.526695,img_265.jpg
33461,1280,720,631.94293,353.39117,986.8637,986.74805,3.077,-0.210,2.617,0.106970,0.807472,0.246895,-0.524966,img_266.jpg
33542,1280,720,631.94293,353.39117,986.8637,986.74805,3.088,-0.183,2.642,0.091559,0.821341,0.217173,-0.519472,img_267.jpg
33635,1280,720,631.94293,353.39117,986.8637,986.74805,3.105,-0.149,2.676,0.079479,0.835555,0.184318,-0.511427,img_268.jpg
33719,1280,720,631.94293,353.39117,986.8637,986.74805,3.113,-0.121,2.697,0.068833,0.843775,0.159586,-0.507778,img_269.jpg
33803,1280,720,631.94293,353.39117,986.8637,986.74805,3.124,-0.086,2.724,0.056528,0.857676,0.123473,-0.495934,img_270.jpg
33887,1280,720,631.94293,353.39117,986.8637,986.74805,3.131,-0.066,2.741,0.048857,0.863816,0.107288,-0.489820,img_271.jpg
33959,1280,720,631.94293,353.39117,986.8637,986.74805,3.140,-0.051,2.756,0.042032,0.869090,0.092520,-0.484103,img_272.jpg
34036,1280,720,631.94293,353.39117,986.8637,986.74805,3.145,-0.041,2.767,0.037421,0.871966,0.082862,-0.481049,img_273.jpg
34111,1280,720,631.94293,353.39117,986.8637,986.74805,3.165,-0.033,2.797,0.030130,0.871204,0.079590,-0.483489,img_274.jpg
34202,1280,720,631.94293,353.39117,986.8637,986.74805,3.169,-0.030,2.813,0.026869,0.870969,0.077385,-0.484462,img_275.jpg
34271,1280,720,631.94293,353.39117,986.8637,986.74805,3.166,-0.026,2.831,0.021992,0.869416,0.070557,-0.488522,img_276.jpg
34352,1280,720,631.94293,353.39117,986.8637,986.74805,3.166,-0.025,2.844,0.021108,0.867571,0.063680,-0.492768,img_277.jpg
34421,1280,720,631.94293,353.39117,986.8637,986.74805,3.168,-0.021,2.864,0.018028,0.863763,0.058907,-0.500119,img_278.jpg,marker_6.jpg,0.2728829,0.2728829,3.716,-0.196,3.206,-0.386893,0.589177,-0.594993,-0.594993
34496,1280,720,631.94293,353.39117,986.8637,986.74805,3.163,-0.018,2.880,0.016946,0.860478,0.055177,-0.506207,img_279.jpg
34586,1280,720,631.94293,353.39117,986.8637,986.74805,3.155,-0.013,2.903,0.013354,0.852234,0.044104,-0.521127,img_280.jpg
34671,1280,720,631.94293,353.39117,986.8637,986.74805,3.142,-0.008,2.925,0.014141,0.840541,0.044433,-0.539738,img_281.jpg
34752,1280,720,631.94293,353.39117,986.8637,986.74805,3.136,-0.007,2.940,0.015586,0.835340,0.037287,-0.548247,img_282.jpg
34824,1280,720,631.94293,353.39117,986.8637,986.74805,3.133,-0.006,2.957,0.017573,0.827942,0.036871,-0.559325,img_283.jpg
34905,1280,720,631.94293,353.39117,986.8637,986.74805,3.123,-0.005,2.981,0.017085,0.816656,0.042266,-0.575321,img_284.jpg,marker_6.jpg,0.27456322,0.27456322,3.727,-0.197,3.213,-0.398112,0.588096,-0.579623,-0.579623
34986,1280,720,631.94293,353.39117,986.8637,986.74805,3.117,-0.003,2.994,0.012951,0.809860,0.044055,-0.584823,img_285.jpg
35057,1280,720,631.94293,353.39117,986.8637,986.74805,3.110,-0.001,3.008,0.013310,0.806695,0.050769,-0.588632,img_286.jpg
35132,1280,720,631.94293,353.39117,986.8637,986.74805,3.100,0.001,3.017,0.014748,0.805463,0.046474,-0.590637,img_287.jpg
35203,1280,720,631.94293,353.39117,986.8637,986.74805,3.085,0.002,3.028,0.015900,0.805453,0.045548,-0.590693,img_288.jpg
35287,1280,720,631.94293,353.39117,986.8637,986.74805,3.074,0.003,3.031,0.014666,0.807549,0.041782,-0.588137,img_289.jpg
35365,1280,720,631.94293,353.39117,986.8637,986.74805,3.060,0.002,3.034,0.014214,0.805827,0.041753,-0.590507,img_290.jpg
35452,1280,720,631.94293,353.39117,986.8637,986.74805,3.051,0.002,3.035,0.013511,0.803486,0.041180,-0.593744,img_291.jpg
35528,1280,720,631.94293,353.39117,986.8637,986.74805,3.041,0.001,3.034,0.013263,0.801225,0.038324,-0.596988,img_292.jpg,marker_6.jpg,0.27389055,0.27389055,3.726,-0.196,3.212,-0.396860,0.587354,-0.583369,-0.583369
35600,1280,720,631.94293,353.39117,986.8637,986.74805,3.021,0.003,3.029,0.014094,0.796303,0.038104,-0.603532,img_293.jpg
35688,1280,720,631.94293,353.39117,986.8637,986.74805,3.007,0.003,3.026,0.016788,0.791678,0.037261,-0.609571,img_294.jpg
35762,1280,720,631.94293,353.39117,986.8637,986.74805,2.992,0.003,3.022,0.021244,0.788388,0.035042,-0.613811,img_295.jpg
35852,1280,720,631.94293,353.39117,986.8637,986.74805,2.970,0.000,3.019,0.027397,0.788700,0.031958,-0.613336,img_296.jpg
35926,1280,720,631.94293,353.39117,986.8637,986.74805,2.958,-0.002,3.018,0.034188,0.789604,0.033333,-0.611757,img_297.jpg
35997,1280,720,631.94293,353.39117,986.8637,986.74805,2.941,-0.004,3.017,0.041836,0.788493,0.033093,-0.612726,img_298.jpg
36070,1280,720,631.94293,353.39117,986.8637,986.74805,2.931,-0.004,3.016,0.044967,0.786684,0.036351,-0.614642,img_299.jpg
36153,1280,720,631.94293,353.39117,986.8637,986.74805,2.925,-0.005,3.019,0.047623,0.785964,0.037066,-0.615320,img_300.jpg,marker_6.jpg,0.27278596,0.27278596,3.724,-0.194,3.212,-0.400043,0.587525,-0.582952,-0.582952
36221,1280,720,631.94293,353.39117,986.8637,986.74805,2.916,-0.007,3.022,0.046684,0.785855,0.039735,-0.615365,img_301.jpg
36296,1280,720,631.94293,353.39117,986.8637,986.74805,2.907,-0.009,3.028,0.044727,0.787977,0.043678,-0.612522,img_302.jpg
36386,1280,720,631.94293,353.39117,986.8637,986.74805,2.891,-0.011,3.042,0.040379,0.790949,0.048253,-0.608638,img_303.jpg
36456,1280,720,631.94293,353.39117,986.8637,986.74805,2.877,-0.011,3.053,0.036777,0.793253,0.051133,-0.605626,img_304.jpg
36529,1280,720,631.94293,353.39117,986.8637,986.74805,2.858,-0.014,3.077,0.033692,0.797859,0.053738,-0.599498,img_305.jpg
36603,1280,720,631.94293,353.39117,986.8637,986.74805,2.844,-0.016,3.096,0.033064,0.802161,0.055388,-0.593614,img_306.jpg
36687,1280,720,631.94293,353.39117,986.8637,986.74805,2.825,-0.015,3.117,0.030981,0.806520,0.057854,-0.587553,img_307.jpg
36756,1280,720,631.94293,353.39117,986.8637,986.74805,2.812,-0.017,3.143,0.032643,0.811257,0.061904,-0.580486,img_308.jpg,marker_6.jpg,0.27722353,0.27722353,3.721,-0.190,3.208,-0.399062,0.587078,-0.582656,-0.582656
36833,1280,720,631.94293,353.39117,986.8637,986.74805,2.787,-0.022,3.188,0.031130,0.817544,0.069225,-0.570842,img_309.jpg
36919,1280,720,631.94293,353.39117,986.8637,986.74805,2.768,-0.027,3.219,0.029536,0.820570,0.073497,-0.566030,img_310.jpg
36991,1280,720,631.94293,353.39117,986.8637,986.74805,2.750,-0.032,3.251,0.029973,0.824267,0.079748,-0.559755,img_311.jpg
37073,1280,720,631.94293,353.39117,986.8637,986.74805,2.723,-0.040,3.302,0.032018,0.828605,0.091329,-0.551405,img_312.jpg
37169,1280,720,631.94293,353.39117,986.8637,986.74805,2.694,-0.048,3.351,0.035132,0.836180,0.097895,-0.538503,img_313.jpg
37253,1280,720,631.94293,353.39117,986.8637,986.74805,2.678,-0.053,3.383,0.039855,0.841159,0.102139,-0.529557,img_314.jpg
37332,1280,720,631.94293,353.39117,986.8637,986.74805,2.651,-0.061,3.429,0.045081,0.848065,0.110609,-0.516255,img_315.jpg
37420,1280,720,631.94293,353.39117,986.8637,986.74805,2.636,-0.065,3.456,0.050641,0.853903,0.113601,-0.505352,img_316.jpg
37495,1280,720,631.94293,353.39117,986.8637,986.74805,2.623,-0.071,3.483,0.055658,0.861551,0.117300,-0.490789,img_317.jpg
37572,1280,720,631.94293,353.39117,986.8637,986.74805,2.605,-0.082,3.526,0.056215,0.871886,0.133209,-0.467878,img_318.jpg
37670,1280,720,631.94293,353.39117,986.8637,986.74805,2.590,-0.092,3.571,0.051409,0.882383,0.146375,-0.444220,img_319.jpg
37753,1280,720,631.94293,353.39117,986.8637,986.74805,2.584,-0.099,3.601,0.049563,0.889118,0.154309,-0.428020,img_320.jpg
37832,1280,720,631.94293,353.39117,986.8637,986.74805,2.580,-0.108,3.648,0.051162,0.898602,0.169292,-0.401544,img_321.jpg
37921,1280,720,631.94293,353.39117,986.8637,986.74805,2.580,-0.114,3.679,0.057256,0.907129,0.174941,-0.378464,img_322.jpg
37995,1280,720,631.94293,353.39117,986.8637,986.74805,2.581,-0.122,3.711,0.060972,0.915017,0.181781,-0.354939,img_323.jpg
38070,1280,720,631.94293,353.39117,986.8637,986.74805,2.587,-0.132,3.765,0.061521,0.925433,0.190040,-0.321984,img_324.jpg
38170,1280,720,631.94293,353.39117,986.8637,986.74805,2.593,-0.139,3.816,0.056126,0.936030,0.192129,-0.289453,img_325.jpg
38253,1280,720,631.94293,353.39117,986.8637,986.74805,2.593,-0.141,3.849,0.043160,0.942175,0.194012,-0.269819,img_326.jpg
38333,1280,720,631.94293,353.39117,986.8637,986.74805,2.590,-0.145,3.897,0.043003,0.949409,0.209576,-0.229894,img_327.jpg
38420,1280,720,631.94293,353.39117,986.8637,986.74805,2.587,-0.150,3.928,0.040282,0.954141,0.214859,-0.204521,img_328.jpg
38496,1280,720,631.94293,353.39117,986.8637,986.74805,2.581,-0.158,3.968,0.034267,0.957333,0.228710,-0.173296,img_329.jpg
38587,1280,720,631.94293,353.39117,986.8637,986.74805,2.574,-0.164,3.995,0.033338,0.959027,0.231880,-0.159335,img_330.jpg
38661,1280,720,631.94293,353.39117,986.8637,986.74805,2.565,-0.168,4.019,0.029310,0.958640,0.242262,-0.146493,img_331.jpg
38738,1280,720,631.94293,353.39117,986.8637,986.74805,2.544,-0.171,4.052,0.016706,0.960772,0.244628,-0.129595,img_332.jpg
38819,1280,720,631.94293,353.39117,986.8637,986.74805,2.529,-0.176,4.080,0.009744,0.960428,0.250084,-0.122231,img_333.jpg
38892,1280,720,631.94293,353.39117,986.8637,986.74805,2.510,-0.175,4.103,0.003529,0.960287,0.253259,-0.117034,img_334.jpg
38974,1280,720,631.94293,353.39117,986.8637,986.74805,2.482,-0.175,4.151,-0.005526,0.961182,0.250912,-0.114634,img_335.jpg
39071,1280,720,631.94293,353.39117,986.8637,986.74805,2.449,-0.177,4.206,-0.011456,0.962382,0.246873,-0.112884,img_336.jpg
39153,1280,720,631.94293,353.39117,986.8637,986.74805,2.426,-0.173,4.240,-0.006626,0.960313,0.252714,-0.117861,img_337.jpg
39236,1280,720,631.94293,353.39117,986.8637,986.74805,2.395,-0.168,4.292,0.010743,0.955601,0.259942,-0.138352,img_338.jpg
39319,1280,720,631.94293,353.39117,986.8637,986.74805,2.375,-0.167,4.324,0.020259,0.951814,0.266107,-0.151083,img_339.jpg
39392,1280,720,631.94293,353.39117,986.8637,986.74805,2.356,-0.170,4.357,0.020056,0.947070,0.272938,-0.167813,img_340.jpg
39467,1280,720,631.94293,353.39117,986.8637,986.74805,2.331,-0.176,4.402,0.023378,0.943000,0.282164,-0.174894,img_341.jpg
39554,1280,720,631.94293,353.39117,986.8637,986.74805,2.314,-0.180,4.434,0.019637,0.940562,0.289325,-0.176774,img_342.jpg
39632,1280,720,631.94293,353.39117,986.8637,986.74805,2.293,-0.185,4.479,0.011737,0.937980,0.297492,-0.177636,img_343.jpg
39720,1280,720,631.94293,353.39117,986.8637,986.74805,2.282,-0.188,4.510,0.014147,0.938979,0.295625,-0.175286,img_344.jpg
39792,1280,720,631.94293,353.39117,986.8637,986.74805,2.268,-0.190,4.547,0.013749,0.939686,0.294364,-0.173640,img_345.jpg
39867,1280,720,631.94293,353.39117,986.8637,986.74805,2.250,-0.196,4.604,0.018040,0.942140,0.289159,-0.168622,img_346.jpg
39954,1280,720,631.94293,353.39117,986.8637,986.74805,2.238,-0.196,4.647,0.021206,0.943592,0.284860,-0.167450,img_347.jpg
40034,1280,720,631.94293,353.39117,986.8637,986.74805,2.225,-0.198,4.717,0.031581,0.943001,0.284838,-0.169171,img_348.jpg
40120,1280,720,631.94293,353.39117,986.8637,986.74805,2.215,-0.197,4.760,0.035750,0.941933,0.289142,-0.166976,img_349.jpg
40195,1280,720,631.94293,353.39117,986.8637,986.74805,2.202,-0.192,4.818,0.034639,0.941680,0.291014,-0.165378,img_350.jpg
40288,1280,720,631.94293,353.39117,986.8637,986.74805,2.193,-0.191,4.856,0.036076,0.943781,0.285340,-0.162964,img_351.jpg
40359,1280,720,631.94293,353.39117,986.8637,986.74805,2.180,-0.193,4.892,0.030102,0.942186,0.291470,-0.162557,img_352.jpg
40438,1280,720,631.94293,353.39117,986.8637,986.74805,2.163,-0.197,4.944,0.028274,0.941722,0.291645,-0.165236,img_353.jpg
40520,1280,720,631.94293,353.39117,986.8637,986.74805,2.149,-0.201,4.982,0.024247,0.940916,0.291680,-0.170331,img_354.jpg
40598,1280,720,631.94293,353.39117,986.8637,986.74805,2.126,-0.207,5.041,0.024361,0.940010,0.287033,-0.182757,img_355.jpg
40688,1280,720,631.94293,353.39117,986.8637,986.74805,2.106,-0.209,5.083,0.024823,0.939139,0.284103,-0.191541,img_356.jpg
40762,1280,720,631.94293,353.39117,986.8637,986.74805,2.071,-0.207,5.146,0.022433,0.937453,0.276987,-0.209661,img_357.jpg
40854,1280,720,631.94293,353.39117,986.8637,986.74805,2.049,-0.202,5.187,0.022420,0.934611,0.275447,-0.223894,img_358.jpg
40931,1280,720,631.94293,353.39117,986.8637,986.74805,2.016,-0.194,5.248,0.024155,0.928617,0.280483,-0.241696,img_359.jpg
41020,1280,720,631.94293,353.39117,986.8637,986.74805,1.995,-0.188,5.284,0.025693,0.926199,0.276983,-0.254512,img_360.jpg
41091,1280,720,631.94293,353.39117,986.8637,986.74805,1.978,-0.180,5.317,0.030581,0.925155,0.271866,-0.263140,img_361.jpg
41163,1280,720,631.94293,353.39117,986.8637,986.74805,1.955,-0.179,5.368,0.030157,0.921051,0.276045,-0.273046,img_362.jpg
41237,1280,720,631.94293,353.39117,986.8637,986.74805,1.942,-0.181,5.401,0.030156,0.918925,0.274681,-0.281457,img_363.jpg
41320,1280,720,631.94293,353.39117,986.8637,986.74805,1.932,-0.184,5.437,0.034574,0.916622,0.273706,-0.289299,img_364.jpg
41396,1280,720,631.94293,353.39117,986.8637,986.74805,1.915,-0.192,5.493,0.035359,0.914251,0.270895,-0.299184,img_365.jpg
41488,1280,720,631.94293,353.39117,986.8637,986.74805,1.907,-0.198,5.536,0.039250,0.911935,0.271401,-0.305247,img_366.jpg
41562,1280,720,631.94293,353.39117,986.8637,986.74805,1.898,-0.207,5.610,0.048865,0.909476,0.269193,-0.313052,img_367.jpg
41654,1280,720,631.94293,353.39117,986.8637,986.74805,1.891,-0.212,5.659,0.055042,0.906273,0.269660,-0.320818,img_368.jpg
41729,1280,720,631.94293,353.39117,986.8637,986.74805,1.885,-0.216,5.730,0.067210,0.901394,0.266130,-0.334882,img_369.jpg
41805,1280,720,631.94293,353.39117,986.8637,986.74805,1.882,-0.215,5.778,0.070945,0.897035,0.278475,-0.335779,img_370.jpg
41888,1280,720,631.94293,353.39117,986.8637,986.74805,1.876,-0.210,5.820,0.070732,0.899317,0.265561,-0.340151,img_371.jpg
41962,1280,720,631.94293,353.39117,986.8637,986.74805,1.863,-0.206,5.885,0.057019,0.897249,0.267775,-0.346394,img_372.jpg
42054,1280,720,631.94293,353.39117,986.8637,986.74805,1.851,-0.204,5.929,0.055125,0.897472,0.262428,-0.350194,img_373.jpg
42128,1280,720,631.94293,353.39117,986.8637,986.74805,1.833,-0.205,5.994,0.046500,0.893669,0.262541,-0.360923,img_374.jpg
42221,1280,720,631.94293,353.39117,986.8637,986.74805,1.822,-0.207,6.036,0.045869,0.890949,0.256997,-0.371562,img_375.jpg
42305,1280,720,631.94293,353.39117,986.8637,986.74805,1.803,-0.211,6.075,0.045281,0.886405,0.252095,-0.385595,img_376.jpg
42384,1280,720,631.94293,353.39117,986.8637,986.74805,1.779,-0.212,6.138,0.045784,0.874715,0.247024,-0.414436,img_377.jpg
42473,1280,720,631.94293,353.39117,986.8637,986.74805,1.749,-0.208,6.196,0.055263,0.859613,0.235544,-0.450033,img_378.jpg
42571,1280,720,631.94293,353.39117,986.8637,986.74805,1.718,-0.186,6.259,0.050164,0.849846,0.219683,-0.476429,img_379.jpg
42654,1280,720,631.94293,353.39117,986.8637,986.74805,1.692,-0.169,6.300,0.042444,0.847104,0.208234,-0.487086,img_380.jpg
42754,1280,720,631.94293,353.39117,986.8637,986.74805,1.664,-0.137,6.355,0.032270,0.851066,0.181587,-0.491600,img_381.jpg
42829,1280,720,631.94293,353.39117,986.8637,986.74805,1.641,-0.102,6.397,0.022741,0.860064,0.151998,-0.486487,img_382.jpg
42921,1280,720,631.94293,353.39117,986.8637,986.74805,1.629,-0.079,6.425,0.018711,0.866927,0.137244,-0.478802,img_383.jpg
42990,1280,720,631.94293,353.39117,986.8637,986.74805,1.614,-0.057,6.449,0.009203,0.872523,0.114261,-0.474936,img_384.jpg
43067,1280,720,631.94293,353.39117,986.8637,986.74805,1.599,-0.028,6.477,0.000548,0.881701,0.083183,-0.464418,img_385.jpg
43154,1280,720,631.94293,353.39117,986.8637,986.74805,1.600,-0.015,6.497,-0.004024,0.885436,0.073357,-0.458917,img_386.jpg
43234,1280,720,631.94293,353.39117,986.8637,986.74805,1.600,-0.007,6.524,-0.001921,0.889891,0.060760,-0.452105,img_387.jpg,marker_7.png,0.2853743,0.2853743,2.179,-0.197,7.029,-0.398407,0.571055,-0.601859,-0.601859
43320,1280,720,631.94293,353.39117,986.8637,986.74805,1.600,-0.005,6.542,-0.000134,0.891305,0.053549,-0.450231,img_388.jpg
43390,1280,720,631.94293,353.39117,986.8637,986.74805,1.594,-0.002,6.558,0.002709,0.891353,0.051733,-0.450340,img_389.jpg
43460,1280,720,631.94293,353.39117,986.8637,986.74805,1.595,0.001,6.578,0.011165,0.891741,0.043509,-0.450312,img_390.jpg
43555,1280,720,631.94293,353.39117,986.8637,986.74805,1.596,0.006,6.589,0.014549,0.889160,0.042336,-0.455402,img_391.jpg
43623,1280,720,631.94293,353.39117,986.8637,986.74805,1.601,0.012,6.613,0.016694,0.885034,0.037168,-0.463740,img_392.jpg
43704,1280,720,631.94293,353.39117,986.8637,986.74805,1.604,0.014,6.626,0.020698,0.883338,0.039415,-0.466618,img_393.jpg
43788,1280,720,631.94293,353.39117,986.8637,986.74805,1.600,0.015,6.634,0.019792,0.878752,0.038654,-0.475300,img_394.jpg
43874,1280,720,631.94293,353.39117,986.8637,986.74805,1.598,0.016,6.639,0.019569,0.875568,0.040602,-0.480988,img_395.jpg,marker_7.png,0.27388474,0.27388474,2.170,-0.190,7.003,-0.387348,0.590774,-0.592793,-0.592793
43954,1280,720,631.94293,353.39117,986.8637,986.74805,1.592,0.018,6.646,0.019845,0.873029,0.039114,-0.485692,img_396.jpg
44024,1280,720,631.94293,353.39117,986.8637,986.74805,1.583,0.019,6.655,0.018720,0.870128,0.034872,-0.491234,img_397.jpg
44102,1280,720,631.94293,353.39117,986.8637,986.74805,1.568,0.019,6.667,0.016324,0.864534,0.035610,-0.501045,img_398.jpg
44187,1280,720,631.94293,353.39117,986.8637,986.74805,1.556,0.020,6.674,0.012841,0.860051,0.040193,-0.508461,img_399.jpg
44258,1280,720,631.94293,353.39117,986.8637,986.74805,1.535,0.022,6.679,0.015970,0.854315,0.037385,-0.518164,img_400.jpg
44338,1280,720,631.94293,353.39117,986.8637,986.74805,1.516,0.026,6.683,0.015919,0.851510,0.034703,-0.522946,img_401.jpg
44421,1280,720,631.94293,353.39117,986.8637,986.74805,1.497,0.028,6.690,0.011812,0.849386,0.032144,-0.526660,img_402.jpg
44494,1280,720,631.94293,353.39117,986.8637,986.74805,1.470,0.029,6.699,0.011434,0.846431,0.033545,-0.531318,img_403.jpg,marker_7.png,0.2759841,0.2759841,2.168,-0.187,7.004,-0.394879,0.589706,-0.583114,-0.583114
44588,1280,720,631.94293,353.39117,986.8637,986.74805,1.450,0.031,6.701,0.012142,0.844556,0.030288,-0.534472,img_404.jpg
44655,1280,720,631.94293,353.39117,986.8637,986.74805,1.424,0.032,6.706,0.009056,0.840372,0.029164,-0.541149,img_405.jpg
44738,1280,720,631.94293,353.39117,986.8637,986.74805,1.406,0.033,6.709,0.007617,0.837249,0.030454,-0.545920,img_406.jpg
44821,1280,720,631.94293,353.39117,986.8637,986.74805,1.392,0.031,6.714,0.007890,0.835469,0.031333,-0.548586,img_407.jpg
44896,1280,720,631.94293,353.39117,986.8637,986.74805,1.372,0.027,6.720,0.009361,0.833476,0.034045,-0.551427,img_408.jpg
44979,1280,720,631.94293,353.39117,986.8637,986.74805,1.358,0.026,6.724,0.008758,0.831026,0.037083,-0.554927,img_409.jpg
45073,1280,720,631.94293,353.39117,986.8637,986.74805,1.342,0.021,6.730,0.006055,0.827565,0.042057,-0.559760,img_410.jpg
45154,1280,720,631.94293,353.39117,986.8637,986.74805,1.334,0.016,6.734,0.006182,0.828581,0.048667,-0.557716,img_411.jpg,marker_7.png,0.277838,0.277838,2.170,-0.185,7.007,-0.391824,0.589262,-0.588644,-0.588644
45227,1280,720,631.94293,353.39117,986.8637,986.74805,1.325,0.004,6.744,0.006587,0.831971,0.054792,-0.552067,img_412.jpg
45305,1280,720,631.94293,353.39117,986.8637,986.74805,1.324,-0.004,6.756,0.006276,0.834261,0.067183,-0.547226,img_413.jpg
45374,1280,720,631.94293,353.39117,986.8637,986.74805,1.322,-0.012,6.764,0.006212,0.838061,0.078126,-0.539918,img_414.jpg
45454,1280,720,631.94293,353.39117,986.8637,986.74805,1.320,-0.021,6.773,0.010668,0.842050,0.087951,-0.532074,img_415.jpg
45524,1280,720,631.94293,353.39117,986.8637,986.74805,1.318,-0.032,6.783,0.012441,0.847064,0.099578,-0.521931,img_416.jpg
45595,1280,720,631.94293,353.39117,986.8637,986.74805,1.316,-0.052,6.807,0.013669,0.857519,0.122937,-0.499361,img_417.jpg
45673,1280,720,631.94293,353.39117,986.8637,986.74805,1.313,-0.065,6.826,0.015349,0.867337,0.137718,-0.478042,img_418.jpg
45738,1280,720,631.94293,353.39117,986.8637,986.74805,1.307,-0.079,6.845,0.014684,0.879001,0.151833,-0.451761,img_419.jpg
45803,1280,720,631.94293,353.39117,986.8637,986.74805,1.304,-0.094,6.868,0.015965,0.889625,0.168626,-0.424119,img_420.jpg
45869,1280,720,631.94293,353.39117,986.8637,986.74805,1.300,-0.112,6.892,0.020261,0.898584,0.191152,-0.394459,img_421.jpg
45954,1280,720,631.94293,353.39117,986.8637,986.74805,1.295,-0.143,6.931,0.029698,0.909185,0.226021,-0.348448,img_422.jpg
46037,1280,720,631.94293,353.39117,986.8637,986.74805,1.288,-0.159,6.958,0.033058,0.917283,0.240192,-0.315923,img_423.jpg
46104,1280,720,631.94293,353.39117,986.8637,986.74805,1.277,-0.171,6.983,0.026584,0.924315,0.253643,-0.283903,img_424.jpg
46173,1280,720,631.94293,353.39117,986.8637,986.74805,1.274,-0.179,7.013,0.019613,0.932750,0.261011,-0.247924,img_425.jpg
46242,1280,720,631.94293,353.39117,986.8637,986.74805,1.272,-0.189,7.039,0.010852,0.938986,0.269486,-0.213457,img_426.jpg
46310,1280,720,631.94293,353.39117,986.8637,986.74805,1.259,-0.192,7.058,0.007069,0.946275,0.269211,-0.178996,img_427.jpg
46375,1280,720,631.94293,353.39117,986.8637,986.74805,1.247,-0.197,7.079,0.001841,0.950584,0.273173,-0.147524,img_428.jpg
46444,1280,720,631.94293,353.39117,986.8637,986.74805,1.237,-0.199,7.098,-0.003167,0.954419,0.273911,-0.118523,img_429.jpg
46515,1280,720,631.94293,353.39117,986.8637,986.74805,1.225,-0.203,7.121,-0.009046,0.956697,0.276916,-0.089260,img_430.jpg
46582,1280,720,631.94293,353.39117,986.8637,986.74805,1.211,-0.203,7.137,-0.014177,0.959911,0.273544,-0.059525,img_431.jpg
46649,1280,720,631.94293,353.39117,986.8637,986.74805,1.197,-0.201,7.157,-0.021481,0.961249,0.273097,-0.030938,img_432.jpg
46723,1280,720,631.94293,353.39117,986.8637,986.74805,1.173,-0.193,7.177,-0.030320,0.964648,0.261703,0.006785,img_433.jpg
46805,1280,720,631.94293,353.39117,986.8637,986.74805,1.155,-0.190,7.190,-0.033845,0.965840,0.255526,0.026736,img_434.jpg
46872,1280,720,631.94293,353.39117,986.8637,986.74805,1.138,-0.188,7.203,-0.032864,0.966542,0.250471,0.044502,img_435.jpg
46945,1280,720,631.94293,353.39117,986.8637,986.74805,1.117,-0.184,7.217,-0.031545,0.967247,0.244564,0.060225,img_436.jpg
47021,1280,720,631.94293,353.39117,986.8637,986.74805,1.093,-0.177,7.229,-0.033194,0.968880,0.233782,0.074273,img_437.jpg
47089,1280,720,631.94293,353.39117,986.8637,986.74805,1.054,-0.165,7.246,-0.039564,0.971460,0.215374,0.091184,img_438.jpg
47172,1280,720,631.94293,353.39117,986.8637,986.74805,1.028,-0.152,7.258,-0.034940,0.974086,0.197651,0.104257,img_439.jpg
47254,1280,720,631.94293,353.39117,986.8637,986.74805,1.000,-0.135,7.268,-0.031373,0.976097,0.182952,0.113045,img_440.jpg
47321,1280,720,631.94293,353.39117,986.8637,986.74805,0.972,-0.115,7.276,-0.027881,0.979247,0.156750,0.125408,img_441.jpg
47388,1280,720,631.94293,353.39117,986.8637,986.74805,0.929,-0.082,7.284,-0.017534,0.980594,0.125490,0.149597,img_442.jpg
47473,1280,720,631.94293,353.39117,986.8637,986.74805,0.906,-0.062,7.289,-0.016064,0.979634,0.117139,0.162289,img_443.jpg
47540,1280,720,631.94293,353.39117,986.8637,986.74805,0.890,-0.045,7.289,-0.014727,0.980339,0.105309,0.166219,img_444.jpg
47608,1280,720,631.94293,353.39117,986.8637,986.74805,0.870,-0.032,7.292,-0.015382,0.980797,0.097429,0.168251,img_445.jpg
47690,1280,720,631.94293,353.39117,986.8637,986.74805,0.851,-0.022,7.299,-0.017867,0.980270,0.094859,0.172494,img_446.jpg
47754,1280,720,631.94293,353.39117,986.8637,986.74805,0.846,-0.023,7.300,-0.021325,0.979955,0.092605,0.175097,img_447.jpg
47827,1280,720,631.94293,353.39117,986.8637,986.74805,0.827,-0.023,7.312,-0.024186,0.980089,0.091167,0.174728,img_448.jpg
47904,1280,720,631.94293,353.39117,986.8637,986.74805,0.816,-0.023,7.318,-0.022810,0.980218,0.089034,0.175286,img_449.jpg
47972,1280,720,631.94293,353.39117,986.8637,986.74805,0.806,-0.023,7.323,-0.022846,0.979865,0.089950,0.176780,img_450.jpg
48043,1280,720,631.94293,353.39117,986.8637,986.74805,0.795,-0.021,7.328,-0.025260,0.979703,0.089884,0.177381,img_451.jpg
48115,1280,720,631.94293,353.39117,986.8637,986.74805,0.787,-0.020,7.336,-0.026897,0.979564,0.089249,0.178231,img_452.jpg
48184,1280,720,631.94293,353.39117,986.8637,986.74805,0.779,-0.020,7.344,-0.028590,0.979422,0.087813,0.179454,img_453.jpg
48253,1280,720,631.94293,353.39117,986.8637,986.74805,0.769,-0.021,7.358,-0.031640,0.979097,0.088720,0.180268,img_454.jpg
48339,1280,720,631.94293,353.39117,986.8637,986.74805,0.763,-0.020,7.368,-0.033389,0.979005,0.089779,0.179929,img_455.jpg
48406,1280,720,631.94293,353.39117,986.8637,986.74805,0.761,-0.021,7.377,-0.032824,0.978507,0.090890,0.182171,img_456.jpg
48479,1280,720,631.94293,353.39117,986.8637,986.74805,0.759,-0.019,7.384,-0.032748,0.978659,0.088508,0.182540,img_457.jpg
48547,1280,720,631.94293,353.39117,986.8637,986.74805,0.756,-0.017,7.390,-0.030402,0.979303,0.082896,0.182123,img_458.jpg
48621,1280,720,631.94293,353.39117,986.8637,986.74805,0.753,-0.018,7.402,-0.030163,0.979187,0.081211,0.183544,img_459.jpg
48706,1280,720,631.94293,353.39117,986.8637,986.74805,0.752,-0.018,7.412,-0.028387,0.978651,0.080807,0.186835,img_460.jpg
48774,1280,720,631.94293,353.39117,986.8637,986.74805,0.750,-0.018,7.420,-0.025618,0.977768,0.081214,0.191617,img_461.jpg
48844,1280,720,631.94293,353.39117,986.8637,986.74805,0.746,-0.018,7.428,-0.024052,0.976673,0.082553,0.196767,img_462.jpg
48912,1280,720,631.94293,353.39117,986.8637,986.74805,0.744,-0.018,7.434,-0.022266,0.976064,0.082260,0.200094,img_463.jpg
48982,1280,720,631.94293,353.39117,986.8637,986.74805,0.741,-0.019,7.440,-0.023160,0.975521,0.085875,0.201118,img_464.jpg
49073,1280,720,631.94293,353.39117,986.8637,986.74805,0.736,-0.020,7.444,-0.025356,0.976564,0.084672,0.196242,img_465.jpg
49140,1280,720,631.94293,353.39117,986.8637,986.74805,0.733,-0.022,7.447,-0.030492,0.977581,0.090069,0.187867,img_466.jpg
49215,1280,720,631.94293,353.39117,986.8637,986.74805,0.730,-0.024,7.447,-0.029782,0.978161,0.090147,0.184899,img_467.jpg
49289,1280,720,631.94293,353.39117,986.8637,986.74805,0.722,-0.026,7.444,-0.032756,0.979021,0.087457,0.181100,img_468.jpg
49375,1280,720,631.94293,353.39117,986.8637,986.74805,0.716,-0.027,7.440,-0.031815,0.979233,0.087388,0.180149,img_469.jpg
49442,1280,720,631.94293,353.39117,986.8637,986.74805,0.709,-0.026,7.434,-0.030100,0.979599,0.083048,0.180506,img_470.jpg
49513,1280,720,631.94293,353.39117,986.8637,986.74805,0.700,-0.026,7.426,-0.031677,0.980128,0.078044,0.179595,img_471.jpg
49590,1280,720,631.94293,353.39117,986.8637,986.74805,0.684,-0.025,7.414,-0.035754,0.980566,0.078331,0.176285,img_472.jpg
49673,1280,720,631.94293,353.39117,986.8637,986.74805,0.672,-0.024,7.406,-0.040719,0.981019,0.079298,0.172211,img_473.jpg
49741,1280,720,631.94293,353.39117,986.8637,986.74805,0.660,-0.024,7.398,-0.041793,0.981190,0.079233,0.171003,img_474.jpg
49812,1280,720,631.94293,353.39117,986.8637,986.74805,0.647,-0.023,7.387,-0.041790,0.981376,0.078930,0.170073,img_475.jpg
49881,1280,720,631.94293,353.39117,986.8637,986.74805,0.632,-0.022,7.372,-0.044221,0.981576,0.076125,0.169585,img_476.jpg,marker_8.jpg,0.27154619,0.27154619,0.477,-0.175,8.116,0.167937,0.696764,-0.679407,-0.679407
49951,1280,720,631.94293,353.39117,986.8637,986.74805,0.608,-0.021,7.347,-0.048435,0.981623,0.071048,0.170361,img_477.jpg
50039,1280,720,631.94293,353.39117,986.8637,986.74805,0.590,-0.020,7.329,-0.050215,0.981446,0.069598,0.171458,img_478.jpg
50106,1280,720,631.94293,353.39117,986.8637,986.74805,0.572,-0.019,7.310,-0.052433,0.981564,0.066361,0.171403,img_479.jpg
50173,1280,720,631.94293,353.39117,986.8637,986.74805,0.556,-0.017,7.289,-0.054677,0.981922,0.064830,0.169223,img_480.jpg
50244,1280,720,631.94293,353.39117,986.8637,986.74805,0.539,-0.016,7.269,-0.052849,0.981878,0.063930,0.170401,img_481.jpg
50316,1280,720,631.94293,353.39117,986.8637,986.74805,0.523,-0.016,7.249,-0.050189,0.981679,0.064701,0.172052,img_482.jpg
50385,1280,720,631.94293,353.39117,986.8637,986.74805,0.499,-0.017,7.220,-0.050968,0.980904,0.068504,0.174748,img_483.jpg
50456,1280,720,631.94293,353.39117,986.8637,986.74805,0.483,-0.016,7.202,-0.049556,0.980277,0.069659,0.178180,img_484.jpg
50539,1280,720,631.94293,353.39117,986.8637,986.74805,0.471,-0.017,7.183,-0.045025,0.979395,0.067736,0.184849,img_485.jpg
50607,1280,720,631.94293,353.39117,986.8637,986.74805,0.459,-0.018,7.165,-0.043212,0.977397,0.067914,0.195487,img_486.jpg
50673,1280,720,631.94293,353.39117,986.8637,986.74805,0.441,-0.019,7.150,-0.046647,0.975083,0.069513,0.205440,img_487.jpg
50742,1280,720,631.94293,353.39117,986.8637,986.74805,0.423,-0.020,7.137,-0.050953,0.973139,0.072891,0.212348,img_488.jpg
50823,1280,720,631.94293,353.39117,986.8637,986.74805,0.405,-0.024,7.127,-0.053608,0.971367,0.078013,0.217915,img_489.jpg
50888,1280,720,631.94293,353.39117,986.8637,986.74805,0.375,-0.031,7.117,-0.053711,0.968793,0.085795,0.226263,img_490.jpg
50974,1280,720,631.94293,353.39117,986.8637,986.74805,0.354,-0.035,7.110,-0.040482,0.965049,0.082536,0.245418,img_491.jpg
51056,1280,720,631.94293,353.39117,986.8637,986.74805,0.314,-0.041,7.101,-0.034616,0.961959,0.080367,0.258803,img_492.jpg
51139,1280,720,631.94293,353.39117,986.8637,986.74805,0.283,-0.045,7.097,-0.032374,0.960275,0.084534,0.263967,img_493.jpg
51222,1280,720,631.94293,353.39117,986.8637,986.74805,0.229,-0.050,7.091,-0.026647,0.959229,0.092323,0.265794,img_494.jpg
51306,1280,720,631.94293,353.39117,986.8637,986.74805,0.192,-0.051,7.088,-0.019366,0.959415,0.096431,0.264291,img_495.jpg
51369,1280,720,631.94293,353.39117,986.8637,986.74805,0.156,-0.053,7.086,-0.017495,0.960187,0.103537,0.258874,img_496.jpg
51456,1280,720,631.94293,353.39117,986.8637,986.74805,0.103,-0.053,7.084,-0.018299,0.960575,0.110558,0.254438,img_497.jpg
51539,1280,720,631.94293,353.39117,986.8637,986.74805,0.073,-0.054,7.082,-0.023545,0.960282,0.114863,0.253200,img_498.jpg
51605,1280,720,631.94293,353.39117,986.8637,986.74805,0.046,-0.056,7.077,-0.023169,0.959979,0.112831,0.255291,img_499.jpg
51669,1280,720,631.94293,353.39117,986.8637,986.74805,0.019,-0.057,7.071,-0.029768,0.958692,0.113141,0.259273,img_500.jpg
51757,1280,720,631.94293,353.39117,986.8637,986.74805,-0.020,-0.056,7.060,-0.037371,0.957188,0.110740,0.264822,img_501.jpg
51839,1280,720,631.94293,353.39117,986.8637,986.74805,-0.047,-0.054,7.050,-0.037946,0.956739,0.105238,0.268580,img_502.jpg
51906,1280,720,631.94293,353.39117,986.8637,986.74805,-0.076,-0.055,7.037,-0.044384,0.956197,0.099393,0.271734,img_503.jpg
51973,1280,720,631.94293,353.39117,986.8637,986.74805,-0.105,-0.055,7.022,-0.046512,0.956552,0.092796,0.272460,img_504.jpg
52041,1280,720,631.94293,353.39117,986.8637,986.74805,-0.135,-0.054,7.007,-0.045580,0.957378,0.089088,0.270949,img_505.jpg
52111,1280,720,631.94293,353.39117,986.8637,986.74805,-0.166,-0.053,6.990,-0.045609,0.958354,0.085241,0.268720,img_506.jpg
52189,1280,720,631.94293,353.39117,986.8637,986.74805,-0.212,-0.051,6.959,-0.035757,0.960305,0.079507,0.264980,img_507.jpg
52274,1280,720,631.94293,353.39117,986.8637,986.74805,-0.242,-0.044,6.935,-0.028970,0.962292,0.073722,0.260232,img_508.jpg
52340,1280,720,631.94293,353.39117,986.8637,986.74805,-0.272,-0.037,6.914,-0.027630,0.964021,0.070005,0.254951,img_509.jpg
52423,1280,720,631.94293,353.39117,986.8637,986.74805,-0.317,-0.022,6.877,-0.026087,0.964988,0.063018,0.253270,img_510.jpg
52490,1280,720,631.94293,353.39117,986.8637,986.74805,-0.343,-0.015,6.853,-0.024281,0.965756,0.059119,0.251458,img_511.jpg
52575,1280,720,631.94293,353.39117,986.8637,986.74805,-0.366,-0.011,6.838,-0.022056,0.966696,0.059351,0.247970,img_512.jpg
52642,1280,720,631.94293,353.39117,986.8637,986.74805,-0.383,-0.006,6.822,-0.019327,0.968816,0.055640,0.240680,img_513.jpg
52722,1280,720,631.94293,353.39117,986.8637,986.74805,-0.404,-0.001,6.800,-0.013879,0.969676,0.053620,0.238034,img_514.jpg
52809,1280,720,631.94293,353.39117,986.8637,986.74805,-0.417,0.000,6.791,-0.015381,0.969403,0.052644,0.239271,img_515.jpg
52891,1280,720,631.94293,353.39117,986.8637,986.74805,-0.437,0.000,6.775,-0.018661,0.968141,0.051235,0.244397,img_516.jpg,marker_9.jpg,0.27437362,0.27437362,-0.903,-0.148,7.445,0.174694,0.687332,-0.686774,-0.686774
52974,1280,720,631.94293,353.39117,986.8637,986.74805,-0.449,-0.001,6.767,-0.021125,0.967708,0.049195,0.246321,img_517.jpg
53043,1280,720,631.94293,353.39117,986.8637,986.74805,-0.460,-0.004,6.761,-0.025675,0.967091,0.049955,0.248154,img_518.jpg
53111,1280,720,631.94293,353.39117,986.8637,986.74805,-0.471,-0.007,6.757,-0.027942,0.966965,0.050737,0.248241,img_519.jpg
53195,1280,720,631.94293,353.39117,986.8637,986.74805,-0.485,-0.011,6.753,-0.026112,0.966756,0.052137,0.248962,img_520.jpg
53275,1280,720,631.94293,353.39117,986.8637,986.74805,-0.497,-0.012,6.751,-0.026772,0.966903,0.051825,0.248387,img_521.jpg
53346,1280,720,631.94293,353.39117,986.8637,986.74805,-0.508,-0.012,6.748,-0.026691,0.967240,0.050502,0.247356,img_522.jpg
53418,1280,720,631.94293,353.39117,986.8637,986.74805,-0.527,-0.013,6.746,-0.025369,0.968396,0.047398,0.243557,img_523.jpg
53490,1280,720,631.94293,353.39117,986.8637,986.74805,-0.540,-0.014,6.746,-0.024432,0.969959,0.046016,0.237625,img_524.jpg,marker_9.jpg,0.27173677,0.27173677,-0.901,-0.147,7.441,0.170005,0.688819,-0.687753,-0.687753
53575,1280,720,631.94293,353.39117,986.8637,986.74805,-0.553,-0.014,6.744,-0.022928,0.971575,0.045985,0.231087,img_525.jpg
53646,1280,720,631.94293,353.39117,986.8637,986.74805,-0.568,-0.015,6.746,-0.020210,0.973433,0.047778,0.223018,img_526.jpg
53719,1280,720,631.94293,353.39117,986.8637,986.74805,-0.591,-0.015,6.748,-0.013468,0.975535,0.052152,0.213145,img_527.jpg
53806,1280,720,631.94293,353.39117,986.8637,986.74805,-0.607,-0.015,6.750,-0.013200,0.976899,0.055352,0.205986,img_528.jpg
53891,1280,720,631.94293,353.39117,986.8637,986.74805,-0.631,-0.015,6.755,-0.016864,0.977807,0.058977,0.200329,img_529.jpg
53978,1280,720,631.94293,353.39117,986.8637,986.74805,-0.645,-0.015,6.753,-0.020977,0.978608,0.053810,0.197463,img_530.jpg
54045,1280,720,631.94293,353.39117,986.8637,986.74805,-0.658,-0.017,6.750,-0.026799,0.979330,0.052072,0.193606,img_531.jpg
54119,1280,720,631.94293,353.39117,986.8637,986.74805,-0.675,-0.017,6.751,-0.026652,0.979982,0.056203,0.189119,img_532.jpg,marker_9.jpg,0.27269858,0.27269858,-0.901,-0.147,7.441,0.164030,0.693551,-0.684824,-0.684824
54206,1280,720,631.94293,353.39117,986.8637,986.74805,-0.687,-0.017,6.745,-0.027149,0.980565,0.054656,0.186463,img_533.jpg
54276,1280,720,631.94293,353.39117,986.8637,986.74805,-0.701,-0.016,6.737,-0.029712,0.981272,0.053022,0.182789,img_534.jpg
54347,1280,720,631.94293,353.39117,986.8637,986.74805,-0.726,-0.016,6.721,-0.035342,0.981681,0.050903,0.180174,img_535.jpg
54424,1280,720,631.94293,353.39117,986.8637,986.74805,-0.743,-0.016,6.706,-0.037373,0.981900,0.047696,0.179448,img_536.jpg
54506,1280,720,631.94293,353.39117,986.8637,986.74805,-0.762,-0.016,6.690,-0.038249,0.981953,0.047241,0.179091,img_537.jpg
54572,1280,720,631.94293,353.39117,986.8637,986.74805,-0.779,-0.016,6.670,-0.035643,0.982200,0.042588,0.179443,img_538.jpg
54658,1280,720,631.94293,353.39117,986.8637,986.74805,-0.807,-0.012,6.640,-0.039608,0.982502,0.040159,0.177505,img_539.jpg
54740,1280,720,631.94293,353.39117,986.8637,986.74805,-0.824,-0.010,6.620,-0.039351,0.982650,0.038253,0.177166,img_540.jpg,marker_9.jpg,0.2730024,0.2730024,-0.898,-0.146,7.438,0.171965,0.687816,-0.687041,-0.687041
54810,1280,720,631.94293,353.39117,986.8637,986.74805,-0.838,-0.007,6.600,-0.037345,0.982882,0.034790,0.177027,img_541.jpg
54878,1280,720,631.94293,353.39117,986.8637,986.74805,-0.852,-0.006,6.579,-0.038550,0.982914,0.033436,0.176852,img_542.jpg
54945,1280,720,631.94293,353.39117,986.8637,986.74805,-0.870,-0.003,6.550,-0.037799,0.982812,0.033569,0.177554,img_543.jpg
55024,1280,720,631.94293,353.39117,986.8637,986.74805,-0.881,-0.002,6.530,-0.036766,0.982746,0.035221,0.177813,img_544.jpg
55107,1280,720,631.94293,353.39117,986.8637,986.74805,-0.891,-0.001,6.511,-0.034382,0.982591,0.034394,0.179305,img_545.jpg
55173,1280,720,631.94293,353.39117,986.8637,986.74805,-0.902,-0.002,6.493,-0.035301,0.982201,0.036415,0.180855,img_546.jpg
55240,1280,720,631.94293,353.39117,986.8637,986.74805,-0.912,-0.003,6.477,-0.033590,0.981947,0.036030,0.182630,img_547.jpg
55324,1280,720,631.94293,353.39117,986.8637,986.74805,-0.928,-0.004,6.456,-0.034142,0.981467,0.036930,0.184915,img_548.jpg
55407,1280,720,631.94293,353.39117,986.8637,986.74805,-0.940,-0.004,6.443,-0.039198,0.981115,0.038587,0.185440,img_549.jpg
55473,1280,720,631.94293,353.39117,986.8637,986.74805,-0.950,-0.004,6.433,-0.039636,0.980772,0.039260,0.187016,img_550.jpg
55540,1280,720,631.94293,353.39117,986.8637,986.74805,-0.961,-0.005,6.425,-0.037056,0.980230,0.037930,0.190624,img_551.jpg
55612,1280,720,631.94293,353.39117,986.8637,986.74805,-0.974,-0.006,6.414,-0.036335,0.979181,0.036175,0.196406,img_552.jpg,marker_9.jpg,0.27507976,0.27507976,-0.898,-0.146,7.437,0.172511,0.687753,-0.685925,-0.685925
55679,1280,720,631.94293,353.39117,986.8637,986.74805,-0.998,-0.012,6.403,-0.035238,0.976860,0.041934,0.206745,img_553.jpg
55759,1280,720,631.94293,353.39117,986.8637,986.74805,2.472,0.021,1.451,0.044232,0.158224,0.036328,-0.985743,img_554.jpg,marker_4.jpg,0.2658122,0.2658122,2.220,-0.099,0.472,-0.706371,0.124714,-0.133391,-0.133391,marker_6.jpg,0.27750134,0.27750134,3.751,-0.158,3.173,-0.411763,0.579993,-0.574702,-0.574702,marker_8.jpg,0.2725003,0.2725003,0.828,-0.185,8.254,0.131305,0.705691,-0.685573,-0.685573,marker_9.jpg,0.2750798,0.2750798,2.244,-0.100,0.427,-0.697702,0.125790,-0.137916,-0.137916,marker_7.png,0.27771804,0.27771804,2.398,-0.181,7.004,-0.416337,0.574405,-0.573300,-0.573300
55841,1280,720,631.94293,353.39117,986.8637,986.74805,2.519,-0.015,1.471,0.033489,0.154690,0.034598,-0.986789,img_555.jpg
55909,1280,720,631.94293,353.39117,986.8637,986.74805,2.541,-0.015,1.473,0.040727,0.159765,0.036803,-0.985628,img_556.jpg
55976,1280,720,631.94293,353.39117,986.8637,986.74805,2.570,-0.019,1.475,0.044165,0.165263,0.034009,-0.984673,img_557.jpg
56045,1280,720,631.94293,353.39117,986.8637,986.74805,2.597,-0.017,1.476,0.050854,0.172046,0.031319,-0.983277,img_558.jpg
56118,1280,720,631.94293,353.39117,986.8637,986.74805,2.647,-0.019,1.472,0.060655,0.168069,0.024247,-0.983609,img_559.jpg
56189,1280,720,631.94293,353.39117,986.8637,986.74805,2.682,-0.020,1.468,0.074394,0.169067,0.021982,-0.982547,img_560.jpg
56257,1280,720,631.94293,353.39117,986.8637,986.74805,2.715,-0.017,1.466,0.082113,0.177731,0.018699,-0.980469,img_561.jpg
56341,1280,720,631.94293,353.39117,986.8637,986.74805,2.749,-0.014,1.466,0.083191,0.192568,0.014863,-0.977638,img_562.jpg
56411,1280,720,631.94293,353.39117,986.8637,986.74805,2.784,-0.011,1.470,0.080393,0.207830,0.020719,-0.974636,img_563.jpg
56477,1280,720,631.94293,353.39117,986.8637,986.74805,2.817,-0.011,1.475,0.077901,0.220811,0.030215,-0.971731,img_564.jpg
56544,1280,720,631.94293,353.39117,986.8637,986.74805,2.848,-0.010,1.481,0.074795,0.232279,0.035562,-0.969117,img_565.jpg
56613,1280,720,631.94293,353.39117,986.8637,986.74805,2.894,-0.011,1.488,0.077758,0.246157,0.039199,-0.965310,img_566.jpg
56691,1280,720,631.94293,353.39117,986.8637,986.74805,2.923,-0.012,1.497,0.072142,0.245881,0.043571,-0.965629,img_567.jpg
56756,1280,720,631.94293,353.39117,986.8637,986.74805,2.952,-0.014,1.506,0.069255,0.241837,0.047520,-0.966675,img_568.jpg
56840,1280,720,631.94293,353.39117,986.8637,986.74805,2.981,-0.016,1.516,0.066440,0.237044,0.045708,-0.968146,img_569.jpg
56905,1280,720,631.94293,353.39117,986.8637,986.74805,3.013,-0.018,1.528,0.065516,0.230796,0.049132,-0.969550,img_570.jpg
56972,1280,720,631.94293,353.39117,986.8637,986.74805,3.046,-0.018,1.544,0.062919,0.221797,0.051195,-0.971713,img_571.jpg
57040,1280,720,631.94293,353.39117,986.8637,986.74805,3.080,-0.014,1.561,0.059816,0.215468,0.049694,-0.973410,img_572.jpg
57112,1280,720,631.94293,353.39117,986.8637,986.74805,3.131,-0.003,1.586,0.060860,0.211389,0.050570,-0.974194,img_573.jpg
57190,1280,720,631.94293,353.39117,986.8637,986.74805,3.162,0.003,1.604,0.057286,0.220890,0.038511,-0.972853,img_574.jpg
57257,1280,720,631.94293,353.39117,986.8637,986.74805,3.192,0.009,1.620,0.058073,0.223554,0.035805,-0.972301,img_575.jpg
57340,1280,720,631.94293,353.39117,986.8637,986.74805,3.220,0.014,1.635,0.054084,0.231989,0.029812,-0.970756,img_576.jpg
57409,1280,720,631.94293,353.39117,986.8637,986.74805,3.253,0.022,1.657,0.044719,0.242174,0.023161,-0.968925,img_577.jpg
57490,1280,720,631.94293,353.39117,986.8637,986.74805,3.274,0.025,1.669,0.039952,0.249962,0.023735,-0.967140,img_578.jpg
57560,1280,720,631.94293,353.39117,986.8637,986.74805,3.293,0.017,1.687,0.034040,0.256449,0.023402,-0.965675,img_579.jpg
57642,1280,720,631.94293,353.39117,986.8637,986.74805,3.313,0.026,1.693,0.027396,0.267565,0.019525,-0.962952,img_580.jpg
57712,1280,720,631.94293,353.39117,986.8637,986.74805,3.348,0.033,1.693,0.020830,0.278302,0.019000,-0.960080,img_581.jpg,marker_10.jpg,0.28338405,0.28338405,3.923,-0.082,1.083,-0.705554,0.117998,-0.119421,-0.119421
57792,1280,720,631.94293,353.39117,986.8637,986.74805,3.362,0.035,1.696,0.019659,0.278829,0.021504,-0.959899,img_582.jpg
57876,1280,720,631.94293,353.39117,986.8637,986.74805,3.373,0.036,1.695,0.016142,0.278703,0.018941,-0.960055,img_583.jpg
57943,1280,720,631.94293,353.39117,986.8637,986.74805,3.385,0.038,1.695,0.014995,0.279447,0.017861,-0.959878,img_584.jpg
58014,1280,720,631.94293,353.39117,986.8637,986.74805,3.403,0.041,1.693,0.014612,0.280457,0.013935,-0.959654,img_585.jpg
58091,1280,720,631.94293,353.39117,986.8637,986.74805,3.416,0.041,1.689,0.018333,0.283799,0.007847,-0.958677,img_586.jpg
58176,1280,720,631.94293,353.39117,986.8637,986.74805,3.430,0.042,1.684,0.019726,0.285935,0.008030,-0.958012,img_587.jpg
58245,1280,720,631.94293,353.39117,986.8637,986.74805,3.444,0.042,1.679,0.021395,0.288915,0.006625,-0.957093,img_588.jpg
58318,1280,720,631.94293,353.39117,986.8637,986.74805,3.465,0.041,1.670,0.024911,0.291638,0.008738,-0.956165,img_589.jpg,marker_10.jpg,0.28240672,0.28240672,3.928,-0.082,1.076,-0.719178,0.102924,-0.108074,-0.108074
58391,1280,720,631.94293,353.39117,986.8637,986.74805,3.478,0.040,1.664,0.029529,0.294929,0.011155,-0.954998,img_590.jpg
58477,1280,720,631.94293,353.39117,986.8637,986.74805,3.491,0.039,1.657,0.032609,0.298915,0.011303,-0.953655,img_591.jpg
58544,1280,720,631.94293,353.39117,986.8637,986.74805,3.511,0.037,1.651,0.034886,0.303169,0.020753,-0.952072,img_592.jpg
58625,1280,720,631.94293,353.39117,986.8637,986.74805,3.525,0.035,1.649,0.037582,0.308385,0.024995,-0.950190,img_593.jpg
58709,1280,720,631.94293,353.39117,986.8637,986.74805,3.538,0.033,1.649,0.036514,0.314241,0.025114,-0.948308,img_594.jpg
58775,1280,720,631.94293,353.39117,986.8637,986.74805,3.559,0.031,1.656,0.035023,0.321275,0.028130,-0.945920,img_595.jpg
58861,1280,720,631.94293,353.39117,986.8637,986.74805,3.573,0.031,1.663,0.032112,0.323994,0.029467,-0.945055,img_596.jpg
58942,1280,720,631.94293,353.39117,986.8637,986.74805,3.585,0.033,1.674,0.027408,0.323384,0.031338,-0.945352,img_597.jpg,marker_10.jpg,0.2798454,0.2798454,3.919,-0.081,1.076,-0.712841,0.117394,-0.122683,-0.122683
59014,1280,720,631.94293,353.39117,986.8637,986.74805,3.601,0.034,1.692,0.023353,0.319815,0.030535,-0.946700,img_598.jpg
59091,1280,720,631.94293,353.39117,986.8637,986.74805,3.610,0.035,1.705,0.019912,0.314279,0.030235,-0.948640,img_599.jpg
59176,1280,720,631.94293,353.39117,986.8637,986.74805,3.625,0.037,1.724,0.018811,0.305772,0.031186,-0.951408,img_600.jpg
59259,1280,720,631.94293,353.39117,986.8637,986.74805,3.635,0.038,1.739,0.017095,0.302872,0.029093,-0.952434,img_601.jpg
59330,1280,720,631.94293,353.39117,986.8637,986.74805,3.648,0.039,1.755,0.016601,0.301707,0.031553,-0.952734,img_602.jpg
59400,1280,720,631.94293,353.39117,986.8637,986.74805,3.661,0.038,1.772,0.016103,0.305465,0.033184,-0.951489,img_603.jpg,marker_10.jpg,0.27777883,0.27777883,3.914,-0.081,1.076,-0.707105,0.125466,-0.127719,-0.127719
59477,1280,720,631.94293,353.39117,986.8637,986.74805,3.680,0.038,1.800,0.015839,0.313798,0.033530,-0.948765,img_604.jpg
59562,1280,720,631.94293,353.39117,986.8637,986.74805,3.691,0.039,1.818,0.018447,0.319801,0.033265,-0.946721,img_605.jpg
59632,1280,720,631.94293,353.39117,986.8637,986.74805,3.703,0.039,1.838,0.020708,0.325305,0.033267,-0.944797,img_606.jpg
59709,1280,720,631.94293,353.39117,986.8637,986.74805,3.713,0.038,1.860,0.021933,0.331854,0.032270,-0.942523,img_607.jpg
59778,1280,720,631.94293,353.39117,986.8637,986.74805,3.728,0.035,1.891,0.024789,0.344939,0.032697,-0.937728,img_608.jpg
59860,1280,720,631.94293,353.39117,986.8637,986.74805,3.741,0.032,1.911,0.028289,0.358724,0.035805,-0.932328,img_609.jpg
59942,1280,720,631.94293,353.39117,986.8637,986.74805,3.757,0.028,1.931,0.030260,0.383818,0.040532,-0.922022,img_610.jpg
60026,1280,720,631.94293,353.39117,986.8637,986.74805,3.787,0.019,1.959,0.037647,0.425198,0.051332,-0.902859,img_611.jpg
60109,1280,720,631.94293,353.39117,986.8637,986.74805,3.806,0.014,1.977,0.040874,0.451580,0.057791,-0.889418,img_612.jpg
60172,1280,720,631.94293,353.39117,986.8637,986.74805,3.824,0.010,1.993,0.045708,0.471571,0.064586,-0.878271,img_613.jpg
60260,1280,720,631.94293,353.39117,986.8637,986.74805,3.850,0.006,2.014,0.049873,0.505153,0.068787,-0.858837,img_614.jpg
60325,1280,720,631.94293,353.39117,986.8637,986.74805,3.868,0.004,2.028,0.052284,0.526511,0.073808,-0.845343,img_615.jpg
60407,1280,720,631.94293,353.39117,986.8637,986.74805,3.885,0.003,2.040,0.055576,0.547906,0.076690,-0.831162,img_616.jpg
60470,1280,720,631.94293,353.39117,986.8637,986.74805,3.903,0.001,2.052,0.057363,0.566584,0.078597,-0.818239,img_617.jpg
60541,1280,720,631.94293,353.39117,986.8637,986.74805,3.932,0.001,2.068,0.057941,0.598977,0.073639,-0.795265,img_618.jpg
60627,1280,720,631.94293,353.39117,986.8637,986.74805,3.953,0.005,2.076,0.052922,0.631200,0.058733,-0.771580,img_619.jpg
60709,1280,720,631.94293,353.39117,986.8637,986.74805,3.976,0.012,2.080,0.051680,0.646741,0.057191,-0.758804,img_620.jpg
60774,1280,720,631.94293,353.39117,986.8637,986.74805,3.999,0.017,2.090,0.050741,0.667012,0.054493,-0.741317,img_621.jpg
60842,1280,720,631.94293,353.39117,986.8637,986.74805,4.024,0.020,2.108,0.042185,0.688564,0.044397,-0.722585,img_622.jpg
60910,1280,720,631.94293,353.39117,986.8637,986.74805,4.045,0.026,2.125,0.034648,0.706313,0.051652,-0.705162,img_623.jpg
60980,1280,720,631.94293,353.39117,986.8637,986.74805,4.072,0.032,2.151,0.023051,0.732497,0.056804,-0.678005,img_624.jpg
61062,1280,720,631.94293,353.39117,986.8637,986.74805,4.087,0.035,2.160,0.019191,0.748952,0.053368,-0.660192,img_625.jpg
61143,1280,720,631.94293,353.39117,986.8637,986.74805,4.106,0.036,2.176,0.016031,0.773421,0.049389,-0.631762,img_626.jpg
61226,1280,720,631.94293,353.39117,986.8637,986.74805,4.118,0.036,2.189,0.014031,0.787363,0.049637,-0.614327,img_627.jpg
61309,1280,720,631.94293,353.39117,986.8637,986.74805,4.129,0.036,2.204,0.013365,0.800553,0.051265,-0.596916,img_628.jpg
61378,1280,720,631.94293,353.39117,986.8637,986.74805,4.138,0.036,2.217,0.012456,0.811609,0.050994,-0.581838,img_629.jpg
61444,1280,720,631.94293,353.39117,986.8637,986.74805,4.152,0.035,2.234,0.013985,0.825714,0.053012,-0.561419,img_630.jpg
61526,1280,720,631.94293,353.39117,986.8637,986.74805,4.157,0.034,2.242,0.015004,0.833869,0.052268,-0.549278,img_631.jpg
61609,1280,720,631.94293,353.39117,986.8637,986.74805,4.166,0.033,2.255,0.013962,0.841839,0.053681,-0.536871,img_632.jpg
61692,1280,720,631.94293,353.39117,986.8637,986.74805,4.173,0.032,2.265,0.014729,0.845898,0.054411,-0.530357,img_633.jpg
61761,1280,720,631.94293,353.39117,986.8637,986.74805,4.177,0.031,2.274,0.015673,0.848080,0.055534,-0.526717,img_634.jpg
61843,1280,720,631.94293,353.39117,986.8637,986.74805,4.182,0.030,2.285,0.014939,0.849986,0.054502,-0.523766,img_635.jpg
61913,1280,720,631.94293,353.39117,986.8637,986.74805,4.187,0.029,2.307,0.011395,0.851440,0.057173,-0.521203,img_636.jpg
61992,1280,720,631.94293,353.39117,986.8637,986.74805,4.190,0.028,2.323,0.009366,0.852311,0.058027,-0.519723,img_637.jpg
62060,1280,720,631.94293,353.39117,986.8637,986.74805,4.194,0.029,2.340,0.007164,0.851412,0.059115,-0.521106,img_638.jpg,marker_11.jpg,0.29051372,0.29051372,4.902,-0.144,2.706,-0.443351,0.567198,-0.566578,-0.566578
62143,1280,720,631.94293,353.39117,986.8637,986.74805,4.198,0.030,2.364,0.012179,0.846380,0.063564,-0.528632,img_639.jpg
62226,1280,720,631.94293,353.39117,986.8637,986.74805,4.199,0.032,2.381,0.013384,0.840086,0.059703,-0.538992,img_640.jpg
62308,1280,720,631.94293,353.39117,986.8637,986.74805,4.200,0.034,2.403,0.019879,0.828521,0.060830,-0.556290,img_641.jpg
62394,1280,720,631.94293,353.39117,986.8637,986.74805,4.199,0.035,2.419,0.022253,0.825986,0.054902,-0.560570,img_642.jpg
62464,1280,720,631.94293,353.39117,986.8637,986.74805,4.197,0.035,2.436,0.023608,0.822751,0.050013,-0.565706,img_643.jpg
62544,1280,720,631.94293,353.39117,986.8637,986.74805,4.195,0.034,2.452,0.024440,0.817528,0.050089,-0.573186,img_644.jpg,marker_11.jpg,0.27392104,0.27392104,4.875,-0.137,2.684,-0.411409,0.590119,-0.576535,-0.576535
62616,1280,720,631.94293,353.39117,986.8637,986.74805,4.193,0.032,2.477,0.027887,0.809802,0.057219,-0.583241,img_645.jpg
62692,1280,720,631.94293,353.39117,986.8637,986.74805,4.190,0.030,2.491,0.028300,0.807534,0.057442,-0.586335,img_646.jpg
62757,1280,720,631.94293,353.39117,986.8637,986.74805,4.187,0.027,2.505,0.032959,0.802762,0.065947,-0.591724,img_647.jpg
62843,1280,720,631.94293,353.39117,986.8637,986.74805,4.176,0.025,2.524,0.029105,0.796846,0.071232,-0.599263,img_648.jpg
62927,1280,720,631.94293,353.39117,986.8637,986.74805,4.166,0.022,2.536,0.027820,0.794839,0.070406,-0.602080,img_649.jpg
62996,1280,720,631.94293,353.39117,986.8637,986.74805,4.153,0.018,2.547,0.029227,0.792359,0.069048,-0.605430,img_650.jpg
63065,1280,720,631.94293,353.39117,986.8637,986.74805,4.138,0.015,2.559,0.031241,0.790309,0.068556,-0.608059,img_651.jpg
63135,1280,720,631.94293,353.39117,986.8637,986.74805,4.121,0.012,2.571,0.035664,0.786297,0.067213,-0.613146,img_652.jpg,marker_11.jpg,0.27065206,0.27065206,4.867,-0.133,2.681,-0.410613,0.591212,-0.576863,-0.576863
63226,1280,720,631.94293,353.39117,986.8637,986.74805,4.089,0.008,2.590,0.042927,0.779560,0.064478,-0.621520,img_653.jpg
63293,1280,720,631.94293,353.39117,986.8637,986.74805,4.061,0.006,2.604,0.045390,0.776997,0.055736,-0.625387,img_654.jpg
63379,1280,720,631.94293,353.39117,986.8637,986.74805,4.018,0.005,2.628,0.046764,0.770244,0.053418,-0.633785,img_655.jpg
63463,1280,720,631.94293,353.39117,986.8637,986.74805,3.989,0.005,2.644,0.051000,0.764197,0.054691,-0.640633,img_656.jpg
63531,1280,720,631.94293,353.39117,986.8637,986.74805,3.961,0.005,2.661,0.052780,0.763433,0.045398,-0.642124,img_657.jpg
63600,1280,720,631.94293,353.39117,986.8637,986.74805,3.936,0.004,2.680,0.059373,0.759970,0.042952,-0.645814,img_658.jpg
63671,1280,720,631.94293,353.39117,986.8637,986.74805,3.912,0.005,2.703,0.056468,0.757384,0.040193,-0.649281,img_659.jpg
63738,1280,720,631.94293,353.39117,986.8637,986.74805,3.892,0.004,2.730,0.055153,0.754766,0.041416,-0.652358,img_660.jpg,marker_11.jpg,0.2704295,0.2704295,4.864,-0.131,2.682,-0.403443,0.598415,-0.584195,-0.584195
63812,1280,720,631.94293,353.39117,986.8637,986.74805,3.864,0.002,2.776,0.050911,0.747289,0.043873,-0.661091,img_661.jpg
63892,1280,720,631.94293,353.39117,986.8637,986.74805,3.846,0.001,2.810,0.046532,0.739827,0.045098,-0.669669,img_662.jpg
63962,1280,720,631.94293,353.39117,986.8637,986.74805,3.826,0.000,2.845,0.042681,0.732810,0.046176,-0.677522,img_663.jpg
64030,1280,720,631.94293,353.39117,986.8637,986.74805,3.809,-0.001,2.879,0.044351,0.730492,0.047750,-0.679805,img_664.jpg
64105,1280,720,631.94293,353.39117,986.8637,986.74805,3.790,-0.003,2.912,0.044478,0.724951,0.047349,-0.685730,img_665.jpg
64174,1280,720,631.94293,353.39117,986.8637,986.74805,3.763,-0.007,2.957,0.059123,0.720017,0.059365,-0.688880,img_666.jpg
64243,1280,720,631.94293,353.39117,986.8637,986.74805,3.740,-0.008,2.988,0.058376,0.718310,0.060513,-0.690624,img_667.jpg
64327,1280,720,631.94293,353.39117,986.8637,986.74805,3.713,-0.010,3.015,0.056711,0.719360,0.056635,-0.689998,img_668.jpg
64397,1280,720,631.94293,353.39117,986.8637,986.74805,3.684,-0.014,3.043,0.055729,0.722747,0.057345,-0.686471,img_669.jpg
64464,1280,720,631.94293,353.39117,986.8637,986.74805,3.653,-0.018,3.069,0.056588,0.722712,0.062790,-0.685961,img_670.jpg
64533,1280,720,631.94293,353.39117,986.8637,986.74805,3.616,-0.024,3.093,0.059641,0.726735,0.062391,-0.681474,img_671.jpg
64605,1280,720,631.94293,353.39117,986.8637,986.74805,3.562,-0.033,3.130,0.060218,0.733167,0.063275,-0.674416,img_672.jpg,marker_11.jpg,0.2706794,0.2706794,4.862,-0.130,2.684,-0.400804,0.600052,-0.585325,-0.585325
64692,1280,720,631.94293,353.39117,986.8637,986.74805,3.525,-0.040,3.153,0.059273,0.739600,0.060840,-0.667665,img_673.jpg
64760,1280,720,631.94293,353.39117,986.8637,986.74805,3.487,-0.045,3.178,0.059537,0.746270,0.057557,-0.660472,img_674.jpg
64844,1280,720,631.94293,353.39117,986.8637,986.74805,3.435,-0.053,3.214,0.078030,0.750213,0.070904,-0.652736,img_675.jpg
64927,1280,720,631.94293,353.39117,986.8637,986.74805,3.396,-0.051,3.239,0.077335,0.758079,0.064481,-0.644342,img_676.jpg
64997,1280,720,631.94293,353.39117,986.8637,986.74805,3.359,-0.049,3.265,0.076152,0.767944,0.058577,-0.633271,img_677.jpg
65076,1280,720,631.94293,353.39117,986.8637,986.74805,3.313,-0.048,3.307,0.079832,0.781319,0.062798,-0.615812,img_678.jpg
65162,1280,720,631.94293,353.39117,986.8637,986.74805,3.288,-0.046,3.334,0.081225,0.791061,0.060573,-0.603287,img_679.jpg
65230,1280,720,631.94293,353.39117,986.8637,986.74805,3.266,-0.043,3.361,0.082724,0.800243,0.060116,-0.590892,img_680.jpg
65300,1280,720,631.94293,353.39117,986.8637,986.74805,3.244,-0.041,3.390,0.080536,0.808743,0.060973,-0.579423,img_681.jpg
65369,1280,720,631.94293,353.39117,986.8637,986.74805,3.222,-0.039,3.418,0.075816,0.816034,0.062066,-0.569638,img_682.jpg
65438,1280,720,631.94293,353.39117,986.8637,986.74805,3.203,-0.035,3.446,0.069556,0.823445,0.061720,-0.559725,img_683.jpg
65508,1280,720,631.94293,353.39117,986.8637,986.74805,3.180,-0.032,3.487,0.061534,0.831544,0.064152,-0.548301,img_684.jpg
65577,1280,720,631.94293,353.39117,986.8637,986.74805,3.162,-0.031,3.516,0.056995,0.835256,0.065818,-0.542925,img_685.jpg
65662,1280,720,631.94293,353.39117,986.8637,986.74805,3.147,-0.029,3.546,0.052150,0.838000,0.064782,-0.539296,img_686.jpg
65731,1280,720,631.94293,353.39117,986.8637,986.74805,3.153,-0.035,3.578,0.050897,0.838805,0.065427,-0.538084,img_687.jpg
65801,1280,720,631.94293,353.39117,986.8637,986.74805,3.131,-0.035,3.615,0.048386,0.839776,0.062946,-0.537096,img_688.jpg
65867,1280,720,631.94293,353.39117,986.8637,986.74805,3.118,-0.034,3.648,0.047418,0.838653,0.063687,-0.538848,img_689.jpg
65940,1280,720,631.94293,353.39117,986.8637,986.74805,3.090,-0.030,3.701,0.045513,0.839139,0.057577,-0.538943,img_690.jpg
66028,1280,720,631.94293,353.39117,986.8637,986.74805,3.079,-0.028,3.732,0.044812,0.838128,0.054002,-0.540941,img_691.jpg
66094,1280,720,631.94293,353.39117,986.8637,986.74805,3.069,-0.027,3.760,0.046146,0.836911,0.053305,-0.542779,img_692.jpg
66163,1280,720,631.94293,353.39117,986.8637,986.74805,3.066,-0.026,3.776,0.047213,0.835697,0.051342,-0.544743,img_693.jpg
66232,1280,720,631.94293,353.39117,986.8637,986.74805,3.058,-0.022,3.788,0.047086,0.835337,0.047967,-0.545613,img_694.jpg
66306,1280,720,631.94293,353.39117,986.8637,986.74805,3.050,-0.019,3.801,0.045842,0.836454,0.042940,-0.544426,img_695.jpg
66393,1280,720,631.94293,353.39117,986.8637,986.74805,3.035,-0.014,3.826,0.039766,0.839514,0.037880,-0.540555,img_696.jpg
66461,1280,720,631.94293,353.39117,986.8637,986.74805,3.025,-0.010,3.839,0.034965,0.842848,0.034188,-0.535926,img_697.jpg
66533,1280,720,631.94293,353.39117,986.8637,986.74805,3.013,-0.008,3.857,0.031932,0.845224,0.032762,-0.532451,img_698.jpg
66611,1280,720,631.94293,353.39117,986.8637,986.74805,3.006,-0.007,3.869,0.031508,0.847491,0.028132,-0.529127,img_699.jpg
66681,1280,720,631.94293,353.39117,986.8637,986.74805,2.989,-0.006,3.882,0.033993,0.851166,0.021134,-0.523368,img_700.jpg,marker_12.jpg,0.2821299,0.2821299,3.683,-0.199,4.288,-0.379771,0.591436,-0.599134,-0.599134
66761,1280,720,631.94293,353.39117,986.8637,986.74805,2.978,-0.007,3.892,0.034118,0.852790,0.019626,-0.520769,img_701.jpg
66827,1280,720,631.94293,353.39117,986.8637,986.74805,2.965,-0.007,3.900,0.033158,0.853865,0.017955,-0.519127,img_702.jpg
66909,1280,720,631.94293,353.39117,986.8637,986.74805,2.946,-0.008,3.913,0.031632,0.852815,0.022115,-0.520785,img_703.jpg
66978,1280,720,631.94293,353.39117,986.8637,986.74805,2.935,-0.009,3.917,0.030978,0.851546,0.021859,-0.522908,img_704.jpg
67064,1280,720,631.94293,353.39117,986.8637,986.74805,2.923,-0.010,3.924,0.030495,0.849997,0.019743,-0.525533,img_705.jpg
67131,1280,720,631.94293,353.39117,986.8637,986.74805,2.911,-0.013,3.930,0.031615,0.847938,0.020483,-0.528755,img_706.jpg
67205,1280,720,631.94293,353.39117,986.8637,986.74805,2.899,-0.016,3.934,0.034421,0.844079,0.025192,-0.534520,img_707.jpg
67273,1280,720,631.94293,353.39117,986.8637,986.74805,2.880,-0.022,3.941,0.030441,0.837067,0.021493,-0.545831,img_708.jpg,marker_12.jpg,0.28298938,0.28298938,3.688,-0.201,4.285,-0.389159,0.586598,-0.597832,-0.597832
67344,1280,720,631.94293,353.39117,986.8637,986.74805,2.872,-0.025,3.944,0.034031,0.833777,0.021604,-0.550628,img_709.jpg
67427,1280,720,631.94293,353.39117,986.8637,986.74805,2.864,-0.027,3.949,0.034388,0.830725,0.024313,-0.555087,img_710.jpg
67509,1280,720,631.94293,353.39117,986.8637,986.74805,2.853,-0.028,3.956,0.030362,0.829884,0.022455,-0.556656,img_711.jpg
67595,1280,720,631.94293,353.39117,986.8637,986.74805,2.849,-0.027,3.962,0.024827,0.828823,0.022767,-0.558495,img_712.jpg
67679,1280,720,631.94293,353.39117,986.8637,986.74805,2.845,-0.024,3.969,0.020216,0.828126,0.022455,-0.559727,img_713.jpg
67764,1280,720,631.94293,353.39117,986.8637,986.74805,2.843,-0.022,3.973,0.013918,0.830195,0.016143,-0.557066,img_714.jpg
67832,1280,720,631.94293,353.39117,986.8637,986.74805,2.844,-0.020,3.978,0.009401,0.830933,0.014689,-0.556099,img_715.jpg
67904,1280,720,631.94293,353.39117,986.8637,986.74805,2.845,-0.020,3.986,0.007996,0.831918,0.011033,-0.554732,img_716.jpg,marker_12.jpg,0.2809472,0.2809472,3.681,-0.200,4.281,-0.381933,0.587835,-0.600706,-0.600706
67981,1280,720,631.94293,353.39117,986.8637,986.74805,2.847,-0.020,3.992,0.009995,0.830687,0.015816,-0.556426,img_717.jpg
68062,1280,720,631.94293,353.39117,986.8637,986.74805,2.848,-0.021,3.997,0.009553,0.827664,0.017640,-0.560866,img_718.jpg
68129,1280,720,631.94293,353.39117,986.8637,986.74805,2.850,-0.023,4.000,0.010844,0.826677,0.016780,-0.562322,img_719.jpg
68203,1280,720,631.94293,353.39117,986.8637,986.74805,2.853,-0.024,4.007,0.008681,0.824241,0.021025,-0.565782,img_720.jpg
68297,1280,720,631.94293,353.39117,986.8637,986.74805,2.856,-0.025,4.012,0.007123,0.822076,0.024820,-0.568793,img_721.jpg
68377,1280,720,631.94293,353.39117,986.8637,986.74805,2.862,-0.027,4.017,0.011996,0.820125,0.029053,-0.571321,img_722.jpg
