time,sizeX,sizeY,p_x,p_y,f_x,f_y,pos_X,pos_Y,pos_Z,q_x,q_y,q_z,q_w,marker_ID,marker_x,marker_y,marker_z,marker_qx,marker_qy,marker_qz,marker_qw,marker_ID,marker_x,marker_y,marker_z,marker_qx,marker_qy,marker_qz,marker_qw,marker_ID,marker_x,marker_y,marker_z,marker_qx,marker_qy,marker_qz,marker_qw,
11863,1280,720,631.94293,353.39117,986.8637,986.74805,0.225,0.014,1.029,0.089131,0.013503,0.000117,-0.995928,img_1.jpg
11950,1280,720,631.94293,353.39117,986.8637,986.74805,0.225,0.015,1.029,0.087270,0.015657,0.000720,-0.996061,img_2.jpg
12046,1280,720,631.94293,353.39117,986.8637,986.74805,0.225,0.015,1.028,0.086316,0.017267,0.001124,-0.996118,img_3.jpg
12132,1280,720,631.94293,353.39117,986.8637,986.74805,0.225,0.015,1.028,0.086550,0.018763,0.001238,-0.996070,img_4.jpg,marker_1.jpg,0.2849459,0.2849459,0.242,-0.121,0.399,-0.711615,0.000951,-0.002444,-0.002444
12210,1280,720,631.94293,353.39117,986.8637,986.74805,0.224,0.015,1.027,0.086560,0.021334,0.001959,-0.996016,img_5.jpg
12295,1280,720,631.94293,353.39117,986.8637,986.74805,0.224,0.015,1.026,0.086822,0.022992,0.002935,-0.995954,img_6.jpg
12379,1280,720,631.94293,353.39117,986.8637,986.74805,0.224,0.014,1.027,0.086240,0.025997,0.004312,-0.995926,img_7.jpg
12450,1280,720,631.94293,353.39117,986.8637,986.74805,0.225,0.013,1.028,0.086944,0.028499,0.008557,-0.995769,img_8.jpg
12527,1280,720,631.94293,353.39117,986.8637,986.74805,0.226,0.011,1.029,0.088676,0.030389,0.010020,-0.995546,img_9.jpg
12614,1280,720,631.94293,353.39117,986.8637,986.74805,0.226,0.007,1.033,0.090424,0.040608,0.007693,-0.995045,img_10.jpg
12694,1280,720,631.94293,353.39117,986.8637,986.74805,0.227,0.005,1.036,0.092394,0.048509,0.006680,-0.994518,img_11.jpg
12777,1280,720,631.94293,353.39117,986.8637,986.74805,0.231,0.004,1.038,0.094501,0.049989,0.012422,-0.994191,img_12.jpg,marker_1.jpg,0.28606835,0.28606835,0.241,-0.121,0.398,-0.709800,0.000267,-0.000432,-0.000432
12848,1280,720,631.94293,353.39117,986.8637,986.74805,0.242,0.002,1.043,0.093373,0.054205,0.015352,-0.994036,img_13.jpg
12929,1280,720,631.94293,353.39117,986.8637,986.74805,0.254,0.001,1.045,0.090980,0.054776,0.017562,-0.994190,img_14.jpg
13011,1280,720,631.94293,353.39117,986.8637,986.74805,0.270,0.002,1.047,0.089010,0.055072,0.018714,-0.994331,img_15.jpg
13079,1280,720,631.94293,353.39117,986.8637,986.74805,0.289,0.003,1.049,0.086499,0.053161,0.019481,-0.994642,img_16.jpg
13156,1280,720,631.94293,353.39117,986.8637,986.74805,0.323,0.004,1.058,0.079657,0.053520,0.016147,-0.995254,img_17.jpg
13244,1280,720,631.94293,353.39117,986.8637,986.74805,0.364,0.005,1.069,0.077302,0.051646,0.016634,-0.995530,img_18.jpg
13328,1280,720,631.94293,353.39117,986.8637,986.74805,0.395,0.005,1.076,0.080614,0.049629,0.016668,-0.995370,img_19.jpg
13411,1280,720,631.94293,353.39117,986.8637,986.74805,0.425,0.007,1.086,0.077936,0.046437,0.017642,-0.995720,img_20.jpg
13489,1280,720,631.94293,353.39117,986.8637,986.74805,0.470,0.009,1.102,0.076385,0.041104,0.014971,-0.996118,img_21.jpg
13577,1280,720,631.94293,353.39117,986.8637,986.74805,0.513,0.012,1.117,0.078589,0.031621,0.017343,-0.996255,img_22.jpg
13661,1280,720,631.94293,353.39117,986.8637,986.74805,0.538,0.014,1.127,0.076665,0.028091,0.012801,-0.996579,img_23.jpg
13736,1280,720,631.94293,353.39117,986.8637,986.74805,0.561,0.016,1.136,0.074345,0.022741,0.012388,-0.996896,img_24.jpg
13810,1280,720,631.94293,353.39117,986.8637,986.74805,0.435,-0.038,1.181,0.049968,0.113929,0.023265,-0.991959,img_25.jpg,marker_1.jpg,0.30986372,0.30986372,0.229,-0.132,0.387,-0.715924,0.091356,-0.117305,-0.117305
13894,1280,720,631.94293,353.39117,986.8637,986.74805,0.456,-0.034,1.189,0.050571,0.114592,0.021887,-0.991883,img_26.jpg
13978,1280,720,631.94293,353.39117,986.8637,986.74805,0.484,-0.024,1.194,0.055993,0.114719,0.022576,-0.991562,img_27.jpg
14061,1280,720,631.94293,353.39117,986.8637,986.74805,0.502,-0.025,1.199,0.056258,0.113899,0.024300,-0.991601,img_28.jpg
14146,1280,720,631.94293,353.39117,986.8637,986.74805,0.516,-0.028,1.203,0.053593,0.114243,0.023856,-0.991719,img_29.jpg
14217,1280,720,631.94293,353.39117,986.8637,986.74805,0.532,-0.029,1.204,0.055030,0.108154,0.023316,-0.992336,img_30.jpg
14292,1280,720,631.94293,353.39117,986.8637,986.74805,0.559,-0.032,1.207,0.051662,0.101378,0.023325,-0.993232,img_31.jpg
14378,1280,720,631.94293,353.39117,986.8637,986.74805,0.592,-0.033,1.207,0.052441,0.091638,0.022254,-0.994162,img_32.jpg
14461,1280,720,631.94293,353.39117,986.8637,986.74805,0.617,-0.035,1.206,0.053339,0.087046,0.016782,-0.994634,img_33.jpg
14545,1280,720,631.94293,353.39117,986.8637,986.74805,0.646,-0.035,1.206,0.053444,0.085377,0.013174,-0.994827,img_34.jpg
14617,1280,720,631.94293,353.39117,986.8637,986.74805,0.693,-0.031,1.204,0.060924,0.093226,0.017485,-0.993625,img_35.jpg
14694,1280,720,631.94293,353.39117,986.8637,986.74805,0.725,-0.029,1.205,0.064097,0.111846,0.018263,-0.991488,img_36.jpg
14771,1280,720,631.94293,353.39117,986.8637,986.74805,0.758,-0.030,1.209,0.059318,0.137120,0.014627,-0.988669,img_37.jpg
14861,1280,720,631.94293,353.39117,986.8637,986.74805,0.810,-0.031,1.213,0.069807,0.173050,0.023978,-0.982143,img_38.jpg
14946,1280,720,631.94293,353.39117,986.8637,986.74805,0.862,-0.028,1.227,0.063252,0.209154,0.027730,-0.975441,img_39.jpg
15028,1280,720,631.94293,353.39117,986.8637,986.74805,0.900,-0.028,1.239,0.061492,0.228808,0.036562,-0.970839,img_40.jpg
15110,1280,720,631.94293,353.39117,986.8637,986.74805,0.938,-0.030,1.253,0.058166,0.247592,0.040711,-0.966260,img_41.jpg
15184,1280,720,631.94293,353.39117,986.8637,986.74805,0.998,-0.034,1.279,0.053908,0.272377,0.039810,-0.959854,img_42.jpg
15277,1280,720,631.94293,353.39117,986.8637,986.74805,1.060,-0.038,1.308,0.055824,0.294642,0.035505,-0.953315,img_43.jpg
15361,1280,720,631.94293,353.39117,986.8637,986.74805,1.102,-0.040,1.329,0.056919,0.311117,0.028762,-0.948230,img_44.jpg
15444,1280,720,631.94293,353.39117,986.8637,986.74805,1.143,-0.040,1.350,0.058713,0.324662,0.029129,-0.943557,img_45.jpg
15528,1280,720,631.94293,353.39117,986.8637,986.74805,1.204,-0.041,1.377,0.071834,0.343939,0.035296,-0.935575,img_46.jpg
15610,1280,720,631.94293,353.39117,986.8637,986.74805,1.239,-0.041,1.393,0.074357,0.355976,0.032382,-0.930969,img_47.jpg
15680,1280,720,631.94293,353.39117,986.8637,986.74805,1.287,-0.040,1.410,0.082379,0.373124,0.028908,-0.923665,img_48.jpg
15761,1280,720,631.94293,353.39117,986.8637,986.74805,1.314,-0.038,1.420,0.083500,0.381042,0.030099,-0.920287,img_49.jpg
15829,1280,720,631.94293,353.39117,986.8637,986.74805,1.342,-0.037,1.428,0.080479,0.387536,0.033326,-0.917730,img_50.jpg
15910,1280,720,631.94293,353.39117,986.8637,986.74805,1.369,-0.036,1.433,0.077276,0.395919,0.033501,-0.914415,img_51.jpg
15985,1280,720,631.94293,353.39117,986.8637,986.74805,1.369,-0.036,1.433,0.077276,0.395919,0.033501,-0.914415,img_52.jpg
16077,1280,720,631.94293,353.39117,986.8637,986.74805,1.369,-0.036,1.433,0.077276,0.395919,0.033501,-0.914415,img_53.jpg
16161,1280,720,631.94293,353.39117,986.8637,986.74805,1.369,-0.036,1.433,0.077276,0.395919,0.033501,-0.914415,img_54.jpg
16244,1280,720,631.94293,353.39117,986.8637,986.74805,1.369,-0.036,1.433,0.077276,0.395919,0.033501,-0.914415,img_55.jpg
16328,1280,720,631.94293,353.39117,986.8637,986.74805,1.369,-0.036,1.433,0.077276,0.395919,0.033501,-0.914415,img_56.jpg
16410,1280,720,631.94293,353.39117,986.8637,986.74805,1.369,-0.036,1.433,0.077276,0.395919,0.033501,-0.914415,img_57.jpg
16493,1280,720,631.94293,353.39117,986.8637,986.74805,1.369,-0.036,1.433,0.077276,0.395919,0.033501,-0.914415,img_58.jpg
16567,1280,720,631.94293,353.39117,986.8637,986.74805,1.369,-0.036,1.433,0.077276,0.395919,0.033501,-0.914415,img_59.jpg
16639,1280,720,631.94293,353.39117,986.8637,986.74805,1.369,-0.036,1.433,0.077276,0.395919,0.033501,-0.914415,img_60.jpg
16711,1280,720,631.94293,353.39117,986.8637,986.74805,1.369,-0.036,1.433,0.077276,0.395919,0.033501,-0.914415,img_61.jpg
16793,1280,720,631.94293,353.39117,986.8637,986.74805,1.369,-0.036,1.433,0.077276,0.395919,0.033501,-0.914415,img_62.jpg
16868,1280,720,631.94293,353.39117,986.8637,986.74805,1.369,-0.036,1.433,0.077276,0.395919,0.033501,-0.914415,img_63.jpg
16937,1280,720,631.94293,353.39117,986.8637,986.74805,1.369,-0.036,1.433,0.077276,0.395919,0.033501,-0.914415,img_64.jpg
17008,1280,720,631.94293,353.39117,986.8637,986.74805,1.369,-0.036,1.433,0.077276,0.395919,0.033501,-0.914415,img_65.jpg
17085,1280,720,631.94293,353.39117,986.8637,986.74805,1.369,-0.036,1.433,0.077276,0.395919,0.033501,-0.914415,img_66.jpg
17161,1280,720,631.94293,353.39117,986.8637,986.74805,1.369,-0.036,1.433,0.077276,0.395919,0.033501,-0.914415,img_67.jpg
17244,1280,720,631.94293,353.39117,986.8637,986.74805,1.369,-0.036,1.433,0.077276,0.395919,0.033501,-0.914415,img_68.jpg
17328,1280,720,631.94293,353.39117,986.8637,986.74805,1.369,-0.036,1.433,0.077276,0.395919,0.033501,-0.914415,img_69.jpg
17404,1280,720,631.94293,353.39117,986.8637,986.74805,1.369,-0.036,1.433,0.077276,0.395919,0.033501,-0.914415,img_70.jpg
17482,1280,720,631.94293,353.39117,986.8637,986.74805,1.369,-0.036,1.433,0.077276,0.395919,0.033501,-0.914415,img_71.jpg
17560,1280,720,631.94293,353.39117,986.8637,986.74805,1.369,-0.036,1.433,0.077276,0.395919,0.033501,-0.914415,img_72.jpg
17644,1280,720,631.94293,353.39117,986.8637,986.74805,1.369,-0.036,1.433,0.077276,0.395919,0.033501,-0.914415,img_73.jpg
17728,1280,720,631.94293,353.39117,986.8637,986.74805,0.917,0.020,0.918,0.079852,0.103772,-0.001811,-0.991389,img_74.jpg
17811,1280,720,631.94293,353.39117,986.8637,986.74805,0.919,0.029,0.875,0.075859,0.110401,0.000006,-0.990988,img_75.jpg
17894,1280,720,631.94293,353.39117,986.8637,986.74805,0.918,0.028,0.846,0.076622,0.114836,0.002422,-0.990422,img_76.jpg
17970,1280,720,631.94293,353.39117,986.8637,986.74805,0.914,0.029,0.824,0.074684,0.120957,0.002600,-0.989841,img_77.jpg
18048,1280,720,631.94293,353.39117,986.8637,986.74805,0.906,0.029,0.790,0.074493,0.131223,0.004958,-0.988538,img_78.jpg
18129,1280,720,631.94293,353.39117,986.8637,986.74805,0.902,0.030,0.763,0.081171,0.137327,0.006343,-0.987174,img_79.jpg
18211,1280,720,631.94293,353.39117,986.8637,986.74805,0.895,0.033,0.737,0.080305,0.143577,0.005742,-0.986359,img_80.jpg
18288,1280,720,631.94293,353.39117,986.8637,986.74805,0.887,0.037,0.703,0.081205,0.152301,0.008777,-0.984953,img_81.jpg,marker_3.jpg,0.28893465,0.28893465,1.161,-0.081,-0.017,-0.648292,0.172318,-0.156819,-0.156819
18378,1280,720,631.94293,353.39117,986.8637,986.74805,0.881,0.039,0.679,0.083142,0.161737,0.010206,-0.983272,img_82.jpg
18462,1280,720,631.94293,353.39117,986.8637,986.74805,0.877,0.040,0.662,0.084638,0.167423,0.013032,-0.982159,img_83.jpg
18532,1280,720,631.94293,353.39117,986.8637,986.74805,0.877,0.040,0.655,0.084995,0.173781,0.016180,-0.980976,img_84.jpg
18606,1280,720,631.94293,353.39117,986.8637,986.74805,0.877,0.040,0.648,0.085304,0.179386,0.017695,-0.979914,img_85.jpg
18682,1280,720,631.94293,353.39117,986.8637,986.74805,0.875,0.039,0.629,0.085437,0.186087,0.016240,-0.978677,img_86.jpg,marker_3.jpg,0.30354768,0.30354768,1.173,-0.088,-0.030,-0.648950,0.193260,-0.173113,-0.173113
18761,1280,720,631.94293,353.39117,986.8637,986.74805,0.875,0.039,0.619,0.083021,0.190238,0.014986,-0.978107,img_87.jpg
18834,1280,720,631.94293,353.39117,986.8637,986.74805,0.874,0.039,0.611,0.082053,0.193807,0.014614,-0.977493,img_88.jpg
18909,1280,720,631.94293,353.39117,986.8637,986.74805,0.873,0.038,0.602,0.079282,0.199313,0.014902,-0.976610,img_89.jpg
18994,1280,720,631.94293,353.39117,986.8637,986.74805,0.873,0.039,0.598,0.076387,0.202831,0.015373,-0.976109,img_90.jpg
19070,1280,720,631.94293,353.39117,986.8637,986.74805,0.874,0.039,0.594,0.073932,0.208551,0.017581,-0.975055,img_91.jpg
19141,1280,720,631.94293,353.39117,986.8637,986.74805,0.876,0.040,0.594,0.069103,0.215431,0.019947,-0.973867,img_92.jpg
19228,1280,720,631.94293,353.39117,986.8637,986.74805,0.877,0.042,0.593,0.066525,0.219271,0.020372,-0.973180,img_93.jpg
19300,1280,720,631.94293,353.39117,986.8637,986.74805,0.877,0.044,0.594,0.063840,0.221790,0.019607,-0.972805,img_94.jpg,marker_3.jpg,0.30144992,0.30144992,1.171,-0.088,-0.028,-0.673029,0.170955,-0.158423,-0.158423
19371,1280,720,631.94293,353.39117,986.8637,986.74805,0.878,0.047,0.597,0.062152,0.220323,0.020709,-0.973225,img_95.jpg
19461,1280,720,631.94293,353.39117,986.8637,986.74805,0.877,0.048,0.600,0.060546,0.219045,0.019897,-0.973631,img_96.jpg
19529,1280,720,631.94293,353.39117,986.8637,986.74805,0.880,0.050,0.603,0.056747,0.214824,0.017096,-0.974853,img_97.jpg
19601,1280,720,631.94293,353.39117,986.8637,986.74805,0.883,0.052,0.606,0.056860,0.212370,0.018911,-0.975350,img_98.jpg
19682,1280,720,631.94293,353.39117,986.8637,986.74805,0.888,0.050,0.608,0.060056,0.213260,0.021508,-0.974911,img_99.jpg
19761,1280,720,631.94293,353.39117,986.8637,986.74805,0.898,0.049,0.615,0.062609,0.209874,0.022818,-0.975455,img_100.jpg
19833,1280,720,631.94293,353.39117,986.8637,986.74805,0.903,0.048,0.619,0.065114,0.210075,0.023178,-0.975239,img_101.jpg
19911,1280,720,631.94293,353.39117,986.8637,986.74805,0.916,0.046,0.629,0.065486,0.204880,0.024955,-0.976275,img_102.jpg,marker_3.jpg,0.29990456,0.29990456,1.169,-0.087,-0.024,-0.677062,0.160265,-0.146069,-0.146069
19997,1280,720,631.94293,353.39117,986.8637,986.74805,0.926,0.046,0.640,0.064713,0.199610,0.025154,-0.977413,img_103.jpg
20070,1280,720,631.94293,353.39117,986.8637,986.74805,0.933,0.046,0.649,0.063972,0.196851,0.025693,-0.978007,img_104.jpg
20142,1280,720,631.94293,353.39117,986.8637,986.74805,0.950,0.046,0.667,0.061998,0.195262,0.028142,-0.978385,img_105.jpg
20229,1280,720,631.94293,353.39117,986.8637,986.74805,0.966,0.045,0.679,0.064816,0.196276,0.028244,-0.977996,img_106.jpg
20305,1280,720,631.94293,353.39117,986.8637,986.74805,0.993,0.042,0.699,0.071484,0.193684,0.030641,-0.977976,img_107.jpg
20378,1280,720,631.94293,353.39117,986.8637,986.74805,1.012,0.037,0.714,0.077121,0.190912,0.033489,-0.978000,img_108.jpg
20461,1280,720,631.94293,353.39117,986.8637,986.74805,1.032,0.032,0.730,0.079883,0.189432,0.035832,-0.977983,img_109.jpg
20545,1280,720,631.94293,353.39117,986.8637,986.74805,1.065,0.027,0.758,0.082716,0.184396,0.037476,-0.978648,img_110.jpg,marker_3.jpg,0.2919802,0.2919802,1.161,-0.082,-0.005,-0.693248,0.159618,-0.151067,-0.151067
20628,1280,720,631.94293,353.39117,986.8637,986.74805,1.088,0.025,0.778,0.084672,0.179591,0.040534,-0.979252,img_111.jpg
20712,1280,720,631.94293,353.39117,986.8637,986.74805,1.122,0.025,0.814,0.081112,0.181200,0.042812,-0.979160,img_112.jpg
20794,1280,720,631.94293,353.39117,986.8637,986.74805,1.145,0.024,0.834,0.084090,0.185450,0.041443,-0.978172,img_113.jpg
20868,1280,720,631.94293,353.39117,986.8637,986.74805,1.167,0.023,0.853,0.085563,0.194476,0.036871,-0.976473,img_114.jpg
20946,1280,720,631.94293,353.39117,986.8637,986.74805,1.198,0.023,0.880,0.080107,0.207864,0.030739,-0.974387,img_115.jpg
21029,1280,720,631.94293,353.39117,986.8637,986.74805,1.219,0.023,0.894,0.082095,0.212494,0.036270,-0.973032,img_116.jpg
21111,1280,720,631.94293,353.39117,986.8637,986.74805,1.253,0.022,0.911,0.081309,0.219642,0.042002,-0.971279,img_117.jpg
21195,1280,720,631.94293,353.39117,986.8637,986.74805,1.276,0.021,0.920,0.075712,0.226208,0.041844,-0.970230,img_118.jpg
21271,1280,720,631.94293,353.39117,986.8637,986.74805,1.300,0.018,0.923,0.077795,0.229274,0.043293,-0.969282,img_119.jpg
21346,1280,720,631.94293,353.39117,986.8637,986.74805,1.338,0.012,0.930,0.080608,0.231920,0.042024,-0.968478,img_120.jpg
21429,1280,720,631.94293,353.39117,986.8637,986.74805,1.365,0.010,0.932,0.082784,0.230201,0.041033,-0.968747,img_121.jpg
21503,1280,720,631.94293,353.39117,986.8637,986.74805,1.395,0.010,0.930,0.082615,0.223639,0.040720,-0.970310,img_122.jpg
21582,1280,720,631.94293,353.39117,986.8637,986.74805,1.438,0.011,0.929,0.083050,0.219526,0.033192,-0.971499,img_123.jpg
21661,1280,720,631.94293,353.39117,986.8637,986.74805,1.470,0.012,0.930,0.085209,0.219250,0.031904,-0.971417,img_124.jpg
21734,1280,720,631.94293,353.39117,986.8637,986.74805,1.505,0.016,0.929,0.088933,0.220743,0.035411,-0.970623,img_125.jpg
21805,1280,720,631.94293,353.39117,986.8637,986.74805,1.560,0.021,0.931,0.085216,0.241719,0.032277,-0.966058,img_126.jpg
21894,1280,720,631.94293,353.39117,986.8637,986.74805,1.599,0.023,0.936,0.082263,0.260068,0.036933,-0.961370,img_127.jpg
21965,1280,720,631.94293,353.39117,986.8637,986.74805,1.639,0.022,0.940,0.086719,0.276194,0.045202,-0.956114,img_128.jpg
22039,1280,720,631.94293,353.39117,986.8637,986.74805,1.695,0.022,0.951,0.082676,0.299040,0.046589,-0.949510,img_129.jpg
22128,1280,720,631.94293,353.39117,986.8637,986.74805,1.733,0.020,0.963,0.080845,0.304634,0.053924,-0.947499,img_130.jpg
22198,1280,720,631.94293,353.39117,986.8637,986.74805,1.772,0.018,0.976,0.080426,0.319393,0.060616,-0.942256,img_131.jpg
22269,1280,720,631.94293,353.39117,986.8637,986.74805,1.811,0.015,0.991,0.078408,0.332015,0.064230,-0.937813,img_132.jpg
22345,1280,720,631.94293,353.39117,986.8637,986.74805,1.852,0.012,1.009,0.076789,0.341890,0.070119,-0.933969,img_133.jpg
22414,1280,720,631.94293,353.39117,986.8637,986.74805,1.914,0.010,1.042,0.071540,0.353902,0.071780,-0.929776,img_134.jpg
22494,1280,720,631.94293,353.39117,986.8637,986.74805,1.955,0.010,1.067,0.072793,0.357174,0.069734,-0.928582,img_135.jpg
22568,1280,720,631.94293,353.39117,986.8637,986.74805,2.012,0.017,1.112,0.071538,0.362047,0.062782,-0.927288,img_136.jpg
22645,1280,720,631.94293,353.39117,986.8637,986.74805,2.051,0.026,1.145,0.070155,0.362767,0.066599,-0.926846,img_137.jpg
22711,1280,720,631.94293,353.39117,986.8637,986.74805,2.084,0.031,1.181,0.071747,0.366264,0.064572,-0.925491,img_138.jpg
22794,1280,720,631.94293,353.39117,986.8637,986.74805,2.122,0.032,1.209,0.078494,0.368907,0.062453,-0.924038,img_139.jpg
22868,1280,720,631.94293,353.39117,986.8637,986.74805,2.159,0.031,1.235,0.079883,0.375350,0.061239,-0.921402,img_140.jpg
22941,1280,720,631.94293,353.39117,986.8637,986.74805,2.216,0.029,1.267,0.084631,0.387123,0.067877,-0.915623,img_141.jpg
23028,1280,720,631.94293,353.39117,986.8637,986.74805,2.254,0.028,1.287,0.085538,0.394030,0.071476,-0.912313,img_142.jpg
23100,1280,720,631.94293,353.39117,986.8637,986.74805,2.294,0.025,1.307,0.087024,0.397421,0.078390,-0.910131,img_143.jpg
23171,1280,720,631.94293,353.39117,986.8637,986.74805,2.294,0.025,1.307,0.087024,0.397421,0.078390,-0.910131,img_144.jpg
23245,1280,720,631.94293,353.39117,986.8637,986.74805,2.294,0.025,1.307,0.087024,0.397421,0.078390,-0.910131,img_145.jpg
23311,1280,720,631.94293,353.39117,986.8637,986.74805,2.294,0.025,1.307,0.087024,0.397421,0.078390,-0.910131,img_146.jpg
23394,1280,720,631.94293,353.39117,986.8637,986.74805,2.294,0.025,1.307,0.087024,0.397421,0.078390,-0.910131,img_147.jpg
23464,1280,720,631.94293,353.39117,986.8637,986.74805,2.294,0.025,1.307,0.087024,0.397421,0.078390,-0.910131,img_148.jpg
23537,1280,720,631.94293,353.39117,986.8637,986.74805,2.294,0.025,1.307,0.087024,0.397421,0.078390,-0.910131,img_149.jpg
23628,1280,720,631.94293,353.39117,986.8637,986.74805,2.294,0.025,1.307,0.087024,0.397421,0.078390,-0.910131,img_150.jpg
23696,1280,720,631.94293,353.39117,986.8637,986.74805,2.294,0.025,1.307,0.087024,0.397421,0.078390,-0.910131,img_151.jpg
23772,1280,720,631.94293,353.39117,986.8637,986.74805,2.294,0.025,1.307,0.087024,0.397421,0.078390,-0.910131,img_152.jpg
23846,1280,720,631.94293,353.39117,986.8637,986.74805,2.294,0.025,1.307,0.087024,0.397421,0.078390,-0.910131,img_153.jpg
23928,1280,720,631.94293,353.39117,986.8637,986.74805,2.294,0.025,1.307,0.087024,0.397421,0.078390,-0.910131,img_154.jpg
23993,1280,720,631.94293,353.39117,986.8637,986.74805,2.294,0.025,1.307,0.087024,0.397421,0.078390,-0.910131,img_155.jpg
24063,1280,720,631.94293,353.39117,986.8637,986.74805,2.294,0.025,1.307,0.087024,0.397421,0.078390,-0.910131,img_156.jpg
24130,1280,720,631.94293,353.39117,986.8637,986.74805,2.294,0.025,1.307,0.087024,0.397421,0.078390,-0.910131,img_157.jpg
24194,1280,720,631.94293,353.39117,986.8637,986.74805,2.294,0.025,1.307,0.087024,0.397421,0.078390,-0.910131,img_158.jpg
24264,1280,720,631.94293,353.39117,986.8637,986.74805,2.294,0.025,1.307,0.087024,0.397421,0.078390,-0.910131,img_159.jpg
24329,1280,720,631.94293,353.39117,986.8637,986.74805,2.294,0.025,1.307,0.087024,0.397421,0.078390,-0.910131,img_160.jpg
24394,1280,720,631.94293,353.39117,986.8637,986.74805,2.294,0.025,1.307,0.087024,0.397421,0.078390,-0.910131,img_161.jpg
24462,1280,720,631.94293,353.39117,986.8637,986.74805,2.294,0.025,1.307,0.087024,0.397421,0.078390,-0.910131,img_162.jpg
24528,1280,720,631.94293,353.39117,986.8637,986.74805,2.294,0.025,1.307,0.087024,0.397421,0.078390,-0.910131,img_163.jpg
24592,1280,720,631.94293,353.39117,986.8637,986.74805,2.294,0.025,1.307,0.087024,0.397421,0.078390,-0.910131,img_164.jpg
24663,1280,720,631.94293,353.39117,986.8637,986.74805,2.294,0.025,1.307,0.087024,0.397421,0.078390,-0.910131,img_165.jpg
24728,1280,720,631.94293,353.39117,986.8637,986.74805,2.294,0.025,1.307,0.087024,0.397421,0.078390,-0.910131,img_166.jpg
24794,1280,720,631.94293,353.39117,986.8637,986.74805,2.294,0.025,1.307,0.087024,0.397421,0.078390,-0.910131,img_167.jpg
24866,1280,720,631.94293,353.39117,986.8637,986.74805,2.294,0.025,1.307,0.087024,0.397421,0.078390,-0.910131,img_168.jpg
24945,1280,720,631.94293,353.39117,986.8637,986.74805,2.294,0.025,1.307,0.087024,0.397421,0.078390,-0.910131,img_169.jpg
25011,1280,720,631.94293,353.39117,986.8637,986.74805,2.294,0.025,1.307,0.087024,0.397421,0.078390,-0.910131,img_170.jpg
25094,1280,720,631.94293,353.39117,986.8637,986.74805,2.294,0.025,1.307,0.087024,0.397421,0.078390,-0.910131,img_171.jpg
25161,1280,720,631.94293,353.39117,986.8637,986.74805,2.294,0.025,1.307,0.087024,0.397421,0.078390,-0.910131,img_172.jpg
25228,1280,720,631.94293,353.39117,986.8637,986.74805,2.294,0.025,1.307,0.087024,0.397421,0.078390,-0.910131,img_173.jpg
25298,1280,720,631.94293,353.39117,986.8637,986.74805,2.294,0.025,1.307,0.087024,0.397421,0.078390,-0.910131,img_174.jpg
25373,1280,720,631.94293,353.39117,986.8637,986.74805,2.294,0.025,1.307,0.087024,0.397421,0.078390,-0.910131,img_175.jpg
25461,1280,720,631.94293,353.39117,986.8637,986.74805,2.294,0.025,1.307,0.087024,0.397421,0.078390,-0.910131,img_176.jpg
25527,1280,720,631.94293,353.39117,986.8637,986.74805,2.294,0.025,1.307,0.087024,0.397421,0.078390,-0.910131,img_177.jpg
25595,1280,720,631.94293,353.39117,986.8637,986.74805,2.294,0.025,1.307,0.087024,0.397421,0.078390,-0.910131,img_178.jpg
25670,1280,720,631.94293,353.39117,986.8637,986.74805,2.294,0.025,1.307,0.087024,0.397421,0.078390,-0.910131,img_179.jpg
25745,1280,720,631.94293,353.39117,986.8637,986.74805,2.294,0.025,1.307,0.087024,0.397421,0.078390,-0.910131,img_180.jpg
25828,1280,720,631.94293,353.39117,986.8637,986.74805,2.294,0.025,1.307,0.087024,0.397421,0.078390,-0.910131,img_181.jpg
25894,1280,720,631.94293,353.39117,986.8637,986.74805,2.294,0.025,1.307,0.087024,0.397421,0.078390,-0.910131,img_182.jpg
25967,1280,720,631.94293,353.39117,986.8637,986.74805,1.741,0.016,0.938,0.041118,0.204742,0.009617,-0.977905,img_183.jpg
26045,1280,720,631.94293,353.39117,986.8637,986.74805,1.755,0.014,0.942,0.041474,0.194972,0.007728,-0.979901,img_184.jpg
26128,1280,720,631.94293,353.39117,986.8637,986.74805,1.772,0.024,0.945,0.040210,0.185888,0.007649,-0.981718,img_185.jpg
26197,1280,720,631.94293,353.39117,986.8637,986.74805,1.772,0.025,0.950,0.044023,0.177064,0.010466,-0.983159,img_186.jpg
26265,1280,720,631.94293,353.39117,986.8637,986.74805,1.782,0.024,0.953,0.045074,0.171524,0.008610,-0.984111,img_187.jpg
26338,1280,720,631.94293,353.39117,986.8637,986.74805,1.793,0.025,0.958,0.044942,0.163886,0.006161,-0.985436,img_188.jpg
26412,1280,720,631.94293,353.39117,986.8637,986.74805,1.799,0.026,0.963,0.044260,0.159273,0.005456,-0.986227,img_189.jpg
26494,1280,720,631.94293,353.39117,986.8637,986.74805,1.803,0.027,0.968,0.043896,0.154665,0.006121,-0.986972,img_190.jpg,marker_4.jpg,0.27397758,0.27397758,2.030,-0.082,0.266,-0.727834,0.096575,-0.124487,-0.124487
26567,1280,720,631.94293,353.39117,986.8637,986.74805,1.807,0.027,0.973,0.043263,0.151359,0.005970,-0.987514,img_191.jpg
26638,1280,720,631.94293,353.39117,986.8637,986.74805,1.812,0.025,0.977,0.045181,0.146972,0.006706,-0.988086,img_192.jpg
26712,1280,720,631.94293,353.39117,986.8637,986.74805,1.814,0.023,0.982,0.045838,0.144508,0.007714,-0.988411,img_193.jpg
26794,1280,720,631.94293,353.39117,986.8637,986.74805,1.815,0.023,0.984,0.047313,0.142438,0.008535,-0.988635,img_194.jpg
26866,1280,720,631.94293,353.39117,986.8637,986.74805,1.816,0.022,0.987,0.047291,0.141166,0.008065,-0.988823,img_195.jpg
26937,1280,720,631.94293,353.39117,986.8637,986.74805,1.817,0.023,0.990,0.046842,0.140175,0.009342,-0.988974,img_196.jpg
27012,1280,720,631.94293,353.39117,986.8637,986.74805,1.816,0.022,0.992,0.046471,0.140393,0.010229,-0.988952,img_197.jpg
27095,1280,720,631.94293,353.39117,986.8637,986.74805,1.816,0.021,0.994,0.047243,0.140768,0.009663,-0.988868,img_198.jpg,marker_4.jpg,0.2694633,0.2694633,2.017,-0.086,0.278,-0.729942,0.102203,-0.128514,-0.128514
27168,1280,720,631.94293,353.39117,986.8637,986.74805,1.813,0.020,0.994,0.047068,0.141315,0.009391,-0.988801,img_199.jpg
27245,1280,720,631.94293,353.39117,986.8637,986.74805,1.810,0.020,0.994,0.047120,0.141671,0.009657,-0.988745,img_200.jpg
27329,1280,720,631.94293,353.39117,986.8637,986.74805,1.806,0.020,0.992,0.046750,0.143367,0.009193,-0.988522,img_201.jpg
27395,1280,720,631.94293,353.39117,986.8637,986.74805,1.804,0.020,0.991,0.047330,0.143529,0.010920,-0.988453,img_202.jpg
27468,1280,720,631.94293,353.39117,986.8637,986.74805,1.801,0.020,0.990,0.046726,0.144962,0.010199,-0.988281,img_203.jpg
27540,1280,720,631.94293,353.39117,986.8637,986.74805,1.800,0.020,0.988,0.046508,0.146361,0.009654,-0.988090,img_204.jpg
27612,1280,720,631.94293,353.39117,986.8637,986.74805,1.798,0.020,0.987,0.046985,0.148026,0.009752,-0.987819,img_205.jpg
27694,1280,720,631.94293,353.39117,986.8637,986.74805,1.797,0.020,0.986,0.045934,0.150047,0.009580,-0.987565,img_206.jpg,marker_4.jpg,0.2686628,0.2686628,2.015,-0.087,0.281,-0.725929,0.100976,-0.126715,-0.126715
27767,1280,720,631.94293,353.39117,986.8637,986.74805,1.796,0.019,0.983,0.046027,0.152909,0.010423,-0.987113,img_207.jpg
27844,1280,720,631.94293,353.39117,986.8637,986.74805,1.795,0.018,0.981,0.045587,0.154821,0.010208,-0.986837,img_208.jpg
27928,1280,720,631.94293,353.39117,986.8637,986.74805,1.795,0.018,0.977,0.045665,0.155584,0.009742,-0.986718,img_209.jpg
27995,1280,720,631.94293,353.39117,986.8637,986.74805,1.796,0.018,0.974,0.045724,0.156712,0.010058,-0.986534,img_210.jpg
28067,1280,720,631.94293,353.39117,986.8637,986.74805,1.797,0.017,0.970,0.045970,0.157721,0.010264,-0.986360,img_211.jpg
28146,1280,720,631.94293,353.39117,986.8637,986.74805,1.797,0.016,0.967,0.047337,0.159344,0.010694,-0.986030,img_212.jpg
28229,1280,720,631.94293,353.39117,986.8637,986.74805,1.797,0.017,0.965,0.048291,0.160335,0.011506,-0.985813,img_213.jpg
28296,1280,720,631.94293,353.39117,986.8637,986.74805,1.798,0.017,0.964,0.048133,0.160279,0.011127,-0.985835,img_214.jpg,marker_4.jpg,0.2693659,0.2693659,2.015,-0.087,0.277,-0.719762,0.107561,-0.132510,-0.132510
28370,1280,720,631.94293,353.39117,986.8637,986.74805,1.797,0.016,0.961,0.049502,0.160851,0.010267,-0.985683,img_215.jpg
28445,1280,720,631.94293,353.39117,986.8637,986.74805,1.798,0.015,0.960,0.050458,0.160340,0.010581,-0.985714,img_216.jpg
28529,1280,720,631.94293,353.39117,986.8637,986.74805,1.799,0.015,0.960,0.050658,0.159330,0.010741,-0.985867,img_217.jpg
28595,1280,720,631.94293,353.39117,986.8637,986.74805,1.801,0.015,0.961,0.050839,0.158714,0.010256,-0.985961,img_218.jpg
28669,1280,720,631.94293,353.39117,986.8637,986.74805,1.805,0.015,0.961,0.051012,0.159971,0.012174,-0.985728,img_219.jpg
28744,1280,720,631.94293,353.39117,986.8637,986.74805,1.808,0.014,0.962,0.050658,0.164022,0.013530,-0.985062,img_220.jpg
28813,1280,720,631.94293,353.39117,986.8637,986.74805,1.814,0.015,0.964,0.052306,0.167650,0.014388,-0.984353,img_221.jpg,marker_4.jpg,0.2704677,0.2704677,2.016,-0.087,0.277,-0.723156,0.102412,-0.127827,-0.127827
28895,1280,720,631.94293,353.39117,986.8637,986.74805,1.819,0.016,0.969,0.051693,0.171209,0.014764,-0.983767,img_222.jpg
28964,1280,720,631.94293,353.39117,986.8637,986.74805,1.828,0.018,0.982,0.049551,0.177168,0.015753,-0.982806,img_223.jpg
29045,1280,720,631.94293,353.39117,986.8637,986.74805,1.834,0.018,0.992,0.047633,0.182208,0.015414,-0.981985,img_224.jpg
29106,1280,720,631.94293,353.39117,986.8637,986.74805,1.842,0.019,1.002,0.047250,0.187111,0.015877,-0.981073,img_225.jpg
29178,1280,720,631.94293,353.39117,986.8637,986.74805,1.850,0.020,1.014,0.046324,0.192346,0.015220,-0.980115,img_226.jpg
29248,1280,720,631.94293,353.39117,986.8637,986.74805,1.857,0.021,1.026,0.045043,0.197010,0.014875,-0.979253,img_227.jpg
29329,1280,720,631.94293,353.39117,986.8637,986.74805,1.866,0.022,1.039,0.043400,0.200635,0.015137,-0.978587,img_228.jpg
29397,1280,720,631.94293,353.39117,986.8637,986.74805,1.880,0.022,1.058,0.041395,0.205139,0.016220,-0.977722,img_229.jpg,marker_4.jpg,0.26400656,0.26400656,2.009,-0.083,0.294,-0.715375,0.106225,-0.126492,-0.126492
29478,1280,720,631.94293,353.39117,986.8637,986.74805,1.889,0.022,1.070,0.039696,0.206395,0.016695,-0.977521,img_230.jpg
29545,1280,720,631.94293,353.39117,986.8637,986.74805,1.896,0.021,1.082,0.039242,0.210111,0.016863,-0.976744,img_231.jpg
29608,1280,720,631.94293,353.39117,986.8637,986.74805,1.909,0.020,1.094,0.038311,0.212493,0.019068,-0.976225,img_232.jpg
29695,1280,720,631.94293,353.39117,986.8637,986.74805,1.921,0.019,1.106,0.039997,0.216686,0.020969,-0.975196,img_233.jpg
29763,1280,720,631.94293,353.39117,986.8637,986.74805,1.933,0.017,1.117,0.041771,0.220090,0.021562,-0.974346,img_234.jpg
29831,1280,720,631.94293,353.39117,986.8637,986.74805,1.941,0.014,1.127,0.041180,0.225643,0.018250,-0.973168,img_235.jpg
29898,1280,720,631.94293,353.39117,986.8637,986.74805,1.957,0.011,1.139,0.043509,0.237940,0.019770,-0.970104,img_236.jpg
29979,1280,720,631.94293,353.39117,986.8637,986.74805,1.973,0.010,1.148,0.041029,0.246061,0.022646,-0.968121,img_237.jpg
30062,1280,720,631.94293,353.39117,986.8637,986.74805,1.991,0.009,1.155,0.039027,0.255163,0.026901,-0.965736,img_238.jpg
30127,1280,720,631.94293,353.39117,986.8637,986.74805,2.008,0.007,1.159,0.038727,0.266658,0.033158,-0.962442,img_239.jpg
30195,1280,720,631.94293,353.39117,986.8637,986.74805,2.028,0.004,1.164,0.040263,0.278539,0.038140,-0.958822,img_240.jpg
30267,1280,720,631.94293,353.39117,986.8637,986.74805,2.062,-0.001,1.170,0.044632,0.301887,0.040973,-0.951417,img_241.jpg
30345,1280,720,631.94293,353.39117,986.8637,986.74805,2.086,-0.005,1.175,0.047641,0.318745,0.039955,-0.945799,img_242.jpg
30413,1280,720,631.94293,353.39117,986.8637,986.74805,2.114,-0.008,1.179,0.048084,0.335207,0.040108,-0.940062,img_243.jpg
30495,1280,720,631.94293,353.39117,986.8637,986.74805,2.156,-0.010,1.182,0.052329,0.360167,0.037080,-0.930681,img_244.jpg
30578,1280,720,631.94293,353.39117,986.8637,986.74805,2.186,-0.010,1.185,0.054466,0.377164,0.034037,-0.923917,img_245.jpg
30642,1280,720,631.94293,353.39117,986.8637,986.74805,2.217,-0.008,1.187,0.056762,0.393807,0.036003,-0.916732,img_246.jpg
30712,1280,720,631.94293,353.39117,986.8637,986.74805,2.246,-0.006,1.191,0.055063,0.412338,0.036056,-0.908650,img_247.jpg
30778,1280,720,631.94293,353.39117,986.8637,986.74805,2.276,-0.005,1.194,0.057768,0.432590,0.039237,-0.898882,img_248.jpg
30844,1280,720,631.94293,353.39117,986.8637,986.74805,2.304,-0.006,1.199,0.060064,0.454660,0.040702,-0.887705,img_249.jpg
30912,1280,720,631.94293,353.39117,986.8637,986.74805,2.331,-0.008,1.206,0.061219,0.475839,0.045411,-0.876223,img_250.jpg
30995,1280,720,631.94293,353.39117,986.8637,986.74805,2.355,-0.009,1.214,0.060295,0.494382,0.051913,-0.865596,img_251.jpg
31062,1280,720,631.94293,353.39117,986.8637,986.74805,2.390,-0.013,1.228,0.061130,0.523448,0.058253,-0.847863,img_252.jpg
31146,1280,720,631.94293,353.39117,986.8637,986.74805,2.413,-0.018,1.241,0.063895,0.541343,0.067256,-0.835668,img_253.jpg
31212,1280,720,631.94293,353.39117,986.8637,986.74805,2.438,-0.024,1.254,0.068116,0.559636,0.074576,-0.822561,img_254.jpg
31296,1280,720,631.94293,353.39117,986.8637,986.74805,2.474,-0.034,1.275,0.072959,0.584657,0.081531,-0.803870,img_255.jpg
31379,1280,720,631.94293,353.39117,986.8637,986.74805,2.504,-0.039,1.291,0.073735,0.597678,0.090246,-0.793221,img_256.jpg
31462,1280,720,631.94293,353.39117,986.8637,986.74805,2.529,-0.041,1.311,0.072035,0.609028,0.094566,-0.784189,img_257.jpg
31525,1280,720,631.94293,353.39117,986.8637,986.74805,2.551,-0.045,1.334,0.072154,0.620327,0.097440,-0.774915,img_258.jpg
31612,1280,720,631.94293,353.39117,986.8637,986.74805,2.590,-0.048,1.367,0.072908,0.637060,0.100911,-0.760694,img_259.jpg
31678,1280,720,631.94293,353.39117,986.8637,986.74805,2.622,-0.053,1.398,0.070635,0.648383,0.105641,-0.750633,img_260.jpg
31747,1280,720,631.94293,353.39117,986.8637,986.74805,2.643,-0.058,1.429,0.070656,0.659966,0.113228,-0.739346,img_261.jpg
31812,1280,720,631.94293,353.39117,986.8637,986.74805,2.677,-0.067,1.466,0.075055,0.675187,0.116918,-0.724445,img_262.jpg
31896,1280,720,631.94293,353.39117,986.8637,986.74805,2.697,-0.072,1.501,0.078512,0.685742,0.127057,-0.712356,img_263.jpg
31964,1280,720,631.94293,353.39117,986.8637,986.74805,2.718,-0.079,1.553,0.077584,0.705280,0.138228,-0.690981,img_264.jpg
32046,1280,720,631.94293,353.39117,986.8637,986.74805,2.733,-0.084,1.585,0.076287,0.719872,0.139429,-0.675665,img_265.jpg
32113,1280,720,631.94293,353.39117,986.8637,986.74805,2.756,-0.090,1.627,0.073772,0.732852,0.147463,-0.660106,img_266.jpg
32182,1280,720,631.94293,353.39117,986.8637,986.74805,2.771,-0.096,1.657,0.070836,0.743059,0.153136,-0.647607,img_267.jpg
32262,1280,720,631.94293,353.39117,986.8637,986.74805,2.776,-0.098,1.682,0.071512,0.754079,0.158516,-0.633343,img_268.jpg
32324,1280,720,631.94293,353.39117,986.8637,986.74805,2.789,-0.103,1.713,0.071138,0.763808,0.162926,-0.620478,img_269.jpg
32386,1280,720,631.94293,353.39117,986.8637,986.74805,2.805,-0.110,1.746,0.070677,0.773061,0.167840,-0.607627,img_270.jpg
32462,1280,720,631.94293,353.39117,986.8637,986.74805,2.828,-0.120,1.794,0.071889,0.788406,0.167601,-0.587502,img_271.jpg
32528,1280,720,631.94293,353.39117,986.8637,986.74805,2.851,-0.125,1.830,0.073209,0.795846,0.169176,-0.576758,img_272.jpg
32612,1280,720,631.94293,353.39117,986.8637,986.74805,2.875,-0.131,1.867,0.073389,0.801177,0.169731,-0.569140,img_273.jpg
32695,1280,720,631.94293,353.39117,986.8637,986.74805,2.904,-0.135,1.912,0.083180,0.809030,0.173344,-0.555431,img_274.jpg
32778,1280,720,631.94293,353.39117,986.8637,986.74805,2.921,-0.136,1.936,0.088313,0.814599,0.178007,-0.544924,img_275.jpg
32846,1280,720,631.94293,353.39117,986.8637,986.74805,2.933,-0.138,1.964,0.088587,0.820595,0.184092,-0.533747,img_276.jpg
32929,1280,720,631.94293,353.39117,986.8637,986.74805,2.944,-0.145,1.983,0.084761,0.831155,0.190701,-0.515393,img_277.jpg
33013,1280,720,631.94293,353.39117,986.8637,986.74805,2.952,-0.149,2.008,0.083775,0.837032,0.198748,-0.502850,img_278.jpg
33095,1280,720,631.94293,353.39117,986.8637,986.74805,2.958,-0.155,2.047,0.079698,0.845697,0.201460,-0.487708,img_279.jpg
33178,1280,720,631.94293,353.39117,986.8637,986.74805,2.960,-0.157,2.073,0.074661,0.848190,0.204087,-0.483061,img_280.jpg
33262,1280,720,631.94293,353.39117,986.8637,986.74805,2.960,-0.159,2.100,0.073451,0.849940,0.209995,-0.477608,img_281.jpg
33329,1280,720,631.94293,353.39117,986.8637,986.74805,2.963,-0.170,2.145,0.071680,0.851057,0.216301,-0.473052,img_282.jpg
33412,1280,720,631.94293,353.39117,986.8637,986.74805,2.963,-0.173,2.176,0.069677,0.850449,0.219475,-0.472981,img_283.jpg
33480,1280,720,631.94293,353.39117,986.8637,986.74805,2.958,-0.175,2.208,0.067208,0.848529,0.221789,-0.475702,img_284.jpg
33562,1280,720,631.94293,353.39117,986.8637,986.74805,2.951,-0.173,2.238,0.065568,0.846814,0.217822,-0.480792,img_285.jpg
33632,1280,720,631.94293,353.39117,986.8637,986.74805,2.947,-0.175,2.270,0.066646,0.843768,0.219864,-0.485050,img_286.jpg
33702,1280,720,631.94293,353.39117,986.8637,986.74805,2.940,-0.180,2.322,0.069377,0.838402,0.224106,-0.491980,img_287.jpg
33778,1280,720,631.94293,353.39117,986.8637,986.74805,2.935,-0.183,2.356,0.071980,0.834597,0.228974,-0.495821,img_288.jpg
33852,1280,720,631.94293,353.39117,986.8637,986.74805,2.930,-0.180,2.389,0.071264,0.831376,0.231517,-0.500135,img_289.jpg
33919,1280,720,631.94293,353.39117,986.8637,986.74805,2.922,-0.172,2.418,0.070881,0.832070,0.228328,-0.500501,img_290.jpg
33987,1280,720,631.94293,353.39117,986.8637,986.74805,2.921,-0.158,2.451,0.067830,0.835667,0.210753,-0.502636,img_291.jpg
34059,1280,720,631.94293,353.39117,986.8637,986.74805,2.906,-0.126,2.482,0.059148,0.844788,0.176244,-0.501769,img_292.jpg
34129,1280,720,631.94293,353.39117,986.8637,986.74805,2.900,-0.104,2.499,0.051071,0.849129,0.153745,-0.502727,img_293.jpg
34212,1280,720,631.94293,353.39117,986.8637,986.74805,2.898,-0.084,2.517,0.042148,0.851522,0.132939,-0.505432,img_294.jpg
34278,1280,720,631.94293,353.39117,986.8637,986.74805,2.892,-0.065,2.526,0.032820,0.853610,0.112473,-0.507567,img_295.jpg
34348,1280,720,631.94293,353.39117,986.8637,986.74805,2.891,-0.052,2.538,0.026085,0.852853,0.099633,-0.511893,img_296.jpg
34414,1280,720,631.94293,353.39117,986.8637,986.74805,2.897,-0.039,2.556,0.020513,0.851486,0.087668,-0.516589,img_297.jpg
34481,1280,720,631.94293,353.39117,986.8637,986.74805,2.901,-0.031,2.562,0.017140,0.851084,0.079226,-0.518735,img_298.jpg
34547,1280,720,631.94293,353.39117,986.8637,986.74805,2.907,-0.026,2.576,0.015354,0.850193,0.071213,-0.521407,img_299.jpg
34614,1280,720,631.94293,353.39117,986.8637,986.74805,2.914,-0.022,2.588,0.012638,0.849730,0.063934,-0.523175,img_300.jpg
34683,1280,720,631.94293,353.39117,986.8637,986.74805,2.922,-0.020,2.601,0.015395,0.850218,0.055687,-0.523251,img_301.jpg
34747,1280,720,631.94293,353.39117,986.8637,986.74805,2.930,-0.015,2.620,0.015914,0.849079,0.051372,-0.525521,img_302.jpg
34812,1280,720,631.94293,353.39117,986.8637,986.74805,2.939,-0.010,2.638,0.013748,0.847891,0.045547,-0.528032,img_303.jpg
34883,1280,720,631.94293,353.39117,986.8637,986.74805,2.947,-0.006,2.655,0.013813,0.848112,0.044490,-0.527764,img_304.jpg,marker_6.jpg,0.2751738,0.2751738,3.599,-0.155,2.956,-0.411359,0.566130,-0.597049,-0.597049
34948,1280,720,631.94293,353.39117,986.8637,986.74805,2.955,-0.003,2.671,0.014216,0.848463,0.042750,-0.527333,img_305.jpg
35029,1280,720,631.94293,353.39117,986.8637,986.74805,2.962,-0.001,2.684,0.014115,0.848394,0.040783,-0.527604,img_306.jpg
35112,1280,720,631.94293,353.39117,986.8637,986.74805,2.970,-0.001,2.703,0.014736,0.845737,0.044062,-0.531574,img_307.jpg
35197,1280,720,631.94293,353.39117,986.8637,986.74805,2.973,0.002,2.716,0.012459,0.842176,0.040288,-0.537551,img_308.jpg,marker_6.jpg,0.27915227,0.27915227,3.599,-0.160,2.959,-0.408031,0.575638,-0.589202,-0.589202
35279,1280,720,631.94293,353.39117,986.8637,986.74805,2.971,0.003,2.725,0.007859,0.838606,0.037399,-0.543396,img_309.jpg
35343,1280,720,631.94293,353.39117,986.8637,986.74805,2.969,0.004,2.735,0.004675,0.834545,0.035178,-0.549796,img_310.jpg
35412,1280,720,631.94293,353.39117,986.8637,986.74805,2.966,0.002,2.745,0.001905,0.828620,0.037624,-0.558543,img_311.jpg
35484,1280,720,631.94293,353.39117,986.8637,986.74805,2.959,0.001,2.754,0.000453,0.821984,0.039677,-0.568126,img_312.jpg
35550,1280,720,631.94293,353.39117,986.8637,986.74805,2.950,0.002,2.758,-0.000425,0.816110,0.035499,-0.576805,img_313.jpg
35613,1280,720,631.94293,353.39117,986.8637,986.74805,2.941,0.002,2.765,-0.002735,0.808476,0.037109,-0.587352,img_314.jpg
35686,1280,720,631.94293,353.39117,986.8637,986.74805,2.932,0.003,2.772,-0.003131,0.802780,0.037374,-0.595095,img_315.jpg
35753,1280,720,631.94293,353.39117,986.8637,986.74805,2.919,0.003,2.779,-0.003830,0.796867,0.038775,-0.602898,img_316.jpg,marker_6.jpg,0.27759323,0.27759323,3.596,-0.160,2.958,-0.401640,0.581807,-0.591153,-0.591153
35822,1280,720,631.94293,353.39117,986.8637,986.74805,2.906,0.002,2.786,-0.002553,0.793051,0.035423,-0.608119,img_317.jpg
35893,1280,720,631.94293,353.39117,986.8637,986.74805,2.885,0.003,2.801,-0.004855,0.788049,0.035296,-0.614581,img_318.jpg
35962,1280,720,631.94293,353.39117,986.8637,986.74805,2.870,0.004,2.812,-0.007474,0.785454,0.035323,-0.617866,img_319.jpg
36045,1280,720,631.94293,353.39117,986.8637,986.74805,2.853,0.003,2.822,-0.007769,0.783224,0.035732,-0.620664,img_320.jpg
36108,1280,720,631.94293,353.39117,986.8637,986.74805,2.838,0.001,2.832,-0.006468,0.780659,0.038890,-0.623713,img_321.jpg
36179,1280,720,631.94293,353.39117,986.8637,986.74805,2.820,-0.002,2.841,-0.004146,0.778399,0.041850,-0.626359,img_322.jpg
36247,1280,720,631.94293,353.39117,986.8637,986.74805,2.804,-0.006,2.850,0.000604,0.775537,0.048058,-0.629471,img_323.jpg
36329,1280,720,631.94293,353.39117,986.8637,986.74805,2.777,-0.015,2.858,0.008678,0.774512,0.054555,-0.630143,img_324.jpg
36396,1280,720,631.94293,353.39117,986.8637,986.74805,2.761,-0.020,2.865,0.012955,0.773354,0.060892,-0.630910,img_325.jpg
36479,1280,720,631.94293,353.39117,986.8637,986.74805,2.747,-0.026,2.875,0.015210,0.772774,0.067890,-0.630857,img_326.jpg,marker_6.jpg,0.2782531,0.2782531,3.594,-0.161,2.956,-0.409984,0.580623,-0.583537,-0.583537
36542,1280,720,631.94293,353.39117,986.8637,986.74805,2.734,-0.034,2.887,0.017948,0.771584,0.080707,-0.630732,img_327.jpg
36612,1280,720,631.94293,353.39117,986.8637,986.74805,2.721,-0.040,2.898,0.020478,0.774221,0.087669,-0.626479,img_328.jpg
36696,1280,720,631.94293,353.39117,986.8637,986.74805,2.704,-0.048,2.916,0.023252,0.779794,0.098352,-0.617824,img_329.jpg
36779,1280,720,631.94293,353.39117,986.8637,986.74805,2.695,-0.052,2.928,0.025557,0.783814,0.105436,-0.611446,img_330.jpg
36846,1280,720,631.94293,353.39117,986.8637,986.74805,2.688,-0.058,2.941,0.030753,0.790986,0.110712,-0.600948,img_331.jpg
36913,1280,720,631.94293,353.39117,986.8637,986.74805,2.681,-0.064,2.954,0.033045,0.796460,0.118495,-0.592045,img_332.jpg
36996,1280,720,631.94293,353.39117,986.8637,986.74805,2.672,-0.073,2.979,0.038255,0.806823,0.128750,-0.575324,img_333.jpg
37079,1280,720,631.94293,353.39117,986.8637,986.74805,2.664,-0.079,2.997,0.040541,0.812761,0.136968,-0.564815,img_334.jpg
37147,1280,720,631.94293,353.39117,986.8637,986.74805,2.657,-0.085,3.016,0.042825,0.819616,0.141544,-0.553498,img_335.jpg
37217,1280,720,631.94293,353.39117,986.8637,986.74805,2.650,-0.090,3.037,0.043732,0.826336,0.144911,-0.542454,img_336.jpg
37289,1280,720,631.94293,353.39117,986.8637,986.74805,2.640,-0.096,3.072,0.043188,0.836146,0.150296,-0.525743,img_337.jpg
37379,1280,720,631.94293,353.39117,986.8637,986.74805,2.640,-0.100,3.102,0.045575,0.841596,0.153299,-0.515887,img_338.jpg
37447,1280,720,631.94293,353.39117,986.8637,986.74805,2.636,-0.105,3.131,0.047663,0.846112,0.157896,-0.506844,img_339.jpg
37531,1280,720,631.94293,353.39117,986.8637,986.74805,2.634,-0.110,3.178,0.049370,0.851999,0.160368,-0.495927,img_340.jpg
37613,1280,720,631.94293,353.39117,986.8637,986.74805,2.634,-0.113,3.213,0.049657,0.854717,0.166990,-0.488986,img_341.jpg
37676,1280,720,631.94293,353.39117,986.8637,986.74805,2.633,-0.118,3.249,0.048495,0.859387,0.172343,-0.478958,img_342.jpg
37763,1280,720,631.94293,353.39117,986.8637,986.74805,2.631,-0.125,3.306,0.049655,0.866871,0.183931,-0.460694,img_343.jpg
37845,1280,720,631.94293,353.39117,986.8637,986.74805,2.627,-0.131,3.343,0.050260,0.874999,0.189389,-0.442699,img_344.jpg
37913,1280,720,631.94293,353.39117,986.8637,986.74805,2.622,-0.139,3.380,0.049943,0.884293,0.193269,-0.422113,img_345.jpg
37996,1280,720,631.94293,353.39117,986.8637,986.74805,2.609,-0.149,3.434,0.045170,0.897904,0.205638,-0.386575,img_346.jpg
38079,1280,720,631.94293,353.39117,986.8637,986.74805,2.594,-0.151,3.470,0.038840,0.905812,0.211347,-0.365142,img_347.jpg
38148,1280,720,631.94293,353.39117,986.8637,986.74805,2.581,-0.154,3.504,0.031836,0.913721,0.213280,-0.344402,img_348.jpg
38230,1280,720,631.94293,353.39117,986.8637,986.74805,2.558,-0.159,3.558,0.020522,0.921912,0.217416,-0.319981,img_349.jpg
38314,1280,720,631.94293,353.39117,986.8637,986.74805,2.541,-0.159,3.593,0.017685,0.927226,0.216062,-0.305380,img_350.jpg
38381,1280,720,631.94293,353.39117,986.8637,986.74805,2.524,-0.162,3.633,0.013395,0.930429,0.214223,-0.297038,img_351.jpg
38454,1280,720,631.94293,353.39117,986.8637,986.74805,2.496,-0.161,3.688,0.013952,0.935381,0.207714,-0.285871,img_352.jpg
38529,1280,720,631.94293,353.39117,986.8637,986.74805,2.475,-0.161,3.726,0.014578,0.938032,0.204128,-0.279668,img_353.jpg
38596,1280,720,631.94293,353.39117,986.8637,986.74805,2.452,-0.157,3.768,0.012636,0.939991,0.203914,-0.273270,img_354.jpg
38679,1280,720,631.94293,353.39117,986.8637,986.74805,2.420,-0.152,3.805,0.010604,0.941283,0.206887,-0.266592,img_355.jpg
38746,1280,720,631.94293,353.39117,986.8637,986.74805,2.398,-0.150,3.845,0.009733,0.942477,0.208427,-0.261153,img_356.jpg
38814,1280,720,631.94293,353.39117,986.8637,986.74805,2.379,-0.150,3.886,0.011501,0.944372,0.206125,-0.256013,img_357.jpg
38883,1280,720,631.94293,353.39117,986.8637,986.74805,2.361,-0.150,3.924,0.011837,0.945841,0.209112,-0.248028,img_358.jpg
38955,1280,720,631.94293,353.39117,986.8637,986.74805,2.339,-0.152,3.978,0.007451,0.946911,0.218422,-0.235787,img_359.jpg
39031,1280,720,631.94293,353.39117,986.8637,986.74805,2.326,-0.154,4.015,0.002472,0.946787,0.223732,-0.231372,img_360.jpg
39114,1280,720,631.94293,353.39117,986.8637,986.74805,2.310,-0.156,4.053,0.000632,0.948095,0.224731,-0.224971,img_361.jpg
39185,1280,720,631.94293,353.39117,986.8637,986.74805,2.297,-0.157,4.096,-0.001029,0.949712,0.223735,-0.219066,img_362.jpg
39259,1280,720,631.94293,353.39117,986.8637,986.74805,2.278,-0.157,4.161,0.000783,0.952991,0.217948,-0.210491,img_363.jpg
39346,1280,720,631.94293,353.39117,986.8637,986.74805,2.270,-0.161,4.205,0.005482,0.954948,0.214269,-0.205266,img_364.jpg
39421,1280,720,631.94293,353.39117,986.8637,986.74805,2.264,-0.165,4.254,0.013895,0.954848,0.218827,-0.200468,img_365.jpg
39491,1280,720,631.94293,353.39117,986.8637,986.74805,2.253,-0.165,4.324,0.016855,0.953714,0.228121,-0.195208,img_366.jpg
39579,1280,720,631.94293,353.39117,986.8637,986.74805,2.240,-0.166,4.371,0.011105,0.954093,0.232352,-0.188670,img_367.jpg
39648,1280,720,631.94293,353.39117,986.8637,986.74805,2.230,-0.166,4.412,0.007725,0.956871,0.229114,-0.178454,img_368.jpg
39714,1280,720,631.94293,353.39117,986.8637,986.74805,2.221,-0.169,4.457,-0.000497,0.955953,0.238495,-0.171095,img_369.jpg
39783,1280,720,631.94293,353.39117,986.8637,986.74805,2.209,-0.174,4.499,-0.008498,0.955116,0.243822,-0.168023,img_370.jpg
39845,1280,720,631.94293,353.39117,986.8637,986.74805,2.196,-0.178,4.538,-0.008572,0.956745,0.239777,-0.164540,img_371.jpg
39914,1280,720,631.94293,353.39117,986.8637,986.74805,2.175,-0.181,4.578,-0.017312,0.956620,0.240523,-0.163484,img_372.jpg
39984,1280,720,631.94293,353.39117,986.8637,986.74805,2.155,-0.182,4.623,-0.017877,0.957487,0.236462,-0.164271,img_373.jpg
40050,1280,720,631.94293,353.39117,986.8637,986.74805,2.134,-0.183,4.656,-0.017201,0.958307,0.231123,-0.167138,img_374.jpg
40118,1280,720,631.94293,353.39117,986.8637,986.74805,2.112,-0.184,4.702,-0.014955,0.958527,0.226739,-0.172020,img_375.jpg
40188,1280,720,631.94293,353.39117,986.8637,986.74805,2.087,-0.182,4.749,-0.011300,0.958325,0.223283,-0.177849,img_376.jpg
40262,1280,720,631.94293,353.39117,986.8637,986.74805,2.052,-0.178,4.820,-0.007169,0.953246,0.233237,-0.192020,img_377.jpg
40346,1280,720,631.94293,353.39117,986.8637,986.74805,2.033,-0.177,4.862,0.003439,0.951388,0.235667,-0.198269,img_378.jpg
40415,1280,720,631.94293,353.39117,986.8637,986.74805,2.015,-0.176,4.895,0.014119,0.949418,0.237287,-0.205186,img_379.jpg
40485,1280,720,631.94293,353.39117,986.8637,986.74805,1.998,-0.177,4.934,0.018117,0.947399,0.240474,-0.210425,img_380.jpg
40556,1280,720,631.94293,353.39117,986.8637,986.74805,1.974,-0.182,4.995,0.016150,0.942706,0.249224,-0.221205,img_381.jpg
40630,1280,720,631.94293,353.39117,986.8637,986.74805,1.959,-0.186,5.038,0.018840,0.939643,0.251367,-0.231366,img_382.jpg
40714,1280,720,631.94293,353.39117,986.8637,986.74805,1.947,-0.188,5.079,0.026639,0.937806,0.248783,-0.240662,img_383.jpg
40796,1280,720,631.94293,353.39117,986.8637,986.74805,1.927,-0.197,5.154,0.039219,0.935422,0.243277,-0.253502,img_384.jpg
40880,1280,720,631.94293,353.39117,986.8637,986.74805,1.912,-0.201,5.203,0.046109,0.932992,0.240269,-0.263954,img_385.jpg
40950,1280,720,631.94293,353.39117,986.8637,986.74805,1.898,-0.201,5.251,0.058303,0.930312,0.231204,-0.278684,img_386.jpg
41016,1280,720,631.94293,353.39117,986.8637,986.74805,1.885,-0.199,5.300,0.067335,0.926299,0.229991,-0.290758,img_387.jpg
41086,1280,720,631.94293,353.39117,986.8637,986.74805,1.870,-0.198,5.353,0.066011,0.922084,0.237536,-0.298297,img_388.jpg
41157,1280,720,631.94293,353.39117,986.8637,986.74805,1.848,-0.194,5.422,0.067548,0.919620,0.231811,-0.309839,img_389.jpg
41230,1280,720,631.94293,353.39117,986.8637,986.74805,1.835,-0.194,5.469,0.063484,0.915666,0.230928,-0.322797,img_390.jpg
41314,1280,720,631.94293,353.39117,986.8637,986.74805,1.822,-0.196,5.516,0.064877,0.910351,0.231365,-0.336930,img_391.jpg
41382,1280,720,631.94293,353.39117,986.8637,986.74805,1.805,-0.202,5.557,0.066691,0.903648,0.230108,-0.354997,img_392.jpg
41450,1280,720,631.94293,353.39117,986.8637,986.74805,1.790,-0.206,5.599,0.070534,0.894101,0.223993,-0.381360,img_393.jpg
41521,1280,720,631.94293,353.39117,986.8637,986.74805,1.767,-0.210,5.644,0.077700,0.882507,0.212704,-0.412191,img_394.jpg
41589,1280,720,631.94293,353.39117,986.8637,986.74805,1.736,-0.209,5.702,0.078974,0.859647,0.202373,-0.462401,img_395.jpg
41680,1280,720,631.94293,353.39117,986.8637,986.74805,1.716,-0.202,5.743,0.085472,0.845736,0.202791,-0.486109,img_396.jpg
41753,1280,720,631.94293,353.39117,986.8637,986.74805,1.696,-0.195,5.787,0.087308,0.834501,0.204239,-0.504253,img_397.jpg
41829,1280,720,631.94293,353.39117,986.8637,986.74805,1.671,-0.187,5.837,0.092352,0.816626,0.193093,-0.536012,img_398.jpg
41915,1280,720,631.94293,353.39117,986.8637,986.74805,1.658,-0.181,5.866,0.098038,0.810825,0.195676,-0.542828,img_399.jpg
41987,1280,720,631.94293,353.39117,986.8637,986.74805,1.640,-0.171,5.898,0.089614,0.810426,0.185911,-0.548285,img_400.jpg
42061,1280,720,631.94293,353.39117,986.8637,986.74805,1.624,-0.156,5.952,0.084478,0.817695,0.174554,-0.542004,img_401.jpg
42146,1280,720,631.94293,353.39117,986.8637,986.74805,1.614,-0.138,5.988,0.078581,0.829991,0.161548,-0.528055,img_402.jpg
42214,1280,720,631.94293,353.39117,986.8637,986.74805,1.599,-0.113,6.030,0.062050,0.843925,0.133956,-0.515748,img_403.jpg
42283,1280,720,631.94293,353.39117,986.8637,986.74805,1.587,-0.086,6.066,0.049360,0.858137,0.104929,-0.500155,img_404.jpg
42356,1280,720,631.94293,353.39117,986.8637,986.74805,1.572,-0.051,6.129,0.032936,0.872559,0.072837,-0.481924,img_405.jpg
42429,1280,720,631.94293,353.39117,986.8637,986.74805,1.563,-0.031,6.168,0.022347,0.879835,0.058919,-0.471084,img_406.jpg
42497,1280,720,631.94293,353.39117,986.8637,986.74805,1.553,-0.016,6.200,0.015023,0.885568,0.044677,-0.462113,img_407.jpg
42580,1280,720,631.94293,353.39117,986.8637,986.74805,1.556,-0.007,6.233,0.012294,0.888718,0.039014,-0.456626,img_408.jpg
42650,1280,720,631.94293,353.39117,986.8637,986.74805,1.559,0.001,6.260,0.011398,0.891659,0.039068,-0.450874,img_409.jpg
42719,1280,720,631.94293,353.39117,986.8637,986.74805,1.559,0.005,6.298,0.013650,0.891715,0.036533,-0.450913,img_410.jpg
42797,1280,720,631.94293,353.39117,986.8637,986.74805,1.549,0.012,6.315,0.012358,0.889384,0.037862,-0.455423,img_411.jpg,marker_7.png,0.27832922,0.27832922,2.091,-0.218,6.725,-0.376022,0.592543,-0.606519,-0.606519
42863,1280,720,631.94293,353.39117,986.8637,986.74805,1.551,0.012,6.333,0.011580,0.886443,0.043074,-0.460683,img_412.jpg
42948,1280,720,631.94293,353.39117,986.8637,986.74805,1.537,0.014,6.334,0.010725,0.883984,0.041487,-0.465550,img_413.jpg
43014,1280,720,631.94293,353.39117,986.8637,986.74805,1.537,0.013,6.347,0.010308,0.880770,0.042421,-0.471528,img_414.jpg
43082,1280,720,631.94293,353.39117,986.8637,986.74805,1.527,0.014,6.364,0.010873,0.877475,0.037132,-0.478059,img_415.jpg
43163,1280,720,631.94293,353.39117,986.8637,986.74805,1.523,0.014,6.380,0.010998,0.873184,0.036848,-0.485871,img_416.jpg
43246,1280,720,631.94293,353.39117,986.8637,986.74805,1.516,0.013,6.390,0.013096,0.868107,0.039369,-0.494640,img_417.jpg
43309,1280,720,631.94293,353.39117,986.8637,986.74805,1.510,0.011,6.397,0.018291,0.864099,0.035438,-0.501740,img_418.jpg
43381,1280,720,631.94293,353.39117,986.8637,986.74805,1.503,0.011,6.405,0.019689,0.858136,0.038278,-0.511615,img_419.jpg,marker_7.png,0.2813611,0.2813611,2.076,-0.212,6.724,-0.391894,0.589381,-0.595883,-0.595883
43454,1280,720,631.94293,353.39117,986.8637,986.74805,1.490,0.009,6.417,0.018584,0.851280,0.040748,-0.522796,img_420.jpg
43530,1280,720,631.94293,353.39117,986.8637,986.74805,1.481,0.009,6.424,0.020175,0.847800,0.039098,-0.528489,img_421.jpg
43597,1280,720,631.94293,353.39117,986.8637,986.74805,1.471,0.009,6.432,0.019484,0.845113,0.036946,-0.532953,img_422.jpg
43680,1280,720,631.94293,353.39117,986.8637,986.74805,1.460,0.010,6.438,0.019359,0.841867,0.037535,-0.538030,img_423.jpg
43744,1280,720,631.94293,353.39117,986.8637,986.74805,1.451,0.009,6.445,0.020944,0.839130,0.038211,-0.542183,img_424.jpg
43814,1280,720,631.94293,353.39117,986.8637,986.74805,1.441,0.007,6.452,0.022066,0.836463,0.039881,-0.546124,img_425.jpg
43883,1280,720,631.94293,353.39117,986.8637,986.74805,1.432,0.005,6.459,0.022936,0.833830,0.041198,-0.550003,img_426.jpg
43949,1280,720,631.94293,353.39117,986.8637,986.74805,1.423,0.005,6.465,0.023823,0.831920,0.041399,-0.552836,img_427.jpg,marker_7.png,0.2829968,0.2829968,2.080,-0.213,6.726,-0.389603,0.597994,-0.581787,-0.581787
44019,1280,720,631.94293,353.39117,986.8637,986.74805,1.407,0.004,6.475,0.022721,0.829211,0.041657,-0.556918,img_428.jpg
44098,1280,720,631.94293,353.39117,986.8637,986.74805,1.395,0.005,6.480,0.019923,0.827621,0.039464,-0.559543,img_429.jpg
44180,1280,720,631.94293,353.39117,986.8637,986.74805,1.383,0.006,6.484,0.019434,0.825780,0.039376,-0.562281,img_430.jpg
44243,1280,720,631.94293,353.39117,986.8637,986.74805,1.370,0.006,6.488,0.018397,0.823758,0.037035,-0.565431,img_431.jpg
44314,1280,720,631.94293,353.39117,986.8637,986.74805,1.357,0.006,6.493,0.016426,0.822256,0.035591,-0.567767,img_432.jpg
44384,1280,720,631.94293,353.39117,986.8637,986.74805,1.346,0.005,6.501,0.014468,0.821529,0.036661,-0.568803,img_433.jpg
44450,1280,720,631.94293,353.39117,986.8637,986.74805,1.333,0.002,6.507,0.014331,0.821853,0.040696,-0.568064,img_434.jpg
44521,1280,720,631.94293,353.39117,986.8637,986.74805,1.315,-0.005,6.519,0.014972,0.825282,0.045500,-0.562686,img_435.jpg
44597,1280,720,631.94293,353.39117,986.8637,986.74805,1.301,-0.010,6.527,0.015507,0.829048,0.051737,-0.556564,img_436.jpg
44664,1280,720,631.94293,353.39117,986.8637,986.74805,1.290,-0.016,6.537,0.017669,0.834278,0.058642,-0.547932,img_437.jpg,marker_7.png,0.28246182,0.28246182,2.075,-0.210,6.724,-0.395764,0.590451,-0.587774,-0.587774
44746,1280,720,631.94293,353.39117,986.8637,986.74805,1.279,-0.023,6.550,0.017983,0.841237,0.065015,-0.536442,img_438.jpg
44816,1280,720,631.94293,353.39117,986.8637,986.74805,1.270,-0.030,6.567,0.017978,0.849224,0.072572,-0.522713,img_439.jpg
44884,1280,720,631.94293,353.39117,986.8637,986.74805,1.259,-0.036,6.584,0.017908,0.858892,0.080535,-0.505469,img_440.jpg
44954,1280,720,631.94293,353.39117,986.8637,986.74805,1.244,-0.047,6.608,0.018777,0.873203,0.092630,-0.478104,img_441.jpg
45030,1280,720,631.94293,353.39117,986.8637,986.74805,1.234,-0.054,6.625,0.018366,0.882960,0.101092,-0.458066,img_442.jpg
45098,1280,720,631.94293,353.39117,986.8637,986.74805,1.221,-0.060,6.639,0.016301,0.893855,0.109293,-0.434525,img_443.jpg
45180,1280,720,631.94293,353.39117,986.8637,986.74805,1.206,-0.068,6.658,0.013124,0.906795,0.117698,-0.404596,img_444.jpg
45264,1280,720,631.94293,353.39117,986.8637,986.74805,1.183,-0.079,6.692,0.012132,0.925070,0.133498,-0.355355,img_445.jpg
45347,1280,720,631.94293,353.39117,986.8637,986.74805,1.168,-0.088,6.716,0.011308,0.934683,0.144053,-0.324789,img_446.jpg
45411,1280,720,631.94293,353.39117,986.8637,986.74805,1.155,-0.095,6.741,0.014510,0.941967,0.153917,-0.297990,img_447.jpg
45497,1280,720,631.94293,353.39117,986.8637,986.74805,1.132,-0.106,6.778,0.013272,0.951468,0.166375,-0.258557,img_448.jpg
45581,1280,720,631.94293,353.39117,986.8637,986.74805,1.125,-0.115,6.805,0.012830,0.958153,0.169351,-0.230430,img_449.jpg
45649,1280,720,631.94293,353.39117,986.8637,986.74805,1.117,-0.122,6.837,0.008073,0.962813,0.176352,-0.204513,img_450.jpg
45728,1280,720,631.94293,353.39117,986.8637,986.74805,1.092,-0.128,6.880,0.000217,0.970792,0.178472,-0.160344,img_451.jpg
45799,1280,720,631.94293,353.39117,986.8637,986.74805,1.082,-0.133,6.912,-0.003301,0.974915,0.181740,-0.128458,img_452.jpg
45880,1280,720,631.94293,353.39117,986.8637,986.74805,1.074,-0.137,6.948,-0.007970,0.978249,0.182727,-0.097856,img_453.jpg
45950,1280,720,631.94293,353.39117,986.8637,986.74805,1.055,-0.134,6.976,-0.010088,0.981253,0.181893,-0.062899,img_454.jpg
46018,1280,720,631.94293,353.39117,986.8637,986.74805,1.033,-0.129,7.001,-0.015415,0.984258,0.173753,-0.028420,img_455.jpg
46087,1280,720,631.94293,353.39117,986.8637,986.74805,0.999,-0.112,7.026,-0.016545,0.987607,0.153720,0.026987,img_456.jpg
46164,1280,720,631.94293,353.39117,986.8637,986.74805,0.973,-0.100,7.041,-0.015120,0.988098,0.139818,0.062333,img_457.jpg
46246,1280,720,631.94293,353.39117,986.8637,986.74805,0.950,-0.087,7.051,-0.015894,0.987204,0.126836,0.095337,img_458.jpg
46310,1280,720,631.94293,353.39117,986.8637,986.74805,0.927,-0.076,7.060,-0.016247,0.985395,0.115944,0.123655,img_459.jpg
46380,1280,720,631.94293,353.39117,986.8637,986.74805,0.905,-0.067,7.068,-0.017489,0.982808,0.105632,0.150412,img_460.jpg
46453,1280,720,631.94293,353.39117,986.8637,986.74805,0.885,-0.061,7.074,-0.016705,0.980123,0.097388,0.172035,img_461.jpg
46525,1280,720,631.94293,353.39117,986.8637,986.74805,0.866,-0.057,7.080,-0.015956,0.977501,0.090595,0.189813,img_462.jpg
46598,1280,720,631.94293,353.39117,986.8637,986.74805,0.839,-0.052,7.089,-0.019237,0.973971,0.085930,0.208869,img_463.jpg
46681,1280,720,631.94293,353.39117,986.8637,986.74805,0.798,-0.065,7.114,-0.024228,0.972351,0.084066,0.216516,img_464.jpg
46764,1280,720,631.94293,353.39117,986.8637,986.74805,0.772,-0.068,7.128,-0.026522,0.972329,0.082889,0.216801,img_465.jpg
46848,1280,720,631.94293,353.39117,986.8637,986.74805,0.740,-0.071,7.141,-0.028457,0.972683,0.082599,0.215073,img_466.jpg
46914,1280,720,631.94293,353.39117,986.8637,986.74805,0.729,-0.072,7.144,-0.028641,0.972839,0.081785,0.214651,img_467.jpg
46980,1280,720,631.94293,353.39117,986.8637,986.74805,0.701,-0.072,7.158,-0.030461,0.975184,0.079124,0.204517,img_468.jpg
47064,1280,720,631.94293,353.39117,986.8637,986.74805,0.682,-0.070,7.163,-0.025562,0.976182,0.072524,0.202869,img_469.jpg
47148,1280,720,631.94293,353.39117,986.8637,986.74805,0.654,-0.068,7.174,-0.026038,0.979014,0.067235,0.190613,img_470.jpg,marker_8.jpg,0.26842263,0.26842263,0.406,-0.224,7.818,0.139979,0.695708,-0.689770,-0.689770
47230,1280,720,631.94293,353.39117,986.8637,986.74805,0.640,-0.069,7.181,-0.031355,0.980390,0.068368,0.182149,img_471.jpg
47298,1280,720,631.94293,353.39117,986.8637,986.74805,0.630,-0.073,7.188,-0.032375,0.980535,0.068493,0.181139,img_472.jpg
47381,1280,720,631.94293,353.39117,986.8637,986.74805,0.614,-0.080,7.196,-0.040698,0.979314,0.072059,0.184650,img_473.jpg
47465,1280,720,631.94293,353.39117,986.8637,986.74805,0.604,-0.083,7.199,-0.042267,0.979946,0.071584,0.181093,img_474.jpg,marker_8.jpg,0.26675072,0.26675072,0.412,-0.229,7.817,0.146666,0.687887,-0.695306,-0.695306
47534,1280,720,631.94293,353.39117,986.8637,986.74805,0.596,-0.087,7.200,-0.037631,0.981051,0.072052,0.175872,img_475.jpg
47615,1280,720,631.94293,353.39117,986.8637,986.74805,0.585,-0.089,7.201,-0.034748,0.981689,0.074256,0.171946,img_476.jpg
47685,1280,720,631.94293,353.39117,986.8637,986.74805,0.572,-0.091,7.192,-0.029673,0.983549,0.072118,0.162942,img_477.jpg
47764,1280,720,631.94293,353.39117,986.8637,986.74805,0.564,-0.091,7.181,-0.026230,0.984518,0.069179,0.158902,img_478.jpg
47847,1280,720,631.94293,353.39117,986.8637,986.74805,0.552,-0.093,7.170,-0.024399,0.985221,0.070893,0.154010,img_479.jpg
47913,1280,720,631.94293,353.39117,986.8637,986.74805,0.539,-0.093,7.155,-0.021321,0.986062,0.069712,0.149556,img_480.jpg
47999,1280,720,631.94293,353.39117,986.8637,986.74805,0.514,-0.093,7.131,-0.019631,0.986720,0.070891,0.144816,img_481.jpg
48081,1280,720,631.94293,353.39117,986.8637,986.74805,0.497,-0.093,7.111,-0.017967,0.987065,0.073448,0.141369,img_482.jpg,marker_8.jpg,0.2708891,0.2708891,0.409,-0.233,7.828,0.148279,0.694177,-0.688130,-0.688130
48154,1280,720,631.94293,353.39117,986.8637,986.74805,0.473,-0.092,7.077,-0.011765,0.987261,0.072178,0.141309,img_483.jpg
48230,1280,720,631.94293,353.39117,986.8637,986.74805,0.452,-0.093,7.057,-0.013302,0.987055,0.075311,0.140976,img_484.jpg
48298,1280,720,631.94293,353.39117,986.8637,986.74805,0.428,-0.093,7.037,-0.017476,0.986803,0.076851,0.141451,img_485.jpg
48381,1280,720,631.94293,353.39117,986.8637,986.74805,0.400,-0.095,7.024,-0.015688,0.986876,0.078287,0.140362,img_486.jpg
48452,1280,720,631.94293,353.39117,986.8637,986.74805,0.357,-0.097,7.005,-0.014889,0.986670,0.079436,0.141249,img_487.jpg
48530,1280,720,631.94293,353.39117,986.8637,986.74805,0.326,-0.099,6.991,-0.013138,0.986296,0.079217,0.144128,img_488.jpg
48600,1280,720,631.94293,353.39117,986.8637,986.74805,0.293,-0.100,6.977,-0.013144,0.986288,0.077928,0.144881,img_489.jpg
48681,1280,720,631.94293,353.39117,986.8637,986.74805,0.241,-0.101,6.959,-0.009908,0.985836,0.071290,0.151484,img_490.jpg
48764,1280,720,631.94293,353.39117,986.8637,986.74805,0.205,-0.104,6.947,-0.004884,0.985168,0.070493,0.156367,img_491.jpg
48848,1280,720,631.94293,353.39117,986.8637,986.74805,0.171,-0.106,6.935,0.001848,0.984660,0.071573,0.159118,img_492.jpg
48915,1280,720,631.94293,353.39117,986.8637,986.74805,0.139,-0.108,6.922,0.006332,0.983881,0.072659,0.163276,img_493.jpg
48981,1280,720,631.94293,353.39117,986.8637,986.74805,0.106,-0.107,6.907,0.006447,0.983273,0.074299,0.166168,img_494.jpg
49052,1280,720,631.94293,353.39117,986.8637,986.74805,0.058,-0.104,6.884,0.001134,0.982296,0.074204,0.172007,img_495.jpg
49130,1280,720,631.94293,353.39117,986.8637,986.74805,0.028,-0.103,6.868,-0.001479,0.981091,0.072592,0.179412,img_496.jpg
49199,1280,720,631.94293,353.39117,986.8637,986.74805,0.000,-0.102,6.853,-0.006985,0.980601,0.073585,0.181543,img_497.jpg
49281,1280,720,631.94293,353.39117,986.8637,986.74805,-0.024,-0.103,6.835,-0.008872,0.980248,0.074740,0.182890,img_498.jpg
49348,1280,720,631.94293,353.39117,986.8637,986.74805,-0.064,-0.106,6.809,-0.011268,0.979213,0.076140,0.187663,img_499.jpg
49430,1280,720,631.94293,353.39117,986.8637,986.74805,-0.090,-0.108,6.789,-0.011087,0.978704,0.075118,0.190717,img_500.jpg
49498,1280,720,631.94293,353.39117,986.8637,986.74805,-0.119,-0.110,6.770,-0.012142,0.977950,0.076289,0.194026,img_501.jpg
49582,1280,720,631.94293,353.39117,986.8637,986.74805,-0.161,-0.112,6.741,-0.002969,0.976784,0.076233,0.200182,img_502.jpg
49664,1280,720,631.94293,353.39117,986.8637,986.74805,-0.191,-0.111,6.722,0.002599,0.976152,0.075197,0.203631,img_503.jpg
49748,1280,720,631.94293,353.39117,986.8637,986.74805,-0.239,-0.107,6.696,0.006490,0.974509,0.078025,0.210244,img_504.jpg
49814,1280,720,631.94293,353.39117,986.8637,986.74805,-0.270,-0.106,6.679,0.009371,0.973488,0.077732,0.214921,img_505.jpg
49898,1280,720,631.94293,353.39117,986.8637,986.74805,-0.305,-0.104,6.663,0.007415,0.973058,0.077119,0.217155,img_506.jpg
49980,1280,720,631.94293,353.39117,986.8637,986.74805,-0.336,-0.103,6.649,0.007744,0.971964,0.076015,0.222367,img_507.jpg
50049,1280,720,631.94293,353.39117,986.8637,986.74805,-0.368,-0.103,6.635,0.006402,0.971449,0.075284,0.224897,img_508.jpg
50116,1280,720,631.94293,353.39117,986.8637,986.74805,-0.417,-0.102,6.617,0.003947,0.971475,0.071011,0.226224,img_509.jpg
50199,1280,720,631.94293,353.39117,986.8637,986.74805,-0.453,-0.102,6.609,0.001108,0.971562,0.070079,0.226174,img_510.jpg
50266,1280,720,631.94293,353.39117,986.8637,986.74805,-0.491,-0.104,6.606,-0.000443,0.971676,0.068526,0.226163,img_511.jpg
50348,1280,720,631.94293,353.39117,986.8637,986.74805,-0.531,-0.106,6.602,-0.000182,0.971327,0.065150,0.228647,img_512.jpg,marker_9.jpg,0.2764204,0.2764204,-0.997,-0.234,7.174,0.159821,0.688836,-0.690181,-0.690181
50416,1280,720,631.94293,353.39117,986.8637,986.74805,-0.585,-0.105,6.594,0.003781,0.970888,0.063942,0.230813,img_513.jpg
50499,1280,720,631.94293,353.39117,986.8637,986.74805,-0.617,-0.102,6.587,0.000827,0.971824,0.061354,0.227581,img_514.jpg
50568,1280,720,631.94293,353.39117,986.8637,986.74805,-0.639,-0.101,6.583,0.003118,0.972330,0.064308,0.224564,img_515.jpg
50648,1280,720,631.94293,353.39117,986.8637,986.74805,-0.673,-0.099,6.575,0.008374,0.973465,0.063945,0.219559,img_516.jpg
50730,1280,720,631.94293,353.39117,986.8637,986.74805,-0.692,-0.096,6.568,0.006313,0.974795,0.061240,0.214441,img_517.jpg
50816,1280,720,631.94293,353.39117,986.8637,986.74805,-0.711,-0.093,6.560,0.001161,0.976110,0.058549,0.209234,img_518.jpg
50894,1280,720,631.94293,353.39117,986.8637,986.74805,-0.726,-0.091,6.548,-0.003589,0.977761,0.055270,0.202275,img_519.jpg
50982,1280,720,631.94293,353.39117,986.8637,986.74805,-0.732,-0.089,6.540,-0.004298,0.978596,0.053681,0.198621,img_520.jpg,marker_9.jpg,0.2750764,0.2750764,-0.988,-0.233,7.177,0.154614,0.686861,-0.693705,-0.693705
51055,1280,720,631.94293,353.39117,986.8637,986.74805,-0.742,-0.088,6.531,-0.006487,0.979801,0.051705,0.193065,img_521.jpg
51132,1280,720,631.94293,353.39117,986.8637,986.74805,-0.749,-0.089,6.528,-0.010217,0.980052,0.056811,0.190173,img_522.jpg
51204,1280,720,631.94293,353.39117,986.8637,986.74805,-0.755,-0.089,6.525,-0.011770,0.980750,0.056828,0.186444,img_523.jpg
51281,1280,720,631.94293,353.39117,986.8637,986.74805,-0.760,-0.087,6.521,-0.015493,0.981288,0.059126,0.182585,img_524.jpg
51365,1280,720,631.94293,353.39117,986.8637,986.74805,-0.762,-0.086,6.517,-0.016321,0.982055,0.060154,0.177998,img_525.jpg
51447,1280,720,631.94293,353.39117,986.8637,986.74805,-0.766,-0.085,6.511,-0.017294,0.983103,0.058419,0.172620,img_526.jpg
51531,1280,720,631.94293,353.39117,986.8637,986.74805,-0.769,-0.084,6.506,-0.016505,0.983936,0.055376,0.168911,img_527.jpg
51600,1280,720,631.94293,353.39117,986.8637,986.74805,-0.774,-0.084,6.502,-0.019327,0.985231,0.060372,0.159066,img_528.jpg,marker_9.jpg,0.27261207,0.27261207,-0.986,-0.232,7.171,0.158521,0.692503,-0.685946,-0.685946
51681,1280,720,631.94293,353.39117,986.8637,986.74805,-0.781,-0.083,6.498,-0.017272,0.985429,0.057783,0.159034,img_529.jpg
51755,1280,720,631.94293,353.39117,986.8637,986.74805,-0.793,-0.083,6.488,-0.016934,0.985799,0.054603,0.157898,img_530.jpg
51832,1280,720,631.94293,353.39117,986.8637,986.74805,-0.804,-0.084,6.481,-0.018278,0.986072,0.054977,0.155904,img_531.jpg
51898,1280,720,631.94293,353.39117,986.8637,986.74805,-0.817,-0.086,6.473,-0.019062,0.986428,0.054608,0.153673,img_532.jpg
51967,1280,720,631.94293,353.39117,986.8637,986.74805,-0.832,-0.089,6.464,-0.020140,0.987011,0.055906,0.149259,img_533.jpg
52048,1280,720,631.94293,353.39117,986.8637,986.74805,-0.860,-0.096,6.446,-0.018079,0.988189,0.058646,0.140412,img_534.jpg
52131,1280,720,631.94293,353.39117,986.8637,986.74805,-0.883,-0.101,6.431,-0.015555,0.988712,0.054295,0.138775,img_535.jpg
52202,1280,720,631.94293,353.39117,986.8637,986.74805,-0.911,-0.105,6.415,-0.016924,0.989315,0.056436,0.133355,img_536.jpg,marker_9.jpg,0.27505448,0.27505448,-0.985,-0.231,7.167,0.165463,0.686434,-0.689410,-0.689410
52276,1280,720,631.94293,353.39117,986.8637,986.74805,-0.953,-0.114,6.391,-0.009868,0.989023,0.060096,0.134625,img_537.jpg
52365,1280,720,631.94293,353.39117,986.8637,986.74805,-0.982,-0.116,6.375,-0.000138,0.988723,0.057168,0.138415,img_538.jpg
52433,1280,720,631.94293,353.39117,986.8637,986.74805,-1.015,-0.115,6.364,0.003486,0.987870,0.063341,0.141736,img_539.jpg
52500,1280,720,631.94293,353.39117,986.8637,986.74805,-1.048,-0.114,6.352,0.004987,0.987068,0.064352,0.146733,img_540.jpg
52568,1280,720,631.94293,353.39117,986.8637,986.74805,-1.085,-0.110,6.339,0.003482,0.986264,0.064678,0.151946,img_541.jpg
52638,1280,720,631.94293,353.39117,986.8637,986.74805,-1.122,-0.106,6.326,-0.002228,0.985528,0.062732,0.157460,img_542.jpg
52705,1280,720,631.94293,353.39117,986.8637,986.74805,-1.158,-0.102,6.315,-0.007022,0.984725,0.061948,0.162571,img_543.jpg
52777,1280,720,631.94293,353.39117,986.8637,986.74805,-1.196,-0.101,6.305,-0.012806,0.983989,0.061279,0.166872,img_544.jpg
52850,1280,720,631.94293,353.39117,986.8637,986.74805,-1.257,-0.102,6.292,-0.020181,0.982763,0.059391,0.173904,img_545.jpg
52932,1280,720,631.94293,353.39117,986.8637,986.74805,-1.303,-0.106,6.285,-0.025446,0.981653,0.065192,0.177368,img_546.jpg
52991,1280,720,631.94293,353.39117,986.8637,986.74805,-1.352,-0.111,6.277,-0.024642,0.980707,0.062573,0.183551,img_547.jpg
53065,1280,720,631.94293,353.39117,986.8637,986.74805,-1.404,-0.114,6.269,-0.023975,0.979999,0.063752,0.186986,img_548.jpg
53133,1280,720,631.94293,353.39117,986.8637,986.74805,-1.455,-0.116,6.257,-0.017068,0.979463,0.061001,0.191418,img_549.jpg
53214,1280,720,631.94293,353.39117,986.8637,986.74805,-1.531,-0.117,6.236,-0.008237,0.979134,0.059499,0.194137,img_550.jpg
53298,1280,720,631.94293,353.39117,986.8637,986.74805,-1.579,-0.117,6.223,-0.005432,0.977819,0.064379,0.199239,img_551.jpg
53363,1280,720,631.94293,353.39117,986.8637,986.74805,-1.624,-0.116,6.210,-0.005136,0.976795,0.070414,0.202203,img_552.jpg
53427,1280,720,631.94293,353.39117,986.8637,986.74805,-1.665,-0.114,6.194,-0.003386,0.975497,0.071619,0.208002,img_553.jpg
53498,1280,720,631.94293,353.39117,986.8637,986.74805,-1.704,-0.110,6.176,-0.008708,0.974547,0.069354,0.213009,img_554.jpg
53581,1280,720,631.94293,353.39117,986.8637,986.74805,-1.758,-0.107,6.145,-0.015869,0.972702,0.064320,0.222399,img_555.jpg
53664,1280,720,631.94293,353.39117,986.8637,986.74805,-1.790,-0.107,6.125,-0.018306,0.971489,0.065696,0.227063,img_556.jpg
53730,1280,720,631.94293,353.39117,986.8637,986.74805,-1.821,-0.109,6.104,-0.017364,0.969751,0.066969,0.234087,img_557.jpg
53793,1280,720,631.94293,353.39117,986.8637,986.74805,-1.852,-0.112,6.082,-0.019049,0.968655,0.070201,0.237522,img_558.jpg
53881,1280,720,631.94293,353.39117,986.8637,986.74805,-1.895,-0.115,6.043,-0.018272,0.967645,0.067435,0.242451,img_559.jpg
53964,1280,720,631.94293,353.39117,986.8637,986.74805,-1.925,-0.116,6.015,-0.019516,0.967325,0.061337,0.245233,img_560.jpg
54030,1280,720,631.94293,353.39117,986.8637,986.74805,-1.956,-0.117,5.990,-0.025433,0.967385,0.068304,0.242599,img_561.jpg
54096,1280,720,631.94293,353.39117,986.8637,986.74805,-1.983,-0.117,5.966,-0.019183,0.967247,0.067476,0.243952,img_562.jpg
54168,1280,720,631.94293,353.39117,986.8637,986.74805,-2.009,-0.116,5.946,-0.013709,0.965136,0.072631,0.251097,img_563.jpg
54247,1280,720,631.94293,353.39117,986.8637,986.74805,-2.051,-0.114,5.919,-0.012852,0.962988,0.075755,0.258362,img_564.jpg
54316,1280,720,631.94293,353.39117,986.8637,986.74805,-2.078,-0.112,5.901,-0.013831,0.961582,0.076272,0.263346,img_565.jpg
54400,1280,720,631.94293,353.39117,986.8637,986.74805,-2.111,-0.111,5.891,-0.013427,0.960502,0.071830,0.268508,img_566.jpg
54469,1280,720,631.94293,353.39117,986.8637,986.74805,-2.134,-0.098,5.878,-0.015114,0.959681,0.067377,0.272478,img_567.jpg
54544,1280,720,631.94293,353.39117,986.8637,986.74805,-2.171,-0.097,5.856,-0.019789,0.958715,0.062946,0.276610,img_568.jpg,marker_10.jpg,0.27181163,0.27181163,-2.601,-0.240,6.350,0.162318,0.689130,-0.683880,-0.683880
54617,1280,720,631.94293,353.39117,986.8637,986.74805,-2.209,-0.096,5.839,-0.021598,0.958088,0.057359,0.279841,img_569.jpg
54701,1280,720,631.94293,353.39117,986.8637,986.74805,-2.224,-0.094,5.835,-0.020282,0.959595,0.052364,0.275726,img_570.jpg
54783,1280,720,631.94293,353.39117,986.8637,986.74805,-2.255,-0.092,5.825,-0.014779,0.961412,0.051071,0.269926,img_571.jpg
54865,1280,720,631.94293,353.39117,986.8637,986.74805,-2.275,-0.091,5.818,-0.012638,0.963510,0.053368,0.261993,img_572.jpg
54949,1280,720,631.94293,353.39117,986.8637,986.74805,-2.303,-0.092,5.813,-0.015903,0.965355,0.053575,0.254885,img_573.jpg
55032,1280,720,631.94293,353.39117,986.8637,986.74805,-2.318,-0.093,5.810,-0.016017,0.966933,0.051392,0.249286,img_574.jpg
55101,1280,720,631.94293,353.39117,986.8637,986.74805,-2.331,-0.094,5.810,-0.017442,0.969038,0.051345,0.240885,img_575.jpg
55173,1280,720,631.94293,353.39117,986.8637,986.74805,-2.341,-0.096,5.809,-0.017136,0.970740,0.050841,0.234063,img_576.jpg,marker_10.jpg,0.27660117,0.27660117,-2.604,-0.241,6.363,0.150258,0.689445,-0.689175,-0.689175
55248,1280,720,631.94293,353.39117,986.8637,986.74805,-2.351,-0.097,5.808,-0.017922,0.972466,0.052079,0.226442,img_577.jpg
55319,1280,720,631.94293,353.39117,986.8637,986.74805,-2.361,-0.100,5.809,-0.017332,0.974783,0.054655,0.215662,img_578.jpg
55400,1280,720,631.94293,353.39117,986.8637,986.74805,-2.367,-0.100,5.810,-0.015607,0.976363,0.055520,0.208300,img_579.jpg
55482,1280,720,631.94293,353.39117,986.8637,986.74805,-2.378,-0.100,5.811,-0.018050,0.978287,0.056419,0.198607,img_580.jpg
55565,1280,720,631.94293,353.39117,986.8637,986.74805,-2.383,-0.099,5.810,-0.019842,0.979265,0.057776,0.193152,img_581.jpg
55634,1280,720,631.94293,353.39117,986.8637,986.74805,-2.387,-0.099,5.805,-0.021454,0.980081,0.060782,0.187850,img_582.jpg
55717,1280,720,631.94293,353.39117,986.8637,986.74805,-2.392,-0.096,5.790,-0.023047,0.980944,0.057228,0.184236,img_583.jpg
55800,1280,720,631.94293,353.39117,986.8637,986.74805,-2.396,-0.095,5.778,-0.023122,0.980447,0.056380,0.187109,img_584.jpg,marker_10.jpg,0.2787049,0.2787049,-2.608,-0.242,6.368,0.155225,0.683884,-0.692894,-0.692894
55870,1280,720,631.94293,353.39117,986.8637,986.74805,-2.401,-0.095,5.764,-0.025884,0.979769,0.053272,0.191169,img_585.jpg
55944,1280,720,631.94293,353.39117,986.8637,986.74805,-2.406,-0.094,5.748,-0.028835,0.977906,0.051461,0.200548,img_586.jpg
56015,1280,720,631.94293,353.39117,986.8637,986.74805,-2.421,-0.092,5.719,-0.045055,0.973470,0.041574,0.220448,img_587.jpg
56100,1280,720,631.94293,353.39117,986.8637,986.74805,-2.432,-0.091,5.696,-0.053191,0.967241,0.041680,0.244700,img_588.jpg
56182,1280,720,631.94293,353.39117,986.8637,986.74805,-2.456,-0.095,5.667,-0.047722,0.955317,0.048038,0.287723,img_589.jpg
56265,1280,720,631.94293,353.39117,986.8637,986.74805,-2.473,-0.097,5.648,-0.045400,0.947171,0.054131,0.312851,img_590.jpg
56349,1280,720,631.94293,353.39117,986.8637,986.74805,-2.497,-0.097,5.618,-0.043096,0.936643,0.059173,0.342551,img_591.jpg
56415,1280,720,631.94293,353.39117,986.8637,986.74805,-2.513,-0.098,5.599,-0.047090,0.930604,0.064026,0.357295,img_592.jpg
56483,1280,720,631.94293,353.39117,986.8637,986.74805,-2.530,-0.099,5.579,-0.053729,0.924626,0.065816,0.371278,img_593.jpg
56566,1280,720,631.94293,353.39117,986.8637,986.74805,-2.546,-0.100,5.559,-0.058130,0.917652,0.066579,0.387431,img_594.jpg
56649,1280,720,631.94293,353.39117,986.8637,986.74805,-2.571,-0.101,5.529,-0.056297,0.905613,0.064818,0.415325,img_595.jpg
56733,1280,720,631.94293,353.39117,986.8637,986.74805,-2.592,-0.102,5.509,-0.056479,0.893825,0.065444,0.440005,img_596.jpg
56804,1280,720,631.94293,353.39117,986.8637,986.74805,-2.614,-0.103,5.490,-0.058581,0.881689,0.065695,0.463549,img_597.jpg
56874,1280,720,631.94293,353.39117,986.8637,986.74805,-2.636,-0.105,5.471,0.057007,-0.865050,-0.063411,-0.494386,img_598.jpg
56944,1280,720,631.94293,353.39117,986.8637,986.74805,-2.670,-0.107,5.444,0.059583,-0.840245,-0.068577,-0.534542,img_599.jpg
57015,1280,720,631.94293,353.39117,986.8637,986.74805,-2.691,-0.108,5.424,0.058912,-0.824148,-0.063285,-0.559736,img_600.jpg
57082,1280,720,631.94293,353.39117,986.8637,986.74805,-2.711,-0.107,5.403,0.059111,-0.803109,-0.058296,-0.590020,img_601.jpg
57164,1280,720,631.94293,353.39117,986.8637,986.74805,-2.730,-0.107,5.381,0.060862,-0.786922,-0.056576,-0.611432,img_602.jpg
57234,1280,720,631.94293,353.39117,986.8637,986.74805,-2.749,-0.107,5.361,0.063107,-0.769605,-0.055676,-0.632950,img_603.jpg
57300,1280,720,631.94293,353.39117,986.8637,986.74805,-2.763,-0.107,5.339,0.059269,-0.753337,-0.052718,-0.652833,img_604.jpg
57368,1280,720,631.94293,353.39117,986.8637,986.74805,-2.778,-0.106,5.318,0.059958,-0.735718,-0.050292,-0.672752,img_605.jpg
57438,1280,720,631.94293,353.39117,986.8637,986.74805,-2.790,-0.106,5.297,0.059409,-0.721705,-0.050380,-0.687805,img_606.jpg
57507,1280,720,631.94293,353.39117,986.8637,986.74805,-2.806,-0.106,5.266,0.059127,-0.700606,-0.049117,-0.709397,img_607.jpg
57581,1280,720,631.94293,353.39117,986.8637,986.74805,-2.815,-0.104,5.246,0.058187,-0.687620,-0.048010,-0.722142,img_608.jpg
57665,1280,720,631.94293,353.39117,986.8637,986.74805,-2.828,-0.108,5.228,0.059616,-0.672784,-0.044370,-0.736097,img_609.jpg
57734,1280,720,631.94293,353.39117,986.8637,986.74805,-2.830,-0.104,5.206,0.058904,-0.659756,-0.043615,-0.747897,img_610.jpg
57801,1280,720,631.94293,353.39117,986.8637,986.74805,-2.837,-0.104,5.187,0.060424,-0.647909,-0.043219,-0.758086,img_611.jpg
57870,1280,720,631.94293,353.39117,986.8637,986.74805,-2.833,-0.098,5.190,0.059525,-0.635897,-0.044522,-0.768186,img_612.jpg
57942,1280,720,631.94293,353.39117,986.8637,986.74805,-2.843,-0.101,5.182,0.060381,-0.619426,-0.046163,-0.781367,img_613.jpg
58015,1280,720,631.94293,353.39117,986.8637,986.74805,-2.846,-0.102,5.171,0.060649,-0.610046,-0.046012,-0.788700,img_614.jpg
58083,1280,720,631.94293,353.39117,986.8637,986.74805,-2.856,-0.103,5.151,0.061657,-0.601162,-0.045598,-0.795440,img_615.jpg
58166,1280,720,631.94293,353.39117,986.8637,986.74805,-2.862,-0.105,5.136,0.062791,-0.592935,-0.044603,-0.801559,img_616.jpg
58239,1280,720,631.94293,353.39117,986.8637,986.74805,-2.865,-0.107,5.124,0.063133,-0.585535,-0.043864,-0.806993,img_617.jpg
58308,1280,720,631.94293,353.39117,986.8637,986.74805,-2.868,-0.108,5.114,0.064973,-0.577878,-0.042678,-0.812413,img_618.jpg
58378,1280,720,631.94293,353.39117,986.8637,986.74805,-2.871,-0.110,5.096,0.064809,-0.567727,-0.040767,-0.819649,img_619.jpg
58466,1280,720,631.94293,353.39117,986.8637,986.74805,-2.869,-0.110,5.085,0.063103,-0.560290,-0.040345,-0.824903,img_620.jpg
58537,1280,720,631.94293,353.39117,986.8637,986.74805,-2.864,-0.110,5.073,0.060605,-0.552595,-0.040446,-0.830259,img_621.jpg
58606,1280,720,631.94293,353.39117,986.8637,986.74805,-2.864,-0.110,5.058,0.058358,-0.544893,-0.040136,-0.835509,img_622.jpg
58675,1280,720,631.94293,353.39117,986.8637,986.74805,-2.861,-0.109,5.035,0.056260,-0.534110,-0.038761,-0.842650,img_623.jpg
58766,1280,720,631.94293,353.39117,986.8637,986.74805,-2.860,-0.109,5.020,0.052802,-0.528326,-0.040334,-0.846438,img_624.jpg
58836,1280,720,631.94293,353.39117,986.8637,986.74805,-2.858,-0.110,5.007,0.051830,-0.522297,-0.041943,-0.850153,img_625.jpg
58915,1280,720,631.94293,353.39117,986.8637,986.74805,-2.854,-0.111,4.990,0.050684,-0.516636,-0.042153,-0.853664,img_626.jpg
58984,1280,720,631.94293,353.39117,986.8637,986.74805,-2.852,-0.111,4.980,0.048553,-0.512756,-0.042596,-0.856102,img_627.jpg
59066,1280,720,631.94293,353.39117,986.8637,986.74805,-2.850,-0.112,4.972,0.047976,-0.510098,-0.044297,-0.857634,img_628.jpg
59137,1280,720,631.94293,353.39117,986.8637,986.74805,-2.848,-0.112,4.965,0.047966,-0.506381,-0.044229,-0.859838,img_629.jpg
59206,1280,720,631.94293,353.39117,986.8637,986.74805,-2.847,-0.114,4.958,0.048045,-0.503224,-0.043597,-0.861717,img_630.jpg
59283,1280,720,631.94293,353.39117,986.8637,986.74805,-2.847,-0.116,4.950,0.049210,-0.499285,-0.043822,-0.863929,img_631.jpg
59366,1280,720,631.94293,353.39117,986.8637,986.74805,-2.848,-0.118,4.946,0.049490,-0.496894,-0.044334,-0.865264,img_632.jpg
59436,1280,720,631.94293,353.39117,986.8637,986.74805,-2.849,-0.120,4.942,0.049553,-0.494943,-0.045142,-0.866336,img_633.jpg,marker_11.jpg,0.28401795,0.28401795,-3.382,-0.291,4.620,-0.604432,-0.360414,0.371315,0.371315
59510,1280,720,631.94293,353.39117,986.8637,986.74805,-2.851,-0.121,4.937,0.047825,-0.493265,-0.045065,-0.867394,img_634.jpg
59583,1280,720,631.94293,353.39117,986.8637,986.74805,-2.853,-0.123,4.929,0.047454,-0.491740,-0.042993,-0.868385,img_635.jpg
59666,1280,720,631.94293,353.39117,986.8637,986.74805,-2.856,-0.125,4.924,0.044526,-0.491232,-0.042028,-0.868874,img_636.jpg
59736,1280,720,631.94293,353.39117,986.8637,986.74805,-2.857,-0.127,4.920,0.043540,-0.491058,-0.040953,-0.869074,img_637.jpg
59808,1280,720,631.94293,353.39117,986.8637,986.74805,-2.856,-0.128,4.916,0.044150,-0.492315,-0.038128,-0.868460,img_638.jpg
59878,1280,720,631.94293,353.39117,986.8637,986.74805,-2.851,-0.129,4.915,0.041264,-0.496229,-0.039057,-0.866330,img_639.jpg
59966,1280,720,631.94293,353.39117,986.8637,986.74805,-2.845,-0.128,4.914,0.042302,-0.502094,-0.039254,-0.862885,img_640.jpg
60037,1280,720,631.94293,353.39117,986.8637,986.74805,-2.833,-0.128,4.911,0.044066,-0.511376,-0.035941,-0.857474,img_641.jpg,marker_11.jpg,0.28101212,0.28101212,-3.382,-0.290,4.622,-0.597436,-0.365505,0.365272,0.365272
60117,1280,720,631.94293,353.39117,986.8637,986.74805,-2.822,-0.127,4.910,0.042673,-0.516469,-0.034181,-0.854559,img_642.jpg
60201,1280,720,631.94293,353.39117,986.8637,986.74805,-2.813,-0.126,4.906,0.044329,-0.521216,-0.033579,-0.851611,img_643.jpg
60269,1280,720,631.94293,353.39117,986.8637,986.74805,-2.800,-0.125,4.900,0.043143,-0.523847,-0.034153,-0.850033,img_644.jpg
60339,1280,720,631.94293,353.39117,986.8637,986.74805,-2.787,-0.125,4.892,0.044938,-0.525955,-0.036230,-0.848551,img_645.jpg
60416,1280,720,631.94293,353.39117,986.8637,986.74805,-2.765,-0.130,4.877,0.051250,-0.531240,-0.044941,-0.844475,img_646.jpg
60500,1280,720,631.94293,353.39117,986.8637,986.74805,-2.748,-0.132,4.863,0.057063,-0.537301,-0.048433,-0.840063,img_647.jpg
60569,1280,720,631.94293,353.39117,986.8637,986.74805,-2.727,-0.133,4.848,0.053390,-0.536251,-0.051930,-0.840766,img_648.jpg
60646,1280,720,631.94293,353.39117,986.8637,986.74805,-2.698,-0.133,4.822,0.055850,-0.531160,-0.057369,-0.843480,img_649.jpg,marker_11.jpg,0.28036565,0.28036565,-3.370,-0.285,4.629,-0.612079,-0.348079,0.347896,0.347896
60731,1280,720,631.94293,353.39117,986.8637,986.74805,-2.677,-0.131,4.805,0.050891,-0.528056,-0.063036,-0.845336,img_650.jpg
60800,1280,720,631.94293,353.39117,986.8637,986.74805,-2.654,-0.127,4.783,0.045816,-0.525240,-0.062135,-0.847445,img_651.jpg
60868,1280,720,631.94293,353.39117,986.8637,986.74805,-2.633,-0.123,4.757,0.047488,-0.522195,-0.062042,-0.849240,img_652.jpg
60946,1280,720,631.94293,353.39117,986.8637,986.74805,-2.602,-0.119,4.717,0.044645,-0.515820,-0.062381,-0.853256,img_653.jpg
61034,1280,720,631.94293,353.39117,986.8637,986.74805,-2.581,-0.118,4.688,0.045499,-0.512673,-0.060817,-0.855218,img_654.jpg
61098,1280,720,631.94293,353.39117,986.8637,986.74805,-2.562,-0.117,4.656,0.047458,-0.509076,-0.058788,-0.857399,img_655.jpg
61168,1280,720,631.94293,353.39117,986.8637,986.74805,-2.542,-0.117,4.622,0.052209,-0.509516,-0.057667,-0.856938,img_656.jpg
61241,1280,720,631.94293,353.39117,986.8637,986.74805,-2.514,-0.119,4.576,0.058645,-0.517844,-0.055881,-0.851631,img_657.jpg
61333,1280,720,631.94293,353.39117,986.8637,986.74805,-2.493,-0.121,4.546,0.057812,-0.526238,-0.053503,-0.846681,img_658.jpg
61397,1280,720,631.94293,353.39117,986.8637,986.74805,-2.473,-0.122,4.515,0.054911,-0.534183,-0.051189,-0.842029,img_659.jpg
61483,1280,720,631.94293,353.39117,986.8637,986.74805,-2.446,-0.125,4.467,0.056113,-0.545895,-0.058413,-0.833929,img_660.jpg
61566,1280,720,631.94293,353.39117,986.8637,986.74805,-2.429,-0.127,4.433,0.057636,-0.549776,-0.062949,-0.830940,img_661.jpg
61639,1280,720,631.94293,353.39117,986.8637,986.74805,-2.402,-0.129,4.385,0.060140,-0.549407,-0.071791,-0.830290,img_662.jpg
61716,1280,720,631.94293,353.39117,986.8637,986.74805,-2.381,-0.129,4.353,0.059587,-0.548760,-0.073121,-0.830641,img_663.jpg
61800,1280,720,631.94293,353.39117,986.8637,986.74805,-2.356,-0.128,4.321,0.061557,-0.546207,-0.070439,-0.832410,img_664.jpg
61865,1280,720,631.94293,353.39117,986.8637,986.74805,-2.332,-0.127,4.290,0.065846,-0.543637,-0.067678,-0.833992,img_665.jpg
61938,1280,720,631.94293,353.39117,986.8637,986.74805,-2.290,-0.128,4.250,0.066767,-0.539444,-0.065144,-0.836839,img_666.jpg
62015,1280,720,631.94293,353.39117,986.8637,986.74805,-2.259,-0.129,4.226,0.068907,-0.537538,-0.062994,-0.838055,img_667.jpg
62100,1280,720,631.94293,353.39117,986.8637,986.74805,-2.228,-0.131,4.200,0.071758,-0.536117,-0.061314,-0.838850,img_668.jpg
62167,1280,720,631.94293,353.39117,986.8637,986.74805,-2.193,-0.136,4.180,0.075239,-0.535128,-0.057798,-0.839426,img_669.jpg
62241,1280,720,631.94293,353.39117,986.8637,986.74805,-2.134,-0.144,4.153,0.071134,-0.532374,-0.054547,-0.841750,img_670.jpg
62317,1280,720,631.94293,353.39117,986.8637,986.74805,-2.095,-0.148,4.135,0.067852,-0.532628,-0.060945,-0.841421,img_671.jpg
62398,1280,720,631.94293,353.39117,986.8637,986.74805,-2.049,-0.149,4.119,0.062028,-0.534624,-0.068223,-0.840045,img_672.jpg
62464,1280,720,631.94293,353.39117,986.8637,986.74805,-2.003,-0.144,4.105,0.061159,-0.536526,-0.073641,-0.838437,img_673.jpg
62549,1280,720,631.94293,353.39117,986.8637,986.74805,-1.938,-0.137,4.083,0.058057,-0.531918,-0.080652,-0.840944,img_674.jpg
62633,1280,720,631.94293,353.39117,986.8637,986.74805,-1.895,-0.129,4.061,0.062552,-0.535913,-0.078343,-0.838300,img_675.jpg
62699,1280,720,631.94293,353.39117,986.8637,986.74805,-1.853,-0.123,4.039,0.055151,-0.531723,-0.074865,-0.841798,img_676.jpg
62768,1280,720,631.94293,353.39117,986.8637,986.74805,-1.816,-0.116,4.014,0.051963,-0.524315,-0.071218,-0.846948,img_677.jpg
62841,1280,720,631.94293,353.39117,986.8637,986.74805,-1.766,-0.105,3.972,0.047214,-0.515223,-0.062341,-0.853481,img_678.jpg
62916,1280,720,631.94293,353.39117,986.8637,986.74805,-1.734,-0.099,3.944,0.041038,-0.507548,-0.057947,-0.858692,img_679.jpg
63001,1280,720,631.94293,353.39117,986.8637,986.74805,-1.705,-0.092,3.913,0.036030,-0.502643,-0.051547,-0.862204,img_680.jpg
63072,1280,720,631.94293,353.39117,986.8637,986.74805,-1.670,-0.085,3.863,0.040693,-0.498588,-0.046973,-0.864608,img_681.jpg
63166,1280,720,631.94293,353.39117,986.8637,986.74805,-1.632,-0.081,3.832,0.033483,-0.500107,-0.050098,-0.863865,img_682.jpg
63238,1280,720,631.94293,353.39117,986.8637,986.74805,-1.595,-0.078,3.785,0.033056,-0.493243,-0.066159,-0.866742,img_683.jpg
63315,1280,720,631.94293,353.39117,986.8637,986.74805,-1.572,-0.074,3.759,0.031082,-0.484555,-0.068956,-0.871485,img_684.jpg
63400,1280,720,631.94293,353.39117,986.8637,986.74805,-1.551,-0.067,3.738,0.028295,-0.482574,-0.065962,-0.872909,img_685.jpg
63471,1280,720,631.94293,353.39117,986.8637,986.74805,-1.528,-0.058,3.700,0.029607,-0.479380,-0.057964,-0.875191,img_686.jpg
63550,1280,720,631.94293,353.39117,986.8637,986.74805,-1.518,-0.050,3.678,0.032100,-0.477635,-0.052804,-0.876383,img_687.jpg
63633,1280,720,631.94293,353.39117,986.8637,986.74805,-1.503,-0.045,3.666,0.027605,-0.476288,-0.047424,-0.877576,img_688.jpg
63708,1280,720,631.94293,353.39117,986.8637,986.74805,-1.484,-0.041,3.650,0.023383,-0.474582,-0.043065,-0.878846,img_689.jpg
63800,1280,720,631.94293,353.39117,986.8637,986.74805,-1.469,-0.039,3.639,0.023295,-0.473659,-0.039488,-0.879514,img_690.jpg
63872,1280,720,631.94293,353.39117,986.8637,986.74805,-1.450,-0.038,3.628,0.027874,-0.475863,-0.030296,-0.878555,img_691.jpg
63967,1280,720,631.94293,353.39117,986.8637,986.74805,-1.437,-0.037,3.625,0.025409,-0.476197,-0.026895,-0.878560,img_692.jpg
64038,1280,720,631.94293,353.39117,986.8637,986.74805,-1.426,-0.036,3.621,0.022857,-0.477947,-0.027435,-0.877663,img_693.jpg
64121,1280,720,631.94293,353.39117,986.8637,986.74805,-1.409,-0.037,3.615,0.018975,-0.478293,-0.028587,-0.877530,img_694.jpg
64201,1280,720,631.94293,353.39117,986.8637,986.74805,-1.399,-0.036,3.609,0.022456,-0.477933,-0.029519,-0.877613,img_695.jpg,marker_12.jpg,0.26953444,0.26953444,-1.980,-0.274,3.202,-0.617489,-0.366167,0.341004,0.341004
64276,1280,720,631.94293,353.39117,986.8637,986.74805,-1.387,-0.038,3.601,0.025249,-0.479760,-0.032954,-0.876417,img_696.jpg
64368,1280,720,631.94293,353.39117,986.8637,986.74805,-1.380,-0.037,3.595,0.024870,-0.482757,-0.029376,-0.874908,img_697.jpg
64440,1280,720,631.94293,353.39117,986.8637,986.74805,-1.374,-0.036,3.589,0.027583,-0.482723,-0.029252,-0.874850,img_698.jpg
64519,1280,720,631.94293,353.39117,986.8637,986.74805,-1.367,-0.037,3.581,0.027100,-0.485903,-0.030913,-0.873046,img_699.jpg
64600,1280,720,631.94293,353.39117,986.8637,986.74805,-1.366,-0.038,3.575,0.027463,-0.489555,-0.033525,-0.870895,img_700.jpg
64676,1280,720,631.94293,353.39117,986.8637,986.74805,-1.368,-0.040,3.567,0.034480,-0.496623,-0.044157,-0.866156,img_701.jpg
64768,1280,720,631.94293,353.39117,986.8637,986.74805,-1.370,-0.041,3.564,0.036840,-0.498321,-0.050202,-0.864754,img_702.jpg
64840,1280,720,631.94293,353.39117,986.8637,986.74805,-1.373,-0.042,3.562,0.040035,-0.502948,-0.061320,-0.861209,img_703.jpg,marker_12.jpg,0.26767537,0.26767537,-1.976,-0.273,3.202,-0.615389,-0.369433,0.347025,0.347025
64933,1280,720,631.94293,353.39117,986.8637,986.74805,-1.373,-0.043,3.560,0.044393,-0.509625,-0.062769,-0.856955,img_704.jpg
65007,1280,720,631.94293,353.39117,986.8637,986.74805,-1.373,-0.042,3.556,0.042686,-0.516098,-0.060613,-0.853315,img_705.jpg
65107,1280,720,631.94293,353.39117,986.8637,986.74805,-1.378,-0.041,3.546,0.036922,-0.513258,-0.053904,-0.855744,img_706.jpg
