time,sizeX,sizeY,p_x,p_y,f_x,f_y,pos_X,pos_Y,pos_Z,q_x,q_y,q_z,q_w,marker_ID,marker_x,marker_y,marker_z,marker_qx,marker_qy,marker_qz,marker_qw,marker_ID,marker_x,marker_y,marker_z,marker_qx,marker_qy,marker_qz,marker_qw,marker_ID,marker_x,marker_y,marker_z,marker_qx,marker_qy,marker_qz,marker_qw,
15256,1280,720,631.94293,353.39117,986.8637,986.74805,0.247,0.003,0.933,0.103607,-0.027506,0.018943,-0.994058,img_1.jpg
15364,1280,720,631.94293,353.39117,986.8637,986.74805,0.246,0.004,0.936,0.104227,-0.022873,0.017549,-0.994136,img_2.jpg
15446,1280,720,631.94293,353.39117,986.8637,986.74805,0.244,0.005,0.942,0.097622,-0.022163,0.018341,-0.994808,img_3.jpg
15529,1280,720,631.94293,353.39117,986.8637,986.74805,0.243,0.006,0.946,0.095456,-0.020601,0.018294,-0.995052,img_4.jpg
15630,1280,720,631.94293,353.39117,986.8637,986.74805,0.240,0.008,0.953,0.091057,-0.019646,0.017878,-0.995491,img_5.jpg
15706,1280,720,631.94293,353.39117,986.8637,986.74805,0.238,0.010,0.961,0.086185,-0.018491,0.017525,-0.995953,img_6.jpg
15795,1280,720,631.94293,353.39117,986.8637,986.74805,0.236,0.011,0.968,0.082922,-0.016483,0.015765,-0.996295,img_7.jpg
15868,1280,720,631.94293,353.39117,986.8637,986.74805,0.235,0.012,0.976,0.080109,-0.014944,0.014994,-0.996561,img_8.jpg,marker_1.jpg,0.2633427,0.2633427,0.211,-0.117,0.324,-0.711356,0.005280,-0.006426,-0.006426
15939,1280,720,631.94293,353.39117,986.8637,986.74805,0.234,0.012,0.984,0.079053,-0.012083,0.012974,-0.996713,img_9.jpg
16012,1280,720,631.94293,353.39117,986.8637,986.74805,0.234,0.012,0.991,0.080179,-0.007162,0.010596,-0.996698,img_10.jpg
16091,1280,720,631.94293,353.39117,986.8637,986.74805,0.235,0.011,1.004,0.079110,-0.000714,0.008375,-0.996830,img_11.jpg
16162,1280,720,631.94293,353.39117,986.8637,986.74805,0.238,0.010,1.009,0.080778,0.003733,0.006674,-0.996703,img_12.jpg
16246,1280,720,631.94293,353.39117,986.8637,986.74805,0.242,0.009,1.016,0.081135,0.006123,0.006780,-0.996661,img_13.jpg
16314,1280,720,631.94293,353.39117,986.8637,986.74805,0.251,0.009,1.026,0.078772,0.007305,0.008985,-0.996825,img_14.jpg
16395,1280,720,631.94293,353.39117,986.8637,986.74805,0.259,0.010,1.032,0.076378,0.008226,0.009768,-0.996997,img_15.jpg
16467,1280,720,631.94293,353.39117,986.8637,986.74805,0.269,0.010,1.038,0.074360,0.007851,0.011818,-0.997131,img_16.jpg,marker_1.jpg,0.26499683,0.26499683,0.210,-0.117,0.324,-0.710802,0.002709,-0.002766,-0.002766
16533,1280,720,631.94293,353.39117,986.8637,986.74805,0.283,0.011,1.043,0.072273,0.008762,0.012707,-0.997265,img_17.jpg
16596,1280,720,631.94293,353.39117,986.8637,986.74805,0.299,0.012,1.048,0.069285,0.009117,0.011721,-0.997486,img_18.jpg
16665,1280,720,631.94293,353.39117,986.8637,986.74805,0.317,0.013,1.053,0.066937,0.010386,0.011372,-0.997638,img_19.jpg
16727,1280,720,631.94293,353.39117,986.8637,986.74805,0.339,0.015,1.060,0.061812,0.011025,0.011476,-0.997961,img_20.jpg
16796,1280,720,631.94293,353.39117,986.8637,986.74805,0.363,0.017,1.067,0.057158,0.012348,0.012100,-0.998215,img_21.jpg
16862,1280,720,631.94293,353.39117,986.8637,986.74805,0.388,0.020,1.075,0.052682,0.013406,0.012656,-0.998441,img_22.jpg
16930,1280,720,631.94293,353.39117,986.8637,986.74805,0.416,0.023,1.082,0.047701,0.012027,0.014647,-0.998682,img_23.jpg
16999,1280,720,631.94293,353.39117,986.8637,986.74805,0.443,0.025,1.088,0.045703,0.010007,0.014823,-0.998795,img_24.jpg
17070,1280,720,631.94293,353.39117,986.8637,986.74805,0.468,0.026,1.095,0.045274,0.007064,0.013639,-0.998857,img_25.jpg
17147,1280,720,631.94293,353.39117,986.8637,986.74805,0.503,0.028,1.105,0.042021,-0.001266,0.012128,-0.999042,img_26.jpg
17230,1280,720,631.94293,353.39117,986.8637,986.74805,0.525,0.028,1.114,0.040366,-0.006845,0.011219,-0.999099,img_27.jpg
17295,1280,720,631.94293,353.39117,986.8637,986.74805,0.545,0.029,1.120,0.038706,-0.011927,0.012611,-0.999100,img_28.jpg
17362,1280,720,631.94293,353.39117,986.8637,986.74805,0.564,0.028,1.126,0.040361,-0.015574,0.017176,-0.998916,img_29.jpg
17428,1280,720,631.94293,353.39117,986.8637,986.74805,0.581,0.028,1.130,0.042196,-0.019148,0.020698,-0.998711,img_30.jpg,marker_1.jpg,0.26709253,0.26709253,0.210,-0.118,0.320,-0.714303,-0.010486,0.011767,0.011767
17514,1280,720,631.94293,353.39117,986.8637,986.74805,0.602,0.029,1.134,0.043128,-0.025917,0.023384,-0.998460,img_31.jpg
17596,1280,720,631.94293,353.39117,986.8637,986.74805,0.615,0.030,1.135,0.044171,-0.030106,0.025818,-0.998237,img_32.jpg
17663,1280,720,631.94293,353.39117,986.8637,986.74805,0.626,0.030,1.136,0.042297,-0.034455,0.025751,-0.998179,img_33.jpg
17725,1280,720,631.94293,353.39117,986.8637,986.74805,0.636,0.029,1.135,0.040135,-0.039316,0.025780,-0.998088,img_34.jpg
17813,1280,720,631.94293,353.39117,986.8637,986.74805,0.654,0.027,1.130,0.040202,-0.042304,0.025968,-0.997958,img_35.jpg
17896,1280,720,631.94293,353.39117,986.8637,986.74805,0.670,0.023,1.125,0.044540,-0.043767,0.029080,-0.997625,img_36.jpg
17963,1280,720,631.94293,353.39117,986.8637,986.74805,0.690,0.018,1.118,0.049791,-0.041252,0.031003,-0.997426,img_37.jpg
18028,1280,720,631.94293,353.39117,986.8637,986.74805,0.713,0.013,1.109,0.055543,-0.036445,0.030359,-0.997329,img_38.jpg
18114,1280,720,631.94293,353.39117,986.8637,986.74805,0.750,0.008,1.093,0.063346,-0.024712,0.021882,-0.997446,img_39.jpg
18196,1280,720,631.94293,353.39117,986.8637,986.74805,0.779,0.008,1.082,0.065938,-0.020536,0.022601,-0.997356,img_40.jpg
18262,1280,720,631.94293,353.39117,986.8637,986.74805,0.807,0.009,1.071,0.071300,-0.016315,0.024093,-0.997030,img_41.jpg
18332,1280,720,631.94293,353.39117,986.8637,986.74805,0.834,0.011,1.062,0.072714,-0.007342,0.022299,-0.997077,img_42.jpg
18398,1280,720,631.94293,353.39117,986.8637,986.74805,0.861,0.015,1.053,0.078899,-0.000276,0.029043,-0.996459,img_43.jpg
18467,1280,720,631.94293,353.39117,986.8637,986.74805,0.889,0.017,1.048,0.074941,0.013746,0.027276,-0.996720,img_44.jpg
18532,1280,720,631.94293,353.39117,986.8637,986.74805,0.919,0.018,1.044,0.075657,0.028745,0.027756,-0.996333,img_45.jpg
18597,1280,720,631.94293,353.39117,986.8637,986.74805,0.948,0.017,1.039,0.079825,0.044364,0.028574,-0.995411,img_46.jpg
18667,1280,720,631.94293,353.39117,986.8637,986.74805,0.977,0.016,1.038,0.078505,0.056398,0.031957,-0.994804,img_47.jpg
18729,1280,720,631.94293,353.39117,986.8637,986.74805,1.009,0.015,1.038,0.076532,0.064283,0.036672,-0.994317,img_48.jpg
18812,1280,720,631.94293,353.39117,986.8637,986.74805,1.060,0.011,1.040,0.074953,0.070144,0.039532,-0.993931,img_49.jpg
18879,1280,720,631.94293,353.39117,986.8637,986.74805,1.078,0.010,1.041,0.074035,0.071614,0.038386,-0.993940,img_50.jpg
18947,1280,720,631.94293,353.39117,986.8637,986.74805,1.136,0.007,1.048,0.069701,0.072749,0.040669,-0.994080,img_51.jpg
19031,1280,720,631.94293,353.39117,986.8637,986.74805,1.176,0.008,1.054,0.063497,0.074680,0.035997,-0.994533,img_52.jpg
19092,1280,720,631.94293,353.39117,986.8637,986.74805,1.216,0.010,1.058,0.063273,0.079848,0.031775,-0.994289,img_53.jpg
19164,1280,720,631.94293,353.39117,986.8637,986.74805,1.257,0.012,1.062,0.065469,0.084174,0.032984,-0.993751,img_54.jpg
19229,1280,720,631.94293,353.39117,986.8637,986.74805,1.296,0.014,1.065,0.071901,0.086585,0.036172,-0.992988,img_55.jpg
19296,1280,720,631.94293,353.39117,986.8637,986.74805,1.331,0.015,1.067,0.076926,0.087519,0.035332,-0.992560,img_56.jpg
19368,1280,720,631.94293,353.39117,986.8637,986.74805,1.365,0.015,1.069,0.081171,0.088022,0.038949,-0.992042,img_57.jpg
19432,1280,720,631.94293,353.39117,986.8637,986.74805,1.397,0.015,1.069,0.085746,0.091357,0.043561,-0.991163,img_58.jpg
19498,1280,720,631.94293,353.39117,986.8637,986.74805,1.427,0.014,1.068,0.085472,0.096501,0.043657,-0.990695,img_59.jpg
19565,1280,720,631.94293,353.39117,986.8637,986.74805,1.455,0.014,1.066,0.084553,0.100337,0.043631,-0.990394,img_60.jpg
19630,1280,720,631.94293,353.39117,986.8637,986.74805,1.484,0.013,1.062,0.081606,0.104697,0.042121,-0.990255,img_61.jpg
19696,1280,720,631.94293,353.39117,986.8637,986.74805,1.520,0.010,1.054,0.081208,0.109093,0.043755,-0.989742,img_62.jpg
19765,1280,720,631.94293,353.39117,986.8637,986.74805,1.520,0.010,1.054,0.081208,0.109093,0.043755,-0.989742,img_63.jpg
19830,1280,720,631.94293,353.39117,986.8637,986.74805,1.520,0.010,1.054,0.081208,0.109093,0.043755,-0.989742,img_64.jpg
19896,1280,720,631.94293,353.39117,986.8637,986.74805,1.520,0.010,1.054,0.081208,0.109093,0.043755,-0.989742,img_65.jpg
19962,1280,720,631.94293,353.39117,986.8637,986.74805,1.520,0.010,1.054,0.081208,0.109093,0.043755,-0.989742,img_66.jpg
20026,1280,720,631.94293,353.39117,986.8637,986.74805,1.520,0.010,1.054,0.081208,0.109093,0.043755,-0.989742,img_67.jpg
20095,1280,720,631.94293,353.39117,986.8637,986.74805,1.520,0.010,1.054,0.081208,0.109093,0.043755,-0.989742,img_68.jpg
20164,1280,720,631.94293,353.39117,986.8637,986.74805,1.520,0.010,1.054,0.081208,0.109093,0.043755,-0.989742,img_69.jpg
20229,1280,720,631.94293,353.39117,986.8637,986.74805,1.520,0.010,1.054,0.081208,0.109093,0.043755,-0.989742,img_70.jpg
20295,1280,720,631.94293,353.39117,986.8637,986.74805,1.520,0.010,1.054,0.081208,0.109093,0.043755,-0.989742,img_71.jpg
20363,1280,720,631.94293,353.39117,986.8637,986.74805,1.520,0.010,1.054,0.081208,0.109093,0.043755,-0.989742,img_72.jpg
20429,1280,720,631.94293,353.39117,986.8637,986.74805,1.520,0.010,1.054,0.081208,0.109093,0.043755,-0.989742,img_73.jpg
20494,1280,720,631.94293,353.39117,986.8637,986.74805,1.520,0.010,1.054,0.081208,0.109093,0.043755,-0.989742,img_74.jpg
20579,1280,720,631.94293,353.39117,986.8637,986.74805,1.520,0.010,1.054,0.081208,0.109093,0.043755,-0.989742,img_75.jpg
20647,1280,720,631.94293,353.39117,986.8637,986.74805,1.520,0.010,1.054,0.081208,0.109093,0.043755,-0.989742,img_76.jpg
20713,1280,720,631.94293,353.39117,986.8637,986.74805,1.520,0.010,1.054,0.081208,0.109093,0.043755,-0.989742,img_77.jpg
20796,1280,720,631.94293,353.39117,986.8637,986.74805,1.520,0.010,1.054,0.081208,0.109093,0.043755,-0.989742,img_78.jpg
20863,1280,720,631.94293,353.39117,986.8637,986.74805,1.520,0.010,1.054,0.081208,0.109093,0.043755,-0.989742,img_79.jpg
20928,1280,720,631.94293,353.39117,986.8637,986.74805,1.520,0.010,1.054,0.081208,0.109093,0.043755,-0.989742,img_80.jpg
21013,1280,720,631.94293,353.39117,986.8637,986.74805,1.520,0.010,1.054,0.081208,0.109093,0.043755,-0.989742,img_81.jpg
21096,1280,720,631.94293,353.39117,986.8637,986.74805,1.520,0.010,1.054,0.081208,0.109093,0.043755,-0.989742,img_82.jpg
21163,1280,720,631.94293,353.39117,986.8637,986.74805,1.520,0.010,1.054,0.081208,0.109093,0.043755,-0.989742,img_83.jpg
21228,1280,720,631.94293,353.39117,986.8637,986.74805,1.520,0.010,1.054,0.081208,0.109093,0.043755,-0.989742,img_84.jpg
21313,1280,720,631.94293,353.39117,986.8637,986.74805,1.520,0.010,1.054,0.081208,0.109093,0.043755,-0.989742,img_85.jpg
21396,1280,720,631.94293,353.39117,986.8637,986.74805,1.520,0.010,1.054,0.081208,0.109093,0.043755,-0.989742,img_86.jpg
21469,1280,720,631.94293,353.39117,986.8637,986.74805,1.520,0.010,1.054,0.081208,0.109093,0.043755,-0.989742,img_87.jpg
21547,1280,720,631.94293,353.39117,986.8637,986.74805,1.520,0.010,1.054,0.081208,0.109093,0.043755,-0.989742,img_88.jpg
21630,1280,720,631.94293,353.39117,986.8637,986.74805,1.520,0.010,1.054,0.081208,0.109093,0.043755,-0.989742,img_89.jpg
21699,1280,720,631.94293,353.39117,986.8637,986.74805,1.520,0.010,1.054,0.081208,0.109093,0.043755,-0.989742,img_90.jpg
21775,1280,720,631.94293,353.39117,986.8637,986.74805,1.520,0.010,1.054,0.081208,0.109093,0.043755,-0.989742,img_91.jpg
21863,1280,720,631.94293,353.39117,986.8637,986.74805,1.520,0.010,1.054,0.081208,0.109093,0.043755,-0.989742,img_92.jpg
21933,1280,720,631.94293,353.39117,986.8637,986.74805,1.520,0.010,1.054,0.081208,0.109093,0.043755,-0.989742,img_93.jpg
22004,1280,720,631.94293,353.39117,986.8637,986.74805,1.520,0.010,1.054,0.081208,0.109093,0.043755,-0.989742,img_94.jpg
22096,1280,720,631.94293,353.39117,986.8637,986.74805,1.520,0.010,1.054,0.081208,0.109093,0.043755,-0.989742,img_95.jpg
22161,1280,720,631.94293,353.39117,986.8637,986.74805,1.520,0.010,1.054,0.081208,0.109093,0.043755,-0.989742,img_96.jpg
22233,1280,720,631.94293,353.39117,986.8637,986.74805,1.520,0.010,1.054,0.081208,0.109093,0.043755,-0.989742,img_97.jpg
22309,1280,720,631.94293,353.39117,986.8637,986.74805,1.520,0.010,1.054,0.081208,0.109093,0.043755,-0.989742,img_98.jpg
22396,1280,720,631.94293,353.39117,986.8637,986.74805,1.520,0.010,1.054,0.081208,0.109093,0.043755,-0.989742,img_99.jpg
22474,1280,720,631.94293,353.39117,986.8637,986.74805,1.520,0.010,1.054,0.081208,0.109093,0.043755,-0.989742,img_100.jpg
22563,1280,720,631.94293,353.39117,986.8637,986.74805,0.855,0.003,0.916,0.043754,0.092844,0.011228,-0.994655,img_101.jpg
22633,1280,720,631.94293,353.39117,986.8637,986.74805,0.848,0.000,0.905,0.044504,0.095929,0.010542,-0.994337,img_102.jpg
22710,1280,720,631.94293,353.39117,986.8637,986.74805,0.850,0.002,0.907,0.042812,0.102177,0.013433,-0.993754,img_103.jpg
22797,1280,720,631.94293,353.39117,986.8637,986.74805,0.850,0.000,0.903,0.043484,0.106862,0.014757,-0.993213,img_104.jpg
22870,1280,720,631.94293,353.39117,986.8637,986.74805,0.848,-0.001,0.900,0.046091,0.110492,0.016193,-0.992676,img_105.jpg
22947,1280,720,631.94293,353.39117,986.8637,986.74805,0.847,-0.002,0.899,0.051456,0.116522,0.019261,-0.991667,img_106.jpg
23032,1280,720,631.94293,353.39117,986.8637,986.74805,0.845,-0.003,0.901,0.059485,0.117815,0.022638,-0.990994,img_107.jpg
23114,1280,720,631.94293,353.39117,986.8637,986.74805,0.842,-0.005,0.912,0.066744,0.119129,0.024945,-0.990319,img_108.jpg
23197,1280,720,631.94293,353.39117,986.8637,986.74805,0.840,-0.006,0.924,0.067221,0.119883,0.024678,-0.990202,img_109.jpg,marker_3.jpg,0.35860014,0.35860014,1.030,-0.168,0.148,-0.708747,0.126639,-0.110271,-0.110271
23274,1280,720,631.94293,353.39117,986.8637,986.74805,0.841,-0.006,0.941,0.064344,0.125211,0.027241,-0.989667,img_110.jpg
23348,1280,720,631.94293,353.39117,986.8637,986.74805,0.846,-0.005,0.955,0.065319,0.121096,0.027705,-0.990102,img_111.jpg
23432,1280,720,631.94293,353.39117,986.8637,986.74805,0.855,-0.003,0.969,0.067961,0.117656,0.028053,-0.990329,img_112.jpg
23504,1280,720,631.94293,353.39117,986.8637,986.74805,0.869,-0.002,0.993,0.070392,0.119527,0.025305,-0.990009,img_113.jpg
23581,1280,720,631.94293,353.39117,986.8637,986.74805,0.882,-0.002,1.011,0.071854,0.117133,0.027120,-0.990142,img_114.jpg
23664,1280,720,631.94293,353.39117,986.8637,986.74805,0.892,-0.002,1.029,0.070177,0.113790,0.025744,-0.990689,img_115.jpg,marker_3.jpg,0.3230041,0.3230041,1.018,-0.151,0.233,-0.718236,0.112168,-0.091536,-0.091536
23733,1280,720,631.94293,353.39117,986.8637,986.74805,0.907,-0.001,1.048,0.069929,0.110726,0.025680,-0.991055,img_116.jpg
23801,1280,720,631.94293,353.39117,986.8637,986.74805,0.923,0.001,1.068,0.069836,0.104519,0.026855,-0.991704,img_117.jpg
23879,1280,720,631.94293,353.39117,986.8637,986.74805,0.938,0.003,1.088,0.069719,0.098221,0.028092,-0.992322,img_118.jpg
23954,1280,720,631.94293,353.39117,986.8637,986.74805,0.963,0.003,1.122,0.068764,0.089788,0.029532,-0.993145,img_119.jpg
24032,1280,720,631.94293,353.39117,986.8637,986.74805,0.982,0.004,1.145,0.068730,0.085996,0.030009,-0.993469,img_120.jpg
24105,1280,720,631.94293,353.39117,986.8637,986.74805,1.014,0.003,1.181,0.064074,0.083381,0.029991,-0.994003,img_121.jpg
24198,1280,720,631.94293,353.39117,986.8637,986.74805,1.039,0.002,1.203,0.064120,0.089750,0.029097,-0.993472,img_122.jpg
24272,1280,720,631.94293,353.39117,986.8637,986.74805,1.075,0.002,1.228,0.059144,0.106271,0.024427,-0.992276,img_123.jpg,marker_3.jpg,0.3266918,0.3266918,1.019,-0.151,0.235,-0.702858,0.138041,-0.121394,-0.121394
24364,1280,720,631.94293,353.39117,986.8637,986.74805,1.100,0.000,1.245,0.053628,0.120140,0.025164,-0.990988,img_124.jpg
24433,1280,720,631.94293,353.39117,986.8637,986.74805,1.119,0.002,1.253,0.057748,0.134849,0.025328,-0.988858,img_125.jpg
24508,1280,720,631.94293,353.39117,986.8637,986.74805,1.142,0.008,1.265,0.055421,0.151325,0.026798,-0.986565,img_126.jpg
24598,1280,720,631.94293,353.39117,986.8637,986.74805,1.158,0.012,1.270,0.059381,0.162411,0.031201,-0.984440,img_127.jpg
24672,1280,720,631.94293,353.39117,986.8637,986.74805,1.185,0.016,1.281,0.061057,0.171674,0.037332,-0.982551,img_128.jpg
24748,1280,720,631.94293,353.39117,986.8637,986.74805,1.201,0.016,1.288,0.065000,0.178483,0.039911,-0.980982,img_129.jpg
24816,1280,720,631.94293,353.39117,986.8637,986.74805,1.219,0.015,1.290,0.072206,0.178853,0.048300,-0.980033,img_130.jpg
24898,1280,720,631.94293,353.39117,986.8637,986.74805,1.230,0.014,1.290,0.075372,0.176123,0.047473,-0.980330,img_131.jpg
24973,1280,720,631.94293,353.39117,986.8637,986.74805,1.246,0.008,1.285,0.085270,0.174249,0.041953,-0.980105,img_132.jpg
25048,1280,720,631.94293,353.39117,986.8637,986.74805,1.263,0.006,1.282,0.089675,0.169605,0.043211,-0.980472,img_133.jpg
25133,1280,720,631.94293,353.39117,986.8637,986.74805,1.280,0.001,1.270,0.089277,0.169976,0.035390,-0.980758,img_134.jpg
25201,1280,720,631.94293,353.39117,986.8637,986.74805,1.316,-0.002,1.254,0.096762,0.166848,0.028331,-0.980814,img_135.jpg
25281,1280,720,631.94293,353.39117,986.8637,986.74805,1.342,-0.004,1.242,0.093812,0.162273,0.026634,-0.981915,img_136.jpg
25365,1280,720,631.94293,353.39117,986.8637,986.74805,1.388,-0.012,1.230,0.102030,0.163164,0.029173,-0.980875,img_137.jpg
25448,1280,720,631.94293,353.39117,986.8637,986.74805,1.418,-0.017,1.225,0.105067,0.172157,0.023273,-0.979174,img_138.jpg
25532,1280,720,631.94293,353.39117,986.8637,986.74805,1.469,-0.026,1.224,0.115860,0.189247,0.034630,-0.974455,img_139.jpg
25616,1280,720,631.94293,353.39117,986.8637,986.74805,1.503,-0.031,1.226,0.120478,0.205240,0.040773,-0.970412,img_140.jpg
25698,1280,720,631.94293,353.39117,986.8637,986.74805,1.558,-0.036,1.237,0.121661,0.224270,0.056291,-0.965263,img_141.jpg
25782,1280,720,631.94293,353.39117,986.8637,986.74805,1.592,-0.039,1.253,0.119089,0.234386,0.060028,-0.962953,img_142.jpg
25852,1280,720,631.94293,353.39117,986.8637,986.74805,1.626,-0.038,1.272,0.113829,0.241200,0.061034,-0.961842,img_143.jpg
25932,1280,720,631.94293,353.39117,986.8637,986.74805,1.666,-0.038,1.291,0.111501,0.248890,0.067172,-0.959744,img_144.jpg
26016,1280,720,631.94293,353.39117,986.8637,986.74805,1.724,-0.034,1.324,0.108055,0.260738,0.068260,-0.956912,img_145.jpg
26098,1280,720,631.94293,353.39117,986.8637,986.74805,1.763,-0.032,1.344,0.116691,0.264054,0.073176,-0.954622,img_146.jpg
26169,1280,720,631.94293,353.39117,986.8637,986.74805,1.818,-0.028,1.377,0.120168,0.270667,0.070810,-0.952515,img_147.jpg
26249,1280,720,631.94293,353.39117,986.8637,986.74805,1.851,-0.027,1.399,0.120248,0.276201,0.066748,-0.951209,img_148.jpg
26332,1280,720,631.94293,353.39117,986.8637,986.74805,1.883,-0.026,1.417,0.120803,0.282608,0.066830,-0.949249,img_149.jpg
26402,1280,720,631.94293,353.39117,986.8637,986.74805,1.931,-0.024,1.440,0.120913,0.290812,0.073663,-0.946246,img_150.jpg
26481,1280,720,631.94293,353.39117,986.8637,986.74805,1.962,-0.023,1.454,0.120154,0.296008,0.076847,-0.944477,img_151.jpg
26565,1280,720,631.94293,353.39117,986.8637,986.74805,1.995,-0.023,1.466,0.119278,0.303045,0.078668,-0.942204,img_152.jpg
26628,1280,720,631.94293,353.39117,986.8637,986.74805,2.029,-0.025,1.477,0.118195,0.308957,0.079711,-0.940331,img_153.jpg
26716,1280,720,631.94293,353.39117,986.8637,986.74805,2.082,-0.030,1.490,0.118831,0.319259,0.074061,-0.937266,img_154.jpg
26798,1280,720,631.94293,353.39117,986.8637,986.74805,2.121,-0.032,1.496,0.119953,0.319970,0.073825,-0.936899,img_155.jpg
26871,1280,720,631.94293,353.39117,986.8637,986.74805,2.174,-0.027,1.501,0.117188,0.320342,0.062331,-0.937957,img_156.jpg
26949,1280,720,631.94293,353.39117,986.8637,986.74805,2.211,-0.023,1.505,0.122110,0.323265,0.055784,-0.936737,img_157.jpg
27033,1280,720,631.94293,353.39117,986.8637,986.74805,2.211,-0.023,1.505,0.122110,0.323265,0.055784,-0.936737,img_158.jpg
27115,1280,720,631.94293,353.39117,986.8637,986.74805,2.211,-0.023,1.505,0.122110,0.323265,0.055784,-0.936737,img_159.jpg
27198,1280,720,631.94293,353.39117,986.8637,986.74805,2.211,-0.023,1.505,0.122110,0.323265,0.055784,-0.936737,img_160.jpg
27281,1280,720,631.94293,353.39117,986.8637,986.74805,2.211,-0.023,1.505,0.122110,0.323265,0.055784,-0.936737,img_161.jpg
27365,1280,720,631.94293,353.39117,986.8637,986.74805,2.211,-0.023,1.505,0.122110,0.323265,0.055784,-0.936737,img_162.jpg
27433,1280,720,631.94293,353.39117,986.8637,986.74805,2.211,-0.023,1.505,0.122110,0.323265,0.055784,-0.936737,img_163.jpg
27504,1280,720,631.94293,353.39117,986.8637,986.74805,2.211,-0.023,1.505,0.122110,0.323265,0.055784,-0.936737,img_164.jpg
27582,1280,720,631.94293,353.39117,986.8637,986.74805,2.211,-0.023,1.505,0.122110,0.323265,0.055784,-0.936737,img_165.jpg
27655,1280,720,631.94293,353.39117,986.8637,986.74805,2.211,-0.023,1.505,0.122110,0.323265,0.055784,-0.936737,img_166.jpg
27732,1280,720,631.94293,353.39117,986.8637,986.74805,2.211,-0.023,1.505,0.122110,0.323265,0.055784,-0.936737,img_167.jpg
27802,1280,720,631.94293,353.39117,986.8637,986.74805,2.211,-0.023,1.505,0.122110,0.323265,0.055784,-0.936737,img_168.jpg
27882,1280,720,631.94293,353.39117,986.8637,986.74805,2.211,-0.023,1.505,0.122110,0.323265,0.055784,-0.936737,img_169.jpg
27955,1280,720,631.94293,353.39117,986.8637,986.74805,2.211,-0.023,1.505,0.122110,0.323265,0.055784,-0.936737,img_170.jpg
28024,1280,720,631.94293,353.39117,986.8637,986.74805,2.211,-0.023,1.505,0.122110,0.323265,0.055784,-0.936737,img_171.jpg
28116,1280,720,631.94293,353.39117,986.8637,986.74805,2.211,-0.023,1.505,0.122110,0.323265,0.055784,-0.936737,img_172.jpg
28198,1280,720,631.94293,353.39117,986.8637,986.74805,2.211,-0.023,1.505,0.122110,0.323265,0.055784,-0.936737,img_173.jpg
28282,1280,720,631.94293,353.39117,986.8637,986.74805,2.211,-0.023,1.505,0.122110,0.323265,0.055784,-0.936737,img_174.jpg
28365,1280,720,631.94293,353.39117,986.8637,986.74805,2.211,-0.023,1.505,0.122110,0.323265,0.055784,-0.936737,img_175.jpg
28435,1280,720,631.94293,353.39117,986.8637,986.74805,2.211,-0.023,1.505,0.122110,0.323265,0.055784,-0.936737,img_176.jpg
28516,1280,720,631.94293,353.39117,986.8637,986.74805,2.211,-0.023,1.505,0.122110,0.323265,0.055784,-0.936737,img_177.jpg
28587,1280,720,631.94293,353.39117,986.8637,986.74805,2.211,-0.023,1.505,0.122110,0.323265,0.055784,-0.936737,img_178.jpg
28666,1280,720,631.94293,353.39117,986.8637,986.74805,2.211,-0.023,1.505,0.122110,0.323265,0.055784,-0.936737,img_179.jpg
28740,1280,720,631.94293,353.39117,986.8637,986.74805,2.211,-0.023,1.505,0.122110,0.323265,0.055784,-0.936737,img_180.jpg
28816,1280,720,631.94293,353.39117,986.8637,986.74805,2.211,-0.023,1.505,0.122110,0.323265,0.055784,-0.936737,img_181.jpg
28899,1280,720,631.94293,353.39117,986.8637,986.74805,2.211,-0.023,1.505,0.122110,0.323265,0.055784,-0.936737,img_182.jpg
28972,1280,720,631.94293,353.39117,986.8637,986.74805,2.211,-0.023,1.505,0.122110,0.323265,0.055784,-0.936737,img_183.jpg
29049,1280,720,631.94293,353.39117,986.8637,986.74805,2.211,-0.023,1.505,0.122110,0.323265,0.055784,-0.936737,img_184.jpg
29133,1280,720,631.94293,353.39117,986.8637,986.74805,2.211,-0.023,1.505,0.122110,0.323265,0.055784,-0.936737,img_185.jpg
29216,1280,720,631.94293,353.39117,986.8637,986.74805,2.211,-0.023,1.505,0.122110,0.323265,0.055784,-0.936737,img_186.jpg
29299,1280,720,631.94293,353.39117,986.8637,986.74805,2.211,-0.023,1.505,0.122110,0.323265,0.055784,-0.936737,img_187.jpg
29372,1280,720,631.94293,353.39117,986.8637,986.74805,2.211,-0.023,1.505,0.122110,0.323265,0.055784,-0.936737,img_188.jpg
29450,1280,720,631.94293,353.39117,986.8637,986.74805,2.211,-0.023,1.505,0.122110,0.323265,0.055784,-0.936737,img_189.jpg
29533,1280,720,631.94293,353.39117,986.8637,986.74805,2.211,-0.023,1.505,0.122110,0.323265,0.055784,-0.936737,img_190.jpg
29616,1280,720,631.94293,353.39117,986.8637,986.74805,2.211,-0.023,1.505,0.122110,0.323265,0.055784,-0.936737,img_191.jpg
29699,1280,720,631.94293,353.39117,986.8637,986.74805,2.211,-0.023,1.505,0.122110,0.323265,0.055784,-0.936737,img_192.jpg
29782,1280,720,631.94293,353.39117,986.8637,986.74805,2.211,-0.023,1.505,0.122110,0.323265,0.055784,-0.936737,img_193.jpg
29849,1280,720,631.94293,353.39117,986.8637,986.74805,2.211,-0.023,1.505,0.122110,0.323265,0.055784,-0.936737,img_194.jpg
29917,1280,720,631.94293,353.39117,986.8637,986.74805,1.680,-0.028,1.310,0.041587,0.190812,0.014721,-0.980635,img_195.jpg
29987,1280,720,631.94293,353.39117,986.8637,986.74805,1.698,-0.027,1.320,0.037765,0.186036,0.019250,-0.981628,img_196.jpg
30058,1280,720,631.94293,353.39117,986.8637,986.74805,1.686,-0.030,1.314,0.036648,0.181339,0.026856,-0.982371,img_197.jpg
30126,1280,720,631.94293,353.39117,986.8637,986.74805,1.692,-0.031,1.319,0.037665,0.174586,0.028686,-0.983503,img_198.jpg
30195,1280,720,631.94293,353.39117,986.8637,986.74805,1.707,-0.031,1.327,0.037587,0.164784,0.028591,-0.985199,img_199.jpg
30283,1280,720,631.94293,353.39117,986.8637,986.74805,1.712,-0.032,1.327,0.037802,0.158421,0.034304,-0.986051,img_200.jpg,marker_4.jpg,0.2517717,0.2517717,1.955,-0.138,0.603,-0.728819,0.092472,-0.103555,-0.103555
30352,1280,720,631.94293,353.39117,986.8637,986.74805,1.717,-0.035,1.327,0.039583,0.155114,0.037264,-0.986400,img_201.jpg
30419,1280,720,631.94293,353.39117,986.8637,986.74805,1.726,-0.038,1.327,0.042027,0.154650,0.039704,-0.986276,img_202.jpg
30489,1280,720,631.94293,353.39117,986.8637,986.74805,1.736,-0.039,1.329,0.042220,0.152316,0.043492,-0.986471,img_203.jpg
30559,1280,720,631.94293,353.39117,986.8637,986.74805,1.746,-0.041,1.330,0.040620,0.153626,0.041173,-0.986435,img_204.jpg
30629,1280,720,631.94293,353.39117,986.8637,986.74805,1.764,-0.041,1.330,0.039416,0.151412,0.044447,-0.986684,img_205.jpg
30700,1280,720,631.94293,353.39117,986.8637,986.74805,1.776,-0.041,1.331,0.034869,0.146511,0.047657,-0.987445,img_206.jpg,marker_4.jpg,0.2537866,0.2537866,1.969,-0.139,0.605,-0.724572,0.108251,-0.123161,-0.123161
30783,1280,720,631.94293,353.39117,986.8637,986.74805,1.787,-0.042,1.329,0.034427,0.144447,0.041175,-0.988056,img_207.jpg
30850,1280,720,631.94293,353.39117,986.8637,986.74805,1.799,-0.041,1.327,0.038019,0.144208,0.040569,-0.987984,img_208.jpg
30919,1280,720,631.94293,353.39117,986.8637,986.74805,1.814,-0.041,1.328,0.037881,0.145803,0.036191,-0.987926,img_209.jpg
30988,1280,720,631.94293,353.39117,986.8637,986.74805,1.830,-0.043,1.328,0.039810,0.156237,0.032278,-0.986389,img_210.jpg
31058,1280,720,631.94293,353.39117,986.8637,986.74805,1.848,-0.045,1.325,0.047074,0.169379,0.034821,-0.983810,img_211.jpg
31127,1280,720,631.94293,353.39117,986.8637,986.74805,1.864,-0.046,1.324,0.049455,0.188466,0.030469,-0.980360,img_212.jpg
31193,1280,720,631.94293,353.39117,986.8637,986.74805,1.891,-0.048,1.327,0.055184,0.199520,0.045229,-0.977293,img_213.jpg
31267,1280,720,631.94293,353.39117,986.8637,986.74805,1.905,-0.048,1.328,0.054359,0.211521,0.045020,-0.974822,img_214.jpg
31350,1280,720,631.94293,353.39117,986.8637,986.74805,1.919,-0.049,1.333,0.052352,0.223023,0.047572,-0.972243,img_215.jpg
31415,1280,720,631.94293,353.39117,986.8637,986.74805,1.941,-0.051,1.341,0.051351,0.233442,0.051644,-0.969640,img_216.jpg
31501,1280,720,631.94293,353.39117,986.8637,986.74805,1.969,-0.055,1.353,0.051070,0.244889,0.055139,-0.966634,img_217.jpg
31583,1280,720,631.94293,353.39117,986.8637,986.74805,1.990,-0.057,1.364,0.050849,0.248940,0.060608,-0.965282,img_218.jpg
31658,1280,720,631.94293,353.39117,986.8637,986.74805,2.007,-0.058,1.378,0.047829,0.254228,0.062893,-0.963911,img_219.jpg
31734,1280,720,631.94293,353.39117,986.8637,986.74805,2.026,-0.058,1.394,0.044417,0.257061,0.063781,-0.963265,img_220.jpg
31807,1280,720,631.94293,353.39117,986.8637,986.74805,2.054,-0.057,1.421,0.038826,0.256106,0.062651,-0.963835,img_221.jpg
31900,1280,720,631.94293,353.39117,986.8637,986.74805,2.080,-0.055,1.449,0.037072,0.251682,0.059245,-0.965284,img_222.jpg
31983,1280,720,631.94293,353.39117,986.8637,986.74805,2.097,-0.053,1.469,0.035731,0.252354,0.058309,-0.965215,img_223.jpg
32056,1280,720,631.94293,353.39117,986.8637,986.74805,2.115,-0.054,1.489,0.037543,0.257013,0.060703,-0.963769,img_224.jpg
32129,1280,720,631.94293,353.39117,986.8637,986.74805,2.133,-0.055,1.508,0.040932,0.267909,0.063843,-0.960455,img_225.jpg
32201,1280,720,631.94293,353.39117,986.8637,986.74805,2.161,-0.058,1.538,0.045555,0.294384,0.068420,-0.952146,img_226.jpg
32284,1280,720,631.94293,353.39117,986.8637,986.74805,2.178,-0.060,1.558,0.049158,0.313274,0.070850,-0.945739,img_227.jpg
32357,1280,720,631.94293,353.39117,986.8637,986.74805,2.194,-0.064,1.577,0.051824,0.335965,0.071669,-0.937713,img_228.jpg
32430,1280,720,631.94293,353.39117,986.8637,986.74805,2.220,-0.072,1.602,0.061233,0.366767,0.083602,-0.924523,img_229.jpg
32517,1280,720,631.94293,353.39117,986.8637,986.74805,2.236,-0.076,1.618,0.065076,0.387908,0.087149,-0.915258,img_230.jpg
32590,1280,720,631.94293,353.39117,986.8637,986.74805,2.252,-0.081,1.633,0.069204,0.408258,0.092241,-0.905554,img_231.jpg
32667,1280,720,631.94293,353.39117,986.8637,986.74805,2.277,-0.089,1.654,0.073429,0.436435,0.104761,-0.890594,img_232.jpg
32751,1280,720,631.94293,353.39117,986.8637,986.74805,2.293,-0.094,1.667,0.076318,0.454539,0.113082,-0.880217,img_233.jpg
32835,1280,720,631.94293,353.39117,986.8637,986.74805,2.319,-0.101,1.685,0.081559,0.481180,0.122416,-0.864192,img_234.jpg
32918,1280,720,631.94293,353.39117,986.8637,986.74805,2.338,-0.106,1.696,0.085281,0.498478,0.128794,-0.853029,img_235.jpg
32990,1280,720,631.94293,353.39117,986.8637,986.74805,2.361,-0.111,1.705,0.088341,0.515153,0.132886,-0.842113,img_236.jpg
33067,1280,720,631.94293,353.39117,986.8637,986.74805,2.385,-0.115,1.713,0.090169,0.532596,0.136233,-0.830453,img_237.jpg
33138,1280,720,631.94293,353.39117,986.8637,986.74805,2.425,-0.122,1.727,0.092345,0.556132,0.144169,-0.813268,img_238.jpg
33218,1280,720,631.94293,353.39117,986.8637,986.74805,2.456,-0.126,1.737,0.094245,0.568200,0.148222,-0.803926,img_239.jpg
33290,1280,720,631.94293,353.39117,986.8637,986.74805,2.490,-0.127,1.750,0.094395,0.583665,0.150420,-0.792338,img_240.jpg
33367,1280,720,631.94293,353.39117,986.8637,986.74805,2.542,-0.131,1.767,0.100561,0.605295,0.152978,-0.774664,img_241.jpg
33451,1280,720,631.94293,353.39117,986.8637,986.74805,2.575,-0.133,1.774,0.105061,0.620160,0.156500,-0.761493,img_242.jpg
33535,1280,720,631.94293,353.39117,986.8637,986.74805,2.623,-0.135,1.787,0.112396,0.643788,0.164048,-0.738913,img_243.jpg
33619,1280,720,631.94293,353.39117,986.8637,986.74805,2.655,-0.139,1.799,0.115727,0.659609,0.169113,-0.723135,img_244.jpg
33691,1280,720,631.94293,353.39117,986.8637,986.74805,2.689,-0.139,1.810,0.121478,0.679581,0.173375,-0.702391,img_245.jpg
33784,1280,720,631.94293,353.39117,986.8637,986.74805,2.718,-0.145,1.819,0.125633,0.689272,0.180841,-0.690230,img_246.jpg
33858,1280,720,631.94293,353.39117,986.8637,986.74805,2.735,-0.149,1.826,0.128803,0.699746,0.181732,-0.678777,img_247.jpg
33930,1280,720,631.94293,353.39117,986.8637,986.74805,2.759,-0.159,1.842,0.130549,0.711613,0.187065,-0.664508,img_248.jpg
34019,1280,720,631.94293,353.39117,986.8637,986.74805,2.790,-0.169,1.860,0.132253,0.714980,0.192406,-0.659009,img_249.jpg
34089,1280,720,631.94293,353.39117,986.8637,986.74805,2.818,-0.172,1.877,0.136039,0.718773,0.195312,-0.653232,img_250.jpg
34164,1280,720,631.94293,353.39117,986.8637,986.74805,2.831,-0.178,1.896,0.137750,0.728035,0.194856,-0.642667,img_251.jpg
34252,1280,720,631.94293,353.39117,986.8637,986.74805,2.845,-0.181,1.913,0.139159,0.731966,0.194441,-0.638007,img_252.jpg
34325,1280,720,631.94293,353.39117,986.8637,986.74805,2.848,-0.185,1.930,0.138067,0.736740,0.195876,-0.632285,img_253.jpg
34401,1280,720,631.94293,353.39117,986.8637,986.74805,2.859,-0.182,1.963,0.135756,0.740798,0.196953,-0.627693,img_254.jpg
34485,1280,720,631.94293,353.39117,986.8637,986.74805,2.867,-0.180,1.990,0.133917,0.742241,0.195548,-0.626822,img_255.jpg
34560,1280,720,631.94293,353.39117,986.8637,986.74805,2.870,-0.181,2.018,0.129827,0.744975,0.194704,-0.624698,img_256.jpg
34631,1280,720,631.94293,353.39117,986.8637,986.74805,2.875,-0.182,2.067,0.124474,0.746159,0.196268,-0.623885,img_257.jpg
34719,1280,720,631.94293,353.39117,986.8637,986.74805,2.882,-0.189,2.107,0.121744,0.746471,0.196288,-0.624044,img_258.jpg
34794,1280,720,631.94293,353.39117,986.8637,986.74805,2.885,-0.193,2.166,0.117905,0.747676,0.194580,-0.623873,img_259.jpg
34868,1280,720,631.94293,353.39117,986.8637,986.74805,2.887,-0.197,2.207,0.121611,0.748478,0.194709,-0.622158,img_260.jpg
34952,1280,720,631.94293,353.39117,986.8637,986.74805,2.888,-0.199,2.248,0.124741,0.748324,0.197628,-0.620802,img_261.jpg
35021,1280,720,631.94293,353.39117,986.8637,986.74805,2.886,-0.202,2.287,0.125149,0.747211,0.196876,-0.622296,img_262.jpg
35092,1280,720,631.94293,353.39117,986.8637,986.74805,2.884,-0.205,2.324,0.128903,0.745689,0.196274,-0.623545,img_263.jpg
35169,1280,720,631.94293,353.39117,986.8637,986.74805,2.883,-0.212,2.376,0.138759,0.744399,0.199846,-0.621834,img_264.jpg
35252,1280,720,631.94293,353.39117,986.8637,986.74805,2.884,-0.214,2.410,0.143155,0.742648,0.206000,-0.620922,img_265.jpg
35322,1280,720,631.94293,353.39117,986.8637,986.74805,2.882,-0.219,2.439,0.145166,0.743005,0.211763,-0.618084,img_266.jpg
35397,1280,720,631.94293,353.39117,986.8637,986.74805,2.881,-0.226,2.477,0.145441,0.746630,0.217746,-0.611537,img_267.jpg
35485,1280,720,631.94293,353.39117,986.8637,986.74805,2.883,-0.227,2.515,0.142901,0.750626,0.226420,-0.604049,img_268.jpg
35560,1280,720,631.94293,353.39117,986.8637,986.74805,2.882,-0.230,2.551,0.139881,0.758391,0.234535,-0.591836,img_269.jpg
35652,1280,720,631.94293,353.39117,986.8637,986.74805,2.882,-0.233,2.573,0.138603,0.763802,0.237537,-0.583928,img_270.jpg
35728,1280,720,631.94293,353.39117,986.8637,986.74805,2.884,-0.235,2.606,0.135705,0.770881,0.244747,-0.572212,img_271.jpg
35803,1280,720,631.94293,353.39117,986.8637,986.74805,2.894,-0.231,2.629,0.133814,0.775586,0.246212,-0.565632,img_272.jpg
35885,1280,720,631.94293,353.39117,986.8637,986.74805,2.905,-0.233,2.655,0.129704,0.780928,0.244864,-0.559795,img_273.jpg
35962,1280,720,631.94293,353.39117,986.8637,986.74805,2.913,-0.221,2.686,0.119552,0.791375,0.234289,-0.551853,img_274.jpg
36052,1280,720,631.94293,353.39117,986.8637,986.74805,2.920,-0.203,2.711,0.108656,0.802914,0.209442,-0.547410,img_275.jpg
36137,1280,720,631.94293,353.39117,986.8637,986.74805,2.930,-0.159,2.752,0.085367,0.818533,0.167214,-0.542914,img_276.jpg
36220,1280,720,631.94293,353.39117,986.8637,986.74805,2.934,-0.125,2.767,0.067059,0.828300,0.132997,-0.540123,img_277.jpg
36292,1280,720,631.94293,353.39117,986.8637,986.74805,2.934,-0.093,2.776,0.049556,0.836570,0.104261,-0.535560,img_278.jpg
36370,1280,720,631.94293,353.39117,986.8637,986.74805,2.940,-0.058,2.790,0.029355,0.844304,0.072528,-0.530121,img_279.jpg
36452,1280,720,631.94293,353.39117,986.8637,986.74805,2.943,-0.043,2.800,0.022676,0.849155,0.052090,-0.525080,img_280.jpg
36526,1280,720,631.94293,353.39117,986.8637,986.74805,2.946,-0.031,2.806,0.016102,0.851057,0.041761,-0.523162,img_281.jpg
36596,1280,720,631.94293,353.39117,986.8637,986.74805,2.951,-0.015,2.831,0.008629,0.850506,0.036642,-0.524617,img_282.jpg
36669,1280,720,631.94293,353.39117,986.8637,986.74805,2.950,-0.012,2.839,0.007204,0.849323,0.031627,-0.526876,img_283.jpg
36753,1280,720,631.94293,353.39117,986.8637,986.74805,2.951,-0.010,2.851,0.005923,0.845324,0.029577,-0.533402,img_284.jpg
36821,1280,720,631.94293,353.39117,986.8637,986.74805,2.954,-0.013,2.868,0.004477,0.839562,0.029168,-0.542462,img_285.jpg
36891,1280,720,631.94293,353.39117,986.8637,986.74805,2.953,-0.013,2.889,0.002590,0.832379,0.029563,-0.553412,img_286.jpg
36986,1280,720,631.94293,353.39117,986.8637,986.74805,2.948,-0.012,2.901,0.001155,0.827297,0.028982,-0.561015,img_287.jpg
37053,1280,720,631.94293,353.39117,986.8637,986.74805,2.940,-0.011,2.912,0.002522,0.822783,0.030424,-0.567535,img_288.jpg,marker_6.jpg,0.27761883,0.27761883,3.642,-0.195,3.208,-0.413708,0.569742,-0.573938,-0.573938
37126,1280,720,631.94293,353.39117,986.8637,986.74805,2.931,-0.012,2.923,0.004066,0.818813,0.029470,-0.573289,img_289.jpg
37201,1280,720,631.94293,353.39117,986.8637,986.74805,2.915,-0.011,2.941,0.004668,0.812598,0.033316,-0.581853,img_290.jpg
37286,1280,720,631.94293,353.39117,986.8637,986.74805,2.903,-0.013,2.954,0.004566,0.809126,0.034185,-0.586623,img_291.jpg
37366,1280,720,631.94293,353.39117,986.8637,986.74805,2.886,-0.013,2.972,0.006851,0.803654,0.036114,-0.593961,img_292.jpg
37453,1280,720,631.94293,353.39117,986.8637,986.74805,2.873,-0.012,2.983,0.007042,0.799279,0.036764,-0.599794,img_293.jpg
37524,1280,720,631.94293,353.39117,986.8637,986.74805,2.858,-0.013,2.996,0.008865,0.795438,0.036043,-0.604897,img_294.jpg
37600,1280,720,631.94293,353.39117,986.8637,986.74805,2.833,-0.015,3.012,0.011043,0.790497,0.032161,-0.611522,img_295.jpg
37686,1280,720,631.94293,353.39117,986.8637,986.74805,2.818,-0.016,3.022,0.012630,0.788668,0.028727,-0.614018,img_296.jpg
37769,1280,720,631.94293,353.39117,986.8637,986.74805,2.800,-0.020,3.036,0.013402,0.784620,0.030048,-0.619103,img_297.jpg
37853,1280,720,631.94293,353.39117,986.8637,986.74805,2.791,-0.021,3.041,0.013035,0.782579,0.035081,-0.621426,img_298.jpg,marker_6.jpg,0.27752194,0.27752194,3.647,-0.198,3.210,-0.419790,0.567155,-0.576165,-0.576165
37924,1280,720,631.94293,353.39117,986.8637,986.74805,2.784,-0.026,3.052,0.013294,0.780445,0.039863,-0.623811,img_299.jpg
38000,1280,720,631.94293,353.39117,986.8637,986.74805,2.779,-0.036,3.072,0.015711,0.779215,0.050596,-0.624514,img_300.jpg
38087,1280,720,631.94293,353.39117,986.8637,986.74805,2.778,-0.045,3.087,0.018313,0.779732,0.061777,-0.622790,img_301.jpg
38162,1280,720,631.94293,353.39117,986.8637,986.74805,2.777,-0.057,3.105,0.021638,0.780389,0.071450,-0.620822,img_302.jpg
38233,1280,720,631.94293,353.39117,986.8637,986.74805,2.777,-0.081,3.136,0.030052,0.779148,0.098428,-0.618334,img_303.jpg
38321,1280,720,631.94293,353.39117,986.8637,986.74805,2.776,-0.100,3.160,0.039649,0.783188,0.110387,-0.610622,img_304.jpg
38396,1280,720,631.94293,353.39117,986.8637,986.74805,2.773,-0.123,3.199,0.054560,0.789868,0.129047,-0.597058,img_305.jpg
38487,1280,720,631.94293,353.39117,986.8637,986.74805,2.769,-0.135,3.228,0.064427,0.795250,0.134172,-0.587729,img_306.jpg,marker_6.jpg,0.2820044,0.2820044,3.641,-0.188,3.198,-0.417998,0.575122,-0.572039,-0.572039
38564,1280,720,631.94293,353.39117,986.8637,986.74805,2.766,-0.148,3.274,0.079269,0.801974,0.148258,-0.573214,img_307.jpg
38653,1280,720,631.94293,353.39117,986.8637,986.74805,2.766,-0.155,3.309,0.082034,0.806298,0.155344,-0.564820,img_308.jpg
38731,1280,720,631.94293,353.39117,986.8637,986.74805,2.766,-0.165,3.360,0.091102,0.816714,0.177531,-0.541443,img_309.jpg
38821,1280,720,631.94293,353.39117,986.8637,986.74805,2.758,-0.168,3.397,0.090756,0.828285,0.178152,-0.523420,img_310.jpg
38897,1280,720,631.94293,353.39117,986.8637,986.74805,2.744,-0.168,3.455,0.077190,0.843121,0.191293,-0.496585,img_311.jpg
38988,1280,720,631.94293,353.39117,986.8637,986.74805,2.734,-0.167,3.493,0.070991,0.852435,0.195546,-0.479663,img_312.jpg
39066,1280,720,631.94293,353.39117,986.8637,986.74805,2.715,-0.167,3.551,0.059599,0.863892,0.198420,-0.459094,img_313.jpg
39153,1280,720,631.94293,353.39117,986.8637,986.74805,2.699,-0.168,3.589,0.053156,0.868957,0.200646,-0.449254,img_314.jpg
39232,1280,720,631.94293,353.39117,986.8637,986.74805,2.674,-0.169,3.646,0.049354,0.875022,0.200267,-0.437943,img_315.jpg
39321,1280,720,631.94293,353.39117,986.8637,986.74805,2.651,-0.168,3.685,0.043947,0.878176,0.199763,-0.432401,img_316.jpg
39397,1280,720,631.94293,353.39117,986.8637,986.74805,2.617,-0.165,3.741,0.039645,0.882914,0.195263,-0.425163,img_317.jpg
39487,1280,720,631.94293,353.39117,986.8637,986.74805,2.593,-0.160,3.781,0.036080,0.885909,0.197608,-0.418109,img_318.jpg
39563,1280,720,631.94293,353.39117,986.8637,986.74805,2.553,-0.152,3.837,0.033810,0.892477,0.192710,-0.406453,img_319.jpg
39654,1280,720,631.94293,353.39117,986.8637,986.74805,2.527,-0.149,3.871,0.033316,0.897687,0.188237,-0.397008,img_320.jpg
39726,1280,720,631.94293,353.39117,986.8637,986.74805,2.504,-0.148,3.905,0.031711,0.902280,0.186135,-0.387606,img_321.jpg
39805,1280,720,631.94293,353.39117,986.8637,986.74805,2.475,-0.147,3.955,0.026017,0.908475,0.190154,-0.371265,img_322.jpg
39888,1280,720,631.94293,353.39117,986.8637,986.74805,2.456,-0.146,3.987,0.020967,0.911890,0.190994,-0.362682,img_323.jpg
39967,1280,720,631.94293,353.39117,986.8637,986.74805,2.430,-0.147,4.028,0.017150,0.917282,0.191049,-0.348999,img_324.jpg
40054,1280,720,631.94293,353.39117,986.8637,986.74805,2.408,-0.151,4.080,0.010751,0.921977,0.192610,-0.335774,img_325.jpg
40137,1280,720,631.94293,353.39117,986.8637,986.74805,2.395,-0.154,4.117,0.008827,0.925195,0.193330,-0.326436,img_326.jpg
40207,1280,720,631.94293,353.39117,986.8637,986.74805,2.390,-0.160,4.160,0.008674,0.928318,0.193635,-0.317263,img_327.jpg
40306,1280,720,631.94293,353.39117,986.8637,986.74805,2.376,-0.164,4.221,0.014150,0.932399,0.193784,-0.304762,img_328.jpg
40388,1280,720,631.94293,353.39117,986.8637,986.74805,2.362,-0.159,4.282,0.020570,0.935873,0.195500,-0.292400,img_329.jpg
40471,1280,720,631.94293,353.39117,986.8637,986.74805,2.348,-0.151,4.321,0.015654,0.938574,0.195924,-0.283633,img_330.jpg
40546,1280,720,631.94293,353.39117,986.8637,986.74805,2.338,-0.148,4.363,0.010620,0.942200,0.191866,-0.274470,img_331.jpg
40613,1280,720,631.94293,353.39117,986.8637,986.74805,2.325,-0.147,4.400,0.004358,0.944552,0.195010,-0.264146,img_332.jpg
40683,1280,720,631.94293,353.39117,986.8637,986.74805,2.310,-0.145,4.436,-0.002027,0.945956,0.195847,-0.258472,img_333.jpg
40758,1280,720,631.94293,353.39117,986.8637,986.74805,2.288,-0.147,4.494,-0.009299,0.948514,0.195582,-0.248961,img_334.jpg
40838,1280,720,631.94293,353.39117,986.8637,986.74805,2.270,-0.150,4.533,-0.014110,0.948550,0.196625,-0.247776,img_335.jpg
40921,1280,720,631.94293,353.39117,986.8637,986.74805,2.254,-0.154,4.578,-0.012776,0.949039,0.193204,-0.248665,img_336.jpg
40989,1280,720,631.94293,353.39117,986.8637,986.74805,2.234,-0.154,4.619,-0.013030,0.948158,0.193526,-0.251744,img_337.jpg
41065,1280,720,631.94293,353.39117,986.8637,986.74805,2.203,-0.153,4.676,-0.009630,0.944606,0.188738,-0.268337,img_338.jpg
41155,1280,720,631.94293,353.39117,986.8637,986.74805,2.182,-0.147,4.716,-0.005623,0.940042,0.194133,-0.280362,img_339.jpg
41228,1280,720,631.94293,353.39117,986.8637,986.74805,2.150,-0.140,4.772,-0.001382,0.933576,0.200347,-0.297145,img_340.jpg
41305,1280,720,631.94293,353.39117,986.8637,986.74805,2.130,-0.136,4.806,0.002531,0.930443,0.198487,-0.308013,img_341.jpg
41388,1280,720,631.94293,353.39117,986.8637,986.74805,2.111,-0.135,4.840,0.008012,0.927586,0.196514,-0.317651,img_342.jpg
41464,1280,720,631.94293,353.39117,986.8637,986.74805,2.091,-0.137,4.887,0.010700,0.924700,0.203625,-0.321483,img_343.jpg
41554,1280,720,631.94293,353.39117,986.8637,986.74805,2.078,-0.139,4.924,0.011015,0.922073,0.208278,-0.326007,img_344.jpg
41627,1280,720,631.94293,353.39117,986.8637,986.74805,2.061,-0.141,4.976,0.014834,0.920379,0.208076,-0.330735,img_345.jpg
41705,1280,720,631.94293,353.39117,986.8637,986.74805,2.051,-0.142,5.013,0.017246,0.919734,0.206612,-0.333322,img_346.jpg
41773,1280,720,631.94293,353.39117,986.8637,986.74805,2.039,-0.146,5.056,0.022430,0.919138,0.204325,-0.336056,img_347.jpg
41847,1280,720,631.94293,353.39117,986.8637,986.74805,2.031,-0.151,5.099,0.030361,0.918251,0.205254,-0.337289,img_348.jpg
41922,1280,720,631.94293,353.39117,986.8637,986.74805,2.022,-0.154,5.165,0.054122,0.915844,0.201934,-0.342815,img_349.jpg
42006,1280,720,631.94293,353.39117,986.8637,986.74805,2.014,-0.153,5.211,0.063387,0.912501,0.207665,-0.346699,img_350.jpg
42088,1280,720,631.94293,353.39117,986.8637,986.74805,2.009,-0.151,5.254,0.064372,0.910493,0.216182,-0.346591,img_351.jpg
42172,1280,720,631.94293,353.39117,986.8637,986.74805,1.994,-0.148,5.314,0.064163,0.911450,0.209070,-0.348469,img_352.jpg
42246,1280,720,631.94293,353.39117,986.8637,986.74805,1.984,-0.147,5.356,0.056831,0.910277,0.212772,-0.350563,img_353.jpg
42319,1280,720,631.94293,353.39117,986.8637,986.74805,1.972,-0.149,5.399,0.052836,0.908955,0.213238,-0.354314,img_354.jpg
42407,1280,720,631.94293,353.39117,986.8637,986.74805,1.952,-0.154,5.464,0.045057,0.906354,0.213730,-0.361679,img_355.jpg
42490,1280,720,631.94293,353.39117,986.8637,986.74805,1.939,-0.159,5.508,0.045026,0.903691,0.211152,-0.369770,img_356.jpg
42561,1280,720,631.94293,353.39117,986.8637,986.74805,1.924,-0.163,5.551,0.047753,0.900558,0.208909,-0.378249,img_357.jpg
42641,1280,720,631.94293,353.39117,986.8637,986.74805,1.896,-0.166,5.620,0.048963,0.891257,0.208622,-0.399676,img_358.jpg
42724,1280,720,631.94293,353.39117,986.8637,986.74805,1.871,-0.163,5.663,0.054874,0.882185,0.202821,-0.421428,img_359.jpg
42798,1280,720,631.94293,353.39117,986.8637,986.74805,1.840,-0.156,5.727,0.061093,0.867902,0.207145,-0.447332,img_360.jpg
42889,1280,720,631.94293,353.39117,986.8637,986.74805,1.811,-0.148,5.780,0.067034,0.856583,0.204434,-0.469019,img_361.jpg
42972,1280,720,631.94293,353.39117,986.8637,986.74805,1.797,-0.145,5.812,0.067289,0.851384,0.203306,-0.478836,img_362.jpg
43055,1280,720,631.94293,353.39117,986.8637,986.74805,1.783,-0.143,5.846,0.064965,0.845328,0.208118,-0.487737,img_363.jpg
43127,1280,720,631.94293,353.39117,986.8637,986.74805,1.767,-0.143,5.885,0.071471,0.839357,0.200249,-0.500272,img_364.jpg
43208,1280,720,631.94293,353.39117,986.8637,986.74805,1.757,-0.141,5.921,0.071630,0.835984,0.195405,-0.507757,img_365.jpg
43307,1280,720,631.94293,353.39117,986.8637,986.74805,1.743,-0.142,5.970,0.065985,0.830894,0.185127,-0.520566,img_366.jpg
43390,1280,720,631.94293,353.39117,986.8637,986.74805,1.736,-0.138,6.027,0.063146,0.828702,0.168282,-0.530045,img_367.jpg
43472,1280,720,631.94293,353.39117,986.8637,986.74805,1.732,-0.128,6.065,0.059474,0.830944,0.149043,-0.532711,img_368.jpg
43536,1280,720,631.94293,353.39117,986.8637,986.74805,1.726,-0.113,6.105,0.054317,0.834673,0.130322,-0.532340,img_369.jpg
43623,1280,720,631.94293,353.39117,986.8637,986.74805,1.724,-0.091,6.151,0.048061,0.839107,0.111063,-0.530334,img_370.jpg
43696,1280,720,631.94293,353.39117,986.8637,986.74805,1.714,-0.054,6.214,0.030608,0.850068,0.083194,-0.519160,img_371.jpg
43791,1280,720,631.94293,353.39117,986.8637,986.74805,1.707,-0.033,6.257,0.024060,0.857296,0.070029,-0.509472,img_372.jpg
43871,1280,720,631.94293,353.39117,986.8637,986.74805,1.703,-0.010,6.319,0.019777,0.867958,0.058009,-0.492841,img_373.jpg
43956,1280,720,631.94293,353.39117,986.8637,986.74805,1.699,0.006,6.376,0.014390,0.875787,0.048535,-0.480036,img_374.jpg
44040,1280,720,631.94293,353.39117,986.8637,986.74805,1.696,0.013,6.410,0.010543,0.877398,0.044763,-0.477554,img_375.jpg
44113,1280,720,631.94293,353.39117,986.8637,986.74805,1.693,0.017,6.444,0.008723,0.877790,0.041785,-0.477140,img_376.jpg
44188,1280,720,631.94293,353.39117,986.8637,986.74805,1.686,0.021,6.488,0.005866,0.876689,0.037892,-0.479528,img_377.jpg
44273,1280,720,631.94293,353.39117,986.8637,986.74805,1.677,0.026,6.511,0.004186,0.875959,0.034280,-0.481148,img_378.jpg
44352,1280,720,631.94293,353.39117,986.8637,986.74805,1.664,0.030,6.547,0.003141,0.872286,0.030362,-0.488043,img_379.jpg,marker_7.png,0.28102732,0.28102732,2.331,-0.179,7.091,-0.414567,0.576435,-0.568231,-0.568231
44440,1280,720,631.94293,353.39117,986.8637,986.74805,1.656,0.032,6.570,0.004607,0.869992,0.028440,-0.492224,img_380.jpg
44514,1280,720,631.94293,353.39117,986.8637,986.74805,1.648,0.034,6.592,0.004459,0.866532,0.030051,-0.498195,img_381.jpg
44587,1280,720,631.94293,353.39117,986.8637,986.74805,1.634,0.036,6.616,0.006969,0.861713,0.028577,-0.506543,img_382.jpg
44676,1280,720,631.94293,353.39117,986.8637,986.74805,1.623,0.038,6.627,0.009139,0.857858,0.028509,-0.513014,img_383.jpg
44750,1280,720,631.94293,353.39117,986.8637,986.74805,1.612,0.038,6.639,0.009443,0.853344,0.028477,-0.520484,img_384.jpg
44821,1280,720,631.94293,353.39117,986.8637,986.74805,1.599,0.037,6.659,0.009636,0.847545,0.029899,-0.529793,img_385.jpg
44908,1280,720,631.94293,353.39117,986.8637,986.74805,1.592,0.036,6.670,0.011072,0.844236,0.031481,-0.534932,img_386.jpg
44983,1280,720,631.94293,353.39117,986.8637,986.74805,1.580,0.038,6.675,0.013051,0.842680,0.032747,-0.537259,img_387.jpg,marker_7.png,0.2779002,0.2779002,2.330,-0.179,7.085,-0.414505,0.571514,-0.576755,-0.576755
45061,1280,720,631.94293,353.39117,986.8637,986.74805,1.566,0.037,6.688,0.013904,0.839865,0.033655,-0.541573,img_388.jpg
45156,1280,720,631.94293,353.39117,986.8637,986.74805,1.553,0.035,6.695,0.015068,0.838816,0.031481,-0.543295,img_389.jpg
45240,1280,720,631.94293,353.39117,986.8637,986.74805,1.546,0.034,6.700,0.015456,0.838563,0.031663,-0.543665,img_390.jpg
45314,1280,720,631.94293,353.39117,986.8637,986.74805,1.540,0.033,6.705,0.015273,0.838384,0.034178,-0.543793,img_391.jpg
45389,1280,720,631.94293,353.39117,986.8637,986.74805,1.530,0.030,6.709,0.015573,0.838345,0.036542,-0.543691,img_392.jpg
45490,1280,720,631.94293,353.39117,986.8637,986.74805,1.521,0.025,6.714,0.017752,0.839153,0.042158,-0.541969,img_393.jpg,marker_7.png,0.27845845,0.27845845,2.325,-0.175,7.081,-0.406201,0.580921,-0.575146,-0.575146
45590,1280,720,631.94293,353.39117,986.8637,986.74805,1.514,0.020,6.718,0.017584,0.841543,0.047298,-0.537828,img_394.jpg
45673,1280,720,631.94293,353.39117,986.8637,986.74805,1.510,0.017,6.722,0.018226,0.843667,0.052837,-0.533949,img_395.jpg
45744,1280,720,631.94293,353.39117,986.8637,986.74805,1.506,0.015,6.727,0.018746,0.845831,0.053222,-0.530458,img_396.jpg
45819,1280,720,631.94293,353.39117,986.8637,986.74805,1.498,0.009,6.732,0.015625,0.849494,0.059170,-0.524037,img_397.jpg
45907,1280,720,631.94293,353.39117,986.8637,986.74805,1.493,0.003,6.739,0.013219,0.854172,0.067160,-0.515466,img_398.jpg
45989,1280,720,631.94293,353.39117,986.8637,986.74805,1.485,-0.008,6.753,0.012357,0.864184,0.081954,-0.496303,img_399.jpg
46074,1280,720,631.94293,353.39117,986.8637,986.74805,1.477,-0.018,6.765,0.013349,0.872243,0.092920,-0.479980,img_400.jpg
46157,1280,720,631.94293,353.39117,986.8637,986.74805,1.466,-0.034,6.781,0.013626,0.885032,0.107057,-0.452848,img_401.jpg,marker_7.png,0.2777668,0.2777668,2.328,-0.170,7.084,-0.410634,0.579953,-0.573512,-0.573512
46239,1280,720,631.94293,353.39117,986.8637,986.74805,1.458,-0.043,6.793,0.014043,0.893218,0.116431,-0.434060,img_402.jpg
46312,1280,720,631.94293,353.39117,986.8637,986.74805,1.449,-0.054,6.806,0.014782,0.901564,0.128081,-0.412988,img_403.jpg
46392,1280,720,631.94293,353.39117,986.8637,986.74805,1.434,-0.067,6.828,0.012909,0.912724,0.144959,-0.381779,img_404.jpg
46474,1280,720,631.94293,353.39117,986.8637,986.74805,1.425,-0.075,6.846,0.010387,0.919473,0.156416,-0.360549,img_405.jpg
46552,1280,720,631.94293,353.39117,986.8637,986.74805,1.410,-0.086,6.873,0.009408,0.928627,0.168741,-0.330287,img_406.jpg
46641,1280,720,631.94293,353.39117,986.8637,986.74805,1.400,-0.092,6.893,0.009006,0.933598,0.175696,-0.312162,img_407.jpg
46713,1280,720,631.94293,353.39117,986.8637,986.74805,1.397,-0.099,6.916,0.009182,0.937952,0.181478,-0.295344,img_408.jpg
46787,1280,720,631.94293,353.39117,986.8637,986.74805,1.390,-0.105,6.954,0.008083,0.943830,0.187048,-0.272272,img_409.jpg
46874,1280,720,631.94293,353.39117,986.8637,986.74805,1.384,-0.109,6.982,0.004670,0.947280,0.191445,-0.256880,img_410.jpg
46951,1280,720,631.94293,353.39117,986.8637,986.74805,1.373,-0.115,7.026,0.004301,0.952661,0.194737,-0.233446,img_411.jpg
47042,1280,720,631.94293,353.39117,986.8637,986.74805,1.369,-0.122,7.061,0.005838,0.955435,0.197638,-0.219200,img_412.jpg
47115,1280,720,631.94293,353.39117,986.8637,986.74805,1.367,-0.120,7.095,0.008043,0.958651,0.197022,-0.205196,img_413.jpg
47190,1280,720,631.94293,353.39117,986.8637,986.74805,1.362,-0.120,7.145,0.005668,0.962153,0.200475,-0.184500,img_414.jpg
47274,1280,720,631.94293,353.39117,986.8637,986.74805,1.359,-0.119,7.179,0.007296,0.964438,0.201738,-0.170608,img_415.jpg
47357,1280,720,631.94293,353.39117,986.8637,986.74805,1.351,-0.119,7.228,0.005444,0.967503,0.204298,-0.148896,img_416.jpg
47441,1280,720,631.94293,353.39117,986.8637,986.74805,1.344,-0.119,7.262,0.003551,0.969655,0.204169,-0.134432,img_417.jpg
47514,1280,720,631.94293,353.39117,986.8637,986.74805,1.332,-0.118,7.293,0.000674,0.971648,0.202826,-0.121495,img_418.jpg
47588,1280,720,631.94293,353.39117,986.8637,986.74805,1.314,-0.113,7.334,-0.001649,0.975882,0.191669,-0.104478,img_419.jpg
47674,1280,720,631.94293,353.39117,986.8637,986.74805,1.299,-0.106,7.359,-0.003476,0.978928,0.182265,-0.092017,img_420.jpg
47749,1280,720,631.94293,353.39117,986.8637,986.74805,1.278,-0.097,7.379,-0.007714,0.981686,0.171980,-0.081590,img_421.jpg
47823,1280,720,631.94293,353.39117,986.8637,986.74805,1.245,-0.082,7.416,-0.011528,0.985913,0.150795,-0.071443,img_422.jpg
47909,1280,720,631.94293,353.39117,986.8637,986.74805,1.219,-0.069,7.436,-0.011375,0.989234,0.133079,-0.059805,img_423.jpg
47982,1280,720,631.94293,353.39117,986.8637,986.74805,1.190,-0.053,7.453,-0.013480,0.991935,0.117409,-0.045805,img_424.jpg
48054,1280,720,631.94293,353.39117,986.8637,986.74805,1.137,-0.031,7.483,-0.015692,0.994387,0.104062,-0.010948,img_425.jpg
48140,1280,720,631.94293,353.39117,986.8637,986.74805,1.101,-0.019,7.507,-0.010495,0.995493,0.092448,0.018349,img_426.jpg
48209,1280,720,631.94293,353.39117,986.8637,986.74805,1.064,-0.008,7.526,-0.004897,0.995882,0.080477,0.041460,img_427.jpg
48282,1280,720,631.94293,353.39117,986.8637,986.74805,1.013,0.005,7.549,-0.004670,0.995521,0.067989,0.065533,img_428.jpg
48375,1280,720,631.94293,353.39117,986.8637,986.74805,0.985,0.010,7.561,-0.003405,0.995027,0.064071,0.076189,img_429.jpg
48452,1280,720,631.94293,353.39117,986.8637,986.74805,0.962,0.016,7.572,-0.001282,0.994375,0.063103,0.085054,img_430.jpg
48522,1280,720,631.94293,353.39117,986.8637,986.74805,0.933,0.014,7.587,-0.003908,0.993809,0.065311,0.089790,img_431.jpg
48609,1280,720,631.94293,353.39117,986.8637,986.74805,0.924,0.015,7.580,-0.007216,0.993337,0.070044,0.091235,img_432.jpg
48677,1280,720,631.94293,353.39117,986.8637,986.74805,0.917,0.013,7.589,-0.010311,0.993233,0.073259,0.089531,img_433.jpg
48751,1280,720,631.94293,353.39117,986.8637,986.74805,0.906,0.012,7.597,-0.013972,0.993184,0.072694,0.090032,img_434.jpg
48843,1280,720,631.94293,353.39117,986.8637,986.74805,0.905,0.009,7.601,-0.016318,0.992878,0.073794,0.092098,img_435.jpg
48917,1280,720,631.94293,353.39117,986.8637,986.74805,0.903,0.008,7.605,-0.017549,0.992670,0.074970,0.093152,img_436.jpg
48995,1280,720,631.94293,353.39117,986.8637,986.74805,0.901,0.006,7.615,-0.014980,0.992231,0.073766,0.099056,img_437.jpg
49092,1280,720,631.94293,353.39117,986.8637,986.74805,0.899,0.007,7.626,-0.017364,0.991952,0.072188,0.102561,img_438.jpg
49175,1280,720,631.94293,353.39117,986.8637,986.74805,0.899,0.008,7.635,-0.018869,0.991475,0.074986,0.104874,img_439.jpg
49254,1280,720,631.94293,353.39117,986.8637,986.74805,0.899,0.007,7.642,-0.016449,0.991078,0.073663,0.109856,img_440.jpg
49342,1280,720,631.94293,353.39117,986.8637,986.74805,0.897,0.006,7.647,-0.020059,0.990393,0.073025,0.115697,img_441.jpg
49416,1280,720,631.94293,353.39117,986.8637,986.74805,0.896,0.005,7.656,-0.024477,0.988262,0.077165,0.129556,img_442.jpg
49510,1280,720,631.94293,353.39117,986.8637,986.74805,0.892,0.005,7.658,-0.027174,0.986741,0.078509,0.139425,img_443.jpg
49583,1280,720,631.94293,353.39117,986.8637,986.74805,0.889,0.002,7.662,-0.024132,0.983381,0.081932,0.160210,img_444.jpg
49675,1280,720,631.94293,353.39117,986.8637,986.74805,0.886,0.001,7.663,-0.025369,0.981337,0.088355,0.168902,img_445.jpg
49750,1280,720,631.94293,353.39117,986.8637,986.74805,0.883,-0.001,7.660,0.023003,-0.979070,-0.089201,-0.181486,img_446.jpg
49842,1280,720,631.94293,353.39117,986.8637,986.74805,0.882,-0.002,7.660,0.019482,-0.977107,-0.090981,-0.191324,img_447.jpg
49915,1280,720,631.94293,353.39117,986.8637,986.74805,0.879,-0.002,7.659,0.018489,-0.975374,-0.092639,-0.199304,img_448.jpg
49990,1280,720,631.94293,353.39117,986.8637,986.74805,0.873,-0.001,7.654,0.022381,-0.974275,-0.095050,-0.203109,img_449.jpg
50075,1280,720,631.94293,353.39117,986.8637,986.74805,0.870,-0.001,7.652,0.026634,-0.973795,-0.096873,-0.204034,img_450.jpg
50153,1280,720,631.94293,353.39117,986.8637,986.74805,0.865,-0.004,7.647,0.028353,-0.973176,-0.097715,-0.206342,img_451.jpg
50243,1280,720,631.94293,353.39117,986.8637,986.74805,0.861,-0.005,7.644,0.028805,-0.973280,-0.097811,-0.205741,img_452.jpg
50318,1280,720,631.94293,353.39117,986.8637,986.74805,0.849,-0.006,7.638,0.031672,-0.973023,-0.096749,-0.207034,img_453.jpg
50410,1280,720,631.94293,353.39117,986.8637,986.74805,0.839,-0.008,7.631,0.033198,-0.972796,-0.094713,-0.208793,img_454.jpg
50487,1280,720,631.94293,353.39117,986.8637,986.74805,0.819,-0.009,7.618,0.036216,-0.972194,-0.088425,-0.213796,img_455.jpg
50576,1280,720,631.94293,353.39117,986.8637,986.74805,0.801,-0.010,7.606,0.039760,-0.971435,-0.086139,-0.217518,img_456.jpg,marker_8.jpg,0.27151036,0.27151036,0.740,-0.161,8.294,-0.134418,-0.694837,0.694612,0.694612
50657,1280,720,631.94293,353.39117,986.8637,986.74805,0.771,-0.016,7.584,0.036569,-0.969688,-0.088331,-0.224866,img_457.jpg
50741,1280,720,631.94293,353.39117,986.8637,986.74805,0.750,-0.021,7.565,0.034651,-0.968225,-0.089879,-0.230785,img_458.jpg
50818,1280,720,631.94293,353.39117,986.8637,986.74805,0.716,-0.027,7.531,0.038718,-0.966690,-0.090819,-0.236144,img_459.jpg
50911,1280,720,631.94293,353.39117,986.8637,986.74805,2.095,-0.009,1.332,0.092968,0.227991,0.036570,-0.968524,img_460.jpg,marker_4.jpg,0.25503054,0.25503054,1.981,-0.148,0.614,-0.722761,0.103907,-0.116593,-0.116593,marker_6.jpg,0.28200436,0.28200436,3.729,-0.193,3.216,-0.424722,0.572121,-0.564492,-0.564492,marker_8.jpg,0.2715104,0.2715104,2.030,-0.152,0.547,-0.691689,0.117104,-0.130243,-0.130243,marker_7.png,0.2777668,0.2777668,2.572,-0.184,7.006,-0.425527,0.570119,-0.560890,-0.560890
50990,1280,720,631.94293,353.39117,986.8637,986.74805,2.144,-0.019,1.383,0.083804,0.232451,0.043846,-0.967998,img_461.jpg
51076,1280,720,631.94293,353.39117,986.8637,986.74805,2.149,0.002,1.399,0.094850,0.252405,0.053560,-0.961471,img_462.jpg
51154,1280,720,631.94293,353.39117,986.8637,986.74805,2.179,-0.018,1.444,0.089052,0.268854,0.045617,-0.957970,img_463.jpg
51242,1280,720,631.94293,353.39117,986.8637,986.74805,2.201,-0.022,1.466,0.090482,0.277042,0.043458,-0.955601,img_464.jpg
51315,1280,720,631.94293,353.39117,986.8637,986.74805,2.229,-0.025,1.484,0.102934,0.282485,0.054831,-0.952156,img_465.jpg
51394,1280,720,631.94293,353.39117,986.8637,986.74805,2.265,-0.027,1.508,0.104563,0.295501,0.061507,-0.947609,img_466.jpg
51476,1280,720,631.94293,353.39117,986.8637,986.74805,2.292,-0.029,1.525,0.100031,0.301429,0.061919,-0.946203,img_467.jpg
51553,1280,720,631.94293,353.39117,986.8637,986.74805,2.336,-0.031,1.544,0.095753,0.317119,0.066826,-0.941170,img_468.jpg
51643,1280,720,631.94293,353.39117,986.8637,986.74805,2.368,-0.033,1.555,0.091546,0.328553,0.066636,-0.937674,img_469.jpg
51706,1280,720,631.94293,353.39117,986.8637,986.74805,2.404,-0.034,1.564,0.087881,0.340238,0.065989,-0.933895,img_470.jpg
51793,1280,720,631.94293,353.39117,986.8637,986.74805,2.458,-0.032,1.573,0.085612,0.359590,0.059217,-0.927286,img_471.jpg
51876,1280,720,631.94293,353.39117,986.8637,986.74805,2.496,-0.029,1.579,0.084238,0.368937,0.050516,-0.924250,img_472.jpg
51960,1280,720,631.94293,353.39117,986.8637,986.74805,2.544,-0.017,1.587,0.080255,0.378246,0.048363,-0.920951,img_473.jpg
52042,1280,720,631.94293,353.39117,986.8637,986.74805,2.573,-0.011,1.592,0.074655,0.386158,0.040231,-0.918526,img_474.jpg
52116,1280,720,631.94293,353.39117,986.8637,986.74805,2.601,-0.005,1.597,0.066779,0.390705,0.038779,-0.917271,img_475.jpg
52188,1280,720,631.94293,353.39117,986.8637,986.74805,2.635,0.001,1.601,0.063441,0.392879,0.039513,-0.916548,img_476.jpg
52276,1280,720,631.94293,353.39117,986.8637,986.74805,2.665,0.001,1.603,0.063390,0.394395,0.039139,-0.915916,img_477.jpg
52357,1280,720,631.94293,353.39117,986.8637,986.74805,2.696,0.003,1.612,0.057966,0.391674,0.039478,-0.917427,img_478.jpg
52442,1280,720,631.94293,353.39117,986.8637,986.74805,2.720,0.003,1.619,0.056044,0.385728,0.042611,-0.919923,img_479.jpg
52514,1280,720,631.94293,353.39117,986.8637,986.74805,2.742,0.001,1.627,0.056063,0.380045,0.043428,-0.922246,img_480.jpg
52588,1280,720,631.94293,353.39117,986.8637,986.74805,2.775,-0.001,1.644,0.055275,0.368424,0.042929,-0.927020,img_481.jpg
52677,1280,720,631.94293,353.39117,986.8637,986.74805,2.795,-0.001,1.659,0.050800,0.357639,0.040016,-0.931618,img_482.jpg,marker_9.jpg,0.28396687,0.28396687,3.468,-0.131,1.131,-0.701046,0.119399,-0.130772,-0.130772
52760,1280,720,631.94293,353.39117,986.8637,986.74805,2.828,0.000,1.683,0.048086,0.339080,0.036538,-0.938817,img_483.jpg
52844,1280,720,631.94293,353.39117,986.8637,986.74805,2.852,0.003,1.701,0.045946,0.325620,0.038489,-0.943599,img_484.jpg
52928,1280,720,631.94293,353.39117,986.8637,986.74805,2.885,0.008,1.729,0.040965,0.306628,0.039238,-0.950138,img_485.jpg
53014,1280,720,631.94293,353.39117,986.8637,986.74805,2.907,0.010,1.748,0.041930,0.293211,0.037566,-0.954389,img_486.jpg
53087,1280,720,631.94293,353.39117,986.8637,986.74805,2.934,0.012,1.774,0.045691,0.281565,0.035420,-0.957799,img_487.jpg
53177,1280,720,631.94293,353.39117,986.8637,986.74805,2.961,0.013,1.800,0.046331,0.274328,0.036207,-0.959837,img_488.jpg,marker_9.jpg,0.27371296,0.27371296,3.454,-0.127,1.134,-0.695041,0.129143,-0.143831,-0.143831
53260,1280,720,631.94293,353.39117,986.8637,986.74805,2.978,0.012,1.816,0.046407,0.272992,0.036127,-0.960217,img_489.jpg
53345,1280,720,631.94293,353.39117,986.8637,986.74805,2.995,0.011,1.829,0.048511,0.271832,0.041338,-0.960232,img_490.jpg
53419,1280,720,631.94293,353.39117,986.8637,986.74805,3.019,0.009,1.849,0.044575,0.267503,0.041798,-0.961617,img_491.jpg
53511,1280,720,631.94293,353.39117,986.8637,986.74805,3.032,0.007,1.859,0.043565,0.267315,0.039290,-0.961822,img_492.jpg
53585,1280,720,631.94293,353.39117,986.8637,986.74805,3.061,0.003,1.872,0.043574,0.263029,0.038101,-0.963050,img_493.jpg
53677,1280,720,631.94293,353.39117,986.8637,986.74805,3.080,0.001,1.880,0.044941,0.264157,0.036979,-0.962722,img_494.jpg
53755,1280,720,631.94293,353.39117,986.8637,986.74805,3.113,-0.002,1.892,0.049283,0.265739,0.034915,-0.962151,img_495.jpg
53843,1280,720,631.94293,353.39117,986.8637,986.74805,3.135,-0.004,1.900,0.054913,0.262894,0.035637,-0.962601,img_496.jpg,marker_9.jpg,0.27452928,0.27452928,3.448,-0.125,1.137,-0.696062,0.131607,-0.145302,-0.145302
53920,1280,720,631.94293,353.39117,986.8637,986.74805,3.177,-0.009,1.914,0.059297,0.265977,0.024848,-0.961833,img_497.jpg
53996,1280,720,631.94293,353.39117,986.8637,986.74805,3.212,-0.011,1.923,0.062373,0.266932,0.023628,-0.961405,img_498.jpg
54077,1280,720,631.94293,353.39117,986.8637,986.74805,3.265,-0.010,1.934,0.067188,0.265903,0.023864,-0.961359,img_499.jpg
54160,1280,720,631.94293,353.39117,986.8637,986.74805,3.301,-0.007,1.939,0.072828,0.270748,0.026292,-0.959531,img_500.jpg
54243,1280,720,631.94293,353.39117,986.8637,986.74805,3.334,-0.004,1.950,0.068547,0.277632,0.023386,-0.957954,img_501.jpg
54316,1280,720,631.94293,353.39117,986.8637,986.74805,3.390,-0.002,1.969,0.063594,0.286228,0.034293,-0.955434,img_502.jpg
54395,1280,720,631.94293,353.39117,986.8637,986.74805,3.427,-0.002,1.979,0.063774,0.294137,0.038623,-0.952851,img_503.jpg
54472,1280,720,631.94293,353.39117,986.8637,986.74805,3.464,-0.004,1.992,0.062396,0.302370,0.039487,-0.950326,img_504.jpg
54548,1280,720,631.94293,353.39117,986.8637,986.74805,3.521,-0.007,2.016,0.055171,0.304558,0.049141,-0.949624,img_505.jpg
54628,1280,720,631.94293,353.39117,986.8637,986.74805,3.559,-0.010,2.032,0.053738,0.303262,0.047931,-0.950183,img_506.jpg
54714,1280,720,631.94293,353.39117,986.8637,986.74805,3.618,-0.016,2.062,0.051793,0.300298,0.043473,-0.951446,img_507.jpg
54795,1280,720,631.94293,353.39117,986.8637,986.74805,3.659,-0.015,2.084,0.050075,0.295933,0.042534,-0.952946,img_508.jpg
54877,1280,720,631.94293,353.39117,986.8637,986.74805,3.722,-0.010,2.121,0.053085,0.290232,0.038002,-0.954727,img_509.jpg
54961,1280,720,631.94293,353.39117,986.8637,986.74805,3.766,-0.004,2.145,0.060436,0.287256,0.038770,-0.955159,img_510.jpg
55043,1280,720,631.94293,353.39117,986.8637,986.74805,3.808,-0.001,2.168,0.067571,0.288205,0.036443,-0.954486,img_511.jpg
55113,1280,720,631.94293,353.39117,986.8637,986.74805,3.864,0.003,2.201,0.067624,0.285127,0.036024,-0.955422,img_512.jpg
55193,1280,720,631.94293,353.39117,986.8637,986.74805,3.901,0.006,2.218,0.069054,0.286109,0.042528,-0.954759,img_513.jpg
55277,1280,720,631.94293,353.39117,986.8637,986.74805,3.951,0.005,2.240,0.069003,0.285877,0.042816,-0.954819,img_514.jpg
55359,1280,720,631.94293,353.39117,986.8637,986.74805,3.985,0.003,2.252,0.068747,0.288419,0.043344,-0.954049,img_515.jpg
55433,1280,720,631.94293,353.39117,986.8637,986.74805,4.020,0.000,2.265,0.066714,0.289101,0.047122,-0.953808,img_516.jpg
55510,1280,720,631.94293,353.39117,986.8637,986.74805,4.055,-0.004,2.277,0.063803,0.289469,0.044823,-0.954006,img_517.jpg
55580,1280,720,631.94293,353.39117,986.8637,986.74805,4.111,-0.010,2.289,0.064843,0.293205,0.034294,-0.953231,img_518.jpg
55676,1280,720,631.94293,353.39117,986.8637,986.74805,4.174,-0.011,2.299,0.068764,0.294679,0.030477,-0.952632,img_519.jpg
55759,1280,720,631.94293,353.39117,986.8637,986.74805,4.219,-0.006,2.304,0.072305,0.299435,0.029748,-0.950908,img_520.jpg
55843,1280,720,631.94293,353.39117,986.8637,986.74805,4.281,0.005,2.316,0.058078,0.310004,0.018176,-0.948785,img_521.jpg
55928,1280,720,631.94293,353.39117,986.8637,986.74805,4.321,0.011,2.325,0.054996,0.316387,0.027496,-0.946636,img_522.jpg
56010,1280,720,631.94293,353.39117,986.8637,986.74805,4.356,0.017,2.333,0.048667,0.319677,0.025151,-0.945942,img_523.jpg
56084,1280,720,631.94293,353.39117,986.8637,986.74805,4.403,0.031,2.333,0.046673,0.323029,0.023963,-0.944934,img_524.jpg
56178,1280,720,631.94293,353.39117,986.8637,986.74805,4.454,0.023,2.351,0.043874,0.318466,0.028087,-0.946502,img_525.jpg
56262,1280,720,631.94293,353.39117,986.8637,986.74805,4.491,0.019,2.362,0.042933,0.314956,0.024122,-0.947828,img_526.jpg,marker_10.jpg,0.27087098,0.27087098,5.072,-0.100,1.867,-0.695270,0.139062,-0.133140,-0.133140
56345,1280,720,631.94293,353.39117,986.8637,986.74805,4.521,0.019,2.375,0.042710,0.310045,0.024865,-0.949436,img_527.jpg
56420,1280,720,631.94293,353.39117,986.8637,986.74805,4.565,0.018,2.395,0.038483,0.298121,0.022530,-0.953486,img_528.jpg
56516,1280,720,631.94293,353.39117,986.8637,986.74805,4.609,0.022,2.416,0.041712,0.286926,0.022106,-0.956789,img_529.jpg
56598,1280,720,631.94293,353.39117,986.8637,986.74805,4.638,0.026,2.431,0.040163,0.277301,0.022698,-0.959675,img_530.jpg
56671,1280,720,631.94293,353.39117,986.8637,986.74805,4.668,0.031,2.447,0.038221,0.266345,0.021699,-0.962875,img_531.jpg
56762,1280,720,631.94293,353.39117,986.8637,986.74805,4.703,0.034,2.468,0.037215,0.248851,0.021268,-0.967593,img_532.jpg,marker_10.jpg,0.27590516,0.27590516,5.097,-0.106,1.857,-0.695455,0.140963,-0.141439,-0.141439
56840,1280,720,631.94293,353.39117,986.8637,986.74805,4.724,0.035,2.480,0.040680,0.238045,0.021657,-0.970160,img_533.jpg
56930,1280,720,631.94293,353.39117,986.8637,986.74805,4.750,0.036,2.498,0.042564,0.222092,0.021718,-0.973854,img_534.jpg
57008,1280,720,631.94293,353.39117,986.8637,986.74805,4.765,0.035,2.510,0.039687,0.214382,0.021556,-0.975705,img_535.jpg
57097,1280,720,631.94293,353.39117,986.8637,986.74805,4.787,0.033,2.525,0.037349,0.209723,0.029508,-0.976602,img_536.jpg
57197,1280,720,631.94293,353.39117,986.8637,986.74805,4.812,0.031,2.537,0.036564,0.215853,0.031903,-0.975219,img_537.jpg
57273,1280,720,631.94293,353.39117,986.8637,986.74805,4.830,0.030,2.543,0.035264,0.223449,0.034216,-0.973476,img_538.jpg
57360,1280,720,631.94293,353.39117,986.8637,986.74805,4.856,0.026,2.551,0.038115,0.236831,0.041986,-0.969895,img_539.jpg
57446,1280,720,631.94293,353.39117,986.8637,986.74805,4.881,0.024,2.555,0.040910,0.249034,0.042467,-0.966698,img_540.jpg,marker_10.jpg,0.2785419,0.2785419,5.094,-0.106,1.852,-0.695937,0.147375,-0.145297,-0.145297
57529,1280,720,631.94293,353.39117,986.8637,986.74805,4.897,0.022,2.558,0.041059,0.254778,0.041336,-0.965243,img_541.jpg
57606,1280,720,631.94293,353.39117,986.8637,986.74805,4.916,0.021,2.560,0.041184,0.256980,0.040891,-0.964672,img_542.jpg
57699,1280,720,631.94293,353.39117,986.8637,986.74805,4.944,0.020,2.560,0.041260,0.262934,0.037737,-0.963192,img_543.jpg
57779,1280,720,631.94293,353.39117,986.8637,986.74805,4.978,0.019,2.560,0.043380,0.273347,0.035974,-0.960263,img_544.jpg
57862,1280,720,631.94293,353.39117,986.8637,986.74805,5.003,0.020,2.560,0.047122,0.283936,0.033306,-0.957105,img_545.jpg
57944,1280,720,631.94293,353.39117,986.8637,986.74805,5.042,0.020,2.559,0.052895,0.301621,0.031093,-0.951452,img_546.jpg
58031,1280,720,631.94293,353.39117,986.8637,986.74805,5.068,0.021,2.558,0.055529,0.315712,0.030875,-0.946726,img_547.jpg
58114,1280,720,631.94293,353.39117,986.8637,986.74805,5.107,0.020,2.557,0.057372,0.338434,0.032997,-0.938660,img_548.jpg
58197,1280,720,631.94293,353.39117,986.8637,986.74805,5.134,0.019,2.557,0.058539,0.358580,0.034728,-0.931014,img_549.jpg
58268,1280,720,631.94293,353.39117,986.8637,986.74805,5.161,0.018,2.560,0.058172,0.382624,0.041502,-0.921136,img_550.jpg
58362,1280,720,631.94293,353.39117,986.8637,986.74805,5.199,0.014,2.571,0.055445,0.427729,0.053641,-0.900609,img_551.jpg
58435,1280,720,631.94293,353.39117,986.8637,986.74805,5.222,0.011,2.580,0.058208,0.458091,0.058270,-0.885082,img_552.jpg
58527,1280,720,631.94293,353.39117,986.8637,986.74805,5.252,0.009,2.596,0.058723,0.500151,0.061074,-0.861783,img_553.jpg
58593,1280,720,631.94293,353.39117,986.8637,986.74805,5.268,0.007,2.609,0.060768,0.525651,0.063120,-0.846176,img_554.jpg
58661,1280,720,631.94293,353.39117,986.8637,986.74805,5.282,0.006,2.622,0.062538,0.548724,0.061929,-0.831358,img_555.jpg
58728,1280,720,631.94293,353.39117,986.8637,986.74805,5.295,0.005,2.638,0.063198,0.568458,0.065853,-0.817634,img_556.jpg
58795,1280,720,631.94293,353.39117,986.8637,986.74805,5.306,0.004,2.656,0.063123,0.591209,0.068230,-0.801144,img_557.jpg
58864,1280,720,631.94293,353.39117,986.8637,986.74805,5.315,0.006,2.672,0.061751,0.614688,0.064172,-0.783727,img_558.jpg
58933,1280,720,631.94293,353.39117,986.8637,986.74805,5.325,0.008,2.690,0.059693,0.638471,0.062651,-0.764765,img_559.jpg
59003,1280,720,631.94293,353.39117,986.8637,986.74805,5.335,0.010,2.710,0.058379,0.662075,0.062006,-0.744583,img_560.jpg
59076,1280,720,631.94293,353.39117,986.8637,986.74805,5.351,0.012,2.744,0.056894,0.697560,0.061757,-0.711589,img_561.jpg
59162,1280,720,631.94293,353.39117,986.8637,986.74805,5.361,0.014,2.770,0.058065,0.716032,0.063345,-0.692758,img_562.jpg
59244,1280,720,631.94293,353.39117,986.8637,986.74805,5.374,0.019,2.812,0.052153,0.742932,0.053934,-0.665149,img_563.jpg
59329,1280,720,631.94293,353.39117,986.8637,986.74805,5.383,0.025,2.844,0.047355,0.760964,0.051421,-0.645017,img_564.jpg
59411,1280,720,631.94293,353.39117,986.8637,986.74805,5.391,0.032,2.894,0.040951,0.787873,0.038377,-0.613276,img_565.jpg
59500,1280,720,631.94293,353.39117,986.8637,986.74805,5.390,0.039,2.927,0.037892,0.801113,0.029951,-0.596562,img_566.jpg
59580,1280,720,631.94293,353.39117,986.8637,986.74805,5.382,0.042,2.977,0.038149,0.817141,0.025124,-0.574625,img_567.jpg
59663,1280,720,631.94293,353.39117,986.8637,986.74805,5.387,0.047,3.039,0.038059,0.826250,0.023431,-0.561528,img_568.jpg
59745,1280,720,631.94293,353.39117,986.8637,986.74805,5.386,0.045,3.076,0.040716,0.835918,0.026149,-0.546717,img_569.jpg
59829,1280,720,631.94293,353.39117,986.8637,986.74805,5.377,0.043,3.084,0.040561,0.840501,0.029271,-0.539497,img_570.jpg
59902,1280,720,631.94293,353.39117,986.8637,986.74805,5.370,0.040,3.091,0.040042,0.844626,0.032108,-0.532890,img_571.jpg
59978,1280,720,631.94293,353.39117,986.8637,986.74805,5.359,0.038,3.113,0.041038,0.849826,0.038136,-0.524078,img_572.jpg
60063,1280,720,631.94293,353.39117,986.8637,986.74805,5.354,0.035,3.126,0.040882,0.852345,0.041694,-0.519710,img_573.jpg
60138,1280,720,631.94293,353.39117,986.8637,986.74805,5.345,0.032,3.137,0.039778,0.852091,0.044093,-0.520013,img_574.jpg
60231,1280,720,631.94293,353.39117,986.8637,986.74805,5.330,0.031,3.150,0.036593,0.851375,0.045982,-0.521255,img_575.jpg
60309,1280,720,631.94293,353.39117,986.8637,986.74805,5.321,0.031,3.159,0.034863,0.849356,0.048711,-0.524411,img_576.jpg
60387,1280,720,631.94293,353.39117,986.8637,986.74805,5.307,0.030,3.169,0.037114,0.845613,0.046423,-0.530477,img_577.jpg
60480,1280,720,631.94293,353.39117,986.8637,986.74805,5.294,0.026,3.182,0.036748,0.841344,0.045817,-0.537300,img_578.jpg,marker_11.jpg,0.26939768,0.26939768,5.951,-0.135,3.503,-0.406487,0.588111,-0.583763,-0.583763
60564,1280,720,631.94293,353.39117,986.8637,986.74805,5.287,0.024,3.190,0.035870,0.837305,0.044241,-0.543762,img_579.jpg
60640,1280,720,631.94293,353.39117,986.8637,986.74805,5.279,0.021,3.203,0.034557,0.830695,0.039998,-0.554213,img_580.jpg
60731,1280,720,631.94293,353.39117,986.8637,986.74805,5.276,0.019,3.213,0.037828,0.828000,0.044223,-0.557701,img_581.jpg
60817,1280,720,631.94293,353.39117,986.8637,986.74805,5.273,0.017,3.224,0.037430,0.824195,0.039651,-0.563675,img_582.jpg
60899,1280,720,631.94293,353.39117,986.8637,986.74805,5.271,0.015,3.233,0.038446,0.818602,0.043246,-0.571439,img_583.jpg
60977,1280,720,631.94293,353.39117,986.8637,986.74805,5.265,0.012,3.252,0.031366,0.809784,0.045890,-0.584089,img_584.jpg,marker_11.jpg,0.264837,0.264837,5.944,-0.132,3.498,-0.388792,0.596745,-0.596452,-0.596452
61063,1280,720,631.94293,353.39117,986.8637,986.74805,5.258,0.012,3.267,0.027111,0.805395,0.043202,-0.590541,img_585.jpg
61140,1280,720,631.94293,353.39117,986.8637,986.74805,5.249,0.011,3.284,0.021833,0.797875,0.040683,-0.601052,img_586.jpg
61218,1280,720,631.94293,353.39117,986.8637,986.74805,5.234,0.009,3.318,0.019019,0.790686,0.034013,-0.610981,img_587.jpg
61298,1280,720,631.94293,353.39117,986.8637,986.74805,5.223,0.007,3.345,0.021100,0.787462,0.030646,-0.615240,img_588.jpg
61376,1280,720,631.94293,353.39117,986.8637,986.74805,5.205,0.006,3.392,0.022288,0.782137,0.034900,-0.621730,img_589.jpg
61463,1280,720,631.94293,353.39117,986.8637,986.74805,5.191,0.006,3.422,0.026405,0.780243,0.039484,-0.623670,img_590.jpg
61545,1280,720,631.94293,353.39117,986.8637,986.74805,5.166,0.005,3.465,0.029777,0.779244,0.035586,-0.625001,img_591.jpg
61630,1280,720,631.94293,353.39117,986.8637,986.74805,5.151,0.005,3.496,0.029813,0.779354,0.039284,-0.624640,img_592.jpg,marker_11.jpg,0.268611,0.268611,5.944,-0.132,3.496,-0.384700,0.601989,-0.594405,-0.594405
61708,1280,720,631.94293,353.39117,986.8637,986.74805,5.132,0.005,3.531,0.026898,0.781605,0.042056,-0.621773,img_593.jpg
61784,1280,720,631.94293,353.39117,986.8637,986.74805,5.101,0.002,3.582,0.025478,0.786138,0.044893,-0.615892,img_594.jpg
61864,1280,720,631.94293,353.39117,986.8637,986.74805,5.077,0.000,3.614,0.026079,0.789741,0.044289,-0.611284,img_595.jpg
61939,1280,720,631.94293,353.39117,986.8637,986.74805,5.050,-0.002,3.649,0.027435,0.793213,0.045103,-0.606652,img_596.jpg
62015,1280,720,631.94293,353.39117,986.8637,986.74805,5.005,-0.005,3.699,0.027895,0.798830,0.042571,-0.599399,img_597.jpg
62099,1280,720,631.94293,353.39117,986.8637,986.74805,4.976,-0.007,3.731,0.031870,0.801745,0.041829,-0.595348,img_598.jpg
62176,1280,720,631.94293,353.39117,986.8637,986.74805,4.945,-0.008,3.763,0.038696,0.804676,0.037981,-0.591233,img_599.jpg
62252,1280,720,631.94293,353.39117,986.8637,986.74805,4.900,-0.008,3.808,0.048343,0.809668,0.029574,-0.584146,img_600.jpg
62347,1280,720,631.94293,353.39117,986.8637,986.74805,4.861,-0.004,3.855,0.057321,0.812365,0.034385,-0.579306,img_601.jpg
62429,1280,720,631.94293,353.39117,986.8637,986.74805,4.836,-0.002,3.887,0.057543,0.814794,0.034394,-0.575861,img_602.jpg
62516,1280,720,631.94293,353.39117,986.8637,986.74805,4.801,0.000,3.939,0.053725,0.816719,0.042874,-0.572928,img_603.jpg
62600,1280,720,631.94293,353.39117,986.8637,986.74805,4.783,0.001,3.976,0.047950,0.818696,0.050516,-0.569988,img_604.jpg
62674,1280,720,631.94293,353.39117,986.8637,986.74805,4.748,-0.005,4.031,0.044816,0.822806,0.035342,-0.565449,img_605.jpg
62763,1280,720,631.94293,353.39117,986.8637,986.74805,4.722,-0.010,4.067,0.043145,0.816651,0.028059,-0.574832,img_606.jpg
62842,1280,720,631.94293,353.39117,986.8637,986.74805,4.685,-0.016,4.120,0.046671,0.817389,0.014901,-0.573999,img_607.jpg
62931,1280,720,631.94293,353.39117,986.8637,986.74805,4.658,-0.018,4.154,0.050238,0.818786,0.003774,-0.571884,img_608.jpg
63005,1280,720,631.94293,353.39117,986.8637,986.74805,4.631,-0.021,4.184,0.057315,0.815999,0.000242,-0.575205,img_609.jpg
63077,1280,720,631.94293,353.39117,986.8637,986.74805,4.588,-0.019,4.230,0.049598,0.817882,-0.006688,-0.573206,img_610.jpg
63162,1280,720,631.94293,353.39117,986.8637,986.74805,4.559,-0.017,4.260,0.045279,0.816391,-0.000249,-0.575722,img_611.jpg
63245,1280,720,631.94293,353.39117,986.8637,986.74805,4.512,-0.014,4.300,0.038806,0.818602,0.005356,-0.573024,img_612.jpg
63330,1280,720,631.94293,353.39117,986.8637,986.74805,4.481,-0.016,4.325,0.035819,0.822022,0.008238,-0.568269,img_613.jpg
63413,1280,720,631.94293,353.39117,986.8637,986.74805,4.431,-0.021,4.359,0.035057,0.826769,0.009290,-0.561371,img_614.jpg
63499,1280,720,631.94293,353.39117,986.8637,986.74805,4.395,-0.022,4.380,0.033294,0.825812,0.014942,-0.562763,img_615.jpg
63575,1280,720,631.94293,353.39117,986.8637,986.74805,4.343,-0.025,4.411,0.036676,0.821323,0.027672,-0.568611,img_616.jpg
63664,1280,720,631.94293,353.39117,986.8637,986.74805,4.309,-0.025,4.436,0.042548,0.821660,0.029725,-0.567610,img_617.jpg
63739,1280,720,631.94293,353.39117,986.8637,986.74805,4.257,-0.016,4.475,0.042621,0.824699,0.031654,-0.563074,img_618.jpg
63812,1280,720,631.94293,353.39117,986.8637,986.74805,4.224,-0.007,4.497,0.040699,0.829769,0.028293,-0.555901,img_619.jpg
63881,1280,720,631.94293,353.39117,986.8637,986.74805,4.190,0.003,4.525,0.039347,0.838153,0.020664,-0.543622,img_620.jpg
63964,1280,720,631.94293,353.39117,986.8637,986.74805,4.176,0.014,4.548,0.041821,0.845346,0.024790,-0.532002,img_621.jpg
64036,1280,720,631.94293,353.39117,986.8637,986.74805,4.141,0.026,4.586,0.042487,0.849977,0.030657,-0.524208,img_622.jpg
64112,1280,720,631.94293,353.39117,986.8637,986.74805,4.119,0.030,4.608,0.044444,0.853291,0.032729,-0.518505,img_623.jpg
64183,1280,720,631.94293,353.39117,986.8637,986.74805,4.096,0.034,4.624,0.041945,0.850710,0.029277,-0.523141,img_624.jpg
64266,1280,720,631.94293,353.39117,986.8637,986.74805,4.079,0.037,4.636,0.040119,0.852299,0.021669,-0.521063,img_625.jpg
64336,1280,720,631.94293,353.39117,986.8637,986.74805,4.059,0.042,4.666,0.039443,0.848123,0.020198,-0.527943,img_626.jpg
64413,1280,720,631.94293,353.39117,986.8637,986.74805,4.048,0.045,4.684,0.036434,0.846693,0.016973,-0.530561,img_627.jpg
64498,1280,720,631.94293,353.39117,986.8637,986.74805,4.040,0.045,4.702,0.034856,0.844853,0.019484,-0.533506,img_628.jpg
64583,1280,720,631.94293,353.39117,986.8637,986.74805,4.032,0.045,4.726,0.034415,0.839590,0.021538,-0.541702,img_629.jpg
64666,1280,720,631.94293,353.39117,986.8637,986.74805,4.028,0.043,4.738,0.033488,0.834945,0.021744,-0.548884,img_630.jpg,marker_12.jpg,0.27280715,0.27280715,4.686,-0.163,5.009,-0.376825,0.585141,-0.609989,-0.609989
64734,1280,720,631.94293,353.39117,986.8637,986.74805,4.025,0.042,4.751,0.033401,0.831390,0.021898,-0.554252,img_631.jpg
64806,1280,720,631.94293,353.39117,986.8637,986.74805,4.018,0.041,4.771,0.031772,0.822652,0.026773,-0.567024,img_632.jpg
64882,1280,720,631.94293,353.39117,986.8637,986.74805,4.016,0.041,4.784,0.029786,0.820928,0.023709,-0.569762,img_633.jpg
64965,1280,720,631.94293,353.39117,986.8637,986.74805,4.014,0.041,4.799,0.029172,0.819347,0.023061,-0.572090,img_634.jpg
65039,1280,720,631.94293,353.39117,986.8637,986.74805,4.008,0.040,4.820,0.028249,0.817379,0.028809,-0.574686,img_635.jpg
65132,1280,720,631.94293,353.39117,986.8637,986.74805,4.004,0.039,4.832,0.027590,0.816092,0.029340,-0.576516,img_636.jpg
65208,1280,720,631.94293,353.39117,986.8637,986.74805,3.995,0.036,4.843,0.029400,0.815808,0.026390,-0.576972,img_637.jpg
65299,1280,720,631.94293,353.39117,986.8637,986.74805,3.988,0.036,4.848,0.023684,0.811389,0.023240,-0.583564,img_638.jpg,marker_12.jpg,0.27486882,0.27486882,4.693,-0.166,5.013,-0.373607,0.587869,-0.609014,-0.609014
65375,1280,720,631.94293,353.39117,986.8637,986.74805,3.978,0.038,4.859,0.018144,0.808098,0.022560,-0.588336,img_639.jpg
