time,sizeX,sizeY,p_x,p_y,f_x,f_y,pos_X,pos_Y,pos_Z,q_x,q_y,q_z,q_w,marker_ID,marker_x,marker_y,marker_z,marker_qx,marker_qy,marker_qz,marker_qw,marker_ID,marker_x,marker_y,marker_z,marker_qx,marker_qy,marker_qz,marker_qw,marker_ID,marker_x,marker_y,marker_z,marker_qx,marker_qy,marker_qz,marker_qw,
13720,1280,720,640.48975,339.145,991.9681,992.7318,0.514,-0.130,1.009,0.078448,-0.026590,-0.001316,-0.996563,img_1.jpg
13823,1280,720,640.48975,339.145,991.9681,992.7318,0.515,-0.129,1.009,0.083438,-0.021340,0.000385,-0.996284,img_2.jpg
13902,1280,720,640.48975,339.145,991.9681,992.7318,0.516,-0.128,1.010,0.085948,-0.020183,0.000745,-0.996095,img_3.jpg
13974,1280,720,640.48975,339.145,991.9681,992.7318,0.516,-0.127,1.013,0.075849,-0.015190,-0.003751,-0.996997,img_4.jpg,marker_1.jpg,0.27219975,0.27219975,0.481,-0.194,0.410,-0.706536,-0.000065,0.001593,0.001593
14050,1280,720,640.48975,339.145,991.9681,992.7318,0.515,-0.127,1.019,0.065893,-0.014261,-0.011041,-0.997664,img_5.jpg
14135,1280,720,640.48975,339.145,991.9681,992.7318,0.515,-0.127,1.022,0.062348,-0.015873,-0.014114,-0.997828,img_6.jpg
14205,1280,720,640.48975,339.145,991.9681,992.7318,0.516,-0.128,1.025,0.060877,-0.018034,-0.013528,-0.997891,img_7.jpg
14288,1280,720,640.48975,339.145,991.9681,992.7318,0.516,-0.136,1.031,0.071575,-0.026490,-0.018822,-0.996906,img_8.jpg
14369,1280,720,640.48975,339.145,991.9681,992.7318,0.517,-0.143,1.038,0.077347,-0.031457,-0.020137,-0.996304,img_9.jpg
14452,1280,720,640.48975,339.145,991.9681,992.7318,0.521,-0.158,1.052,0.094322,-0.037426,-0.016844,-0.994695,img_10.jpg
14535,1280,720,640.48975,339.145,991.9681,992.7318,0.524,-0.171,1.064,0.109268,-0.045559,-0.011421,-0.992902,img_11.jpg
14618,1280,720,640.48975,339.145,991.9681,992.7318,0.525,-0.189,1.078,0.129951,-0.050605,-0.016195,-0.990096,img_12.jpg,marker_1.jpg,0.27222896,0.27222896,0.481,-0.194,0.409,-0.696428,0.002568,0.004774,0.004774
14690,1280,720,640.48975,339.145,991.9681,992.7318,0.526,-0.219,1.099,0.172870,-0.061215,-0.014404,-0.982935,img_13.jpg
14769,1280,720,640.48975,339.145,991.9681,992.7318,0.524,-0.241,1.116,0.192313,-0.062220,-0.023232,-0.979084,img_14.jpg
14851,1280,720,640.48975,339.145,991.9681,992.7318,0.519,-0.266,1.135,0.221728,-0.062317,-0.035311,-0.972474,img_15.jpg
14927,1280,720,640.48975,339.145,991.9681,992.7318,0.535,-0.263,1.149,0.280574,-0.100395,-0.042587,-0.953617,img_16.jpg,marker_1.jpg,0.27222896,0.27222896,0.486,-0.186,0.389,-0.681158,0.000077,0.027460,0.027460
15018,1280,720,640.48975,339.145,991.9681,992.7318,0.525,-0.272,1.157,0.323829,-0.123462,-0.048744,-0.936758,img_17.jpg
15101,1280,720,640.48975,339.145,991.9681,992.7318,0.502,-0.299,1.193,0.347294,-0.155298,-0.059163,-0.922913,img_18.jpg
15185,1280,720,640.48975,339.145,991.9681,992.7318,0.484,-0.309,1.215,0.359813,-0.170292,-0.067702,-0.914851,img_19.jpg
15254,1280,720,640.48975,339.145,991.9681,992.7318,0.448,-0.328,1.247,0.384437,-0.193456,-0.078081,-0.899270,img_20.jpg
15334,1280,720,640.48975,339.145,991.9681,992.7318,0.413,-0.341,1.267,0.406139,-0.208148,-0.095272,-0.884675,img_21.jpg
15407,1280,720,640.48975,339.145,991.9681,992.7318,0.371,-0.354,1.289,0.419760,-0.231796,-0.113480,-0.870169,img_22.jpg
15477,1280,720,640.48975,339.145,991.9681,992.7318,0.327,-0.365,1.313,0.423032,-0.252905,-0.129979,-0.860342,img_23.jpg
15568,1280,720,640.48975,339.145,991.9681,992.7318,0.251,-0.384,1.347,0.432794,-0.279760,-0.151481,-0.843491,img_24.jpg
15651,1280,720,640.48975,339.145,991.9681,992.7318,0.165,-0.401,1.381,0.443180,-0.305772,-0.171170,-0.825104,img_25.jpg
15734,1280,720,640.48975,339.145,991.9681,992.7318,0.106,-0.411,1.401,0.451301,-0.316980,-0.178110,-0.814940,img_26.jpg
15817,1280,720,640.48975,339.145,991.9681,992.7318,0.051,-0.416,1.426,0.457953,-0.321020,-0.182964,-0.808547,img_27.jpg
15890,1280,720,640.48975,339.145,991.9681,992.7318,-0.027,-0.414,1.450,0.471036,-0.340488,-0.181988,-0.793142,img_28.jpg
15968,1280,720,640.48975,339.145,991.9681,992.7318,-0.074,-0.397,1.469,0.462343,-0.352453,-0.184351,-0.792484,img_29.jpg
16069,1280,720,640.48975,339.145,991.9681,992.7318,-0.139,-0.385,1.483,0.452724,-0.363917,-0.190775,-0.791334,img_30.jpg
16151,1280,720,640.48975,339.145,991.9681,992.7318,-0.215,-0.384,1.497,0.443999,-0.372665,-0.194134,-0.791389,img_31.jpg
16236,1280,720,640.48975,339.145,991.9681,992.7318,-0.267,-0.384,1.508,0.439502,-0.373950,-0.197493,-0.792462,img_32.jpg
16317,1280,720,640.48975,339.145,991.9681,992.7318,-0.316,-0.383,1.516,0.431384,-0.375463,-0.196851,-0.796357,img_33.jpg
16392,1280,720,640.48975,339.145,991.9681,992.7318,-0.397,-0.384,1.531,0.429875,-0.372938,-0.195850,-0.798603,img_34.jpg
16485,1280,720,640.48975,339.145,991.9681,992.7318,-0.449,-0.378,1.538,0.420669,-0.366361,-0.198139,-0.805952,img_35.jpg
16559,1280,720,640.48975,339.145,991.9681,992.7318,-0.523,-0.353,1.538,0.421550,-0.354737,-0.182650,-0.814308,img_36.jpg
16633,1280,720,640.48975,339.145,991.9681,992.7318,-0.569,-0.333,1.534,0.394212,-0.358059,-0.172565,-0.828621,img_37.jpg
16718,1280,720,640.48975,339.145,991.9681,992.7318,-0.638,-0.316,1.514,0.385542,-0.345359,-0.153754,-0.841691,img_38.jpg
16800,1280,720,640.48975,339.145,991.9681,992.7318,-0.685,-0.307,1.496,0.370454,-0.343128,-0.139401,-0.851818,img_39.jpg
16885,1280,720,640.48975,339.145,991.9681,992.7318,-0.735,-0.302,1.473,0.354683,-0.342540,-0.131309,-0.860014,img_40.jpg
16965,1280,720,640.48975,339.145,991.9681,992.7318,-0.815,-0.294,1.423,0.344596,-0.345356,-0.106827,-0.866355,img_41.jpg
17050,1280,720,640.48975,339.145,991.9681,992.7318,-0.894,-0.262,1.371,0.308699,-0.355049,-0.082833,-0.878512,img_42.jpg
17133,1280,720,640.48975,339.145,991.9681,992.7318,-0.943,-0.234,1.335,0.292749,-0.364391,-0.064992,-0.881643,img_43.jpg
17208,1280,720,640.48975,339.145,991.9681,992.7318,-0.987,-0.206,1.304,0.264875,-0.382712,-0.050021,-0.883669,img_44.jpg
17300,1280,720,640.48975,339.145,991.9681,992.7318,-1.051,-0.180,1.252,0.247780,-0.386560,-0.039129,-0.887494,img_45.jpg
17372,1280,720,640.48975,339.145,991.9681,992.7318,-1.091,-0.171,1.214,0.246709,-0.387931,-0.035410,-0.887350,img_46.jpg
17467,1280,720,640.48975,339.145,991.9681,992.7318,-1.160,-0.166,1.156,0.224860,-0.391464,-0.046355,-0.891092,img_47.jpg
17550,1280,720,640.48975,339.145,991.9681,992.7318,-1.214,-0.170,1.108,0.222899,-0.392815,-0.056044,-0.890433,img_48.jpg
17626,1280,720,640.48975,339.145,991.9681,992.7318,-1.297,-0.174,1.025,0.224395,-0.389813,-0.047568,-0.891869,img_49.jpg
17716,1280,720,640.48975,339.145,991.9681,992.7318,-1.342,-0.175,0.977,0.224335,-0.385264,-0.050653,-0.893689,img_50.jpg
17792,1280,720,640.48975,339.145,991.9681,992.7318,-1.387,-0.173,0.927,0.239974,-0.370533,-0.063339,-0.895045,img_51.jpg
17868,1280,720,640.48975,339.145,991.9681,992.7318,-1.438,-0.165,0.853,0.241180,-0.362452,-0.071690,-0.897397,img_52.jpg
17949,1280,720,640.48975,339.145,991.9681,992.7318,-1.486,-0.164,0.773,0.243078,-0.351871,-0.067914,-0.901381,img_53.jpg
18033,1280,720,640.48975,339.145,991.9681,992.7318,-1.521,-0.171,0.713,0.247482,-0.343730,-0.061711,-0.903767,img_54.jpg
18116,1280,720,640.48975,339.145,991.9681,992.7318,-1.563,-0.181,0.625,0.244270,-0.347642,-0.052834,-0.903707,img_55.jpg
18198,1280,720,640.48975,339.145,991.9681,992.7318,-1.595,-0.185,0.561,0.229763,-0.361032,-0.051327,-0.902347,img_56.jpg
18283,1280,720,640.48975,339.145,991.9681,992.7318,-1.619,-0.186,0.504,0.221445,-0.375549,-0.048294,-0.898661,img_57.jpg
18357,1280,720,640.48975,339.145,991.9681,992.7318,-1.672,-0.181,0.412,0.236944,-0.402892,-0.048202,-0.882730,img_58.jpg
18449,1280,720,640.48975,339.145,991.9681,992.7318,-1.711,-0.174,0.357,0.228109,-0.431379,-0.054983,-0.871123,img_59.jpg
18529,1280,720,640.48975,339.145,991.9681,992.7318,-1.779,-0.172,0.280,0.224591,-0.455480,-0.070864,-0.858531,img_60.jpg
18616,1280,720,640.48975,339.145,991.9681,992.7318,-1.828,-0.174,0.226,0.227243,-0.476688,-0.073171,-0.846035,img_61.jpg
18682,1280,720,640.48975,339.145,991.9681,992.7318,-1.897,-0.186,0.154,0.214355,-0.500880,-0.086068,-0.834124,img_62.jpg
18766,1280,720,640.48975,339.145,991.9681,992.7318,-1.949,-0.204,0.103,0.207490,-0.514371,-0.090284,-0.827175,img_63.jpg
18833,1280,720,640.48975,339.145,991.9681,992.7318,-2.009,-0.223,0.043,0.202442,-0.521219,-0.096799,-0.823394,img_64.jpg
18901,1280,720,640.48975,339.145,991.9681,992.7318,-2.063,-0.238,-0.008,0.195408,-0.530926,-0.106057,-0.817732,img_65.jpg
18966,1280,720,640.48975,339.145,991.9681,992.7318,-2.131,-0.243,-0.074,0.190775,-0.537871,-0.117594,-0.812694,img_66.jpg
19034,1280,720,640.48975,339.145,991.9681,992.7318,-2.189,-0.242,-0.127,0.202509,-0.540270,-0.121302,-0.807703,img_67.jpg
19103,1280,720,640.48975,339.145,991.9681,992.7318,-2.243,-0.238,-0.175,0.198893,-0.553465,-0.122007,-0.799520,img_68.jpg
19168,1280,720,640.48975,339.145,991.9681,992.7318,-2.304,-0.241,-0.227,0.200419,-0.560875,-0.123280,-0.793759,img_69.jpg
19235,1280,720,640.48975,339.145,991.9681,992.7318,-2.367,-0.243,-0.282,0.197355,-0.570176,-0.114804,-0.789158,img_70.jpg
19304,1280,720,640.48975,339.145,991.9681,992.7318,-2.433,-0.249,-0.338,0.198943,-0.583040,-0.104239,-0.780782,img_71.jpg
19369,1280,720,640.48975,339.145,991.9681,992.7318,-2.499,-0.257,-0.393,0.194443,-0.593186,-0.101901,-0.774557,img_72.jpg
19438,1280,720,640.48975,339.145,991.9681,992.7318,-2.571,-0.264,-0.447,0.183088,-0.609803,-0.100813,-0.764497,img_73.jpg
19507,1280,720,640.48975,339.145,991.9681,992.7318,-2.637,-0.262,-0.498,0.174491,-0.628037,-0.103455,-0.751279,img_74.jpg
19575,1280,720,640.48975,339.145,991.9681,992.7318,-2.703,-0.255,-0.545,0.177443,-0.637350,-0.102321,-0.742852,img_75.jpg
19641,1280,720,640.48975,339.145,991.9681,992.7318,-2.764,-0.239,-0.581,0.161819,-0.650226,-0.100027,-0.735537,img_76.jpg
19714,1280,720,640.48975,339.145,991.9681,992.7318,-2.866,-0.234,-0.638,0.157224,-0.665049,-0.100622,-0.723094,img_77.jpg
19798,1280,720,640.48975,339.145,991.9681,992.7318,-2.924,-0.234,-0.667,0.154383,-0.676918,-0.104878,-0.712003,img_78.jpg
19862,1280,720,640.48975,339.145,991.9681,992.7318,-2.991,-0.245,-0.698,0.147515,-0.684502,-0.114907,-0.704622,img_79.jpg
19948,1280,720,640.48975,339.145,991.9681,992.7318,-3.065,-0.254,-0.728,0.140735,-0.688237,-0.118253,-0.701812,img_80.jpg
20018,1280,720,640.48975,339.145,991.9681,992.7318,-3.175,-0.259,-0.766,0.134630,-0.694610,-0.117079,-0.696911,img_81.jpg
20097,1280,720,640.48975,339.145,991.9681,992.7318,-3.248,-0.257,-0.788,0.121915,-0.700640,-0.114425,-0.693648,img_82.jpg
20166,1280,720,640.48975,339.145,991.9681,992.7318,-3.301,-0.250,-0.793,0.137327,-0.699968,-0.118086,-0.690827,img_83.jpg
20248,1280,720,640.48975,339.145,991.9681,992.7318,-3.416,-0.239,-0.828,0.133424,-0.701159,-0.123652,-0.689408,img_84.jpg
20331,1280,720,640.48975,339.145,991.9681,992.7318,-3.477,-0.232,-0.840,0.144104,-0.704655,-0.122962,-0.683795,img_85.jpg
20414,1280,720,640.48975,339.145,991.9681,992.7318,-3.557,-0.235,-0.863,0.148075,-0.703087,-0.119193,-0.685227,img_86.jpg
20480,1280,720,640.48975,339.145,991.9681,992.7318,-3.633,-0.239,-0.881,0.136866,-0.702795,-0.115209,-0.688530,img_87.jpg
20547,1280,720,640.48975,339.145,991.9681,992.7318,-3.751,-0.244,-0.905,0.123160,-0.710476,-0.109100,-0.684217,img_88.jpg
20633,1280,720,640.48975,339.145,991.9681,992.7318,-3.820,-0.241,-0.917,0.120189,-0.714270,-0.107156,-0.681095,img_89.jpg
20714,1280,720,640.48975,339.145,991.9681,992.7318,-3.933,-0.225,-0.941,0.122941,-0.717729,-0.101997,-0.677752,img_90.jpg
20797,1280,720,640.48975,339.145,991.9681,992.7318,-4.008,-0.214,-0.953,0.119185,-0.721579,-0.099637,-0.674678,img_91.jpg
20866,1280,720,640.48975,339.145,991.9681,992.7318,-4.087,-0.205,-0.961,0.130330,-0.721885,-0.101300,-0.672037,img_92.jpg
20948,1280,720,640.48975,339.145,991.9681,992.7318,-4.192,-0.200,-0.961,0.130879,-0.726331,-0.103954,-0.666714,img_93.jpg
21031,1280,720,640.48975,339.145,991.9681,992.7318,-4.275,-0.206,-0.964,0.126286,-0.726591,-0.105622,-0.667054,img_94.jpg
21101,1280,720,640.48975,339.145,991.9681,992.7318,-4.357,-0.212,-0.963,0.118495,-0.725788,-0.104526,-0.669526,img_95.jpg
21182,1280,720,640.48975,339.145,991.9681,992.7318,-4.432,-0.216,-0.960,0.118306,-0.723930,-0.101083,-0.672095,img_96.jpg
21247,1280,720,640.48975,339.145,991.9681,992.7318,-4.511,-0.214,-0.955,0.114051,-0.724265,-0.100399,-0.672572,img_97.jpg
21322,1280,720,640.48975,339.145,991.9681,992.7318,-4.625,-0.200,-0.947,0.125485,-0.714892,-0.106978,-0.679513,img_98.jpg
21396,1280,720,640.48975,339.145,991.9681,992.7318,-4.697,-0.192,-0.944,0.118633,-0.712407,-0.109581,-0.682931,img_99.jpg
21465,1280,720,640.48975,339.145,991.9681,992.7318,-4.774,-0.189,-0.944,0.119029,-0.710936,-0.114648,-0.683563,img_100.jpg
21535,1280,720,640.48975,339.145,991.9681,992.7318,-4.860,-0.190,-0.950,0.123763,-0.711543,-0.107712,-0.683218,img_101.jpg
21612,1280,720,640.48975,339.145,991.9681,992.7318,-4.939,-0.193,-0.951,0.127758,-0.710678,-0.097665,-0.684891,img_102.jpg
21682,1280,720,640.48975,339.145,991.9681,992.7318,-5.072,-0.196,-0.953,0.112600,-0.712657,-0.087222,-0.686901,img_103.jpg
21764,1280,720,640.48975,339.145,991.9681,992.7318,-5.142,-0.197,-0.952,0.099456,-0.711262,-0.081446,-0.691072,img_104.jpg
21847,1280,720,640.48975,339.145,991.9681,992.7318,-5.227,-0.188,-0.957,0.097346,-0.713347,-0.078703,-0.689540,img_105.jpg
21915,1280,720,640.48975,339.145,991.9681,992.7318,-5.346,-0.173,-0.964,0.115676,-0.720037,-0.079988,-0.679535,img_106.jpg
21996,1280,720,640.48975,339.145,991.9681,992.7318,-5.426,-0.166,-0.963,0.115445,-0.717375,-0.086618,-0.681573,img_107.jpg
22060,1280,720,640.48975,339.145,991.9681,992.7318,-5.503,-0.160,-0.961,0.137799,-0.722359,-0.090131,-0.671629,img_108.jpg
22147,1280,720,640.48975,339.145,991.9681,992.7318,-5.623,-0.168,-0.949,0.130750,-0.726053,-0.094912,-0.668389,img_109.jpg
22230,1280,720,640.48975,339.145,991.9681,992.7318,-5.714,-0.180,-0.945,0.122186,-0.727374,-0.101704,-0.667574,img_110.jpg
22298,1280,720,640.48975,339.145,991.9681,992.7318,-5.799,-0.189,-0.939,0.119153,-0.731023,-0.097544,-0.664751,img_111.jpg
22381,1280,720,640.48975,339.145,991.9681,992.7318,-5.911,-0.190,-0.926,0.106975,-0.726874,-0.095657,-0.671610,img_112.jpg
22464,1280,720,640.48975,339.145,991.9681,992.7318,-5.981,-0.180,-0.920,0.111740,-0.718037,-0.108178,-0.678406,img_113.jpg
22531,1280,720,640.48975,339.145,991.9681,992.7318,-6.056,-0.167,-0.916,0.113830,-0.716370,-0.109595,-0.679592,img_114.jpg
22613,1280,720,640.48975,339.145,991.9681,992.7318,-6.168,-0.158,-0.914,0.112292,-0.706038,-0.110018,-0.690504,img_115.jpg
22696,1280,720,640.48975,339.145,991.9681,992.7318,-6.271,-0.159,-0.919,0.119761,-0.698236,-0.100726,-0.698554,img_116.jpg
22764,1280,720,640.48975,339.145,991.9681,992.7318,-6.355,-0.161,-0.924,0.127784,-0.695183,-0.087866,-0.701906,img_117.jpg
22834,1280,720,640.48975,339.145,991.9681,992.7318,-6.446,-0.162,-0.926,0.124671,-0.695078,-0.079421,-0.703574,img_118.jpg
22905,1280,720,640.48975,339.145,991.9681,992.7318,-6.526,-0.162,-0.927,0.116787,-0.700050,-0.073409,-0.700645,img_119.jpg
22973,1280,720,640.48975,339.145,991.9681,992.7318,-6.610,-0.157,-0.928,0.116529,-0.705290,-0.070110,-0.695752,img_120.jpg
23040,1280,720,640.48975,339.145,991.9681,992.7318,-6.684,-0.146,-0.929,0.125616,-0.705300,-0.073314,-0.693828,img_121.jpg
23110,1280,720,640.48975,339.145,991.9681,992.7318,-6.803,-0.132,-0.928,0.131004,-0.704908,-0.076832,-0.692849,img_122.jpg
23196,1280,720,640.48975,339.145,991.9681,992.7318,-6.884,-0.126,-0.925,0.139403,-0.706899,-0.082458,-0.688521,img_123.jpg
23258,1280,720,640.48975,339.145,991.9681,992.7318,-6.979,-0.127,-0.916,0.133543,-0.711157,-0.088803,-0.684497,img_124.jpg
23346,1280,720,640.48975,339.145,991.9681,992.7318,-7.107,-0.137,-0.903,0.133524,-0.709147,-0.094254,-0.685856,img_125.jpg
23430,1280,720,640.48975,339.145,991.9681,992.7318,-7.214,-0.138,-0.898,0.134937,-0.707291,-0.083564,-0.688875,img_126.jpg
23500,1280,720,640.48975,339.145,991.9681,992.7318,-7.300,-0.137,-0.891,0.136052,-0.704406,-0.075030,-0.692584,img_127.jpg
23575,1280,720,640.48975,339.145,991.9681,992.7318,-7.370,-0.131,-0.880,0.128777,-0.697875,-0.081817,-0.699780,img_128.jpg
23647,1280,720,640.48975,339.145,991.9681,992.7318,-7.485,-0.112,-0.871,0.129293,-0.695843,-0.081104,-0.701789,img_129.jpg
23729,1280,720,640.48975,339.145,991.9681,992.7318,-7.565,-0.106,-0.862,0.123732,-0.691134,-0.090124,-0.706330,img_130.jpg
23797,1280,720,640.48975,339.145,991.9681,992.7318,-7.649,-0.105,-0.857,0.125706,-0.690520,-0.090770,-0.706499,img_131.jpg
23865,1280,720,640.48975,339.145,991.9681,992.7318,-7.730,-0.107,-0.853,0.125606,-0.683758,-0.088377,-0.713364,img_132.jpg
23935,1280,720,640.48975,339.145,991.9681,992.7318,-7.816,-0.110,-0.855,0.130740,-0.686444,-0.078764,-0.710984,img_133.jpg
24007,1280,720,640.48975,339.145,991.9681,992.7318,-7.897,-0.113,-0.854,0.126064,-0.691077,-0.072515,-0.707998,img_134.jpg
24075,1280,720,640.48975,339.145,991.9681,992.7318,-8.024,-0.109,-0.854,0.125729,-0.701592,-0.069015,-0.697995,img_135.jpg
24146,1280,720,640.48975,339.145,991.9681,992.7318,-8.062,-0.106,-0.858,0.132209,-0.705859,-0.069067,-0.692469,img_136.jpg
24217,1280,720,640.48975,339.145,991.9681,992.7318,-8.186,-0.090,-0.854,0.133682,-0.709703,-0.072718,-0.687868,img_137.jpg
24295,1280,720,640.48975,339.145,991.9681,992.7318,-8.264,-0.081,-0.848,0.127237,-0.705405,-0.076280,-0.693107,img_138.jpg
24362,1280,720,640.48975,339.145,991.9681,992.7318,-8.342,-0.076,-0.841,0.135625,-0.708207,-0.082260,-0.687955,img_139.jpg
24446,1280,720,640.48975,339.145,991.9681,992.7318,-8.461,-0.080,-0.821,0.120855,-0.709482,-0.092926,-0.688037,img_140.jpg
24529,1280,720,640.48975,339.145,991.9681,992.7318,-8.550,-0.086,-0.808,0.113585,-0.711000,-0.091380,-0.687915,img_141.jpg
24595,1280,720,640.48975,339.145,991.9681,992.7318,-8.632,-0.090,-0.794,0.112341,-0.709890,-0.087379,-0.689784,img_142.jpg
24665,1280,720,640.48975,339.145,991.9681,992.7318,-8.711,-0.089,-0.782,0.105006,-0.710403,-0.082073,-0.691061,img_143.jpg
24746,1280,720,640.48975,339.145,991.9681,992.7318,-8.831,-0.077,-0.758,0.100926,-0.704466,-0.086531,-0.697176,img_144.jpg
24829,1280,720,640.48975,339.145,991.9681,992.7318,-8.910,-0.065,-0.752,0.109795,-0.704250,-0.083201,-0.696458,img_145.jpg
24895,1280,720,640.48975,339.145,991.9681,992.7318,-8.984,-0.059,-0.743,0.112197,-0.696900,-0.090755,-0.702499,img_146.jpg
24979,1280,720,640.48975,339.145,991.9681,992.7318,-9.067,-0.058,-0.738,0.115004,-0.692901,-0.086615,-0.706513,img_147.jpg
25046,1280,720,640.48975,339.145,991.9681,992.7318,-9.193,-0.061,-0.735,0.123614,-0.680613,-0.078853,-0.717821,img_148.jpg
25129,1280,720,640.48975,339.145,991.9681,992.7318,-9.284,-0.061,-0.732,0.122595,-0.676828,-0.069396,-0.722536,img_149.jpg
25195,1280,720,640.48975,339.145,991.9681,992.7318,-9.371,-0.060,-0.730,0.114141,-0.674862,-0.065418,-0.726122,img_150.jpg
25280,1280,720,640.48975,339.145,991.9681,992.7318,-9.447,-0.054,-0.735,0.119920,-0.675652,-0.059298,-0.724981,img_151.jpg
25346,1280,720,640.48975,339.145,991.9681,992.7318,-9.542,-0.042,-0.734,0.116802,-0.676683,-0.053685,-0.724965,img_152.jpg
25418,1280,720,640.48975,339.145,991.9681,992.7318,-9.671,-0.021,-0.730,0.118036,-0.678218,-0.038801,-0.724281,img_153.jpg
25495,1280,720,640.48975,339.145,991.9681,992.7318,-9.753,-0.012,-0.721,0.116424,-0.673967,-0.047127,-0.728007,img_154.jpg
25564,1280,720,640.48975,339.145,991.9681,992.7318,-9.834,-0.008,-0.708,0.117361,-0.678935,-0.055996,-0.722591,img_155.jpg
25647,1280,720,640.48975,339.145,991.9681,992.7318,-9.961,-0.015,-0.680,0.110133,-0.676633,-0.072650,-0.724404,img_156.jpg
25728,1280,720,640.48975,339.145,991.9681,992.7318,-10.053,-0.024,-0.669,0.106491,-0.677021,-0.076765,-0.724161,img_157.jpg
25796,1280,720,640.48975,339.145,991.9681,992.7318,-10.134,-0.031,-0.654,0.102275,-0.672034,-0.079416,-0.729112,img_158.jpg
25860,1280,720,640.48975,339.145,991.9681,992.7318,-10.218,-0.035,-0.640,0.101209,-0.670659,-0.088185,-0.729518,img_159.jpg
25945,1280,720,640.48975,339.145,991.9681,992.7318,-10.269,-0.029,-0.624,0.109360,-0.666606,-0.101382,-0.730342,img_160.jpg
26013,1280,720,640.48975,339.145,991.9681,992.7318,-10.366,-0.012,-0.615,0.101535,-0.672787,-0.092116,-0.727023,img_161.jpg
26096,1280,720,640.48975,339.145,991.9681,992.7318,-10.435,-0.006,-0.619,0.101273,-0.660858,-0.089551,-0.738235,img_162.jpg
26179,1280,720,640.48975,339.145,991.9681,992.7318,-10.508,-0.007,-0.630,0.129179,-0.652181,-0.082232,-0.742435,img_163.jpg
26245,1280,720,640.48975,339.145,991.9681,992.7318,-10.619,-0.018,-0.642,0.124142,-0.639616,-0.076423,-0.754745,img_164.jpg
26328,1280,720,640.48975,339.145,991.9681,992.7318,-10.693,-0.028,-0.656,0.122797,-0.636834,-0.069015,-0.758024,img_165.jpg
26394,1280,720,640.48975,339.145,991.9681,992.7318,-10.777,-0.033,-0.668,0.119827,-0.637730,-0.063562,-0.758223,img_166.jpg
26460,1280,720,640.48975,339.145,991.9681,992.7318,-10.853,-0.025,-0.682,0.120741,-0.635046,-0.066883,-0.760043,img_167.jpg
26544,1280,720,640.48975,339.145,991.9681,992.7318,-10.944,-0.012,-0.693,0.125518,-0.631407,-0.067575,-0.762236,img_168.jpg
26612,1280,720,640.48975,339.145,991.9681,992.7318,-11.063,0.000,-0.707,0.124814,-0.638873,-0.073764,-0.755527,img_169.jpg
26694,1280,720,640.48975,339.145,991.9681,992.7318,-11.144,0.002,-0.714,0.148099,-0.641133,-0.081826,-0.748545,img_170.jpg
26759,1280,720,640.48975,339.145,991.9681,992.7318,-11.217,-0.002,-0.717,0.162536,-0.645654,-0.093814,-0.740211,img_171.jpg
26844,1280,720,640.48975,339.145,991.9681,992.7318,-11.337,-0.016,-0.720,0.145186,-0.651898,-0.108966,-0.736258,img_172.jpg
26927,1280,720,640.48975,339.145,991.9681,992.7318,-11.420,-0.025,-0.727,0.137132,-0.655143,-0.111326,-0.734567,img_173.jpg
27011,1280,720,640.48975,339.145,991.9681,992.7318,-11.539,-0.030,-0.734,0.126019,-0.659280,-0.119352,-0.731590,img_174.jpg
27078,1280,720,640.48975,339.145,991.9681,992.7318,-11.619,-0.024,-0.734,0.128472,-0.663965,-0.124580,-0.726034,img_175.jpg
27144,1280,720,640.48975,339.145,991.9681,992.7318,-11.693,-0.020,-0.734,0.146132,-0.677991,-0.122952,-0.709828,img_176.jpg
27227,1280,720,640.48975,339.145,991.9681,992.7318,-11.767,-0.015,-0.729,0.136619,-0.683314,-0.128626,-0.705601,img_177.jpg
27310,1280,720,640.48975,339.145,991.9681,992.7318,-11.862,-0.013,-0.730,0.140435,-0.692296,-0.124789,-0.696730,img_178.jpg
27393,1280,720,640.48975,339.145,991.9681,992.7318,-11.941,-0.014,-0.736,0.144188,-0.690182,-0.116974,-0.699411,img_179.jpg
27453,1280,720,640.48975,339.145,991.9681,992.7318,-12.011,-0.009,-0.742,0.142048,-0.692988,-0.103847,-0.699147,img_180.jpg
27527,1280,720,640.48975,339.145,991.9681,992.7318,-12.090,-0.008,-0.751,0.127679,-0.694615,-0.093200,-0.701799,img_181.jpg
27612,1280,720,640.48975,339.145,991.9681,992.7318,-12.219,-0.003,-0.766,0.108383,-0.696250,-0.087568,-0.704146,img_182.jpg
27693,1280,720,640.48975,339.145,991.9681,992.7318,-12.303,0.009,-0.778,0.115843,-0.694948,-0.093613,-0.703466,img_183.jpg
27762,1280,720,640.48975,339.145,991.9681,992.7318,-12.392,0.019,-0.787,0.114771,-0.701813,-0.092405,-0.696956,img_184.jpg
27833,1280,720,640.48975,339.145,991.9681,992.7318,-12.476,0.028,-0.789,0.103665,-0.699723,-0.100466,-0.699677,img_185.jpg
27903,1280,720,640.48975,339.145,991.9681,992.7318,-12.552,0.032,-0.796,0.117006,-0.703289,-0.104369,-0.693399,img_186.jpg
27972,1280,720,640.48975,339.145,991.9681,992.7318,-12.668,0.030,-0.792,0.117695,-0.709770,-0.110995,-0.685605,img_187.jpg
28044,1280,720,640.48975,339.145,991.9681,992.7318,-12.748,0.020,-0.786,0.109177,-0.712923,-0.113512,-0.683327,img_188.jpg
28127,1280,720,640.48975,339.145,991.9681,992.7318,-12.826,0.012,-0.782,0.099608,-0.712580,-0.110485,-0.685639,img_189.jpg
28193,1280,720,640.48975,339.145,991.9681,992.7318,-12.895,0.009,-0.776,0.096890,-0.709339,-0.103683,-0.690435,img_190.jpg
28260,1280,720,640.48975,339.145,991.9681,992.7318,-12.978,0.014,-0.771,0.096941,-0.699417,-0.102722,-0.700619,img_191.jpg
28330,1280,720,640.48975,339.145,991.9681,992.7318,-13.064,0.021,-0.769,0.102248,-0.687799,-0.108449,-0.710434,img_192.jpg
28401,1280,720,640.48975,339.145,991.9681,992.7318,-13.137,0.032,-0.765,0.097421,-0.692769,-0.102252,-0.707195,img_193.jpg
28475,1280,720,640.48975,339.145,991.9681,992.7318,-13.200,0.032,-0.763,0.099251,-0.687900,-0.106181,-0.711104,img_194.jpg
28544,1280,720,640.48975,339.145,991.9681,992.7318,-13.310,0.030,-0.757,0.116704,-0.687007,-0.102979,-0.709786,img_195.jpg
28627,1280,720,640.48975,339.145,991.9681,992.7318,-13.384,0.027,-0.755,0.113382,-0.688935,-0.094382,-0.709652,img_196.jpg
28701,1280,720,640.48975,339.145,991.9681,992.7318,-13.466,0.023,-0.754,0.111725,-0.690318,-0.085323,-0.709718,img_197.jpg
28769,1280,720,640.48975,339.145,991.9681,992.7318,-13.553,0.021,-0.757,0.109915,-0.692388,-0.079132,-0.708700,img_198.jpg
28836,1280,720,640.48975,339.145,991.9681,992.7318,-13.680,0.028,-0.759,0.119432,-0.697649,-0.072164,-0.702720,img_199.jpg
28926,1280,720,640.48975,339.145,991.9681,992.7318,-13.759,0.040,-0.761,0.121905,-0.699675,-0.066999,-0.700789,img_200.jpg
28991,1280,720,640.48975,339.145,991.9681,992.7318,-13.837,0.051,-0.758,0.116200,-0.701070,-0.069158,-0.700154,img_201.jpg
29060,1280,720,640.48975,339.145,991.9681,992.7318,-13.913,0.056,-0.756,0.120254,-0.702023,-0.077158,-0.697674,img_202.jpg
29132,1280,720,640.48975,339.145,991.9681,992.7318,-13.987,0.059,-0.750,0.123015,-0.706868,-0.084163,-0.691463,img_203.jpg
29201,1280,720,640.48975,339.145,991.9681,992.7318,-14.067,0.054,-0.742,0.116433,-0.708517,-0.095254,-0.689474,img_204.jpg
29277,1280,720,640.48975,339.145,991.9681,992.7318,-14.198,0.043,-0.729,0.102950,-0.711437,-0.097880,-0.688243,img_205.jpg
29360,1280,720,640.48975,339.145,991.9681,992.7318,-14.281,0.039,-0.721,0.105840,-0.711502,-0.093054,-0.688407,img_206.jpg
29444,1280,720,640.48975,339.145,991.9681,992.7318,-14.399,0.047,-0.707,0.101703,-0.709149,-0.090077,-0.691845,img_207.jpg
29526,1280,720,640.48975,339.145,991.9681,992.7318,-14.476,0.058,-0.704,0.106065,-0.708594,-0.087408,-0.692101,img_208.jpg
29608,1280,720,640.48975,339.145,991.9681,992.7318,-14.589,0.069,-0.703,0.106030,-0.702850,-0.086970,-0.697994,img_209.jpg
29677,1280,720,640.48975,339.145,991.9681,992.7318,-14.653,0.073,-0.704,0.104477,-0.702708,-0.080585,-0.699137,img_210.jpg
29760,1280,720,640.48975,339.145,991.9681,992.7318,-14.729,0.067,-0.708,0.105554,-0.695322,-0.078307,-0.706579,img_211.jpg
29830,1280,720,640.48975,339.145,991.9681,992.7318,-14.806,0.059,-0.716,0.108991,-0.693762,-0.072445,-0.708214,img_212.jpg
29899,1280,720,640.48975,339.145,991.9681,992.7318,-14.892,0.051,-0.725,0.107090,-0.696110,-0.066914,-0.706743,img_213.jpg
29977,1280,720,640.48975,339.145,991.9681,992.7318,-15.038,0.047,-0.736,0.104705,-0.695112,-0.067862,-0.707991,img_214.jpg
30060,1280,720,640.48975,339.145,991.9681,992.7318,-15.122,0.055,-0.748,0.128031,-0.690741,-0.071875,-0.708039,img_215.jpg
30128,1280,720,640.48975,339.145,991.9681,992.7318,-15.199,0.064,-0.757,0.132836,-0.697688,-0.070071,-0.700483,img_216.jpg
30197,1280,720,640.48975,339.145,991.9681,992.7318,-15.281,0.067,-0.758,0.134681,-0.695963,-0.083596,-0.700363,img_217.jpg
30277,1280,720,640.48975,339.145,991.9681,992.7318,-15.394,0.070,-0.752,0.140166,-0.704655,-0.093786,-0.689217,img_218.jpg
30360,1280,720,640.48975,339.145,991.9681,992.7318,-15.472,0.063,-0.744,0.142352,-0.708481,-0.106055,-0.683040,img_219.jpg
30427,1280,720,640.48975,339.145,991.9681,992.7318,-15.551,0.052,-0.735,0.138605,-0.712271,-0.111473,-0.678994,img_220.jpg
30508,1280,720,640.48975,339.145,991.9681,992.7318,-15.659,0.046,-0.721,0.132532,-0.713413,-0.105091,-0.680025,img_221.jpg
30576,1280,720,640.48975,339.145,991.9681,992.7318,-15.739,0.053,-0.712,0.120041,-0.712772,-0.103075,-0.683317,img_222.jpg
30660,1280,720,640.48975,339.145,991.9681,992.7318,-15.825,0.065,-0.705,0.128284,-0.708123,-0.107710,-0.685932,img_223.jpg
30742,1280,720,640.48975,339.145,991.9681,992.7318,-15.944,0.080,-0.701,0.125001,-0.707890,-0.103816,-0.687379,img_224.jpg
30825,1280,720,640.48975,339.145,991.9681,992.7318,-16.017,0.083,-0.701,0.129419,-0.706414,-0.106380,-0.687687,img_225.jpg
30895,1280,720,640.48975,339.145,991.9681,992.7318,-16.085,0.078,-0.701,0.136693,-0.698969,-0.109726,-0.693338,img_226.jpg
30964,1280,720,640.48975,339.145,991.9681,992.7318,-16.166,0.071,-0.702,0.141951,-0.698759,-0.107448,-0.692849,img_227.jpg
31038,1280,720,640.48975,339.145,991.9681,992.7318,-16.287,0.066,-0.705,0.129980,-0.707660,-0.099130,-0.687383,img_228.jpg
31125,1280,720,640.48975,339.145,991.9681,992.7318,-16.370,0.065,-0.704,0.121625,-0.711303,-0.099065,-0.685158,img_229.jpg
31197,1280,720,640.48975,339.145,991.9681,992.7318,-16.453,0.073,-0.710,0.127095,-0.712410,-0.098195,-0.683137,img_230.jpg
31268,1280,720,640.48975,339.145,991.9681,992.7318,-16.534,0.088,-0.714,0.132108,-0.715939,-0.091755,-0.679382,img_231.jpg
31359,1280,720,640.48975,339.145,991.9681,992.7318,-16.642,0.096,-0.710,0.130799,-0.714802,-0.101816,-0.679399,img_232.jpg
31426,1280,720,640.48975,339.145,991.9681,992.7318,-16.712,0.097,-0.705,0.140295,-0.718415,-0.107988,-0.672707,img_233.jpg
31493,1280,720,640.48975,339.145,991.9681,992.7318,-16.780,0.093,-0.698,0.139584,-0.718948,-0.120170,-0.670216,img_234.jpg
31560,1280,720,640.48975,339.145,991.9681,992.7318,-16.855,0.083,-0.690,0.130399,-0.719538,-0.127711,-0.670039,img_235.jpg
31631,1280,720,640.48975,339.145,991.9681,992.7318,-16.934,0.076,-0.681,0.122888,-0.719583,-0.126122,-0.671708,img_236.jpg
31703,1280,720,640.48975,339.145,991.9681,992.7318,-17.006,0.073,-0.671,0.118532,-0.719583,-0.120983,-0.673434,img_237.jpg
31775,1280,720,640.48975,339.145,991.9681,992.7318,-17.117,0.080,-0.652,0.119885,-0.716571,-0.126704,-0.675352,img_238.jpg
31859,1280,720,640.48975,339.145,991.9681,992.7318,-17.194,0.091,-0.643,0.125100,-0.721511,-0.125727,-0.669302,img_239.jpg
31926,1280,720,640.48975,339.145,991.9681,992.7318,-17.262,0.097,-0.633,0.119516,-0.718378,-0.136231,-0.671633,img_240.jpg
32000,1280,720,640.48975,339.145,991.9681,992.7318,-17.333,0.098,-0.627,0.123164,-0.717665,-0.135829,-0.671818,img_241.jpg
32068,1280,720,640.48975,339.145,991.9681,992.7318,-17.406,0.095,-0.624,0.136520,-0.712372,-0.136025,-0.674823,img_242.jpg
32137,1280,720,640.48975,339.145,991.9681,992.7318,-17.521,0.088,-0.621,0.147018,-0.714858,-0.127511,-0.671643,img_243.jpg
32207,1280,720,640.48975,339.145,991.9681,992.7318,-17.596,0.087,-0.617,0.146850,-0.722291,-0.119806,-0.665115,img_244.jpg
32290,1280,720,640.48975,339.145,991.9681,992.7318,-17.673,0.091,-0.613,0.145026,-0.725821,-0.117050,-0.662156,img_245.jpg
32354,1280,720,640.48975,339.145,991.9681,992.7318,-17.747,0.102,-0.614,0.154213,-0.726973,-0.115022,-0.659165,img_246.jpg
32441,1280,720,640.48975,339.145,991.9681,992.7318,-17.853,0.121,-0.611,0.147187,-0.732777,-0.107490,-0.655607,img_247.jpg
32524,1280,720,640.48975,339.145,991.9681,992.7318,-17.927,0.127,-0.604,0.154427,-0.732902,-0.115117,-0.652499,img_248.jpg
32590,1280,720,640.48975,339.145,991.9681,992.7318,-18.004,0.128,-0.594,0.151664,-0.737630,-0.118682,-0.647159,img_249.jpg
32655,1280,720,640.48975,339.145,991.9681,992.7318,-18.074,0.126,-0.581,0.136003,-0.740923,-0.122561,-0.646155,img_250.jpg
32740,1280,720,640.48975,339.145,991.9681,992.7318,-18.203,0.114,-0.560,0.125223,-0.743392,-0.124994,-0.645030,img_251.jpg
32824,1280,720,640.48975,339.145,991.9681,992.7318,-18.287,0.105,-0.548,0.125499,-0.742034,-0.124772,-0.646582,img_252.jpg
32889,1280,720,640.48975,339.145,991.9681,992.7318,-18.363,0.104,-0.535,0.118324,-0.741430,-0.125083,-0.648564,img_253.jpg
32951,1280,720,640.48975,339.145,991.9681,992.7318,-18.437,0.110,-0.521,0.120682,-0.732409,-0.136084,-0.656120,img_254.jpg
33024,1280,720,640.48975,339.145,991.9681,992.7318,-18.511,0.120,-0.512,0.125181,-0.733941,-0.133376,-0.654119,img_255.jpg
33089,1280,720,640.48975,339.145,991.9681,992.7318,-18.573,0.121,-0.506,0.123556,-0.726332,-0.139152,-0.661674,img_256.jpg
33152,1280,720,640.48975,339.145,991.9681,992.7318,-18.640,0.120,-0.501,0.134702,-0.724399,-0.136365,-0.662198,img_257.jpg
33224,1280,720,640.48975,339.145,991.9681,992.7318,-18.708,0.116,-0.495,0.143837,-0.718776,-0.133967,-0.666877,img_258.jpg
33289,1280,720,640.48975,339.145,991.9681,992.7318,-18.781,0.110,-0.488,0.150012,-0.719113,-0.131115,-0.665719,img_259.jpg
33357,1280,720,640.48975,339.145,991.9681,992.7318,-18.871,0.106,-0.479,0.143598,-0.723161,-0.128411,-0.663271,img_260.jpg
33441,1280,720,640.48975,339.145,991.9681,992.7318,-18.987,0.106,-0.471,0.135430,-0.727374,-0.124031,-0.661212,img_261.jpg
33524,1280,720,640.48975,339.145,991.9681,992.7318,-19.068,0.116,-0.467,0.136021,-0.730509,-0.120823,-0.658223,img_262.jpg
33594,1280,720,640.48975,339.145,991.9681,992.7318,-19.146,0.127,-0.464,0.137046,-0.736082,-0.116995,-0.652468,img_263.jpg
33661,1280,720,640.48975,339.145,991.9681,992.7318,-19.219,0.137,-0.457,0.134459,-0.745152,-0.119267,-0.642218,img_264.jpg
33742,1280,720,640.48975,339.145,991.9681,992.7318,-19.295,0.141,-0.447,0.133991,-0.744432,-0.128925,-0.641285,img_265.jpg
33809,1280,720,640.48975,339.145,991.9681,992.7318,-19.408,0.137,-0.432,0.134678,-0.744149,-0.143200,-0.638434,img_266.jpg
33890,1280,720,640.48975,339.145,991.9681,992.7318,-19.484,0.127,-0.422,0.131465,-0.742373,-0.151018,-0.639369,img_267.jpg
33953,1280,720,640.48975,339.145,991.9681,992.7318,-19.562,0.117,-0.412,0.127977,-0.739300,-0.151265,-0.643565,img_268.jpg
34023,1280,720,640.48975,339.145,991.9681,992.7318,-19.649,0.109,-0.403,0.132501,-0.732553,-0.149554,-0.650725,img_269.jpg
34088,1280,720,640.48975,339.145,991.9681,992.7318,-19.729,0.109,-0.393,0.130864,-0.729527,-0.146326,-0.655175,img_270.jpg
34153,1280,720,640.48975,339.145,991.9681,992.7318,-19.813,0.117,-0.388,0.139501,-0.712295,-0.156075,-0.669937,img_271.jpg
34223,1280,720,640.48975,339.145,991.9681,992.7318,-19.883,0.128,-0.389,0.146249,-0.709162,-0.149706,-0.673267,img_272.jpg
34294,1280,720,640.48975,339.145,991.9681,992.7318,-19.952,0.130,-0.388,0.136033,-0.698011,-0.158871,-0.684862,img_273.jpg
34357,1280,720,640.48975,339.145,991.9681,992.7318,-20.024,0.130,-0.394,0.144347,-0.688572,-0.155447,-0.693447,img_274.jpg
34439,1280,720,640.48975,339.145,991.9681,992.7318,-20.135,0.125,-0.406,0.155699,-0.669666,-0.141881,-0.712163,img_275.jpg
34523,1280,720,640.48975,339.145,991.9681,992.7318,-20.213,0.119,-0.417,0.158146,-0.660279,-0.128615,-0.722827,img_276.jpg
34588,1280,720,640.48975,339.145,991.9681,992.7318,-20.295,0.114,-0.428,0.154827,-0.658119,-0.117331,-0.727421,img_277.jpg
34649,1280,720,640.48975,339.145,991.9681,992.7318,-20.389,0.111,-0.434,0.141816,-0.656098,-0.119659,-0.731509,img_278.jpg
34722,1280,720,640.48975,339.145,991.9681,992.7318,-20.474,0.116,-0.442,0.147978,-0.655039,-0.123833,-0.730542,img_279.jpg
34788,1280,720,640.48975,339.145,991.9681,992.7318,-20.549,0.130,-0.454,0.152833,-0.664351,-0.115895,-0.722390,img_280.jpg
34855,1280,720,640.48975,339.145,991.9681,992.7318,-20.621,0.138,-0.464,0.157335,-0.663973,-0.122495,-0.720681,img_281.jpg
34939,1280,720,640.48975,339.145,991.9681,992.7318,-20.730,0.139,-0.473,0.179683,-0.678318,-0.129023,-0.700680,img_282.jpg
35022,1280,720,640.48975,339.145,991.9681,992.7318,-20.801,0.136,-0.475,0.166517,-0.689450,-0.137096,-0.691474,img_283.jpg
35086,1280,720,640.48975,339.145,991.9681,992.7318,-20.879,0.132,-0.476,0.156745,-0.705332,-0.138942,-0.677224,img_284.jpg
35156,1280,720,640.48975,339.145,991.9681,992.7318,-20.948,0.129,-0.477,0.140224,-0.715820,-0.135896,-0.670426,img_285.jpg
35239,1280,720,640.48975,339.145,991.9681,992.7318,-21.073,0.127,-0.482,0.121988,-0.729769,-0.126282,-0.660764,img_286.jpg
35322,1280,720,640.48975,339.145,991.9681,992.7318,-21.156,0.127,-0.490,0.129382,-0.716053,-0.138300,-0.671864,img_287.jpg
35389,1280,720,640.48975,339.145,991.9681,992.7318,-21.233,0.131,-0.500,0.150932,-0.718401,-0.137889,-0.664910,img_288.jpg
35460,1280,720,640.48975,339.145,991.9681,992.7318,-21.298,0.136,-0.507,0.138796,-0.718366,-0.145392,-0.665994,img_289.jpg
35534,1280,720,640.48975,339.145,991.9681,992.7318,-21.387,0.136,-0.523,0.143709,-0.720771,-0.141575,-0.663169,img_290.jpg
35622,1280,720,640.48975,339.145,991.9681,992.7318,-21.454,0.133,-0.539,0.146139,-0.719326,-0.136679,-0.665231,img_291.jpg
35707,1280,720,640.48975,339.145,991.9681,992.7318,-21.568,0.131,-0.560,0.126790,-0.732417,-0.129862,-0.656220,img_292.jpg
35788,1280,720,640.48975,339.145,991.9681,992.7318,-21.643,0.136,-0.571,0.097820,-0.754562,-0.126009,-0.636545,img_293.jpg
35855,1280,720,640.48975,339.145,991.9681,992.7318,-21.728,0.146,-0.579,0.082026,-0.770746,-0.127687,-0.618804,img_294.jpg
35926,1280,720,640.48975,339.145,991.9681,992.7318,-21.808,0.162,-0.592,0.076069,-0.777444,-0.133237,-0.609952,img_295.jpg
36005,1280,720,640.48975,339.145,991.9681,992.7318,-21.918,0.183,-0.606,0.072043,-0.796537,-0.127909,-0.586496,img_296.jpg
36088,1280,720,640.48975,339.145,991.9681,992.7318,-21.992,0.189,-0.613,0.078414,-0.799195,-0.132588,-0.580998,img_297.jpg
36157,1280,720,640.48975,339.145,991.9681,992.7318,-22.066,0.193,-0.618,0.089543,-0.809738,-0.133490,-0.564346,img_298.jpg
36231,1280,720,640.48975,339.145,991.9681,992.7318,-22.143,0.186,-0.621,0.083522,-0.813892,-0.139324,-0.557847,img_299.jpg
36299,1280,720,640.48975,339.145,991.9681,992.7318,-22.228,0.178,-0.618,0.076439,-0.817732,-0.141986,-0.552550,img_300.jpg
36372,1280,720,640.48975,339.145,991.9681,992.7318,-22.347,0.166,-0.613,0.062898,-0.824903,-0.144974,-0.542735,img_301.jpg
36456,1280,720,640.48975,339.145,991.9681,992.7318,-22.414,0.164,-0.609,0.066868,-0.839744,-0.150706,-0.517345,img_302.jpg
36529,1280,720,640.48975,339.145,991.9681,992.7318,-22.489,0.173,-0.597,0.070641,-0.843506,-0.161078,-0.507505,img_303.jpg
36622,1280,720,640.48975,339.145,991.9681,992.7318,-22.587,0.187,-0.581,-0.060601,0.862390,0.157090,0.477424,img_304.jpg
36700,1280,720,640.48975,339.145,991.9681,992.7318,-22.651,0.188,-0.574,-0.061740,0.869640,0.155148,0.464590,img_305.jpg
36774,1280,720,640.48975,339.145,991.9681,992.7318,-22.762,0.187,-0.558,-0.068084,0.880221,0.144709,0.446806,img_306.jpg
36855,1280,720,640.48975,339.145,991.9681,992.7318,-22.838,0.185,-0.547,-0.065313,0.889706,0.136703,0.430662,img_307.jpg
36938,1280,720,640.48975,339.145,991.9681,992.7318,-22.957,0.179,-0.531,-0.043479,0.901186,0.135041,0.409558,img_308.jpg
37021,1280,720,640.48975,339.145,991.9681,992.7318,-23.037,0.182,-0.520,-0.040249,0.908386,0.137968,0.392658,img_309.jpg
37095,1280,720,640.48975,339.145,991.9681,992.7318,-23.114,0.190,-0.505,-0.046444,0.910115,0.152206,0.382580,img_310.jpg
37171,1280,720,640.48975,339.145,991.9681,992.7318,-23.217,0.203,-0.478,-0.038398,0.920104,0.161160,0.354910,img_311.jpg
37256,1280,720,640.48975,339.145,991.9681,992.7318,-23.283,0.205,-0.457,-0.038751,0.922483,0.174170,0.342326,img_312.jpg
37328,1280,720,640.48975,339.145,991.9681,992.7318,-23.335,0.204,-0.431,-0.038230,0.927997,0.181675,0.323038,img_313.jpg
37407,1280,720,640.48975,339.145,991.9681,992.7318,-23.421,0.197,-0.386,-0.020390,0.935980,0.183680,0.299645,img_314.jpg
37504,1280,720,640.48975,339.145,991.9681,992.7318,-23.490,0.189,-0.335,-0.012589,0.941871,0.178055,0.284635,img_315.jpg
37587,1280,720,640.48975,339.145,991.9681,992.7318,-23.545,0.186,-0.296,0.003118,0.943579,0.176585,0.280119,img_316.jpg
37658,1280,720,640.48975,339.145,991.9681,992.7318,-23.585,0.187,-0.256,0.019103,0.942794,0.186577,0.275614,img_317.jpg
37732,1280,720,640.48975,339.145,991.9681,992.7318,-23.640,0.194,-0.211,0.024018,0.943123,0.196670,0.266952,img_318.jpg
37806,1280,720,640.48975,339.145,991.9681,992.7318,-23.704,0.205,-0.140,0.034812,0.952069,0.193676,0.234183,img_319.jpg
37886,1280,720,640.48975,339.145,991.9681,992.7318,-23.745,0.211,-0.083,0.024111,0.957550,0.194510,0.211384,img_320.jpg
37956,1280,720,640.48975,339.145,991.9681,992.7318,-23.797,0.214,-0.021,0.014019,0.963888,0.188652,0.187441,img_321.jpg
38032,1280,720,640.48975,339.145,991.9681,992.7318,-23.821,0.216,0.041,0.021226,0.968792,0.179962,0.169129,img_322.jpg
38114,1280,720,640.48975,339.145,991.9681,992.7318,-23.891,0.215,0.144,0.029564,0.974115,0.176254,0.138423,img_323.jpg
38204,1280,720,640.48975,339.145,991.9681,992.7318,-23.943,0.222,0.245,0.033292,0.979662,0.167622,0.105153,img_324.jpg
38287,1280,720,640.48975,339.145,991.9681,992.7318,-23.975,0.233,0.313,0.032042,0.980236,0.170347,0.095351,img_325.jpg
38361,1280,720,640.48975,339.145,991.9681,992.7318,-24.002,0.246,0.380,0.031269,0.982493,0.161679,0.087123,img_326.jpg
38435,1280,720,640.48975,339.145,991.9681,992.7318,-24.037,0.261,0.486,0.008152,0.983838,0.165654,0.067500,img_327.jpg
38520,1280,720,640.48975,339.145,991.9681,992.7318,-24.050,0.266,0.552,0.012443,0.984059,0.165563,0.063733,img_328.jpg
38599,1280,720,640.48975,339.145,991.9681,992.7318,-24.063,0.265,0.624,0.009162,0.983881,0.168482,0.059232,img_329.jpg
38674,1280,720,640.48975,339.145,991.9681,992.7318,-24.082,0.261,0.734,0.008431,0.985149,0.161725,0.057065,img_330.jpg
38771,1280,720,640.48975,339.145,991.9681,992.7318,-24.090,0.260,0.847,0.006748,0.986065,0.156507,0.056005,img_331.jpg
38855,1280,720,640.48975,339.145,991.9681,992.7318,-24.088,0.264,0.918,0.012805,0.985695,0.157987,0.057292,img_332.jpg
38930,1280,720,640.48975,339.145,991.9681,992.7318,-24.094,0.272,0.987,0.006524,0.984023,0.166470,0.062809,img_333.jpg
39007,1280,720,640.48975,339.145,991.9681,992.7318,-24.103,0.284,1.085,0.001293,0.984499,0.162971,0.064804,img_334.jpg
39086,1280,720,640.48975,339.145,991.9681,992.7318,-24.110,0.286,1.152,0.000710,0.983303,0.168781,0.068026,img_335.jpg
39173,1280,720,640.48975,339.145,991.9681,992.7318,-24.124,0.286,1.256,-0.009463,0.982515,0.171792,0.071150,img_336.jpg
39254,1280,720,640.48975,339.145,991.9681,992.7318,-24.138,0.282,1.331,-0.013142,0.982738,0.171256,0.068736,img_337.jpg
39328,1280,720,640.48975,339.145,991.9681,992.7318,-24.153,0.274,1.410,-0.015027,0.983940,0.168076,0.058197,img_338.jpg
39406,1280,720,640.48975,339.145,991.9681,992.7318,-24.171,0.279,1.529,-0.016003,0.984921,0.167352,0.040830,img_339.jpg
39486,1280,720,640.48975,339.145,991.9681,992.7318,-24.181,0.289,1.605,-0.017051,0.983617,0.176586,0.032023,img_340.jpg
39555,1280,720,640.48975,339.145,991.9681,992.7318,-24.191,0.300,1.681,-0.017420,0.984381,0.174184,0.018702,img_341.jpg
39636,1280,720,640.48975,339.145,991.9681,992.7318,-24.199,0.312,1.788,-0.022069,0.982068,0.187203,0.003135,img_342.jpg
39720,1280,720,640.48975,339.145,991.9681,992.7318,-24.202,0.314,1.863,-0.015721,0.981258,0.191895,-0.007835,img_343.jpg
39800,1280,720,640.48975,339.145,991.9681,992.7318,-24.209,0.308,1.985,-0.006517,0.980134,0.196956,-0.022452,img_344.jpg
39885,1280,720,640.48975,339.145,991.9681,992.7318,-24.212,0.300,2.060,-0.005261,0.980029,0.196552,-0.029716,img_345.jpg
39961,1280,720,640.48975,339.145,991.9681,992.7318,-24.215,0.298,2.140,-0.001781,0.980220,0.196157,-0.026225,img_346.jpg
40041,1280,720,640.48975,339.145,991.9681,992.7318,-24.218,0.302,2.263,0.007067,0.981113,0.192811,-0.013865,img_347.jpg
40120,1280,720,640.48975,339.145,991.9681,992.7318,-24.222,0.314,2.339,0.008586,0.981694,0.190259,0.002168,img_348.jpg
40202,1280,720,640.48975,339.145,991.9681,992.7318,-24.233,0.332,2.442,0.007833,0.981864,0.188219,0.021323,img_349.jpg
40286,1280,720,640.48975,339.145,991.9681,992.7318,-24.241,0.340,2.505,-0.000414,0.982586,0.183481,0.029310,img_350.jpg
40355,1280,720,640.48975,339.145,991.9681,992.7318,-24.250,0.342,2.574,-0.014233,0.980676,0.190448,0.042446,img_351.jpg
40425,1280,720,640.48975,339.145,991.9681,992.7318,-24.258,0.344,2.655,-0.029583,0.980567,0.188437,0.045886,img_352.jpg
40504,1280,720,640.48975,339.145,991.9681,992.7318,-24.274,0.346,2.780,-0.047773,0.981729,0.175534,0.055795,img_353.jpg
40586,1280,720,640.48975,339.145,991.9681,992.7318,-24.288,0.353,2.857,-0.055733,0.981805,0.169466,0.065075,img_354.jpg
40655,1280,720,640.48975,339.145,991.9681,992.7318,-24.304,0.366,2.933,-0.056498,0.980884,0.163919,0.088349,img_355.jpg
40736,1280,720,640.48975,339.145,991.9681,992.7318,-24.323,0.382,2.999,-0.053416,0.981087,0.145827,0.115543,img_356.jpg
40801,1280,720,640.48975,339.145,991.9681,992.7318,-24.352,0.397,3.102,-0.056856,0.975725,0.154132,0.144815,img_357.jpg
40887,1280,720,640.48975,339.145,991.9681,992.7318,-24.368,0.403,3.170,-0.051609,0.972937,0.156673,0.161815,img_358.jpg
40964,1280,720,640.48975,339.145,991.9681,992.7318,-24.385,0.404,3.244,-0.047894,0.969970,0.157887,0.178706,img_359.jpg
41044,1280,720,640.48975,339.145,991.9681,992.7318,-24.417,0.399,3.352,-0.048928,0.964255,0.153337,0.210489,img_360.jpg
41137,1280,720,640.48975,339.145,991.9681,992.7318,-24.453,0.395,3.463,-0.058827,0.956216,0.147594,0.245778,img_361.jpg
41219,1280,720,640.48975,339.145,991.9681,992.7318,-24.479,0.397,3.531,-0.059362,0.949185,0.144093,0.273425,img_362.jpg
41301,1280,720,640.48975,339.145,991.9681,992.7318,-24.519,0.409,3.623,-0.073572,0.934551,0.165265,0.306412,img_363.jpg
41385,1280,720,640.48975,339.145,991.9681,992.7318,-24.548,0.418,3.665,-0.057511,0.924501,0.156061,0.342980,img_364.jpg
41461,1280,720,640.48975,339.145,991.9681,992.7318,-24.585,0.423,3.713,-0.070684,0.911874,0.157478,0.372411,img_365.jpg
41541,1280,720,640.48975,339.145,991.9681,992.7318,-24.644,0.429,3.759,-0.088293,0.890699,0.144982,0.421710,img_366.jpg
41636,1280,720,640.48975,339.145,991.9681,992.7318,-24.709,0.430,3.812,-0.099853,0.872066,0.132915,0.460287,img_367.jpg
41721,1280,720,640.48975,339.145,991.9681,992.7318,-24.756,0.428,3.849,0.102787,-0.862292,-0.123361,-0.480281,img_368.jpg
41796,1280,720,640.48975,339.145,991.9681,992.7318,-24.827,0.432,3.904,0.117740,-0.840841,-0.122140,-0.514009,img_369.jpg
41885,1280,720,640.48975,339.145,991.9681,992.7318,-24.870,0.439,3.916,0.125326,-0.821479,-0.118615,-0.543504,img_370.jpg
41961,1280,720,640.48975,339.145,991.9681,992.7318,-24.909,0.446,3.934,0.131791,-0.806927,-0.105848,-0.565947,img_371.jpg
42041,1280,720,640.48975,339.145,991.9681,992.7318,-24.964,0.461,3.967,0.137520,-0.779831,-0.107809,-0.601106,img_372.jpg
42118,1280,720,640.48975,339.145,991.9681,992.7318,-24.995,0.470,3.986,0.130942,-0.765384,-0.101719,-0.621849,img_373.jpg
42196,1280,720,640.48975,339.145,991.9681,992.7318,-25.027,0.477,4.005,0.120772,-0.746486,-0.093942,-0.647571,img_374.jpg
42288,1280,720,640.48975,339.145,991.9681,992.7318,-25.078,0.478,4.026,0.123188,-0.707756,-0.081462,-0.690848,img_375.jpg
42363,1280,720,640.48975,339.145,991.9681,992.7318,-25.110,0.479,4.032,0.133927,-0.676485,-0.079355,-0.719816,img_376.jpg
42443,1280,720,640.48975,339.145,991.9681,992.7318,-25.151,0.492,4.053,0.123733,-0.631766,-0.062685,-0.762649,img_377.jpg
42538,1280,720,640.48975,339.145,991.9681,992.7318,-25.199,0.514,4.062,0.139536,-0.574268,-0.050764,-0.805089,img_378.jpg
42618,1280,720,640.48975,339.145,991.9681,992.7318,-25.222,0.530,4.061,0.124922,-0.537057,-0.030866,-0.833673,img_379.jpg
42700,1280,720,640.48975,339.145,991.9681,992.7318,-25.243,0.533,4.053,0.127685,-0.492523,-0.027969,-0.860428,img_380.jpg
42776,1280,720,640.48975,339.145,991.9681,992.7318,-25.258,0.529,4.024,0.146032,-0.425706,-0.027867,-0.892565,img_381.jpg
42869,1280,720,640.48975,339.145,991.9681,992.7318,-25.287,0.527,3.993,0.140608,-0.372871,-0.025899,-0.916802,img_382.jpg
42953,1280,720,640.48975,339.145,991.9681,992.7318,-25.314,0.528,3.972,0.137218,-0.344061,-0.016593,-0.928718,img_383.jpg
43027,1280,720,640.48975,339.145,991.9681,992.7318,-25.330,0.532,3.949,0.134240,-0.305520,-0.013870,-0.942573,img_384.jpg
43103,1280,720,640.48975,339.145,991.9681,992.7318,-25.344,0.540,3.920,0.115894,-0.264238,-0.002250,-0.957466,img_385.jpg
43184,1280,720,640.48975,339.145,991.9681,992.7318,-25.355,0.539,3.900,0.106341,-0.233721,-0.007299,-0.966443,img_386.jpg
43259,1280,720,640.48975,339.145,991.9681,992.7318,-25.366,0.543,3.884,0.112549,-0.203268,-0.001597,-0.972632,img_387.jpg
43335,1280,720,640.48975,339.145,991.9681,992.7318,-25.384,0.544,3.851,0.140471,-0.165409,0.009051,-0.976128,img_388.jpg
43417,1280,720,640.48975,339.145,991.9681,992.7318,-25.398,0.544,3.826,0.132373,-0.138622,0.004057,-0.981450,img_389.jpg
43487,1280,720,640.48975,339.145,991.9681,992.7318,-25.412,0.544,3.801,0.140571,-0.116730,0.006286,-0.983145,img_390.jpg
43559,1280,720,640.48975,339.145,991.9681,992.7318,-25.423,0.544,3.780,0.142142,-0.094052,0.008755,-0.985329,img_391.jpg
43640,1280,720,640.48975,339.145,991.9681,992.7318,-25.444,0.543,3.752,0.144368,-0.067540,0.010496,-0.987161,img_392.jpg
43718,1280,720,640.48975,339.145,991.9681,992.7318,-25.459,0.545,3.737,0.131463,-0.050175,0.006032,-0.990032,img_393.jpg
43804,1280,720,640.48975,339.145,991.9681,992.7318,-25.482,0.551,3.716,0.123229,-0.029108,0.002493,-0.991948,img_394.jpg,marker_13.jpg,0.25915328,0.25915328,-25.492,0.454,3.159,-0.695789,0.018846,-0.007850,-0.007850
43885,1280,720,640.48975,339.145,991.9681,992.7318,-25.494,0.555,3.703,0.123421,-0.009759,-0.003242,-0.992301,img_395.jpg
43967,1280,720,640.48975,339.145,991.9681,992.7318,-25.501,0.563,3.686,0.121419,0.012862,0.004804,-0.992506,img_396.jpg
44051,1280,720,640.48975,339.145,991.9681,992.7318,-25.507,0.565,3.677,0.118984,0.025200,0.006793,-0.992553,img_397.jpg
44122,1280,720,640.48975,339.145,991.9681,992.7318,-25.510,0.568,3.673,0.116432,0.033148,0.007634,-0.992616,img_398.jpg
44199,1280,720,640.48975,339.145,991.9681,992.7318,-25.509,0.572,3.665,0.110709,0.038576,0.007723,-0.993074,img_399.jpg
44284,1280,720,640.48975,339.145,991.9681,992.7318,-25.511,0.573,3.656,0.112632,0.042549,0.004027,-0.992717,img_400.jpg,marker_13.jpg,0.2650233,0.2650233,-25.503,0.447,3.145,-0.680535,0.002229,0.016452,0.016452
44356,1280,720,640.48975,339.145,991.9681,992.7318,-25.510,0.572,3.653,0.112658,0.045509,0.002999,-0.992587,img_401.jpg
44437,1280,720,640.48975,339.145,991.9681,992.7318,-25.506,0.568,3.653,0.113832,0.057123,0.001228,-0.991856,img_402.jpg
44518,1280,720,640.48975,339.145,991.9681,992.7318,-25.499,0.564,3.654,0.124084,0.055062,0.009609,-0.990696,img_403.jpg
44593,1280,720,640.48975,339.145,991.9681,992.7318,-25.487,0.561,3.662,0.132910,0.052042,0.017918,-0.989599,img_404.jpg
44665,1280,720,640.48975,339.145,991.9681,992.7318,-25.461,0.559,3.684,0.131335,0.042915,0.027526,-0.990026,img_405.jpg
44752,1280,720,640.48975,339.145,991.9681,992.7318,-25.434,0.557,3.704,0.127147,0.044043,0.034084,-0.990319,img_406.jpg
44820,1280,720,640.48975,339.145,991.9681,992.7318,-25.400,0.553,3.724,0.129114,0.048602,0.041695,-0.989560,img_407.jpg
44885,1280,720,640.48975,339.145,991.9681,992.7318,-25.359,0.548,3.746,0.132746,0.058552,0.048254,-0.988242,img_408.jpg
44954,1280,720,640.48975,339.145,991.9681,992.7318,-25.310,0.542,3.769,0.138305,0.071638,0.056893,-0.986156,img_409.jpg
45034,1280,720,640.48975,339.145,991.9681,992.7318,-25.233,0.532,3.803,0.146318,0.091531,0.062126,-0.983033,img_410.jpg
45117,1280,720,640.48975,339.145,991.9681,992.7318,-25.186,0.525,3.820,0.166121,0.110455,0.056642,-0.978261,img_411.jpg
45200,1280,720,640.48975,339.145,991.9681,992.7318,-25.120,0.516,3.842,0.185757,0.134920,0.059352,-0.971477,img_412.jpg
45266,1280,720,640.48975,339.145,991.9681,992.7318,-25.099,0.513,3.847,0.189509,0.144294,0.059062,-0.969421,img_413.jpg
45334,1280,720,640.48975,339.145,991.9681,992.7318,-25.040,0.507,3.855,0.189394,0.163376,0.055628,-0.966615,img_414.jpg
45416,1280,720,640.48975,339.145,991.9681,992.7318,-25.002,0.500,3.853,0.188554,0.175932,0.058179,-0.964423,img_415.jpg
45500,1280,720,640.48975,339.145,991.9681,992.7318,-24.959,0.491,3.843,0.192341,0.188665,0.063495,-0.960926,img_416.jpg
45570,1280,720,640.48975,339.145,991.9681,992.7318,-24.890,0.476,3.817,0.199390,0.202969,0.061342,-0.956705,img_417.jpg
45651,1280,720,640.48975,339.145,991.9681,992.7318,-24.842,0.466,3.791,0.206870,0.211543,0.055239,-0.953626,img_418.jpg
45725,1280,720,640.48975,339.145,991.9681,992.7318,-24.769,0.456,3.743,0.211003,0.221948,0.035775,-0.951282,img_419.jpg
45816,1280,720,640.48975,339.145,991.9681,992.7318,-24.722,0.454,3.709,0.219867,0.212799,0.042528,-0.951087,img_420.jpg
45888,1280,720,640.48975,339.145,991.9681,992.7318,-24.668,0.456,3.676,0.230804,0.198774,0.074974,-0.949525,img_421.jpg
45961,1280,720,640.48975,339.145,991.9681,992.7318,-24.609,0.451,3.620,0.231436,0.197998,0.055538,-0.950868,img_422.jpg
46051,1280,720,640.48975,339.145,991.9681,992.7318,-24.570,0.445,3.578,0.236221,0.186798,0.059349,-0.951727,img_423.jpg
46125,1280,720,640.48975,339.145,991.9681,992.7318,-24.511,0.433,3.509,0.237222,0.172056,0.065545,-0.953848,img_424.jpg
46233,1280,720,640.48975,339.145,991.9681,992.7318,-24.449,0.414,3.431,0.245235,0.151926,0.063537,-0.955375,img_425.jpg
46316,1280,720,640.48975,339.145,991.9681,992.7318,-24.411,0.399,3.374,0.242319,0.145975,0.045676,-0.958064,img_426.jpg
46393,1280,720,640.48975,339.145,991.9681,992.7318,-24.372,0.395,3.322,0.233627,0.142566,0.028505,-0.961395,img_427.jpg
46483,1280,720,640.48975,339.145,991.9681,992.7318,-24.319,0.395,3.238,0.225497,0.114662,0.027305,-0.967087,img_428.jpg
46555,1280,720,640.48975,339.145,991.9681,992.7318,-24.288,0.399,3.179,0.225032,0.099654,0.030023,-0.968777,img_429.jpg
46634,1280,720,640.48975,339.145,991.9681,992.7318,-24.263,0.400,3.091,0.224395,0.068751,0.023410,-0.971788,img_430.jpg
46733,1280,720,640.48975,339.145,991.9681,992.7318,-24.238,0.394,3.000,0.234802,0.050816,0.020771,-0.970492,img_431.jpg
46816,1280,720,640.48975,339.145,991.9681,992.7318,-24.220,0.383,2.935,0.237596,0.033658,0.013415,-0.970688,img_432.jpg
46895,1280,720,640.48975,339.145,991.9681,992.7318,-24.201,0.366,2.842,0.233493,0.013702,-0.009251,-0.972218,img_433.jpg
46982,1280,720,640.48975,339.145,991.9681,992.7318,-24.193,0.351,2.774,0.235758,0.006720,-0.014172,-0.971685,img_434.jpg
47077,1280,720,640.48975,339.145,991.9681,992.7318,-24.184,0.336,2.668,0.235637,0.001058,-0.037723,-0.971108,img_435.jpg
47170,1280,720,640.48975,339.145,991.9681,992.7318,-24.165,0.332,2.554,0.258051,0.009634,-0.038597,-0.965312,img_436.jpg
47251,1280,720,640.48975,339.145,991.9681,992.7318,-24.156,0.337,2.487,0.247152,0.006779,-0.029022,-0.968518,img_437.jpg
47332,1280,720,640.48975,339.145,991.9681,992.7318,-24.144,0.340,2.389,0.231350,0.022260,-0.029461,-0.972170,img_438.jpg
47415,1280,720,640.48975,339.145,991.9681,992.7318,-24.132,0.338,2.317,0.219144,0.035576,-0.022507,-0.974784,img_439.jpg
47493,1280,720,640.48975,339.145,991.9681,992.7318,-24.116,0.327,2.202,0.213693,0.045992,-0.012235,-0.975741,img_440.jpg
47582,1280,720,640.48975,339.145,991.9681,992.7318,-24.103,0.320,2.127,0.203597,0.055247,-0.007951,-0.977462,img_441.jpg
47653,1280,720,640.48975,339.145,991.9681,992.7318,-24.090,0.314,2.048,0.198461,0.059684,0.001102,-0.978289,img_442.jpg
47732,1280,720,640.48975,339.145,991.9681,992.7318,-24.078,0.313,1.973,0.196087,0.057226,0.009726,-0.978867,img_443.jpg
47810,1280,720,640.48975,339.145,991.9681,992.7318,-24.060,0.312,1.861,0.199368,0.083029,0.010098,-0.976349,img_444.jpg
47899,1280,720,640.48975,339.145,991.9681,992.7318,-24.049,0.306,1.754,0.210245,0.084152,0.024104,-0.973722,img_445.jpg
47981,1280,720,640.48975,339.145,991.9681,992.7318,-24.046,0.300,1.684,0.221388,0.089013,0.023794,-0.970823,img_446.jpg
48058,1280,720,640.48975,339.145,991.9681,992.7318,-24.044,0.293,1.614,0.223856,0.096860,0.016733,-0.969653,img_447.jpg
48135,1280,720,640.48975,339.145,991.9681,992.7318,-24.038,0.273,1.512,0.223016,0.107559,0.017126,-0.968711,img_448.jpg
48232,1280,720,640.48975,339.145,991.9681,992.7318,-24.032,0.252,1.409,0.223853,0.129108,0.027078,-0.965654,img_449.jpg
48315,1280,720,640.48975,339.145,991.9681,992.7318,-24.030,0.245,1.347,0.218086,0.145339,0.024910,-0.964725,img_450.jpg
48387,1280,720,640.48975,339.145,991.9681,992.7318,-24.026,0.244,1.276,0.233629,0.168295,0.020106,-0.957439,img_451.jpg
48464,1280,720,640.48975,339.145,991.9681,992.7318,-24.016,0.253,1.205,0.226184,0.178741,0.028250,-0.957128,img_452.jpg
48551,1280,720,640.48975,339.145,991.9681,992.7318,-23.995,0.252,1.114,0.216278,0.222265,0.024216,-0.950387,img_453.jpg
48629,1280,720,640.48975,339.145,991.9681,992.7318,-23.957,0.241,1.022,0.219943,0.261821,0.048619,-0.938462,img_454.jpg
48715,1280,720,640.48975,339.145,991.9681,992.7318,-23.929,0.228,0.960,0.211031,0.286953,0.051073,-0.933014,img_455.jpg
48792,1280,720,640.48975,339.145,991.9681,992.7318,-23.880,0.204,0.848,0.188912,0.339222,0.053710,-0.919976,img_456.jpg
48881,1280,720,640.48975,339.145,991.9681,992.7318,-23.839,0.193,0.797,0.184370,0.379340,0.055696,-0.904990,img_457.jpg
48965,1280,720,640.48975,339.145,991.9681,992.7318,-23.774,0.190,0.716,0.190515,0.423462,0.072045,-0.882720,img_458.jpg
49049,1280,720,640.48975,339.145,991.9681,992.7318,-23.733,0.189,0.669,0.179748,0.451991,0.070958,-0.870839,img_459.jpg
49132,1280,720,640.48975,339.145,991.9681,992.7318,-23.671,0.180,0.606,0.198569,0.501607,0.084217,-0.837776,img_460.jpg
49231,1280,720,640.48975,339.145,991.9681,992.7318,-23.610,0.174,0.543,0.206173,0.545979,0.091764,-0.806833,img_461.jpg
49317,1280,720,640.48975,339.145,991.9681,992.7318,-23.570,0.172,0.510,0.205575,0.564942,0.094245,-0.793535,img_462.jpg
49392,1280,720,640.48975,339.145,991.9681,992.7318,-23.530,0.164,0.472,0.201819,0.579831,0.097201,-0.783337,img_463.jpg
49463,1280,720,640.48975,339.145,991.9681,992.7318,-23.477,0.162,0.410,0.181234,0.608096,0.089105,-0.767746,img_464.jpg
49548,1280,720,640.48975,339.145,991.9681,992.7318,-23.439,0.164,0.372,0.172102,0.634522,0.084683,-0.748727,img_465.jpg
49634,1280,720,640.48975,339.145,991.9681,992.7318,-23.384,0.172,0.325,0.175041,0.655045,0.110341,-0.726706,img_466.jpg
49739,1280,720,640.48975,339.145,991.9681,992.7318,-23.332,0.179,0.282,0.173713,0.674983,0.105338,-0.709313,img_467.jpg
49813,1280,720,640.48975,339.145,991.9681,992.7318,-23.289,0.177,0.262,0.166462,0.685363,0.109787,-0.700367,img_468.jpg
49890,1280,720,640.48975,339.145,991.9681,992.7318,-23.203,0.165,0.239,0.154663,0.698220,0.112120,-0.689926,img_469.jpg
49979,1280,720,640.48975,339.145,991.9681,992.7318,-23.143,0.154,0.224,0.147964,0.703015,0.112332,-0.686482,img_470.jpg
50052,1280,720,640.48975,339.145,991.9681,992.7318,-23.084,0.150,0.218,0.137380,0.707072,0.103835,-0.685853,img_471.jpg
50125,1280,720,640.48975,339.145,991.9681,992.7318,-23.015,0.152,0.211,0.128438,0.709267,0.107004,-0.684832,img_472.jpg
50214,1280,720,640.48975,339.145,991.9681,992.7318,-22.913,0.162,0.203,0.118499,0.707106,0.140138,-0.682876,img_473.jpg
50299,1280,720,640.48975,339.145,991.9681,992.7318,-22.846,0.165,0.187,0.116984,0.708372,0.132780,-0.683295,img_474.jpg
50371,1280,720,640.48975,339.145,991.9681,992.7318,-22.760,0.166,0.176,0.127510,0.714913,0.129458,-0.675190,img_475.jpg
50448,1280,720,640.48975,339.145,991.9681,992.7318,-22.700,0.166,0.167,0.132325,0.716264,0.125185,-0.673636,img_476.jpg
50526,1280,720,640.48975,339.145,991.9681,992.7318,-22.605,0.154,0.158,0.143824,0.714460,0.116771,-0.674704,img_477.jpg
50614,1280,720,640.48975,339.145,991.9681,992.7318,-22.543,0.148,0.149,0.145725,0.714241,0.105487,-0.676385,img_478.jpg
50692,1280,720,640.48975,339.145,991.9681,992.7318,-22.436,0.140,0.136,0.141224,0.712578,0.092212,-0.681018,img_479.jpg
50779,1280,720,640.48975,339.145,991.9681,992.7318,-22.363,0.137,0.129,0.144666,0.711366,0.090089,-0.681847,img_480.jpg
50852,1280,720,640.48975,339.145,991.9681,992.7318,-22.290,0.141,0.124,0.159043,0.713265,0.103502,-0.674719,img_481.jpg
50926,1280,720,640.48975,339.145,991.9681,992.7318,-22.231,0.146,0.126,0.156507,0.716378,0.107594,-0.671366,img_482.jpg
51013,1280,720,640.48975,339.145,991.9681,992.7318,-22.121,0.145,0.127,0.162308,0.724499,0.115530,-0.659856,img_483.jpg
51096,1280,720,640.48975,339.145,991.9681,992.7318,-22.009,0.137,0.135,0.159977,0.732269,0.123424,-0.650350,img_484.jpg
51180,1280,720,640.48975,339.145,991.9681,992.7318,-21.947,0.130,0.146,0.154506,0.733293,0.123426,-0.650519,img_485.jpg
51260,1280,720,640.48975,339.145,991.9681,992.7318,-21.828,0.111,0.159,0.151558,0.731478,0.115065,-0.654775,img_486.jpg
51348,1280,720,640.48975,339.145,991.9681,992.7318,-21.720,0.097,0.157,0.159982,0.733164,0.112062,-0.651398,img_487.jpg
51425,1280,720,640.48975,339.145,991.9681,992.7318,-21.602,0.098,0.166,0.167200,0.737527,0.103114,-0.646116,img_488.jpg
51512,1280,720,640.48975,339.145,991.9681,992.7318,-21.527,0.107,0.171,0.170303,0.751599,0.055853,-0.634804,img_489.jpg
51596,1280,720,640.48975,339.145,991.9681,992.7318,-21.406,0.114,0.176,0.182743,0.743063,0.085098,-0.638139,img_490.jpg
51680,1280,720,640.48975,339.145,991.9681,992.7318,-21.324,0.109,0.173,0.189242,0.735318,0.078388,-0.646027,img_491.jpg
51761,1280,720,640.48975,339.145,991.9681,992.7318,-21.208,0.093,0.161,0.200744,0.716814,0.084073,-0.662429,img_492.jpg
51847,1280,720,640.48975,339.145,991.9681,992.7318,-21.128,0.080,0.151,0.196128,0.715694,0.072244,-0.666405,img_493.jpg
51923,1280,720,640.48975,339.145,991.9681,992.7318,-21.011,0.074,0.136,0.190290,0.729184,0.054243,-0.655087,img_494.jpg
52013,1280,720,640.48975,339.145,991.9681,992.7318,-20.928,0.078,0.125,0.192107,0.733199,0.054851,-0.650004,img_495.jpg
52103,1280,720,640.48975,339.145,991.9681,992.7318,-20.818,0.088,0.115,0.188355,0.738121,0.067419,-0.644325,img_496.jpg
52197,1280,720,640.48975,339.145,991.9681,992.7318,-20.716,0.090,0.109,0.188488,0.739832,0.078229,-0.641094,img_497.jpg
52297,1280,720,640.48975,339.145,991.9681,992.7318,-20.613,0.085,0.112,0.187274,0.743691,0.097042,-0.634377,img_498.jpg
52380,1280,720,640.48975,339.145,991.9681,992.7318,-20.533,0.077,0.113,0.180444,0.743926,0.099389,-0.635717,img_499.jpg
52458,1280,720,640.48975,339.145,991.9681,992.7318,-20.442,0.070,0.109,0.170423,0.744122,0.088125,-0.639901,img_500.jpg
52549,1280,720,640.48975,339.145,991.9681,992.7318,-20.306,0.070,0.114,0.161719,0.747471,0.077504,-0.639630,img_501.jpg
52620,1280,720,640.48975,339.145,991.9681,992.7318,-20.214,0.074,0.119,0.173375,0.758013,0.091060,-0.622146,img_502.jpg
52696,1280,720,640.48975,339.145,991.9681,992.7318,-20.136,0.080,0.125,0.169840,0.759779,0.092329,-0.620779,img_503.jpg
52768,1280,720,640.48975,339.145,991.9681,992.7318,-20.023,0.091,0.124,0.173898,0.759230,0.090785,-0.620554,img_504.jpg
52847,1280,720,640.48975,339.145,991.9681,992.7318,-19.933,0.088,0.127,0.173407,0.754117,0.094005,-0.626419,img_505.jpg
52918,1280,720,640.48975,339.145,991.9681,992.7318,-19.858,0.084,0.123,0.175163,0.748482,0.094231,-0.632624,img_506.jpg
52997,1280,720,640.48975,339.145,991.9681,992.7318,-19.735,0.068,0.119,0.170571,0.746172,0.082639,-0.638203,img_507.jpg
53080,1280,720,640.48975,339.145,991.9681,992.7318,-19.658,0.062,0.114,0.162909,0.743756,0.085331,-0.642655,img_508.jpg
53151,1280,720,640.48975,339.145,991.9681,992.7318,-19.575,0.060,0.110,0.158137,0.739356,0.089263,-0.648365,img_509.jpg
53223,1280,720,640.48975,339.145,991.9681,992.7318,-19.460,0.074,0.102,0.156171,0.743633,0.087338,-0.644199,img_510.jpg
53312,1280,720,640.48975,339.145,991.9681,992.7318,-19.400,0.087,0.101,0.153800,0.746478,0.068510,-0.643756,img_511.jpg
53398,1280,720,640.48975,339.145,991.9681,992.7318,-19.295,0.089,0.107,0.152681,0.743014,0.076975,-0.647066,img_512.jpg
53477,1280,720,640.48975,339.145,991.9681,992.7318,-19.219,0.083,0.115,0.147240,0.745471,0.087186,-0.644199,img_513.jpg
53563,1280,720,640.48975,339.145,991.9681,992.7318,-19.103,0.069,0.128,0.137196,0.743122,0.091488,-0.648519,img_514.jpg
53649,1280,720,640.48975,339.145,991.9681,992.7318,-19.024,0.058,0.137,0.134155,0.738611,0.082206,-0.655514,img_515.jpg
53718,1280,720,640.48975,339.145,991.9681,992.7318,-18.947,0.051,0.150,0.139486,0.740517,0.074351,-0.653185,img_516.jpg
53796,1280,720,640.48975,339.145,991.9681,992.7318,-18.833,0.056,0.169,0.138644,0.734331,0.095525,-0.657579,img_517.jpg
53877,1280,720,640.48975,339.145,991.9681,992.7318,-18.761,0.060,0.176,0.140549,0.729517,0.089924,-0.663299,img_518.jpg
53946,1280,720,640.48975,339.145,991.9681,992.7318,-18.683,0.060,0.181,0.148457,0.725604,0.099090,-0.664561,img_519.jpg
54021,1280,720,640.48975,339.145,991.9681,992.7318,-18.566,0.060,0.182,0.156272,0.713810,0.106421,-0.674336,img_520.jpg
54112,1280,720,640.48975,339.145,991.9681,992.7318,-18.491,0.052,0.181,0.162659,0.706358,0.099050,-0.681755,img_521.jpg
54193,1280,720,640.48975,339.145,991.9681,992.7318,-18.377,0.036,0.177,0.162516,0.701741,0.081062,-0.688896,img_522.jpg
54278,1280,720,640.48975,339.145,991.9681,992.7318,-18.300,0.029,0.174,0.160083,0.701043,0.067052,-0.691676,img_523.jpg
54356,1280,720,640.48975,339.145,991.9681,992.7318,-18.224,0.028,0.169,0.161430,0.696182,0.061174,-0.696799,img_524.jpg
54437,1280,720,640.48975,339.145,991.9681,992.7318,-18.114,0.032,0.161,0.165222,0.678429,0.086967,-0.710544,img_525.jpg
54529,1280,720,640.48975,339.145,991.9681,992.7318,-17.996,0.035,0.163,0.173007,0.680332,0.079098,-0.707785,img_526.jpg
54629,1280,720,640.48975,339.145,991.9681,992.7318,-17.888,0.028,0.173,0.165786,0.685525,0.090935,-0.703065,img_527.jpg
54712,1280,720,640.48975,339.145,991.9681,992.7318,-17.801,0.015,0.183,0.162366,0.697333,0.086557,-0.692727,img_528.jpg
54795,1280,720,640.48975,339.145,991.9681,992.7318,-17.676,0.001,0.199,0.150266,0.699580,0.079476,-0.694040,img_529.jpg
54895,1280,720,640.48975,339.145,991.9681,992.7318,-17.552,-0.005,0.209,0.156388,0.699102,0.074038,-0.693770,img_530.jpg
54976,1280,720,640.48975,339.145,991.9681,992.7318,-17.469,0.002,0.216,0.172066,0.704159,0.076562,-0.684611,img_531.jpg
55053,1280,720,640.48975,339.145,991.9681,992.7318,-17.393,0.016,0.220,0.164331,0.696838,0.076832,-0.693909,img_532.jpg
55131,1280,720,640.48975,339.145,991.9681,992.7318,-17.281,0.020,0.218,0.171846,0.693038,0.078549,-0.695699,img_533.jpg
55229,1280,720,640.48975,339.145,991.9681,992.7318,-17.182,0.014,0.213,0.183404,0.683755,0.088904,-0.700670,img_534.jpg
55311,1280,720,640.48975,339.145,991.9681,992.7318,-17.092,0.004,0.208,0.185805,0.679105,0.074652,-0.706201,img_535.jpg
55386,1280,720,640.48975,339.145,991.9681,992.7318,-17.003,-0.006,0.205,0.182360,0.679412,0.062193,-0.708009,img_536.jpg
55464,1280,720,640.48975,339.145,991.9681,992.7318,-16.881,-0.016,0.202,0.176517,0.689015,0.041024,-0.701724,img_537.jpg
55546,1280,720,640.48975,339.145,991.9681,992.7318,-16.800,-0.017,0.200,0.177440,0.697038,0.047325,-0.693119,img_538.jpg
55624,1280,720,640.48975,339.145,991.9681,992.7318,-16.686,-0.005,0.193,0.165982,0.696796,0.045485,-0.696317,img_539.jpg
55711,1280,720,640.48975,339.145,991.9681,992.7318,-16.606,-0.006,0.188,0.169146,0.694797,0.035879,-0.698112,img_540.jpg
55790,1280,720,640.48975,339.145,991.9681,992.7318,-16.535,-0.011,0.182,0.166855,0.692240,0.036778,-0.701150,img_541.jpg
55876,1280,720,640.48975,339.145,991.9681,992.7318,-16.419,-0.021,0.177,0.156558,0.695696,0.047558,-0.699454,img_542.jpg
55962,1280,720,640.48975,339.145,991.9681,992.7318,-16.305,-0.030,0.171,0.143352,0.692956,0.040122,-0.705444,img_543.jpg
56046,1280,720,640.48975,339.145,991.9681,992.7318,-16.217,-0.031,0.166,0.142205,0.692479,0.034497,-0.706442,img_544.jpg
56123,1280,720,640.48975,339.145,991.9681,992.7318,-16.096,-0.029,0.165,0.141114,0.685996,0.052479,-0.711858,img_545.jpg
56210,1280,720,640.48975,339.145,991.9681,992.7318,-16.020,-0.021,0.161,0.137755,0.682698,0.049944,-0.715858,img_546.jpg
56293,1280,720,640.48975,339.145,991.9681,992.7318,-15.907,-0.015,0.155,0.142508,0.684890,0.072096,-0.710928,img_547.jpg
56378,1280,720,640.48975,339.145,991.9681,992.7318,-15.825,-0.019,0.153,0.143087,0.683075,0.092971,-0.710134,img_548.jpg
56452,1280,720,640.48975,339.145,991.9681,992.7318,-15.704,-0.035,0.140,0.153372,0.681679,0.102159,-0.708064,img_549.jpg
56529,1280,720,640.48975,339.145,991.9681,992.7318,-15.624,-0.046,0.128,0.148820,0.683729,0.096710,-0.707824,img_550.jpg
56610,1280,720,640.48975,339.145,991.9681,992.7318,-15.551,-0.051,0.114,0.140791,0.686615,0.086641,-0.707977,img_551.jpg
56685,1280,720,640.48975,339.145,991.9681,992.7318,-15.433,-0.055,0.094,0.145559,0.687651,0.080618,-0.706717,img_552.jpg
56775,1280,720,640.48975,339.145,991.9681,992.7318,-15.360,-0.048,0.081,0.147985,0.686019,0.080591,-0.707802,img_553.jpg
56846,1280,720,640.48975,339.145,991.9681,992.7318,-15.289,-0.043,0.070,0.144806,0.686007,0.057887,-0.710686,img_554.jpg
56925,1280,720,640.48975,339.145,991.9681,992.7318,-15.177,-0.050,0.056,0.151679,0.688766,0.067185,-0.705749,img_555.jpg
57011,1280,720,640.48975,339.145,991.9681,992.7318,-15.102,-0.058,0.050,0.150543,0.696764,0.074453,-0.697362,img_556.jpg
57098,1280,720,640.48975,339.145,991.9681,992.7318,-14.985,-0.068,0.049,0.140727,0.700750,0.075990,-0.695248,img_557.jpg
57195,1280,720,640.48975,339.145,991.9681,992.7318,-14.861,-0.072,0.045,0.129490,0.699187,0.064044,-0.700192,img_558.jpg
57292,1280,720,640.48975,339.145,991.9681,992.7318,-14.741,-0.068,0.040,0.124624,0.692368,0.067205,-0.707516,img_559.jpg
57378,1280,720,640.48975,339.145,991.9681,992.7318,-14.666,-0.063,0.031,0.121526,0.688697,0.066266,-0.711714,img_560.jpg
57463,1280,720,640.48975,339.145,991.9681,992.7318,-14.556,-0.061,0.019,0.129914,0.689847,0.076278,-0.708107,img_561.jpg
57563,1280,720,640.48975,339.145,991.9681,992.7318,-14.467,-0.071,0.010,0.141417,0.685510,0.075922,-0.710151,img_562.jpg
57644,1280,720,640.48975,339.145,991.9681,992.7318,-14.390,-0.084,0.003,0.148801,0.682934,0.070347,-0.711695,img_563.jpg
57719,1280,720,640.48975,339.145,991.9681,992.7318,-14.275,-0.107,-0.015,0.147286,0.681893,0.060512,-0.713910,img_564.jpg
57810,1280,720,640.48975,339.145,991.9681,992.7318,-14.253,-0.411,-0.549,0.103789,0.690310,0.073625,-0.712235,img_565.jpg,marker_13.jpg,0.2709059,0.2709059,-25.833,-0.339,2.402,-0.706348,-0.001413,-0.001853,-0.001853,marker_1.jpg,0.27222896,0.27222896,0.487,-0.178,0.405,-0.695904,0.001474,0.009520,0.009520
57893,1280,720,640.48975,339.145,991.9681,992.7318,-14.141,-0.396,-0.558,0.108298,0.693300,0.088362,-0.706964,img_566.jpg
57975,1280,720,640.48975,339.145,991.9681,992.7318,-14.069,-0.388,-0.565,0.101059,0.691456,0.090370,-0.709584,img_567.jpg
58051,1280,720,640.48975,339.145,991.9681,992.7318,-13.999,-0.382,-0.570,0.111254,0.701061,0.093403,-0.698148,img_568.jpg
58127,1280,720,640.48975,339.145,991.9681,992.7318,-13.894,-0.383,-0.566,0.103389,0.710431,0.109340,-0.687491,img_569.jpg
58209,1280,720,640.48975,339.145,991.9681,992.7318,-13.818,-0.386,-0.561,0.101890,0.717512,0.113471,-0.679646,img_570.jpg
58284,1280,720,640.48975,339.145,991.9681,992.7318,-13.702,-0.398,-0.552,0.095970,0.719631,0.104687,-0.679678,img_571.jpg
58377,1280,720,640.48975,339.145,991.9681,992.7318,-13.628,-0.400,-0.548,0.098085,0.719614,0.099945,-0.680107,img_572.jpg
58454,1280,720,640.48975,339.145,991.9681,992.7318,-13.509,-0.393,-0.550,0.107565,0.713849,0.108602,-0.683414,img_573.jpg
58543,1280,720,640.48975,339.145,991.9681,992.7318,-13.448,-0.384,-0.555,0.105238,0.703757,0.103268,-0.694972,img_574.jpg
58618,1280,720,640.48975,339.145,991.9681,992.7318,-13.359,-0.376,-0.566,0.118114,0.700566,0.101121,-0.696442,img_575.jpg
58709,1280,720,640.48975,339.145,991.9681,992.7318,-13.280,-0.372,-0.568,0.117314,0.691319,0.114330,-0.703736,img_576.jpg
58787,1280,720,640.48975,339.145,991.9681,992.7318,-13.184,-0.382,-0.577,0.128748,0.688242,0.103384,-0.706441,img_577.jpg
58874,1280,720,640.48975,339.145,991.9681,992.7318,-13.117,-0.392,-0.585,0.130408,0.686597,0.095540,-0.708837,img_578.jpg
58949,1280,720,640.48975,339.145,991.9681,992.7318,-13.030,-0.399,-0.590,0.129776,0.687608,0.092697,-0.708350,img_579.jpg
59030,1280,720,640.48975,339.145,991.9681,992.7318,-12.917,-0.403,-0.605,0.134152,0.691134,0.096442,-0.703588,img_580.jpg
59126,1280,720,640.48975,339.145,991.9681,992.7318,-12.797,-0.393,-0.613,0.149737,0.693924,0.123864,-0.693330,img_581.jpg
59209,1280,720,640.48975,339.145,991.9681,992.7318,-12.730,-0.390,-0.616,0.155687,0.703379,0.119252,-0.683227,img_582.jpg
59285,1280,720,640.48975,339.145,991.9681,992.7318,-12.626,-0.387,-0.617,0.148647,0.707544,0.137416,-0.677055,img_583.jpg
59375,1280,720,640.48975,339.145,991.9681,992.7318,-12.553,-0.389,-0.620,0.141117,0.712676,0.137279,-0.673300,img_584.jpg
59460,1280,720,640.48975,339.145,991.9681,992.7318,-12.443,-0.394,-0.625,0.131059,0.711669,0.127948,-0.678219,img_585.jpg
59543,1280,720,640.48975,339.145,991.9681,992.7318,-12.370,-0.396,-0.627,0.121480,0.710521,0.124691,-0.681802,img_586.jpg
59626,1280,720,640.48975,339.145,991.9681,992.7318,-12.253,-0.396,-0.628,0.113259,0.706405,0.132230,-0.686061,img_587.jpg
59733,1280,720,640.48975,339.145,991.9681,992.7318,-12.141,-0.384,-0.625,0.112566,0.716604,0.119774,-0.677836,img_588.jpg
59825,1280,720,640.48975,339.145,991.9681,992.7318,-12.039,-0.374,-0.622,0.110385,0.724445,0.121213,-0.669554,img_589.jpg
59908,1280,720,640.48975,339.145,991.9681,992.7318,-11.966,-0.371,-0.625,0.115434,0.725080,0.127599,-0.666823,img_590.jpg
59984,1280,720,640.48975,339.145,991.9681,992.7318,-11.860,-0.378,-0.634,0.124313,0.725451,0.112535,-0.667536,img_591.jpg
60073,1280,720,640.48975,339.145,991.9681,992.7318,-11.785,-0.386,-0.640,0.124301,0.728063,0.105242,-0.665881,img_592.jpg
60144,1280,720,640.48975,339.145,991.9681,992.7318,-11.698,-0.394,-0.645,0.119797,0.734129,0.103337,-0.660322,img_593.jpg
60216,1280,720,640.48975,339.145,991.9681,992.7318,-11.580,-0.394,-0.652,0.111194,0.742580,0.104393,-0.652161,img_594.jpg
60308,1280,720,640.48975,339.145,991.9681,992.7318,-11.498,-0.382,-0.655,0.117242,0.751766,0.104668,-0.640427,img_595.jpg
60383,1280,720,640.48975,339.145,991.9681,992.7318,-11.389,-0.365,-0.654,0.104836,0.759002,0.100619,-0.634667,img_596.jpg
60473,1280,720,640.48975,339.145,991.9681,992.7318,-11.314,-0.361,-0.650,0.100014,0.762416,0.106129,-0.630441,img_597.jpg
60553,1280,720,640.48975,339.145,991.9681,992.7318,-11.191,-0.363,-0.643,0.090217,0.772414,0.115157,-0.618042,img_598.jpg
60642,1280,720,640.48975,339.145,991.9681,992.7318,-11.108,-0.358,-0.636,0.072361,0.784452,0.105240,-0.606896,img_599.jpg
60725,1280,720,640.48975,339.145,991.9681,992.7318,-10.976,-0.345,-0.621,0.039747,0.781877,0.104310,-0.613357,img_600.jpg
60808,1280,720,640.48975,339.145,991.9681,992.7318,-10.886,-0.335,-0.614,0.038216,0.781110,0.089466,-0.616768,img_601.jpg
60888,1280,720,640.48975,339.145,991.9681,992.7318,-10.753,-0.317,-0.603,0.065791,0.780091,0.050370,-0.620155,img_602.jpg
60973,1280,720,640.48975,339.145,991.9681,992.7318,-10.676,-0.310,-0.593,0.079704,0.774005,0.037302,-0.627034,img_603.jpg
61059,1280,720,640.48975,339.145,991.9681,992.7318,-10.565,-0.309,-0.579,0.087100,0.771769,0.062738,-0.626778,img_604.jpg
61143,1280,720,640.48975,339.145,991.9681,992.7318,-10.495,-0.315,-0.569,0.094837,0.770807,0.071819,-0.625863,img_605.jpg
61222,1280,720,640.48975,339.145,991.9681,992.7318,-10.389,-0.336,-0.548,0.089888,0.754290,0.108640,-0.641220,img_606.jpg
61307,1280,720,640.48975,339.145,991.9681,992.7318,-10.315,-0.352,-0.540,0.093560,0.758624,0.106109,-0.635986,img_607.jpg
61389,1280,720,640.48975,339.145,991.9681,992.7318,-10.202,-0.365,-0.528,0.099889,0.764120,0.093027,-0.630468,img_608.jpg
61474,1280,720,640.48975,339.145,991.9681,992.7318,-10.119,-0.368,-0.523,0.110539,0.761847,0.107961,-0.629059,img_609.jpg
61551,1280,720,640.48975,339.145,991.9681,992.7318,-10.010,-0.367,-0.516,0.113081,0.752960,0.114444,-0.638096,img_610.jpg
61624,1280,720,640.48975,339.145,991.9681,992.7318,-9.934,-0.367,-0.509,0.115963,0.749878,0.115134,-0.641077,img_611.jpg
61706,1280,720,640.48975,339.145,991.9681,992.7318,-9.857,-0.371,-0.499,0.108201,0.746945,0.123876,-0.644221,img_612.jpg
61781,1280,720,640.48975,339.145,991.9681,992.7318,-9.751,-0.383,-0.488,0.106523,0.746912,0.126930,-0.643945,img_613.jpg
61873,1280,720,640.48975,339.145,991.9681,992.7318,-9.669,-0.391,-0.478,0.104774,0.748569,0.114121,-0.644704,img_614.jpg
61941,1280,720,640.48975,339.145,991.9681,992.7318,-9.585,-0.395,-0.466,0.104090,0.747340,0.107009,-0.647455,img_615.jpg
62023,1280,720,640.48975,339.145,991.9681,992.7318,-9.460,-0.388,-0.448,0.104047,0.741722,0.104560,-0.654285,img_616.jpg
62107,1280,720,640.48975,339.145,991.9681,992.7318,-9.375,-0.379,-0.435,0.100352,0.735051,0.118330,-0.660020,img_617.jpg
62182,1280,720,640.48975,339.145,991.9681,992.7318,-9.293,-0.375,-0.427,0.103580,0.731996,0.115952,-0.663331,img_618.jpg
62258,1280,720,640.48975,339.145,991.9681,992.7318,-9.174,-0.373,-0.422,0.111289,0.720854,0.133805,-0.670881,img_619.jpg
62342,1280,720,640.48975,339.145,991.9681,992.7318,-9.088,-0.378,-0.421,0.122327,0.718349,0.128681,-0.672646,img_620.jpg
62424,1280,720,640.48975,339.145,991.9681,992.7318,-8.969,-0.390,-0.420,0.126844,0.716098,0.111986,-0.677181,img_621.jpg
62508,1280,720,640.48975,339.145,991.9681,992.7318,-8.881,-0.400,-0.419,0.126777,0.721859,0.104908,-0.672191,img_622.jpg
62586,1280,720,640.48975,339.145,991.9681,992.7318,-8.767,-0.394,-0.421,0.120961,0.729613,0.090028,-0.667029,img_623.jpg
62672,1280,720,640.48975,339.145,991.9681,992.7318,-8.687,-0.386,-0.420,0.121882,0.731879,0.101763,-0.662678,img_624.jpg
62750,1280,720,640.48975,339.145,991.9681,992.7318,-8.610,-0.379,-0.418,0.119499,0.731866,0.114571,-0.661034,img_625.jpg
62825,1280,720,640.48975,339.145,991.9681,992.7318,-8.500,-0.378,-0.413,0.117391,0.733108,0.120019,-0.659065,img_626.jpg
62923,1280,720,640.48975,339.145,991.9681,992.7318,-8.376,-0.388,-0.402,0.113099,0.738113,0.134309,-0.651429,img_627.jpg
63006,1280,720,640.48975,339.145,991.9681,992.7318,-8.313,-0.397,-0.402,0.108498,0.735273,0.132531,-0.655772,img_628.jpg,marker_13.jpg,0.27040824,0.27040824,-25.888,-0.357,2.538,-0.706387,-0.002908,-0.000573,-0.000573,marker_1.jpg,0.27222896,0.27222896,0.487,-0.180,0.406,-0.696200,-0.000902,0.010657,0.010657
63091,1280,720,640.48975,339.145,991.9681,992.7318,-8.191,-0.403,-0.397,0.103762,0.729010,0.110076,-0.667578,img_629.jpg
63189,1280,720,640.48975,339.145,991.9681,992.7318,-8.073,-0.402,-0.389,0.116189,0.714728,0.109163,-0.680990,img_630.jpg
63271,1280,720,640.48975,339.145,991.9681,992.7318,-8.001,-0.396,-0.380,0.109840,0.706469,0.120174,-0.688764,img_631.jpg
63351,1280,720,640.48975,339.145,991.9681,992.7318,-7.896,-0.391,-0.372,0.121823,0.709784,0.122300,-0.682942,img_632.jpg
63441,1280,720,640.48975,339.145,991.9681,992.7318,-7.827,-0.389,-0.368,0.122775,0.703389,0.141049,-0.685766,img_633.jpg
63519,1280,720,640.48975,339.145,991.9681,992.7318,-7.723,-0.396,-0.374,0.133072,0.702994,0.123791,-0.687581,img_634.jpg
63606,1280,720,640.48975,339.145,991.9681,992.7318,-7.648,-0.406,-0.379,0.134296,0.701678,0.109795,-0.691055,img_635.jpg
63684,1280,720,640.48975,339.145,991.9681,992.7318,-7.549,-0.417,-0.387,0.131283,0.703712,0.091621,-0.692213,img_636.jpg
63771,1280,720,640.48975,339.145,991.9681,992.7318,-7.479,-0.418,-0.389,0.121783,0.703892,0.087139,-0.694342,img_637.jpg
63847,1280,720,640.48975,339.145,991.9681,992.7318,-7.399,-0.413,-0.389,0.128193,0.711373,0.091149,-0.684987,img_638.jpg
63926,1280,720,640.48975,339.145,991.9681,992.7318,-7.288,-0.405,-0.392,0.116599,0.709715,0.084681,-0.689593,img_639.jpg
64022,1280,720,640.48975,339.145,991.9681,992.7318,-7.181,-0.411,-0.394,0.124830,0.714349,0.092567,-0.682315,img_640.jpg
64122,1280,720,640.48975,339.145,991.9681,992.7318,-7.069,-0.415,-0.393,0.118893,0.720014,0.099159,-0.676470,img_641.jpg
64205,1280,720,640.48975,339.145,991.9681,992.7318,-6.985,-0.419,-0.390,0.111030,0.721699,0.096128,-0.676449,img_642.jpg
64277,1280,720,640.48975,339.145,991.9681,992.7318,-6.898,-0.424,-0.387,0.102061,0.720439,0.090162,-0.680016,img_643.jpg
64344,1280,720,640.48975,339.145,991.9681,992.7318,-6.815,-0.424,-0.383,0.100878,0.721176,0.088436,-0.679638,img_644.jpg
64417,1280,720,640.48975,339.145,991.9681,992.7318,-6.689,-0.411,-0.373,0.097888,0.724211,0.102641,-0.674834,img_645.jpg
64505,1280,720,640.48975,339.145,991.9681,992.7318,-6.616,-0.401,-0.371,0.095000,0.721337,0.103987,-0.678111,img_646.jpg
64577,1280,720,640.48975,339.145,991.9681,992.7318,-6.539,-0.399,-0.371,0.104307,0.723436,0.108064,-0.673857,img_647.jpg
64673,1280,720,640.48975,339.145,991.9681,992.7318,-6.411,-0.402,-0.375,0.109628,0.718627,0.125066,-0.675215,img_648.jpg
64746,1280,720,640.48975,339.145,991.9681,992.7318,-6.289,-0.412,-0.387,0.114474,0.719390,0.114078,-0.675545,img_649.jpg
64822,1280,720,640.48975,339.145,991.9681,992.7318,-6.206,-0.419,-0.395,0.110663,0.722644,0.106311,-0.673971,img_650.jpg
64922,1280,720,640.48975,339.145,991.9681,992.7318,-6.088,-0.421,-0.403,0.106054,0.729757,0.102098,-0.667670,img_651.jpg
65005,1280,720,640.48975,339.145,991.9681,992.7318,-6.003,-0.412,-0.407,0.111937,0.731774,0.113874,-0.662578,img_652.jpg
65080,1280,720,640.48975,339.145,991.9681,992.7318,-5.872,-0.391,-0.413,0.093695,0.733451,0.111969,-0.663878,img_653.jpg,marker_13.jpg,0.27056497,0.27056497,-25.832,-0.345,2.571,-0.706400,-0.003272,-0.000253,-0.000253,marker_1.jpg,0.27222896,0.27222896,0.492,-0.177,0.407,-0.696468,-0.001255,0.011131,0.011131
65170,1280,720,640.48975,339.145,991.9681,992.7318,-5.797,-0.387,-0.413,0.093903,0.738998,0.115923,-0.656983,img_654.jpg
65248,1280,720,640.48975,339.145,991.9681,992.7318,-5.668,-0.394,-0.412,0.088718,0.745717,0.125693,-0.648257,img_655.jpg
65340,1280,720,640.48975,339.145,991.9681,992.7318,-5.586,-0.400,-0.409,0.084222,0.749670,0.126588,-0.644110,img_656.jpg
65412,1280,720,640.48975,339.145,991.9681,992.7318,-5.450,-0.406,-0.406,0.078438,0.752059,0.116278,-0.643999,img_657.jpg
65504,1280,720,640.48975,339.145,991.9681,992.7318,-5.363,-0.406,-0.403,0.078355,0.753188,0.107784,-0.644166,img_658.jpg
65583,1280,720,640.48975,339.145,991.9681,992.7318,-5.236,-0.395,-0.397,0.080594,0.751311,0.108039,-0.646037,img_659.jpg
65670,1280,720,640.48975,339.145,991.9681,992.7318,-5.156,-0.383,-0.392,0.075024,0.748241,0.102835,-0.651101,img_660.jpg
65749,1280,720,640.48975,339.145,991.9681,992.7318,-5.042,-0.373,-0.393,0.079903,0.747307,0.102449,-0.651653,img_661.jpg
65839,1280,720,640.48975,339.145,991.9681,992.7318,-4.967,-0.371,-0.396,0.080968,0.742059,0.104653,-0.657146,img_662.jpg
65916,1280,720,640.48975,339.145,991.9681,992.7318,-4.848,-0.383,-0.407,0.092870,0.737681,0.096335,-0.661756,img_663.jpg
66008,1280,720,640.48975,339.145,991.9681,992.7318,-4.732,-0.397,-0.420,0.099419,0.739986,0.088814,-0.659279,img_664.jpg
66087,1280,720,640.48975,339.145,991.9681,992.7318,-4.657,-0.401,-0.430,0.101194,0.741780,0.082077,-0.657864,img_665.jpg
66170,1280,720,640.48975,339.145,991.9681,992.7318,-4.587,-0.396,-0.434,0.107660,0.752675,0.079014,-0.644707,img_666.jpg
66242,1280,720,640.48975,339.145,991.9681,992.7318,-4.475,-0.385,-0.434,0.100846,0.758660,0.087864,-0.637609,img_667.jpg
66320,1280,720,640.48975,339.145,991.9681,992.7318,-4.412,-0.383,-0.436,0.105728,0.757890,0.092105,-0.637135,img_668.jpg
66404,1280,720,640.48975,339.145,991.9681,992.7318,-4.349,-0.387,-0.440,0.105829,0.756379,0.100522,-0.637642,img_669.jpg
66488,1280,720,640.48975,339.145,991.9681,992.7318,-4.238,-0.397,-0.443,0.100284,0.757836,0.105896,-0.635935,img_670.jpg
66573,1280,720,640.48975,339.145,991.9681,992.7318,-4.160,-0.405,-0.441,0.094346,0.758387,0.106728,-0.636048,img_671.jpg
66653,1280,720,640.48975,339.145,991.9681,992.7318,-4.039,-0.412,-0.435,0.093878,0.758473,0.110378,-0.635392,img_672.jpg
66738,1280,720,640.48975,339.145,991.9681,992.7318,-3.961,-0.410,-0.432,0.095761,0.757465,0.120276,-0.634516,img_673.jpg
66820,1280,720,640.48975,339.145,991.9681,992.7318,-3.841,-0.397,-0.425,0.094755,0.760803,0.125577,-0.629627,img_674.jpg
66920,1280,720,640.48975,339.145,991.9681,992.7318,-3.713,-0.394,-0.424,0.106673,0.764178,0.143019,-0.619837,img_675.jpg
67020,1280,720,640.48975,339.145,991.9681,992.7318,-3.600,-0.394,-0.431,0.117386,0.763901,0.158270,-0.614513,img_676.jpg
67104,1280,720,640.48975,339.145,991.9681,992.7318,-3.531,-0.398,-0.438,0.122493,0.767190,0.152130,-0.610959,img_677.jpg
67187,1280,720,640.48975,339.145,991.9681,992.7318,-3.418,-0.414,-0.447,0.122559,0.776084,0.152480,-0.599519,img_678.jpg
67297,1280,720,640.48975,339.145,991.9681,992.7318,-3.306,-0.425,-0.454,0.117996,0.789443,0.156005,-0.581824,img_679.jpg
67389,1280,720,640.48975,339.145,991.9681,992.7318,-3.194,-0.424,-0.453,0.123390,0.808845,0.173964,-0.547979,img_680.jpg
67469,1280,720,640.48975,339.145,991.9681,992.7318,-3.126,-0.421,-0.451,0.121720,0.817617,0.183277,-0.532067,img_681.jpg
67547,1280,720,640.48975,339.145,991.9681,992.7318,-3.055,-0.422,-0.449,0.125999,0.825329,0.193700,-0.515205,img_682.jpg
67628,1280,720,640.48975,339.145,991.9681,992.7318,-2.949,-0.428,-0.438,0.118837,0.836051,0.208198,-0.493509,img_683.jpg
67720,1280,720,640.48975,339.145,991.9681,992.7318,-2.838,-0.446,-0.422,0.114379,0.845948,0.225376,-0.469569,img_684.jpg
67803,1280,720,640.48975,339.145,991.9681,992.7318,-2.759,-0.462,-0.407,0.110040,0.851489,0.236370,-0.454959,img_685.jpg
67886,1280,720,640.48975,339.145,991.9681,992.7318,-2.656,-0.479,-0.376,0.107085,0.856693,0.262868,-0.430709,img_686.jpg
67969,1280,720,640.48975,339.145,991.9681,992.7318,-2.593,-0.479,-0.350,0.096889,0.859867,0.286358,-0.411388,img_687.jpg
68046,1280,720,640.48975,339.145,991.9681,992.7318,-2.533,-0.475,-0.325,0.085640,0.873538,0.280284,-0.388635,img_688.jpg
68125,1280,720,640.48975,339.145,991.9681,992.7318,-2.453,-0.476,-0.283,0.086661,0.882526,0.299652,-0.351918,img_689.jpg
68220,1280,720,640.48975,339.145,991.9681,992.7318,-2.381,-0.478,-0.243,0.091126,0.895604,0.294525,-0.320694,img_690.jpg
68302,1280,720,640.48975,339.145,991.9681,992.7318,-2.331,-0.486,-0.212,0.091255,0.902684,0.297891,-0.296809,img_691.jpg
68387,1280,720,640.48975,339.145,991.9681,992.7318,-2.250,-0.498,-0.159,0.082441,0.911672,0.308955,-0.258079,img_692.jpg
68468,1280,720,640.48975,339.145,991.9681,992.7318,-2.206,-0.502,-0.122,0.077685,0.921314,0.304311,-0.229218,img_693.jpg
68545,1280,720,640.48975,339.145,991.9681,992.7318,-2.162,-0.503,-0.081,0.080564,0.926938,0.310717,-0.194293,img_694.jpg
68625,1280,720,640.48975,339.145,991.9681,992.7318,-2.111,-0.488,-0.020,0.067891,0.933043,0.314375,-0.161215,img_695.jpg
68719,1280,720,640.48975,339.145,991.9681,992.7318,-2.068,-0.478,0.042,0.062265,0.940278,0.307433,-0.132231,img_696.jpg
68803,1280,720,640.48975,339.145,991.9681,992.7318,-2.042,-0.474,0.083,0.059122,0.942831,0.306484,-0.116801,img_697.jpg
68876,1280,720,640.48975,339.145,991.9681,992.7318,-1.997,-0.484,0.158,0.055898,0.940023,0.319400,-0.105908,img_698.jpg
68970,1280,720,640.48975,339.145,991.9681,992.7318,-1.970,-0.496,0.218,0.056547,0.933545,0.341379,-0.093578,img_699.jpg
69042,1280,720,640.48975,339.145,991.9681,992.7318,-1.936,-0.505,0.312,0.052553,0.931295,0.347357,-0.096285,img_700.jpg
69119,1280,720,640.48975,339.145,991.9681,992.7318,-1.924,-0.494,0.377,0.039453,0.927755,0.358431,-0.096131,img_701.jpg
69202,1280,720,640.48975,339.145,991.9681,992.7318,-1.907,-0.478,0.436,0.027901,0.928708,0.356243,-0.099065,img_702.jpg
69269,1280,720,640.48975,339.145,991.9681,992.7318,-1.888,-0.463,0.493,0.034757,0.931552,0.349855,-0.092759,img_703.jpg
69347,1280,720,640.48975,339.145,991.9681,992.7318,-1.874,-0.451,0.546,0.043876,0.929376,0.356548,-0.084909,img_704.jpg
69430,1280,720,640.48975,339.145,991.9681,992.7318,-1.851,-0.438,0.616,0.053735,0.925856,0.363089,-0.089834,img_705.jpg
69519,1280,720,640.48975,339.145,991.9681,992.7318,-1.817,-0.444,0.701,0.070454,0.923902,0.363762,-0.095495,img_706.jpg
69619,1280,720,640.48975,339.145,991.9681,992.7318,-1.778,-0.455,0.789,0.083539,0.920405,0.369887,-0.095182,img_707.jpg
69702,1280,720,640.48975,339.145,991.9681,992.7318,-1.749,-0.458,0.851,0.084235,0.916659,0.375737,-0.107068,img_708.jpg
69785,1280,720,640.48975,339.145,991.9681,992.7318,-1.700,-0.461,0.938,0.108143,0.907486,0.391273,-0.108074,img_709.jpg
69870,1280,720,640.48975,339.145,991.9681,992.7318,-1.667,-0.449,1.003,0.114290,0.905887,0.388479,-0.124061,img_710.jpg
69958,1280,720,640.48975,339.145,991.9681,992.7318,-1.626,-0.447,1.084,0.127920,0.898800,0.397926,-0.132100,img_711.jpg
70053,1280,720,640.48975,339.145,991.9681,992.7318,-1.578,-0.446,1.172,0.127727,0.888223,0.411587,-0.159193,img_712.jpg
70138,1280,720,640.48975,339.145,991.9681,992.7318,-1.544,-0.450,1.229,0.133448,0.883328,0.412198,-0.178929,img_713.jpg
70220,1280,720,640.48975,339.145,991.9681,992.7318,-1.498,-0.458,1.299,0.143452,0.875050,0.409420,-0.214674,img_714.jpg
70303,1280,720,640.48975,339.145,991.9681,992.7318,-1.466,-0.464,1.345,0.152540,0.869015,0.406394,-0.237462,img_715.jpg
70385,1280,720,640.48975,339.145,991.9681,992.7318,-1.413,-0.469,1.423,0.163493,0.857680,0.405924,-0.269963,img_716.jpg
70468,1280,720,640.48975,339.145,991.9681,992.7318,-1.380,-0.466,1.474,0.170398,0.848354,0.412730,-0.284455,img_717.jpg
70544,1280,720,640.48975,339.145,991.9681,992.7318,-1.334,-0.458,1.542,0.178657,0.841493,0.407563,-0.306371,img_718.jpg
70635,1280,720,640.48975,339.145,991.9681,992.7318,-1.305,-0.456,1.580,0.180875,0.833796,0.414317,-0.316874,img_719.jpg
70707,1280,720,640.48975,339.145,991.9681,992.7318,-1.255,-0.457,1.626,0.192524,0.822243,0.417437,-0.335554,img_720.jpg
70785,1280,720,640.48975,339.145,991.9681,992.7318,-1.223,-0.462,1.638,0.203999,0.816146,0.412826,-0.349092,img_721.jpg
70867,1280,720,640.48975,339.145,991.9681,992.7318,-1.185,-0.467,1.658,0.212140,0.810026,0.410317,-0.361240,img_722.jpg
70942,1280,720,640.48975,339.145,991.9681,992.7318,-1.155,-0.472,1.666,0.219045,0.804810,0.407821,-0.371459,img_723.jpg
71014,1280,720,640.48975,339.145,991.9681,992.7318,-1.108,-0.477,1.678,0.233078,0.804073,0.392864,-0.380524,img_724.jpg
71101,1280,720,640.48975,339.145,991.9681,992.7318,-1.071,-0.482,1.694,0.246306,0.800721,0.394234,-0.377835,img_725.jpg
71180,1280,720,640.48975,339.145,991.9681,992.7318,-1.027,-0.479,1.707,0.250572,0.795186,0.389248,-0.391637,img_726.jpg
