time,sizeX,sizeY,p_x,p_y,f_x,f_y,pos_X,pos_Y,pos_Z,q_x,q_y,q_z,q_w,marker_ID,marker_x,marker_y,marker_z,marker_qx,marker_qy,marker_qz,marker_qw,marker_ID,marker_x,marker_y,marker_z,marker_qx,marker_qy,marker_qz,marker_qw,marker_ID,marker_x,marker_y,marker_z,marker_qx,marker_qy,marker_qz,marker_qw,
13050,1280,720,631.94293,353.39117,986.8637,986.74805,0.491,-0.055,1.015,0.100556,-0.036132,-0.000590,-0.994275,img_1.jpg
13156,1280,720,631.94293,353.39117,986.8637,986.74805,0.493,-0.055,1.012,0.105016,-0.032243,0.001839,-0.993946,img_2.jpg
13249,1280,720,631.94293,353.39117,986.8637,986.74805,0.494,-0.053,1.017,0.091399,-0.029775,0.000027,-0.995369,img_3.jpg
13325,1280,720,631.94293,353.39117,986.8637,986.74805,0.496,-0.052,1.021,0.080688,-0.032149,-0.000495,-0.996221,img_4.jpg,marker_1.jpg,0.26649898,0.26649898,0.446,-0.164,0.429,-0.704068,-0.012877,0.011527,0.011527
13406,1280,720,631.94293,353.39117,986.8637,986.74805,0.499,-0.051,1.025,0.074127,-0.033205,0.001928,-0.996694,img_5.jpg
13488,1280,720,631.94293,353.39117,986.8637,986.74805,0.500,-0.051,1.029,0.071071,-0.034983,-0.000996,-0.996857,img_6.jpg
13570,1280,720,631.94293,353.39117,986.8637,986.74805,0.499,-0.052,1.032,0.070649,-0.038209,-0.004784,-0.996758,img_7.jpg
13653,1280,720,631.94293,353.39117,986.8637,986.74805,0.498,-0.059,1.036,0.074276,-0.042995,-0.006761,-0.996288,img_8.jpg
13721,1280,720,631.94293,353.39117,986.8637,986.74805,0.497,-0.062,1.038,0.078793,-0.044913,-0.007630,-0.995850,img_9.jpg
13790,1280,720,631.94293,353.39117,986.8637,986.74805,0.496,-0.074,1.043,0.085763,-0.047868,-0.010437,-0.995110,img_10.jpg
13871,1280,720,631.94293,353.39117,986.8637,986.74805,0.494,-0.086,1.048,0.091688,-0.052709,-0.008834,-0.994353,img_11.jpg
13954,1280,720,631.94293,353.39117,986.8637,986.74805,0.492,-0.101,1.054,0.103800,-0.056960,-0.010072,-0.992915,img_12.jpg,marker_1.jpg,0.26738906,0.26738906,0.446,-0.165,0.426,-0.699314,-0.007230,0.011127,0.011127
14026,1280,720,631.94293,353.39117,986.8637,986.74805,0.491,-0.128,1.062,0.133620,-0.061681,-0.011213,-0.989048,img_13.jpg
14104,1280,720,631.94293,353.39117,986.8637,986.74805,0.491,-0.145,1.070,0.150278,-0.060989,-0.017605,-0.986604,img_14.jpg
14187,1280,720,631.94293,353.39117,986.8637,986.74805,0.490,-0.160,1.078,0.160746,-0.059132,-0.027720,-0.984833,img_15.jpg
14262,1280,720,631.94293,353.39117,986.8637,986.74805,0.491,-0.182,1.087,0.188345,-0.065295,-0.026228,-0.979579,img_16.jpg
14337,1280,720,631.94293,353.39117,986.8637,986.74805,0.487,-0.197,1.096,0.200610,-0.066943,-0.036656,-0.976694,img_17.jpg
14422,1280,720,631.94293,353.39117,986.8637,986.74805,0.482,-0.212,1.104,0.210070,-0.073252,-0.045045,-0.973897,img_18.jpg
14494,1280,720,631.94293,353.39117,986.8637,986.74805,0.470,-0.238,1.113,0.237240,-0.087026,-0.053196,-0.966082,img_19.jpg
14571,1280,720,631.94293,353.39117,986.8637,986.74805,0.458,-0.255,1.122,0.256546,-0.099125,-0.059196,-0.959612,img_20.jpg
14654,1280,720,631.94293,353.39117,986.8637,986.74805,0.440,-0.271,1.129,0.273372,-0.114097,-0.063354,-0.953014,img_21.jpg
14720,1280,720,631.94293,353.39117,986.8637,986.74805,0.419,-0.288,1.138,0.288712,-0.128098,-0.068585,-0.946326,img_22.jpg
14786,1280,720,631.94293,353.39117,986.8637,986.74805,0.382,-0.313,1.152,0.313090,-0.152466,-0.074483,-0.934442,img_23.jpg
14870,1280,720,631.94293,353.39117,986.8637,986.74805,0.351,-0.330,1.164,0.329983,-0.171687,-0.084259,-0.924411,img_24.jpg
14937,1280,720,631.94293,353.39117,986.8637,986.74805,0.319,-0.347,1.176,0.346718,-0.187656,-0.093592,-0.914228,img_25.jpg
15021,1280,720,631.94293,353.39117,986.8637,986.74805,0.285,-0.363,1.193,0.360896,-0.205056,-0.106280,-0.903555,img_26.jpg
15085,1280,720,631.94293,353.39117,986.8637,986.74805,0.247,-0.376,1.210,0.366107,-0.222247,-0.121374,-0.895455,img_27.jpg
15156,1280,720,631.94293,353.39117,986.8637,986.74805,0.187,-0.391,1.237,0.372295,-0.248292,-0.138234,-0.883538,img_28.jpg
15236,1280,720,631.94293,353.39117,986.8637,986.74805,0.144,-0.398,1.254,0.374396,-0.266167,-0.147791,-0.875866,img_29.jpg
15304,1280,720,631.94293,353.39117,986.8637,986.74805,0.098,-0.403,1.271,0.374628,-0.283339,-0.154829,-0.869138,img_30.jpg
15386,1280,720,631.94293,353.39117,986.8637,986.74805,0.053,-0.406,1.292,0.374554,-0.296213,-0.162633,-0.863434,img_31.jpg
15454,1280,720,631.94293,353.39117,986.8637,986.74805,0.007,-0.406,1.304,0.381245,-0.306639,-0.163250,-0.856723,img_32.jpg
15524,1280,720,631.94293,353.39117,986.8637,986.74805,-0.063,-0.407,1.329,0.385651,-0.329749,-0.168304,-0.845111,img_33.jpg
15603,1280,720,631.94293,353.39117,986.8637,986.74805,-0.107,-0.407,1.346,0.385851,-0.346368,-0.175525,-0.836863,img_34.jpg
15686,1280,720,631.94293,353.39117,986.8637,986.74805,-0.152,-0.408,1.361,0.380519,-0.360719,-0.185166,-0.831144,img_35.jpg
15764,1280,720,631.94293,353.39117,986.8637,986.74805,-0.220,-0.411,1.382,0.376777,-0.372804,-0.196797,-0.824819,img_36.jpg
15853,1280,720,631.94293,353.39117,986.8637,986.74805,-0.266,-0.414,1.397,0.372542,-0.378036,-0.204468,-0.822493,img_37.jpg
15929,1280,720,631.94293,353.39117,986.8637,986.74805,-0.350,-0.421,1.424,0.365044,-0.377065,-0.211646,-0.824482,img_38.jpg
16020,1280,720,631.94293,353.39117,986.8637,986.74805,-0.397,-0.424,1.436,0.362954,-0.372227,-0.213031,-0.827242,img_39.jpg
16087,1280,720,631.94293,353.39117,986.8637,986.74805,-0.454,-0.422,1.452,0.355577,-0.365820,-0.212799,-0.833341,img_40.jpg
16164,1280,720,631.94293,353.39117,986.8637,986.74805,-0.533,-0.413,1.467,0.349548,-0.344167,-0.215191,-0.844428,img_41.jpg
16254,1280,720,631.94293,353.39117,986.8637,986.74805,-0.582,-0.402,1.471,0.349219,-0.336948,-0.204668,-0.850073,img_42.jpg
16329,1280,720,631.94293,353.39117,986.8637,986.74805,-0.644,-0.385,1.466,0.337594,-0.325469,-0.189229,-0.862724,img_43.jpg
16404,1280,720,631.94293,353.39117,986.8637,986.74805,-0.689,-0.378,1.459,0.332868,-0.319063,-0.178875,-0.869138,img_44.jpg
16486,1280,720,631.94293,353.39117,986.8637,986.74805,-0.741,-0.376,1.448,0.324944,-0.315311,-0.172825,-0.874712,img_45.jpg
16557,1280,720,631.94293,353.39117,986.8637,986.74805,-0.791,-0.376,1.434,0.322360,-0.312023,-0.161459,-0.879009,img_46.jpg
16632,1280,720,631.94293,353.39117,986.8637,986.74805,-0.872,-0.376,1.404,0.309137,-0.315266,-0.147626,-0.885013,img_47.jpg
16721,1280,720,631.94293,353.39117,986.8637,986.74805,-0.934,-0.370,1.380,0.307136,-0.322178,-0.136705,-0.884975,img_48.jpg
16794,1280,720,631.94293,353.39117,986.8637,986.74805,-0.992,-0.356,1.361,0.296953,-0.327257,-0.125378,-0.888258,img_49.jpg
16871,1280,720,631.94293,353.39117,986.8637,986.74805,-1.067,-0.329,1.325,0.281238,-0.337804,-0.107980,-0.891703,img_50.jpg
16953,1280,720,631.94293,353.39117,986.8637,986.74805,-1.112,-0.312,1.303,0.263430,-0.341856,-0.107843,-0.895605,img_51.jpg
17033,1280,720,631.94293,353.39117,986.8637,986.74805,-1.172,-0.284,1.264,0.253553,-0.346109,-0.098939,-0.897848,img_52.jpg
17121,1280,720,631.94293,353.39117,986.8637,986.74805,-1.211,-0.266,1.238,0.239399,-0.348405,-0.094946,-0.901270,img_53.jpg
17197,1280,720,631.94293,353.39117,986.8637,986.74805,-1.265,-0.246,1.188,0.217545,-0.349263,-0.083026,-0.907632,img_54.jpg
17286,1280,720,631.94293,353.39117,986.8637,986.74805,-1.298,-0.235,1.153,0.204514,-0.348633,-0.071919,-0.911843,img_55.jpg
17355,1280,720,631.94293,353.39117,986.8637,986.74805,-1.353,-0.224,1.095,0.183915,-0.345568,-0.056878,-0.918435,img_56.jpg
17436,1280,720,631.94293,353.39117,986.8637,986.74805,-1.391,-0.216,1.055,0.171375,-0.340162,-0.053839,-0.923050,img_57.jpg
17504,1280,720,631.94293,353.39117,986.8637,986.74805,-1.427,-0.208,1.018,0.169000,-0.331604,-0.063617,-0.925975,img_58.jpg
17586,1280,720,631.94293,353.39117,986.8637,986.74805,-1.457,-0.197,0.981,0.162362,-0.332463,-0.063460,-0.926865,img_59.jpg
17651,1280,720,631.94293,353.39117,986.8637,986.74805,-1.488,-0.189,0.942,0.152690,-0.332430,-0.066250,-0.928325,img_60.jpg
17718,1280,720,631.94293,353.39117,986.8637,986.74805,-1.516,-0.184,0.900,0.150888,-0.333952,-0.063933,-0.928236,img_61.jpg
17788,1280,720,631.94293,353.39117,986.8637,986.74805,-1.557,-0.185,0.835,0.147371,-0.337546,-0.057737,-0.927907,img_62.jpg
17869,1280,720,631.94293,353.39117,986.8637,986.74805,-1.580,-0.186,0.789,0.142447,-0.342443,-0.054347,-0.927086,img_63.jpg
17952,1280,720,631.94293,353.39117,986.8637,986.74805,-1.612,-0.188,0.715,0.135010,-0.361412,-0.046260,-0.921420,img_64.jpg
18036,1280,720,631.94293,353.39117,986.8637,986.74805,-1.636,-0.187,0.661,0.127650,-0.379539,-0.044666,-0.915238,img_65.jpg
18099,1280,720,631.94293,353.39117,986.8637,986.74805,-1.662,-0.181,0.607,0.124594,-0.405273,-0.044880,-0.904553,img_66.jpg
18186,1280,720,631.94293,353.39117,986.8637,986.74805,-1.706,-0.170,0.525,0.129398,-0.437652,-0.052219,-0.888251,img_67.jpg
18270,1280,720,631.94293,353.39117,986.8637,986.74805,-1.731,-0.163,0.479,0.125099,-0.460227,-0.056544,-0.877123,img_68.jpg
18352,1280,720,631.94293,353.39117,986.8637,986.74805,-1.760,-0.159,0.431,0.124366,-0.475669,-0.059288,-0.868768,img_69.jpg
18425,1280,720,631.94293,353.39117,986.8637,986.74805,-1.809,-0.159,0.359,0.133611,-0.498886,-0.058362,-0.854316,img_70.jpg
18503,1280,720,631.94293,353.39117,986.8637,986.74805,-1.844,-0.163,0.311,0.131636,-0.514463,-0.057679,-0.845384,img_71.jpg
18585,1280,720,631.94293,353.39117,986.8637,986.74805,-1.882,-0.170,0.263,0.127471,-0.526297,-0.059947,-0.838552,img_72.jpg
18658,1280,720,631.94293,353.39117,986.8637,986.74805,-1.944,-0.186,0.193,0.124368,-0.540425,-0.065199,-0.829592,img_73.jpg
18753,1280,720,631.94293,353.39117,986.8637,986.74805,-2.012,-0.195,0.134,0.105335,-0.552376,-0.078461,-0.823183,img_74.jpg
18836,1280,720,631.94293,353.39117,986.8637,986.74805,-2.059,-0.196,0.090,0.105025,-0.552435,-0.090847,-0.821907,img_75.jpg
18920,1280,720,631.94293,353.39117,986.8637,986.74805,-2.106,-0.190,0.052,0.108744,-0.565424,-0.084912,-0.813179,img_76.jpg
18991,1280,720,631.94293,353.39117,986.8637,986.74805,-2.182,-0.190,-0.013,0.112433,-0.575204,-0.084994,-0.805776,img_77.jpg
19085,1280,720,631.94293,353.39117,986.8637,986.74805,-2.234,-0.192,-0.053,0.112014,-0.585895,-0.080997,-0.798511,img_78.jpg
19159,1280,720,631.94293,353.39117,986.8637,986.74805,-2.312,-0.201,-0.114,0.113504,-0.605140,-0.077253,-0.784190,img_79.jpg
19253,1280,720,631.94293,353.39117,986.8637,986.74805,-2.372,-0.208,-0.159,0.108622,-0.617126,-0.078950,-0.775322,img_80.jpg
19331,1280,720,631.94293,353.39117,986.8637,986.74805,-2.459,-0.219,-0.233,0.101823,-0.634804,-0.074137,-0.762339,img_81.jpg
19420,1280,720,631.94293,353.39117,986.8637,986.74805,-2.517,-0.220,-0.285,0.101943,-0.642443,-0.072024,-0.756100,img_82.jpg
19496,1280,720,631.94293,353.39117,986.8637,986.74805,-2.602,-0.208,-0.363,0.102922,-0.643906,-0.072045,-0.754719,img_83.jpg
19585,1280,720,631.94293,353.39117,986.8637,986.74805,-2.661,-0.205,-0.413,0.106941,-0.642689,-0.075988,-0.754811,img_84.jpg
19666,1280,720,631.94293,353.39117,986.8637,986.74805,-2.751,-0.203,-0.474,0.121498,-0.646210,-0.078035,-0.749374,img_85.jpg
19769,1280,720,631.94293,353.39117,986.8637,986.74805,-2.850,-0.214,-0.524,0.127515,-0.652220,-0.085080,-0.742368,img_86.jpg
19851,1280,720,631.94293,353.39117,986.8637,986.74805,-2.915,-0.224,-0.556,0.127023,-0.657706,-0.084646,-0.737647,img_87.jpg
19936,1280,720,631.94293,353.39117,986.8637,986.74805,-3.012,-0.238,-0.593,0.126128,-0.663742,-0.081235,-0.732762,img_88.jpg
20020,1280,720,631.94293,353.39117,986.8637,986.74805,-3.070,-0.245,-0.609,0.114387,-0.668147,-0.080707,-0.730741,img_89.jpg
20094,1280,720,631.94293,353.39117,986.8637,986.74805,-3.181,-0.245,-0.656,0.118163,-0.668761,-0.092913,-0.728123,img_90.jpg
20185,1280,720,631.94293,353.39117,986.8637,986.74805,-3.241,-0.242,-0.674,0.115797,-0.668354,-0.100063,-0.727929,img_91.jpg
20262,1280,720,631.94293,353.39117,986.8637,986.74805,-3.339,-0.238,-0.714,0.116427,-0.673434,-0.097344,-0.723502,img_92.jpg
20352,1280,720,631.94293,353.39117,986.8637,986.74805,-3.395,-0.240,-0.726,0.115712,-0.677039,-0.090315,-0.721161,img_93.jpg
20421,1280,720,631.94293,353.39117,986.8637,986.74805,-3.503,-0.251,-0.761,0.121437,-0.687178,-0.085001,-0.711206,img_94.jpg
20519,1280,720,631.94293,353.39117,986.8637,986.74805,-3.573,-0.259,-0.779,0.114935,-0.693626,-0.088513,-0.705577,img_95.jpg
20595,1280,720,631.94293,353.39117,986.8637,986.74805,-3.684,-0.268,-0.813,0.109540,-0.700551,-0.089007,-0.699505,img_96.jpg
20685,1280,720,631.94293,353.39117,986.8637,986.74805,-3.764,-0.261,-0.837,0.116936,-0.702979,-0.092572,-0.695396,img_97.jpg
20756,1280,720,631.94293,353.39117,986.8637,986.74805,-3.870,-0.248,-0.865,0.117551,-0.709898,-0.088326,-0.688786,img_98.jpg
20836,1280,720,631.94293,353.39117,986.8637,986.74805,-3.943,-0.243,-0.880,0.120633,-0.711532,-0.091111,-0.686199,img_99.jpg
20919,1280,720,631.94293,353.39117,986.8637,986.74805,-4.053,-0.245,-0.898,0.127578,-0.714399,-0.098172,-0.680971,img_100.jpg
21002,1280,720,631.94293,353.39117,986.8637,986.74805,-4.129,-0.253,-0.909,0.125477,-0.715230,-0.101983,-0.679928,img_101.jpg
21071,1280,720,631.94293,353.39117,986.8637,986.74805,-4.215,-0.263,-0.923,0.120474,-0.715794,-0.099652,-0.680584,img_102.jpg
21141,1280,720,631.94293,353.39117,986.8637,986.74805,-4.285,-0.271,-0.929,0.115534,-0.716485,-0.093335,-0.681608,img_103.jpg
21210,1280,720,631.94293,353.39117,986.8637,986.74805,-4.361,-0.275,-0.936,0.108636,-0.719369,-0.088573,-0.680339,img_104.jpg
21284,1280,720,631.94293,353.39117,986.8637,986.74805,-4.483,-0.275,-0.951,0.115541,-0.709058,-0.108350,-0.687130,img_105.jpg
21368,1280,720,631.94293,353.39117,986.8637,986.74805,-4.562,-0.270,-0.963,0.118326,-0.709391,-0.104088,-0.686971,img_106.jpg
21438,1280,720,631.94293,353.39117,986.8637,986.74805,-4.640,-0.268,-0.973,0.116869,-0.702868,-0.106512,-0.693523,img_107.jpg
21508,1280,720,631.94293,353.39117,986.8637,986.74805,-4.715,-0.270,-0.985,0.124788,-0.700789,-0.098610,-0.695413,img_108.jpg
21580,1280,720,631.94293,353.39117,986.8637,986.74805,-4.790,-0.272,-0.997,0.130518,-0.698817,-0.091549,-0.697308,img_109.jpg
21652,1280,720,631.94293,353.39117,986.8637,986.74805,-4.914,-0.282,-1.018,0.127265,-0.699042,-0.084134,-0.698617,img_110.jpg
21734,1280,720,631.94293,353.39117,986.8637,986.74805,-4.996,-0.286,-1.032,0.119198,-0.703329,-0.079904,-0.696229,img_111.jpg
21808,1280,720,631.94293,353.39117,986.8637,986.74805,-5.070,-0.284,-1.045,0.118145,-0.707012,-0.077678,-0.692923,img_112.jpg
21886,1280,720,631.94293,353.39117,986.8637,986.74805,-5.192,-0.271,-1.061,0.118389,-0.707279,-0.082594,-0.692039,img_113.jpg
21984,1280,720,631.94293,353.39117,986.8637,986.74805,-5.276,-0.263,-1.073,0.116092,-0.710109,-0.080143,-0.689815,img_114.jpg
22065,1280,720,631.94293,353.39117,986.8637,986.74805,-5.388,-0.256,-1.079,0.129716,-0.712602,-0.080405,-0.684768,img_115.jpg
22153,1280,720,631.94293,353.39117,986.8637,986.74805,-5.498,-0.256,-1.080,0.124504,-0.716649,-0.082747,-0.681224,img_116.jpg
22252,1280,720,631.94293,353.39117,986.8637,986.74805,-5.611,-0.265,-1.075,0.114840,-0.720001,-0.081468,-0.679540,img_117.jpg
22351,1280,720,631.94293,353.39117,986.8637,986.74805,-5.685,-0.271,-1.068,0.111339,-0.720289,-0.082934,-0.679639,img_118.jpg
22424,1280,720,631.94293,353.39117,986.8637,986.74805,-5.803,-0.271,-1.056,0.091981,-0.716039,-0.085338,-0.686691,img_119.jpg
22518,1280,720,631.94293,353.39117,986.8637,986.74805,-5.886,-0.265,-1.049,0.102307,-0.712456,-0.091089,-0.688217,img_120.jpg
22593,1280,720,631.94293,353.39117,986.8637,986.74805,-6.023,-0.254,-1.047,0.108328,-0.711462,-0.088520,-0.688659,img_121.jpg
22685,1280,720,631.94293,353.39117,986.8637,986.74805,-6.138,-0.252,-1.045,0.111310,-0.710505,-0.081063,-0.690088,img_122.jpg
22767,1280,720,631.94293,353.39117,986.8637,986.74805,-6.217,-0.258,-1.044,0.118183,-0.712101,-0.076965,-0.687766,img_123.jpg
22838,1280,720,631.94293,353.39117,986.8637,986.74805,-6.298,-0.266,-1.043,0.117890,-0.714243,-0.073127,-0.686011,img_124.jpg
22907,1280,720,631.94293,353.39117,986.8637,986.74805,-6.377,-0.274,-1.041,0.106094,-0.717517,-0.070441,-0.684800,img_125.jpg
22984,1280,720,631.94293,353.39117,986.8637,986.74805,-6.457,-0.279,-1.043,0.092867,-0.720050,-0.069577,-0.684151,img_126.jpg
23052,1280,720,631.94293,353.39117,986.8637,986.74805,-6.574,-0.271,-1.046,0.084440,-0.721659,-0.075476,-0.682921,img_127.jpg
23133,1280,720,631.94293,353.39117,986.8637,986.74805,-6.651,-0.262,-1.051,0.077128,-0.725100,-0.072042,-0.680508,img_128.jpg
23202,1280,720,631.94293,353.39117,986.8637,986.74805,-6.724,-0.259,-1.053,0.072557,-0.719276,-0.078229,-0.686483,img_129.jpg
23270,1280,720,631.94293,353.39117,986.8637,986.74805,-6.793,-0.258,-1.052,0.081491,-0.721110,-0.081780,-0.683133,img_130.jpg
23336,1280,720,631.94293,353.39117,986.8637,986.74805,-6.870,-0.263,-1.048,0.080513,-0.722259,-0.088848,-0.681150,img_131.jpg
23418,1280,720,631.94293,353.39117,986.8637,986.74805,-6.947,-0.270,-1.043,0.078139,-0.725658,-0.091455,-0.677459,img_132.jpg
23484,1280,720,631.94293,353.39117,986.8637,986.74805,-7.062,-0.285,-1.034,0.078555,-0.727689,-0.091107,-0.675276,img_133.jpg
23567,1280,720,631.94293,353.39117,986.8637,986.74805,-7.137,-0.291,-1.026,0.073993,-0.727730,-0.090144,-0.675876,img_134.jpg
23631,1280,720,631.94293,353.39117,986.8637,986.74805,-7.215,-0.293,-1.020,0.080606,-0.728961,-0.094806,-0.673149,img_135.jpg
23699,1280,720,631.94293,353.39117,986.8637,986.74805,-7.287,-0.292,-1.009,0.091837,-0.728738,-0.108507,-0.669876,img_136.jpg
23784,1280,720,631.94293,353.39117,986.8637,986.74805,-7.366,-0.290,-1.006,0.092347,-0.724977,-0.111785,-0.673339,img_137.jpg
23863,1280,720,631.94293,353.39117,986.8637,986.74805,-7.481,-0.290,-1.006,0.101220,-0.714729,-0.107696,-0.683607,img_138.jpg
23950,1280,720,631.94293,353.39117,986.8637,986.74805,-7.597,-0.293,-1.009,0.107076,-0.706116,-0.095088,-0.693465,img_139.jpg
24035,1280,720,631.94293,353.39117,986.8637,986.74805,-7.680,-0.299,-1.010,0.096318,-0.704144,-0.091166,-0.697562,img_140.jpg
24119,1280,720,631.94293,353.39117,986.8637,986.74805,-7.757,-0.303,-1.006,0.088198,-0.705412,-0.085962,-0.698016,img_141.jpg
24199,1280,720,631.94293,353.39117,986.8637,986.74805,-7.889,-0.301,-1.012,0.087228,-0.711040,-0.077057,-0.693452,img_142.jpg
24284,1280,720,631.94293,353.39117,986.8637,986.74805,-8.001,-0.290,-1.013,0.089733,-0.715161,-0.078475,-0.688720,img_143.jpg
24368,1280,720,631.94293,353.39117,986.8637,986.74805,-8.078,-0.284,-1.013,0.086663,-0.716534,-0.075007,-0.688072,img_144.jpg
24450,1280,720,631.94293,353.39117,986.8637,986.74805,-8.197,-0.283,-1.007,0.102001,-0.715971,-0.082345,-0.685712,img_145.jpg
24535,1280,720,631.94293,353.39117,986.8637,986.74805,-8.268,-0.283,-1.000,0.106471,-0.713512,-0.087497,-0.686956,img_146.jpg
24619,1280,720,631.94293,353.39117,986.8637,986.74805,-8.404,-0.296,-0.990,0.098883,-0.711210,-0.090418,-0.690092,img_147.jpg
24723,1280,720,631.94293,353.39117,986.8637,986.74805,-8.525,-0.308,-0.976,0.089118,-0.706664,-0.087197,-0.696478,img_148.jpg
24818,1280,720,631.94293,353.39117,986.8637,986.74805,-8.646,-0.311,-0.956,0.083469,-0.699223,-0.095539,-0.703557,img_149.jpg
24902,1280,720,631.94293,353.39117,986.8637,986.74805,-8.728,-0.306,-0.949,0.096196,-0.697466,-0.096206,-0.703585,img_150.jpg
24978,1280,720,631.94293,353.39117,986.8637,986.74805,-8.813,-0.304,-0.944,0.097093,-0.690445,-0.095944,-0.710389,img_151.jpg
25067,1280,720,631.94293,353.39117,986.8637,986.74805,-8.930,-0.308,-0.935,0.109028,-0.682448,-0.096415,-0.716297,img_152.jpg
25140,1280,720,631.94293,353.39117,986.8637,986.74805,-9.008,-0.315,-0.931,0.115928,-0.678477,-0.093533,-0.719362,img_153.jpg
25215,1280,720,631.94293,353.39117,986.8637,986.74805,-9.084,-0.319,-0.930,0.115190,-0.677574,-0.090436,-0.720726,img_154.jpg
25302,1280,720,631.94293,353.39117,986.8637,986.74805,-9.204,-0.326,-0.925,0.106854,-0.680095,-0.085073,-0.720289,img_155.jpg
25372,1280,720,631.94293,353.39117,986.8637,986.74805,-9.283,-0.322,-0.926,0.108516,-0.684243,-0.082585,-0.716390,img_156.jpg
25458,1280,720,631.94293,353.39117,986.8637,986.74805,-9.406,-0.316,-0.917,0.108791,-0.689363,-0.088003,-0.710773,img_157.jpg
25550,1280,720,631.94293,353.39117,986.8637,986.74805,-9.524,-0.305,-0.912,0.112924,-0.686482,-0.090581,-0.712591,img_158.jpg
25633,1280,720,631.94293,353.39117,986.8637,986.74805,-9.599,-0.299,-0.907,0.114188,-0.686484,-0.089305,-0.712549,img_159.jpg
25718,1280,720,631.94293,353.39117,986.8637,986.74805,-9.673,-0.298,-0.902,0.108296,-0.684986,-0.089627,-0.714866,img_160.jpg
25791,1280,720,631.94293,353.39117,986.8637,986.74805,-9.792,-0.307,-0.889,0.104016,-0.685965,-0.086777,-0.714914,img_161.jpg
25883,1280,720,631.94293,353.39117,986.8637,986.74805,-9.909,-0.319,-0.867,0.093872,-0.687870,-0.083428,-0.714887,img_162.jpg
25966,1280,720,631.94293,353.39117,986.8637,986.74805,-9.993,-0.323,-0.855,0.088386,-0.687170,-0.083182,-0.716286,img_163.jpg
26040,1280,720,631.94293,353.39117,986.8637,986.74805,-10.071,-0.324,-0.842,0.089818,-0.680296,-0.094022,-0.721311,img_164.jpg
26134,1280,720,631.94293,353.39117,986.8637,986.74805,-10.184,-0.325,-0.830,0.099856,-0.674171,-0.101383,-0.724737,img_165.jpg
26218,1280,720,631.94293,353.39117,986.8637,986.74805,-10.300,-0.329,-0.820,0.105453,-0.670233,-0.106851,-0.726809,img_166.jpg
26302,1280,720,631.94293,353.39117,986.8637,986.74805,-10.375,-0.335,-0.817,0.113556,-0.667144,-0.105195,-0.728669,img_167.jpg
26373,1280,720,631.94293,353.39117,986.8637,986.74805,-10.457,-0.343,-0.817,0.112623,-0.665934,-0.099820,-0.730674,img_168.jpg
26451,1280,720,631.94293,353.39117,986.8637,986.74805,-10.593,-0.353,-0.815,0.101580,-0.665849,-0.089389,-0.733714,img_169.jpg
26532,1280,720,631.94293,353.39117,986.8637,986.74805,-10.679,-0.354,-0.818,0.100685,-0.666560,-0.081869,-0.734070,img_170.jpg
26617,1280,720,631.94293,353.39117,986.8637,986.74805,-10.804,-0.344,-0.824,0.101410,-0.662163,-0.083044,-0.737808,img_171.jpg
26700,1280,720,631.94293,353.39117,986.8637,986.74805,-10.882,-0.335,-0.825,0.088283,-0.659556,-0.082588,-0.741870,img_172.jpg
26773,1280,720,631.94293,353.39117,986.8637,986.74805,-10.959,-0.322,-0.822,0.092137,-0.658540,-0.081720,-0.742400,img_173.jpg
26850,1280,720,631.94293,353.39117,986.8637,986.74805,-11.089,-0.315,-0.814,0.088042,-0.659442,-0.076718,-0.742630,img_174.jpg
26932,1280,720,631.94293,353.39117,986.8637,986.74805,-11.173,-0.318,-0.811,0.090568,-0.660970,-0.073958,-0.741247,img_175.jpg
27014,1280,720,631.94293,353.39117,986.8637,986.74805,-11.256,-0.324,-0.804,0.093698,-0.665186,-0.071124,-0.737353,img_176.jpg
27091,1280,720,631.94293,353.39117,986.8637,986.74805,-11.378,-0.340,-0.794,0.081748,-0.674471,-0.078680,-0.729531,img_177.jpg
27183,1280,720,631.94293,353.39117,986.8637,986.74805,-11.489,-0.352,-0.790,0.090348,-0.673245,-0.101452,-0.726833,img_178.jpg
27267,1280,720,631.94293,353.39117,986.8637,986.74805,-11.559,-0.352,-0.795,0.111390,-0.675807,-0.110989,-0.720110,img_179.jpg
27366,1280,720,631.94293,353.39117,986.8637,986.74805,-11.652,-0.352,-0.803,0.104148,-0.670125,-0.119226,-0.725169,img_180.jpg
27440,1280,720,631.94293,353.39117,986.8637,986.74805,-11.724,-0.355,-0.814,0.105820,-0.665398,-0.112563,-0.730327,img_181.jpg
27513,1280,720,631.94293,353.39117,986.8637,986.74805,-11.793,-0.359,-0.831,0.114197,-0.659201,-0.105599,-0.735705,img_182.jpg
27602,1280,720,631.94293,353.39117,986.8637,986.74805,-11.900,-0.365,-0.853,0.108448,-0.660246,-0.097340,-0.736776,img_183.jpg
27683,1280,720,631.94293,353.39117,986.8637,986.74805,-11.986,-0.367,-0.866,0.099917,-0.665677,-0.092677,-0.733691,img_184.jpg
27760,1280,720,631.94293,353.39117,986.8637,986.74805,-12.111,-0.358,-0.888,0.090296,-0.671850,-0.092897,-0.729270,img_185.jpg
27849,1280,720,631.94293,353.39117,986.8637,986.74805,-12.222,-0.340,-0.913,0.102254,-0.676283,-0.089368,-0.724016,img_186.jpg
27932,1280,720,631.94293,353.39117,986.8637,986.74805,-12.300,-0.335,-0.921,0.097317,-0.673876,-0.090539,-0.726789,img_187.jpg
28017,1280,720,631.94293,353.39117,986.8637,986.74805,-12.375,-0.331,-0.925,0.112351,-0.675648,-0.090031,-0.723029,img_188.jpg
28090,1280,720,631.94293,353.39117,986.8637,986.74805,-12.492,-0.341,-0.926,0.112090,-0.673423,-0.094531,-0.724570,img_189.jpg
28165,1280,720,631.94293,353.39117,986.8637,986.74805,-12.551,-0.351,-0.923,0.113437,-0.677657,-0.093788,-0.720498,img_190.jpg
28235,1280,720,631.94293,353.39117,986.8637,986.74805,-12.630,-0.363,-0.920,0.107707,-0.678637,-0.095270,-0.720260,img_191.jpg
28310,1280,720,631.94293,353.39117,986.8637,986.74805,-12.699,-0.372,-0.916,0.104142,-0.680547,-0.098389,-0.718561,img_192.jpg
28383,1280,720,631.94293,353.39117,986.8637,986.74805,-12.816,-0.376,-0.909,0.096721,-0.675091,-0.110227,-0.723013,img_193.jpg
28465,1280,720,631.94293,353.39117,986.8637,986.74805,-12.896,-0.372,-0.908,0.104997,-0.673216,-0.113494,-0.723101,img_194.jpg
28540,1280,720,631.94293,353.39117,986.8637,986.74805,-12.968,-0.370,-0.906,0.102257,-0.670195,-0.116740,-0.725778,img_195.jpg
28619,1280,720,631.94293,353.39117,986.8637,986.74805,-13.073,-0.367,-0.907,0.107444,-0.668839,-0.113357,-0.726816,img_196.jpg
28700,1280,720,631.94293,353.39117,986.8637,986.74805,-13.147,-0.369,-0.910,0.108326,-0.666929,-0.111161,-0.728776,img_197.jpg
28777,1280,720,631.94293,353.39117,986.8637,986.74805,-13.223,-0.373,-0.909,0.107762,-0.665003,-0.108210,-0.731060,img_198.jpg
28865,1280,720,631.94293,353.39117,986.8637,986.74805,-13.343,-0.377,-0.915,0.101056,-0.670242,-0.096641,-0.728851,img_199.jpg
28941,1280,720,631.94293,353.39117,986.8637,986.74805,-13.426,-0.376,-0.920,0.098291,-0.675791,-0.094437,-0.724380,img_200.jpg
29021,1280,720,631.94293,353.39117,986.8637,986.74805,-13.546,-0.363,-0.929,0.110594,-0.679774,-0.092514,-0.719109,img_201.jpg
29100,1280,720,631.94293,353.39117,986.8637,986.74805,-13.618,-0.357,-0.931,0.101392,-0.680330,-0.093551,-0.719805,img_202.jpg
29182,1280,720,631.94293,353.39117,986.8637,986.74805,-13.721,-0.351,-0.932,0.112798,-0.683144,-0.096444,-0.715045,img_203.jpg
29265,1280,720,631.94293,353.39117,986.8637,986.74805,-13.805,-0.350,-0.926,0.108659,-0.684318,-0.105743,-0.713247,img_204.jpg
29349,1280,720,631.94293,353.39117,986.8637,986.74805,-13.924,-0.361,-0.918,0.092586,-0.687534,-0.110663,-0.711673,img_205.jpg
29432,1280,720,631.94293,353.39117,986.8637,986.74805,-14.002,-0.369,-0.915,0.085191,-0.686724,-0.107773,-0.713819,img_206.jpg
29503,1280,720,631.94293,353.39117,986.8637,986.74805,-14.076,-0.373,-0.911,0.084682,-0.688267,-0.103532,-0.713021,img_207.jpg
29577,1280,720,631.94293,353.39117,986.8637,986.74805,-14.152,-0.377,-0.907,0.100064,-0.684064,-0.105980,-0.714712,img_208.jpg
29657,1280,720,631.94293,353.39117,986.8637,986.74805,-14.265,-0.368,-0.900,0.112545,-0.686027,-0.104217,-0.711223,img_209.jpg
29748,1280,720,631.94293,353.39117,986.8637,986.74805,-14.372,-0.366,-0.898,0.107708,-0.684484,-0.105478,-0.713271,img_210.jpg
29831,1280,720,631.94293,353.39117,986.8637,986.74805,-14.450,-0.370,-0.900,0.118796,-0.681634,-0.101967,-0.714748,img_211.jpg
29915,1280,720,631.94293,353.39117,986.8637,986.74805,-14.565,-0.380,-0.904,0.122576,-0.685832,-0.096868,-0.710793,img_212.jpg
29999,1280,720,631.94293,353.39117,986.8637,986.74805,-14.654,-0.385,-0.909,0.126976,-0.699861,-0.089571,-0.697172,img_213.jpg
30073,1280,720,631.94293,353.39117,986.8637,986.74805,-14.743,-0.387,-0.913,0.119662,-0.705142,-0.086696,-0.693498,img_214.jpg
30153,1280,720,631.94293,353.39117,986.8637,986.74805,-14.874,-0.382,-0.922,0.121042,-0.705119,-0.088444,-0.693061,img_215.jpg
30231,1280,720,631.94293,353.39117,986.8637,986.74805,-14.953,-0.376,-0.927,0.125940,-0.710046,-0.087686,-0.687230,img_216.jpg
30304,1280,720,631.94293,353.39117,986.8637,986.74805,-15.035,-0.372,-0.927,0.120798,-0.703925,-0.096451,-0.693249,img_217.jpg
30379,1280,720,631.94293,353.39117,986.8637,986.74805,-15.156,-0.372,-0.928,0.126302,-0.704014,-0.105102,-0.690917,img_218.jpg
30465,1280,720,631.94293,353.39117,986.8637,986.74805,-15.235,-0.376,-0.925,0.118814,-0.705001,-0.110697,-0.690364,img_219.jpg
30537,1280,720,631.94293,353.39117,986.8637,986.74805,-15.315,-0.384,-0.921,0.107987,-0.705846,-0.108413,-0.691641,img_220.jpg
30614,1280,720,631.94293,353.39117,986.8637,986.74805,-15.443,-0.392,-0.915,0.100196,-0.708325,-0.101271,-0.691361,img_221.jpg
30699,1280,720,631.94293,353.39117,986.8637,986.74805,-15.522,-0.392,-0.909,0.095384,-0.710069,-0.102074,-0.690134,img_222.jpg
30774,1280,720,631.94293,353.39117,986.8637,986.74805,-15.596,-0.388,-0.906,0.114009,-0.709667,-0.108664,-0.686708,img_223.jpg
30850,1280,720,631.94293,353.39117,986.8637,986.74805,-15.706,-0.380,-0.902,0.101472,-0.710876,-0.107773,-0.687564,img_224.jpg
30931,1280,720,631.94293,353.39117,986.8637,986.74805,-15.781,-0.382,-0.902,0.112394,-0.708771,-0.108297,-0.687955,img_225.jpg
31004,1280,720,631.94293,353.39117,986.8637,986.74805,-15.862,-0.387,-0.903,0.121544,-0.706628,-0.103004,-0.689415,img_226.jpg
31086,1280,720,631.94293,353.39117,986.8637,986.74805,-15.967,-0.393,-0.902,0.113295,-0.708533,-0.092124,-0.690404,img_227.jpg
31181,1280,720,631.94293,353.39117,986.8637,986.74805,-16.082,-0.400,-0.907,0.103088,-0.709249,-0.085375,-0.692134,img_228.jpg
31265,1280,720,631.94293,353.39117,986.8637,986.74805,-16.169,-0.402,-0.913,0.103301,-0.710062,-0.085002,-0.691314,img_229.jpg
31344,1280,720,631.94293,353.39117,986.8637,986.74805,-16.255,-0.397,-0.919,0.109759,-0.707967,-0.084970,-0.692471,img_230.jpg
31432,1280,720,631.94293,353.39117,986.8637,986.74805,-16.371,-0.391,-0.922,0.108409,-0.707123,-0.090413,-0.692857,img_231.jpg
31506,1280,720,631.94293,353.39117,986.8637,986.74805,-16.446,-0.388,-0.921,0.117849,-0.706680,-0.096973,-0.690878,img_232.jpg
31581,1280,720,631.94293,353.39117,986.8637,986.74805,-16.554,-0.393,-0.916,0.123709,-0.707557,-0.107694,-0.687358,img_233.jpg
31665,1280,720,631.94293,353.39117,986.8637,986.74805,-16.625,-0.402,-0.911,0.112829,-0.711350,-0.109548,-0.685019,img_234.jpg
31747,1280,720,631.94293,353.39117,986.8637,986.74805,-16.703,-0.410,-0.905,0.104577,-0.711235,-0.107511,-0.686768,img_235.jpg
31826,1280,720,631.94293,353.39117,986.8637,986.74805,-16.825,-0.415,-0.897,0.098860,-0.711319,-0.101780,-0.688399,img_236.jpg
31917,1280,720,631.94293,353.39117,986.8637,986.74805,-16.928,-0.412,-0.884,0.107021,-0.704288,-0.109206,-0.693253,img_237.jpg
31999,1280,720,631.94293,353.39117,986.8637,986.74805,-17.006,-0.403,-0.880,0.112095,-0.706020,-0.104937,-0.691346,img_238.jpg
32077,1280,720,631.94293,353.39117,986.8637,986.74805,-17.070,-0.402,-0.876,0.105024,-0.701502,-0.108812,-0.696437,img_239.jpg
32159,1280,720,631.94293,353.39117,986.8637,986.74805,-17.183,-0.404,-0.878,0.108668,-0.698647,-0.102866,-0.699644,img_240.jpg
32249,1280,720,631.94293,353.39117,986.8637,986.74805,-17.288,-0.414,-0.877,0.092059,-0.698772,-0.105103,-0.701567,img_241.jpg
32332,1280,720,631.94293,353.39117,986.8637,986.74805,-17.365,-0.420,-0.879,0.085528,-0.705753,-0.100655,-0.696036,img_242.jpg
32417,1280,720,631.94293,353.39117,986.8637,986.74805,-17.479,-0.419,-0.883,0.086922,-0.712050,-0.094416,-0.690301,img_243.jpg
32498,1280,720,631.94293,353.39117,986.8637,986.74805,-17.552,-0.405,-0.888,0.091320,-0.709411,-0.094020,-0.692501,img_244.jpg
32576,1280,720,631.94293,353.39117,986.8637,986.74805,-17.653,-0.387,-0.890,0.083848,-0.711604,-0.089400,-0.691807,img_245.jpg
32664,1280,720,631.94293,353.39117,986.8637,986.74805,-17.737,-0.379,-0.889,0.087646,-0.712011,-0.091267,-0.690672,img_246.jpg
32733,1280,720,631.94293,353.39117,986.8637,986.74805,-17.807,-0.379,-0.882,0.093570,-0.713042,-0.094229,-0.688431,img_247.jpg
32802,1280,720,631.94293,353.39117,986.8637,986.74805,-17.882,-0.388,-0.876,0.100211,-0.708386,-0.099067,-0.691616,img_248.jpg
32871,1280,720,631.94293,353.39117,986.8637,986.74805,-17.959,-0.407,-0.867,0.095398,-0.705408,-0.105412,-0.694397,img_249.jpg
32944,1280,720,631.94293,353.39117,986.8637,986.74805,-18.075,-0.420,-0.848,0.088045,-0.709496,-0.108780,-0.690674,img_250.jpg
33031,1280,720,631.94293,353.39117,986.8637,986.74805,-18.146,-0.420,-0.834,0.073246,-0.706247,-0.111685,-0.695253,img_251.jpg
33097,1280,720,631.94293,353.39117,986.8637,986.74805,-18.215,-0.411,-0.826,0.087895,-0.704328,-0.109869,-0.695792,img_252.jpg
33167,1280,720,631.94293,353.39117,986.8637,986.74805,-18.296,-0.405,-0.820,0.079440,-0.699880,-0.107847,-0.701589,img_253.jpg
33235,1280,720,631.94293,353.39117,986.8637,986.74805,-18.378,-0.406,-0.815,0.082490,-0.695398,-0.109398,-0.705442,img_254.jpg
33301,1280,720,631.94293,353.39117,986.8637,986.74805,-18.446,-0.409,-0.812,0.096267,-0.694087,-0.105275,-0.705616,img_255.jpg
33367,1280,720,631.94293,353.39117,986.8637,986.74805,-18.523,-0.416,-0.807,0.102147,-0.692106,-0.104034,-0.706917,img_256.jpg
33438,1280,720,631.94293,353.39117,986.8637,986.74805,-18.560,-0.426,-0.797,0.097868,-0.694327,-0.103536,-0.705416,img_257.jpg
33500,1280,720,631.94293,353.39117,986.8637,986.74805,-18.636,-0.433,-0.792,0.095927,-0.698008,-0.103625,-0.702029,img_258.jpg
33581,1280,720,631.94293,353.39117,986.8637,986.74805,-18.755,-0.437,-0.792,0.096288,-0.702927,-0.102782,-0.697178,img_259.jpg
33663,1280,720,631.94293,353.39117,986.8637,986.74805,-18.835,-0.434,-0.789,0.103002,-0.699719,-0.112572,-0.697934,img_260.jpg
33747,1280,720,631.94293,353.39117,986.8637,986.74805,-18.942,-0.432,-0.787,0.105619,-0.700233,-0.111887,-0.697137,img_261.jpg
33814,1280,720,631.94293,353.39117,986.8637,986.74805,-19.015,-0.432,-0.780,0.116782,-0.695455,-0.121121,-0.698595,img_262.jpg
33897,1280,720,631.94293,353.39117,986.8637,986.74805,-19.067,-0.436,-0.772,0.116762,-0.693607,-0.125103,-0.699732,img_263.jpg
33980,1280,720,631.94293,353.39117,986.8637,986.74805,-19.183,-0.460,-0.755,0.116897,-0.693279,-0.140915,-0.697024,img_264.jpg
34063,1280,720,631.94293,353.39117,986.8637,986.74805,-19.256,-0.471,-0.746,0.119170,-0.694280,-0.140757,-0.695674,img_265.jpg
34130,1280,720,631.94293,353.39117,986.8637,986.74805,-19.327,-0.476,-0.731,0.117389,-0.696790,-0.134215,-0.694759,img_266.jpg
34193,1280,720,631.94293,353.39117,986.8637,986.74805,-19.401,-0.474,-0.718,0.108323,-0.695497,-0.129398,-0.698431,img_267.jpg
34262,1280,720,631.94293,353.39117,986.8637,986.74805,-19.486,-0.464,-0.705,0.117941,-0.689280,-0.132002,-0.702537,img_268.jpg
34330,1280,720,631.94293,353.39117,986.8637,986.74805,-19.551,-0.451,-0.697,0.115924,-0.688468,-0.118810,-0.706015,img_269.jpg
34391,1280,720,631.94293,353.39117,986.8637,986.74805,-19.619,-0.443,-0.688,0.109343,-0.681271,-0.119538,-0.713880,img_270.jpg
34479,1280,720,631.94293,353.39117,986.8637,986.74805,-19.724,-0.442,-0.678,0.103595,-0.672810,-0.108344,-0.724470,img_271.jpg
34563,1280,720,631.94293,353.39117,986.8637,986.74805,-19.800,-0.442,-0.676,0.104923,-0.665528,-0.097792,-0.732462,img_272.jpg
34636,1280,720,631.94293,353.39117,986.8637,986.74805,-19.873,-0.440,-0.676,0.095792,-0.659842,-0.085188,-0.740389,img_273.jpg
34701,1280,720,631.94293,353.39117,986.8637,986.74805,-19.948,-0.440,-0.677,0.094505,-0.660308,-0.074675,-0.741274,img_274.jpg
34771,1280,720,631.94293,353.39117,986.8637,986.74805,-20.025,-0.436,-0.677,0.092967,-0.661110,-0.066350,-0.741545,img_275.jpg
34845,1280,720,631.94293,353.39117,986.8637,986.74805,-20.140,-0.421,-0.678,0.091819,-0.662101,-0.053271,-0.741858,img_276.jpg
34929,1280,720,631.94293,353.39117,986.8637,986.74805,-20.216,-0.413,-0.678,0.095191,-0.664096,-0.047980,-0.740009,img_277.jpg
34990,1280,720,631.94293,353.39117,986.8637,986.74805,-20.303,-0.414,-0.672,0.102074,-0.667023,-0.060691,-0.735512,img_278.jpg
35062,1280,720,631.94293,353.39117,986.8637,986.74805,-20.376,-0.416,-0.672,0.102740,-0.672351,-0.068954,-0.729818,img_279.jpg
35125,1280,720,631.94293,353.39117,986.8637,986.74805,-20.453,-0.422,-0.672,0.102179,-0.668496,-0.080351,-0.732268,img_280.jpg
35196,1280,720,631.94293,353.39117,986.8637,986.74805,-20.529,-0.427,-0.672,0.105654,-0.667836,-0.070395,-0.733401,img_281.jpg
35261,1280,720,631.94293,353.39117,986.8637,986.74805,-20.604,-0.436,-0.677,0.105751,-0.665356,-0.067198,-0.735937,img_282.jpg
35329,1280,720,631.94293,353.39117,986.8637,986.74805,-20.679,-0.444,-0.675,0.094621,-0.669079,-0.073497,-0.733470,img_283.jpg
35393,1280,720,631.94293,353.39117,986.8637,986.74805,-20.751,-0.448,-0.672,0.091934,-0.673865,-0.087430,-0.727881,img_284.jpg
35479,1280,720,631.94293,353.39117,986.8637,986.74805,-20.865,-0.437,-0.669,0.108753,-0.696646,-0.100849,-0.701917,img_285.jpg
35545,1280,720,631.94293,353.39117,986.8637,986.74805,-20.927,-0.427,-0.667,0.106138,-0.704241,-0.102099,-0.694518,img_286.jpg
35628,1280,720,631.94293,353.39117,986.8637,986.74805,-20.992,-0.426,-0.674,0.112572,-0.710192,-0.096291,-0.688246,img_287.jpg
35691,1280,720,631.94293,353.39117,986.8637,986.74805,-21.060,-0.428,-0.690,0.127432,-0.714192,-0.086085,-0.682848,img_288.jpg
35761,1280,720,631.94293,353.39117,986.8637,986.74805,-21.126,-0.434,-0.703,0.125015,-0.717878,-0.083198,-0.679780,img_289.jpg
35826,1280,720,631.94293,353.39117,986.8637,986.74805,-21.199,-0.443,-0.719,0.116356,-0.723871,-0.085548,-0.674650,img_290.jpg
35896,1280,720,631.94293,353.39117,986.8637,986.74805,-21.276,-0.446,-0.737,0.113189,-0.734843,-0.087329,-0.662999,img_291.jpg
35960,1280,720,631.94293,353.39117,986.8637,986.74805,-21.355,-0.444,-0.755,0.112605,-0.742745,-0.090149,-0.653853,img_292.jpg
36027,1280,720,631.94293,353.39117,986.8637,986.74805,-21.431,-0.437,-0.774,0.115957,-0.748569,-0.096769,-0.645627,img_293.jpg
36092,1280,720,631.94293,353.39117,986.8637,986.74805,-21.501,-0.430,-0.789,0.105102,-0.758778,-0.099472,-0.635070,img_294.jpg
36161,1280,720,631.94293,353.39117,986.8637,986.74805,-21.565,-0.425,-0.804,0.106790,-0.760286,-0.106986,-0.631756,img_295.jpg
36227,1280,720,631.94293,353.39117,986.8637,986.74805,-21.636,-0.426,-0.811,0.113844,-0.767618,-0.110254,-0.621004,img_296.jpg
36291,1280,720,631.94293,353.39117,986.8637,986.74805,-21.710,-0.431,-0.815,0.113931,-0.773758,-0.119024,-0.611679,img_297.jpg
36378,1280,720,631.94293,353.39117,986.8637,986.74805,-21.821,-0.448,-0.818,0.104454,-0.785381,-0.126739,-0.596827,img_298.jpg
36461,1280,720,631.94293,353.39117,986.8637,986.74805,-21.900,-0.456,-0.822,0.097641,-0.791856,-0.128828,-0.588926,img_299.jpg
36524,1280,720,631.94293,353.39117,986.8637,986.74805,-21.973,-0.461,-0.819,0.090999,-0.797644,-0.132379,-0.581343,img_300.jpg
36595,1280,720,631.94293,353.39117,986.8637,986.74805,-22.041,-0.457,-0.815,0.089291,-0.802608,-0.134895,-0.574152,img_301.jpg
36660,1280,720,631.94293,353.39117,986.8637,986.74805,-22.105,-0.449,-0.812,0.102368,-0.808568,-0.139874,-0.562293,img_302.jpg
36727,1280,720,631.94293,353.39117,986.8637,986.74805,-22.173,-0.443,-0.805,0.093605,-0.818064,-0.137790,-0.550476,img_303.jpg
36790,1280,720,631.94293,353.39117,986.8637,986.74805,-22.248,-0.442,-0.802,0.097320,-0.822086,-0.141978,-0.542721,img_304.jpg
36861,1280,720,631.94293,353.39117,986.8637,986.74805,-22.317,-0.444,-0.803,0.099699,-0.828333,-0.135307,-0.534431,img_305.jpg
36928,1280,720,631.94293,353.39117,986.8637,986.74805,-22.391,-0.449,-0.800,0.100297,-0.833818,-0.130574,-0.526914,img_306.jpg
36994,1280,720,631.94293,353.39117,986.8637,986.74805,-22.457,-0.454,-0.802,0.095663,-0.840526,-0.127363,-0.517825,img_307.jpg
37067,1280,720,631.94293,353.39117,986.8637,986.74805,-22.524,-0.459,-0.799,0.082259,-0.847828,-0.127583,-0.508078,img_308.jpg
37139,1280,720,631.94293,353.39117,986.8637,986.74805,-22.642,-0.455,-0.793,0.078333,-0.862382,-0.129971,-0.482978,img_309.jpg
37211,1280,720,631.94293,353.39117,986.8637,986.74805,-22.714,-0.446,-0.786,0.065172,-0.868830,-0.140291,-0.470325,img_310.jpg
37295,1280,720,631.94293,353.39117,986.8637,986.74805,-22.788,-0.433,-0.774,0.057172,-0.879104,-0.142347,-0.451271,img_311.jpg
37360,1280,720,631.94293,353.39117,986.8637,986.74805,-22.859,-0.425,-0.758,0.058407,-0.887117,-0.145616,-0.434060,img_312.jpg
37428,1280,720,631.94293,353.39117,986.8637,986.74805,-22.924,-0.427,-0.739,0.058895,-0.898030,-0.145158,-0.411099,img_313.jpg
37495,1280,720,631.94293,353.39117,986.8637,986.74805,-22.989,-0.437,-0.713,0.058471,-0.904064,-0.155447,-0.393809,img_314.jpg
37564,1280,720,631.94293,353.39117,986.8637,986.74805,-23.052,-0.450,-0.685,0.055323,-0.911248,-0.160513,-0.375236,img_315.jpg
37634,1280,720,631.94293,353.39117,986.8637,986.74805,-23.125,-0.464,-0.655,0.046383,-0.916925,-0.160788,-0.362277,img_316.jpg
37700,1280,720,631.94293,353.39117,986.8637,986.74805,-23.190,-0.473,-0.621,0.039661,-0.920816,-0.163081,-0.352038,img_317.jpg
37767,1280,720,631.94293,353.39117,986.8637,986.74805,-23.254,-0.477,-0.586,0.037838,-0.921484,-0.175489,-0.344439,img_318.jpg
37840,1280,720,631.94293,353.39117,986.8637,986.74805,-23.341,-0.471,-0.537,0.040360,-0.926644,-0.179254,-0.327980,img_319.jpg
37911,1280,720,631.94293,353.39117,986.8637,986.74805,-23.399,-0.467,-0.503,0.033677,-0.929588,-0.178353,-0.320816,img_320.jpg
37994,1280,720,631.94293,353.39117,986.8637,986.74805,-23.454,-0.459,-0.474,0.039389,-0.935535,-0.169996,-0.307123,img_321.jpg
38056,1280,720,631.94293,353.39117,986.8637,986.74805,-23.515,-0.457,-0.440,0.044545,-0.940934,-0.162437,-0.293723,img_322.jpg
38127,1280,720,631.94293,353.39117,986.8637,986.74805,-23.572,-0.460,-0.400,0.044344,-0.946586,-0.157962,-0.277590,img_323.jpg
38191,1280,720,631.94293,353.39117,986.8637,986.74805,-23.630,-0.462,-0.361,0.042036,-0.952326,-0.155483,-0.259102,img_324.jpg
38260,1280,720,631.94293,353.39117,986.8637,986.74805,-23.701,-0.465,-0.317,0.032431,-0.958015,-0.148338,-0.243209,img_325.jpg
38326,1280,720,631.94293,353.39117,986.8637,986.74805,-23.762,-0.463,-0.276,0.034467,-0.963843,-0.143498,-0.221874,img_326.jpg
38391,1280,720,631.94293,353.39117,986.8637,986.74805,-23.818,-0.458,-0.233,0.031203,-0.966274,-0.145778,-0.209977,img_327.jpg
38476,1280,720,631.94293,353.39117,986.8637,986.74805,-23.905,-0.449,-0.162,0.026807,-0.971183,-0.143419,-0.188455,img_328.jpg
38560,1280,720,631.94293,353.39117,986.8637,986.74805,-23.954,-0.446,-0.108,0.025208,-0.972026,-0.146916,-0.181508,img_329.jpg
38624,1280,720,631.94293,353.39117,986.8637,986.74805,-23.992,-0.444,-0.050,0.028457,-0.974153,-0.154883,-0.161949,img_330.jpg
38693,1280,720,631.94293,353.39117,986.8637,986.74805,-24.028,-0.445,0.005,0.018258,-0.976166,-0.154638,-0.151177,img_331.jpg
38759,1280,720,631.94293,353.39117,986.8637,986.74805,-24.058,-0.453,0.063,0.005520,-0.976826,-0.152320,-0.150264,img_332.jpg
38828,1280,720,631.94293,353.39117,986.8637,986.74805,-24.088,-0.461,0.125,0.008868,-0.978735,-0.148787,-0.140931,img_333.jpg
38892,1280,720,631.94293,353.39117,986.8637,986.74805,-24.115,-0.466,0.191,0.007194,-0.979733,-0.146786,-0.136110,img_334.jpg
38961,1280,720,631.94293,353.39117,986.8637,986.74805,-24.128,-0.469,0.256,0.001299,-0.981466,-0.142133,-0.128531,img_335.jpg
39030,1280,720,631.94293,353.39117,986.8637,986.74805,-24.147,-0.466,0.324,-0.001165,-0.980275,-0.145398,-0.133865,img_336.jpg
39099,1280,720,631.94293,353.39117,986.8637,986.74805,-24.169,-0.458,0.388,0.007715,-0.982653,-0.137490,-0.124216,img_337.jpg
39166,1280,720,631.94293,353.39117,986.8637,986.74805,-24.186,-0.451,0.449,0.009556,-0.983706,-0.133371,-0.120180,img_338.jpg
39239,1280,720,631.94293,353.39117,986.8637,986.74805,-24.216,-0.445,0.545,0.017814,-0.984946,-0.130647,-0.111779,img_339.jpg
39310,1280,720,631.94293,353.39117,986.8637,986.74805,-24.236,-0.444,0.615,0.026850,-0.985523,-0.125752,-0.110496,img_340.jpg
39393,1280,720,631.94293,353.39117,986.8637,986.74805,-24.254,-0.445,0.684,0.026731,-0.986918,-0.111375,-0.113468,img_341.jpg
39458,1280,720,631.94293,353.39117,986.8637,986.74805,-24.270,-0.446,0.757,0.029060,-0.989343,-0.096687,-0.104918,img_342.jpg
39530,1280,720,631.94293,353.39117,986.8637,986.74805,-24.294,-0.449,0.839,0.030595,-0.991199,-0.092072,-0.090058,img_343.jpg
39597,1280,720,631.94293,353.39117,986.8637,986.74805,-24.315,-0.447,0.921,0.035601,-0.991798,-0.096199,-0.076258,img_344.jpg
39669,1280,720,631.94293,353.39117,986.8637,986.74805,-24.349,-0.433,1.042,0.031296,-0.991347,-0.110221,-0.064053,img_345.jpg
39759,1280,720,631.94293,353.39117,986.8637,986.74805,-24.365,-0.424,1.114,0.024218,-0.992312,-0.103577,-0.063258,img_346.jpg
39831,1280,720,631.94293,353.39117,986.8637,986.74805,-24.381,-0.418,1.191,0.029371,-0.991206,-0.112137,-0.063823,img_347.jpg
39899,1280,720,631.94293,353.39117,986.8637,986.74805,-24.394,-0.420,1.265,0.026179,-0.990498,-0.118107,-0.065417,img_348.jpg
39967,1280,720,631.94293,353.39117,986.8637,986.74805,-24.400,-0.424,1.330,0.023695,-0.989696,-0.126581,-0.062585,img_349.jpg
40039,1280,720,631.94293,353.39117,986.8637,986.74805,-24.416,-0.441,1.438,0.016816,-0.989140,-0.130153,-0.066179,img_350.jpg
40109,1280,720,631.94293,353.39117,986.8637,986.74805,-24.420,-0.451,1.513,0.014374,-0.988937,-0.131772,-0.066578,img_351.jpg
40193,1280,720,631.94293,353.39117,986.8637,986.74805,-24.409,-0.458,1.579,0.009469,-0.988283,-0.135268,-0.070065,img_352.jpg
40261,1280,720,631.94293,353.39117,986.8637,986.74805,-24.406,-0.463,1.659,-0.001519,-0.983824,-0.160648,-0.079243,img_353.jpg
40335,1280,720,631.94293,353.39117,986.8637,986.74805,-24.405,-0.457,1.754,-0.006832,-0.982338,-0.166659,-0.084798,img_354.jpg
40409,1280,720,631.94293,353.39117,986.8637,986.74805,-24.411,-0.451,1.819,-0.003234,-0.982415,-0.161882,-0.092981,img_355.jpg
40493,1280,720,631.94293,353.39117,986.8637,986.74805,-24.422,-0.452,1.887,0.005850,-0.982352,-0.157749,-0.100324,img_356.jpg
40576,1280,720,631.94293,353.39117,986.8637,986.74805,-24.430,-0.453,1.965,0.010582,-0.981733,-0.156082,-0.108289,img_357.jpg
40639,1280,720,631.94293,353.39117,986.8637,986.74805,-24.440,-0.457,2.041,0.011135,-0.982212,-0.150929,-0.111159,img_358.jpg
40713,1280,720,631.94293,353.39117,986.8637,986.74805,-24.457,-0.460,2.152,0.011934,-0.983833,-0.140366,-0.110583,img_359.jpg
40792,1280,720,631.94293,353.39117,986.8637,986.74805,-24.471,-0.455,2.226,0.019327,-0.984416,-0.137050,-0.108486,img_360.jpg
40857,1280,720,631.94293,353.39117,986.8637,986.74805,-24.484,-0.449,2.303,0.025490,-0.983142,-0.143824,-0.109985,img_361.jpg
40942,1280,720,631.94293,353.39117,986.8637,986.74805,-24.500,-0.438,2.409,0.025962,-0.982696,-0.138144,-0.120628,img_362.jpg
41009,1280,720,631.94293,353.39117,986.8637,986.74805,-24.509,-0.435,2.480,0.028395,-0.979959,-0.148833,-0.129314,img_363.jpg
41093,1280,720,631.94293,353.39117,986.8637,986.74805,-24.519,-0.436,2.551,0.024101,-0.976719,-0.157819,-0.143289,img_364.jpg
41164,1280,720,631.94293,353.39117,986.8637,986.74805,-24.527,-0.441,2.624,0.014980,-0.974529,-0.162733,-0.153578,img_365.jpg
41232,1280,720,631.94293,353.39117,986.8637,986.74805,-24.537,-0.448,2.694,0.015872,-0.973864,-0.160111,-0.160316,img_366.jpg
41306,1280,720,631.94293,353.39117,986.8637,986.74805,-24.553,-0.459,2.805,0.021742,-0.971626,-0.157990,-0.174667,img_367.jpg
41392,1280,720,631.94293,353.39117,986.8637,986.74805,-24.563,-0.460,2.877,0.028527,-0.970047,-0.149368,-0.189430,img_368.jpg
41460,1280,720,631.94293,353.39117,986.8637,986.74805,-24.578,-0.458,2.951,0.033959,-0.963511,-0.157840,-0.213496,img_369.jpg
41538,1280,720,631.94293,353.39117,986.8637,986.74805,-24.598,-0.450,3.016,0.045847,-0.957093,-0.159345,-0.237656,img_370.jpg
41609,1280,720,631.94293,353.39117,986.8637,986.74805,-24.622,-0.443,3.082,0.046398,-0.949625,-0.155610,-0.268039,img_371.jpg
41684,1280,720,631.94293,353.39117,986.8637,986.74805,-24.664,-0.438,3.166,0.055188,-0.938519,-0.150321,-0.305844,img_372.jpg
41775,1280,720,631.94293,353.39117,986.8637,986.74805,-24.709,-0.443,3.261,0.061200,-0.928807,-0.143390,-0.336170,img_373.jpg
41859,1280,720,631.94293,353.39117,986.8637,986.74805,-24.745,-0.443,3.320,0.064920,-0.923348,-0.133518,-0.354100,img_374.jpg
41938,1280,720,631.94293,353.39117,986.8637,986.74805,-24.803,-0.443,3.399,0.070982,-0.914882,-0.115477,-0.380286,img_375.jpg
42026,1280,720,631.94293,353.39117,986.8637,986.74805,-24.845,-0.444,3.452,0.074978,-0.906395,-0.110209,-0.400851,img_376.jpg
42105,1280,720,631.94293,353.39117,986.8637,986.74805,-24.908,-0.434,3.518,0.085277,-0.892905,-0.106166,-0.429158,img_377.jpg
42193,1280,720,631.94293,353.39117,986.8637,986.74805,-24.946,-0.426,3.565,0.086815,-0.881722,-0.108030,-0.450954,img_378.jpg
42261,1280,720,631.94293,353.39117,986.8637,986.74805,-24.981,-0.421,3.607,0.094436,-0.873859,-0.117556,-0.462204,img_379.jpg
42335,1280,720,631.94293,353.39117,986.8637,986.74805,-25.033,-0.422,3.670,0.088242,-0.859309,-0.120471,-0.489170,img_380.jpg
42426,1280,720,631.94293,353.39117,986.8637,986.74805,-25.070,-0.422,3.707,0.087163,-0.845766,-0.118889,-0.512784,img_381.jpg
42496,1280,720,631.94293,353.39117,986.8637,986.74805,-25.113,-0.428,3.740,0.090864,-0.830752,-0.114973,-0.537007,img_382.jpg
42571,1280,720,631.94293,353.39117,986.8637,986.74805,-25.164,-0.434,3.794,0.091869,-0.803654,-0.105542,-0.578413,img_383.jpg
42659,1280,720,631.94293,353.39117,986.8637,986.74805,-25.203,-0.432,3.831,0.094053,-0.778128,-0.111667,-0.610902,img_384.jpg
42732,1280,720,631.94293,353.39117,986.8637,986.74805,-25.240,-0.424,3.852,0.108219,-0.760282,-0.112011,-0.630645,img_385.jpg
42815,1280,720,631.94293,353.39117,986.8637,986.74805,-25.290,-0.411,3.879,0.097403,-0.723720,-0.105032,-0.675063,img_386.jpg
42894,1280,720,631.94293,353.39117,986.8637,986.74805,-25.327,-0.403,3.895,0.103306,-0.696449,-0.098758,-0.703230,img_387.jpg
42976,1280,720,631.94293,353.39117,986.8637,986.74805,-25.378,-0.404,3.901,0.105799,-0.656552,-0.086638,-0.741782,img_388.jpg
43058,1280,720,631.94293,353.39117,986.8637,986.74805,-25.416,-0.403,3.900,0.106399,-0.631196,-0.080912,-0.764019,img_389.jpg
43131,1280,720,631.94293,353.39117,986.8637,986.74805,-25.464,-0.407,3.904,0.102756,-0.606785,-0.071134,-0.784980,img_390.jpg
43203,1280,720,631.94293,353.39117,986.8637,986.74805,-25.501,-0.407,3.900,0.103019,-0.585010,-0.059978,-0.802218,img_391.jpg
43276,1280,720,631.94293,353.39117,986.8637,986.74805,-25.554,-0.405,3.898,0.111612,-0.550017,-0.049809,-0.826161,img_392.jpg
43358,1280,720,631.94293,353.39117,986.8637,986.74805,-25.583,-0.401,3.892,0.114344,-0.528102,-0.040305,-0.840481,img_393.jpg
43436,1280,720,631.94293,353.39117,986.8637,986.74805,-25.622,-0.392,3.884,0.116020,-0.484339,-0.034023,-0.866486,img_394.jpg
43524,1280,720,631.94293,353.39117,986.8637,986.74805,-25.642,-0.389,3.876,0.116166,-0.452550,-0.033869,-0.883491,img_395.jpg
43612,1280,720,631.94293,353.39117,986.8637,986.74805,-25.666,-0.383,3.863,0.113373,-0.396569,-0.036262,-0.910255,img_396.jpg
43692,1280,720,631.94293,353.39117,986.8637,986.74805,-25.681,-0.382,3.855,0.112495,-0.356061,-0.038046,-0.926886,img_397.jpg
43775,1280,720,631.94293,353.39117,986.8637,986.74805,-25.699,-0.381,3.843,0.107115,-0.294806,-0.039678,-0.948705,img_398.jpg
43857,1280,720,631.94293,353.39117,986.8637,986.74805,-25.710,-0.377,3.837,0.100686,-0.253852,-0.038959,-0.961199,img_399.jpg
43932,1280,720,631.94293,353.39117,986.8637,986.74805,-25.719,-0.373,3.830,0.096127,-0.211499,-0.033628,-0.972058,img_400.jpg
44007,1280,720,631.94293,353.39117,986.8637,986.74805,-25.733,-0.369,3.817,0.098194,-0.158804,-0.028277,-0.982008,img_401.jpg
44091,1280,720,631.94293,353.39117,986.8637,986.74805,-25.721,-0.360,3.816,0.094769,-0.125148,-0.023271,-0.987327,img_402.jpg
44163,1280,720,631.94293,353.39117,986.8637,986.74805,-25.721,-0.360,3.807,0.092300,-0.093459,-0.018334,-0.991166,img_403.jpg
44243,1280,720,631.94293,353.39117,986.8637,986.74805,-25.720,-0.357,3.795,0.089330,-0.057434,-0.014019,-0.994246,img_404.jpg
44324,1280,720,631.94293,353.39117,986.8637,986.74805,-25.723,-0.356,3.782,0.084695,-0.037039,-0.012611,-0.995638,img_405.jpg
44396,1280,720,631.94293,353.39117,986.8637,986.74805,-25.720,-0.354,3.772,0.079891,-0.020190,-0.010573,-0.996543,img_406.jpg,marker_13.jpg,0.22856312,0.22856312,-25.679,-0.457,3.138,-0.729432,0.009849,-0.013698,-0.013698
44475,1280,720,631.94293,353.39117,986.8637,986.74805,-25.715,-0.354,3.752,0.084942,-0.010555,-0.004438,-0.996320,img_407.jpg
44557,1280,720,631.94293,353.39117,986.8637,986.74805,-25.713,-0.356,3.738,0.084767,-0.003376,-0.005149,-0.996382,img_408.jpg
44630,1280,720,631.94293,353.39117,986.8637,986.74805,-25.704,-0.358,3.717,0.085550,0.001405,-0.003345,-0.996327,img_409.jpg
44712,1280,720,631.94293,353.39117,986.8637,986.74805,-25.697,-0.358,3.702,0.085145,0.003861,-0.003976,-0.996353,img_410.jpg
44791,1280,720,631.94293,353.39117,986.8637,986.74805,-25.688,-0.359,3.687,0.084635,0.003514,-0.001675,-0.996404,img_411.jpg
44876,1280,720,631.94293,353.39117,986.8637,986.74805,-25.675,-0.361,3.664,0.090484,0.001282,0.005282,-0.995883,img_412.jpg,marker_13.jpg,0.2717861,0.2717861,-25.682,-0.473,3.018,-0.711376,-0.018353,0.018319,0.018319
44959,1280,720,631.94293,353.39117,986.8637,986.74805,-25.666,-0.360,3.653,0.090499,-0.000867,0.005007,-0.995884,img_413.jpg
45045,1280,720,631.94293,353.39117,986.8637,986.74805,-25.653,-0.360,3.640,0.088158,-0.002594,0.001400,-0.996102,img_414.jpg
45126,1280,720,631.94293,353.39117,986.8637,986.74805,-25.647,-0.362,3.631,0.101228,-0.010442,0.007919,-0.994777,img_415.jpg
45198,1280,720,631.94293,353.39117,986.8637,986.74805,-25.641,-0.363,3.629,0.109164,-0.021742,0.016540,-0.993648,img_416.jpg
45272,1280,720,631.94293,353.39117,986.8637,986.74805,-25.633,-0.365,3.626,0.110456,-0.016605,0.022256,-0.993493,img_417.jpg
45340,1280,720,631.94293,353.39117,986.8637,986.74805,-25.623,-0.366,3.627,0.109025,-0.003728,0.028397,-0.993626,img_418.jpg
45423,1280,720,631.94293,353.39117,986.8637,986.74805,-25.612,-0.366,3.630,0.109551,0.016287,0.028521,-0.993438,img_419.jpg
45488,1280,720,631.94293,353.39117,986.8637,986.74805,-25.597,-0.365,3.635,0.111929,0.023572,0.031687,-0.992931,img_420.jpg,marker_13.jpg,0.27970725,0.27970725,-25.685,-0.476,3.006,-0.700902,-0.024546,0.025007,0.025007
45574,1280,720,631.94293,353.39117,986.8637,986.74805,-25.571,-0.365,3.642,0.114168,0.039960,0.028367,-0.992252,img_421.jpg
45657,1280,720,631.94293,353.39117,986.8637,986.74805,-25.549,-0.365,3.647,0.121529,0.041763,0.038042,-0.990979,img_422.jpg
45719,1280,720,631.94293,353.39117,986.8637,986.74805,-25.520,-0.365,3.653,0.121860,0.050304,0.049145,-0.990053,img_423.jpg
45791,1280,720,631.94293,353.39117,986.8637,986.74805,-25.487,-0.365,3.664,0.115255,0.054228,0.055799,-0.990284,img_424.jpg
45861,1280,720,631.94293,353.39117,986.8637,986.74805,-25.449,-0.366,3.675,0.106275,0.059923,0.058132,-0.990826,img_425.jpg
45933,1280,720,631.94293,353.39117,986.8637,986.74805,-25.377,-0.373,3.690,0.104068,0.074597,0.064477,-0.989671,img_426.jpg
46006,1280,720,631.94293,353.39117,986.8637,986.74805,-25.326,-0.378,3.701,0.107343,0.083491,0.060803,-0.988843,img_427.jpg
46091,1280,720,631.94293,353.39117,986.8637,986.74805,-25.274,-0.380,3.713,0.112189,0.090095,0.056083,-0.988004,img_428.jpg
46156,1280,720,631.94293,353.39117,986.8637,986.74805,-25.223,-0.382,3.723,0.126136,0.092788,0.051532,-0.986319,img_429.jpg
46224,1280,720,631.94293,353.39117,986.8637,986.74805,-25.173,-0.385,3.732,0.137379,0.095517,0.048231,-0.984722,img_430.jpg
46290,1280,720,631.94293,353.39117,986.8637,986.74805,-25.124,-0.388,3.738,0.141099,0.099243,0.046139,-0.983927,img_431.jpg
46373,1280,720,631.94293,353.39117,986.8637,986.74805,-25.055,-0.393,3.733,0.153169,0.113379,0.051702,-0.980312,img_432.jpg
46456,1280,720,631.94293,353.39117,986.8637,986.74805,-25.012,-0.397,3.722,0.156309,0.119473,0.056850,-0.978806,img_433.jpg
46521,1280,720,631.94293,353.39117,986.8637,986.74805,-24.964,-0.406,3.707,0.159705,0.128050,0.058816,-0.977056,img_434.jpg
46585,1280,720,631.94293,353.39117,986.8637,986.74805,-24.920,-0.415,3.687,0.162231,0.138795,0.058271,-0.975203,img_435.jpg
46673,1280,720,631.94293,353.39117,986.8637,986.74805,-24.843,-0.431,3.644,0.166393,0.165453,0.053562,-0.970603,img_436.jpg
46756,1280,720,631.94293,353.39117,986.8637,986.74805,-24.794,-0.439,3.609,0.170079,0.174200,0.048697,-0.968688,img_437.jpg
46822,1280,720,631.94293,353.39117,986.8637,986.74805,-24.749,-0.441,3.572,0.171055,0.184471,0.032845,-0.967281,img_438.jpg
46888,1280,720,631.94293,353.39117,986.8637,986.74805,-24.704,-0.440,3.530,0.179590,0.187030,0.032283,-0.965259,img_439.jpg
46956,1280,720,631.94293,353.39117,986.8637,986.74805,-24.663,-0.434,3.492,0.176222,0.185440,0.031944,-0.966198,img_440.jpg
47025,1280,720,631.94293,353.39117,986.8637,986.74805,-24.622,-0.433,3.450,0.181795,0.183271,0.035577,-0.965452,img_441.jpg
47091,1280,720,631.94293,353.39117,986.8637,986.74805,-24.585,-0.431,3.410,0.179650,0.176547,0.037833,-0.967019,img_442.jpg
47157,1280,720,631.94293,353.39117,986.8637,986.74805,-24.551,-0.437,3.362,0.176547,0.168792,0.041055,-0.968842,img_443.jpg
47226,1280,720,631.94293,353.39117,986.8637,986.74805,-24.501,-0.448,3.285,0.175632,0.149650,0.046266,-0.971914,img_444.jpg
47306,1280,720,631.94293,353.39117,986.8637,986.74805,-24.467,-0.453,3.234,0.173463,0.133202,0.043143,-0.974837,img_445.jpg
47374,1280,720,631.94293,353.39117,986.8637,986.74805,-24.431,-0.454,3.179,0.171684,0.118936,0.039619,-0.977143,img_446.jpg
47456,1280,720,631.94293,353.39117,986.8637,986.74805,-24.391,-0.455,3.125,0.174370,0.098173,0.041338,-0.978902,img_447.jpg
47524,1280,720,631.94293,353.39117,986.8637,986.74805,-24.357,-0.448,3.072,0.177480,0.095627,0.034752,-0.978851,img_448.jpg
47589,1280,720,631.94293,353.39117,986.8637,986.74805,-24.328,-0.442,3.014,0.177254,0.075872,0.041068,-0.980376,img_449.jpg
47660,1280,720,631.94293,353.39117,986.8637,986.74805,-24.306,-0.440,2.948,0.181580,0.070611,0.038820,-0.980069,img_450.jpg
47730,1280,720,631.94293,353.39117,986.8637,986.74805,-24.278,-0.438,2.858,0.176745,0.066617,0.026118,-0.981652,img_451.jpg
47806,1280,720,631.94293,353.39117,986.8637,986.74805,-24.266,-0.445,2.795,0.177525,0.055795,0.020755,-0.982314,img_452.jpg
47873,1280,720,631.94293,353.39117,986.8637,986.74805,-24.267,-0.453,2.743,0.170928,0.055478,0.007155,-0.983694,img_453.jpg
47956,1280,720,631.94293,353.39117,986.8637,986.74805,-24.261,-0.463,2.676,0.167826,0.047540,0.001018,-0.984669,img_454.jpg
48023,1280,720,631.94293,353.39117,986.8637,986.74805,-24.262,-0.472,2.607,0.165816,0.046191,-0.011734,-0.985004,img_455.jpg
48092,1280,720,631.94293,353.39117,986.8637,986.74805,-24.264,-0.477,2.541,0.163367,0.049731,-0.025494,-0.984981,img_456.jpg
48163,1280,720,631.94293,353.39117,986.8637,986.74805,-24.258,-0.474,2.471,0.184102,0.049279,-0.020406,-0.981459,img_457.jpg
48256,1280,720,631.94293,353.39117,986.8637,986.74805,-24.253,-0.465,2.369,0.169915,0.048880,-0.011392,-0.984180,img_458.jpg
48325,1280,720,631.94293,353.39117,986.8637,986.74805,-24.248,-0.464,2.300,0.179809,0.045612,-0.000406,-0.982643,img_459.jpg
48393,1280,720,631.94293,353.39117,986.8637,986.74805,-24.245,-0.467,2.231,0.182307,0.045824,0.010055,-0.982122,img_460.jpg
48461,1280,720,631.94293,353.39117,986.8637,986.74805,-24.244,-0.473,2.151,0.178668,0.045559,0.012658,-0.982773,img_461.jpg
48532,1280,720,631.94293,353.39117,986.8637,986.74805,-24.242,-0.478,2.072,0.172055,0.047191,0.009504,-0.983911,img_462.jpg
48599,1280,720,631.94293,353.39117,986.8637,986.74805,-24.236,-0.481,1.997,0.164254,0.044351,0.010753,-0.985362,img_463.jpg
48672,1280,720,631.94293,353.39117,986.8637,986.74805,-24.228,-0.480,1.870,0.161121,0.043838,0.002452,-0.985957,img_464.jpg
48755,1280,720,631.94293,353.39117,986.8637,986.74805,-24.220,-0.477,1.791,0.172953,0.047664,0.001101,-0.983776,img_465.jpg
48839,1280,720,631.94293,353.39117,986.8637,986.74805,-24.210,-0.476,1.674,0.184982,0.058578,0.005662,-0.980978,img_466.jpg
48923,1280,720,631.94293,353.39117,986.8637,986.74805,-24.205,-0.476,1.599,0.197772,0.062996,0.011027,-0.978159,img_467.jpg
48987,1280,720,631.94293,353.39117,986.8637,986.74805,-24.204,-0.479,1.528,0.202457,0.069539,0.008281,-0.976784,img_468.jpg
49059,1280,720,631.94293,353.39117,986.8637,986.74805,-24.201,-0.485,1.461,0.203884,0.077519,0.006148,-0.975902,img_469.jpg
49133,1280,720,631.94293,353.39117,986.8637,986.74805,-24.197,-0.501,1.353,0.200928,0.096584,0.005884,-0.974815,img_470.jpg
49221,1280,720,631.94293,353.39117,986.8637,986.74805,-24.196,-0.509,1.280,0.199694,0.111026,0.009302,-0.973504,img_471.jpg
49290,1280,720,631.94293,353.39117,986.8637,986.74805,-24.196,-0.512,1.206,0.194404,0.132968,0.003943,-0.971860,img_472.jpg
49374,1280,720,631.94293,353.39117,986.8637,986.74805,-24.188,-0.505,1.099,0.216777,0.166599,0.016434,-0.961760,img_473.jpg
49456,1280,720,631.94293,353.39117,986.8637,986.74805,-24.177,-0.503,1.040,0.204846,0.199361,0.006339,-0.958255,img_474.jpg
49528,1280,720,631.94293,353.39117,986.8637,986.74805,-24.157,-0.500,0.986,0.199282,0.223159,0.013778,-0.954095,img_475.jpg
49602,1280,720,631.94293,353.39117,986.8637,986.74805,-24.121,-0.501,0.903,0.191988,0.261581,0.032564,-0.945334,img_476.jpg
49689,1280,720,631.94293,353.39117,986.8637,986.74805,-24.095,-0.507,0.840,0.179654,0.290854,0.032496,-0.939187,img_477.jpg
49759,1280,720,631.94293,353.39117,986.8637,986.74805,-24.063,-0.513,0.787,0.172025,0.312200,0.039915,-0.933459,img_478.jpg
49832,1280,720,631.94293,353.39117,986.8637,986.74805,-24.006,-0.520,0.711,0.163605,0.360539,0.052186,-0.916800,img_479.jpg
49922,1280,720,631.94293,353.39117,986.8637,986.74805,-23.964,-0.520,0.662,0.171955,0.389212,0.069082,-0.902315,img_480.jpg
49989,1280,720,631.94293,353.39117,986.8637,986.74805,-23.921,-0.519,0.623,0.163950,0.424068,0.075155,-0.887490,img_481.jpg
50062,1280,720,631.94293,353.39117,986.8637,986.74805,-23.879,-0.519,0.592,0.171198,0.450053,0.086076,-0.872201,img_482.jpg
50138,1280,720,631.94293,353.39117,986.8637,986.74805,-23.817,-0.516,0.534,0.168972,0.485360,0.096036,-0.852438,img_483.jpg
50221,1280,720,631.94293,353.39117,986.8637,986.74805,-23.774,-0.516,0.501,0.164388,0.508521,0.099476,-0.839338,img_484.jpg
50287,1280,720,631.94293,353.39117,986.8637,986.74805,-23.728,-0.521,0.464,0.157960,0.533095,0.101504,-0.824958,img_485.jpg
50359,1280,720,631.94293,353.39117,986.8637,986.74805,-23.682,-0.521,0.425,0.148822,0.555762,0.103819,-0.811297,img_486.jpg
50435,1280,720,631.94293,353.39117,986.8637,986.74805,-23.610,-0.519,0.367,0.133051,0.586206,0.105093,-0.792222,img_487.jpg
50520,1280,720,631.94293,353.39117,986.8637,986.74805,-23.562,-0.514,0.328,0.137118,0.606305,0.105967,-0.776122,img_488.jpg
50594,1280,720,631.94293,353.39117,986.8637,986.74805,-23.513,-0.512,0.294,0.143964,0.610040,0.121161,-0.769705,img_489.jpg
50670,1280,720,631.94293,353.39117,986.8637,986.74805,-23.445,-0.499,0.266,0.135560,0.643171,0.108870,-0.745723,img_490.jpg
50756,1280,720,631.94293,353.39117,986.8637,986.74805,-23.386,-0.496,0.238,0.128094,0.657782,0.114652,-0.733328,img_491.jpg
50825,1280,720,631.94293,353.39117,986.8637,986.74805,-23.331,-0.497,0.220,0.122373,0.671482,0.111743,-0.722253,img_492.jpg
50905,1280,720,631.94293,353.39117,986.8637,986.74805,-23.248,-0.500,0.196,0.111296,0.683538,0.100593,-0.714332,img_493.jpg
50989,1280,720,631.94293,353.39117,986.8637,986.74805,-23.178,-0.504,0.185,0.099482,0.687426,0.097345,-0.712793,img_494.jpg
51063,1280,720,631.94293,353.39117,986.8637,986.74805,-23.075,-0.508,0.183,0.097770,0.694369,0.101763,-0.705646,img_495.jpg
51154,1280,720,631.94293,353.39117,986.8637,986.74805,-23.003,-0.504,0.178,0.101993,0.697619,0.107666,-0.700952,img_496.jpg
51219,1280,720,631.94293,353.39117,986.8637,986.74805,-22.935,-0.496,0.172,0.098194,0.698930,0.103957,-0.700748,img_497.jpg
51305,1280,720,631.94293,353.39117,986.8637,986.74805,-22.838,-0.491,0.163,0.105034,0.704466,0.100929,-0.694629,img_498.jpg
51390,1280,720,631.94293,353.39117,986.8637,986.74805,-22.775,-0.486,0.154,0.108114,0.705136,0.105947,-0.692726,img_499.jpg
51461,1280,720,631.94293,353.39117,986.8637,986.74805,-22.681,-0.487,0.140,0.112954,0.704829,0.103558,-0.692628,img_500.jpg
51554,1280,720,631.94293,353.39117,986.8637,986.74805,-22.623,-0.488,0.132,0.111935,0.703879,0.096208,-0.694815,img_501.jpg
51626,1280,720,631.94293,353.39117,986.8637,986.74805,-22.550,-0.493,0.119,0.109807,0.703755,0.089731,-0.696147,img_502.jpg
51699,1280,720,631.94293,353.39117,986.8637,986.74805,-22.445,-0.496,0.101,0.110762,0.708959,0.081406,-0.691724,img_503.jpg
51789,1280,720,631.94293,353.39117,986.8637,986.74805,-22.373,-0.498,0.085,0.122244,0.709890,0.098574,-0.686583,img_504.jpg
51860,1280,720,631.94293,353.39117,986.8637,986.74805,-22.309,-0.494,0.074,0.123811,0.710450,0.100217,-0.685484,img_505.jpg
51937,1280,720,631.94293,353.39117,986.8637,986.74805,-22.205,-0.488,0.066,0.129608,0.717266,0.094352,-0.678107,img_506.jpg
52021,1280,720,631.94293,353.39117,986.8637,986.74805,-22.134,-0.486,0.066,0.124694,0.720549,0.096587,-0.675228,img_507.jpg
52091,1280,720,631.94293,353.39117,986.8637,986.74805,-22.061,-0.488,0.063,0.118360,0.722641,0.092201,-0.674745,img_508.jpg
52163,1280,720,631.94293,353.39117,986.8637,986.74805,-21.933,-0.494,0.060,0.108139,0.718580,0.084558,-0.681761,img_509.jpg
52254,1280,720,631.94293,353.39117,986.8637,986.74805,-21.844,-0.497,0.057,0.103123,0.716119,0.080301,-0.685631,img_510.jpg
52323,1280,720,631.94293,353.39117,986.8637,986.74805,-21.764,-0.491,0.060,0.105696,0.717845,0.080728,-0.683382,img_511.jpg
52401,1280,720,631.94293,353.39117,986.8637,986.74805,-21.645,-0.476,0.066,0.113151,0.714691,0.089560,-0.684392,img_512.jpg
52488,1280,720,631.94293,353.39117,986.8637,986.74805,-21.569,-0.467,0.066,0.116747,0.716456,0.091287,-0.681709,img_513.jpg
52558,1280,720,631.94293,353.39117,986.8637,986.74805,-21.450,-0.461,0.064,0.121659,0.715074,0.098721,-0.681265,img_514.jpg
52638,1280,720,631.94293,353.39117,986.8637,986.74805,-21.369,-0.466,0.058,0.128260,0.713372,0.096273,-0.682188,img_515.jpg
52719,1280,720,631.94293,353.39117,986.8637,986.74805,-21.289,-0.474,0.052,0.129210,0.712702,0.091274,-0.683396,img_516.jpg
52790,1280,720,631.94293,353.39117,986.8637,986.74805,-21.217,-0.481,0.043,0.126943,0.715778,0.083192,-0.681635,img_517.jpg
52864,1280,720,631.94293,353.39117,986.8637,986.74805,-21.085,-0.498,0.029,0.133300,0.727238,0.079405,-0.668619,img_518.jpg
52954,1280,720,631.94293,353.39117,986.8637,986.74805,-21.009,-0.504,0.021,0.148490,0.729240,0.101274,-0.660230,img_519.jpg
53024,1280,720,631.94293,353.39117,986.8637,986.74805,-20.925,-0.501,0.016,0.145579,0.722294,0.119180,-0.665503,img_520.jpg
53101,1280,720,631.94293,353.39117,986.8637,986.74805,-20.814,-0.496,0.012,0.146742,0.726707,0.114502,-0.661251,img_521.jpg
53191,1280,720,631.94293,353.39117,986.8637,986.74805,-20.735,-0.499,0.011,0.142083,0.731349,0.116773,-0.656738,img_522.jpg
53267,1280,720,631.94293,353.39117,986.8637,986.74805,-20.610,-0.506,0.011,0.134379,0.733149,0.110817,-0.657385,img_523.jpg
53354,1280,720,631.94293,353.39117,986.8637,986.74805,-20.536,-0.504,0.017,0.127508,0.730460,0.098506,-0.663676,img_524.jpg
53439,1280,720,631.94293,353.39117,986.8637,986.74805,-20.408,-0.499,0.017,0.125991,0.729729,0.082739,-0.666915,img_525.jpg
53537,1280,720,631.94293,353.39117,986.8637,986.74805,-20.292,-0.478,0.017,0.122275,0.720962,0.088670,-0.676314,img_526.jpg
53620,1280,720,631.94293,353.39117,986.8637,986.74805,-20.219,-0.468,0.013,0.126047,0.721559,0.076967,-0.676417,img_527.jpg
53690,1280,720,631.94293,353.39117,986.8637,986.74805,-20.141,-0.462,0.009,0.131015,0.717970,0.088570,-0.677871,img_528.jpg
53772,1280,720,631.94293,353.39117,986.8637,986.74805,-20.030,-0.455,-0.008,0.133560,0.714999,0.075440,-0.682090,img_529.jpg
53853,1280,720,631.94293,353.39117,986.8637,986.74805,-19.957,-0.457,-0.018,0.132775,0.711847,0.067665,-0.686342,img_530.jpg
53922,1280,720,631.94293,353.39117,986.8637,986.74805,-19.878,-0.463,-0.027,0.128489,0.712792,0.065130,-0.686422,img_531.jpg
53998,1280,720,631.94293,353.39117,986.8637,986.74805,-19.794,-0.470,-0.035,0.126962,0.715611,0.063988,-0.683876,img_532.jpg
54070,1280,720,631.94293,353.39117,986.8637,986.74805,-19.712,-0.473,-0.042,0.132295,0.718999,0.062924,-0.679396,img_533.jpg
54145,1280,720,631.94293,353.39117,986.8637,986.74805,-19.602,-0.459,-0.050,0.142520,0.718701,0.086060,-0.675093,img_534.jpg
54223,1280,720,631.94293,353.39117,986.8637,986.74805,-19.537,-0.450,-0.051,0.143110,0.723246,0.080238,-0.670818,img_535.jpg
54295,1280,720,631.94293,353.39117,986.8637,986.74805,-19.432,-0.448,-0.044,0.140471,0.731000,0.089645,-0.661718,img_536.jpg
54372,1280,720,631.94293,353.39117,986.8637,986.74805,-19.352,-0.451,-0.038,0.135379,0.736593,0.094923,-0.655814,img_537.jpg
54453,1280,720,631.94293,353.39117,986.8637,986.74805,-19.273,-0.455,-0.037,0.133363,0.738460,0.092486,-0.654475,img_538.jpg
54524,1280,720,631.94293,353.39117,986.8637,986.74805,-19.197,-0.460,-0.029,0.127471,0.736813,0.084310,-0.658597,img_539.jpg
54592,1280,720,631.94293,353.39117,986.8637,986.74805,-19.074,-0.456,-0.019,0.126290,0.738363,0.066120,-0.659165,img_540.jpg
54670,1280,720,631.94293,353.39117,986.8637,986.74805,-18.986,-0.448,-0.009,0.124631,0.733334,0.082220,-0.663271,img_541.jpg
54753,1280,720,631.94293,353.39117,986.8637,986.74805,-18.900,-0.436,-0.001,0.120813,0.730814,0.082254,-0.666746,img_542.jpg
54827,1280,720,631.94293,353.39117,986.8637,986.74805,-18.784,-0.426,0.006,0.125157,0.732599,0.089665,-0.663019,img_543.jpg
54902,1280,720,631.94293,353.39117,986.8637,986.74805,-18.703,-0.422,0.011,0.122255,0.730111,0.103923,-0.664223,img_544.jpg
54988,1280,720,631.94293,353.39117,986.8637,986.74805,-18.623,-0.419,0.013,0.118366,0.730019,0.101843,-0.665350,img_545.jpg
55060,1280,720,631.94293,353.39117,986.8637,986.74805,-18.498,-0.421,0.010,0.109458,0.729884,0.092359,-0.668399,img_546.jpg
55136,1280,720,631.94293,353.39117,986.8637,986.74805,-18.419,-0.420,0.005,0.099268,0.728634,0.085324,-0.672278,img_547.jpg
55220,1280,720,631.94293,353.39117,986.8637,986.74805,-18.349,-0.417,-0.003,0.092966,0.726658,0.076363,-0.676383,img_548.jpg
55295,1280,720,631.94293,353.39117,986.8637,986.74805,-18.225,-0.409,-0.010,0.102414,0.732210,0.068074,-0.669885,img_549.jpg
55388,1280,720,631.94293,353.39117,986.8637,986.74805,-18.154,-0.407,-0.011,0.100011,0.733404,0.066099,-0.669139,img_550.jpg
55458,1280,720,631.94293,353.39117,986.8637,986.74805,-18.032,-0.403,-0.005,0.103077,0.733361,0.076542,-0.667606,img_551.jpg
55535,1280,720,631.94293,353.39117,986.8637,986.74805,-17.950,-0.407,-0.003,0.103306,0.735530,0.078991,-0.664895,img_552.jpg
55619,1280,720,631.94293,353.39117,986.8637,986.74805,-17.871,-0.409,0.001,0.099755,0.734143,0.077310,-0.667163,img_553.jpg
55700,1280,720,631.94293,353.39117,986.8637,986.74805,-17.751,-0.413,0.007,0.091911,0.727832,0.065636,-0.676392,img_554.jpg
55770,1280,720,631.94293,353.39117,986.8637,986.74805,-17.670,-0.413,0.014,0.089328,0.720707,0.065803,-0.684304,img_555.jpg
55853,1280,720,631.94293,353.39117,986.8637,986.74805,-17.588,-0.406,0.020,0.092610,0.717265,0.072777,-0.686773,img_556.jpg
55931,1280,720,631.94293,353.39117,986.8637,986.74805,-17.476,-0.387,0.028,0.093806,0.710880,0.066269,-0.693872,img_557.jpg
56019,1280,720,631.94293,353.39117,986.8637,986.74805,-17.405,-0.377,0.032,0.098918,0.709349,0.067059,-0.694652,img_558.jpg
56091,1280,720,631.94293,353.39117,986.8637,986.74805,-17.282,-0.375,0.033,0.106687,0.707252,0.080500,-0.694214,img_559.jpg
56189,1280,720,631.94293,353.39117,986.8637,986.74805,-17.206,-0.378,0.030,0.108073,0.704706,0.072176,-0.697495,img_560.jpg
56255,1280,720,631.94293,353.39117,986.8637,986.74805,-17.085,-0.389,0.029,0.109410,0.704006,0.070015,-0.698214,img_561.jpg
56336,1280,720,631.94293,353.39117,986.8637,986.74805,-16.976,-0.337,0.328,0.111972,0.697689,0.084258,-0.702562,img_562.jpg,marker_13.jpg,0.28017333,0.28017333,-25.547,-0.298,3.171,-0.703887,-0.022427,0.026042,0.026042,marker_1.jpg,0.2673891,0.2673891,0.451,-0.161,0.421,-0.702312,-0.007032,0.014368,0.014368
56419,1280,720,631.94293,353.39117,986.8637,986.74805,-16.909,-0.326,0.324,0.118654,0.704460,0.079258,-0.695252,img_563.jpg
56484,1280,720,631.94293,353.39117,986.8637,986.74805,-16.828,-0.321,0.322,0.123043,0.705085,0.093132,-0.692128,img_564.jpg
56554,1280,720,631.94293,353.39117,986.8637,986.74805,-16.725,-0.306,0.317,0.123359,0.710029,0.077566,-0.688931,img_565.jpg
56636,1280,720,631.94293,353.39117,986.8637,986.74805,-16.649,-0.304,0.318,0.120171,0.710343,0.083022,-0.688534,img_566.jpg
56719,1280,720,631.94293,353.39117,986.8637,986.74805,-16.568,-0.303,0.318,0.115023,0.712899,0.088902,-0.686033,img_567.jpg
56787,1280,720,631.94293,353.39117,986.8637,986.74805,-16.488,-0.306,0.320,0.110159,0.711284,0.086543,-0.688803,img_568.jpg
56856,1280,720,631.94293,353.39117,986.8637,986.74805,-16.365,-0.312,0.325,0.106167,0.703875,0.076267,-0.698192,img_569.jpg
56935,1280,720,631.94293,353.39117,986.8637,986.74805,-16.283,-0.310,0.329,0.106613,0.700310,0.071652,-0.702186,img_570.jpg
57018,1280,720,631.94293,353.39117,986.8637,986.74805,-16.201,-0.302,0.335,0.108518,0.698379,0.076741,-0.703279,img_571.jpg
57086,1280,720,631.94293,353.39117,986.8637,986.74805,-16.120,-0.294,0.339,0.106351,0.694113,0.082267,-0.707198,img_572.jpg
57157,1280,720,631.94293,353.39117,986.8637,986.74805,-16.003,-0.283,0.335,0.111029,0.695878,0.085393,-0.704368,img_573.jpg
57235,1280,720,631.94293,353.39117,986.8637,986.74805,-15.924,-0.278,0.332,0.112674,0.695028,0.088384,-0.704577,img_574.jpg
57317,1280,720,631.94293,353.39117,986.8637,986.74805,-15.844,-0.281,0.328,0.117727,0.692124,0.088014,-0.706653,img_575.jpg
57384,1280,720,631.94293,353.39117,986.8637,986.74805,-15.767,-0.285,0.321,0.115829,0.692343,0.071776,-0.708585,img_576.jpg
57469,1280,720,631.94293,353.39117,986.8637,986.74805,-15.650,-0.289,0.309,0.109424,0.691788,0.067115,-0.710599,img_577.jpg
57551,1280,720,631.94293,353.39117,986.8637,986.74805,-15.574,-0.287,0.296,0.108518,0.696501,0.050809,-0.707481,img_578.jpg
57623,1280,720,631.94293,353.39117,986.8637,986.74805,-15.457,-0.277,0.285,0.108176,0.696957,0.060936,-0.706283,img_579.jpg
57700,1280,720,631.94293,353.39117,986.8637,986.74805,-15.383,-0.274,0.276,0.114316,0.699112,0.060055,-0.703255,img_580.jpg
57769,1280,720,631.94293,353.39117,986.8637,986.74805,-15.304,-0.274,0.269,0.117440,0.697830,0.067420,-0.703346,img_581.jpg
57851,1280,720,631.94293,353.39117,986.8637,986.74805,-15.222,-0.281,0.265,0.115116,0.699394,0.079130,-0.700952,img_582.jpg
57918,1280,720,631.94293,353.39117,986.8637,986.74805,-15.142,-0.288,0.260,0.110772,0.698217,0.082362,-0.702452,img_583.jpg
57984,1280,720,631.94293,353.39117,986.8637,986.74805,-15.059,-0.294,0.255,0.105439,0.698076,0.075671,-0.704164,img_584.jpg
58071,1280,720,631.94293,353.39117,986.8637,986.74805,-14.932,-0.293,0.252,0.094652,0.698321,0.064245,-0.706584,img_585.jpg
58152,1280,720,631.94293,353.39117,986.8637,986.74805,-14.845,-0.285,0.251,0.089683,0.698088,0.061341,-0.707720,img_586.jpg
58233,1280,720,631.94293,353.39117,986.8637,986.74805,-14.722,-0.270,0.250,0.083095,0.697443,0.065549,-0.708782,img_587.jpg
58318,1280,720,631.94293,353.39117,986.8637,986.74805,-14.641,-0.264,0.244,0.087740,0.702020,0.064855,-0.703750,img_588.jpg
58388,1280,720,631.94293,353.39117,986.8637,986.74805,-14.560,-0.259,0.238,0.087397,0.699407,0.074424,-0.705445,img_589.jpg
58460,1280,720,631.94293,353.39117,986.8637,986.74805,-14.438,-0.265,0.227,0.094143,0.700917,0.075227,-0.702989,img_590.jpg
58551,1280,720,631.94293,353.39117,986.8637,986.74805,-14.351,-0.274,0.217,0.095522,0.702046,0.066688,-0.702538,img_591.jpg
58622,1280,720,631.94293,353.39117,986.8637,986.74805,-14.264,-0.282,0.207,0.094443,0.703277,0.065328,-0.701580,img_592.jpg
58690,1280,720,631.94293,353.39117,986.8637,986.74805,-14.144,-0.280,0.188,0.095212,0.700955,0.067621,-0.703580,img_593.jpg
58769,1280,720,631.94293,353.39117,986.8637,986.74805,-14.068,-0.268,0.179,0.101123,0.703197,0.070104,-0.700267,img_594.jpg,marker_13.jpg,0.28010803,0.28010803,-25.587,-0.314,3.190,-0.704058,-0.020929,0.024495,0.024495,marker_1.jpg,0.2673891,0.2673891,0.449,-0.157,0.420,-0.702448,-0.006697,0.015341,0.015341
58851,1280,720,631.94293,353.39117,986.8637,986.74805,-13.993,-0.255,0.168,0.100917,0.699299,0.067705,-0.704424,img_595.jpg
58923,1280,720,631.94293,353.39117,986.8637,986.74805,-13.915,-0.251,0.156,0.108974,0.705379,0.068237,-0.697072,img_596.jpg
58992,1280,720,631.94293,353.39117,986.8637,986.74805,-13.800,-0.254,0.150,0.100674,0.710583,0.078755,-0.691906,img_597.jpg
59068,1280,720,631.94293,353.39117,986.8637,986.74805,-13.722,-0.257,0.146,0.094462,0.711781,0.080041,-0.691403,img_598.jpg
59151,1280,720,631.94293,353.39117,986.8637,986.74805,-13.643,-0.262,0.141,0.088592,0.711705,0.072985,-0.693037,img_599.jpg
59215,1280,720,631.94293,353.39117,986.8637,986.74805,-13.560,-0.264,0.138,0.086232,0.711866,0.060855,-0.694340,img_600.jpg
59301,1280,720,631.94293,353.39117,986.8637,986.74805,-13.429,-0.258,0.133,0.091348,0.710211,0.061875,-0.695289,img_601.jpg
59370,1280,720,631.94293,353.39117,986.8637,986.74805,-13.342,-0.246,0.129,0.086750,0.702401,0.066573,-0.703332,img_602.jpg
59451,1280,720,631.94293,353.39117,986.8637,986.74805,-13.262,-0.239,0.123,0.091435,0.704766,0.063391,-0.700661,img_603.jpg
59522,1280,720,631.94293,353.39117,986.8637,986.74805,-13.138,-0.237,0.113,0.098144,0.700175,0.079504,-0.702710,img_604.jpg
59599,1280,720,631.94293,353.39117,986.8637,986.74805,-13.058,-0.243,0.100,0.106876,0.694405,0.077489,-0.707371,img_605.jpg
59668,1280,720,631.94293,353.39117,986.8637,986.74805,-12.972,-0.254,0.084,0.113651,0.690962,0.067665,-0.710687,img_606.jpg
59750,1280,720,631.94293,353.39117,986.8637,986.74805,-12.881,-0.263,0.071,0.114067,0.690340,0.063369,-0.711621,img_607.jpg
59821,1280,720,631.94293,353.39117,986.8637,986.74805,-12.763,-0.267,0.050,0.107384,0.692934,0.053772,-0.710929,img_608.jpg
59899,1280,720,631.94293,353.39117,986.8637,986.74805,-12.679,-0.264,0.035,0.118486,0.696192,0.071481,-0.704392,img_609.jpg
59970,1280,720,631.94293,353.39117,986.8637,986.74805,-12.605,-0.254,0.020,0.116444,0.693245,0.082786,-0.706399,img_610.jpg
60050,1280,720,631.94293,353.39117,986.8637,986.74805,-12.528,-0.248,0.007,0.121120,0.698884,0.081797,-0.700143,img_611.jpg
60119,1280,720,631.94293,353.39117,986.8637,986.74805,-12.464,-0.245,0.001,0.113863,0.701574,0.091915,-0.697410,img_612.jpg
60188,1280,720,631.94293,353.39117,986.8637,986.74805,-12.386,-0.246,-0.004,0.108327,0.710487,0.092259,-0.689175,img_613.jpg
60257,1280,720,631.94293,353.39117,986.8637,986.74805,-12.262,-0.252,-0.007,0.099294,0.717913,0.090647,-0.683026,img_614.jpg
60333,1280,720,631.94293,353.39117,986.8637,986.74805,-12.180,-0.253,-0.009,0.094593,0.721643,0.083843,-0.680628,img_615.jpg
60417,1280,720,631.94293,353.39117,986.8637,986.74805,-12.091,-0.252,-0.010,0.090565,0.723905,0.085925,-0.678511,img_616.jpg
60486,1280,720,631.94293,353.39117,986.8637,986.74805,-12.003,-0.245,-0.012,0.091315,0.726326,0.090163,-0.675265,img_617.jpg
60559,1280,720,631.94293,353.39117,986.8637,986.74805,-11.864,-0.234,-0.023,0.094761,0.729463,0.091561,-0.671209,img_618.jpg
60650,1280,720,631.94293,353.39117,986.8637,986.74805,-11.791,-0.228,-0.033,0.101718,0.729149,0.096767,-0.669800,img_619.jpg
60731,1280,720,631.94293,353.39117,986.8637,986.74805,-11.659,-0.228,-0.048,0.106474,0.726284,0.100523,-0.671618,img_620.jpg
60817,1280,720,631.94293,353.39117,986.8637,986.74805,-11.588,-0.236,-0.055,0.109098,0.726647,0.096506,-0.671393,img_621.jpg
60895,1280,720,631.94293,353.39117,986.8637,986.74805,-11.462,-0.247,-0.068,0.104906,0.731803,0.089382,-0.667435,img_622.jpg
60986,1280,720,631.94293,353.39117,986.8637,986.74805,-11.344,-0.246,-0.081,0.099378,0.734201,0.087882,-0.665845,img_623.jpg
61060,1280,720,631.94293,353.39117,986.8637,986.74805,-11.210,-0.229,-0.098,0.101273,0.747509,0.090756,-0.650183,img_624.jpg
61150,1280,720,631.94293,353.39117,986.8637,986.74805,-11.134,-0.211,-0.106,0.091105,0.751966,0.085154,-0.647298,img_625.jpg
61217,1280,720,631.94293,353.39117,986.8637,986.74805,-11.024,-0.197,-0.110,0.088839,0.764221,0.075141,-0.634371,img_626.jpg
61298,1280,720,631.94293,353.39117,986.8637,986.74805,-10.941,-0.198,-0.109,0.091135,0.770510,0.086444,-0.624929,img_627.jpg
61368,1280,720,631.94293,353.39117,986.8637,986.74805,-10.850,-0.204,-0.107,0.083248,0.774731,0.091747,-0.620036,img_628.jpg
61450,1280,720,631.94293,353.39117,986.8637,986.74805,-10.772,-0.209,-0.103,0.073709,0.777559,0.087505,-0.618313,img_629.jpg
61524,1280,720,631.94293,353.39117,986.8637,986.74805,-10.640,-0.211,-0.095,0.058382,0.776246,0.081506,-0.622407,img_630.jpg
61598,1280,720,631.94293,353.39117,986.8637,986.74805,-10.552,-0.205,-0.087,0.053867,0.771993,0.081913,-0.628025,img_631.jpg
61686,1280,720,631.94293,353.39117,986.8637,986.74805,-10.463,-0.192,-0.078,0.050536,0.773496,0.079137,-0.626807,img_632.jpg
61757,1280,720,631.94293,353.39117,986.8637,986.74805,-10.346,-0.183,-0.060,0.058673,0.774032,0.087871,-0.624268,img_633.jpg
61833,1280,720,631.94293,353.39117,986.8637,986.74805,-10.279,-0.181,-0.054,0.071366,0.770423,0.098878,-0.625762,img_634.jpg
61916,1280,720,631.94293,353.39117,986.8637,986.74805,-10.198,-0.187,-0.049,0.089089,0.764491,0.107980,-0.629251,img_635.jpg
61984,1280,720,631.94293,353.39117,986.8637,986.74805,-10.114,-0.200,-0.049,0.104470,0.762133,0.100983,-0.630906,img_636.jpg
62057,1280,720,631.94293,353.39117,986.8637,986.74805,-10.052,-0.214,-0.049,0.105477,0.759850,0.092371,-0.634799,img_637.jpg
62129,1280,720,631.94293,353.39117,986.8637,986.74805,-9.929,-0.223,-0.050,0.100180,0.751317,0.091415,-0.645856,img_638.jpg
62216,1280,720,631.94293,353.39117,986.8637,986.74805,-9.833,-0.223,-0.055,0.112868,0.743300,0.112150,-0.649760,img_639.jpg
62280,1280,720,631.94293,353.39117,986.8637,986.74805,-9.751,-0.218,-0.060,0.119099,0.736745,0.113504,-0.655850,img_640.jpg
62367,1280,720,631.94293,353.39117,986.8637,986.74805,-9.632,-0.214,-0.055,0.120051,0.731316,0.125795,-0.659500,img_641.jpg
62449,1280,720,631.94293,353.39117,986.8637,986.74805,-9.550,-0.215,-0.048,0.116403,0.733745,0.114557,-0.659504,img_642.jpg
62522,1280,720,631.94293,353.39117,986.8637,986.74805,-9.467,-0.218,-0.040,0.109202,0.731802,0.113679,-0.663037,img_643.jpg
62596,1280,720,631.94293,353.39117,986.8637,986.74805,-9.339,-0.223,-0.022,0.102694,0.728798,0.097778,-0.669886,img_644.jpg
62684,1280,720,631.94293,353.39117,986.8637,986.74805,-9.260,-0.224,-0.011,0.102069,0.723521,0.093734,-0.676249,img_645.jpg
62753,1280,720,631.94293,353.39117,986.8637,986.74805,-9.142,-0.212,0.012,0.103986,0.718848,0.097039,-0.680462,img_646.jpg
62832,1280,720,631.94293,353.39117,986.8637,986.74805,-9.072,-0.201,0.026,0.100995,0.712096,0.095460,-0.688191,img_647.jpg
62916,1280,720,631.94293,353.39117,986.8637,986.74805,-8.996,-0.192,0.034,0.106526,0.712690,0.094226,-0.686911,img_648.jpg
62985,1280,720,631.94293,353.39117,986.8637,986.74805,-8.914,-0.185,0.043,0.107014,0.705933,0.105252,-0.692191,img_649.jpg
63065,1280,720,631.94293,353.39117,986.8637,986.74805,-8.789,-0.187,0.046,0.115800,0.702130,0.091091,-0.696639,img_650.jpg
63149,1280,720,631.94293,353.39117,986.8637,986.74805,-8.710,-0.195,0.045,0.112746,0.700749,0.085644,-0.699218,img_651.jpg
63229,1280,720,631.94293,353.39117,986.8637,986.74805,-8.572,-0.204,0.048,0.101782,0.702134,0.083235,-0.699800,img_652.jpg
63316,1280,720,631.94293,353.39117,986.8637,986.74805,-8.483,-0.205,0.048,0.102595,0.705524,0.079468,-0.696703,img_653.jpg
63387,1280,720,631.94293,353.39117,986.8637,986.74805,-8.357,-0.196,0.049,0.113871,0.706312,0.090607,-0.692783,img_654.jpg
63467,1280,720,631.94293,353.39117,986.8637,986.74805,-8.276,-0.186,0.051,0.115475,0.710354,0.082973,-0.689332,img_655.jpg
63549,1280,720,631.94293,353.39117,986.8637,986.74805,-8.201,-0.182,0.057,0.120089,0.714087,0.087826,-0.684065,img_656.jpg
63620,1280,720,631.94293,353.39117,986.8637,986.74805,-8.111,-0.184,0.062,0.119774,0.717196,0.099812,-0.679207,img_657.jpg
63692,1280,720,631.94293,353.39117,986.8637,986.74805,-7.986,-0.192,0.070,0.116551,0.718273,0.100323,-0.678553,img_658.jpg
63767,1280,720,631.94293,353.39117,986.8637,986.74805,-7.895,-0.199,0.077,0.111463,0.718089,0.095544,-0.680291,img_659.jpg
63849,1280,720,631.94293,353.39117,986.8637,986.74805,-7.807,-0.202,0.082,0.110686,0.718306,0.094583,-0.680323,img_660.jpg
63932,1280,720,631.94293,353.39117,986.8637,986.74805,-7.676,-0.197,0.091,0.117365,0.724736,0.095618,-0.672190,img_661.jpg
63999,1280,720,631.94293,353.39117,986.8637,986.74805,-7.594,-0.185,0.096,0.114182,0.722507,0.097633,-0.674843,img_662.jpg
64083,1280,720,631.94293,353.39117,986.8637,986.74805,-7.510,-0.172,0.097,0.117280,0.726258,0.091298,-0.671163,img_663.jpg
64149,1280,720,631.94293,353.39117,986.8637,986.74805,-7.388,-0.163,0.096,0.115035,0.723836,0.090757,-0.674234,img_664.jpg
64232,1280,720,631.94293,353.39117,986.8637,986.74805,-7.299,-0.164,0.092,0.118432,0.721921,0.080908,-0.676947,img_665.jpg
64315,1280,720,631.94293,353.39117,986.8637,986.74805,-7.215,-0.169,0.084,0.116199,0.721969,0.067586,-0.678742,img_666.jpg
64383,1280,720,631.94293,353.39117,986.8637,986.74805,-7.085,-0.174,0.071,0.105757,0.720792,0.060334,-0.682374,img_667.jpg
64468,1280,720,631.94293,353.39117,986.8637,986.74805,-6.998,-0.172,0.057,0.105659,0.720185,0.051016,-0.683789,img_668.jpg
64535,1280,720,631.94293,353.39117,986.8637,986.74805,-6.913,-0.169,0.043,0.109279,0.722110,0.054608,-0.680907,img_669.jpg
64604,1280,720,631.94293,353.39117,986.8637,986.74805,-6.826,-0.167,0.036,0.113277,0.718950,0.065509,-0.682633,img_670.jpg
64683,1280,720,631.94293,353.39117,986.8637,986.74805,-6.741,-0.168,0.030,0.119274,0.719308,0.071602,-0.680619,img_671.jpg
64752,1280,720,631.94293,353.39117,986.8637,986.74805,-6.613,-0.174,0.024,0.117999,0.717388,0.086908,-0.681086,img_672.jpg
64832,1280,720,631.94293,353.39117,986.8637,986.74805,-6.523,-0.178,0.023,0.114109,0.714712,0.087239,-0.684511,img_673.jpg
64901,1280,720,631.94293,353.39117,986.8637,986.74805,-6.433,-0.184,0.021,0.109072,0.711050,0.084946,-0.689417,img_674.jpg
64970,1280,720,631.94293,353.39117,986.8637,986.74805,-6.337,-0.185,0.020,0.104035,0.707129,0.082927,-0.694455,img_675.jpg
65048,1280,720,631.94293,353.39117,986.8637,986.74805,-6.241,-0.182,0.018,0.110933,0.709866,0.090454,-0.689639,img_676.jpg
65121,1280,720,631.94293,353.39117,986.8637,986.74805,-6.111,-0.165,0.019,0.105190,0.705529,0.101387,-0.693459,img_677.jpg
65197,1280,720,631.94293,353.39117,986.8637,986.74805,-6.027,-0.158,0.016,0.113656,0.709820,0.098378,-0.688157,img_678.jpg
65266,1280,720,631.94293,353.39117,986.8637,986.74805,-5.943,-0.156,0.012,0.117562,0.706901,0.101713,-0.690017,img_679.jpg
65349,1280,720,631.94293,353.39117,986.8637,986.74805,-5.863,-0.161,0.009,0.129703,0.704955,0.096515,-0.690580,img_680.jpg
65420,1280,720,631.94293,353.39117,986.8637,986.74805,-5.732,-0.172,-0.005,0.127472,0.699182,0.080263,-0.698894,img_681.jpg
65498,1280,720,631.94293,353.39117,986.8637,986.74805,-5.646,-0.176,-0.014,0.121140,0.699721,0.071694,-0.700411,img_682.jpg
65585,1280,720,631.94293,353.39117,986.8637,986.74805,-5.559,-0.175,-0.023,0.114284,0.700724,0.061592,-0.701521,img_683.jpg
65653,1280,720,631.94293,353.39117,986.8637,986.74805,-5.429,-0.157,-0.032,0.113513,0.705229,0.069493,-0.696374,img_684.jpg
65748,1280,720,631.94293,353.39117,986.8637,986.74805,-5.310,-0.141,-0.041,0.114847,0.710138,0.067458,-0.691349,img_685.jpg
65832,1280,720,631.94293,353.39117,986.8637,986.74805,-5.230,-0.137,-0.041,0.111768,0.713805,0.071880,-0.687622,img_686.jpg
65915,1280,720,631.94293,353.39117,986.8637,986.74805,-5.148,-0.141,-0.043,0.111182,0.723086,0.078601,-0.677205,img_687.jpg
65985,1280,720,631.94293,353.39117,986.8637,986.74805,-5.065,-0.147,-0.042,0.105672,0.725005,0.081043,-0.675746,img_688.jpg
66067,1280,720,631.94293,353.39117,986.8637,986.74805,-4.926,-0.154,-0.041,0.101750,0.725355,0.074526,-0.676723,img_689.jpg
66148,1280,720,631.94293,353.39117,986.8637,986.74805,-4.935,-0.166,-0.044,0.100088,0.723527,0.075527,-0.678813,img_690.jpg
66223,1280,720,631.94293,353.39117,986.8637,986.74805,-4.849,-0.166,-0.042,0.107001,0.720473,0.088947,-0.679380,img_691.jpg,marker_13.jpg,0.28015357,0.28015357,-25.568,-0.388,3.252,-0.703571,-0.025126,0.029043,0.029043,marker_1.jpg,0.2673891,0.2673891,0.449,-0.165,0.421,-0.702586,-0.007417,0.014357,0.014357
66297,1280,720,631.94293,353.39117,986.8637,986.74805,-4.769,-0.160,-0.043,0.107168,0.721188,0.090741,-0.678358,img_692.jpg
66383,1280,720,631.94293,353.39117,986.8637,986.74805,-4.673,-0.167,-0.045,0.110772,0.722713,0.102092,-0.674531,img_693.jpg
66453,1280,720,631.94293,353.39117,986.8637,986.74805,-4.553,-0.172,-0.052,0.111539,0.721693,0.102006,-0.675509,img_694.jpg
66547,1280,720,631.94293,353.39117,986.8637,986.74805,-4.479,-0.182,-0.062,0.114586,0.722709,0.095782,-0.674824,img_695.jpg
66619,1280,720,631.94293,353.39117,986.8637,986.74805,-4.363,-0.193,-0.074,0.110495,0.724919,0.090932,-0.673806,img_696.jpg
66697,1280,720,631.94293,353.39117,986.8637,986.74805,-4.282,-0.194,-0.087,0.108884,0.725687,0.090582,-0.673289,img_697.jpg
66783,1280,720,631.94293,353.39117,986.8637,986.74805,-4.197,-0.190,-0.104,0.115022,0.731227,0.087995,-0.666584,img_698.jpg
66851,1280,720,631.94293,353.39117,986.8637,986.74805,-4.080,-0.182,-0.119,0.115755,0.731451,0.089206,-0.666050,img_699.jpg
66931,1280,720,631.94293,353.39117,986.8637,986.74805,-3.992,-0.183,-0.125,0.118115,0.733974,0.089425,-0.662823,img_700.jpg
67014,1280,720,631.94293,353.39117,986.8637,986.74805,-3.909,-0.187,-0.127,0.114233,0.740077,0.093560,-0.656113,img_701.jpg
67089,1280,720,631.94293,353.39117,986.8637,986.74805,-3.788,-0.196,-0.130,0.114573,0.750123,0.088789,-0.645217,img_702.jpg
67165,1280,720,631.94293,353.39117,986.8637,986.74805,-3.710,-0.204,-0.133,0.112588,0.753318,0.075818,-0.643496,img_703.jpg
67247,1280,720,631.94293,353.39117,986.8637,986.74805,-3.631,-0.206,-0.133,0.110342,0.758323,0.069513,-0.638701,img_704.jpg
67324,1280,720,631.94293,353.39117,986.8637,986.74805,-3.554,-0.206,-0.128,0.104607,0.759298,0.077875,-0.637542,img_705.jpg
67396,1280,720,631.94293,353.39117,986.8637,986.74805,-3.436,-0.191,-0.123,0.094902,0.762707,0.098416,-0.632129,img_706.jpg
67482,1280,720,631.94293,353.39117,986.8637,986.74805,-3.370,-0.186,-0.125,0.096813,0.767828,0.103871,-0.624722,img_707.jpg
67551,1280,720,631.94293,353.39117,986.8637,986.74805,-3.268,-0.186,-0.132,0.105186,0.771565,0.117162,-0.616358,img_708.jpg
67630,1280,720,631.94293,353.39117,986.8637,986.74805,-3.201,-0.192,-0.139,0.115690,0.774224,0.118353,-0.610890,img_709.jpg
67714,1280,720,631.94293,353.39117,986.8637,986.74805,-3.094,-0.204,-0.147,0.116338,0.780778,0.110965,-0.603770,img_710.jpg
67796,1280,720,631.94293,353.39117,986.8637,986.74805,-3.023,-0.209,-0.152,0.109923,0.785950,0.115683,-0.597341,img_711.jpg
67881,1280,720,631.94293,353.39117,986.8637,986.74805,-2.957,-0.208,-0.158,0.105010,0.797357,0.105640,-0.584837,img_712.jpg
67965,1280,720,631.94293,353.39117,986.8637,986.74805,-2.859,-0.195,-0.158,0.098067,0.815708,0.121996,-0.556884,img_713.jpg
68048,1280,720,631.94293,353.39117,986.8637,986.74805,-2.800,-0.187,-0.155,0.095798,0.828171,0.118309,-0.539406,img_714.jpg
68119,1280,720,631.94293,353.39117,986.8637,986.74805,-2.706,-0.187,-0.143,0.096654,0.842042,0.129203,-0.514714,img_715.jpg
68196,1280,720,631.94293,353.39117,986.8637,986.74805,-2.644,-0.192,-0.131,0.091049,0.851897,0.131327,-0.498733,img_716.jpg
68272,1280,720,631.94293,353.39117,986.8637,986.74805,-2.573,-0.200,-0.115,0.082299,0.858484,0.137357,-0.487201,img_717.jpg
68346,1280,720,631.94293,353.39117,986.8637,986.74805,-2.505,-0.208,-0.097,0.071574,0.864832,0.140760,-0.476580,img_718.jpg
68428,1280,720,631.94293,353.39117,986.8637,986.74805,-2.406,-0.218,-0.064,0.062648,0.876285,0.145729,-0.454932,img_719.jpg
68514,1280,720,631.94293,353.39117,986.8637,986.74805,-2.344,-0.219,-0.036,0.059418,0.882795,0.167201,-0.434954,img_720.jpg
68587,1280,720,631.94293,353.39117,986.8637,986.74805,-2.290,-0.216,-0.009,0.051876,0.890245,0.177016,-0.416460,img_721.jpg
68681,1280,720,631.94293,353.39117,986.8637,986.74805,-2.215,-0.210,0.032,0.053450,0.902678,0.187765,-0.383483,img_722.jpg
68750,1280,720,631.94293,353.39117,986.8637,986.74805,-2.144,-0.209,0.074,0.057007,0.913787,0.203726,-0.346756,img_723.jpg
68830,1280,720,631.94293,353.39117,986.8637,986.74805,-2.093,-0.213,0.100,0.062574,0.921871,0.202225,-0.324567,img_724.jpg
68898,1280,720,631.94293,353.39117,986.8637,986.74805,-2.043,-0.223,0.130,0.065260,0.928409,0.208650,-0.300439,img_725.jpg
68968,1280,720,631.94293,353.39117,986.8637,986.74805,-2.000,-0.231,0.162,0.060590,0.934832,0.211444,-0.278765,img_726.jpg
69047,1280,720,631.94293,353.39117,986.8637,986.74805,-1.942,-0.235,0.208,0.060777,0.937895,0.239060,-0.243946,img_727.jpg
69130,1280,720,631.94293,353.39117,986.8637,986.74805,-1.899,-0.233,0.239,0.068098,0.935399,0.268304,-0.220010,img_728.jpg
69212,1280,720,631.94293,353.39117,986.8637,986.74805,-1.849,-0.224,0.286,0.066718,0.945505,0.264706,-0.177480,img_729.jpg
69298,1280,720,631.94293,353.39117,986.8637,986.74805,-1.816,-0.222,0.328,0.058759,0.944977,0.280519,-0.157721,img_730.jpg
69383,1280,720,631.94293,353.39117,986.8637,986.74805,-1.769,-0.224,0.394,0.051594,0.948392,0.279389,-0.140828,img_731.jpg
69463,1280,720,631.94293,353.39117,986.8637,986.74805,-1.735,-0.227,0.447,0.047072,0.951728,0.275487,-0.126905,img_732.jpg
69546,1280,720,631.94293,353.39117,986.8637,986.74805,-1.716,-0.226,0.502,0.037251,0.954335,0.269330,-0.123769,img_733.jpg
69618,1280,720,631.94293,353.39117,986.8637,986.74805,-1.676,-0.221,0.593,0.042510,0.954646,0.266179,-0.126462,img_734.jpg
69696,1280,720,631.94293,353.39117,986.8637,986.74805,-1.653,-0.214,0.654,0.040431,0.951025,0.273650,-0.137960,img_735.jpg
69767,1280,720,631.94293,353.39117,986.8637,986.74805,-1.631,-0.208,0.711,0.044512,0.943579,0.288376,-0.156579,img_736.jpg
69846,1280,720,631.94293,353.39117,986.8637,986.74805,-1.605,-0.208,0.765,0.057625,0.940394,0.288738,-0.170203,img_737.jpg
69921,1280,720,631.94293,353.39117,986.8637,986.74805,-1.554,-0.211,0.853,0.070541,0.930323,0.305041,-0.190978,img_738.jpg
69994,1280,720,631.94293,353.39117,986.8637,986.74805,-1.518,-0.213,0.909,0.082195,0.925876,0.307736,-0.203216,img_739.jpg
70067,1280,720,631.94293,353.39117,986.8637,986.74805,-1.485,-0.210,0.973,0.095596,0.922717,0.305199,-0.215193,img_740.jpg
70146,1280,720,631.94293,353.39117,986.8637,986.74805,-1.425,-0.226,1.059,0.117307,0.914856,0.310643,-0.229737,img_741.jpg
70228,1280,720,631.94293,353.39117,986.8637,986.74805,-1.380,-0.232,1.114,0.130145,0.910395,0.310102,-0.240997,img_742.jpg
70313,1280,720,631.94293,353.39117,986.8637,986.74805,-1.309,-0.251,1.214,0.146195,0.888347,0.351699,-0.256464,img_743.jpg
70394,1280,720,631.94293,353.39117,986.8637,986.74805,-1.263,-0.251,1.264,0.153794,0.875479,0.368973,-0.271555,img_744.jpg
70462,1280,720,631.94293,353.39117,986.8637,986.74805,-1.219,-0.252,1.309,0.174829,0.871192,0.363522,-0.279842,img_745.jpg
70544,1280,720,631.94293,353.39117,986.8637,986.74805,-1.181,-0.256,1.348,0.184513,0.862515,0.369933,-0.291843,img_746.jpg
70629,1280,720,631.94293,353.39117,986.8637,986.74805,-1.115,-0.262,1.421,0.191075,0.849642,0.377799,-0.314431,img_747.jpg
70695,1280,720,631.94293,353.39117,986.8637,986.74805,-1.070,-0.266,1.465,0.200169,0.840482,0.374890,-0.336125,img_748.jpg
70779,1280,720,631.94293,353.39117,986.8637,986.74805,-1.025,-0.272,1.510,0.208132,0.831586,0.369386,-0.358748,img_749.jpg
70852,1280,720,631.94293,353.39117,986.8637,986.74805,-0.960,-0.282,1.570,0.218842,0.817397,0.359490,-0.393366,img_750.jpg
70930,1280,720,631.94293,353.39117,986.8637,986.74805,-0.924,-0.283,1.610,0.224573,0.806237,0.362210,-0.410308,img_751.jpg
71006,1280,720,631.94293,353.39117,986.8637,986.74805,-0.886,-0.283,1.656,0.233087,0.795300,0.370650,-0.419269,img_752.jpg
71080,1280,720,631.94293,353.39117,986.8637,986.74805,-0.852,-0.270,1.691,0.242464,0.784488,0.362935,-0.440532,img_753.jpg
71164,1280,720,631.94293,353.39117,986.8637,986.74805,-0.807,-0.264,1.728,0.251841,0.771341,0.368532,-0.453644,img_754.jpg
71250,1280,720,631.94293,353.39117,986.8637,986.74805,-0.748,-0.265,1.764,0.263719,0.755271,0.366635,-0.474969,img_755.jpg
