time,sizeX,sizeY,p_x,p_y,f_x,f_y,pos_X,pos_Y,pos_Z,q_x,q_y,q_z,q_w,marker_ID,marker_x,marker_y,marker_z,marker_qx,marker_qy,marker_qz,marker_qw,marker_ID,marker_x,marker_y,marker_z,marker_qx,marker_qy,marker_qz,marker_qw,marker_ID,marker_x,marker_y,marker_z,marker_qx,marker_qy,marker_qz,marker_qw,
13251,1280,720,631.94293,353.39117,986.8637,986.74805,0.529,-0.078,1.075,0.096026,-0.037931,-0.006354,-0.994636,img_1.jpg
13334,1280,720,631.94293,353.39117,986.8637,986.74805,0.529,-0.079,1.073,0.095166,-0.036870,-0.007660,-0.994749,img_2.jpg
13410,1280,720,631.94293,353.39117,986.8637,986.74805,0.530,-0.079,1.070,0.094262,-0.038373,-0.004584,-0.994797,img_3.jpg
13485,1280,720,631.94293,353.39117,986.8637,986.74805,0.530,-0.080,1.071,0.082946,-0.044736,-0.005044,-0.995537,img_4.jpg,marker_1.jpg,0.28009754,0.28009754,0.437,-0.183,0.471,-0.709177,-0.004754,0.007066,0.007066
13568,1280,720,631.94293,353.39117,986.8637,986.74805,0.526,-0.080,1.070,0.082078,-0.048888,-0.008329,-0.995391,img_5.jpg
13636,1280,720,631.94293,353.39117,986.8637,986.74805,0.523,-0.082,1.071,0.078223,-0.055805,-0.013819,-0.995277,img_6.jpg
13709,1280,720,631.94293,353.39117,986.8637,986.74805,0.516,-0.090,1.075,0.082994,-0.066500,-0.016615,-0.994190,img_7.jpg
13784,1280,720,631.94293,353.39117,986.8637,986.74805,0.512,-0.097,1.080,0.095845,-0.073752,-0.019538,-0.992468,img_8.jpg
13852,1280,720,631.94293,353.39117,986.8637,986.74805,0.511,-0.104,1.090,0.103756,-0.078275,-0.017241,-0.991368,img_9.jpg
13933,1280,720,631.94293,353.39117,986.8637,986.74805,0.510,-0.114,1.103,0.113143,-0.082258,-0.016320,-0.990033,img_10.jpg
13998,1280,720,631.94293,353.39117,986.8637,986.74805,0.510,-0.123,1.122,0.119567,-0.083111,-0.018604,-0.989166,img_11.jpg
14084,1280,720,631.94293,353.39117,986.8637,986.74805,0.509,-0.141,1.155,0.140237,-0.093552,-0.010968,-0.985627,img_12.jpg,marker_1.jpg,0.27149707,0.27149707,0.440,-0.181,0.485,-0.700725,-0.012760,0.024824,0.024824
14167,1280,720,631.94293,353.39117,986.8637,986.74805,0.502,-0.158,1.178,0.156401,-0.095158,-0.011855,-0.983027,img_13.jpg
14254,1280,720,631.94293,353.39117,986.8637,986.74805,0.489,-0.182,1.220,0.178946,-0.092893,-0.030821,-0.978979,img_14.jpg
14333,1280,720,631.94293,353.39117,986.8637,986.74805,0.482,-0.194,1.250,0.189173,-0.090214,-0.035446,-0.977148,img_15.jpg
14400,1280,720,631.94293,353.39117,986.8637,986.74805,0.476,-0.207,1.278,0.209035,-0.091090,-0.036820,-0.972960,img_16.jpg
14469,1280,720,631.94293,353.39117,986.8637,986.74805,0.467,-0.220,1.307,0.230473,-0.095255,-0.039491,-0.967600,img_17.jpg
14544,1280,720,631.94293,353.39117,986.8637,986.74805,0.457,-0.237,1.337,0.248797,-0.099741,-0.041111,-0.962529,img_18.jpg
14617,1280,720,631.94293,353.39117,986.8637,986.74805,0.443,-0.254,1.366,0.268281,-0.104311,-0.047558,-0.956495,img_19.jpg
14691,1280,720,631.94293,353.39117,986.8637,986.74805,0.417,-0.279,1.404,0.291852,-0.120033,-0.054026,-0.947362,img_20.jpg
14784,1280,720,631.94293,353.39117,986.8637,986.74805,0.384,-0.299,1.438,0.309070,-0.143063,-0.067243,-0.937810,img_21.jpg
14866,1280,720,631.94293,353.39117,986.8637,986.74805,0.356,-0.311,1.456,0.316010,-0.161203,-0.072879,-0.932116,img_22.jpg
14938,1280,720,631.94293,353.39117,986.8637,986.74805,0.325,-0.324,1.477,0.319873,-0.181862,-0.086890,-0.925774,img_23.jpg
15010,1280,720,631.94293,353.39117,986.8637,986.74805,0.290,-0.337,1.496,0.328960,-0.203084,-0.097984,-0.917029,img_24.jpg
15082,1280,720,631.94293,353.39117,986.8637,986.74805,0.232,-0.358,1.525,0.344500,-0.234521,-0.117425,-0.901405,img_25.jpg
15166,1280,720,631.94293,353.39117,986.8637,986.74805,0.188,-0.372,1.539,0.353150,-0.252964,-0.130476,-0.891219,img_26.jpg
15237,1280,720,631.94293,353.39117,986.8637,986.74805,0.142,-0.384,1.556,0.356655,-0.270923,-0.139273,-0.883176,img_27.jpg
15312,1280,720,631.94293,353.39117,986.8637,986.74805,0.092,-0.395,1.567,0.361438,-0.286935,-0.145943,-0.875061,img_28.jpg
15385,1280,720,631.94293,353.39117,986.8637,986.74805,0.038,-0.405,1.581,0.363100,-0.301664,-0.151786,-0.868400,img_29.jpg
15464,1280,720,631.94293,353.39117,986.8637,986.74805,-0.040,-0.408,1.592,0.368180,-0.314786,-0.154025,-0.861179,img_30.jpg
15550,1280,720,631.94293,353.39117,986.8637,986.74805,-0.114,-0.399,1.598,0.373965,-0.328641,-0.146143,-0.854861,img_31.jpg
15633,1280,720,631.94293,353.39117,986.8637,986.74805,-0.165,-0.397,1.604,0.372144,-0.341882,-0.148972,-0.849961,img_32.jpg
15710,1280,720,631.94293,353.39117,986.8637,986.74805,-0.207,-0.398,1.608,0.371394,-0.352654,-0.153995,-0.844978,img_33.jpg
15787,1280,720,631.94293,353.39117,986.8637,986.74805,-0.282,-0.396,1.620,0.376485,-0.363294,-0.156358,-0.837752,img_34.jpg
15883,1280,720,631.94293,353.39117,986.8637,986.74805,-0.355,-0.403,1.629,0.382462,-0.368922,-0.168383,-0.830221,img_35.jpg
15966,1280,720,631.94293,353.39117,986.8637,986.74805,-0.410,-0.411,1.636,0.381722,-0.371251,-0.173559,-0.828456,img_36.jpg
16035,1280,720,631.94293,353.39117,986.8637,986.74805,-0.466,-0.419,1.640,0.380390,-0.370102,-0.178418,-0.828550,img_37.jpg
16112,1280,720,631.94293,353.39117,986.8637,986.74805,-0.517,-0.423,1.643,0.379248,-0.368334,-0.180210,-0.829473,img_38.jpg
16191,1280,720,631.94293,353.39117,986.8637,986.74805,-0.597,-0.420,1.647,0.371431,-0.351423,-0.193431,-0.837332,img_39.jpg
16282,1280,720,631.94293,353.39117,986.8637,986.74805,-0.669,-0.405,1.639,0.367463,-0.343613,-0.183057,-0.844625,img_40.jpg
16365,1280,720,631.94293,353.39117,986.8637,986.74805,-0.717,-0.398,1.631,0.366880,-0.338131,-0.181229,-0.847480,img_41.jpg
16449,1280,720,631.94293,353.39117,986.8637,986.74805,-0.795,-0.388,1.608,0.353998,-0.334219,-0.165173,-0.857730,img_42.jpg
16532,1280,720,631.94293,353.39117,986.8637,986.74805,-0.845,-0.380,1.587,0.341320,-0.333133,-0.156857,-0.864823,img_43.jpg
16605,1280,720,631.94293,353.39117,986.8637,986.74805,-0.898,-0.372,1.559,0.329199,-0.338846,-0.143706,-0.869575,img_44.jpg
16682,1280,720,631.94293,353.39117,986.8637,986.74805,-0.976,-0.351,1.515,0.301787,-0.352853,-0.128018,-0.876374,img_45.jpg
16765,1280,720,631.94293,353.39117,986.8637,986.74805,-1.024,-0.330,1.481,0.294344,-0.359410,-0.110488,-0.878623,img_46.jpg
16839,1280,720,631.94293,353.39117,986.8637,986.74805,-1.072,-0.308,1.448,0.295444,-0.362966,-0.101901,-0.877830,img_47.jpg
16913,1280,720,631.94293,353.39117,986.8637,986.74805,-1.132,-0.275,1.401,0.275778,-0.367581,-0.088151,-0.883776,img_48.jpg
16999,1280,720,631.94293,353.39117,986.8637,986.74805,-1.168,-0.257,1.365,0.271355,-0.362750,-0.082435,-0.887684,img_49.jpg
17079,1280,720,631.94293,353.39117,986.8637,986.74805,-1.201,-0.242,1.325,0.264708,-0.359071,-0.077006,-0.891666,img_50.jpg
17166,1280,720,631.94293,353.39117,986.8637,986.74805,-1.262,-0.228,1.262,0.236737,-0.347427,-0.081199,-0.903691,img_51.jpg
17242,1280,720,631.94293,353.39117,986.8637,986.74805,-1.297,-0.216,1.223,0.218277,-0.344086,-0.080680,-0.909643,img_52.jpg
17332,1280,720,631.94293,353.39117,986.8637,986.74805,-1.359,-0.204,1.160,0.195544,-0.347688,-0.068458,-0.914434,img_53.jpg
17418,1280,720,631.94293,353.39117,986.8637,986.74805,-1.424,-0.188,1.099,0.177409,-0.349985,-0.071408,-0.917027,img_54.jpg
17499,1280,720,631.94293,353.39117,986.8637,986.74805,-1.471,-0.176,1.052,0.188883,-0.347162,-0.073654,-0.915629,img_55.jpg
17576,1280,720,631.94293,353.39117,986.8637,986.74805,-1.506,-0.169,1.008,0.187424,-0.353981,-0.070695,-0.913549,img_56.jpg
17665,1280,720,631.94293,353.39117,986.8637,986.74805,-1.561,-0.168,0.937,0.190810,-0.350366,-0.076638,-0.913762,img_57.jpg
17742,1280,720,631.94293,353.39117,986.8637,986.74805,-1.595,-0.170,0.889,0.192319,-0.352441,-0.075368,-0.912754,img_58.jpg
17816,1280,720,631.94293,353.39117,986.8637,986.74805,-1.643,-0.177,0.813,0.187706,-0.368153,-0.073308,-0.907665,img_59.jpg
17899,1280,720,631.94293,353.39117,986.8637,986.74805,-1.671,-0.180,0.760,0.180920,-0.384214,-0.072396,-0.902445,img_60.jpg
17973,1280,720,631.94293,353.39117,986.8637,986.74805,-1.715,-0.181,0.671,0.177256,-0.412131,-0.066581,-0.891232,img_61.jpg
18064,1280,720,631.94293,353.39117,986.8637,986.74805,-1.742,-0.177,0.610,0.179731,-0.433794,-0.058627,-0.880955,img_62.jpg
18134,1280,720,631.94293,353.39117,986.8637,986.74805,-1.773,-0.170,0.550,0.178862,-0.446625,-0.063371,-0.874367,img_63.jpg
18215,1280,720,631.94293,353.39117,986.8637,986.74805,-1.820,-0.156,0.462,0.177038,-0.474893,-0.057323,-0.860144,img_64.jpg
18282,1280,720,631.94293,353.39117,986.8637,986.74805,-1.856,-0.153,0.413,0.179317,-0.483542,-0.067368,-0.854104,img_65.jpg
18364,1280,720,631.94293,353.39117,986.8637,986.74805,-1.895,-0.154,0.363,0.183588,-0.500960,-0.072759,-0.842639,img_66.jpg
18434,1280,720,631.94293,353.39117,986.8637,986.74805,-1.937,-0.161,0.315,0.176623,-0.512295,-0.083952,-0.836247,img_67.jpg
18508,1280,720,631.94293,353.39117,986.8637,986.74805,-1.977,-0.168,0.272,0.171465,-0.525279,-0.087125,-0.828910,img_68.jpg
18579,1280,720,631.94293,353.39117,986.8637,986.74805,-2.054,-0.183,0.196,0.157442,-0.538610,-0.094040,-0.822355,img_69.jpg
18664,1280,720,631.94293,353.39117,986.8637,986.74805,-2.110,-0.190,0.143,0.149228,-0.545970,-0.097669,-0.818602,img_70.jpg
18738,1280,720,631.94293,353.39117,986.8637,986.74805,-2.167,-0.194,0.093,0.146916,-0.542436,-0.110809,-0.819695,img_71.jpg
18811,1280,720,631.94293,353.39117,986.8637,986.74805,-2.223,-0.192,0.042,0.155980,-0.546653,-0.109137,-0.815432,img_72.jpg
18886,1280,720,631.94293,353.39117,986.8637,986.74805,-2.303,-0.187,-0.024,0.138214,-0.548761,-0.114777,-0.816447,img_73.jpg
18981,1280,720,631.94293,353.39117,986.8637,986.74805,-2.384,-0.187,-0.089,0.137903,-0.556467,-0.105667,-0.812504,img_74.jpg
19063,1280,720,631.94293,353.39117,986.8637,986.74805,-2.446,-0.192,-0.130,0.138745,-0.568446,-0.100984,-0.804625,img_75.jpg
19138,1280,720,631.94293,353.39117,986.8637,986.74805,-2.544,-0.196,-0.196,0.125765,-0.585752,-0.104364,-0.793842,img_76.jpg
19213,1280,720,631.94293,353.39117,986.8637,986.74805,-2.609,-0.196,-0.242,0.118754,-0.603178,-0.099192,-0.782455,img_77.jpg
19298,1280,720,631.94293,353.39117,986.8637,986.74805,-2.681,-0.194,-0.285,0.122612,-0.615342,-0.094110,-0.772958,img_78.jpg
19374,1280,720,631.94293,353.39117,986.8637,986.74805,-2.781,-0.182,-0.341,0.121410,-0.628767,-0.087583,-0.763047,img_79.jpg
19463,1280,720,631.94293,353.39117,986.8637,986.74805,-2.846,-0.173,-0.365,0.123968,-0.637202,-0.089868,-0.755334,img_80.jpg
19542,1280,720,631.94293,353.39117,986.8637,986.74805,-2.949,-0.177,-0.399,0.123415,-0.652817,-0.102094,-0.740389,img_81.jpg
19630,1280,720,631.94293,353.39117,986.8637,986.74805,-3.021,-0.186,-0.421,0.123878,-0.661785,-0.112056,-0.730848,img_82.jpg
19706,1280,720,631.94293,353.39117,986.8637,986.74805,-3.097,-0.198,-0.444,0.117938,-0.666905,-0.113931,-0.726876,img_83.jpg
19783,1280,720,631.94293,353.39117,986.8637,986.74805,-3.206,-0.207,-0.466,0.113327,-0.671283,-0.112463,-0.723802,img_84.jpg
19880,1280,720,631.94293,353.39117,986.8637,986.74805,-3.321,-0.209,-0.484,0.106020,-0.668185,-0.120257,-0.726517,img_85.jpg
19963,1280,720,631.94293,353.39117,986.8637,986.74805,-3.393,-0.202,-0.500,0.120767,-0.666980,-0.121242,-0.725157,img_86.jpg
20038,1280,720,631.94293,353.39117,986.8637,986.74805,-3.501,-0.195,-0.525,0.110951,-0.663861,-0.119730,-0.729824,img_87.jpg
20114,1280,720,631.94293,353.39117,986.8637,986.74805,-3.573,-0.197,-0.544,0.117450,-0.663678,-0.115751,-0.729616,img_88.jpg
20197,1280,720,631.94293,353.39117,986.8637,986.74805,-3.651,-0.203,-0.564,0.124792,-0.663973,-0.113503,-0.728480,img_89.jpg
20280,1280,720,631.94293,353.39117,986.8637,986.74805,-3.768,-0.217,-0.592,0.118964,-0.671161,-0.109465,-0.723470,img_90.jpg
20362,1280,720,631.94293,353.39117,986.8637,986.74805,-3.856,-0.222,-0.614,0.112319,-0.678545,-0.103499,-0.718505,img_91.jpg
20432,1280,720,631.94293,353.39117,986.8637,986.74805,-3.938,-0.215,-0.635,0.117697,-0.686325,-0.098360,-0.710937,img_92.jpg
20503,1280,720,631.94293,353.39117,986.8637,986.74805,-4.018,-0.209,-0.655,0.125212,-0.695119,-0.096146,-0.701347,img_93.jpg
20572,1280,720,631.94293,353.39117,986.8637,986.74805,-4.134,-0.197,-0.679,0.120510,-0.700087,-0.099977,-0.696678,img_94.jpg
20662,1280,720,631.94293,353.39117,986.8637,986.74805,-4.212,-0.193,-0.693,0.132990,-0.698988,-0.105802,-0.694647,img_95.jpg
20739,1280,720,631.94293,353.39117,986.8637,986.74805,-4.327,-0.193,-0.707,0.134039,-0.702829,-0.116368,-0.688856,img_96.jpg
20829,1280,720,631.94293,353.39117,986.8637,986.74805,-4.411,-0.201,-0.715,0.135159,-0.703665,-0.123558,-0.686528,img_97.jpg
20901,1280,720,631.94293,353.39117,986.8637,986.74805,-4.489,-0.206,-0.714,0.128236,-0.704632,-0.123771,-0.686826,img_98.jpg
20979,1280,720,631.94293,353.39117,986.8637,986.74805,-4.614,-0.214,-0.715,0.118969,-0.705509,-0.121646,-0.687972,img_99.jpg
21062,1280,720,631.94293,353.39117,986.8637,986.74805,-4.694,-0.215,-0.713,0.107535,-0.703689,-0.126115,-0.690908,img_100.jpg
21142,1280,720,631.94293,353.39117,986.8637,986.74805,-4.767,-0.213,-0.713,0.117300,-0.698599,-0.138328,-0.692146,img_101.jpg
21216,1280,720,631.94293,353.39117,986.8637,986.74805,-4.879,-0.204,-0.714,0.100176,-0.694913,-0.134477,-0.699269,img_102.jpg
21296,1280,720,631.94293,353.39117,986.8637,986.74805,-4.942,-0.201,-0.715,0.114384,-0.691196,-0.139151,-0.699858,img_103.jpg
21380,1280,720,631.94293,353.39117,986.8637,986.74805,-5.065,-0.203,-0.721,0.131457,-0.682126,-0.133318,-0.706859,img_104.jpg
21461,1280,720,631.94293,353.39117,986.8637,986.74805,-5.138,-0.204,-0.723,0.123107,-0.684533,-0.124387,-0.707663,img_105.jpg
21531,1280,720,631.94293,353.39117,986.8637,986.74805,-5.239,-0.206,-0.729,0.112865,-0.688787,-0.114386,-0.706930,img_106.jpg
21601,1280,720,631.94293,353.39117,986.8637,986.74805,-5.328,-0.206,-0.735,0.110538,-0.693995,-0.107574,-0.703264,img_107.jpg
21672,1280,720,631.94293,353.39117,986.8637,986.74805,-5.425,-0.201,-0.741,0.104336,-0.703701,-0.107234,-0.694564,img_108.jpg
21747,1280,720,631.94293,353.39117,986.8637,986.74805,-5.570,-0.191,-0.751,0.104405,-0.706787,-0.118442,-0.689582,img_109.jpg
21828,1280,720,631.94293,353.39117,986.8637,986.74805,-5.667,-0.185,-0.759,0.095282,-0.703539,-0.124198,-0.693202,img_110.jpg
21904,1280,720,631.94293,353.39117,986.8637,986.74805,-5.752,-0.182,-0.758,0.105994,-0.704730,-0.128072,-0.689723,img_111.jpg
21981,1280,720,631.94293,353.39117,986.8637,986.74805,-5.880,-0.191,-0.754,0.108322,-0.704315,-0.136791,-0.688109,img_112.jpg
22078,1280,720,631.94293,353.39117,986.8637,986.74805,-5.996,-0.208,-0.745,0.098502,-0.706550,-0.134321,-0.687780,img_113.jpg
22161,1280,720,631.94293,353.39117,986.8637,986.74805,-6.084,-0.215,-0.741,0.099682,-0.708692,-0.128576,-0.686504,img_114.jpg
22232,1280,720,631.94293,353.39117,986.8637,986.74805,-6.189,-0.219,-0.737,0.094246,-0.707924,-0.126267,-0.688489,img_115.jpg
22303,1280,720,631.94293,353.39117,986.8637,986.74805,-6.275,-0.217,-0.728,0.102936,-0.703345,-0.134988,-0.690281,img_116.jpg
22379,1280,720,631.94293,353.39117,986.8637,986.74805,-6.395,-0.210,-0.720,0.097649,-0.702870,-0.133556,-0.691811,img_117.jpg
22461,1280,720,631.94293,353.39117,986.8637,986.74805,-6.465,-0.210,-0.717,0.110169,-0.699030,-0.139033,-0.692741,img_118.jpg
22538,1280,720,631.94293,353.39117,986.8637,986.74805,-6.548,-0.213,-0.717,0.118095,-0.694751,-0.133028,-0.696906,img_119.jpg
22615,1280,720,631.94293,353.39117,986.8637,986.74805,-6.663,-0.215,-0.718,0.112398,-0.692441,-0.119991,-0.702491,img_120.jpg
22695,1280,720,631.94293,353.39117,986.8637,986.74805,-6.749,-0.218,-0.722,0.101285,-0.693295,-0.111274,-0.704771,img_121.jpg
22771,1280,720,631.94293,353.39117,986.8637,986.74805,-6.844,-0.219,-0.720,0.092461,-0.694170,-0.107015,-0.705781,img_122.jpg
22849,1280,720,631.94293,353.39117,986.8637,986.74805,-6.980,-0.210,-0.722,0.102698,-0.699181,-0.104415,-0.699783,img_123.jpg
22928,1280,720,631.94293,353.39117,986.8637,986.74805,-7.065,-0.205,-0.720,0.105483,-0.705099,-0.099330,-0.694149,img_124.jpg
23003,1280,720,631.94293,353.39117,986.8637,986.74805,-7.148,-0.203,-0.716,0.110962,-0.702373,-0.102621,-0.695578,img_125.jpg
23079,1280,720,631.94293,353.39117,986.8637,986.74805,-7.252,-0.203,-0.710,0.119854,-0.704006,-0.110554,-0.691222,img_126.jpg
23160,1280,720,631.94293,353.39117,986.8637,986.74805,-7.338,-0.214,-0.702,0.118736,-0.706213,-0.117582,-0.687997,img_127.jpg
23237,1280,720,631.94293,353.39117,986.8637,986.74805,-7.466,-0.231,-0.688,0.115877,-0.708289,-0.116984,-0.686451,img_128.jpg
23327,1280,720,631.94293,353.39117,986.8637,986.74805,-7.553,-0.241,-0.672,0.128185,-0.715110,-0.115317,-0.677413,img_129.jpg
23400,1280,720,631.94293,353.39117,986.8637,986.74805,-7.639,-0.242,-0.656,0.122294,-0.715188,-0.114652,-0.678531,img_130.jpg
23476,1280,720,631.94293,353.39117,986.8637,986.74805,-7.781,-0.232,-0.635,0.129453,-0.709872,-0.125908,-0.680787,img_131.jpg
23560,1280,720,631.94293,353.39117,986.8637,986.74805,-7.849,-0.225,-0.625,0.112697,-0.703886,-0.126191,-0.689870,img_132.jpg
23637,1280,720,631.94293,353.39117,986.8637,986.74805,-7.979,-0.219,-0.617,0.113014,-0.699515,-0.120371,-0.695282,img_133.jpg
23726,1280,720,631.94293,353.39117,986.8637,986.74805,-8.062,-0.222,-0.611,0.115361,-0.694032,-0.115899,-0.701127,img_134.jpg
23800,1280,720,631.94293,353.39117,986.8637,986.74805,-8.138,-0.226,-0.608,0.108537,-0.692389,-0.108680,-0.704986,img_135.jpg
23876,1280,720,631.94293,353.39117,986.8637,986.74805,-8.256,-0.234,-0.604,0.101407,-0.696213,-0.098648,-0.703756,img_136.jpg
23960,1280,720,631.94293,353.39117,986.8637,986.74805,-8.337,-0.233,-0.606,0.101299,-0.698968,-0.094761,-0.701572,img_137.jpg
24037,1280,720,631.94293,353.39117,986.8637,986.74805,-8.431,-0.228,-0.603,0.108490,-0.695228,-0.098405,-0.703708,img_138.jpg
24115,1280,720,631.94293,353.39117,986.8637,986.74805,-8.557,-0.218,-0.599,0.108795,-0.692388,-0.098188,-0.706486,img_139.jpg
24194,1280,720,631.94293,353.39117,986.8637,986.74805,-8.625,-0.214,-0.596,0.117736,-0.690372,-0.106497,-0.705821,img_140.jpg
24266,1280,720,631.94293,353.39117,986.8637,986.74805,-8.698,-0.217,-0.592,0.119131,-0.691532,-0.112994,-0.703437,img_141.jpg
24343,1280,720,631.94293,353.39117,986.8637,986.74805,-8.800,-0.232,-0.579,0.111244,-0.691233,-0.125216,-0.702953,img_142.jpg
24427,1280,720,631.94293,353.39117,986.8637,986.74805,-8.884,-0.244,-0.569,0.107945,-0.690950,-0.125077,-0.703769,img_143.jpg
24500,1280,720,631.94293,353.39117,986.8637,986.74805,-8.978,-0.250,-0.558,0.108636,-0.691642,-0.123739,-0.703220,img_144.jpg
24572,1280,720,631.94293,353.39117,986.8637,986.74805,-9.104,-0.249,-0.539,0.098518,-0.690830,-0.128224,-0.704704,img_145.jpg
24659,1280,720,631.94293,353.39117,986.8637,986.74805,-9.189,-0.242,-0.531,0.110350,-0.689883,-0.127946,-0.703927,img_146.jpg
24733,1280,720,631.94293,353.39117,986.8637,986.74805,-9.262,-0.235,-0.523,0.109382,-0.688049,-0.130204,-0.705458,img_147.jpg
24804,1280,720,631.94293,353.39117,986.8637,986.74805,-9.378,-0.234,-0.516,0.121489,-0.685486,-0.129707,-0.706063,img_148.jpg
24875,1280,720,631.94293,353.39117,986.8637,986.74805,-9.457,-0.236,-0.509,0.120622,-0.682017,-0.126392,-0.710161,img_149.jpg
24959,1280,720,631.94293,353.39117,986.8637,986.74805,-9.538,-0.240,-0.507,0.117639,-0.683148,-0.118681,-0.710904,img_150.jpg
25032,1280,720,631.94293,353.39117,986.8637,986.74805,-9.615,-0.242,-0.505,0.109854,-0.686238,-0.110364,-0.710514,img_151.jpg
25101,1280,720,631.94293,353.39117,986.8637,986.74805,-9.700,-0.244,-0.503,0.101341,-0.689360,-0.105061,-0.709560,img_152.jpg
25169,1280,720,631.94293,353.39117,986.8637,986.74805,-9.832,-0.244,-0.502,0.110628,-0.691086,-0.117149,-0.704583,img_153.jpg
25259,1280,720,631.94293,353.39117,986.8637,986.74805,-9.918,-0.243,-0.498,0.115780,-0.692979,-0.121595,-0.701135,img_154.jpg
25330,1280,720,631.94293,353.39117,986.8637,986.74805,-9.999,-0.240,-0.494,0.119175,-0.691315,-0.126212,-0.701393,img_155.jpg
25400,1280,720,631.94293,353.39117,986.8637,986.74805,-10.081,-0.239,-0.491,0.129762,-0.689582,-0.131010,-0.700340,img_156.jpg
25472,1280,720,631.94293,353.39117,986.8637,986.74805,-10.198,-0.243,-0.482,0.126996,-0.690320,-0.136532,-0.699064,img_157.jpg
25559,1280,720,631.94293,353.39117,986.8637,986.74805,-10.286,-0.249,-0.474,0.128679,-0.693802,-0.139168,-0.694776,img_158.jpg
25629,1280,720,631.94293,353.39117,986.8637,986.74805,-10.365,-0.259,-0.471,0.133614,-0.695726,-0.133819,-0.692968,img_159.jpg
25698,1280,720,631.94293,353.39117,986.8637,986.74805,-10.446,-0.259,-0.462,0.125564,-0.691492,-0.130158,-0.699379,img_160.jpg
25768,1280,720,631.94293,353.39117,986.8637,986.74805,-10.537,-0.257,-0.452,0.121526,-0.682439,-0.134530,-0.708103,img_161.jpg
25858,1280,720,631.94293,353.39117,986.8637,986.74805,-10.658,-0.246,-0.440,0.133352,-0.678466,-0.134652,-0.709768,img_162.jpg
25925,1280,720,631.94293,353.39117,986.8637,986.74805,-10.740,-0.244,-0.428,0.128697,-0.673570,-0.144294,-0.713387,img_163.jpg
25995,1280,720,631.94293,353.39117,986.8637,986.74805,-10.815,-0.244,-0.416,0.127585,-0.676298,-0.138837,-0.712087,img_164.jpg
26065,1280,720,631.94293,353.39117,986.8637,986.74805,-10.902,-0.245,-0.405,0.119889,-0.675081,-0.132570,-0.715764,img_165.jpg
26134,1280,720,631.94293,353.39117,986.8637,986.74805,-11.037,-0.241,-0.396,0.115092,-0.678253,-0.109465,-0.717457,img_166.jpg
26209,1280,720,631.94293,353.39117,986.8637,986.74805,-11.131,-0.240,-0.392,0.106779,-0.682889,-0.096121,-0.716255,img_167.jpg
26291,1280,720,631.94293,353.39117,986.8637,986.74805,-11.226,-0.239,-0.393,0.104483,-0.679712,-0.098382,-0.719302,img_168.jpg
26358,1280,720,631.94293,353.39117,986.8637,986.74805,-11.321,-0.231,-0.398,0.116511,-0.679820,-0.099296,-0.717224,img_169.jpg
26432,1280,720,631.94293,353.39117,986.8637,986.74805,-11.453,-0.218,-0.402,0.132943,-0.676629,-0.098839,-0.717447,img_170.jpg
26509,1280,720,631.94293,353.39117,986.8637,986.74805,-11.532,-0.213,-0.399,0.131991,-0.675497,-0.105600,-0.717726,img_171.jpg
26592,1280,720,631.94293,353.39117,986.8637,986.74805,-11.615,-0.213,-0.392,0.125530,-0.678084,-0.118475,-0.714428,img_172.jpg
26655,1280,720,631.94293,353.39117,986.8637,986.74805,-11.686,-0.217,-0.384,0.123695,-0.684852,-0.125725,-0.707015,img_173.jpg
26741,1280,720,631.94293,353.39117,986.8637,986.74805,-11.825,-0.222,-0.369,0.114202,-0.686753,-0.121627,-0.707485,img_174.jpg
26808,1280,720,631.94293,353.39117,986.8637,986.74805,-11.907,-0.226,-0.361,0.113661,-0.688038,-0.117429,-0.707033,img_175.jpg
26892,1280,720,631.94293,353.39117,986.8637,986.74805,-11.990,-0.228,-0.352,0.109251,-0.686730,-0.119378,-0.708671,img_176.jpg
26959,1280,720,631.94293,353.39117,986.8637,986.74805,-12.071,-0.225,-0.343,0.136765,-0.685897,-0.130868,-0.702648,img_177.jpg
27033,1280,720,631.94293,353.39117,986.8637,986.74805,-12.142,-0.215,-0.339,0.126887,-0.686997,-0.126318,-0.704258,img_178.jpg
27101,1280,720,631.94293,353.39117,986.8637,986.74805,-12.217,-0.212,-0.339,0.128234,-0.680008,-0.126559,-0.710724,img_179.jpg
27191,1280,720,631.94293,353.39117,986.8637,986.74805,-12.338,-0.218,-0.351,0.140356,-0.670277,-0.117261,-0.719221,img_180.jpg
27257,1280,720,631.94293,353.39117,986.8637,986.74805,-12.411,-0.223,-0.355,0.140532,-0.667149,-0.117141,-0.722109,img_181.jpg
27325,1280,720,631.94293,353.39117,986.8637,986.74805,-12.488,-0.223,-0.364,0.134748,-0.667967,-0.113966,-0.722962,img_182.jpg
27388,1280,720,631.94293,353.39117,986.8637,986.74805,-12.573,-0.223,-0.372,0.123350,-0.674389,-0.108384,-0.719887,img_183.jpg
27457,1280,720,631.94293,353.39117,986.8637,986.74805,-12.669,-0.218,-0.379,0.108512,-0.681036,-0.106103,-0.716350,img_184.jpg
27524,1280,720,631.94293,353.39117,986.8637,986.74805,-12.762,-0.210,-0.384,0.111774,-0.685735,-0.116337,-0.709747,img_185.jpg
27590,1280,720,631.94293,353.39117,986.8637,986.74805,-12.844,-0.202,-0.390,0.110144,-0.695315,-0.114903,-0.700859,img_186.jpg
27674,1280,720,631.94293,353.39117,986.8637,986.74805,-12.975,-0.197,-0.399,0.125951,-0.694156,-0.121213,-0.698277,img_187.jpg
27757,1280,720,631.94293,353.39117,986.8637,986.74805,-13.066,-0.200,-0.407,0.133090,-0.695212,-0.126097,-0.695030,img_188.jpg
27821,1280,720,631.94293,353.39117,986.8637,986.74805,-13.149,-0.204,-0.405,0.121367,-0.700774,-0.130775,-0.690712,img_189.jpg
27888,1280,720,631.94293,353.39117,986.8637,986.74805,-13.238,-0.213,-0.406,0.111021,-0.703088,-0.130394,-0.690173,img_190.jpg
27974,1280,720,631.94293,353.39117,986.8637,986.74805,-13.367,-0.227,-0.409,0.096944,-0.703341,-0.129339,-0.692231,img_191.jpg
28056,1280,720,631.94293,353.39117,986.8637,986.74805,-13.459,-0.232,-0.409,0.093031,-0.702342,-0.134405,-0.692818,img_192.jpg
28121,1280,720,631.94293,353.39117,986.8637,986.74805,-13.562,-0.239,-0.409,0.104187,-0.690495,-0.147163,-0.700503,img_193.jpg
28190,1280,720,631.94293,353.39117,986.8637,986.74805,-13.647,-0.236,-0.412,0.109806,-0.691759,-0.142409,-0.699380,img_194.jpg
28258,1280,720,631.94293,353.39117,986.8637,986.74805,-13.731,-0.235,-0.418,0.108969,-0.688424,-0.143102,-0.702652,img_195.jpg
28330,1280,720,631.94293,353.39117,986.8637,986.74805,-13.860,-0.238,-0.426,0.111647,-0.680689,-0.136463,-0.711039,img_196.jpg
28407,1280,720,631.94293,353.39117,986.8637,986.74805,-13.945,-0.238,-0.435,0.110632,-0.680665,-0.127162,-0.712941,img_197.jpg
28490,1280,720,631.94293,353.39117,986.8637,986.74805,-14.018,-0.239,-0.441,0.100705,-0.682479,-0.122870,-0.713431,img_198.jpg
28557,1280,720,631.94293,353.39117,986.8637,986.74805,-14.111,-0.238,-0.444,0.096289,-0.689226,-0.117672,-0.708413,img_199.jpg
28628,1280,720,631.94293,353.39117,986.8637,986.74805,-14.205,-0.235,-0.445,0.091287,-0.696127,-0.114650,-0.702801,img_200.jpg
28695,1280,720,631.94293,353.39117,986.8637,986.74805,-14.297,-0.227,-0.446,0.095476,-0.696661,-0.115089,-0.701642,img_201.jpg
28765,1280,720,631.94293,353.39117,986.8637,986.74805,-14.424,-0.214,-0.442,0.099324,-0.699393,-0.113777,-0.698598,img_202.jpg
28840,1280,720,631.94293,353.39117,986.8637,986.74805,-14.514,-0.208,-0.439,0.109191,-0.700429,-0.114884,-0.695901,img_203.jpg
28922,1280,720,631.94293,353.39117,986.8637,986.74805,-14.602,-0.209,-0.434,0.111052,-0.701263,-0.119742,-0.693945,img_204.jpg
28989,1280,720,631.94293,353.39117,986.8637,986.74805,-14.683,-0.214,-0.424,0.097285,-0.703871,-0.122152,-0.692950,img_205.jpg
29059,1280,720,631.94293,353.39117,986.8637,986.74805,-14.770,-0.224,-0.414,0.087404,-0.703969,-0.121903,-0.694210,img_206.jpg
29129,1280,720,631.94293,353.39117,986.8637,986.74805,-14.858,-0.230,-0.406,0.087374,-0.703487,-0.119588,-0.695105,img_207.jpg
29197,1280,720,631.94293,353.39117,986.8637,986.74805,-14.945,-0.232,-0.395,0.078358,-0.698994,-0.121276,-0.700400,img_208.jpg
29264,1280,720,631.94293,353.39117,986.8637,986.74805,-15.039,-0.227,-0.387,0.100282,-0.694813,-0.128897,-0.700403,img_209.jpg
29337,1280,720,631.94293,353.39117,986.8637,986.74805,-15.120,-0.218,-0.379,0.102543,-0.697209,-0.126219,-0.698178,img_210.jpg
29406,1280,720,631.94293,353.39117,986.8637,986.74805,-15.241,-0.214,-0.371,0.097740,-0.694773,-0.126881,-0.701169,img_211.jpg
29490,1280,720,631.94293,353.39117,986.8637,986.74805,-15.327,-0.215,-0.373,0.105184,-0.690947,-0.119961,-0.705080,img_212.jpg
29560,1280,720,631.94293,353.39117,986.8637,986.74805,-15.409,-0.219,-0.372,0.101418,-0.690524,-0.114703,-0.706919,img_213.jpg
29639,1280,720,631.94293,353.39117,986.8637,986.74805,-15.498,-0.225,-0.372,0.094391,-0.692279,-0.110264,-0.706881,img_214.jpg
29703,1280,720,631.94293,353.39117,986.8637,986.74805,-15.630,-0.223,-0.371,0.082790,-0.696269,-0.107762,-0.704799,img_215.jpg
29789,1280,720,631.94293,353.39117,986.8637,986.74805,-15.723,-0.217,-0.372,0.079163,-0.692041,-0.113786,-0.708424,img_216.jpg
29855,1280,720,631.94293,353.39117,986.8637,986.74805,-15.805,-0.208,-0.373,0.087597,-0.697703,-0.110563,-0.702363,img_217.jpg
29923,1280,720,631.94293,353.39117,986.8637,986.74805,-15.891,-0.199,-0.369,0.085356,-0.694652,-0.114054,-0.705099,img_218.jpg
29990,1280,720,631.94293,353.39117,986.8637,986.74805,-15.977,-0.196,-0.369,0.104008,-0.697868,-0.114934,-0.699251,img_219.jpg
30059,1280,720,631.94293,353.39117,986.8637,986.74805,-16.065,-0.198,-0.360,0.107949,-0.701582,-0.121936,-0.693730,img_220.jpg
30130,1280,720,631.94293,353.39117,986.8637,986.74805,-16.190,-0.212,-0.341,0.085253,-0.705084,-0.130444,-0.691790,img_221.jpg
30205,1280,720,631.94293,353.39117,986.8637,986.74805,-16.276,-0.220,-0.329,0.079428,-0.707208,-0.128783,-0.690625,img_222.jpg
30289,1280,720,631.94293,353.39117,986.8637,986.74805,-16.366,-0.220,-0.318,0.081630,-0.708836,-0.127617,-0.688914,img_223.jpg
30355,1280,720,631.94293,353.39117,986.8637,986.74805,-16.455,-0.214,-0.305,0.084500,-0.705498,-0.131506,-0.691258,img_224.jpg
30426,1280,720,631.94293,353.39117,986.8637,986.74805,-16.535,-0.204,-0.295,0.095269,-0.707796,-0.128961,-0.687981,img_225.jpg
30495,1280,720,631.94293,353.39117,986.8637,986.74805,-16.616,-0.198,-0.288,0.096329,-0.702510,-0.131763,-0.692704,img_226.jpg
30566,1280,720,631.94293,353.39117,986.8637,986.74805,-16.687,-0.193,-0.285,0.096799,-0.701461,-0.124168,-0.695101,img_227.jpg
30638,1280,720,631.94293,353.39117,986.8637,986.74805,-16.799,-0.194,-0.285,0.092891,-0.695055,-0.113731,-0.703801,img_228.jpg
30721,1280,720,631.94293,353.39117,986.8637,986.74805,-16.885,-0.199,-0.285,0.089871,-0.695056,-0.105345,-0.705494,img_229.jpg
30786,1280,720,631.94293,353.39117,986.8637,986.74805,-16.965,-0.203,-0.286,0.084697,-0.697289,-0.101622,-0.704477,img_230.jpg
30871,1280,720,631.94293,353.39117,986.8637,986.74805,-17.085,-0.198,-0.293,0.089889,-0.702497,-0.093853,-0.699721,img_231.jpg
30954,1280,720,631.94293,353.39117,986.8637,986.74805,-17.172,-0.191,-0.297,0.099773,-0.701977,-0.094653,-0.698795,img_232.jpg
31021,1280,720,631.94293,353.39117,986.8637,986.74805,-17.252,-0.183,-0.297,0.102465,-0.701830,-0.091421,-0.698984,img_233.jpg
31087,1280,720,631.94293,353.39117,986.8637,986.74805,-17.333,-0.178,-0.293,0.105979,-0.699372,-0.097944,-0.700039,img_234.jpg
31156,1280,720,631.94293,353.39117,986.8637,986.74805,-17.408,-0.177,-0.284,0.098380,-0.700418,-0.103778,-0.699261,img_235.jpg
31226,1280,720,631.94293,353.39117,986.8637,986.74805,-17.478,-0.183,-0.273,0.095180,-0.701967,-0.110776,-0.697074,img_236.jpg
31291,1280,720,631.94293,353.39117,986.8637,986.74805,-17.558,-0.194,-0.265,0.087717,-0.700116,-0.110055,-0.700022,img_237.jpg
31361,1280,720,631.94293,353.39117,986.8637,986.74805,-17.697,-0.205,-0.253,0.094825,-0.698723,-0.108504,-0.700729,img_238.jpg
31438,1280,720,631.94293,353.39117,986.8637,986.74805,-17.787,-0.205,-0.240,0.095536,-0.691991,-0.116463,-0.706016,img_239.jpg
31521,1280,720,631.94293,353.39117,986.8637,986.74805,-17.859,-0.199,-0.230,0.108016,-0.687455,-0.113925,-0.709055,img_240.jpg
31583,1280,720,631.94293,353.39117,986.8637,986.74805,-17.932,-0.193,-0.222,0.098440,-0.682138,-0.114699,-0.715431,img_241.jpg
31654,1280,720,631.94293,353.39117,986.8637,986.74805,-18.003,-0.187,-0.217,0.101386,-0.680840,-0.112601,-0.716589,img_242.jpg
31723,1280,720,631.94293,353.39117,986.8637,986.74805,-18.080,-0.186,-0.213,0.100037,-0.677506,-0.107327,-0.720735,img_243.jpg
31790,1280,720,631.94293,353.39117,986.8637,986.74805,-18.158,-0.191,-0.210,0.099825,-0.676318,-0.104142,-0.722346,img_244.jpg
31860,1280,720,631.94293,353.39117,986.8637,986.74805,-18.279,-0.195,-0.210,0.086960,-0.678005,-0.095921,-0.723565,img_245.jpg
31938,1280,720,631.94293,353.39117,986.8637,986.74805,-18.362,-0.194,-0.211,0.084686,-0.680905,-0.097237,-0.720932,img_246.jpg
32024,1280,720,631.94293,353.39117,986.8637,986.74805,-18.444,-0.188,-0.216,0.079673,-0.684282,-0.097665,-0.718243,img_247.jpg
32093,1280,720,631.94293,353.39117,986.8637,986.74805,-18.527,-0.175,-0.220,0.083737,-0.684640,-0.096281,-0.717625,img_248.jpg
32165,1280,720,631.94293,353.39117,986.8637,986.74805,-18.601,-0.164,-0.223,0.078838,-0.683915,-0.093921,-0.719183,img_249.jpg
32238,1280,720,631.94293,353.39117,986.8637,986.74805,-18.724,-0.159,-0.218,0.087001,-0.683261,-0.098159,-0.718297,img_250.jpg
32320,1280,720,631.94293,353.39117,986.8637,986.74805,-18.809,-0.163,-0.212,0.095513,-0.686287,-0.103285,-0.713596,img_251.jpg
32382,1280,720,631.94293,353.39117,986.8637,986.74805,-18.888,-0.174,-0.202,0.090138,-0.689570,-0.110288,-0.710074,img_252.jpg
32470,1280,720,631.94293,353.39117,986.8637,986.74805,-19.013,-0.190,-0.183,0.090995,-0.696979,-0.115645,-0.701831,img_253.jpg
32555,1280,720,631.94293,353.39117,986.8637,986.74805,-19.106,-0.193,-0.167,0.084261,-0.700593,-0.116576,-0.698913,img_254.jpg
32621,1280,720,631.94293,353.39117,986.8637,986.74805,-19.188,-0.188,-0.150,0.096413,-0.700693,-0.123651,-0.696021,img_255.jpg
32703,1280,720,631.94293,353.39117,986.8637,986.74805,-19.303,-0.178,-0.127,0.096698,-0.703625,-0.120770,-0.693525,img_256.jpg
32770,1280,720,631.94293,353.39117,986.8637,986.74805,-19.385,-0.175,-0.119,0.097985,-0.703874,-0.125202,-0.692304,img_257.jpg
32853,1280,720,631.94293,353.39117,986.8637,986.74805,-19.477,-0.184,-0.113,0.102384,-0.701607,-0.122499,-0.694449,img_258.jpg
32920,1280,720,631.94293,353.39117,986.8637,986.74805,-19.552,-0.186,-0.113,0.105010,-0.699225,-0.120896,-0.696736,img_259.jpg
32983,1280,720,631.94293,353.39117,986.8637,986.74805,-19.634,-0.194,-0.110,0.101083,-0.700135,-0.115825,-0.697264,img_260.jpg
33071,1280,720,631.94293,353.39117,986.8637,986.74805,-19.720,-0.205,-0.105,0.097590,-0.699841,-0.114502,-0.698275,img_261.jpg
33133,1280,720,631.94293,353.39117,986.8637,986.74805,-19.851,-0.200,-0.103,0.088921,-0.692023,-0.112196,-0.707538,img_262.jpg
33220,1280,720,631.94293,353.39117,986.8637,986.74805,-19.943,-0.190,-0.101,0.081060,-0.685122,-0.104517,-0.716319,img_263.jpg
33287,1280,720,631.94293,353.39117,986.8637,986.74805,-20.020,-0.171,-0.099,0.075635,-0.677425,-0.099490,-0.724898,img_264.jpg
33354,1280,720,631.94293,353.39117,986.8637,986.74805,-20.101,-0.166,-0.091,0.082642,-0.674145,-0.102827,-0.726722,img_265.jpg
33419,1280,720,631.94293,353.39117,986.8637,986.74805,-20.183,-0.165,-0.081,0.081437,-0.674888,-0.103880,-0.726019,img_266.jpg
33485,1280,720,631.94293,353.39117,986.8637,986.74805,-20.270,-0.173,-0.069,0.080757,-0.671680,-0.109644,-0.728219,img_267.jpg
33569,1280,720,631.94293,353.39117,986.8637,986.74805,-20.395,-0.187,-0.054,0.085006,-0.672928,-0.100645,-0.727882,img_268.jpg
33652,1280,720,631.94293,353.39117,986.8637,986.74805,-20.476,-0.191,-0.047,0.096253,-0.675857,-0.093269,-0.724744,img_269.jpg
33717,1280,720,631.94293,353.39117,986.8637,986.74805,-20.557,-0.191,-0.033,0.098380,-0.674540,-0.101688,-0.724553,img_270.jpg
33784,1280,720,631.94293,353.39117,986.8637,986.74805,-20.636,-0.182,-0.025,0.116508,-0.675675,-0.103679,-0.720514,img_271.jpg
33870,1280,720,631.94293,353.39117,986.8637,986.74805,-20.747,-0.172,-0.014,0.111041,-0.667643,-0.108865,-0.728060,img_272.jpg
33952,1280,720,631.94293,353.39117,986.8637,986.74805,-20.826,-0.173,-0.013,0.115173,-0.665260,-0.108432,-0.729663,img_273.jpg
34016,1280,720,631.94293,353.39117,986.8637,986.74805,-20.903,-0.179,-0.013,0.122295,-0.663675,-0.104585,-0.730508,img_274.jpg
34086,1280,720,631.94293,353.39117,986.8637,986.74805,-20.984,-0.187,-0.015,0.117426,-0.667235,-0.099290,-0.728801,img_275.jpg
34153,1280,720,631.94293,353.39117,986.8637,986.74805,-21.070,-0.193,-0.018,0.104849,-0.674318,-0.093870,-0.724907,img_276.jpg
34220,1280,720,631.94293,353.39117,986.8637,986.74805,-21.154,-0.196,-0.026,0.101526,-0.679902,-0.092157,-0.720370,img_277.jpg
34284,1280,720,631.94293,353.39117,986.8637,986.74805,-21.238,-0.192,-0.037,0.105157,-0.685590,-0.091483,-0.714521,img_278.jpg
34352,1280,720,631.94293,353.39117,986.8637,986.74805,-21.322,-0.184,-0.049,0.116768,-0.693569,-0.090110,-0.705129,img_279.jpg
34422,1280,720,631.94293,353.39117,986.8637,986.74805,-21.395,-0.176,-0.053,0.114012,-0.701241,-0.092106,-0.697695,img_280.jpg
34490,1280,720,631.94293,353.39117,986.8637,986.74805,-21.474,-0.173,-0.056,0.116742,-0.703525,-0.100292,-0.693805,img_281.jpg
34565,1280,720,631.94293,353.39117,986.8637,986.74805,-21.585,-0.179,-0.059,0.111819,-0.719677,-0.111627,-0.676092,img_282.jpg
34651,1280,720,631.94293,353.39117,986.8637,986.74805,-21.655,-0.190,-0.063,0.106997,-0.733119,-0.116649,-0.661424,img_283.jpg
34720,1280,720,631.94293,353.39117,986.8637,986.74805,-21.748,-0.198,-0.064,0.095097,-0.744276,-0.114707,-0.651039,img_284.jpg
34786,1280,720,631.94293,353.39117,986.8637,986.74805,-21.830,-0.203,-0.066,0.094663,-0.750177,-0.115759,-0.644106,img_285.jpg
34854,1280,720,631.94293,353.39117,986.8637,986.74805,-21.909,-0.196,-0.069,0.100050,-0.747713,-0.126262,-0.644185,img_286.jpg
34923,1280,720,631.94293,353.39117,986.8637,986.74805,-21.981,-0.185,-0.072,0.126861,-0.755121,-0.128577,-0.630212,img_287.jpg
34987,1280,720,631.94293,353.39117,986.8637,986.74805,-22.055,-0.177,-0.079,0.126585,-0.761805,-0.124953,-0.622909,img_288.jpg
35054,1280,720,631.94293,353.39117,986.8637,986.74805,-22.126,-0.175,-0.089,0.128480,-0.757630,-0.128357,-0.626908,img_289.jpg
35134,1280,720,631.94293,353.39117,986.8637,986.74805,-22.246,-0.179,-0.107,0.126078,-0.756016,-0.120488,-0.630893,img_290.jpg
35218,1280,720,631.94293,353.39117,986.8637,986.74805,-22.301,-0.182,-0.122,0.120519,-0.762689,-0.113674,-0.625186,img_291.jpg
35280,1280,720,631.94293,353.39117,986.8637,986.74805,-22.381,-0.187,-0.134,0.109045,-0.772021,-0.109552,-0.616515,img_292.jpg
35367,1280,720,631.94293,353.39117,986.8637,986.74805,-22.501,-0.184,-0.149,0.096000,-0.793052,-0.107767,-0.591809,img_293.jpg
35451,1280,720,631.94293,353.39117,986.8637,986.74805,-22.570,-0.178,-0.154,0.105260,-0.805949,-0.114875,-0.571113,img_294.jpg
35519,1280,720,631.94293,353.39117,986.8637,986.74805,-22.641,-0.167,-0.157,0.099493,-0.821619,-0.118395,-0.548658,img_295.jpg
35585,1280,720,631.94293,353.39117,986.8637,986.74805,-22.717,-0.161,-0.155,0.093380,-0.831302,-0.125477,-0.533359,img_296.jpg
35668,1280,720,631.94293,353.39117,986.8637,986.74805,-22.842,-0.161,-0.148,0.099274,-0.846671,-0.129858,-0.506389,img_297.jpg
35750,1280,720,631.94293,353.39117,986.8637,986.74805,-22.923,-0.173,-0.136,0.091661,-0.852817,-0.140822,-0.494439,img_298.jpg
35819,1280,720,631.94293,353.39117,986.8637,986.74805,-22.998,-0.189,-0.129,0.081106,-0.859902,-0.144984,-0.482670,img_299.jpg
35883,1280,720,631.94293,353.39117,986.8637,986.74805,-23.078,-0.201,-0.117,0.070065,-0.864141,-0.149134,-0.475510,img_300.jpg
35953,1280,720,631.94293,353.39117,986.8637,986.74805,-23.149,-0.207,-0.105,0.058611,-0.870258,-0.148745,-0.465930,img_301.jpg
36022,1280,720,631.94293,353.39117,986.8637,986.74805,-23.223,-0.205,-0.086,0.059159,-0.864842,-0.163811,-0.470866,img_302.jpg
36088,1280,720,631.94293,353.39117,986.8637,986.74805,-23.299,-0.194,-0.073,0.077772,-0.869579,-0.161871,-0.459980,img_303.jpg
36154,1280,720,631.94293,353.39117,986.8637,986.74805,-23.363,-0.185,-0.052,0.066447,-0.873442,-0.158976,-0.455424,img_304.jpg
36224,1280,720,631.94293,353.39117,986.8637,986.74805,-23.439,-0.186,-0.030,0.069251,-0.879650,-0.155966,-0.443955,img_305.jpg
36288,1280,720,631.94293,353.39117,986.8637,986.74805,-23.516,-0.189,-0.008,0.072846,-0.884273,-0.154173,-0.434724,img_306.jpg
36355,1280,720,631.94293,353.39117,986.8637,986.74805,-23.598,-0.196,0.021,0.066378,-0.892417,-0.152269,-0.419523,img_307.jpg
36425,1280,720,631.94293,353.39117,986.8637,986.74805,-23.706,-0.206,0.067,0.041281,-0.906558,-0.150555,-0.392149,img_308.jpg
36500,1280,720,631.94293,353.39117,986.8637,986.74805,-23.781,-0.205,0.099,0.028962,-0.915368,-0.151063,-0.372078,img_309.jpg
36567,1280,720,631.94293,353.39117,986.8637,986.74805,-23.857,-0.199,0.135,0.025056,-0.921806,-0.160018,-0.352195,img_310.jpg
36650,1280,720,631.94293,353.39117,986.8637,986.74805,-23.930,-0.194,0.173,0.018941,-0.930118,-0.161454,-0.329324,img_311.jpg
36715,1280,720,631.94293,353.39117,986.8637,986.74805,-23.981,-0.187,0.216,0.016310,-0.933662,-0.167812,-0.315989,img_312.jpg
36780,1280,720,631.94293,353.39117,986.8637,986.74805,-24.044,-0.186,0.262,0.026558,-0.941798,-0.170227,-0.288676,img_313.jpg
36867,1280,720,631.94293,353.39117,986.8637,986.74805,-24.141,-0.207,0.344,0.009609,-0.949957,-0.174448,-0.258953,img_314.jpg
36950,1280,720,631.94293,353.39117,986.8637,986.74805,-24.185,-0.222,0.400,-0.001682,0.954759,0.172727,0.242072,img_315.jpg
37021,1280,720,631.94293,353.39117,986.8637,986.74805,-24.234,-0.231,0.461,0.005688,0.958911,0.166957,0.229310,img_316.jpg
37093,1280,720,631.94293,353.39117,986.8637,986.74805,-24.276,-0.234,0.524,0.017379,0.962306,0.164417,0.215946,img_317.jpg
37163,1280,720,631.94293,353.39117,986.8637,986.74805,-24.336,-0.221,0.619,0.006760,0.964888,0.175569,0.195248,img_318.jpg
37250,1280,720,631.94293,353.39117,986.8637,986.74805,-24.360,-0.217,0.681,0.010507,0.968517,0.172902,0.178802,img_319.jpg
37320,1280,720,631.94293,353.39117,986.8637,986.74805,-24.390,-0.215,0.743,0.012864,0.971211,0.170132,0.166251,img_320.jpg
37385,1280,720,631.94293,353.39117,986.8637,986.74805,-24.427,-0.216,0.813,0.003396,0.972539,0.171264,0.157561,img_321.jpg
37455,1280,720,631.94293,353.39117,986.8637,986.74805,-24.460,-0.218,0.879,-0.007005,0.974814,0.168789,0.145599,img_322.jpg
37531,1280,720,631.94293,353.39117,986.8637,986.74805,-24.513,-0.222,0.988,-0.006510,0.977976,0.158266,0.135917,img_323.jpg
37615,1280,720,631.94293,353.39117,986.8637,986.74805,-24.548,-0.221,1.063,-0.003581,0.979882,0.150427,0.131114,img_324.jpg
37684,1280,720,631.94293,353.39117,986.8637,986.74805,-24.580,-0.213,1.138,-0.003532,0.981693,0.148961,0.118645,img_325.jpg
37759,1280,720,631.94293,353.39117,986.8637,986.74805,-24.604,-0.200,1.215,0.010435,0.981863,0.146067,0.120420,img_326.jpg
37833,1280,720,631.94293,353.39117,986.8637,986.74805,-24.640,-0.185,1.329,0.002454,0.983012,0.148941,0.107232,img_327.jpg
37915,1280,720,631.94293,353.39117,986.8637,986.74805,-24.660,-0.180,1.401,-0.005223,0.982878,0.157081,0.096171,img_328.jpg
37983,1280,720,631.94293,353.39117,986.8637,986.74805,-24.670,-0.180,1.471,-0.003492,0.982644,0.164063,0.086498,img_329.jpg
38055,1280,720,631.94293,353.39117,986.8637,986.74805,-24.685,-0.185,1.551,0.002681,0.983755,0.162426,0.076393,img_330.jpg
38128,1280,720,631.94293,353.39117,986.8637,986.74805,-24.708,-0.197,1.673,0.004351,0.984886,0.160583,0.064759,img_331.jpg
38215,1280,720,631.94293,353.39117,986.8637,986.74805,-24.721,-0.201,1.747,0.007927,0.985978,0.155593,0.059798,img_332.jpg
38284,1280,720,631.94293,353.39117,986.8637,986.74805,-24.739,-0.202,1.834,0.010446,0.986369,0.153801,0.057555,img_333.jpg
38353,1280,720,631.94293,353.39117,986.8637,986.74805,-24.747,-0.196,1.912,0.006670,0.984797,0.163973,0.056947,img_334.jpg
38425,1280,720,631.94293,353.39117,986.8637,986.74805,-24.757,-0.192,1.989,0.010586,0.984945,0.162372,0.058364,img_335.jpg
38491,1280,720,631.94293,353.39117,986.8637,986.74805,-24.770,-0.193,2.061,0.014825,0.982988,0.171683,0.063565,img_336.jpg
38561,1280,720,631.94293,353.39117,986.8637,986.74805,-24.796,-0.199,2.172,0.002176,0.981526,0.179172,0.067075,img_337.jpg
38649,1280,720,631.94293,353.39117,986.8637,986.74805,-24.808,-0.208,2.252,0.003579,0.981371,0.180879,0.064655,img_338.jpg
38732,1280,720,631.94293,353.39117,986.8637,986.74805,-24.829,-0.219,2.377,0.010125,0.982448,0.177787,0.055545,img_339.jpg
38814,1280,720,631.94293,353.39117,986.8637,986.74805,-24.845,-0.221,2.458,0.002289,0.981827,0.183803,0.047189,img_340.jpg
38883,1280,720,631.94293,353.39117,986.8637,986.74805,-24.858,-0.219,2.542,0.005551,0.981192,0.188117,0.042933,img_341.jpg
38954,1280,720,631.94293,353.39117,986.8637,986.74805,-24.873,-0.214,2.623,0.004372,0.980078,0.194367,0.040606,img_342.jpg
39028,1280,720,631.94293,353.39117,986.8637,986.74805,-24.892,-0.206,2.745,-0.000264,0.978687,0.199167,0.050040,img_343.jpg
39114,1280,720,631.94293,353.39117,986.8637,986.74805,-24.900,-0.203,2.825,-0.005229,0.977829,0.203327,0.049812,img_344.jpg
39183,1280,720,631.94293,353.39117,986.8637,986.74805,-24.907,-0.204,2.909,-0.000351,0.977622,0.204147,0.050793,img_345.jpg
39255,1280,720,631.94293,353.39117,986.8637,986.74805,-24.908,-0.208,2.993,0.003967,0.979008,0.197311,0.050943,img_346.jpg
39319,1280,720,631.94293,353.39117,986.8637,986.74805,-24.910,-0.214,3.074,0.003088,0.980421,0.189482,0.053498,img_347.jpg
39393,1280,720,631.94293,353.39117,986.8637,986.74805,-24.911,-0.215,3.154,-0.002539,0.980925,0.185926,0.056664,img_348.jpg
39481,1280,720,631.94293,353.39117,986.8637,986.74805,-24.902,-0.211,3.272,0.002545,0.978864,0.191500,0.071738,img_349.jpg
39551,1280,720,631.94293,353.39117,986.8637,986.74805,-24.902,-0.203,3.347,-0.007092,0.978343,0.191460,0.078339,img_350.jpg
39624,1280,720,631.94293,353.39117,986.8637,986.74805,-24.905,-0.195,3.423,-0.008172,0.977922,0.186784,0.093350,img_351.jpg
39699,1280,720,631.94293,353.39117,986.8637,986.74805,-24.915,-0.189,3.536,-0.013011,0.977597,0.175831,0.114968,img_352.jpg
39781,1280,720,631.94293,353.39117,986.8637,986.74805,-24.923,-0.190,3.610,-0.024249,0.976066,0.176059,0.125342,img_353.jpg
39848,1280,720,631.94293,353.39117,986.8637,986.74805,-24.933,-0.197,3.688,-0.027415,0.974982,0.171988,0.138124,img_354.jpg
39930,1280,720,631.94293,353.39117,986.8637,986.74805,-24.954,-0.206,3.805,-0.038450,0.972835,0.171539,0.150628,img_355.jpg
40014,1280,720,631.94293,353.39117,986.8637,986.74805,-24.975,-0.208,3.883,-0.043833,0.969410,0.173690,0.167796,img_356.jpg
40079,1280,720,631.94293,353.39117,986.8637,986.74805,-25.001,-0.205,3.957,-0.053364,0.963761,0.179545,0.189948,img_357.jpg
40147,1280,720,631.94293,353.39117,986.8637,986.74805,-25.029,-0.197,4.028,0.060036,-0.959124,-0.178086,-0.211571,img_358.jpg
40216,1280,720,631.94293,353.39117,986.8637,986.74805,-25.057,-0.193,4.096,0.065098,-0.951328,-0.185068,-0.237671,img_359.jpg
40282,1280,720,631.94293,353.39117,986.8637,986.74805,-25.090,-0.192,4.153,0.077775,-0.943746,-0.194924,-0.255537,img_360.jpg
40348,1280,720,631.94293,353.39117,986.8637,986.74805,-25.112,-0.192,4.202,0.070641,-0.937207,-0.192024,-0.282452,img_361.jpg
40418,1280,720,631.94293,353.39117,986.8637,986.74805,-25.142,-0.197,4.260,0.069195,-0.929834,-0.185299,-0.310300,img_362.jpg
40484,1280,720,631.94293,353.39117,986.8637,986.74805,-25.176,-0.206,4.318,0.077206,-0.919425,-0.181382,-0.340289,img_363.jpg
40550,1280,720,631.94293,353.39117,986.8637,986.74805,-25.213,-0.214,4.371,0.084162,-0.908775,-0.174695,-0.369495,img_364.jpg
40621,1280,720,631.94293,353.39117,986.8637,986.74805,-25.248,-0.216,4.424,0.089833,-0.896675,-0.172696,-0.397593,img_365.jpg
40689,1280,720,631.94293,353.39117,986.8637,986.74805,-25.286,-0.210,4.476,0.104490,-0.878301,-0.186982,-0.427442,img_366.jpg
40757,1280,720,631.94293,353.39117,986.8637,986.74805,-25.341,-0.198,4.532,0.102426,-0.852515,-0.174547,-0.481934,img_367.jpg
40832,1280,720,631.94293,353.39117,986.8637,986.74805,-25.377,-0.195,4.557,0.106623,-0.836624,-0.165725,-0.511104,img_368.jpg
40913,1280,720,631.94293,353.39117,986.8637,986.74805,-25.416,-0.192,4.587,0.105260,-0.821197,-0.152745,-0.539652,img_369.jpg
40978,1280,720,631.94293,353.39117,986.8637,986.74805,-25.459,-0.193,4.615,0.105821,-0.806013,-0.141156,-0.564996,img_370.jpg
41048,1280,720,631.94293,353.39117,986.8637,986.74805,-25.505,-0.198,4.646,0.108111,-0.791598,-0.131500,-0.586850,img_371.jpg
41118,1280,720,631.94293,353.39117,986.8637,986.74805,-25.553,-0.200,4.671,0.104384,-0.779155,-0.119869,-0.606344,img_372.jpg
41184,1280,720,631.94293,353.39117,986.8637,986.74805,-25.599,-0.196,4.689,0.105369,-0.765317,-0.114011,-0.624651,img_373.jpg
41254,1280,720,631.94293,353.39117,986.8637,986.74805,-25.646,-0.191,4.706,0.117222,-0.745938,-0.116674,-0.645153,img_374.jpg
41325,1280,720,631.94293,353.39117,986.8637,986.74805,-25.706,-0.176,4.726,0.106738,-0.720675,-0.099712,-0.677711,img_375.jpg
41397,1280,720,631.94293,353.39117,986.8637,986.74805,-25.741,-0.168,4.731,0.109646,-0.700737,-0.099177,-0.697932,img_376.jpg
41481,1280,720,631.94293,353.39117,986.8637,986.74805,-25.777,-0.161,4.744,0.103211,-0.679721,-0.097811,-0.719555,img_377.jpg
41547,1280,720,631.94293,353.39117,986.8637,986.74805,-25.813,-0.159,4.748,0.104457,-0.655636,-0.095045,-0.741752,img_378.jpg
41634,1280,720,631.94293,353.39117,986.8637,986.74805,-25.869,-0.166,4.755,0.103203,-0.615630,-0.089488,-0.776106,img_379.jpg
41712,1280,720,631.94293,353.39117,986.8637,986.74805,-25.903,-0.168,4.764,0.106351,-0.587603,-0.083040,-0.797820,img_380.jpg
41780,1280,720,631.94293,353.39117,986.8637,986.74805,-25.928,-0.161,4.764,0.102099,-0.557020,-0.071600,-0.821084,img_381.jpg
41852,1280,720,631.94293,353.39117,986.8637,986.74805,-25.966,-0.155,4.764,0.115571,-0.519904,-0.068324,-0.843608,img_382.jpg
41925,1280,720,631.94293,353.39117,986.8637,986.74805,-25.993,-0.136,4.760,0.114016,-0.464993,-0.062466,-0.875717,img_383.jpg
42012,1280,720,631.94293,353.39117,986.8637,986.74805,-26.013,-0.133,4.754,0.123750,-0.422418,-0.064746,-0.895576,img_384.jpg
42079,1280,720,631.94293,353.39117,986.8637,986.74805,-26.015,-0.134,4.750,0.125554,-0.381224,-0.061509,-0.913850,img_385.jpg
42163,1280,720,631.94293,353.39117,986.8637,986.74805,-26.024,-0.134,4.726,0.127668,-0.323770,-0.055052,-0.935865,img_386.jpg
42246,1280,720,631.94293,353.39117,986.8637,986.74805,-26.016,-0.129,4.696,0.123270,-0.290916,-0.046802,-0.947619,img_387.jpg
42315,1280,720,631.94293,353.39117,986.8637,986.74805,-26.015,-0.124,4.673,0.110659,-0.261214,-0.038415,-0.958147,img_388.jpg
42380,1280,720,631.94293,353.39117,986.8637,986.74805,-26.014,-0.117,4.648,0.100032,-0.224970,-0.034784,-0.968593,img_389.jpg
42449,1280,720,631.94293,353.39117,986.8637,986.74805,-26.008,-0.111,4.626,0.087592,-0.193387,-0.028360,-0.976793,img_390.jpg
42517,1280,720,631.94293,353.39117,986.8637,986.74805,-26.008,-0.109,4.604,0.085325,-0.162206,-0.030612,-0.982584,img_391.jpg
42585,1280,720,631.94293,353.39117,986.8637,986.74805,-26.005,-0.103,4.586,0.073336,-0.141519,-0.024617,-0.986908,img_392.jpg
42655,1280,720,631.94293,353.39117,986.8637,986.74805,-26.008,-0.099,4.569,0.068811,-0.121134,-0.025848,-0.989911,img_393.jpg
42729,1280,720,631.94293,353.39117,986.8637,986.74805,-26.010,-0.096,4.552,0.070880,-0.103986,-0.021459,-0.991818,img_394.jpg
42797,1280,720,631.94293,353.39117,986.8637,986.74805,-26.009,-0.093,4.532,0.070817,-0.078567,-0.016618,-0.994252,img_395.jpg
42880,1280,720,631.94293,353.39117,986.8637,986.74805,-26.010,-0.092,4.519,0.070043,-0.065056,-0.014424,-0.995316,img_396.jpg
42947,1280,720,631.94293,353.39117,986.8637,986.74805,-26.013,-0.089,4.502,0.073471,-0.054391,-0.012142,-0.995739,img_397.jpg
43019,1280,720,631.94293,353.39117,986.8637,986.74805,-26.016,-0.088,4.491,0.072269,-0.049842,-0.008544,-0.996102,img_398.jpg
43086,1280,720,631.94293,353.39117,986.8637,986.74805,-26.024,-0.089,4.479,0.072094,-0.042522,-0.011158,-0.996429,img_399.jpg
43157,1280,720,631.94293,353.39117,986.8637,986.74805,-26.030,-0.092,4.464,0.082468,-0.036045,-0.005970,-0.995924,img_400.jpg
43230,1280,720,631.94293,353.39117,986.8637,986.74805,-26.033,-0.090,4.452,0.083539,-0.029465,-0.007176,-0.996043,img_401.jpg
43312,1280,720,631.94293,353.39117,986.8637,986.74805,-26.036,-0.090,4.445,0.083423,-0.024699,-0.005726,-0.996192,img_402.jpg
43380,1280,720,631.94293,353.39117,986.8637,986.74805,-26.039,-0.086,4.436,0.082659,-0.020311,-0.004033,-0.996363,img_403.jpg
43449,1280,720,631.94293,353.39117,986.8637,986.74805,-26.040,-0.085,4.425,0.083959,-0.015712,-0.002977,-0.996341,img_404.jpg
43527,1280,720,631.94293,353.39117,986.8637,986.74805,-26.044,-0.088,4.416,0.086981,-0.009277,-0.002600,-0.996163,img_405.jpg
43613,1280,720,631.94293,353.39117,986.8637,986.74805,-26.044,-0.086,4.408,0.087055,-0.008174,-0.003329,-0.996164,img_406.jpg
43686,1280,720,631.94293,353.39117,986.8637,986.74805,-26.047,-0.086,4.405,0.086639,-0.007746,-0.003592,-0.996203,img_407.jpg,marker_13.jpg,0.2583035,0.2583035,-26.071,-0.178,3.768,-0.697648,0.039370,-0.042526,-0.042526
43779,1280,720,631.94293,353.39117,986.8637,986.74805,-26.052,-0.085,4.401,0.086069,-0.006446,-0.003817,-0.996261,img_408.jpg
43851,1280,720,631.94293,353.39117,986.8637,986.74805,-26.054,-0.084,4.400,0.085756,-0.005884,-0.003424,-0.996293,img_409.jpg
43934,1280,720,631.94293,353.39117,986.8637,986.74805,-26.055,-0.084,4.398,0.085813,-0.004466,-0.003209,-0.996296,img_410.jpg
44013,1280,720,631.94293,353.39117,986.8637,986.74805,-26.054,-0.083,4.397,0.085655,-0.003152,-0.002233,-0.996317,img_411.jpg
44088,1280,720,631.94293,353.39117,986.8637,986.74805,-26.054,-0.084,4.397,0.085290,-0.002183,-0.002401,-0.996351,img_412.jpg
44166,1280,720,631.94293,353.39117,986.8637,986.74805,-26.055,-0.084,4.397,0.085365,-0.001724,-0.003330,-0.996343,img_413.jpg
44246,1280,720,631.94293,353.39117,986.8637,986.74805,-26.056,-0.083,4.397,0.085446,-0.002515,-0.003708,-0.996333,img_414.jpg
44321,1280,720,631.94293,353.39117,986.8637,986.74805,-26.056,-0.084,4.397,0.086562,-0.003424,-0.002954,-0.996236,img_415.jpg,marker_13.jpg,0.26179394,0.26179394,-26.073,-0.177,3.758,-0.678132,0.002770,-0.000239,-0.000239
44396,1280,720,631.94293,353.39117,986.8637,986.74805,-26.052,-0.087,4.396,0.090307,0.000636,-0.000536,-0.995914,img_416.jpg
44479,1280,720,631.94293,353.39117,986.8637,986.74805,-26.043,-0.091,4.396,0.095665,0.013647,-0.000978,-0.995320,img_417.jpg
44563,1280,720,631.94293,353.39117,986.8637,986.74805,-26.019,-0.103,4.396,0.112315,0.048691,-0.006705,-0.992456,img_418.jpg
44645,1280,720,631.94293,353.39117,986.8637,986.74805,-25.999,-0.111,4.397,0.123991,0.071952,-0.013331,-0.989582,img_419.jpg
44717,1280,720,631.94293,353.39117,986.8637,986.74805,-25.969,-0.115,4.402,0.129509,0.095497,-0.015240,-0.986851,img_420.jpg
44793,1280,720,631.94293,353.39117,986.8637,986.74805,-25.907,-0.115,4.412,0.128424,0.125205,0.010208,-0.983731,img_421.jpg
44879,1280,720,631.94293,353.39117,986.8637,986.74805,-25.861,-0.114,4.419,0.122863,0.144927,0.025553,-0.981452,img_422.jpg
44954,1280,720,631.94293,353.39117,986.8637,986.74805,-25.786,-0.117,4.431,0.126095,0.155713,0.040608,-0.978879,img_423.jpg
45044,1280,720,631.94293,353.39117,986.8637,986.74805,-25.733,-0.116,4.436,0.145751,0.130280,0.056651,-0.979068,img_424.jpg
45120,1280,720,631.94293,353.39117,986.8637,986.74805,-25.658,-0.110,4.444,0.142753,0.129621,0.034438,-0.980629,img_425.jpg
45211,1280,720,631.94293,353.39117,986.8637,986.74805,-25.609,-0.105,4.448,0.149641,0.120158,0.030726,-0.980931,img_426.jpg
45282,1280,720,631.94293,353.39117,986.8637,986.74805,-25.563,-0.101,4.450,0.154569,0.112376,0.024777,-0.981257,img_427.jpg
45355,1280,720,631.94293,353.39117,986.8637,986.74805,-25.499,-0.099,4.443,0.171371,0.102374,0.024360,-0.979570,img_428.jpg
45445,1280,720,631.94293,353.39117,986.8637,986.74805,-25.452,-0.102,4.432,0.175121,0.104166,0.030180,-0.978556,img_429.jpg
45516,1280,720,631.94293,353.39117,986.8637,986.74805,-25.406,-0.106,4.416,0.174829,0.107512,0.033388,-0.978142,img_430.jpg
45591,1280,720,631.94293,353.39117,986.8637,986.74805,-25.344,-0.120,4.380,0.173612,0.110738,0.031855,-0.978050,img_431.jpg
45678,1280,720,631.94293,353.39117,986.8637,986.74805,-25.300,-0.131,4.346,0.175771,0.112425,0.028748,-0.977568,img_432.jpg
45753,1280,720,631.94293,353.39117,986.8637,986.74805,-25.237,-0.143,4.287,0.174025,0.116133,0.019396,-0.977677,img_433.jpg
45844,1280,720,631.94293,353.39117,986.8637,986.74805,-25.196,-0.145,4.244,0.172075,0.120580,0.008263,-0.977641,img_434.jpg
45919,1280,720,631.94293,353.39117,986.8637,986.74805,-25.135,-0.141,4.174,0.178187,0.121390,0.009617,-0.976433,img_435.jpg
46011,1280,720,631.94293,353.39117,986.8637,986.74805,-25.098,-0.141,4.129,0.168659,0.132768,-0.003565,-0.976685,img_436.jpg
46084,1280,720,631.94293,353.39117,986.8637,986.74805,-25.063,-0.147,4.074,0.174834,0.132872,0.001803,-0.975590,img_437.jpg
46162,1280,720,631.94293,353.39117,986.8637,986.74805,-25.003,-0.155,3.993,0.175287,0.136012,0.011608,-0.975008,img_438.jpg
46261,1280,720,631.94293,353.39117,986.8637,986.74805,-24.940,-0.165,3.906,0.173039,0.136420,0.018368,-0.975249,img_439.jpg
46344,1280,720,631.94293,353.39117,986.8637,986.74805,-24.893,-0.170,3.850,0.167969,0.135286,0.013067,-0.976378,img_440.jpg
46423,1280,720,631.94293,353.39117,986.8637,986.74805,-24.833,-0.178,3.755,0.157652,0.140609,-0.006267,-0.977413,img_441.jpg
46510,1280,720,631.94293,353.39117,986.8637,986.74805,-24.789,-0.173,3.689,0.169461,0.140758,0.004090,-0.975425,img_442.jpg
46580,1280,720,631.94293,353.39117,986.8637,986.74805,-24.751,-0.168,3.625,0.168025,0.150820,-0.002770,-0.974173,img_443.jpg
46656,1280,720,631.94293,353.39117,986.8637,986.74805,-24.718,-0.165,3.555,0.171810,0.155219,-0.000829,-0.972825,img_444.jpg
46743,1280,720,631.94293,353.39117,986.8637,986.74805,-24.683,-0.165,3.449,0.169867,0.156901,0.002375,-0.972893,img_445.jpg
46816,1280,720,631.94293,353.39117,986.8637,986.74805,-24.667,-0.171,3.381,0.174238,0.154741,-0.003340,-0.972464,img_446.jpg
46891,1280,720,631.94293,353.39117,986.8637,986.74805,-24.647,-0.191,3.270,0.178140,0.145948,-0.012191,-0.973045,img_447.jpg
46978,1280,720,631.94293,353.39117,986.8637,986.74805,-24.638,-0.200,3.198,0.179372,0.138988,-0.010240,-0.973860,img_448.jpg
47053,1280,720,631.94293,353.39117,986.8637,986.74805,-24.637,-0.205,3.130,0.173044,0.133837,-0.016701,-0.975635,img_449.jpg
47127,1280,720,631.94293,353.39117,986.8637,986.74805,-24.634,-0.209,3.020,0.191411,0.129555,-0.020255,-0.972711,img_450.jpg
47209,1280,720,631.94293,353.39117,986.8637,986.74805,-24.628,-0.207,2.948,0.195545,0.121816,-0.012896,-0.973014,img_451.jpg
47271,1280,720,631.94293,353.39117,986.8637,986.74805,-24.627,-0.208,2.877,0.196529,0.124211,-0.021104,-0.972370,img_452.jpg
47342,1280,720,631.94293,353.39117,986.8637,986.74805,-24.622,-0.210,2.802,0.199806,0.120861,-0.014326,-0.972247,img_453.jpg
47409,1280,720,631.94293,353.39117,986.8637,986.74805,-24.616,-0.213,2.730,0.201296,0.121117,-0.005926,-0.971996,img_454.jpg
47476,1280,720,631.94293,353.39117,986.8637,986.74805,-24.611,-0.219,2.655,0.197255,0.123749,-0.005519,-0.972495,img_455.jpg
47546,1280,720,631.94293,353.39117,986.8637,986.74805,-24.597,-0.226,2.568,0.194243,0.118794,-0.001730,-0.973732,img_456.jpg
47619,1280,720,631.94293,353.39117,986.8637,986.74805,-24.586,-0.230,2.478,0.192056,0.116930,0.001848,-0.974391,img_457.jpg
47685,1280,720,631.94293,353.39117,986.8637,986.74805,-24.573,-0.227,2.359,0.203981,0.129276,0.006176,-0.970382,img_458.jpg
47760,1280,720,631.94293,353.39117,986.8637,986.74805,-24.561,-0.221,2.286,0.197677,0.124974,0.016381,-0.972130,img_459.jpg
47842,1280,720,631.94293,353.39117,986.8637,986.74805,-24.551,-0.221,2.201,0.196096,0.134285,0.015676,-0.971220,img_460.jpg
47917,1280,720,631.94293,353.39117,986.8637,986.74805,-24.546,-0.218,2.139,0.203589,0.139761,0.018259,-0.968858,img_461.jpg
47992,1280,720,631.94293,353.39117,986.8637,986.74805,-24.544,-0.219,2.038,0.198255,0.150511,0.011450,-0.968458,img_462.jpg
48076,1280,720,631.94293,353.39117,986.8637,986.74805,-24.543,-0.227,1.966,0.192649,0.158523,0.011436,-0.968311,img_463.jpg
48151,1280,720,631.94293,353.39117,986.8637,986.74805,-24.541,-0.238,1.897,0.192896,0.169077,0.015982,-0.966410,img_464.jpg
48231,1280,720,631.94293,353.39117,986.8637,986.74805,-24.537,-0.247,1.798,0.183281,0.191253,0.023319,-0.963995,img_465.jpg
48308,1280,720,631.94293,353.39117,986.8637,986.74805,-24.533,-0.246,1.729,0.191288,0.216296,0.025960,-0.957053,img_466.jpg
48394,1280,720,631.94293,353.39117,986.8637,986.74805,-24.518,-0.242,1.644,0.190882,0.250518,0.037992,-0.948347,img_467.jpg
48478,1280,720,631.94293,353.39117,986.8637,986.74805,-24.501,-0.247,1.598,0.201251,0.276214,0.041770,-0.938860,img_468.jpg
48552,1280,720,631.94293,353.39117,986.8637,986.74805,-24.479,-0.251,1.547,0.211835,0.301796,0.054935,-0.927916,img_469.jpg
48636,1280,720,631.94293,353.39117,986.8637,986.74805,-24.441,-0.260,1.482,0.201779,0.343808,0.059837,-0.915151,img_470.jpg
48726,1280,720,631.94293,353.39117,986.8637,986.74805,-24.387,-0.266,1.412,0.185998,0.381237,0.071783,-0.902724,img_471.jpg
48814,1280,720,631.94293,353.39117,986.8637,986.74805,-24.343,-0.271,1.348,0.181270,0.408264,0.077641,-0.891310,img_472.jpg
48884,1280,720,631.94293,353.39117,986.8637,986.74805,-24.299,-0.272,1.309,0.174635,0.444562,0.074458,-0.875399,img_473.jpg
48958,1280,720,631.94293,353.39117,986.8637,986.74805,-24.226,-0.277,1.249,0.177071,0.490952,0.099486,-0.847180,img_474.jpg
49041,1280,720,631.94293,353.39117,986.8637,986.74805,-24.182,-0.287,1.218,0.171717,0.531416,0.097381,-0.823788,img_475.jpg
49125,1280,720,631.94293,353.39117,986.8637,986.74805,-24.112,-0.287,1.190,0.167518,0.574929,0.125925,-0.790909,img_476.jpg
49209,1280,720,631.94293,353.39117,986.8637,986.74805,-24.064,-0.289,1.171,0.165876,0.600276,0.136116,-0.770472,img_477.jpg
49285,1280,720,631.94293,353.39117,986.8637,986.74805,-24.016,-0.295,1.149,0.161119,0.621463,0.146374,-0.752595,img_478.jpg
49364,1280,720,631.94293,353.39117,986.8637,986.74805,-23.942,-0.302,1.110,0.149603,0.647969,0.145141,-0.732590,img_479.jpg
49459,1280,720,631.94293,353.39117,986.8637,986.74805,-23.874,-0.297,1.065,0.128501,0.669055,0.122282,-0.721734,img_480.jpg
49541,1280,720,631.94293,353.39117,986.8637,986.74805,-23.819,-0.276,1.026,0.123395,0.680074,0.111697,-0.714001,img_481.jpg
49626,1280,720,631.94293,353.39117,986.8637,986.74805,-23.746,-0.251,0.985,0.113870,0.694905,0.086206,-0.704776,img_482.jpg
49706,1280,720,631.94293,353.39117,986.8637,986.74805,-23.696,-0.244,0.961,0.112292,0.701717,0.082413,-0.698707,img_483.jpg
49784,1280,720,631.94293,353.39117,986.8637,986.74805,-23.647,-0.239,0.944,0.110086,0.707894,0.086312,-0.692328,img_484.jpg
49862,1280,720,631.94293,353.39117,986.8637,986.74805,-23.561,-0.242,0.928,0.103815,0.714445,0.086305,-0.686544,img_485.jpg
49958,1280,720,631.94293,353.39117,986.8637,986.74805,-23.441,-0.252,0.898,0.093260,0.713037,0.086392,-0.689505,img_486.jpg
50041,1280,720,631.94293,353.39117,986.8637,986.74805,-23.372,-0.252,0.887,0.086403,0.713106,0.080258,-0.691067,img_487.jpg
50123,1280,720,631.94293,353.39117,986.8637,986.74805,-23.257,-0.248,0.874,0.086474,0.713746,0.086906,-0.689592,img_488.jpg
50209,1280,720,631.94293,353.39117,986.8637,986.74805,-23.182,-0.235,0.872,0.088378,0.710345,0.089865,-0.692477,img_489.jpg
50284,1280,720,631.94293,353.39117,986.8637,986.74805,-23.111,-0.228,0.867,0.093407,0.712688,0.073807,-0.691306,img_490.jpg
50365,1280,720,631.94293,353.39117,986.8637,986.74805,-22.996,-0.222,0.853,0.101185,0.714707,0.068688,-0.688649,img_491.jpg
50460,1280,720,631.94293,353.39117,986.8637,986.74805,-22.877,-0.228,0.841,0.112129,0.715959,0.072357,-0.685269,img_492.jpg
50540,1280,720,631.94293,353.39117,986.8637,986.74805,-22.802,-0.238,0.834,0.116101,0.717049,0.068547,-0.683858,img_493.jpg
50622,1280,720,631.94293,353.39117,986.8637,986.74805,-22.729,-0.250,0.829,0.118794,0.715844,0.068433,-0.684670,img_494.jpg
50704,1280,720,631.94293,353.39117,986.8637,986.74805,-22.608,-0.260,0.818,0.118191,0.717739,0.055586,-0.683953,img_495.jpg
50792,1280,720,631.94293,353.39117,986.8637,986.74805,-22.495,-0.258,0.809,0.129853,0.719296,0.072965,-0.678549,img_496.jpg
50875,1280,720,631.94293,353.39117,986.8637,986.74805,-22.428,-0.255,0.806,0.123104,0.719273,0.077389,-0.679340,img_497.jpg
50954,1280,720,631.94293,353.39117,986.8637,986.74805,-22.320,-0.256,0.802,0.118562,0.723865,0.083489,-0.674532,img_498.jpg
51041,1280,720,631.94293,353.39117,986.8637,986.74805,-22.244,-0.258,0.805,0.110689,0.725565,0.094796,-0.672546,img_499.jpg
51126,1280,720,631.94293,353.39117,986.8637,986.74805,-22.121,-0.268,0.803,0.114460,0.722230,0.085744,-0.676706,img_500.jpg
51232,1280,720,631.94293,353.39117,986.8637,986.74805,-21.983,-0.281,0.803,0.123513,0.711778,0.077143,-0.687143,img_501.jpg
51307,1280,720,631.94293,353.39117,986.8637,986.74805,-21.893,-0.281,0.804,0.132011,0.705931,0.071138,-0.692224,img_502.jpg
51392,1280,720,631.94293,353.39117,986.8637,986.74805,-21.755,-0.268,0.809,0.137346,0.699256,0.087795,-0.696038,img_503.jpg
51475,1280,720,631.94293,353.39117,986.8637,986.74805,-21.673,-0.261,0.813,0.139512,0.700371,0.085767,-0.694738,img_504.jpg
51549,1280,720,631.94293,353.39117,986.8637,986.74805,-21.591,-0.254,0.806,0.139808,0.701807,0.083099,-0.693552,img_505.jpg
51631,1280,720,631.94293,353.39117,986.8637,986.74805,-21.463,-0.259,0.799,0.147764,0.698289,0.087559,-0.694904,img_506.jpg
51723,1280,720,631.94293,353.39117,986.8637,986.74805,-21.343,-0.266,0.784,0.141975,0.697719,0.068765,-0.698787,img_507.jpg
51805,1280,720,631.94293,353.39117,986.8637,986.74805,-21.257,-0.274,0.772,0.137341,0.699017,0.063054,-0.698954,img_508.jpg
51883,1280,720,631.94293,353.39117,986.8637,986.74805,-21.161,-0.276,0.763,0.137122,0.701677,0.056516,-0.696888,img_509.jpg
51961,1280,720,631.94293,353.39117,986.8637,986.74805,-21.033,-0.270,0.741,0.148335,0.705352,0.063547,-0.690244,img_510.jpg
52056,1280,720,631.94293,353.39117,986.8637,986.74805,-20.920,-0.261,0.724,0.141818,0.709479,0.057262,-0.687931,img_511.jpg
52140,1280,720,631.94293,353.39117,986.8637,986.74805,-20.840,-0.261,0.716,0.134742,0.708001,0.066390,-0.690052,img_512.jpg
52218,1280,720,631.94293,353.39117,986.8637,986.74805,-20.725,-0.264,0.703,0.121455,0.713485,0.081520,-0.685232,img_513.jpg
52305,1280,720,631.94293,353.39117,986.8637,986.74805,-20.644,-0.269,0.696,0.111677,0.717812,0.080949,-0.682438,img_514.jpg
52381,1280,720,631.94293,353.39117,986.8637,986.74805,-20.559,-0.267,0.688,0.102460,0.720752,0.078806,-0.681035,img_515.jpg
52460,1280,720,631.94293,353.39117,986.8637,986.74805,-20.474,-0.266,0.684,0.098312,0.722064,0.082127,-0.679862,img_516.jpg
52541,1280,720,631.94293,353.39117,986.8637,986.74805,-20.350,-0.255,0.681,0.095190,0.724043,0.086357,-0.677675,img_517.jpg
52620,1280,720,631.94293,353.39117,986.8637,986.74805,-20.231,-0.238,0.677,0.094788,0.728282,0.078450,-0.674141,img_518.jpg
52705,1280,720,631.94293,353.39117,986.8637,986.74805,-20.152,-0.234,0.676,0.096392,0.731851,0.088722,-0.668754,img_519.jpg
52792,1280,720,631.94293,353.39117,986.8637,986.74805,-20.071,-0.238,0.678,0.097763,0.732146,0.102351,-0.666280,img_520.jpg
52876,1280,720,631.94293,353.39117,986.8637,986.74805,-19.951,-0.247,0.670,0.104202,0.733585,0.095924,-0.664675,img_521.jpg
52955,1280,720,631.94293,353.39117,986.8637,986.74805,-19.838,-0.257,0.665,0.103631,0.734071,0.086756,-0.665488,img_522.jpg
53039,1280,720,631.94293,353.39117,986.8637,986.74805,-19.765,-0.260,0.658,0.105915,0.735388,0.074594,-0.665149,img_523.jpg
53115,1280,720,631.94293,353.39117,986.8637,986.74805,-19.676,-0.255,0.654,0.116717,0.732281,0.089230,-0.664966,img_524.jpg
53206,1280,720,631.94293,353.39117,986.8637,986.74805,-19.564,-0.245,0.639,0.126711,0.725186,0.082655,-0.671727,img_525.jpg
53281,1280,720,631.94293,353.39117,986.8637,986.74805,-19.499,-0.243,0.636,0.139568,0.727350,0.076201,-0.667590,img_526.jpg
53359,1280,720,631.94293,353.39117,986.8637,986.74805,-19.400,-0.247,0.642,0.130738,0.731268,0.091521,-0.663158,img_527.jpg
53455,1280,720,631.94293,353.39117,986.8637,986.74805,-19.280,-0.261,0.649,0.128310,0.732485,0.095439,-0.661735,img_528.jpg
53539,1280,720,631.94293,353.39117,986.8637,986.74805,-19.214,-0.269,0.657,0.129101,0.727760,0.090328,-0.667487,img_529.jpg
53622,1280,720,631.94293,353.39117,986.8637,986.74805,-19.094,-0.261,0.673,0.121354,0.714961,0.087849,-0.682925,img_530.jpg
53723,1280,720,631.94293,353.39117,986.8637,986.74805,-19.018,-0.252,0.681,0.123548,0.710903,0.081925,-0.687490,img_531.jpg
53810,1280,720,631.94293,353.39117,986.8637,986.74805,-18.911,-0.243,0.702,0.118001,0.705307,0.090269,-0.693159,img_532.jpg
53899,1280,720,631.94293,353.39117,986.8637,986.74805,-18.813,-0.239,0.713,0.124737,0.705052,0.109619,-0.689439,img_533.jpg
53991,1280,720,631.94293,353.39117,986.8637,986.74805,-18.709,-0.246,0.715,0.133680,0.702277,0.108063,-0.690840,img_534.jpg
54073,1280,720,631.94293,353.39117,986.8637,986.74805,-18.644,-0.255,0.709,0.133116,0.704467,0.089786,-0.691335,img_535.jpg
54143,1280,720,631.94293,353.39117,986.8637,986.74805,-18.557,-0.260,0.705,0.129668,0.704013,0.087096,-0.692797,img_536.jpg
54217,1280,720,631.94293,353.39117,986.8637,986.74805,-18.438,-0.260,0.700,0.130541,0.691067,0.094493,-0.704597,img_537.jpg
54304,1280,720,631.94293,353.39117,986.8637,986.74805,-18.365,-0.249,0.694,0.138463,0.689049,0.089403,-0.705724,img_538.jpg
54390,1280,720,631.94293,353.39117,986.8637,986.74805,-18.259,-0.233,0.690,0.138994,0.691640,0.093090,-0.702602,img_539.jpg
54474,1280,720,631.94293,353.39117,986.8637,986.74805,-18.189,-0.234,0.686,0.144486,0.695621,0.095400,-0.697234,img_540.jpg
54544,1280,720,631.94293,353.39117,986.8637,986.74805,-18.120,-0.235,0.686,0.140781,0.705062,0.091265,-0.689013,img_541.jpg,marker_13.jpg,0.26179397,0.26179397,-25.734,0.056,3.423,-0.682206,0.002765,0.007105,0.007105,marker_1.jpg,0.27149707,0.27149707,0.441,-0.188,0.457,-0.703215,-0.003983,0.025407,0.025407
54628,1280,720,631.94293,353.39117,986.8637,986.74805,-18.012,-0.244,0.686,0.132586,0.707355,0.092417,-0.688135,img_542.jpg
54704,1280,720,631.94293,353.39117,986.8637,986.74805,-17.935,-0.252,0.686,0.128757,0.707019,0.078826,-0.690893,img_543.jpg
54776,1280,720,631.94293,353.39117,986.8637,986.74805,-17.861,-0.257,0.688,0.123798,0.702979,0.071091,-0.696736,img_544.jpg
54872,1280,720,631.94293,353.39117,986.8637,986.74805,-17.251,-0.078,0.026,0.130741,0.699405,0.072226,-0.698944,img_545.jpg
54955,1280,720,631.94293,353.39117,986.8637,986.74805,-17.154,-0.059,0.059,0.129746,0.693611,0.076033,-0.704478,img_546.jpg
55037,1280,720,631.94293,353.39117,986.8637,986.74805,-17.074,-0.050,0.057,0.136945,0.695092,0.074780,-0.701785,img_547.jpg
55120,1280,720,631.94293,353.39117,986.8637,986.74805,-16.964,-0.048,0.049,0.141674,0.688880,0.085807,-0.705698,img_548.jpg
55205,1280,720,631.94293,353.39117,986.8637,986.74805,-16.873,-0.056,0.036,0.152948,0.685557,0.082178,-0.707012,img_549.jpg
55283,1280,720,631.94293,353.39117,986.8637,986.74805,-16.745,-0.075,0.029,0.157874,0.683853,0.071851,-0.708702,img_550.jpg
55373,1280,720,631.94293,353.39117,986.8637,986.74805,-16.655,-0.080,0.023,0.153018,0.686057,0.068513,-0.707967,img_551.jpg
55453,1280,720,631.94293,353.39117,986.8637,986.74805,-16.526,-0.079,0.017,0.135974,0.672368,0.075925,-0.723649,img_552.jpg
55537,1280,720,631.94293,353.39117,986.8637,986.74805,-16.446,-0.069,0.015,0.131845,0.682797,0.075877,-0.714597,img_553.jpg
55608,1280,720,631.94293,353.39117,986.8637,986.74805,-16.377,-0.063,0.013,0.129322,0.688898,0.075961,-0.709172,img_554.jpg
55683,1280,720,631.94293,353.39117,986.8637,986.74805,-16.268,-0.063,0.005,0.133947,0.697795,0.069505,-0.700221,img_555.jpg
55773,1280,720,631.94293,353.39117,986.8637,986.74805,-16.186,-0.069,-0.007,0.128112,0.704709,0.074325,-0.693864,img_556.jpg
55842,1280,720,631.94293,353.39117,986.8637,986.74805,-16.102,-0.078,-0.011,0.115113,0.704941,0.078046,-0.695497,img_557.jpg
55919,1280,720,631.94293,353.39117,986.8637,986.74805,-15.972,-0.089,-0.021,0.108559,0.703156,0.072273,-0.698973,img_558.jpg
56002,1280,720,631.94293,353.39117,986.8637,986.74805,-15.886,-0.092,-0.022,0.110970,0.697982,0.084221,-0.702434,img_559.jpg
56084,1280,720,631.94293,353.39117,986.8637,986.74805,-15.747,-0.092,-0.027,0.116586,0.690731,0.107636,-0.705487,img_560.jpg
56172,1280,720,631.94293,353.39117,986.8637,986.74805,-15.657,-0.092,-0.034,0.119974,0.691712,0.095707,-0.705677,img_561.jpg
56243,1280,720,631.94293,353.39117,986.8637,986.74805,-15.570,-0.091,-0.042,0.125016,0.693096,0.101374,-0.702647,img_562.jpg
56321,1280,720,631.94293,353.39117,986.8637,986.74805,-15.453,-0.090,-0.049,0.126924,0.693697,0.109713,-0.700456,img_563.jpg
56409,1280,720,631.94293,353.39117,986.8637,986.74805,-15.366,-0.099,-0.058,0.129425,0.695410,0.100083,-0.699741,img_564.jpg
56487,1280,720,631.94293,353.39117,986.8637,986.74805,-15.239,-0.114,-0.071,0.126279,0.702631,0.083770,-0.695231,img_565.jpg
56571,1280,720,631.94293,353.39117,986.8637,986.74805,-15.153,-0.120,-0.079,0.119201,0.709655,0.077553,-0.690048,img_566.jpg
56646,1280,720,631.94293,353.39117,986.8637,986.74805,-15.021,-0.115,-0.091,0.127550,0.716773,0.092890,-0.679220,img_567.jpg
56720,1280,720,631.94293,353.39117,986.8637,986.74805,-14.935,-0.108,-0.102,0.128184,0.712184,0.087704,-0.684595,img_568.jpg
56802,1280,720,631.94293,353.39117,986.8637,986.74805,-14.862,-0.104,-0.110,0.137578,0.716980,0.075988,-0.679145,img_569.jpg
56872,1280,720,631.94293,353.39117,986.8637,986.74805,-14.780,-0.104,-0.115,0.130932,0.715388,0.074384,-0.682308,img_570.jpg,marker_13.jpg,0.26179397,0.26179397,-25.734,0.065,3.376,-0.682374,0.005073,0.004723,0.004723,marker_1.jpg,0.27149704,0.27149704,0.443,-0.188,0.456,-0.703149,-0.003874,0.025816,0.025816
56946,1280,720,631.94293,353.39117,986.8637,986.74805,-14.716,-0.092,-0.104,0.126444,0.717324,0.088497,-0.679431,img_571.jpg
57019,1280,720,631.94293,353.39117,986.8637,986.74805,-14.591,-0.098,-0.110,0.117294,0.714795,0.083302,-0.684377,img_572.jpg
57101,1280,720,631.94293,353.39117,986.8637,986.74805,-14.507,-0.105,-0.114,0.112436,0.710614,0.075803,-0.690391,img_573.jpg
57169,1280,720,631.94293,353.39117,986.8637,986.74805,-14.411,-0.103,-0.116,0.112450,0.707410,0.076742,-0.693568,img_574.jpg
57252,1280,720,631.94293,353.39117,986.8637,986.74805,-14.301,-0.075,-0.100,0.105716,0.702918,0.086999,-0.697970,img_575.jpg
57336,1280,720,631.94293,353.39117,986.8637,986.74805,-14.214,-0.066,-0.103,0.104326,0.702262,0.087228,-0.698810,img_576.jpg
57418,1280,720,631.94293,353.39117,986.8637,986.74805,-14.096,-0.062,-0.108,0.111740,0.699956,0.093420,-0.699177,img_577.jpg
57502,1280,720,631.94293,353.39117,986.8637,986.74805,-14.004,-0.063,-0.119,0.120296,0.698055,0.098176,-0.699006,img_578.jpg
57587,1280,720,631.94293,353.39117,986.8637,986.74805,-13.873,-0.069,-0.133,0.127142,0.695642,0.087291,-0.701639,img_579.jpg
57670,1280,720,631.94293,353.39117,986.8637,986.74805,-13.791,-0.075,-0.141,0.122409,0.696990,0.084460,-0.701489,img_580.jpg
57749,1280,720,631.94293,353.39117,986.8637,986.74805,-13.668,-0.079,-0.154,0.112015,0.696238,0.080610,-0.704420,img_581.jpg
57835,1280,720,631.94293,353.39117,986.8637,986.74805,-13.577,-0.077,-0.168,0.127355,0.701855,0.088600,-0.695220,img_582.jpg
57914,1280,720,631.94293,353.39117,986.8637,986.74805,-13.463,-0.069,-0.187,0.123843,0.701792,0.080520,-0.696899,img_583.jpg
58001,1280,720,631.94293,353.39117,986.8637,986.74805,-13.390,-0.067,-0.193,0.127818,0.705498,0.081797,-0.692275,img_584.jpg
58077,1280,720,631.94293,353.39117,986.8637,986.74805,-13.308,-0.066,-0.201,0.124293,0.708623,0.091312,-0.688525,img_585.jpg
58159,1280,720,631.94293,353.39117,986.8637,986.74805,-13.192,-0.078,-0.214,0.118211,0.712476,0.093150,-0.685367,img_586.jpg
58252,1280,720,631.94293,353.39117,986.8637,986.74805,-13.070,-0.089,-0.221,0.111994,0.713148,0.083131,-0.686999,img_587.jpg
58335,1280,720,631.94293,353.39117,986.8637,986.74805,-12.976,-0.094,-0.225,0.110994,0.713400,0.088047,-0.686286,img_588.jpg
58418,1280,720,631.94293,353.39117,986.8637,986.74805,-12.850,-0.090,-0.232,0.115997,0.712003,0.097632,-0.685613,img_589.jpg
58501,1280,720,631.94293,353.39117,986.8637,986.74805,-12.776,-0.082,-0.234,0.109204,0.710481,0.096508,-0.688460,img_590.jpg
58584,1280,720,631.94293,353.39117,986.8637,986.74805,-12.651,-0.072,-0.242,0.108967,0.714724,0.111753,-0.681768,img_591.jpg
58670,1280,720,631.94293,353.39117,986.8637,986.74805,-12.565,-0.069,-0.252,0.109290,0.716570,0.111342,-0.679843,img_592.jpg
58754,1280,720,631.94293,353.39117,986.8637,986.74805,-12.479,-0.071,-0.266,0.112881,0.715154,0.106641,-0.681499,img_593.jpg
58839,1280,720,631.94293,353.39117,986.8637,986.74805,-12.363,-0.076,-0.286,0.112409,0.718227,0.086133,-0.681245,img_594.jpg
58926,1280,720,631.94293,353.39117,986.8637,986.74805,-12.249,-0.084,-0.305,0.104136,0.722291,0.083120,-0.678633,img_595.jpg
59018,1280,720,631.94293,353.39117,986.8637,986.74805,-12.132,-0.081,-0.331,0.106726,0.723882,0.093573,-0.675166,img_596.jpg
59101,1280,720,631.94293,353.39117,986.8637,986.74805,-12.058,-0.071,-0.347,0.100202,0.716431,0.101286,-0.682955,img_597.jpg
59181,1280,720,631.94293,353.39117,986.8637,986.74805,-11.945,-0.060,-0.370,0.105000,0.723376,0.084017,-0.677233,img_598.jpg
59269,1280,720,631.94293,353.39117,986.8637,986.74805,-11.872,-0.061,-0.378,0.102025,0.725983,0.087574,-0.674441,img_599.jpg
59345,1280,720,631.94293,353.39117,986.8637,986.74805,-11.747,-0.070,-0.385,0.101505,0.732148,0.089977,-0.667503,img_600.jpg
59434,1280,720,631.94293,353.39117,986.8637,986.74805,-11.657,-0.078,-0.387,0.098171,0.732777,0.086299,-0.667797,img_601.jpg
59513,1280,720,631.94293,353.39117,986.8637,986.74805,-11.529,-0.086,-0.387,0.090823,0.733789,0.082135,-0.668251,img_602.jpg
59600,1280,720,631.94293,353.39117,986.8637,986.74805,-11.445,-0.085,-0.385,0.089095,0.737556,0.082039,-0.664337,img_603.jpg
59677,1280,720,631.94293,353.39117,986.8637,986.74805,-11.331,-0.073,-0.380,0.085428,0.734664,0.094967,-0.666297,img_604.jpg
59770,1280,720,631.94293,353.39117,986.8637,986.74805,-11.255,-0.064,-0.384,0.089741,0.738805,0.087860,-0.662114,img_605.jpg
59851,1280,720,631.94293,353.39117,986.8637,986.74805,-11.158,-0.061,-0.390,0.098116,0.732713,0.104760,-0.665230,img_606.jpg
59934,1280,720,631.94293,353.39117,986.8637,986.74805,-11.093,-0.064,-0.395,0.108617,0.730872,0.096523,-0.666867,img_607.jpg
60006,1280,720,631.94293,353.39117,986.8637,986.74805,-11.020,-0.071,-0.403,0.113101,0.729793,0.089514,-0.668280,img_608.jpg
60085,1280,720,631.94293,353.39117,986.8637,986.74805,-10.906,-0.082,-0.415,0.108287,0.733046,0.079210,-0.666816,img_609.jpg
60185,1280,720,631.94293,353.39117,986.8637,986.74805,-10.801,-0.087,-0.431,0.102522,0.737260,0.076031,-0.663442,img_610.jpg
60269,1280,720,631.94293,353.39117,986.8637,986.74805,-10.723,-0.084,-0.439,0.113936,0.744820,0.076684,-0.652979,img_611.jpg
60351,1280,720,631.94293,353.39117,986.8637,986.74805,-10.620,-0.072,-0.443,0.102115,0.749476,0.077520,-0.649499,img_612.jpg
60450,1280,720,631.94293,353.39117,986.8637,986.74805,-10.513,-0.074,-0.445,0.103744,0.754639,0.089346,-0.641697,img_613.jpg
60534,1280,720,631.94293,353.39117,986.8637,986.74805,-10.438,-0.077,-0.445,0.096220,0.756661,0.094497,-0.639747,img_614.jpg
60613,1280,720,631.94293,353.39117,986.8637,986.74805,-10.322,-0.088,-0.444,0.085784,0.758405,0.101617,-0.638073,img_615.jpg
60699,1280,720,631.94293,353.39117,986.8637,986.74805,-10.240,-0.099,-0.439,0.076372,0.756359,0.103354,-0.641410,img_616.jpg
60777,1280,720,631.94293,353.39117,986.8637,986.74805,-10.152,-0.108,-0.436,0.079558,0.756363,0.101530,-0.641309,img_617.jpg
60868,1280,720,631.94293,353.39117,986.8637,986.74805,-10.032,-0.109,-0.424,0.096980,0.748233,0.112282,-0.646634,img_618.jpg
60947,1280,720,631.94293,353.39117,986.8637,986.74805,-9.922,-0.104,-0.417,0.115040,0.742169,0.099426,-0.652738,img_619.jpg
61033,1280,720,631.94293,353.39117,986.8637,986.74805,-9.851,-0.109,-0.414,0.133728,0.739384,0.106584,-0.651205,img_620.jpg
61116,1280,720,631.94293,353.39117,986.8637,986.74805,-9.743,-0.115,-0.414,0.151412,0.729716,0.109063,-0.657795,img_621.jpg
61216,1280,720,631.94293,353.39117,986.8637,986.74805,-9.631,-0.132,-0.415,0.162896,0.722313,0.100601,-0.664537,img_622.jpg
61300,1280,720,631.94293,353.39117,986.8637,986.74805,-9.553,-0.144,-0.416,0.162562,0.722236,0.094600,-0.665582,img_623.jpg
61386,1280,720,631.94293,353.39117,986.8637,986.74805,-9.441,-0.154,-0.416,0.160659,0.721738,0.100944,-0.665653,img_624.jpg
61469,1280,720,631.94293,353.39117,986.8637,986.74805,-9.352,-0.153,-0.414,0.174422,0.725774,0.111654,-0.656021,img_625.jpg
61547,1280,720,631.94293,353.39117,986.8637,986.74805,-9.235,-0.147,-0.408,0.173478,0.727309,0.115087,-0.653973,img_626.jpg
61633,1280,720,631.94293,353.39117,986.8637,986.74805,-9.166,-0.144,-0.402,0.175236,0.731916,0.116454,-0.648098,img_627.jpg
61705,1280,720,631.94293,353.39117,986.8637,986.74805,-9.089,-0.142,-0.393,0.162887,0.736747,0.112968,-0.646459,img_628.jpg
61778,1280,720,631.94293,353.39117,986.8637,986.74805,-8.971,-0.148,-0.380,0.149151,0.741888,0.116909,-0.643186,img_629.jpg
61866,1280,720,631.94293,353.39117,986.8637,986.74805,-8.891,-0.151,-0.372,0.141900,0.740821,0.111469,-0.647011,img_630.jpg
61937,1280,720,631.94293,353.39117,986.8637,986.74805,-8.808,-0.152,-0.364,0.136497,0.738410,0.101519,-0.652544,img_631.jpg
62018,1280,720,631.94293,353.39117,986.8637,986.74805,-8.684,-0.141,-0.353,0.127258,0.735182,0.101032,-0.658107,img_632.jpg
62099,1280,720,631.94293,353.39117,986.8637,986.74805,-8.597,-0.133,-0.345,0.120700,0.732493,0.107450,-0.661316,img_633.jpg
62169,1280,720,631.94293,353.39117,986.8637,986.74805,-8.520,-0.126,-0.341,0.120697,0.732306,0.102052,-0.662379,img_634.jpg
62243,1280,720,631.94293,353.39117,986.8637,986.74805,-8.397,-0.123,-0.339,0.126580,0.726163,0.111335,-0.666535,img_635.jpg
62332,1280,720,631.94293,353.39117,986.8637,986.74805,-8.322,-0.123,-0.341,0.134540,0.723553,0.106706,-0.668569,img_636.jpg
62410,1280,720,631.94293,353.39117,986.8637,986.74805,-8.205,-0.134,-0.343,0.137353,0.721234,0.094585,-0.672317,img_637.jpg
62498,1280,720,631.94293,353.39117,986.8637,986.74805,-8.123,-0.141,-0.345,0.135382,0.723466,0.091981,-0.670677,img_638.jpg
62584,1280,720,631.94293,353.39117,986.8637,986.74805,-7.999,-0.135,-0.348,0.129618,0.728271,0.080837,-0.668046,img_639.jpg
62666,1280,720,631.94293,353.39117,986.8637,986.74805,-7.920,-0.126,-0.350,0.130062,0.732035,0.087089,-0.663041,img_640.jpg
62752,1280,720,631.94293,353.39117,986.8637,986.74805,-7.815,-0.114,-0.351,0.130025,0.733725,0.081730,-0.661862,img_641.jpg
62849,1280,720,631.94293,353.39117,986.8637,986.74805,-7.702,-0.110,-0.346,0.123702,0.738628,0.085104,-0.657178,img_642.jpg
62932,1280,720,631.94293,353.39117,986.8637,986.74805,-7.623,-0.114,-0.342,0.118632,0.742598,0.086719,-0.653418,img_643.jpg
63013,1280,720,631.94293,353.39117,986.8637,986.74805,-7.506,-0.122,-0.334,0.111021,0.743633,0.078300,-0.654640,img_644.jpg
63098,1280,720,631.94293,353.39117,986.8637,986.74805,-7.424,-0.124,-0.329,0.106668,0.741421,0.076316,-0.658097,img_645.jpg
63174,1280,720,631.94293,353.39117,986.8637,986.74805,-7.339,-0.120,-0.324,0.101723,0.740108,0.075878,-0.660406,img_646.jpg
63257,1280,720,631.94293,353.39117,986.8637,986.74805,-7.213,-0.106,-0.318,0.102903,0.746377,0.075601,-0.653159,img_647.jpg
63348,1280,720,631.94293,353.39117,986.8637,986.74805,-7.095,-0.093,-0.316,0.104609,0.747645,0.072910,-0.651743,img_648.jpg
63431,1280,720,631.94293,353.39117,986.8637,986.74805,-7.022,-0.089,-0.316,0.105419,0.745440,0.077333,-0.653625,img_649.jpg
63513,1280,720,631.94293,353.39117,986.8637,986.74805,-6.943,-0.092,-0.319,0.112886,0.742518,0.076350,-0.655816,img_650.jpg
63595,1280,720,631.94293,353.39117,986.8637,986.74805,-6.829,-0.104,-0.325,0.117074,0.737396,0.067432,-0.661811,img_651.jpg
63685,1280,720,631.94293,353.39117,986.8637,986.74805,-6.707,-0.117,-0.336,0.116110,0.733903,0.064823,-0.666110,img_652.jpg
63784,1280,720,631.94293,353.39117,986.8637,986.74805,-6.591,-0.122,-0.348,0.127630,0.733056,0.068496,-0.664566,img_653.jpg
63866,1280,720,631.94293,353.39117,986.8637,986.74805,-6.515,-0.115,-0.353,0.123906,0.727902,0.074942,-0.670216,img_654.jpg
63949,1280,720,631.94293,353.39117,986.8637,986.74805,-6.405,-0.113,-0.358,0.132183,0.730318,0.073273,-0.666179,img_655.jpg
64048,1280,720,631.94293,353.39117,986.8637,986.74805,-6.292,-0.118,-0.355,0.124168,0.733518,0.083196,-0.663033,img_656.jpg
64131,1280,720,631.94293,353.39117,986.8637,986.74805,-6.225,-0.123,-0.359,0.119207,0.733424,0.083415,-0.664019,img_657.jpg
64207,1280,720,631.94293,353.39117,986.8637,986.74805,-6.108,-0.133,-0.358,0.113057,0.731751,0.072447,-0.668214,img_658.jpg
64296,1280,720,631.94293,353.39117,986.8637,986.74805,-6.025,-0.137,-0.358,0.111593,0.732368,0.064591,-0.668590,img_659.jpg
64372,1280,720,631.94293,353.39117,986.8637,986.74805,-5.944,-0.132,-0.353,0.110007,0.727568,0.075422,-0.672945,img_660.jpg
64447,1280,720,631.94293,353.39117,986.8637,986.74805,-5.820,-0.115,-0.347,0.100351,0.725689,0.082981,-0.675588,img_661.jpg
64547,1280,720,631.94293,353.39117,986.8637,986.74805,-5.712,-0.109,-0.349,0.107278,0.725262,0.095664,-0.673302,img_662.jpg
64630,1280,720,631.94293,353.39117,986.8637,986.74805,-5.619,-0.110,-0.359,0.115579,0.721856,0.096015,-0.675534,img_663.jpg
64700,1280,720,631.94293,353.39117,986.8637,986.74805,-5.544,-0.117,-0.367,0.123944,0.720493,0.089908,-0.676347,img_664.jpg
64771,1280,720,631.94293,353.39117,986.8637,986.74805,-5.465,-0.125,-0.373,0.122170,0.721807,0.082251,-0.676242,img_665.jpg
64841,1280,720,631.94293,353.39117,986.8637,986.74805,-5.340,-0.135,-0.381,0.113640,0.726376,0.083192,-0.672713,img_666.jpg
64930,1280,720,631.94293,353.39117,986.8637,986.74805,-5.271,-0.136,-0.389,0.108066,0.733203,0.075781,-0.667078,img_667.jpg
64997,1280,720,631.94293,353.39117,986.8637,986.74805,-5.192,-0.131,-0.394,0.113205,0.740386,0.088590,-0.656632,img_668.jpg
65066,1280,720,631.94293,353.39117,986.8637,986.74805,-5.124,-0.124,-0.401,0.106711,0.743036,0.080295,-0.655792,img_669.jpg
65140,1280,720,631.94293,353.39117,986.8637,986.74805,-5.023,-0.121,-0.411,0.118626,0.746820,0.080906,-0.649339,img_670.jpg
65230,1280,720,631.94293,353.39117,986.8637,986.74805,-4.945,-0.121,-0.414,0.113643,0.750635,0.080808,-0.645835,img_671.jpg
65300,1280,720,631.94293,353.39117,986.8637,986.74805,-4.870,-0.125,-0.414,0.108772,0.752067,0.085944,-0.644343,img_672.jpg
65370,1280,720,631.94293,353.39117,986.8637,986.74805,-4.752,-0.136,-0.415,0.102849,0.752364,0.076079,-0.646206,img_673.jpg
65449,1280,720,631.94293,353.39117,986.8637,986.74805,-4.667,-0.139,-0.412,0.101087,0.752222,0.076046,-0.646653,img_674.jpg
65529,1280,720,631.94293,353.39117,986.8637,986.74805,-4.589,-0.136,-0.407,0.094319,0.747366,0.079023,-0.652919,img_675.jpg
65599,1280,720,631.94293,353.39117,986.8637,986.74805,-4.505,-0.130,-0.406,0.099810,0.748108,0.088940,-0.649971,img_676.jpg
65666,1280,720,631.94293,353.39117,986.8637,986.74805,-4.430,-0.123,-0.408,0.099237,0.746253,0.082206,-0.653070,img_677.jpg
65735,1280,720,631.94293,353.39117,986.8637,986.74805,-4.357,-0.118,-0.413,0.105464,0.744401,0.085415,-0.653795,img_678.jpg
65811,1280,720,631.94293,353.39117,986.8637,986.74805,-4.248,-0.116,-0.424,0.112687,0.738298,0.089186,-0.658987,img_679.jpg
65895,1280,720,631.94293,353.39117,986.8637,986.74805,-4.175,-0.121,-0.435,0.117121,0.735508,0.079045,-0.662618,img_680.jpg
65966,1280,720,631.94293,353.39117,986.8637,986.74805,-4.092,-0.128,-0.442,0.115959,0.735899,0.070401,-0.663363,img_681.jpg
66038,1280,720,631.94293,353.39117,986.8637,986.74805,-3.987,-0.135,-0.457,0.114444,0.740444,0.064105,-0.659193,img_682.jpg
66129,1280,720,631.94293,353.39117,986.8637,986.74805,-3.912,-0.132,-0.468,0.116034,0.744853,0.056824,-0.654600,img_683.jpg
66210,1280,720,631.94293,353.39117,986.8637,986.74805,-3.798,-0.117,-0.479,0.112363,0.747585,0.066023,-0.651254,img_684.jpg
66297,1280,720,631.94293,353.39117,986.8637,986.74805,-3.729,-0.112,-0.486,0.115325,0.751942,0.063830,-0.645918,img_685.jpg
66370,1280,720,631.94293,353.39117,986.8637,986.74805,-3.661,-0.111,-0.490,0.113370,0.753396,0.069566,-0.643974,img_686.jpg
66441,1280,720,631.94293,353.39117,986.8637,986.74805,-3.557,-0.115,-0.495,0.108119,0.758265,0.073144,-0.638744,img_687.jpg
66529,1280,720,631.94293,353.39117,986.8637,986.74805,-3.478,-0.122,-0.499,0.104088,0.759985,0.072132,-0.637484,img_688.jpg
66599,1280,720,631.94293,353.39117,986.8637,986.74805,-3.398,-0.129,-0.502,0.100973,0.761415,0.069203,-0.636603,img_689.jpg
66668,1280,720,631.94293,353.39117,986.8637,986.74805,-3.319,-0.134,-0.501,0.099282,0.762706,0.073356,-0.634855,img_690.jpg
66741,1280,720,631.94293,353.39117,986.8637,986.74805,-3.197,-0.129,-0.496,0.098238,0.766275,0.088499,-0.628761,img_691.jpg
66829,1280,720,631.94293,353.39117,986.8637,986.74805,-3.115,-0.123,-0.492,0.094001,0.764837,0.101983,-0.629116,img_692.jpg,marker_13.jpg,0.26179397,0.26179397,-25.723,0.125,3.556,-0.682296,0.000284,0.009422,0.009422,marker_1.jpg,0.27149707,0.27149707,0.446,-0.189,0.456,-0.703054,-0.004267,0.027365,0.027365
66903,1280,720,631.94293,353.39117,986.8637,986.74805,-3.041,-0.120,-0.497,0.099673,0.768241,0.102376,-0.624011,img_693.jpg
66979,1280,720,631.94293,353.39117,986.8637,986.74805,-2.932,-0.122,-0.502,0.110850,0.771129,0.118699,-0.615616,img_694.jpg
67063,1280,720,631.94293,353.39117,986.8637,986.74805,-2.866,-0.126,-0.508,0.117110,0.774859,0.120098,-0.609471,img_695.jpg
67133,1280,720,631.94293,353.39117,986.8637,986.74805,-2.765,-0.139,-0.515,0.119026,0.781041,0.115874,-0.601981,img_696.jpg
67212,1280,720,631.94293,353.39117,986.8637,986.74805,-2.697,-0.148,-0.522,0.118539,0.787544,0.116519,-0.593419,img_697.jpg
67295,1280,720,631.94293,353.39117,986.8637,986.74805,-2.633,-0.151,-0.530,0.111598,0.795586,0.110165,-0.585194,img_698.jpg
67364,1280,720,631.94293,353.39117,986.8637,986.74805,-2.564,-0.150,-0.536,0.117612,0.812517,0.106598,-0.560910,img_699.jpg
67434,1280,720,631.94293,353.39117,986.8637,986.74805,-2.485,-0.139,-0.530,0.109014,0.830247,0.115285,-0.534336,img_700.jpg
67512,1280,720,631.94293,353.39117,986.8637,986.74805,-2.421,-0.137,-0.528,0.117314,0.841198,0.115754,-0.514999,img_701.jpg
67595,1280,720,631.94293,353.39117,986.8637,986.74805,-2.374,-0.137,-0.517,0.111465,0.850741,0.124422,-0.498333,img_702.jpg
67660,1280,720,631.94293,353.39117,986.8637,986.74805,-2.313,-0.145,-0.506,0.108926,0.860172,0.134903,-0.479626,img_703.jpg
67731,1280,720,631.94293,353.39117,986.8637,986.74805,-2.246,-0.157,-0.490,0.102777,0.867295,0.152113,-0.462707,img_704.jpg
67803,1280,720,631.94293,353.39117,986.8637,986.74805,-2.152,-0.178,-0.460,0.095785,0.876979,0.170972,-0.438751,img_705.jpg
67877,1280,720,631.94293,353.39117,986.8637,986.74805,-2.086,-0.192,-0.435,0.091872,0.882076,0.188301,-0.421953,img_706.jpg
67962,1280,720,631.94293,353.39117,986.8637,986.74805,-2.033,-0.198,-0.402,0.089175,0.887937,0.214141,-0.397190,img_707.jpg
68029,1280,720,631.94293,353.39117,986.8637,986.74805,-1.991,-0.198,-0.370,0.081363,0.893974,0.227632,-0.377324,img_708.jpg
68104,1280,720,631.94293,353.39117,986.8637,986.74805,-1.910,-0.201,-0.329,0.087457,0.906453,0.233578,-0.340788,img_709.jpg
68193,1280,720,631.94293,353.39117,986.8637,986.74805,-1.864,-0.205,-0.299,0.087928,0.912524,0.243277,-0.316837,img_710.jpg
68261,1280,720,631.94293,353.39117,986.8637,986.74805,-1.827,-0.209,-0.267,0.093674,0.917113,0.250997,-0.295177,img_711.jpg
68333,1280,720,631.94293,353.39117,986.8637,986.74805,-1.791,-0.212,-0.232,0.093191,0.924917,0.249650,-0.271144,img_712.jpg
68406,1280,720,631.94293,353.39117,986.8637,986.74805,-1.721,-0.226,-0.174,0.088677,0.932221,0.257898,-0.237885,img_713.jpg
68493,1280,720,631.94293,353.39117,986.8637,986.74805,-1.678,-0.235,-0.135,0.089705,0.937062,0.257996,-0.217499,img_714.jpg
68566,1280,720,631.94293,353.39117,986.8637,986.74805,-1.634,-0.239,-0.097,0.097094,0.940481,0.261159,-0.194587,img_715.jpg
68645,1280,720,631.94293,353.39117,986.8637,986.74805,-1.578,-0.232,-0.039,0.095772,0.939275,0.285102,-0.165247,img_716.jpg
68727,1280,720,631.94293,353.39117,986.8637,986.74805,-1.545,-0.228,-0.004,0.102081,0.940733,0.286794,-0.149499,img_717.jpg
68798,1280,720,631.94293,353.39117,986.8637,986.74805,-1.507,-0.235,0.042,0.116864,0.931729,0.314924,-0.138007,img_718.jpg
68874,1280,720,631.94293,353.39117,986.8637,986.74805,-1.457,-0.256,0.118,0.115058,0.920605,0.350030,-0.129331,img_719.jpg
68961,1280,720,631.94293,353.39117,986.8637,986.74805,-1.431,-0.260,0.170,0.111393,0.913886,0.369258,-0.126698,img_720.jpg
69026,1280,720,631.94293,353.39117,986.8637,986.74805,-1.404,-0.263,0.226,0.104825,0.914290,0.367952,-0.133028,img_721.jpg
69107,1280,720,631.94293,353.39117,986.8637,986.74805,-1.371,-0.258,0.314,0.101393,0.916617,0.358739,-0.144358,img_722.jpg
69192,1280,720,631.94293,353.39117,986.8637,986.74805,-1.349,-0.246,0.374,0.095785,0.915550,0.361487,-0.148059,img_723.jpg
69264,1280,720,631.94293,353.39117,986.8637,986.74805,-1.321,-0.230,0.427,0.094399,0.919764,0.345487,-0.160505,img_724.jpg
69337,1280,720,631.94293,353.39117,986.8637,986.74805,-1.282,-0.213,0.504,0.115849,0.919350,0.334523,-0.171667,img_725.jpg
69410,1280,720,631.94293,353.39117,986.8637,986.74805,-1.267,-0.210,0.529,0.121133,0.917516,0.335049,-0.176729,img_726.jpg
69482,1280,720,631.94293,353.39117,986.8637,986.74805,-1.221,-0.205,0.602,0.135077,0.913018,0.331582,-0.195464,img_727.jpg
69559,1280,720,631.94293,353.39117,986.8637,986.74805,-1.185,-0.205,0.657,0.142510,0.909387,0.329336,-0.210343,img_728.jpg
69625,1280,720,631.94293,353.39117,986.8637,986.74805,-1.145,-0.212,0.711,0.152042,0.902471,0.333588,-0.226160,img_729.jpg
69698,1280,720,631.94293,353.39117,986.8637,986.74805,-1.103,-0.214,0.764,0.159705,0.895846,0.334735,-0.244758,img_730.jpg
69768,1280,720,631.94293,353.39117,986.8637,986.74805,-1.036,-0.214,0.841,0.179344,0.883529,0.338322,-0.269724,img_731.jpg
69844,1280,720,631.94293,353.39117,986.8637,986.74805,-0.994,-0.200,0.893,0.184331,0.872336,0.350787,-0.286359,img_732.jpg
69926,1280,720,631.94293,353.39117,986.8637,986.74805,-0.953,-0.192,0.951,0.193997,0.866264,0.347961,-0.301455,img_733.jpg
70005,1280,720,631.94293,353.39117,986.8637,986.74805,-0.911,-0.190,0.996,0.201484,0.860746,0.351581,-0.308078,img_734.jpg
70081,1280,720,631.94293,353.39117,986.8637,986.74805,-0.850,-0.191,1.066,0.201455,0.850716,0.361231,-0.324362,img_735.jpg
