time,sizeX,sizeY,p_x,p_y,f_x,f_y,pos_X,pos_Y,pos_Z,q_x,q_y,q_z,q_w,marker_ID,marker_x,marker_y,marker_z,marker_qx,marker_qy,marker_qz,marker_qw,marker_ID,marker_x,marker_y,marker_z,marker_qx,marker_qy,marker_qz,marker_qw,marker_ID,marker_x,marker_y,marker_z,marker_qx,marker_qy,marker_qz,marker_qw,
28675,1280,720,640.598,337.0768,993.9581,995.1439,0.570,-0.092,1.099,0.044233,-0.023727,-0.001801,-0.998738,img_1.jpg
28758,1280,720,640.598,337.0768,993.9581,995.1439,0.572,-0.092,1.099,0.044633,-0.022403,0.001067,-0.998752,img_2.jpg
28834,1280,720,640.598,337.0768,993.9581,995.1439,0.573,-0.092,1.099,0.049405,-0.018791,-0.000562,-0.998602,img_3.jpg
28936,1280,720,640.598,337.0768,993.9581,995.1439,0.574,-0.093,1.101,0.047306,-0.016458,-0.002509,-0.998742,img_4.jpg
29007,1280,720,640.598,337.0768,993.9581,995.1439,0.576,-0.094,1.106,0.051150,-0.013229,-0.001953,-0.998601,img_5.jpg,marker_1.jpg,0.26633665,0.26633665,0.540,-0.198,0.465,-0.707159,-0.000881,-0.000545,-0.000545
29092,1280,720,640.598,337.0768,993.9581,995.1439,0.578,-0.098,1.110,0.060193,-0.012346,-0.001015,-0.998110,img_6.jpg
29165,1280,720,640.598,337.0768,993.9581,995.1439,0.580,-0.110,1.119,0.080031,-0.012803,-0.002247,-0.996708,img_7.jpg
29241,1280,720,640.598,337.0768,993.9581,995.1439,0.578,-0.125,1.130,0.096836,-0.018186,-0.011262,-0.995070,img_8.jpg
29325,1280,720,640.598,337.0768,993.9581,995.1439,0.576,-0.144,1.143,0.117205,-0.021753,-0.022893,-0.992606,img_9.jpg
29392,1280,720,640.598,337.0768,993.9581,995.1439,0.574,-0.165,1.157,0.144082,-0.027324,-0.030278,-0.988725,img_10.jpg
29460,1280,720,640.598,337.0768,993.9581,995.1439,0.572,-0.186,1.174,0.164780,-0.030628,-0.036215,-0.985189,img_11.jpg
29537,1280,720,640.598,337.0768,993.9581,995.1439,0.565,-0.219,1.204,0.184560,-0.038175,-0.054897,-0.980544,img_12.jpg
29624,1280,720,640.598,337.0768,993.9581,995.1439,0.559,-0.238,1.222,0.202326,-0.046855,-0.063564,-0.976129,img_13.jpg
29693,1280,720,640.598,337.0768,993.9581,995.1439,0.550,-0.256,1.241,0.225139,-0.062332,-0.064158,-0.970212,img_14.jpg
29761,1280,720,640.598,337.0768,993.9581,995.1439,0.533,-0.280,1.257,0.251292,-0.082927,-0.072236,-0.961643,img_15.jpg
29838,1280,720,640.598,337.0768,993.9581,995.1439,0.496,-0.315,1.292,0.262282,-0.136181,-0.093032,-0.950793,img_16.jpg
29923,1280,720,640.598,337.0768,993.9581,995.1439,0.465,-0.335,1.316,0.281814,-0.170018,-0.102966,-0.938655,img_17.jpg
29988,1280,720,640.598,337.0768,993.9581,995.1439,0.430,-0.354,1.337,0.298854,-0.201008,-0.110702,-0.926298,img_18.jpg
30064,1280,720,640.598,337.0768,993.9581,995.1439,0.369,-0.384,1.368,0.330525,-0.246862,-0.123380,-0.902546,img_19.jpg
30156,1280,720,640.598,337.0768,993.9581,995.1439,0.325,-0.405,1.387,0.347509,-0.270940,-0.132038,-0.887916,img_20.jpg
30226,1280,720,640.598,337.0768,993.9581,995.1439,0.278,-0.422,1.404,0.359224,-0.290435,-0.140722,-0.875673,img_21.jpg
30293,1280,720,640.598,337.0768,993.9581,995.1439,0.228,-0.437,1.421,0.355509,-0.304205,-0.149576,-0.871033,img_22.jpg
30360,1280,720,640.598,337.0768,993.9581,995.1439,0.176,-0.445,1.437,0.343518,-0.323183,-0.155066,-0.868045,img_23.jpg
30432,1280,720,640.598,337.0768,993.9581,995.1439,0.100,-0.455,1.461,0.361774,-0.336096,-0.161859,-0.854377,img_24.jpg
30507,1280,720,640.598,337.0768,993.9581,995.1439,0.053,-0.457,1.470,0.379373,-0.334443,-0.163359,-0.847076,img_25.jpg
30590,1280,720,640.598,337.0768,993.9581,995.1439,0.004,-0.458,1.476,0.392179,-0.340154,-0.164459,-0.838716,img_26.jpg
30657,1280,720,640.598,337.0768,993.9581,995.1439,-0.046,-0.458,1.480,0.379727,-0.347252,-0.180257,-0.838290,img_27.jpg
30731,1280,720,640.598,337.0768,993.9581,995.1439,-0.101,-0.460,1.484,0.375691,-0.352799,-0.190924,-0.835427,img_28.jpg
30799,1280,720,640.598,337.0768,993.9581,995.1439,-0.167,-0.450,1.493,0.360033,-0.360545,-0.198402,-0.837269,img_29.jpg
30873,1280,720,640.598,337.0768,993.9581,995.1439,-0.193,-0.448,1.494,0.356338,-0.361100,-0.198080,-0.838686,img_30.jpg
30947,1280,720,640.598,337.0768,993.9581,995.1439,-0.272,-0.448,1.496,0.348724,-0.360830,-0.197109,-0.842224,img_31.jpg
31040,1280,720,640.598,337.0768,993.9581,995.1439,-0.351,-0.451,1.495,0.348049,-0.360980,-0.192247,-0.843562,img_32.jpg
31122,1280,720,640.598,337.0768,993.9581,995.1439,-0.407,-0.453,1.497,0.339245,-0.360936,-0.196881,-0.846094,img_33.jpg
31202,1280,720,640.598,337.0768,993.9581,995.1439,-0.492,-0.451,1.497,0.327259,-0.355261,-0.220779,-0.847318,img_34.jpg
31291,1280,720,640.598,337.0768,993.9581,995.1439,-0.548,-0.444,1.493,0.330597,-0.360196,-0.221274,-0.843802,img_35.jpg
31365,1280,720,640.598,337.0768,993.9581,995.1439,-0.623,-0.434,1.477,0.323936,-0.360879,-0.221147,-0.846124,img_36.jpg
31456,1280,720,640.598,337.0768,993.9581,995.1439,-0.673,-0.427,1.459,0.325259,-0.357643,-0.210414,-0.849720,img_37.jpg
31530,1280,720,640.598,337.0768,993.9581,995.1439,-0.754,-0.419,1.420,0.311098,-0.347558,-0.187584,-0.864427,img_38.jpg
31607,1280,720,640.598,337.0768,993.9581,995.1439,-0.804,-0.414,1.385,0.309884,-0.342805,-0.170984,-0.870184,img_39.jpg
31691,1280,720,640.598,337.0768,993.9581,995.1439,-0.859,-0.407,1.346,0.299026,-0.337551,-0.156019,-0.878806,img_40.jpg
31763,1280,720,640.598,337.0768,993.9581,995.1439,-0.911,-0.395,1.305,0.280312,-0.330750,-0.150620,-0.888450,img_41.jpg
31843,1280,720,640.598,337.0768,993.9581,995.1439,-0.973,-0.369,1.236,0.289592,-0.319212,-0.132953,-0.892504,img_42.jpg
31923,1280,720,640.598,337.0768,993.9581,995.1439,-1.017,-0.351,1.193,0.282281,-0.315615,-0.121254,-0.897776,img_43.jpg
31999,1280,720,640.598,337.0768,993.9581,995.1439,-1.077,-0.336,1.125,0.283824,-0.293631,-0.112721,-0.905825,img_44.jpg
32093,1280,720,640.598,337.0768,993.9581,995.1439,-1.121,-0.328,1.082,0.283537,-0.285693,-0.107864,-0.909039,img_45.jpg
32165,1280,720,640.598,337.0768,993.9581,995.1439,-1.191,-0.319,1.015,0.269821,-0.295647,-0.109008,-0.909894,img_46.jpg
32256,1280,720,640.598,337.0768,993.9581,995.1439,-1.243,-0.315,0.963,0.261279,-0.300818,-0.097948,-0.911948,img_47.jpg
32328,1280,720,640.598,337.0768,993.9581,995.1439,-1.292,-0.313,0.915,0.254234,-0.306840,-0.087830,-0.912962,img_48.jpg
32402,1280,720,640.598,337.0768,993.9581,995.1439,-1.336,-0.310,0.869,0.238382,-0.321955,-0.079486,-0.912798,img_49.jpg
32490,1280,720,640.598,337.0768,993.9581,995.1439,-1.407,-0.306,0.795,0.265448,-0.309254,-0.110953,-0.906415,img_50.jpg
32565,1280,720,640.598,337.0768,993.9581,995.1439,-1.460,-0.298,0.728,0.254696,-0.319747,-0.109301,-0.906060,img_51.jpg
32655,1280,720,640.598,337.0768,993.9581,995.1439,-1.496,-0.294,0.677,0.257847,-0.323606,-0.103661,-0.904460,img_52.jpg
32730,1280,720,640.598,337.0768,993.9581,995.1439,-1.546,-0.289,0.597,0.255419,-0.333369,-0.083660,-0.903674,img_53.jpg
32822,1280,720,640.598,337.0768,993.9581,995.1439,-1.579,-0.289,0.543,0.250103,-0.349325,-0.080053,-0.899451,img_54.jpg
32894,1280,720,640.598,337.0768,993.9581,995.1439,-1.605,-0.288,0.492,0.231068,-0.372680,-0.082579,-0.894929,img_55.jpg
32966,1280,720,640.598,337.0768,993.9581,995.1439,-1.640,-0.286,0.432,0.217608,-0.394763,-0.085608,-0.888527,img_56.jpg
33044,1280,720,640.598,337.0768,993.9581,995.1439,-1.691,-0.274,0.338,0.211839,-0.431521,-0.072726,-0.873856,img_57.jpg
33138,1280,720,640.598,337.0768,993.9581,995.1439,-1.752,-0.267,0.249,0.207545,-0.460533,-0.074727,-0.859796,img_58.jpg
33221,1280,720,640.598,337.0768,993.9581,995.1439,-1.795,-0.262,0.195,0.208424,-0.472123,-0.083992,-0.852411,img_59.jpg
33306,1280,720,640.598,337.0768,993.9581,995.1439,-1.860,-0.260,0.116,0.208964,-0.499495,-0.091274,-0.835768,img_60.jpg
33389,1280,720,640.598,337.0768,993.9581,995.1439,-1.915,-0.272,0.065,0.204674,-0.511613,-0.103392,-0.828053,img_61.jpg
33471,1280,720,640.598,337.0768,993.9581,995.1439,-1.991,-0.282,-0.018,0.193758,-0.527077,-0.112801,-0.819709,img_62.jpg
33572,1280,720,640.598,337.0768,993.9581,995.1439,-2.084,-0.293,-0.116,0.186689,-0.533933,-0.123066,-0.815425,img_63.jpg
33654,1280,720,640.598,337.0768,993.9581,995.1439,-2.141,-0.289,-0.161,0.181818,-0.531624,-0.135902,-0.815995,img_64.jpg
33729,1280,720,640.598,337.0768,993.9581,995.1439,-2.228,-0.281,-0.239,0.198835,-0.532988,-0.135893,-0.811124,img_65.jpg
33821,1280,720,640.598,337.0768,993.9581,995.1439,-2.276,-0.275,-0.278,0.192814,-0.534481,-0.142633,-0.810437,img_66.jpg
33894,1280,720,640.598,337.0768,993.9581,995.1439,-2.336,-0.274,-0.328,0.188244,-0.536094,-0.141236,-0.810691,img_67.jpg
33967,1280,720,640.598,337.0768,993.9581,995.1439,-2.420,-0.272,-0.404,0.185633,-0.549396,-0.123883,-0.805207,img_68.jpg
34054,1280,720,640.598,337.0768,993.9581,995.1439,-2.495,-0.280,-0.463,0.178533,-0.560455,-0.119511,-0.799833,img_69.jpg
34128,1280,720,640.598,337.0768,993.9581,995.1439,-2.586,-0.276,-0.535,0.146408,-0.575995,-0.115780,-0.795858,img_70.jpg
34220,1280,720,640.598,337.0768,993.9581,995.1439,-2.649,-0.269,-0.584,0.144324,-0.584930,-0.112562,-0.790163,img_71.jpg
34294,1280,720,640.598,337.0768,993.9581,995.1439,-2.717,-0.264,-0.634,0.161499,-0.589474,-0.110141,-0.783778,img_72.jpg
34370,1280,720,640.598,337.0768,993.9581,995.1439,-2.803,-0.251,-0.683,0.149216,-0.607339,-0.101816,-0.773633,img_73.jpg
34454,1280,720,640.598,337.0768,993.9581,995.1439,-2.876,-0.248,-0.721,0.160318,-0.623044,-0.099446,-0.759095,img_74.jpg
34530,1280,720,640.598,337.0768,993.9581,995.1439,-2.951,-0.253,-0.754,0.152553,-0.636906,-0.100118,-0.749036,img_75.jpg
34621,1280,720,640.598,337.0768,993.9581,995.1439,-3.058,-0.265,-0.792,0.136699,-0.649000,-0.100730,-0.741597,img_76.jpg
34698,1280,720,640.598,337.0768,993.9581,995.1439,-3.166,-0.280,-0.826,0.133511,-0.652262,-0.093228,-0.740296,img_77.jpg
34770,1280,720,640.598,337.0768,993.9581,995.1439,-3.246,-0.283,-0.850,0.129689,-0.653558,-0.096110,-0.739463,img_78.jpg
34853,1280,720,640.598,337.0768,993.9581,995.1439,-3.324,-0.277,-0.873,0.144017,-0.643206,-0.113947,-0.743345,img_79.jpg
34924,1280,720,640.598,337.0768,993.9581,995.1439,-3.386,-0.267,-0.890,0.127172,-0.646902,-0.104889,-0.744542,img_80.jpg
34994,1280,720,640.598,337.0768,993.9581,995.1439,-3.456,-0.265,-0.908,0.116175,-0.644709,-0.104879,-0.748234,img_81.jpg
35064,1280,720,640.598,337.0768,993.9581,995.1439,-3.556,-0.265,-0.936,0.133361,-0.649013,-0.097364,-0.742642,img_82.jpg
35153,1280,720,640.598,337.0768,993.9581,995.1439,-3.634,-0.272,-0.957,0.132036,-0.654889,-0.093316,-0.738227,img_83.jpg
35229,1280,720,640.598,337.0768,993.9581,995.1439,-3.753,-0.282,-0.984,0.124223,-0.664007,-0.092281,-0.731538,img_84.jpg
35319,1280,720,640.598,337.0768,993.9581,995.1439,-3.828,-0.284,-1.000,0.114854,-0.673244,-0.090286,-0.724845,img_85.jpg
35396,1280,720,640.598,337.0768,993.9581,995.1439,-3.943,-0.277,-1.025,0.118570,-0.683390,-0.083284,-0.715530,img_86.jpg
35488,1280,720,640.598,337.0768,993.9581,995.1439,-4.017,-0.269,-1.039,0.123504,-0.690910,-0.077506,-0.708084,img_87.jpg
35562,1280,720,640.598,337.0768,993.9581,995.1439,-4.128,-0.262,-1.053,0.144901,-0.691705,-0.083305,-0.702572,img_88.jpg
35653,1280,720,640.598,337.0768,993.9581,995.1439,-4.203,-0.261,-1.054,0.136493,-0.696572,-0.091419,-0.698426,img_89.jpg
35728,1280,720,640.598,337.0768,993.9581,995.1439,-4.319,-0.275,-1.055,0.120988,-0.703435,-0.112051,-0.691365,img_90.jpg
35819,1280,720,640.598,337.0768,993.9581,995.1439,-4.394,-0.285,-1.054,0.112038,-0.701231,-0.114183,-0.694756,img_91.jpg
35903,1280,720,640.598,337.0768,993.9581,995.1439,-4.508,-0.292,-1.054,0.128220,-0.710463,-0.110299,-0.683108,img_92.jpg
36004,1280,720,640.598,337.0768,993.9581,995.1439,-4.618,-0.288,-1.052,0.117183,-0.699578,-0.126509,-0.693437,img_93.jpg
36088,1280,720,640.598,337.0768,993.9581,995.1439,-4.683,-0.279,-1.047,0.116523,-0.695945,-0.134838,-0.695630,img_94.jpg
36171,1280,720,640.598,337.0768,993.9581,995.1439,-4.779,-0.272,-1.048,0.115817,-0.687320,-0.142368,-0.702787,img_95.jpg
36270,1280,720,640.598,337.0768,993.9581,995.1439,-4.890,-0.273,-1.059,0.128210,-0.682263,-0.131324,-0.707696,img_96.jpg
36353,1280,720,640.598,337.0768,993.9581,995.1439,-4.972,-0.281,-1.071,0.129249,-0.682804,-0.119243,-0.709123,img_97.jpg
36431,1280,720,640.598,337.0768,993.9581,995.1439,-5.092,-0.290,-1.081,0.110835,-0.686610,-0.107455,-0.710447,img_98.jpg
36518,1280,720,640.598,337.0768,993.9581,995.1439,-5.170,-0.293,-1.091,0.101999,-0.688714,-0.101965,-0.710544,img_99.jpg
36595,1280,720,640.598,337.0768,993.9581,995.1439,-5.305,-0.292,-1.105,0.106596,-0.685718,-0.113543,-0.711011,img_100.jpg
36687,1280,720,640.598,337.0768,993.9581,995.1439,-5.383,-0.289,-1.115,0.115577,-0.693152,-0.115902,-0.701961,img_101.jpg
36762,1280,720,640.598,337.0768,993.9581,995.1439,-5.455,-0.284,-1.115,0.112612,-0.692026,-0.121440,-0.702617,img_102.jpg
36843,1280,720,640.598,337.0768,993.9581,995.1439,-5.571,-0.281,-1.115,0.133181,-0.696782,-0.128900,-0.692923,img_103.jpg
36936,1280,720,640.598,337.0768,993.9581,995.1439,-5.680,-0.288,-1.106,0.115610,-0.702493,-0.131920,-0.689736,img_104.jpg
37018,1280,720,640.598,337.0768,993.9581,995.1439,-5.755,-0.296,-1.101,0.103250,-0.704821,-0.129141,-0.689847,img_105.jpg
37093,1280,720,640.598,337.0768,993.9581,995.1439,-5.832,-0.302,-1.096,0.095416,-0.704263,-0.125960,-0.692130,img_106.jpg
37168,1280,720,640.598,337.0768,993.9581,995.1439,-5.957,-0.303,-1.088,0.088724,-0.703346,-0.125956,-0.693951,img_107.jpg
37252,1280,720,640.598,337.0768,993.9581,995.1439,-6.032,-0.295,-1.082,0.092773,-0.697518,-0.133312,-0.697918,img_108.jpg
37329,1280,720,640.598,337.0768,993.9581,995.1439,-6.147,-0.286,-1.079,0.091597,-0.701129,-0.129165,-0.695230,img_109.jpg
37418,1280,720,640.598,337.0768,993.9581,995.1439,-6.216,-0.288,-1.077,0.098539,-0.703777,-0.128917,-0.691642,img_110.jpg
37493,1280,720,640.598,337.0768,993.9581,995.1439,-6.292,-0.293,-1.074,0.103216,-0.700864,-0.121977,-0.695168,img_111.jpg
37568,1280,720,640.598,337.0768,993.9581,995.1439,-6.413,-0.302,-1.072,0.108561,-0.699415,-0.112696,-0.697376,img_112.jpg
37652,1280,720,640.598,337.0768,993.9581,995.1439,-6.489,-0.304,-1.073,0.098881,-0.701733,-0.105701,-0.697583,img_113.jpg
37731,1280,720,640.598,337.0768,993.9581,995.1439,-6.619,-0.302,-1.077,0.098838,-0.705451,-0.098436,-0.694895,img_114.jpg
37818,1280,720,640.598,337.0768,993.9581,995.1439,-6.703,-0.295,-1.081,0.107488,-0.701479,-0.106391,-0.696458,img_115.jpg
37893,1280,720,640.598,337.0768,993.9581,995.1439,-6.830,-0.284,-1.081,0.105894,-0.697078,-0.109117,-0.700688,img_116.jpg
37986,1280,720,640.598,337.0768,993.9581,995.1439,-6.916,-0.281,-1.078,0.112150,-0.696348,-0.110186,-0.700272,img_117.jpg
38061,1280,720,640.598,337.0768,993.9581,995.1439,-7.026,-0.281,-1.070,0.104742,-0.699014,-0.114327,-0.698096,img_118.jpg
38152,1280,720,640.598,337.0768,993.9581,995.1439,-7.105,-0.288,-1.064,0.097828,-0.702524,-0.115384,-0.695396,img_119.jpg
38231,1280,720,640.598,337.0768,993.9581,995.1439,-7.223,-0.299,-1.049,0.086280,-0.707218,-0.112952,-0.692561,img_120.jpg
38318,1280,720,640.598,337.0768,993.9581,995.1439,-7.302,-0.302,-1.039,0.085546,-0.710899,-0.108957,-0.689516,img_121.jpg
38401,1280,720,640.598,337.0768,993.9581,995.1439,-7.430,-0.296,-1.021,0.081589,-0.705943,-0.120583,-0.693143,img_122.jpg
38503,1280,720,640.598,337.0768,993.9581,995.1439,-7.547,-0.283,-1.008,0.074248,-0.704247,-0.116892,-0.696318,img_123.jpg
38588,1280,720,640.598,337.0768,993.9581,995.1439,-7.631,-0.282,-1.003,0.080956,-0.703056,-0.116906,-0.696773,img_124.jpg
38669,1280,720,640.598,337.0768,993.9581,995.1439,-7.745,-0.282,-0.994,0.088513,-0.699179,-0.111893,-0.700567,img_125.jpg
38768,1280,720,640.598,337.0768,993.9581,995.1439,-7.861,-0.292,-0.991,0.086436,-0.697475,-0.100630,-0.704224,img_126.jpg
38851,1280,720,640.598,337.0768,993.9581,995.1439,-7.938,-0.299,-0.989,0.080453,-0.698583,-0.098049,-0.704199,img_127.jpg
38929,1280,720,640.598,337.0768,993.9581,995.1439,-8.075,-0.297,-0.986,0.088874,-0.698795,-0.097417,-0.703063,img_128.jpg
39017,1280,720,640.598,337.0768,993.9581,995.1439,-8.160,-0.291,-0.986,0.115471,-0.697689,-0.105692,-0.699089,img_129.jpg
39095,1280,720,640.598,337.0768,993.9581,995.1439,-8.263,-0.278,-0.979,0.105005,-0.702633,-0.106515,-0.695654,img_130.jpg
39168,1280,720,640.598,337.0768,993.9581,995.1439,-8.336,-0.272,-0.974,0.106951,-0.706167,-0.110212,-0.691189,img_131.jpg
39251,1280,720,640.598,337.0768,993.9581,995.1439,-8.417,-0.273,-0.963,0.085491,-0.700077,-0.116158,-0.699350,img_132.jpg
39325,1280,720,640.598,337.0768,993.9581,995.1439,-8.530,-0.287,-0.943,0.062888,-0.692609,-0.121603,-0.708203,img_133.jpg
39400,1280,720,640.598,337.0768,993.9581,995.1439,-8.611,-0.297,-0.931,0.060601,-0.693286,-0.121239,-0.707802,img_134.jpg
39484,1280,720,640.598,337.0768,993.9581,995.1439,-8.698,-0.303,-0.921,0.065114,-0.697298,-0.115293,-0.704446,img_135.jpg
39556,1280,720,640.598,337.0768,993.9581,995.1439,-8.775,-0.304,-0.908,0.076769,-0.710682,-0.108227,-0.690886,img_136.jpg
39628,1280,720,640.598,337.0768,993.9581,995.1439,-8.897,-0.295,-0.898,0.130571,-0.725544,-0.101022,-0.668081,img_137.jpg
39700,1280,720,640.598,337.0768,993.9581,995.1439,-8.976,-0.294,-0.893,0.134192,-0.710912,-0.105057,-0.682320,img_138.jpg
39767,1280,720,640.598,337.0768,993.9581,995.1439,-9.056,-0.294,-0.890,0.127135,-0.701949,-0.100425,-0.693556,img_139.jpg
39850,1280,720,640.598,337.0768,993.9581,995.1439,-9.132,-0.296,-0.882,0.114882,-0.685337,-0.100193,-0.712093,img_140.jpg
39926,1280,720,640.598,337.0768,993.9581,995.1439,-9.252,-0.306,-0.882,0.111492,-0.678543,-0.093935,-0.719948,img_141.jpg
40016,1280,720,640.598,337.0768,993.9581,995.1439,-9.337,-0.310,-0.879,0.098626,-0.678116,-0.089753,-0.722756,img_142.jpg
40092,1280,720,640.598,337.0768,993.9581,995.1439,-9.418,-0.312,-0.878,0.093070,-0.677676,-0.086318,-0.724322,img_143.jpg
40172,1280,720,640.598,337.0768,993.9581,995.1439,-9.543,-0.296,-0.882,0.097552,-0.674560,-0.076787,-0.727706,img_144.jpg
40267,1280,720,640.598,337.0768,993.9581,995.1439,-9.660,-0.290,-0.877,0.098979,-0.673217,-0.080877,-0.728314,img_145.jpg
40350,1280,720,640.598,337.0768,993.9581,995.1439,-9.745,-0.291,-0.865,0.104878,-0.673431,-0.091938,-0.725974,img_146.jpg
40430,1280,720,640.598,337.0768,993.9581,995.1439,-9.863,-0.305,-0.845,0.101662,-0.676030,-0.109231,-0.721607,img_147.jpg
40517,1280,720,640.598,337.0768,993.9581,995.1439,-9.943,-0.316,-0.828,0.094243,-0.675147,-0.115695,-0.722433,img_148.jpg
40591,1280,720,640.598,337.0768,993.9581,995.1439,-10.060,-0.329,-0.809,0.091684,-0.673118,-0.111727,-0.725274,img_149.jpg
40667,1280,720,640.598,337.0768,993.9581,995.1439,-10.145,-0.331,-0.797,0.085844,-0.669029,-0.104610,-0.730814,img_150.jpg
40749,1280,720,640.598,337.0768,993.9581,995.1439,-10.219,-0.327,-0.788,0.094776,-0.653197,-0.103246,-0.744104,img_151.jpg
40825,1280,720,640.598,337.0768,993.9581,995.1439,-10.327,-0.321,-0.780,0.102623,-0.647802,-0.111353,-0.746607,img_152.jpg
40916,1280,720,640.598,337.0768,993.9581,995.1439,-10.398,-0.322,-0.779,0.105207,-0.642268,-0.112931,-0.750780,img_153.jpg
40996,1280,720,640.598,337.0768,993.9581,995.1439,-10.503,-0.326,-0.782,0.118414,-0.631226,-0.108274,-0.758821,img_154.jpg
41086,1280,720,640.598,337.0768,993.9581,995.1439,-10.596,-0.329,-0.781,0.114107,-0.632625,-0.099598,-0.759504,img_155.jpg
41161,1280,720,640.598,337.0768,993.9581,995.1439,-10.700,-0.332,-0.789,0.104732,-0.642822,-0.084426,-0.754111,img_156.jpg
41249,1280,720,640.598,337.0768,993.9581,995.1439,-10.791,-0.334,-0.799,0.109574,-0.642017,-0.085776,-0.753957,img_157.jpg
41324,1280,720,640.598,337.0768,993.9581,995.1439,-10.902,-0.327,-0.816,0.120823,-0.639432,-0.083971,-0.754637,img_158.jpg
41416,1280,720,640.598,337.0768,993.9581,995.1439,-10.976,-0.321,-0.828,0.134822,-0.637520,-0.082834,-0.754009,img_159.jpg
41488,1280,720,640.598,337.0768,993.9581,995.1439,-11.048,-0.319,-0.832,0.146595,-0.634497,-0.091218,-0.753394,img_160.jpg
41563,1280,720,640.598,337.0768,993.9581,995.1439,-11.161,-0.319,-0.826,0.122465,-0.644269,-0.115648,-0.746020,img_161.jpg
41649,1280,720,640.598,337.0768,993.9581,995.1439,-11.235,-0.323,-0.826,0.113250,-0.656451,-0.123691,-0.735491,img_162.jpg
41725,1280,720,640.598,337.0768,993.9581,995.1439,-11.354,-0.333,-0.824,0.094827,-0.669309,-0.123627,-0.726464,img_163.jpg
41815,1280,720,640.598,337.0768,993.9581,995.1439,-11.427,-0.335,-0.823,0.092491,-0.675025,-0.118785,-0.722272,img_164.jpg
41891,1280,720,640.598,337.0768,993.9581,995.1439,-11.543,-0.330,-0.821,0.108048,-0.674979,-0.130400,-0.718140,img_165.jpg
41985,1280,720,640.598,337.0768,993.9581,995.1439,-11.599,-0.320,-0.821,0.106587,-0.683826,-0.123651,-0.711148,img_166.jpg
42058,1280,720,640.598,337.0768,993.9581,995.1439,-11.702,-0.313,-0.826,0.101023,-0.681579,-0.123168,-0.714195,img_167.jpg
42149,1280,720,640.598,337.0768,993.9581,995.1439,-11.774,-0.312,-0.835,0.111877,-0.681084,-0.112341,-0.714834,img_168.jpg
42224,1280,720,640.598,337.0768,993.9581,995.1439,-11.885,-0.320,-0.847,0.107813,-0.679646,-0.106346,-0.717738,img_169.jpg
42315,1280,720,640.598,337.0768,993.9581,995.1439,-11.966,-0.328,-0.857,0.105349,-0.685550,-0.102275,-0.713066,img_170.jpg
42389,1280,720,640.598,337.0768,993.9581,995.1439,-12.040,-0.331,-0.868,0.097621,-0.690960,-0.100776,-0.709146,img_171.jpg
42483,1280,720,640.598,337.0768,993.9581,995.1439,-12.170,-0.325,-0.882,0.104459,-0.692727,-0.103366,-0.706069,img_172.jpg
42556,1280,720,640.598,337.0768,993.9581,995.1439,-12.262,-0.315,-0.889,0.122232,-0.695355,-0.104964,-0.700374,img_173.jpg
42636,1280,720,640.598,337.0768,993.9581,995.1439,-12.386,-0.306,-0.893,0.120985,-0.695794,-0.116829,-0.698273,img_174.jpg
42714,1280,720,640.598,337.0768,993.9581,995.1439,-12.463,-0.303,-0.895,0.131399,-0.698606,-0.118458,-0.693291,img_175.jpg
42796,1280,720,640.598,337.0768,993.9581,995.1439,-12.586,-0.311,-0.897,0.119543,-0.699351,-0.126286,-0.693304,img_176.jpg
42883,1280,720,640.598,337.0768,993.9581,995.1439,-12.667,-0.320,-0.895,0.111160,-0.699898,-0.130757,-0.693317,img_177.jpg
42959,1280,720,640.598,337.0768,993.9581,995.1439,-12.774,-0.328,-0.892,0.126117,-0.707602,-0.128026,-0.683376,img_178.jpg
43048,1280,720,640.598,337.0768,993.9581,995.1439,-12.868,-0.328,-0.891,0.118785,-0.705465,-0.124160,-0.687600,img_179.jpg
43125,1280,720,640.598,337.0768,993.9581,995.1439,-12.990,-0.316,-0.890,0.124927,-0.697972,-0.124505,-0.694065,img_180.jpg
43214,1280,720,640.598,337.0768,993.9581,995.1439,-13.063,-0.310,-0.888,0.105571,-0.693977,-0.123403,-0.701443,img_181.jpg
43288,1280,720,640.598,337.0768,993.9581,995.1439,-13.123,-0.307,-0.887,0.108579,-0.688981,-0.123537,-0.705871,img_182.jpg
43365,1280,720,640.598,337.0768,993.9581,995.1439,-13.247,-0.317,-0.892,0.121195,-0.682232,-0.118096,-0.711284,img_183.jpg
43464,1280,720,640.598,337.0768,993.9581,995.1439,-13.380,-0.327,-0.900,0.111934,-0.684577,-0.107427,-0.712239,img_184.jpg
43548,1280,720,640.598,337.0768,993.9581,995.1439,-13.459,-0.329,-0.904,0.102181,-0.691178,-0.100332,-0.708354,img_185.jpg
43627,1280,720,640.598,337.0768,993.9581,995.1439,-13.592,-0.328,-0.910,0.093269,-0.690418,-0.100230,-0.710337,img_186.jpg
43714,1280,720,640.598,337.0768,993.9581,995.1439,-13.676,-0.320,-0.924,0.104754,-0.690492,-0.098452,-0.708910,img_187.jpg
43793,1280,720,640.598,337.0768,993.9581,995.1439,-13.793,-0.308,-0.926,0.097072,-0.691037,-0.098437,-0.709475,img_188.jpg
43882,1280,720,640.598,337.0768,993.9581,995.1439,-13.875,-0.305,-0.926,0.101657,-0.691875,-0.098154,-0.708054,img_189.jpg
43957,1280,720,640.598,337.0768,993.9581,995.1439,-14.003,-0.311,-0.926,0.095994,-0.690626,-0.101176,-0.709637,img_190.jpg
44047,1280,720,640.598,337.0768,993.9581,995.1439,-14.084,-0.317,-0.925,0.084671,-0.691183,-0.099038,-0.710836,img_191.jpg
44120,1280,720,640.598,337.0768,993.9581,995.1439,-14.208,-0.324,-0.922,0.078333,-0.684452,-0.093591,-0.718770,img_192.jpg
44198,1280,720,640.598,337.0768,993.9581,995.1439,-14.290,-0.325,-0.917,0.073648,-0.679738,-0.094227,-0.723639,img_193.jpg
44281,1280,720,640.598,337.0768,993.9581,995.1439,-14.368,-0.322,-0.911,0.074648,-0.674640,-0.100487,-0.727455,img_194.jpg
44354,1280,720,640.598,337.0768,993.9581,995.1439,-14.475,-0.316,-0.901,0.079703,-0.674956,-0.105480,-0.725918,img_195.jpg
44447,1280,720,640.598,337.0768,993.9581,995.1439,-14.564,-0.315,-0.901,0.078291,-0.677656,-0.101805,-0.724078,img_196.jpg
44531,1280,720,640.598,337.0768,993.9581,995.1439,-14.681,-0.323,-0.899,0.084882,-0.675037,-0.095989,-0.726571,img_197.jpg
44614,1280,720,640.598,337.0768,993.9581,995.1439,-14.754,-0.328,-0.902,0.082413,-0.675865,-0.089975,-0.726856,img_198.jpg
44689,1280,720,640.598,337.0768,993.9581,995.1439,-14.889,-0.332,-0.903,0.079022,-0.679631,-0.083592,-0.724479,img_199.jpg
44781,1280,720,640.598,337.0768,993.9581,995.1439,-14.974,-0.326,-0.905,0.079767,-0.681570,-0.081180,-0.722848,img_200.jpg
44857,1280,720,640.598,337.0768,993.9581,995.1439,-15.106,-0.313,-0.910,0.093302,-0.683837,-0.078177,-0.719410,img_201.jpg
44949,1280,720,640.598,337.0768,993.9581,995.1439,-15.180,-0.306,-0.906,0.085951,-0.683155,-0.086891,-0.719973,img_202.jpg
45024,1280,720,640.598,337.0768,993.9581,995.1439,-15.303,-0.310,-0.900,0.097168,-0.685755,-0.100730,-0.714249,img_203.jpg
45113,1280,720,640.598,337.0768,993.9581,995.1439,-15.385,-0.319,-0.892,0.092475,-0.688643,-0.111110,-0.710545,img_204.jpg
45190,1280,720,640.598,337.0768,993.9581,995.1439,-15.514,-0.331,-0.879,0.084758,-0.691992,-0.103982,-0.709332,img_205.jpg
45264,1280,720,640.598,337.0768,993.9581,995.1439,-15.611,-0.332,-0.869,0.082288,-0.692713,-0.092593,-0.710496,img_206.jpg
45346,1280,720,640.598,337.0768,993.9581,995.1439,-15.699,-0.331,-0.859,0.075754,-0.692764,-0.092278,-0.711213,img_207.jpg
45418,1280,720,640.598,337.0768,993.9581,995.1439,-15.816,-0.321,-0.846,0.093420,-0.694668,-0.097632,-0.706524,img_208.jpg
45496,1280,720,640.598,337.0768,993.9581,995.1439,-15.889,-0.317,-0.839,0.077991,-0.692326,-0.104565,-0.709696,img_209.jpg
45564,1280,720,640.598,337.0768,993.9581,995.1439,-15.962,-0.315,-0.840,0.084107,-0.689827,-0.102953,-0.711664,img_210.jpg
45646,1280,720,640.598,337.0768,993.9581,995.1439,-16.028,-0.320,-0.843,0.093184,-0.682457,-0.100870,-0.717910,img_211.jpg
45718,1280,720,640.598,337.0768,993.9581,995.1439,-16.118,-0.329,-0.844,0.098400,-0.681001,-0.097784,-0.719023,img_212.jpg
45787,1280,720,640.598,337.0768,993.9581,995.1439,-16.243,-0.337,-0.847,0.083335,-0.684682,-0.092729,-0.718100,img_213.jpg
45864,1280,720,640.598,337.0768,993.9581,995.1439,-16.320,-0.338,-0.854,0.080458,-0.686487,-0.088737,-0.717209,img_214.jpg
45946,1280,720,640.598,337.0768,993.9581,995.1439,-16.409,-0.330,-0.861,0.084680,-0.682556,-0.088426,-0.720505,img_215.jpg
46019,1280,720,640.598,337.0768,993.9581,995.1439,-16.532,-0.315,-0.867,0.092345,-0.682943,-0.080236,-0.720155,img_216.jpg
46096,1280,720,640.598,337.0768,993.9581,995.1439,-16.615,-0.309,-0.866,0.093559,-0.678135,-0.089385,-0.723457,img_217.jpg
46180,1280,720,640.598,337.0768,993.9581,995.1439,-16.686,-0.307,-0.865,0.100786,-0.680663,-0.094206,-0.719490,img_218.jpg
46250,1280,720,640.598,337.0768,993.9581,995.1439,-16.754,-0.309,-0.860,0.098538,-0.685704,-0.103307,-0.713742,img_219.jpg
46327,1280,720,640.598,337.0768,993.9581,995.1439,-16.872,-0.322,-0.846,0.081043,-0.691771,-0.110286,-0.709029,img_220.jpg
46412,1280,720,640.598,337.0768,993.9581,995.1439,-16.946,-0.327,-0.841,0.092262,-0.696432,-0.109489,-0.703195,img_221.jpg
46484,1280,720,640.598,337.0768,993.9581,995.1439,-17.021,-0.324,-0.832,0.088807,-0.699812,-0.106192,-0.700786,img_222.jpg
46560,1280,720,640.598,337.0768,993.9581,995.1439,-17.139,-0.312,-0.822,0.099261,-0.694111,-0.107960,-0.704771,img_223.jpg
46646,1280,720,640.598,337.0768,993.9581,995.1439,-17.214,-0.305,-0.817,0.090721,-0.691468,-0.109429,-0.708284,img_224.jpg
46724,1280,720,640.598,337.0768,993.9581,995.1439,-17.323,-0.305,-0.819,0.097466,-0.684832,-0.107967,-0.714036,img_225.jpg
46811,1280,720,640.598,337.0768,993.9581,995.1439,-17.400,-0.311,-0.821,0.096408,-0.676544,-0.105603,-0.722387,img_226.jpg
46887,1280,720,640.598,337.0768,993.9581,995.1439,-17.522,-0.323,-0.824,0.095255,-0.677703,-0.097088,-0.722647,img_227.jpg
46963,1280,720,640.598,337.0768,993.9581,995.1439,-17.592,-0.329,-0.825,0.092013,-0.682306,-0.099717,-0.718365,img_228.jpg
47051,1280,720,640.598,337.0768,993.9581,995.1439,-17.716,-0.326,-0.831,0.102476,-0.688702,-0.105502,-0.709971,img_229.jpg
47146,1280,720,640.598,337.0768,993.9581,995.1439,-17.792,-0.317,-0.834,0.118706,-0.690812,-0.106917,-0.705164,img_230.jpg
47220,1280,720,640.598,337.0768,993.9581,995.1439,-17.908,-0.311,-0.830,0.115395,-0.691119,-0.115040,-0.704134,img_231.jpg
47311,1280,720,640.598,337.0768,993.9581,995.1439,-17.986,-0.309,-0.823,0.126332,-0.696577,-0.116467,-0.696604,img_232.jpg
47382,1280,720,640.598,337.0768,993.9581,995.1439,-18.058,-0.314,-0.813,0.120289,-0.699896,-0.122102,-0.693374,img_233.jpg
47456,1280,720,640.598,337.0768,993.9581,995.1439,-18.176,-0.331,-0.796,0.106471,-0.703326,-0.123788,-0.691862,img_234.jpg
47545,1280,720,640.598,337.0768,993.9581,995.1439,-18.265,-0.338,-0.785,0.102779,-0.700258,-0.121233,-0.695973,img_235.jpg
47620,1280,720,640.598,337.0768,993.9581,995.1439,-18.390,-0.337,-0.766,0.094960,-0.690407,-0.135149,-0.704312,img_236.jpg
47695,1280,720,640.598,337.0768,993.9581,995.1439,-18.462,-0.326,-0.760,0.112609,-0.688675,-0.133992,-0.703628,img_237.jpg
47779,1280,720,640.598,337.0768,993.9581,995.1439,-18.508,-0.321,-0.749,0.101442,-0.689731,-0.134037,-0.704283,img_238.jpg
47861,1280,720,640.598,337.0768,993.9581,995.1439,-18.605,-0.324,-0.736,0.103129,-0.683258,-0.137249,-0.709708,img_239.jpg
47945,1280,720,640.598,337.0768,993.9581,995.1439,-18.675,-0.327,-0.732,0.103883,-0.679694,-0.130311,-0.714313,img_240.jpg
48017,1280,720,640.598,337.0768,993.9581,995.1439,-18.793,-0.334,-0.728,0.106384,-0.678250,-0.118491,-0.717369,img_241.jpg
48095,1280,720,640.598,337.0768,993.9581,995.1439,-18.873,-0.341,-0.725,0.104103,-0.678798,-0.116698,-0.717480,img_242.jpg
48161,1280,720,640.598,337.0768,993.9581,995.1439,-18.949,-0.344,-0.725,0.109744,-0.676894,-0.119393,-0.717994,img_243.jpg
48244,1280,720,640.598,337.0768,993.9581,995.1439,-19.031,-0.340,-0.725,0.125118,-0.674456,-0.118833,-0.717867,img_244.jpg
48315,1280,720,640.598,337.0768,993.9581,995.1439,-19.104,-0.333,-0.727,0.130703,-0.671977,-0.114152,-0.719954,img_245.jpg
48390,1280,720,640.598,337.0768,993.9581,995.1439,-19.211,-0.326,-0.724,0.140800,-0.663752,-0.116998,-0.725203,img_246.jpg
48480,1280,720,640.598,337.0768,993.9581,995.1439,-19.289,-0.323,-0.716,0.139108,-0.663186,-0.120104,-0.725540,img_247.jpg
48552,1280,720,640.598,337.0768,993.9581,995.1439,-19.386,-0.323,-0.704,0.123268,-0.665981,-0.127062,-0.724659,img_248.jpg
48644,1280,720,640.598,337.0768,993.9581,995.1439,-19.463,-0.329,-0.695,0.113688,-0.666839,-0.125351,-0.725732,img_249.jpg
48713,1280,720,640.598,337.0768,993.9581,995.1439,-19.540,-0.331,-0.688,0.109255,-0.669682,-0.116303,-0.725302,img_250.jpg
48778,1280,720,640.598,337.0768,993.9581,995.1439,-19.613,-0.330,-0.679,0.110615,-0.678036,-0.103504,-0.719249,img_251.jpg
48846,1280,720,640.598,337.0768,993.9581,995.1439,-19.726,-0.321,-0.667,0.114807,-0.670384,-0.110490,-0.724705,img_252.jpg
48927,1280,720,640.598,337.0768,993.9581,995.1439,-19.793,-0.312,-0.667,0.123097,-0.668230,-0.103444,-0.726371,img_253.jpg
49009,1280,720,640.598,337.0768,993.9581,995.1439,-19.859,-0.311,-0.666,0.102764,-0.654399,-0.113533,-0.740481,img_254.jpg
49080,1280,720,640.598,337.0768,993.9581,995.1439,-19.926,-0.313,-0.671,0.116706,-0.652025,-0.114410,-0.740374,img_255.jpg
49152,1280,720,640.598,337.0768,993.9581,995.1439,-20.031,-0.319,-0.678,0.125712,-0.652808,-0.111072,-0.738716,img_256.jpg
49243,1280,720,640.598,337.0768,993.9581,995.1439,-20.105,-0.326,-0.681,0.124909,-0.671078,-0.111950,-0.722162,img_257.jpg
49316,1280,720,640.598,337.0768,993.9581,995.1439,-20.226,-0.331,-0.691,0.121778,-0.700156,-0.112907,-0.694409,img_258.jpg
49393,1280,720,640.598,337.0768,993.9581,995.1439,-20.308,-0.330,-0.702,0.129859,-0.711517,-0.119256,-0.680190,img_259.jpg
49478,1280,720,640.598,337.0768,993.9581,995.1439,-20.374,-0.321,-0.717,0.126635,-0.715684,-0.122546,-0.675827,img_260.jpg
49550,1280,720,640.598,337.0768,993.9581,995.1439,-20.467,-0.307,-0.738,0.122644,-0.728635,-0.114933,-0.663958,img_261.jpg
49643,1280,720,640.598,337.0768,993.9581,995.1439,-20.541,-0.307,-0.749,0.145511,-0.731097,-0.116927,-0.656241,img_262.jpg
49717,1280,720,640.598,337.0768,993.9581,995.1439,-20.646,-0.313,-0.767,0.144720,-0.728795,-0.128526,-0.656807,img_263.jpg
49809,1280,720,640.598,337.0768,993.9581,995.1439,-20.711,-0.319,-0.780,0.143121,-0.733614,-0.131388,-0.651202,img_264.jpg
49882,1280,720,640.598,337.0768,993.9581,995.1439,-20.788,-0.328,-0.787,0.134021,-0.732311,-0.130622,-0.654749,img_265.jpg
49953,1280,720,640.598,337.0768,993.9581,995.1439,-20.889,-0.332,-0.807,0.135884,-0.738838,-0.123581,-0.648368,img_266.jpg
50043,1280,720,640.598,337.0768,993.9581,995.1439,-20.964,-0.331,-0.813,0.145188,-0.736914,-0.133709,-0.646530,img_267.jpg
50116,1280,720,640.598,337.0768,993.9581,995.1439,-21.057,-0.315,-0.825,0.133621,-0.746137,-0.137950,-0.637491,img_268.jpg
50193,1280,720,640.598,337.0768,993.9581,995.1439,-21.119,-0.310,-0.836,0.132319,-0.744199,-0.139154,-0.639763,img_269.jpg
50277,1280,720,640.598,337.0768,993.9581,995.1439,-21.175,-0.306,-0.854,0.136263,-0.741064,-0.130328,-0.644415,img_270.jpg
50349,1280,720,640.598,337.0768,993.9581,995.1439,-21.250,-0.307,-0.871,0.142965,-0.738375,-0.119155,-0.648202,img_271.jpg
50425,1280,720,640.598,337.0768,993.9581,995.1439,-21.370,-0.318,-0.895,0.135208,-0.740939,-0.111793,-0.648252,img_272.jpg
50509,1280,720,640.598,337.0768,993.9581,995.1439,-21.443,-0.322,-0.910,0.125728,-0.750261,-0.111371,-0.639451,img_273.jpg
50580,1280,720,640.598,337.0768,993.9581,995.1439,-21.527,-0.318,-0.920,0.113738,-0.758624,-0.113382,-0.631425,img_274.jpg
50656,1280,720,640.598,337.0768,993.9581,995.1439,-21.641,-0.304,-0.934,0.116791,-0.772963,-0.114873,-0.612938,img_275.jpg
50742,1280,720,640.598,337.0768,993.9581,995.1439,-21.701,-0.294,-0.941,0.099480,-0.786509,-0.116158,-0.598344,img_276.jpg
50818,1280,720,640.598,337.0768,993.9581,995.1439,-21.774,-0.290,-0.947,0.101449,-0.793677,-0.120998,-0.587490,img_277.jpg
50896,1280,720,640.598,337.0768,993.9581,995.1439,-21.880,-0.288,-0.950,0.106635,-0.808755,-0.120805,-0.565642,img_278.jpg
50979,1280,720,640.598,337.0768,993.9581,995.1439,-21.957,-0.296,-0.948,0.096033,-0.819137,-0.126238,-0.551232,img_279.jpg
51059,1280,720,640.598,337.0768,993.9581,995.1439,-22.070,-0.309,-0.942,0.077774,-0.831817,-0.131330,-0.533651,img_280.jpg
51159,1280,720,640.598,337.0768,993.9581,995.1439,-22.176,-0.313,-0.936,0.063607,-0.839582,-0.134263,-0.522522,img_281.jpg
51242,1280,720,640.598,337.0768,993.9581,995.1439,-22.255,-0.312,-0.931,0.068010,-0.837095,-0.144290,-0.523286,img_282.jpg
51318,1280,720,640.598,337.0768,993.9581,995.1439,-22.353,-0.303,-0.916,0.059609,-0.849945,-0.145708,-0.502802,img_283.jpg
51408,1280,720,640.598,337.0768,993.9581,995.1439,-22.422,-0.304,-0.907,0.058196,-0.856719,-0.149277,-0.490267,img_284.jpg
51493,1280,720,640.598,337.0768,993.9581,995.1439,-22.527,-0.310,-0.887,0.069459,-0.863723,-0.149143,-0.476356,img_285.jpg
51576,1280,720,640.598,337.0768,993.9581,995.1439,-22.607,-0.318,-0.873,0.073872,-0.875583,-0.144990,-0.454835,img_286.jpg
51652,1280,720,640.598,337.0768,993.9581,995.1439,-22.713,-0.330,-0.847,0.056343,-0.892969,-0.144554,-0.422537,img_287.jpg
51742,1280,720,640.598,337.0768,993.9581,995.1439,-22.784,-0.332,-0.833,0.051184,-0.900810,-0.144815,-0.406142,img_288.jpg
51825,1280,720,640.598,337.0768,993.9581,995.1439,-22.860,-0.327,-0.818,0.066591,-0.915399,-0.144233,-0.369875,img_289.jpg
51899,1280,720,640.598,337.0768,993.9581,995.1439,-22.968,-0.311,-0.777,0.066364,-0.922163,-0.153515,-0.348775,img_290.jpg
51993,1280,720,640.598,337.0768,993.9581,995.1439,-23.062,-0.302,-0.732,0.078113,-0.932932,-0.152071,-0.316875,img_291.jpg
52076,1280,720,640.598,337.0768,993.9581,995.1439,-23.128,-0.307,-0.696,0.078793,-0.939090,-0.155649,-0.296100,img_292.jpg
52150,1280,720,640.598,337.0768,993.9581,995.1439,-23.235,-0.325,-0.634,0.066720,-0.946705,-0.160448,-0.271209,img_293.jpg
52241,1280,720,640.598,337.0768,993.9581,995.1439,-23.282,-0.336,-0.588,0.064362,-0.949928,-0.159813,-0.260681,img_294.jpg
52318,1280,720,640.598,337.0768,993.9581,995.1439,-23.368,-0.345,-0.512,-0.049027,0.954044,0.160839,0.248048,img_295.jpg
52409,1280,720,640.598,337.0768,993.9581,995.1439,-23.433,-0.340,-0.463,-0.051026,0.952011,0.176586,0.244721,img_296.jpg
52485,1280,720,640.598,337.0768,993.9581,995.1439,-23.504,-0.331,-0.390,-0.044230,0.958993,0.172002,0.220888,img_297.jpg
52575,1280,720,640.598,337.0768,993.9581,995.1439,-23.541,-0.329,-0.340,-0.042383,0.961674,0.175060,0.206739,img_298.jpg
52658,1280,720,640.598,337.0768,993.9581,995.1439,-23.590,-0.329,-0.264,-0.049983,0.966081,0.172677,0.185399,img_299.jpg
52741,1280,720,640.598,337.0768,993.9581,995.1439,-23.638,-0.333,-0.205,-0.043672,0.969611,0.168376,0.172037,img_300.jpg
52817,1280,720,640.598,337.0768,993.9581,995.1439,-23.713,-0.336,-0.112,-0.038098,0.974535,0.164512,0.147533,img_301.jpg
52907,1280,720,640.598,337.0768,993.9581,995.1439,-23.758,-0.334,-0.051,-0.035188,0.977112,0.165632,0.128761,img_302.jpg
52978,1280,720,640.598,337.0768,993.9581,995.1439,-23.802,-0.331,0.013,-0.016623,0.977643,0.168733,0.124369,img_303.jpg
53049,1280,720,640.598,337.0768,993.9581,995.1439,-23.850,-0.320,0.103,-0.008775,0.981596,0.160401,0.103270,img_304.jpg
53141,1280,720,640.598,337.0768,993.9581,995.1439,-23.881,-0.315,0.166,-0.019618,0.981933,0.167185,0.086439,img_305.jpg
53215,1280,720,640.598,337.0768,993.9581,995.1439,-23.922,-0.319,0.263,-0.015960,0.982722,0.174062,0.060867,img_306.jpg
53307,1280,720,640.598,337.0768,993.9581,995.1439,-23.941,-0.327,0.329,-0.007322,0.982752,0.177475,0.051460,img_307.jpg
53381,1280,720,640.598,337.0768,993.9581,995.1439,-23.952,-0.335,0.389,-0.009863,0.983514,0.175291,0.043324,img_308.jpg
53457,1280,720,640.598,337.0768,993.9581,995.1439,-23.969,-0.347,0.498,-0.015683,0.983254,0.177722,0.037145,img_309.jpg
53541,1280,720,640.598,337.0768,993.9581,995.1439,-23.976,-0.348,0.574,-0.005936,0.983495,0.177286,0.035668,img_310.jpg
53620,1280,720,640.598,337.0768,993.9581,995.1439,-23.985,-0.343,0.677,-0.012385,0.981978,0.184208,0.040407,img_311.jpg
53707,1280,720,640.598,337.0768,993.9581,995.1439,-23.999,-0.340,0.749,-0.016853,0.982648,0.180573,0.038892,img_312.jpg
53778,1280,720,640.598,337.0768,993.9581,995.1439,-24.009,-0.341,0.817,-0.011603,0.981651,0.185245,0.043712,img_313.jpg
53847,1280,720,640.598,337.0768,993.9581,995.1439,-24.030,-0.349,0.926,-0.020801,0.981035,0.188301,0.040982,img_314.jpg
53940,1280,720,640.598,337.0768,993.9581,995.1439,-24.041,-0.356,0.991,-0.019234,0.981950,0.184647,0.036201,img_315.jpg
54016,1280,720,640.598,337.0768,993.9581,995.1439,-24.062,-0.361,1.102,-0.016387,0.984258,0.173983,0.026413,img_316.jpg
54107,1280,720,640.598,337.0768,993.9581,995.1439,-24.073,-0.362,1.173,-0.014419,0.985332,0.168989,0.018855,img_317.jpg
54182,1280,720,640.598,337.0768,993.9581,995.1439,-24.088,-0.362,1.287,-0.014573,0.983215,0.181850,0.002428,img_318.jpg
54275,1280,720,640.598,337.0768,993.9581,995.1439,-24.097,-0.363,1.354,-0.013029,0.982475,0.185792,-0.007310,img_319.jpg
54348,1280,720,640.598,337.0768,993.9581,995.1439,-24.107,-0.364,1.464,-0.017069,0.979607,0.199637,-0.014990,img_320.jpg
54440,1280,720,640.598,337.0768,993.9581,995.1439,-24.116,-0.366,1.545,-0.011965,0.978335,0.205475,-0.022294,img_321.jpg
54516,1280,720,640.598,337.0768,993.9581,995.1439,-24.116,-0.378,1.653,0.005167,0.977173,0.210358,-0.029265,img_322.jpg
54607,1280,720,640.598,337.0768,993.9581,995.1439,-24.117,-0.391,1.729,0.006669,0.976932,0.211240,-0.030619,img_323.jpg
54680,1280,720,640.598,337.0768,993.9581,995.1439,-24.114,-0.414,1.849,0.009389,0.976686,0.213092,-0.024244,img_324.jpg
54774,1280,720,640.598,337.0768,993.9581,995.1439,-24.112,-0.422,1.931,0.013306,0.974304,0.224501,-0.012430,img_325.jpg
54849,1280,720,640.598,337.0768,993.9581,995.1439,-24.116,-0.414,2.043,0.005664,0.973626,0.227993,0.006364,img_326.jpg
54922,1280,720,640.598,337.0768,993.9581,995.1439,-24.120,-0.408,2.115,0.002223,0.973339,0.228214,0.022892,img_327.jpg
55007,1280,720,640.598,337.0768,993.9581,995.1439,-24.130,-0.401,2.189,-0.007543,0.974823,0.219836,0.036535,img_328.jpg
55077,1280,720,640.598,337.0768,993.9581,995.1439,-24.144,-0.397,2.299,-0.020806,0.976233,0.207027,0.060630,img_329.jpg
55158,1280,720,640.598,337.0768,993.9581,995.1439,-24.149,-0.391,2.366,-0.023957,0.978323,0.191945,0.073942,img_330.jpg
55256,1280,720,640.598,337.0768,993.9581,995.1439,-24.164,-0.390,2.480,-0.028582,0.980474,0.177122,0.080510,img_331.jpg
55340,1280,720,640.598,337.0768,993.9581,995.1439,-24.176,-0.390,2.564,-0.028105,0.979349,0.178336,0.091004,img_332.jpg
55417,1280,720,640.598,337.0768,993.9581,995.1439,-24.198,-0.384,2.680,-0.042699,0.974001,0.191667,0.112973,img_333.jpg
55506,1280,720,640.598,337.0768,993.9581,995.1439,-24.213,-0.380,2.753,-0.040326,0.972694,0.186400,0.132268,img_334.jpg
55578,1280,720,640.598,337.0768,993.9581,995.1439,-24.228,-0.380,2.824,-0.045838,0.967361,0.196252,0.153614,img_335.jpg
55654,1280,720,640.598,337.0768,993.9581,995.1439,-24.253,-0.381,2.923,-0.048018,0.961339,0.195480,0.187905,img_336.jpg
55739,1280,720,640.598,337.0768,993.9581,995.1439,-24.269,-0.381,2.992,-0.047057,0.958768,0.188631,0.207288,img_337.jpg
55813,1280,720,640.598,337.0768,993.9581,995.1439,-24.300,-0.388,3.093,-0.047828,0.952661,0.175364,0.243714,img_338.jpg
55888,1280,720,640.598,337.0768,993.9581,995.1439,-24.322,-0.392,3.160,0.046059,-0.945906,-0.164918,-0.275576,img_339.jpg
55975,1280,720,640.598,337.0768,993.9581,995.1439,-24.349,-0.395,3.230,0.049819,-0.934272,-0.167717,-0.310685,img_340.jpg
56054,1280,720,640.598,337.0768,993.9581,995.1439,-24.396,-0.389,3.325,0.077787,-0.913232,-0.180787,-0.356753,img_341.jpg
56157,1280,720,640.598,337.0768,993.9581,995.1439,-24.439,-0.378,3.394,0.070158,-0.894749,-0.170710,-0.406645,img_342.jpg
56256,1280,720,640.598,337.0768,993.9581,995.1439,-24.491,-0.371,3.460,0.083620,-0.875440,-0.155314,-0.449989,img_343.jpg
56339,1280,720,640.598,337.0768,993.9581,995.1439,-24.529,-0.370,3.497,0.094265,-0.862831,-0.147906,-0.474089,img_344.jpg
56412,1280,720,640.598,337.0768,993.9581,995.1439,-24.589,-0.370,3.563,0.097922,-0.848683,-0.131843,-0.502759,img_345.jpg
56489,1280,720,640.598,337.0768,993.9581,995.1439,-24.632,-0.367,3.601,0.100817,-0.839526,-0.126219,-0.518749,img_346.jpg
56575,1280,720,640.598,337.0768,993.9581,995.1439,-24.680,-0.362,3.647,0.108903,-0.828819,-0.115005,-0.536631,img_347.jpg
56653,1280,720,640.598,337.0768,993.9581,995.1439,-24.746,-0.351,3.696,0.122319,-0.809299,-0.102352,-0.565330,img_348.jpg
56739,1280,720,640.598,337.0768,993.9581,995.1439,-24.789,-0.346,3.730,0.125007,-0.793423,-0.102328,-0.586841,img_349.jpg
56819,1280,720,640.598,337.0768,993.9581,995.1439,-24.844,-0.337,3.763,0.141902,-0.771774,-0.103090,-0.611229,img_350.jpg
56904,1280,720,640.598,337.0768,993.9581,995.1439,-24.881,-0.333,3.786,0.138109,-0.757525,-0.100707,-0.630031,img_351.jpg
56983,1280,720,640.598,337.0768,993.9581,995.1439,-24.941,-0.333,3.817,0.131163,-0.729386,-0.096844,-0.664390,img_352.jpg
57072,1280,720,640.598,337.0768,993.9581,995.1439,-24.982,-0.334,3.834,0.125924,-0.708278,-0.090103,-0.688743,img_353.jpg
57141,1280,720,640.598,337.0768,993.9581,995.1439,-25.031,-0.338,3.851,0.123670,-0.685842,-0.081282,-0.712545,img_354.jpg
57227,1280,720,640.598,337.0768,993.9581,995.1439,-25.100,-0.339,3.870,0.129039,-0.644250,-0.080077,-0.749586,img_355.jpg
57323,1280,720,640.598,337.0768,993.9581,995.1439,-25.158,-0.328,3.873,0.150115,-0.595887,-0.076259,-0.785219,img_356.jpg
57404,1280,720,640.598,337.0768,993.9581,995.1439,-25.189,-0.320,3.873,0.150410,-0.559397,-0.074254,-0.811750,img_357.jpg
57482,1280,720,640.598,337.0768,993.9581,995.1439,-25.211,-0.312,3.868,0.154690,-0.526679,-0.072087,-0.832757,img_358.jpg
57558,1280,720,640.598,337.0768,993.9581,995.1439,-25.230,-0.305,3.847,0.148545,-0.473764,-0.065372,-0.865568,img_359.jpg
57638,1280,720,640.598,337.0768,993.9581,995.1439,-25.228,-0.303,3.823,0.152238,-0.441345,-0.061579,-0.882183,img_360.jpg
57717,1280,720,640.598,337.0768,993.9581,995.1439,-25.238,-0.295,3.791,0.146840,-0.392183,-0.055922,-0.906368,img_361.jpg
57805,1280,720,640.598,337.0768,993.9581,995.1439,-25.242,-0.285,3.751,0.132567,-0.351922,-0.047362,-0.925383,img_362.jpg
57869,1280,720,640.598,337.0768,993.9581,995.1439,-25.254,-0.277,3.726,0.147931,-0.315127,-0.043549,-0.936437,img_363.jpg
57939,1280,720,640.598,337.0768,993.9581,995.1439,-25.265,-0.265,3.692,0.138128,-0.262150,-0.036683,-0.954386,img_364.jpg
58022,1280,720,640.598,337.0768,993.9581,995.1439,-25.273,-0.265,3.671,0.131219,-0.225505,-0.035972,-0.964694,img_365.jpg
58104,1280,720,640.598,337.0768,993.9581,995.1439,-25.278,-0.260,3.647,0.147294,-0.194769,-0.029533,-0.969277,img_366.jpg
58177,1280,720,640.598,337.0768,993.9581,995.1439,-25.304,-0.251,3.616,0.142910,-0.149371,-0.017637,-0.978240,img_367.jpg
58255,1280,720,640.598,337.0768,993.9581,995.1439,-25.311,-0.241,3.591,0.137080,-0.124449,-0.011645,-0.982642,img_368.jpg
58339,1280,720,640.598,337.0768,993.9581,995.1439,-25.322,-0.233,3.576,0.131562,-0.101843,-0.004994,-0.986050,img_369.jpg
58413,1280,720,640.598,337.0768,993.9581,995.1439,-25.341,-0.223,3.564,0.109650,-0.065421,-0.002171,-0.991813,img_370.jpg
58506,1280,720,640.598,337.0768,993.9581,995.1439,-25.360,-0.217,3.552,0.098847,-0.043251,-0.001796,-0.994161,img_371.jpg,marker_13.jpg,0.27391338,0.27391338,-25.443,-0.318,2.897,-0.694447,-0.005746,-0.008226,-0.008226
58585,1280,720,640.598,337.0768,993.9581,995.1439,-25.381,-0.211,3.538,0.105374,-0.021334,0.002487,-0.994201,img_372.jpg
58672,1280,720,640.598,337.0768,993.9581,995.1439,-25.396,-0.208,3.531,0.105181,-0.013780,0.006248,-0.994338,img_373.jpg
58746,1280,720,640.598,337.0768,993.9581,995.1439,-25.413,-0.206,3.519,0.098650,-0.003770,0.014922,-0.995003,img_374.jpg
58838,1280,720,640.598,337.0768,993.9581,995.1439,-25.422,-0.206,3.511,0.097703,0.001860,0.016022,-0.995085,img_375.jpg
58914,1280,720,640.598,337.0768,993.9581,995.1439,-25.433,-0.205,3.500,0.094731,0.008076,0.009572,-0.995424,img_376.jpg
59003,1280,720,640.598,337.0768,993.9581,995.1439,-25.439,-0.204,3.495,0.089539,0.010487,0.005664,-0.995912,img_377.jpg
59069,1280,720,640.598,337.0768,993.9581,995.1439,-25.444,-0.203,3.490,0.085648,0.013604,0.002259,-0.996230,img_378.jpg
59157,1280,720,640.598,337.0768,993.9581,995.1439,-25.446,-0.202,3.484,0.084442,0.018568,0.000474,-0.996255,img_379.jpg,marker_13.jpg,0.2711615,0.2711615,-25.449,-0.320,2.892,-0.712224,-0.019082,0.016514,0.016514
59238,1280,720,640.598,337.0768,993.9581,995.1439,-25.447,-0.202,3.482,0.084538,0.020822,-0.001312,-0.996202,img_380.jpg
59321,1280,720,640.598,337.0768,993.9581,995.1439,-25.444,-0.205,3.482,0.092717,0.022683,-0.000801,-0.995434,img_381.jpg
59403,1280,720,640.598,337.0768,993.9581,995.1439,-25.435,-0.210,3.485,0.105695,0.026905,0.004634,-0.994024,img_382.jpg
59476,1280,720,640.598,337.0768,993.9581,995.1439,-25.407,-0.220,3.498,0.122460,0.036627,0.019349,-0.991609,img_383.jpg
59557,1280,720,640.598,337.0768,993.9581,995.1439,-25.380,-0.226,3.512,0.129380,0.049065,0.023920,-0.990092,img_384.jpg
59638,1280,720,640.598,337.0768,993.9581,995.1439,-25.347,-0.230,3.527,0.133482,0.064645,0.023753,-0.988655,img_385.jpg
59708,1280,720,640.598,337.0768,993.9581,995.1439,-25.285,-0.238,3.550,0.136853,0.088294,0.028563,-0.986235,img_386.jpg
59789,1280,720,640.598,337.0768,993.9581,995.1439,-25.236,-0.243,3.565,0.143202,0.104292,0.031649,-0.983674,img_387.jpg
59873,1280,720,640.598,337.0768,993.9581,995.1439,-25.184,-0.247,3.585,0.148037,0.118088,0.032829,-0.981358,img_388.jpg
59948,1280,720,640.598,337.0768,993.9581,995.1439,-25.104,-0.255,3.606,0.156549,0.136265,0.028012,-0.977824,img_389.jpg
60037,1280,720,640.598,337.0768,993.9581,995.1439,-25.052,-0.260,3.616,0.172596,0.148859,0.028430,-0.973264,img_390.jpg
60114,1280,720,640.598,337.0768,993.9581,995.1439,-24.979,-0.267,3.624,0.189036,0.168133,0.034874,-0.966840,img_391.jpg
60203,1280,720,640.598,337.0768,993.9581,995.1439,-24.933,-0.270,3.624,0.193060,0.178046,0.043211,-0.963930,img_392.jpg
60288,1280,720,640.598,337.0768,993.9581,995.1439,-24.864,-0.276,3.613,0.189583,0.197054,0.053692,-0.960388,img_393.jpg
60372,1280,720,640.598,337.0768,993.9581,995.1439,-24.819,-0.281,3.599,0.182063,0.205861,0.060089,-0.959616,img_394.jpg
60447,1280,720,640.598,337.0768,993.9581,995.1439,-24.750,-0.290,3.567,0.174182,0.207952,0.061967,-0.960509,img_395.jpg
60537,1280,720,640.598,337.0768,993.9581,995.1439,-24.707,-0.296,3.536,0.176877,0.199673,0.057998,-0.962020,img_396.jpg
60615,1280,720,640.598,337.0768,993.9581,995.1439,-24.667,-0.299,3.502,0.165274,0.198421,0.042929,-0.965127,img_397.jpg
60692,1280,720,640.598,337.0768,993.9581,995.1439,-24.609,-0.300,3.443,0.181896,0.194095,0.042211,-0.963047,img_398.jpg
60771,1280,720,640.598,337.0768,993.9581,995.1439,-24.575,-0.295,3.400,0.185985,0.188669,0.041674,-0.963367,img_399.jpg
60840,1280,720,640.598,337.0768,993.9581,995.1439,-24.530,-0.291,3.336,0.176723,0.177610,0.039304,-0.967305,img_400.jpg
60920,1280,720,640.598,337.0768,993.9581,995.1439,-24.497,-0.291,3.291,0.173635,0.166827,0.045103,-0.969528,img_401.jpg
61003,1280,720,640.598,337.0768,993.9581,995.1439,-24.464,-0.295,3.240,0.167738,0.156806,0.050113,-0.971990,img_402.jpg
61068,1280,720,640.598,337.0768,993.9581,995.1439,-24.429,-0.299,3.189,0.164374,0.144727,0.053514,-0.974255,img_403.jpg
61139,1280,720,640.598,337.0768,993.9581,995.1439,-24.392,-0.306,3.133,0.162210,0.132476,0.049805,-0.976554,img_404.jpg
61211,1280,720,640.598,337.0768,993.9581,995.1439,-24.330,-0.310,3.049,0.155461,0.119632,0.042879,-0.979633,img_405.jpg
61286,1280,720,640.598,337.0768,993.9581,995.1439,-24.291,-0.305,2.992,0.155984,0.107633,0.044743,-0.980858,img_406.jpg
61370,1280,720,640.598,337.0768,993.9581,995.1439,-24.248,-0.291,2.940,0.162572,0.102719,0.047400,-0.980190,img_407.jpg
61441,1280,720,640.598,337.0768,993.9581,995.1439,-24.208,-0.281,2.850,0.154888,0.091247,0.038739,-0.982946,img_408.jpg
61536,1280,720,640.598,337.0768,993.9581,995.1439,-24.190,-0.278,2.785,0.164002,0.085197,0.042602,-0.981850,img_409.jpg
61611,1280,720,640.598,337.0768,993.9581,995.1439,-24.169,-0.282,2.690,0.175527,0.077834,0.038480,-0.980638,img_410.jpg
61703,1280,720,640.598,337.0768,993.9581,995.1439,-24.159,-0.292,2.623,0.170108,0.065044,0.027594,-0.982889,img_411.jpg
61774,1280,720,640.598,337.0768,993.9581,995.1439,-24.147,-0.304,2.521,0.168376,0.059532,0.022483,-0.983667,img_412.jpg
61853,1280,720,640.598,337.0768,993.9581,995.1439,-24.140,-0.308,2.452,0.161634,0.058596,0.016685,-0.984968,img_413.jpg
61936,1280,720,640.598,337.0768,993.9581,995.1439,-24.136,-0.309,2.382,0.151702,0.061960,0.008984,-0.986442,img_414.jpg
62020,1280,720,640.598,337.0768,993.9581,995.1439,-24.127,-0.301,2.281,0.156822,0.084023,0.019919,-0.983845,img_415.jpg
62120,1280,720,640.598,337.0768,993.9581,995.1439,-24.117,-0.298,2.176,0.158177,0.107367,0.023206,-0.981282,img_416.jpg
62202,1280,720,640.598,337.0768,993.9581,995.1439,-24.106,-0.301,2.095,0.175836,0.114608,0.024737,-0.977412,img_417.jpg
62276,1280,720,640.598,337.0768,993.9581,995.1439,-24.098,-0.304,1.991,0.163182,0.123666,0.028162,-0.978410,img_418.jpg
62354,1280,720,640.598,337.0768,993.9581,995.1439,-24.093,-0.306,1.928,0.148424,0.134237,0.023232,-0.979495,img_419.jpg
62435,1280,720,640.598,337.0768,993.9581,995.1439,-24.086,-0.309,1.855,0.133573,0.137913,0.020864,-0.981174,img_420.jpg
62509,1280,720,640.598,337.0768,993.9581,995.1439,-24.077,-0.310,1.780,0.129826,0.139463,0.023194,-0.981406,img_421.jpg
62586,1280,720,640.598,337.0768,993.9581,995.1439,-24.065,-0.308,1.699,0.131189,0.142777,0.026170,-0.980673,img_422.jpg
62660,1280,720,640.598,337.0768,993.9581,995.1439,-24.045,-0.301,1.592,0.142013,0.153664,0.041309,-0.976992,img_423.jpg
62754,1280,720,640.598,337.0768,993.9581,995.1439,-24.030,-0.297,1.485,0.153568,0.161192,0.043963,-0.973910,img_424.jpg
62835,1280,720,640.598,337.0768,993.9581,995.1439,-24.023,-0.297,1.415,0.159943,0.163402,0.040891,-0.972649,img_425.jpg
62908,1280,720,640.598,337.0768,993.9581,995.1439,-24.009,-0.301,1.310,0.153290,0.177627,0.036020,-0.971418,img_426.jpg
62984,1280,720,640.598,337.0768,993.9581,995.1439,-24.000,-0.308,1.238,0.143430,0.189002,0.026738,-0.971077,img_427.jpg
63069,1280,720,640.598,337.0768,993.9581,995.1439,-23.991,-0.312,1.164,0.140633,0.195397,0.022293,-0.970333,img_428.jpg
63139,1280,720,640.598,337.0768,993.9581,995.1439,-23.986,-0.312,1.102,0.135478,0.195304,0.024263,-0.971037,img_429.jpg
63219,1280,720,640.598,337.0768,993.9581,995.1439,-23.970,-0.306,0.997,0.145352,0.218493,0.033242,-0.964380,img_430.jpg
63303,1280,720,640.598,337.0768,993.9581,995.1439,-23.945,-0.302,0.900,0.139709,0.236677,0.040425,-0.960641,img_431.jpg
63385,1280,720,640.598,337.0768,993.9581,995.1439,-23.921,-0.305,0.839,0.148902,0.252385,0.050658,-0.954759,img_432.jpg
63464,1280,720,640.598,337.0768,993.9581,995.1439,-23.891,-0.312,0.776,0.143103,0.271604,0.056465,-0.950034,img_433.jpg
63553,1280,720,640.598,337.0768,993.9581,995.1439,-23.838,-0.325,0.682,0.135995,0.298297,0.068183,-0.942271,img_434.jpg
63635,1280,720,640.598,337.0768,993.9581,995.1439,-23.795,-0.334,0.626,0.126726,0.316976,0.071986,-0.937169,img_435.jpg
63714,1280,720,640.598,337.0768,993.9581,995.1439,-23.725,-0.341,0.524,0.110914,0.359193,0.066312,-0.924273,img_436.jpg
63802,1280,720,640.598,337.0768,993.9581,995.1439,-23.672,-0.340,0.460,0.108823,0.388379,0.069389,-0.912417,img_437.jpg
63879,1280,720,640.598,337.0768,993.9581,995.1439,-23.588,-0.334,0.388,0.102361,0.429285,0.091058,-0.892718,img_438.jpg
63969,1280,720,640.598,337.0768,993.9581,995.1439,-23.535,-0.332,0.347,0.100291,0.455846,0.102021,-0.878486,img_439.jpg
64037,1280,720,640.598,337.0768,993.9581,995.1439,-23.453,-0.336,0.294,0.103585,0.497270,0.099971,-0.855569,img_440.jpg
64118,1280,720,640.598,337.0768,993.9581,995.1439,-23.399,-0.339,0.266,0.106239,0.518486,0.098467,-0.842728,img_441.jpg
64186,1280,720,640.598,337.0768,993.9581,995.1439,-23.343,-0.350,0.229,0.109412,0.539723,0.087212,-0.830134,img_442.jpg
64270,1280,720,640.598,337.0768,993.9581,995.1439,-23.287,-0.372,0.191,0.108057,0.562784,0.067372,-0.816737,img_443.jpg
64349,1280,720,640.598,337.0768,993.9581,995.1439,-23.194,-0.385,0.137,0.115287,0.600097,0.066600,-0.788769,img_444.jpg
64436,1280,720,640.598,337.0768,993.9581,995.1439,-23.128,-0.385,0.099,0.126102,0.616663,0.091580,-0.771647,img_445.jpg
64523,1280,720,640.598,337.0768,993.9581,995.1439,-23.040,-0.380,0.058,0.120819,0.643999,0.084990,-0.750630,img_446.jpg
64618,1280,720,640.598,337.0768,993.9581,995.1439,-22.952,-0.380,0.037,0.118247,0.667689,0.101701,-0.727919,img_447.jpg
64700,1280,720,640.598,337.0768,993.9581,995.1439,-22.888,-0.386,0.025,0.111838,0.682014,0.107663,-0.714673,img_448.jpg
64778,1280,720,640.598,337.0768,993.9581,995.1439,-22.783,-0.395,0.012,0.100431,0.693136,0.111554,-0.705004,img_449.jpg
64868,1280,720,640.598,337.0768,993.9581,995.1439,-22.716,-0.389,0.000,0.096316,0.692863,0.114089,-0.705441,img_450.jpg
64953,1280,720,640.598,337.0768,993.9581,995.1439,-22.598,-0.382,-0.006,0.093172,0.698280,0.119763,-0.699558,img_451.jpg
65052,1280,720,640.598,337.0768,993.9581,995.1439,-22.490,-0.368,-0.014,0.089694,0.693384,0.146632,-0.699767,img_452.jpg
65151,1280,720,640.598,337.0768,993.9581,995.1439,-22.383,-0.364,-0.030,0.103073,0.701393,0.137332,-0.691784,img_453.jpg
65234,1280,720,640.598,337.0768,993.9581,995.1439,-22.321,-0.362,-0.037,0.109278,0.695770,0.142813,-0.695389,img_454.jpg
65317,1280,720,640.598,337.0768,993.9581,995.1439,-22.225,-0.369,-0.048,0.119642,0.693827,0.131316,-0.697887,img_455.jpg
65399,1280,720,640.598,337.0768,993.9581,995.1439,-22.150,-0.374,-0.057,0.119422,0.692709,0.119977,-0.701069,img_456.jpg
65481,1280,720,640.598,337.0768,993.9581,995.1439,-22.022,-0.386,-0.079,0.120068,0.688565,0.112515,-0.706260,img_457.jpg
65567,1280,720,640.598,337.0768,993.9581,995.1439,-21.948,-0.386,-0.087,0.123593,0.691561,0.101303,-0.704419,img_458.jpg
65639,1280,720,640.598,337.0768,993.9581,995.1439,-21.874,-0.381,-0.092,0.133506,0.700525,0.107156,-0.692791,img_459.jpg
65721,1280,720,640.598,337.0768,993.9581,995.1439,-21.768,-0.369,-0.089,0.127101,0.711693,0.105978,-0.682721,img_460.jpg
65799,1280,720,640.598,337.0768,993.9581,995.1439,-21.695,-0.366,-0.085,0.121731,0.715797,0.112031,-0.678429,img_461.jpg
65880,1280,720,640.598,337.0768,993.9581,995.1439,-21.570,-0.370,-0.079,0.114834,0.724092,0.115788,-0.670147,img_462.jpg
65970,1280,720,640.598,337.0768,993.9581,995.1439,-21.485,-0.372,-0.072,0.106855,0.724548,0.111300,-0.671733,img_463.jpg
66039,1280,720,640.598,337.0768,993.9581,995.1439,-21.363,-0.372,-0.063,0.097185,0.717435,0.102134,-0.682211,img_464.jpg
66134,1280,720,640.598,337.0768,993.9581,995.1439,-21.280,-0.366,-0.057,0.095029,0.711048,0.099357,-0.689571,img_465.jpg
66217,1280,720,640.598,337.0768,993.9581,995.1439,-21.150,-0.352,-0.048,0.094826,0.707978,0.104589,-0.691980,img_466.jpg
66299,1280,720,640.598,337.0768,993.9581,995.1439,-21.069,-0.346,-0.044,0.099415,0.709331,0.102534,-0.690256,img_467.jpg
66381,1280,720,640.598,337.0768,993.9581,995.1439,-20.939,-0.347,-0.043,0.110261,0.707782,0.112942,-0.688572,img_468.jpg
66468,1280,720,640.598,337.0768,993.9581,995.1439,-20.860,-0.355,-0.047,0.120475,0.708622,0.109564,-0.686539,img_469.jpg
66539,1280,720,640.598,337.0768,993.9581,995.1439,-20.744,-0.371,-0.055,0.127634,0.708449,0.107278,-0.685785,img_470.jpg
66634,1280,720,640.598,337.0768,993.9581,995.1439,-20.663,-0.379,-0.057,0.129025,0.709057,0.108249,-0.684743,img_471.jpg
66706,1280,720,640.598,337.0768,993.9581,995.1439,-20.544,-0.378,-0.068,0.122992,0.711251,0.091746,-0.685987,img_472.jpg
66799,1280,720,640.598,337.0768,993.9581,995.1439,-20.462,-0.372,-0.073,0.131060,0.716073,0.107421,-0.677144,img_473.jpg
66871,1280,720,640.598,337.0768,993.9581,995.1439,-20.348,-0.363,-0.078,0.125900,0.721449,0.108167,-0.672280,img_474.jpg
66951,1280,720,640.598,337.0768,993.9581,995.1439,-20.278,-0.358,-0.079,0.123722,0.723451,0.114766,-0.669433,img_475.jpg
67051,1280,720,640.598,337.0768,993.9581,995.1439,-20.154,-0.362,-0.087,0.125049,0.731743,0.114186,-0.660210,img_476.jpg
67152,1280,720,640.598,337.0768,993.9581,995.1439,-20.019,-0.367,-0.092,0.112443,0.732152,0.104233,-0.663661,img_477.jpg
67250,1280,720,640.598,337.0768,993.9581,995.1439,-19.876,-0.360,-0.093,0.096169,0.729479,0.111385,-0.667986,img_478.jpg
67351,1280,720,640.598,337.0768,993.9581,995.1439,-19.735,-0.340,-0.097,0.092094,0.731885,0.117183,-0.664930,img_479.jpg
67433,1280,720,640.598,337.0768,993.9581,995.1439,-19.611,-0.319,-0.100,0.084822,0.734778,0.101093,-0.665347,img_480.jpg
67533,1280,720,640.598,337.0768,993.9581,995.1439,-19.517,-0.315,-0.106,0.092802,0.733826,0.100709,-0.665391,img_481.jpg
67610,1280,720,640.598,337.0768,993.9581,995.1439,-19.384,-0.319,-0.115,0.097833,0.730624,0.103957,-0.667691,img_482.jpg
67698,1280,720,640.598,337.0768,993.9581,995.1439,-19.260,-0.330,-0.127,0.096339,0.723099,0.101507,-0.676419,img_483.jpg
67785,1280,720,640.598,337.0768,993.9581,995.1439,-19.182,-0.338,-0.137,0.100301,0.721201,0.088435,-0.679697,img_484.jpg
67868,1280,720,640.598,337.0768,993.9581,995.1439,-19.070,-0.340,-0.149,0.118507,0.731159,0.061768,-0.668989,img_485.jpg
67952,1280,720,640.598,337.0768,993.9581,995.1439,-18.993,-0.326,-0.152,0.120429,0.732929,0.065036,-0.666396,img_486.jpg
68034,1280,720,640.598,337.0768,993.9581,995.1439,-18.892,-0.317,-0.144,0.116525,0.728938,0.081753,-0.669618,img_487.jpg
68116,1280,720,640.598,337.0768,993.9581,995.1439,-18.823,-0.317,-0.142,0.107750,0.726768,0.100976,-0.670822,img_488.jpg
68192,1280,720,640.598,337.0768,993.9581,995.1439,-18.751,-0.321,-0.136,0.099737,0.730349,0.110390,-0.666677,img_489.jpg
68285,1280,720,640.598,337.0768,993.9581,995.1439,-18.633,-0.336,-0.127,0.101336,0.728010,0.110552,-0.668962,img_490.jpg
68369,1280,720,640.598,337.0768,993.9581,995.1439,-18.556,-0.338,-0.120,0.101139,0.727089,0.099339,-0.671747,img_491.jpg
68444,1280,720,640.598,337.0768,993.9581,995.1439,-18.444,-0.335,-0.106,0.103713,0.721990,0.104690,-0.676029,img_492.jpg
68533,1280,720,640.598,337.0768,993.9581,995.1439,-18.373,-0.326,-0.099,0.103680,0.723444,0.093695,-0.676092,img_493.jpg
68617,1280,720,640.598,337.0768,993.9581,995.1439,-18.262,-0.313,-0.090,0.100310,0.720722,0.088215,-0.680233,img_494.jpg
68716,1280,720,640.598,337.0768,993.9581,995.1439,-18.149,-0.306,-0.086,0.105547,0.709040,0.091014,-0.691259,img_495.jpg
68798,1280,720,640.598,337.0768,993.9581,995.1439,-18.074,-0.310,-0.089,0.111908,0.704677,0.087040,-0.695220,img_496.jpg
68876,1280,720,640.598,337.0768,993.9581,995.1439,-17.954,-0.319,-0.089,0.107053,0.697702,0.085213,-0.703200,img_497.jpg
68970,1280,720,640.598,337.0768,993.9581,995.1439,-17.870,-0.327,-0.087,0.100011,0.687718,0.102295,-0.711742,img_498.jpg
69050,1280,720,640.598,337.0768,993.9581,995.1439,-17.743,-0.333,-0.086,0.107951,0.683381,0.105769,-0.714248,img_499.jpg
69132,1280,720,640.598,337.0768,993.9581,995.1439,-17.668,-0.331,-0.088,0.120064,0.684424,0.117491,-0.709468,img_500.jpg
69205,1280,720,640.598,337.0768,993.9581,995.1439,-17.549,-0.323,-0.083,0.126410,0.692283,0.116961,-0.700774,img_501.jpg
69281,1280,720,640.598,337.0768,993.9581,995.1439,-17.475,-0.321,-0.079,0.123598,0.695665,0.113905,-0.698427,img_502.jpg
69349,1280,720,640.598,337.0768,993.9581,995.1439,-17.393,-0.326,-0.074,0.120314,0.701294,0.115031,-0.693166,img_503.jpg
69432,1280,720,640.598,337.0768,993.9581,995.1439,-17.304,-0.336,-0.068,0.114344,0.701380,0.111329,-0.694692,img_504.jpg
69508,1280,720,640.598,337.0768,993.9581,995.1439,-17.180,-0.339,-0.058,0.104605,0.705031,0.091098,-0.695479,img_505.jpg
69599,1280,720,640.598,337.0768,993.9581,995.1439,-17.079,-0.335,-0.050,0.102323,0.706619,0.086852,-0.694749,img_506.jpg
69670,1280,720,640.598,337.0768,993.9581,995.1439,-16.995,-0.328,-0.044,0.107885,0.712785,0.085606,-0.687728,img_507.jpg
69743,1280,720,640.598,337.0768,993.9581,995.1439,-16.873,-0.314,-0.044,0.111423,0.705795,0.088322,-0.694001,img_508.jpg
69833,1280,720,640.598,337.0768,993.9581,995.1439,-16.796,-0.311,-0.047,0.119092,0.703477,0.095707,-0.694102,img_509.jpg
69911,1280,720,640.598,337.0768,993.9581,995.1439,-16.679,-0.309,-0.053,0.131055,0.698904,0.104458,-0.695303,img_510.jpg
69997,1280,720,640.598,337.0768,993.9581,995.1439,-16.599,-0.315,-0.059,0.136914,0.694772,0.093846,-0.699814,img_511.jpg
70068,1280,720,640.598,337.0768,993.9581,995.1439,-16.475,-0.323,-0.068,0.132416,0.696983,0.077720,-0.700458,img_512.jpg
70150,1280,720,640.598,337.0768,993.9581,995.1439,-16.392,-0.325,-0.075,0.126498,0.697155,0.081909,-0.700903,img_513.jpg
70231,1280,720,640.598,337.0768,993.9581,995.1439,-16.272,-0.320,-0.086,0.128370,0.701895,0.075762,-0.696509,img_514.jpg
70314,1280,720,640.598,337.0768,993.9581,995.1439,-16.203,-0.311,-0.092,0.122545,0.697178,0.086965,-0.700973,img_515.jpg
70387,1280,720,640.598,337.0768,993.9581,995.1439,-16.131,-0.304,-0.099,0.125133,0.697643,0.088185,-0.699899,img_516.jpg
70467,1280,720,640.598,337.0768,993.9581,995.1439,-16.025,-0.299,-0.102,0.117412,0.696121,0.094480,-0.701929,img_517.jpg
70550,1280,720,640.598,337.0768,993.9581,995.1439,-15.938,-0.308,-0.104,0.117566,0.701371,0.091348,-0.697075,img_518.jpg,marker_13.jpg,0.27113065,0.27113065,-25.299,-0.539,2.572,-0.711442,-0.023697,0.019553,0.019553,marker_1.jpg,0.26636857,0.26636857,0.532,-0.203,0.471,-0.705633,0.002781,-0.005883,-0.005883
70633,1280,720,640.598,337.0768,993.9581,995.1439,-15.814,-0.317,-0.104,0.110556,0.703186,0.081129,-0.697657,img_519.jpg
70714,1280,720,640.598,337.0768,993.9581,995.1439,-15.729,-0.318,-0.103,0.105102,0.703926,0.079141,-0.697982,img_520.jpg
70785,1280,720,640.598,337.0768,993.9581,995.1439,-15.644,-0.314,-0.101,0.101319,0.704067,0.081097,-0.698174,img_521.jpg
70866,1280,720,640.598,337.0768,993.9581,995.1439,-15.555,-0.306,-0.102,0.104022,0.704448,0.092886,-0.695920,img_522.jpg
70941,1280,720,640.598,337.0768,993.9581,995.1439,-15.434,-0.299,-0.101,0.106043,0.699284,0.103426,-0.699328,img_523.jpg
71031,1280,720,640.598,337.0768,993.9581,995.1439,-15.308,-0.300,-0.105,0.115860,0.694721,0.126450,-0.698534,img_524.jpg
71114,1280,720,640.598,337.0768,993.9581,995.1439,-15.221,-0.302,-0.114,0.124501,0.692361,0.126189,-0.699437,img_525.jpg
71186,1280,720,640.598,337.0768,993.9581,995.1439,-15.136,-0.311,-0.122,0.129121,0.692531,0.116218,-0.700159,img_526.jpg
71283,1280,720,640.598,337.0768,993.9581,995.1439,-15.001,-0.325,-0.132,0.132237,0.699267,0.110039,-0.693852,img_527.jpg
71368,1280,720,640.598,337.0768,993.9581,995.1439,-14.904,-0.330,-0.137,0.130834,0.700065,0.112475,-0.692922,img_528.jpg
71448,1280,720,640.598,337.0768,993.9581,995.1439,-14.777,-0.325,-0.152,0.135684,0.706677,0.110967,-0.685480,img_529.jpg
71531,1280,720,640.598,337.0768,993.9581,995.1439,-14.694,-0.320,-0.160,0.135197,0.706178,0.120298,-0.684516,img_530.jpg
71613,1280,720,640.598,337.0768,993.9581,995.1439,-14.574,-0.319,-0.169,0.129887,0.704911,0.113069,-0.688074,img_531.jpg
71714,1280,720,640.598,337.0768,993.9581,995.1439,-14.448,-0.324,-0.171,0.121524,0.707364,0.117292,-0.686375,img_532.jpg
71788,1280,720,640.598,337.0768,993.9581,995.1439,-14.365,-0.328,-0.171,0.112452,0.708886,0.107763,-0.687911,img_533.jpg
71868,1280,720,640.598,337.0768,993.9581,995.1439,-14.279,-0.332,-0.168,0.105949,0.708012,0.095347,-0.691666,img_534.jpg
71954,1280,720,640.598,337.0768,993.9581,995.1439,-14.150,-0.335,-0.167,0.109796,0.706955,0.080170,-0.694069,img_535.jpg
72050,1280,720,640.598,337.0768,993.9581,995.1439,-14.031,-0.321,-0.164,0.110162,0.700100,0.091366,-0.699555,img_536.jpg
72123,1280,720,640.598,337.0768,993.9581,995.1439,-13.951,-0.308,-0.163,0.111088,0.701342,0.091259,-0.698177,img_537.jpg
72207,1280,720,640.598,337.0768,993.9581,995.1439,-13.830,-0.299,-0.165,0.110082,0.693159,0.105985,-0.704400,img_538.jpg
72298,1280,720,640.598,337.0768,993.9581,995.1439,-13.749,-0.302,-0.172,0.118700,0.689042,0.102588,-0.707536,img_539.jpg
72369,1280,720,640.598,337.0768,993.9581,995.1439,-13.626,-0.315,-0.185,0.120419,0.683280,0.090180,-0.714490,img_540.jpg
72450,1280,720,640.598,337.0768,993.9581,995.1439,-13.549,-0.320,-0.194,0.118894,0.681855,0.084777,-0.716764,img_541.jpg
72530,1280,720,640.598,337.0768,993.9581,995.1439,-13.483,-0.324,-0.206,0.119742,0.679707,0.079673,-0.719244,img_542.jpg
72610,1280,720,640.598,337.0768,993.9581,995.1439,-13.373,-0.318,-0.224,0.138708,0.681478,0.086982,-0.713290,img_543.jpg
72699,1280,720,640.598,337.0768,993.9581,995.1439,-13.281,-0.312,-0.237,0.150221,0.677992,0.085969,-0.714402,img_544.jpg
72779,1280,720,640.598,337.0768,993.9581,995.1439,-13.206,-0.314,-0.242,0.150356,0.677850,0.092685,-0.713668,img_545.jpg
72848,1280,720,640.598,337.0768,993.9581,995.1439,-13.122,-0.319,-0.247,0.146603,0.678379,0.105755,-0.712127,img_546.jpg
72931,1280,720,640.598,337.0768,993.9581,995.1439,-12.998,-0.327,-0.251,0.134759,0.679890,0.095334,-0.714493,img_547.jpg
73013,1280,720,640.598,337.0768,993.9581,995.1439,-12.916,-0.330,-0.251,0.128083,0.679318,0.091697,-0.716738,img_548.jpg
73082,1280,720,640.598,337.0768,993.9581,995.1439,-12.832,-0.328,-0.249,0.127641,0.681129,0.090393,-0.715262,img_549.jpg
73165,1280,720,640.598,337.0768,993.9581,995.1439,-12.714,-0.312,-0.243,0.129252,0.678783,0.104051,-0.715347,img_550.jpg
73248,1280,720,640.598,337.0768,993.9581,995.1439,-12.649,-0.305,-0.241,0.131533,0.680787,0.101412,-0.713403,img_551.jpg
73329,1280,720,640.598,337.0768,993.9581,995.1439,-12.569,-0.301,-0.248,0.133585,0.679037,0.106135,-0.714002,img_552.jpg
73410,1280,720,640.598,337.0768,993.9581,995.1439,-12.463,-0.299,-0.260,0.141495,0.675683,0.106076,-0.715667,img_553.jpg
73496,1280,720,640.598,337.0768,993.9581,995.1439,-12.379,-0.302,-0.272,0.142060,0.672663,0.103288,-0.718802,img_554.jpg
73568,1280,720,640.598,337.0768,993.9581,995.1439,-12.265,-0.314,-0.290,0.136878,0.671584,0.098257,-0.721516,img_555.jpg
73665,1280,720,640.598,337.0768,993.9581,995.1439,-12.199,-0.321,-0.302,0.133727,0.671316,0.094032,-0.722918,img_556.jpg
73739,1280,720,640.598,337.0768,993.9581,995.1439,-12.079,-0.321,-0.324,0.152240,0.676323,0.098006,-0.714006,img_557.jpg
73829,1280,720,640.598,337.0768,993.9581,995.1439,-11.972,-0.308,-0.340,0.147545,0.677164,0.096702,-0.714373,img_558.jpg
73912,1280,720,640.598,337.0768,993.9581,995.1439,-11.907,-0.307,-0.345,0.147420,0.681583,0.102607,-0.709355,img_559.jpg
73991,1280,720,640.598,337.0768,993.9581,995.1439,-11.837,-0.309,-0.350,0.143342,0.685599,0.113548,-0.704638,img_560.jpg
74080,1280,720,640.598,337.0768,993.9581,995.1439,-11.718,-0.319,-0.357,0.140943,0.691292,0.114126,-0.699447,img_561.jpg
74165,1280,720,640.598,337.0768,993.9581,995.1439,-11.640,-0.322,-0.359,0.133512,0.694595,0.107978,-0.698608,img_562.jpg
74242,1280,720,640.598,337.0768,993.9581,995.1439,-11.508,-0.325,-0.364,0.123579,0.692812,0.102274,-0.703051,img_563.jpg
74329,1280,720,640.598,337.0768,993.9581,995.1439,-11.423,-0.321,-0.364,0.128604,0.697516,0.102921,-0.697380,img_564.jpg
74409,1280,720,640.598,337.0768,993.9581,995.1439,-11.306,-0.302,-0.362,0.126133,0.698233,0.110994,-0.695875,img_565.jpg
74512,1280,720,640.598,337.0768,993.9581,995.1439,-11.187,-0.289,-0.371,0.132600,0.703288,0.100743,-0.691126,img_566.jpg
74600,1280,720,640.598,337.0768,993.9581,995.1439,-11.106,-0.284,-0.375,0.132188,0.701960,0.103697,-0.692117,img_567.jpg
74685,1280,720,640.598,337.0768,993.9581,995.1439,-10.990,-0.286,-0.387,0.135326,0.699473,0.098069,-0.694843,img_568.jpg
74781,1280,720,640.598,337.0768,993.9581,995.1439,-10.875,-0.288,-0.399,0.127535,0.702257,0.089122,-0.694714,img_569.jpg
74866,1280,720,640.598,337.0768,993.9581,995.1439,-10.792,-0.291,-0.412,0.115167,0.706730,0.089941,-0.692229,img_570.jpg
74947,1280,720,640.598,337.0768,993.9581,995.1439,-10.669,-0.278,-0.422,0.107444,0.719718,0.099867,-0.678593,img_571.jpg
75047,1280,720,640.598,337.0768,993.9581,995.1439,-10.555,-0.264,-0.425,0.100926,0.728098,0.100761,-0.670474,img_572.jpg
75147,1280,720,640.598,337.0768,993.9581,995.1439,-10.445,-0.265,-0.425,0.115286,0.731173,0.107046,-0.663805,img_573.jpg
75245,1280,720,640.598,337.0768,993.9581,995.1439,-10.330,-0.278,-0.421,0.113295,0.741052,0.123129,-0.650266,img_574.jpg
75328,1280,720,640.598,337.0768,993.9581,995.1439,-10.252,-0.287,-0.417,0.103143,0.742243,0.132902,-0.648670,img_575.jpg
75410,1280,720,640.598,337.0768,993.9581,995.1439,-10.131,-0.300,-0.413,0.097502,0.741112,0.144374,-0.648384,img_576.jpg
75493,1280,720,640.598,337.0768,993.9581,995.1439,-10.014,-0.303,-0.407,0.106428,0.742705,0.143345,-0.645379,img_577.jpg
75579,1280,720,640.598,337.0768,993.9581,995.1439,-9.939,-0.298,-0.404,0.114002,0.743163,0.137566,-0.644816,img_578.jpg
75667,1280,720,640.598,337.0768,993.9581,995.1439,-9.831,-0.292,-0.407,0.129961,0.744239,0.115742,-0.644843,img_579.jpg
75763,1280,720,640.598,337.0768,993.9581,995.1439,-9.760,-0.287,-0.409,0.132957,0.734006,0.122005,-0.654731,img_580.jpg
75846,1280,720,640.598,337.0768,993.9581,995.1439,-9.639,-0.293,-0.416,0.135708,0.714778,0.130218,-0.673587,img_581.jpg
75929,1280,720,640.598,337.0768,993.9581,995.1439,-9.556,-0.302,-0.421,0.133847,0.704212,0.127609,-0.685483,img_582.jpg
76008,1280,720,640.598,337.0768,993.9581,995.1439,-9.427,-0.311,-0.428,0.133602,0.696620,0.113567,-0.695682,img_583.jpg
76094,1280,720,640.598,337.0768,993.9581,995.1439,-9.304,-0.313,-0.433,0.144034,0.687645,0.137043,-0.698297,img_584.jpg
76177,1280,720,640.598,337.0768,993.9581,995.1439,-9.229,-0.302,-0.433,0.140671,0.683904,0.134041,-0.703221,img_585.jpg
76265,1280,720,640.598,337.0768,993.9581,995.1439,-9.160,-0.292,-0.433,0.138673,0.685026,0.123634,-0.704432,img_586.jpg
76342,1280,720,640.598,337.0768,993.9581,995.1439,-9.056,-0.284,-0.425,0.129733,0.690611,0.126574,-0.700146,img_587.jpg
76445,1280,720,640.598,337.0768,993.9581,995.1439,-8.942,-0.288,-0.413,0.123003,0.698067,0.125066,-0.694213,img_588.jpg
76544,1280,720,640.598,337.0768,993.9581,995.1439,-8.825,-0.292,-0.397,0.117869,0.700727,0.110419,-0.694907,img_589.jpg
76629,1280,720,640.598,337.0768,993.9581,995.1439,-8.695,-0.287,-0.378,0.113900,0.704152,0.098732,-0.693866,img_590.jpg
76711,1280,720,640.598,337.0768,993.9581,995.1439,-8.593,-0.277,-0.367,0.115700,0.711551,0.099280,-0.685895,img_591.jpg
76794,1280,720,640.598,337.0768,993.9581,995.1439,-8.513,-0.265,-0.353,0.107392,0.703531,0.110278,-0.693794,img_592.jpg
76865,1280,720,640.598,337.0768,993.9581,995.1439,-8.389,-0.255,-0.346,0.116239,0.708155,0.108305,-0.687950,img_593.jpg
76945,1280,720,640.598,337.0768,993.9581,995.1439,-8.316,-0.257,-0.345,0.118416,0.702836,0.111404,-0.692524,img_594.jpg
77028,1280,720,640.598,337.0768,993.9581,995.1439,-8.194,-0.269,-0.348,0.124989,0.702077,0.084864,-0.695891,img_595.jpg
77112,1280,720,640.598,337.0768,993.9581,995.1439,-8.107,-0.280,-0.349,0.123691,0.703286,0.075226,-0.696010,img_596.jpg
77195,1280,720,640.598,337.0768,993.9581,995.1439,-7.979,-0.289,-0.348,0.113613,0.699463,0.090626,-0.699736,img_597.jpg
77276,1280,720,640.598,337.0768,993.9581,995.1439,-7.896,-0.286,-0.352,0.119515,0.702444,0.101569,-0.694243,img_598.jpg
77355,1280,720,640.598,337.0768,993.9581,995.1439,-7.813,-0.275,-0.354,0.115676,0.694529,0.112847,-0.701081,img_599.jpg
77427,1280,720,640.598,337.0768,993.9581,995.1439,-7.695,-0.271,-0.353,0.122525,0.700101,0.099076,-0.696441,img_600.jpg
77510,1280,720,640.598,337.0768,993.9581,995.1439,-7.616,-0.273,-0.349,0.116673,0.702976,0.103743,-0.693865,img_601.jpg
77581,1280,720,640.598,337.0768,993.9581,995.1439,-7.535,-0.280,-0.347,0.115236,0.710516,0.100580,-0.686856,img_602.jpg
77658,1280,720,640.598,337.0768,993.9581,995.1439,-7.448,-0.290,-0.343,0.110135,0.708578,0.098351,-0.690010,img_603.jpg
77735,1280,720,640.598,337.0768,993.9581,995.1439,-7.064,-0.589,-0.833,0.117813,0.709068,0.066154,-0.692074,img_604.jpg
77828,1280,720,640.598,337.0768,993.9581,995.1439,-6.944,-0.593,-0.859,0.116465,0.708281,0.075600,-0.692140,img_605.jpg,marker_13.jpg,0.27125803,0.27125803,-25.360,-0.549,2.604,-0.711274,-0.025408,0.021899,0.021899,marker_1.jpg,0.26636812,0.26636812,0.532,-0.203,0.471,-0.705513,0.002604,-0.005555,-0.005555
77927,1280,720,640.598,337.0768,993.9581,995.1439,-6.828,-0.566,-0.864,0.118783,0.705970,0.075966,-0.694065,img_606.jpg
78010,1280,720,640.598,337.0768,993.9581,995.1439,-6.750,-0.556,-0.874,0.123695,0.706070,0.089152,-0.691532,img_607.jpg
78088,1280,720,640.598,337.0768,993.9581,995.1439,-6.671,-0.556,-0.874,0.128356,0.700021,0.101844,-0.695070,img_608.jpg
78177,1280,720,640.598,337.0768,993.9581,995.1439,-6.551,-0.564,-0.888,0.138726,0.693151,0.097818,-0.700521,img_609.jpg
78245,1280,720,640.598,337.0768,993.9581,995.1439,-6.480,-0.561,-0.889,0.138544,0.690692,0.088337,-0.704235,img_610.jpg
78327,1280,720,640.598,337.0768,993.9581,995.1439,-6.352,-0.567,-0.900,0.131001,0.686557,0.086347,-0.709945,img_611.jpg
78410,1280,720,640.598,337.0768,993.9581,995.1439,-6.272,-0.567,-0.908,0.136646,0.687213,0.088765,-0.707945,img_612.jpg
78485,1280,720,640.598,337.0768,993.9581,995.1439,-6.190,-0.561,-0.912,0.137618,0.688319,0.095089,-0.705859,img_613.jpg
78563,1280,720,640.598,337.0768,993.9581,995.1439,-6.122,-0.550,-0.910,0.138175,0.690901,0.089216,-0.703992,img_614.jpg
78634,1280,720,640.598,337.0768,993.9581,995.1439,-6.017,-0.542,-0.911,0.132354,0.691908,0.087235,-0.704370,img_615.jpg
78726,1280,720,640.598,337.0768,993.9581,995.1439,-5.909,-0.542,-0.910,0.122773,0.697487,0.080498,-0.701397,img_616.jpg
78809,1280,720,640.598,337.0768,993.9581,995.1439,-5.837,-0.542,-0.906,0.115697,0.698827,0.074753,-0.701903,img_617.jpg
78894,1280,720,640.598,337.0768,993.9581,995.1439,-5.758,-0.545,-0.905,0.112921,0.696056,0.074536,-0.705124,img_618.jpg
78966,1280,720,640.598,337.0768,993.9581,995.1439,-5.635,-0.546,-0.897,0.117266,0.691712,0.081697,-0.707891,img_619.jpg
79043,1280,720,640.598,337.0768,993.9581,995.1439,-5.558,-0.542,-0.896,0.124331,0.690630,0.096272,-0.705907,img_620.jpg
79126,1280,720,640.598,337.0768,993.9581,995.1439,-5.487,-0.537,-0.900,0.126520,0.691515,0.083242,-0.706307,img_621.jpg
79196,1280,720,640.598,337.0768,993.9581,995.1439,-5.373,-0.534,-0.897,0.128361,0.692842,0.113830,-0.700383,img_622.jpg
79276,1280,720,640.598,337.0768,993.9581,995.1439,-5.300,-0.539,-0.901,0.132318,0.694320,0.123323,-0.696565,img_623.jpg
79362,1280,720,640.598,337.0768,993.9581,995.1439,-5.220,-0.548,-0.911,0.136318,0.696351,0.128161,-0.692884,img_624.jpg
79438,1280,720,640.598,337.0768,993.9581,995.1439,-5.099,-0.561,-0.923,0.131738,0.696637,0.116760,-0.695492,img_625.jpg
79527,1280,720,640.598,337.0768,993.9581,995.1439,-4.980,-0.567,-0.936,0.127680,0.695202,0.108537,-0.699008,img_626.jpg
79610,1280,720,640.598,337.0768,993.9581,995.1439,-4.902,-0.567,-0.946,0.137708,0.698910,0.103103,-0.694212,img_627.jpg
79692,1280,720,640.598,337.0768,993.9581,995.1439,-4.793,-0.555,-0.951,0.132301,0.697150,0.110397,-0.695910,img_628.jpg
79776,1280,720,640.598,337.0768,993.9581,995.1439,-4.723,-0.550,-0.954,0.135417,0.702727,0.104690,-0.690563,img_629.jpg
79862,1280,720,640.598,337.0768,993.9581,995.1439,-4.656,-0.551,-0.953,0.127410,0.703638,0.108307,-0.690601,img_630.jpg
79938,1280,720,640.598,337.0768,993.9581,995.1439,-4.535,-0.563,-0.948,0.126247,0.712305,0.109623,-0.681664,img_631.jpg
80025,1280,720,640.598,337.0768,993.9581,995.1439,-4.421,-0.570,-0.947,0.122184,0.714764,0.092073,-0.682427,img_632.jpg
80110,1280,720,640.598,337.0768,993.9581,995.1439,-4.335,-0.574,-0.946,0.121589,0.714005,0.078197,-0.685054,img_633.jpg,marker_13.jpg,0.2713093,0.2713093,-25.342,-0.566,2.554,-0.711285,-0.024930,0.021487,0.021487,marker_1.jpg,0.26636648,0.26636648,0.531,-0.203,0.470,-0.705548,0.002926,-0.006189,-0.006189
80192,1280,720,640.598,337.0768,993.9581,995.1439,-4.256,-0.571,-0.941,0.121181,0.713888,0.084289,-0.684525,img_634.jpg
80268,1280,720,640.598,337.0768,993.9581,995.1439,-4.136,-0.553,-0.932,0.116899,0.713086,0.110962,-0.682298,img_635.jpg
80360,1280,720,640.598,337.0768,993.9581,995.1439,-4.020,-0.545,-0.934,0.124883,0.715277,0.108224,-0.679022,img_636.jpg
80444,1280,720,640.598,337.0768,993.9581,995.1439,-3.942,-0.547,-0.940,0.129865,0.715979,0.115269,-0.676183,img_637.jpg
80543,1280,720,640.598,337.0768,993.9581,995.1439,-3.824,-0.552,-0.949,0.136309,0.716512,0.111792,-0.674932,img_638.jpg
80626,1280,720,640.598,337.0768,993.9581,995.1439,-3.708,-0.562,-0.962,0.134829,0.723393,0.088368,-0.671353,img_639.jpg
80709,1280,720,640.598,337.0768,993.9581,995.1439,-3.631,-0.565,-0.970,0.129597,0.727790,0.077417,-0.668979,img_640.jpg
80791,1280,720,640.598,337.0768,993.9581,995.1439,-3.556,-0.563,-0.981,0.127285,0.733062,0.070043,-0.664465,img_641.jpg
80872,1280,720,640.598,337.0768,993.9581,995.1439,-3.447,-0.551,-0.993,0.122927,0.737149,0.071741,-0.660571,img_642.jpg
80960,1280,720,640.598,337.0768,993.9581,995.1439,-3.337,-0.547,-1.000,0.130459,0.739972,0.079673,-0.655038,img_643.jpg
81043,1280,720,640.598,337.0768,993.9581,995.1439,-3.267,-0.551,-1.003,0.131347,0.742096,0.087559,-0.651441,img_644.jpg
81143,1280,720,640.598,337.0768,993.9581,995.1439,-3.158,-0.558,-1.002,0.126421,0.746051,0.094971,-0.646843,img_645.jpg
81225,1280,720,640.598,337.0768,993.9581,995.1439,-3.086,-0.563,-1.001,0.115876,0.747197,0.090361,-0.648154,img_646.jpg
81307,1280,720,640.598,337.0768,993.9581,995.1439,-2.969,-0.566,-0.998,0.104570,0.747800,0.086851,-0.649859,img_647.jpg
81390,1280,720,640.598,337.0768,993.9581,995.1439,-2.890,-0.562,-0.995,0.103840,0.747895,0.098914,-0.648141,img_648.jpg
81472,1280,720,640.598,337.0768,993.9581,995.1439,-2.788,-0.545,-0.992,0.099591,0.750209,0.105429,-0.645100,img_649.jpg
81560,1280,720,640.598,337.0768,993.9581,995.1439,-2.680,-0.544,-0.993,0.110707,0.755823,0.115026,-0.635015,img_650.jpg
81660,1280,720,640.598,337.0768,993.9581,995.1439,-2.579,-0.543,-0.998,0.120768,0.761443,0.117352,-0.625978,img_651.jpg
81742,1280,720,640.598,337.0768,993.9581,995.1439,-2.502,-0.546,-1.000,0.124943,0.768111,0.115924,-0.617217,img_652.jpg
81824,1280,720,640.598,337.0768,993.9581,995.1439,-2.384,-0.559,-1.000,0.129211,0.784524,0.121574,-0.594178,img_653.jpg
81909,1280,720,640.598,337.0768,993.9581,995.1439,-2.311,-0.568,-0.999,0.129411,0.794951,0.131198,-0.578007,img_654.jpg
81983,1280,720,640.598,337.0768,993.9581,995.1439,-2.238,-0.572,-0.997,0.134353,0.808320,0.124748,-0.559469,img_655.jpg
82061,1280,720,640.598,337.0768,993.9581,995.1439,-2.169,-0.569,-0.989,0.140785,0.818658,0.149118,-0.536417,img_656.jpg
82139,1280,720,640.598,337.0768,993.9581,995.1439,-2.076,-0.560,-0.973,0.135407,0.838714,0.147924,-0.506303,img_657.jpg
82225,1280,720,640.598,337.0768,993.9581,995.1439,-1.984,-0.560,-0.948,0.126277,0.854295,0.172459,-0.473806,img_658.jpg
82308,1280,720,640.598,337.0768,993.9581,995.1439,-1.918,-0.563,-0.932,0.119742,0.865027,0.184310,-0.451020,img_659.jpg
82380,1280,720,640.598,337.0768,993.9581,995.1439,-1.859,-0.569,-0.912,0.108741,0.876860,0.189577,-0.428196,img_660.jpg
82461,1280,720,640.598,337.0768,993.9581,995.1439,-1.770,-0.581,-0.875,0.092869,0.890864,0.198145,-0.398089,img_661.jpg
82541,1280,720,640.598,337.0768,993.9581,995.1439,-1.708,-0.590,-0.847,0.090955,0.897883,0.209998,-0.376076,img_662.jpg
82607,1280,720,640.598,337.0768,993.9581,995.1439,-1.652,-0.592,-0.815,0.083244,0.900308,0.237932,-0.354830,img_663.jpg
82684,1280,720,640.598,337.0768,993.9581,995.1439,-1.604,-0.585,-0.787,0.069330,0.905875,0.249307,-0.335304,img_664.jpg
82760,1280,720,640.598,337.0768,993.9581,995.1439,-1.537,-0.577,-0.745,0.066739,0.918603,0.254943,-0.294480,img_665.jpg
82842,1280,720,640.598,337.0768,993.9581,995.1439,-1.493,-0.576,-0.715,0.063203,0.918030,0.274897,-0.278673,img_666.jpg
82924,1280,720,640.598,337.0768,993.9581,995.1439,-1.429,-0.582,-0.669,0.078256,0.925236,0.283635,-0.239512,img_667.jpg
83007,1280,720,640.598,337.0768,993.9581,995.1439,-1.395,-0.589,-0.634,0.076773,0.926341,0.301914,-0.211771,img_668.jpg
83081,1280,720,640.598,337.0768,993.9581,995.1439,-1.355,-0.596,-0.593,0.071411,0.928449,0.313201,-0.186516,img_669.jpg
83154,1280,720,640.598,337.0768,993.9581,995.1439,-1.300,-0.595,-0.536,0.062358,0.930825,0.325276,-0.154508,img_670.jpg
83239,1280,720,640.598,337.0768,993.9581,995.1439,-1.268,-0.581,-0.497,0.060683,0.934333,0.329042,-0.122767,img_671.jpg
83311,1280,720,640.598,337.0768,993.9581,995.1439,-1.240,-0.554,-0.464,0.047220,0.935274,0.333616,-0.108323,img_672.jpg
83391,1280,720,640.598,337.0768,993.9581,995.1439,-1.217,-0.533,-0.431,0.050737,0.942890,0.318645,-0.082757,img_673.jpg
83470,1280,720,640.598,337.0768,993.9581,995.1439,-1.180,-0.522,-0.370,0.040915,0.944444,0.322023,-0.051500,img_674.jpg
83557,1280,720,640.598,337.0768,993.9581,995.1439,-1.146,-0.524,-0.303,0.036479,0.944567,0.324715,-0.031961,img_675.jpg
83642,1280,720,640.598,337.0768,993.9581,995.1439,-1.123,-0.525,-0.253,0.036662,0.944625,0.325169,-0.024594,img_676.jpg
83740,1280,720,640.598,337.0768,993.9581,995.1439,-1.088,-0.524,-0.170,0.034691,0.947921,0.315101,-0.030869,img_677.jpg
83824,1280,720,640.598,337.0768,993.9581,995.1439,-1.055,-0.518,-0.079,0.027899,0.945671,0.320836,-0.044640,img_678.jpg
83923,1280,720,640.598,337.0768,993.9581,995.1439,-1.021,-0.506,0.009,0.024016,0.939205,0.336372,-0.064581,img_679.jpg
84005,1280,720,640.598,337.0768,993.9581,995.1439,-0.993,-0.498,0.063,0.034976,0.939645,0.331377,-0.077680,img_680.jpg
84087,1280,720,640.598,337.0768,993.9581,995.1439,-0.968,-0.488,0.112,0.046281,0.937104,0.334545,-0.088166,img_681.jpg
84173,1280,720,640.598,337.0768,993.9581,995.1439,-0.922,-0.474,0.186,0.058600,0.933182,0.337363,-0.109192,img_682.jpg
84258,1280,720,640.598,337.0768,993.9581,995.1439,-0.889,-0.469,0.230,0.070099,0.931572,0.334268,-0.124596,img_683.jpg
84340,1280,720,640.598,337.0768,993.9581,995.1439,-0.835,-0.476,0.305,0.086195,0.928841,0.332061,-0.139858,img_684.jpg
84424,1280,720,640.598,337.0768,993.9581,995.1439,-0.777,-0.484,0.390,0.097986,0.926273,0.331090,-0.150987,img_685.jpg
84524,1280,720,640.598,337.0768,993.9581,995.1439,-0.738,-0.488,0.437,0.108282,0.925085,0.326906,-0.160080,img_686.jpg
84602,1280,720,640.598,337.0768,993.9581,995.1439,-0.676,-0.484,0.506,0.114297,0.912216,0.348930,-0.181785,img_687.jpg
84707,1280,720,640.598,337.0768,993.9581,995.1439,-0.607,-0.479,0.569,0.131497,0.909990,0.337735,-0.201399,img_688.jpg
84793,1280,720,640.598,337.0768,993.9581,995.1439,-0.563,-0.480,0.608,0.133343,0.903441,0.339422,-0.225403,img_689.jpg
84882,1280,720,640.598,337.0768,993.9581,995.1439,-0.497,-0.483,0.665,0.140333,0.892773,0.342144,-0.257294,img_690.jpg
