time,sizeX,sizeY,p_x,p_y,f_x,f_y,pos_X,pos_Y,pos_Z,q_x,q_y,q_z,q_w,marker_ID,marker_x,marker_y,marker_z,marker_qx,marker_qy,marker_qz,marker_qw,marker_ID,marker_x,marker_y,marker_z,marker_qx,marker_qy,marker_qz,marker_qw,marker_ID,marker_x,marker_y,marker_z,marker_qx,marker_qy,marker_qz,marker_qw,
12724,1280,720,631.94293,353.39117,986.8637,986.74805,0.443,-0.114,1.081,0.072848,-0.022037,-0.010102,-0.997048,img_1.jpg
12812,1280,720,631.94293,353.39117,986.8637,986.74805,0.444,-0.113,1.081,0.070753,-0.015835,-0.010050,-0.997318,img_2.jpg
12898,1280,720,631.94293,353.39117,986.8637,986.74805,0.445,-0.113,1.082,0.072401,-0.011350,-0.013345,-0.997222,img_3.jpg,marker_1.jpg,0.26755762,0.26755762,0.421,-0.184,0.527,-0.704549,-0.005512,0.003223,0.003223
12981,1280,720,631.94293,353.39117,986.8637,986.74805,0.446,-0.113,1.081,0.072688,-0.010649,-0.015727,-0.997174,img_4.jpg
13057,1280,720,631.94293,353.39117,986.8637,986.74805,0.446,-0.115,1.080,0.076496,-0.011436,-0.021005,-0.996783,img_5.jpg
13141,1280,720,631.94293,353.39117,986.8637,986.74805,0.448,-0.119,1.083,0.080922,-0.018107,-0.022729,-0.996297,img_6.jpg
13213,1280,720,631.94293,353.39117,986.8637,986.74805,0.448,-0.123,1.089,0.080434,-0.022784,-0.023840,-0.996214,img_7.jpg
13288,1280,720,631.94293,353.39117,986.8637,986.74805,0.448,-0.125,1.100,0.079051,-0.024178,-0.023572,-0.996299,img_8.jpg
13361,1280,720,631.94293,353.39117,986.8637,986.74805,0.450,-0.122,1.121,0.075996,-0.019947,-0.020063,-0.996707,img_9.jpg,marker_1.jpg,0.27704743,0.27704743,0.420,-0.186,0.506,-0.702409,-0.017709,0.014970,0.014970
13446,1280,720,631.94293,353.39117,986.8637,986.74805,0.451,-0.114,1.141,0.069995,-0.017658,-0.015458,-0.997271,img_10.jpg
13514,1280,720,631.94293,353.39117,986.8637,986.74805,0.449,-0.104,1.167,0.057163,-0.019571,-0.010644,-0.998116,img_11.jpg
13585,1280,720,631.94293,353.39117,986.8637,986.74805,0.446,-0.098,1.193,0.059961,-0.014814,-0.008048,-0.998058,img_12.jpg
13681,1280,720,631.94293,353.39117,986.8637,986.74805,0.441,-0.100,1.229,0.064484,-0.005418,-0.002727,-0.997900,img_13.jpg
13748,1280,720,631.94293,353.39117,986.8637,986.74805,0.436,-0.108,1.253,0.069801,0.003199,-0.013914,-0.997459,img_14.jpg
13820,1280,720,631.94293,353.39117,986.8637,986.74805,0.438,-0.123,1.276,0.084720,-0.000274,-0.009804,-0.996357,img_15.jpg
13896,1280,720,631.94293,353.39117,986.8637,986.74805,0.449,-0.156,1.314,0.115748,-0.003495,-0.005351,-0.993258,img_16.jpg
13980,1280,720,631.94293,353.39117,986.8637,986.74805,0.454,-0.181,1.341,0.139173,-0.003332,-0.012432,-0.990185,img_17.jpg
14050,1280,720,631.94293,353.39117,986.8637,986.74805,0.458,-0.204,1.366,0.163609,-0.010665,-0.011009,-0.986406,img_18.jpg
14123,1280,720,631.94293,353.39117,986.8637,986.74805,0.459,-0.229,1.391,0.186679,-0.015130,-0.014675,-0.982195,img_19.jpg
14197,1280,720,631.94293,353.39117,986.8637,986.74805,0.453,-0.264,1.426,0.219244,-0.029515,-0.032088,-0.974696,img_20.jpg
14281,1280,720,631.94293,353.39117,986.8637,986.74805,0.446,-0.290,1.447,0.244051,-0.040571,-0.037564,-0.968185,img_21.jpg
14353,1280,720,631.94293,353.39117,986.8637,986.74805,0.435,-0.309,1.466,0.265331,-0.051496,-0.047630,-0.961602,img_22.jpg
14433,1280,720,631.94293,353.39117,986.8637,986.74805,0.407,-0.332,1.494,0.285056,-0.076951,-0.061643,-0.953426,img_23.jpg
14514,1280,720,631.94293,353.39117,986.8637,986.74805,0.384,-0.346,1.508,0.298625,-0.097568,-0.071069,-0.946706,img_24.jpg
14590,1280,720,631.94293,353.39117,986.8637,986.74805,0.353,-0.366,1.523,0.308780,-0.115862,-0.078830,-0.940753,img_25.jpg
14679,1280,720,631.94293,353.39117,986.8637,986.74805,0.294,-0.384,1.542,0.319519,-0.153265,-0.093076,-0.930459,img_26.jpg
14753,1280,720,631.94293,353.39117,986.8637,986.74805,0.248,-0.396,1.555,0.325674,-0.179865,-0.100744,-0.922733,img_27.jpg
14823,1280,720,631.94293,353.39117,986.8637,986.74805,0.196,-0.406,1.567,0.327278,-0.206075,-0.110350,-0.915557,img_28.jpg
14900,1280,720,631.94293,353.39117,986.8637,986.74805,0.112,-0.417,1.579,0.320058,-0.248807,-0.127354,-0.905229,img_29.jpg
14979,1280,720,631.94293,353.39117,986.8637,986.74805,0.053,-0.424,1.584,0.317423,-0.272419,-0.137331,-0.897870,img_30.jpg
15056,1280,720,631.94293,353.39117,986.8637,986.74805,-0.007,-0.431,1.597,0.313840,-0.290658,-0.149550,-0.891435,img_31.jpg
15129,1280,720,631.94293,353.39117,986.8637,986.74805,-0.066,-0.435,1.600,0.326985,-0.299872,-0.153682,-0.882916,img_32.jpg
15208,1280,720,631.94293,353.39117,986.8637,986.74805,-0.152,-0.438,1.613,0.337387,-0.320025,-0.162256,-0.870303,img_33.jpg
15297,1280,720,631.94293,353.39117,986.8637,986.74805,-0.238,-0.440,1.617,0.335373,-0.336784,-0.177186,-0.861804,img_34.jpg
15379,1280,720,631.94293,353.39117,986.8637,986.74805,-0.296,-0.444,1.617,0.338895,-0.339112,-0.181858,-0.858534,img_35.jpg
15452,1280,720,631.94293,353.39117,986.8637,986.74805,-0.352,-0.449,1.620,0.337469,-0.339261,-0.184725,-0.858425,img_36.jpg
15530,1280,720,631.94293,353.39117,986.8637,986.74805,-0.438,-0.462,1.623,0.337771,-0.333262,-0.186501,-0.860270,img_37.jpg
15614,1280,720,631.94293,353.39117,986.8637,986.74805,-0.486,-0.463,1.630,0.333818,-0.331321,-0.186232,-0.862618,img_38.jpg
15690,1280,720,631.94293,353.39117,986.8637,986.74805,-0.541,-0.459,1.637,0.325649,-0.326460,-0.188188,-0.867157,img_39.jpg
15769,1280,720,631.94293,353.39117,986.8637,986.74805,-0.620,-0.446,1.635,0.336409,-0.314215,-0.176181,-0.870091,img_40.jpg
15863,1280,720,631.94293,353.39117,986.8637,986.74805,-0.702,-0.437,1.624,0.330466,-0.311473,-0.170508,-0.874474,img_41.jpg
15944,1280,720,631.94293,353.39117,986.8637,986.74805,-0.755,-0.435,1.607,0.334634,-0.303957,-0.162598,-0.877036,img_42.jpg
16022,1280,720,631.94293,353.39117,986.8637,986.74805,-0.812,-0.434,1.586,0.329957,-0.302005,-0.153052,-0.881191,img_43.jpg
16101,1280,720,631.94293,353.39117,986.8637,986.74805,-0.898,-0.430,1.537,0.321610,-0.295368,-0.132900,-0.889754,img_44.jpg
16197,1280,720,631.94293,353.39117,986.8637,986.74805,-0.982,-0.415,1.477,0.304184,-0.288947,-0.114608,-0.900470,img_45.jpg
16279,1280,720,631.94293,353.39117,986.8637,986.74805,-1.035,-0.402,1.437,0.288076,-0.289068,-0.110149,-0.906266,img_46.jpg
16355,1280,720,631.94293,353.39117,986.8637,986.74805,-1.082,-0.389,1.392,0.304328,-0.282857,-0.101751,-0.903894,img_47.jpg
16432,1280,720,631.94293,353.39117,986.8637,986.74805,-1.148,-0.370,1.329,0.298308,-0.285065,-0.094506,-0.905991,img_48.jpg
16513,1280,720,631.94293,353.39117,986.8637,986.74805,-1.191,-0.360,1.283,0.301878,-0.273589,-0.094289,-0.908366,img_49.jpg
16589,1280,720,631.94293,353.39117,986.8637,986.74805,-1.230,-0.350,1.231,0.302668,-0.268504,-0.084564,-0.910575,img_50.jpg
16668,1280,720,631.94293,353.39117,986.8637,986.74805,-1.296,-0.342,1.148,0.285286,-0.263717,-0.094921,-0.916545,img_51.jpg
16762,1280,720,631.94293,353.39117,986.8637,986.74805,-1.347,-0.344,1.085,0.275648,-0.261255,-0.096469,-0.920031,img_52.jpg
16843,1280,720,631.94293,353.39117,986.8637,986.74805,-1.415,-0.344,0.986,0.272401,-0.265669,-0.074207,-0.921798,img_53.jpg
16930,1280,720,631.94293,353.39117,986.8637,986.74805,-1.459,-0.344,0.924,0.269311,-0.265486,-0.075633,-0.922642,img_54.jpg
17011,1280,720,631.94293,353.39117,986.8637,986.74805,-1.519,-0.325,0.834,0.281542,-0.262885,-0.080971,-0.919276,img_55.jpg
17095,1280,720,631.94293,353.39117,986.8637,986.74805,-1.575,-0.314,0.747,0.302396,-0.271751,-0.082281,-0.909911,img_56.jpg
17178,1280,720,631.94293,353.39117,986.8637,986.74805,-1.612,-0.313,0.691,0.290354,-0.280600,-0.085412,-0.910858,img_57.jpg
17271,1280,720,631.94293,353.39117,986.8637,986.74805,-1.665,-0.315,0.596,0.290521,-0.296044,-0.071530,-0.907105,img_58.jpg
17363,1280,720,631.94293,353.39117,986.8637,986.74805,-1.715,-0.311,0.496,0.276994,-0.316958,-0.067671,-0.904562,img_59.jpg
17443,1280,720,631.94293,353.39117,986.8637,986.74805,-1.749,-0.303,0.430,0.259225,-0.339864,-0.061703,-0.901936,img_60.jpg
17517,1280,720,631.94293,353.39117,986.8637,986.74805,-1.785,-0.287,0.365,0.259245,-0.364316,-0.059809,-0.892462,img_61.jpg
17593,1280,720,631.94293,353.39117,986.8637,986.74805,-1.826,-0.272,0.307,0.247770,-0.384461,-0.073068,-0.886263,img_62.jpg
17672,1280,720,631.94293,353.39117,986.8637,986.74805,-1.893,-0.251,0.223,0.232465,-0.422068,-0.083475,-0.872267,img_63.jpg
17761,1280,720,631.94293,353.39117,986.8637,986.74805,-1.967,-0.241,0.155,0.219092,-0.461940,-0.093647,-0.854307,img_64.jpg
17843,1280,720,631.94293,353.39117,986.8637,986.74805,-2.021,-0.242,0.108,0.203691,-0.484670,-0.104384,-0.844221,img_65.jpg
17907,1280,720,631.94293,353.39117,986.8637,986.74805,-2.076,-0.247,0.061,0.189044,-0.506367,-0.107654,-0.834425,img_66.jpg
17994,1280,720,631.94293,353.39117,986.8637,986.74805,-2.161,-0.252,-0.018,0.177495,-0.525858,-0.112765,-0.824168,img_67.jpg
18095,1280,720,631.94293,353.39117,986.8637,986.74805,-2.264,-0.265,-0.105,0.166053,-0.533702,-0.130217,-0.818922,img_68.jpg
18177,1280,720,631.94293,353.39117,986.8637,986.74805,-2.326,-0.265,-0.154,0.170121,-0.542538,-0.133530,-0.811715,img_69.jpg
18253,1280,720,631.94293,353.39117,986.8637,986.74805,-2.383,-0.264,-0.201,0.172037,-0.549809,-0.139660,-0.805363,img_70.jpg
18324,1280,720,631.94293,353.39117,986.8637,986.74805,-2.442,-0.266,-0.246,0.170771,-0.560161,-0.141133,-0.798210,img_71.jpg
18401,1280,720,631.94293,353.39117,986.8637,986.74805,-2.529,-0.265,-0.315,0.171526,-0.576683,-0.131177,-0.787914,img_72.jpg
18477,1280,720,631.94293,353.39117,986.8637,986.74805,-2.593,-0.265,-0.355,0.165234,-0.593767,-0.129527,-0.776763,img_73.jpg
18557,1280,720,631.94293,353.39117,986.8637,986.74805,-2.663,-0.269,-0.401,0.145362,-0.610144,-0.133104,-0.767383,img_74.jpg
18628,1280,720,631.94293,353.39117,986.8637,986.74805,-2.764,-0.261,-0.472,0.128138,-0.627111,-0.130425,-0.757167,img_75.jpg
18710,1280,720,631.94293,353.39117,986.8637,986.74805,-2.833,-0.254,-0.517,0.127471,-0.635948,-0.129797,-0.749983,img_76.jpg
18782,1280,720,631.94293,353.39117,986.8637,986.74805,-2.902,-0.246,-0.553,0.117970,-0.643161,-0.135770,-0.744307,img_77.jpg
18856,1280,720,631.94293,353.39117,986.8637,986.74805,-3.007,-0.244,-0.595,0.140575,-0.655782,-0.145324,-0.727372,img_78.jpg
18943,1280,720,631.94293,353.39117,986.8637,986.74805,-3.072,-0.250,-0.614,0.138164,-0.657784,-0.158666,-0.723226,img_79.jpg
19011,1280,720,631.94293,353.39117,986.8637,986.74805,-3.148,-0.263,-0.639,0.137165,-0.658239,-0.164318,-0.721739,img_80.jpg
19085,1280,720,631.94293,353.39117,986.8637,986.74805,-3.228,-0.278,-0.672,0.132383,-0.652324,-0.148906,-0.731283,img_81.jpg
19160,1280,720,631.94293,353.39117,986.8637,986.74805,-3.333,-0.286,-0.699,0.118482,-0.646227,-0.144527,-0.739909,img_82.jpg
19243,1280,720,631.94293,353.39117,986.8637,986.74805,-3.410,-0.284,-0.716,0.127130,-0.641603,-0.154981,-0.740382,img_83.jpg
19313,1280,720,631.94293,353.39117,986.8637,986.74805,-3.485,-0.277,-0.735,0.142585,-0.640270,-0.161052,-0.737418,img_84.jpg
19392,1280,720,631.94293,353.39117,986.8637,986.74805,-3.595,-0.269,-0.763,0.127552,-0.639269,-0.160753,-0.741096,img_85.jpg
19493,1280,720,631.94293,353.39117,986.8637,986.74805,-3.712,-0.272,-0.798,0.133536,-0.638478,-0.151534,-0.742666,img_86.jpg
19576,1280,720,631.94293,353.39117,986.8637,986.74805,-3.797,-0.275,-0.823,0.124912,-0.640507,-0.142527,-0.744200,img_87.jpg
19650,1280,720,631.94293,353.39117,986.8637,986.74805,-3.877,-0.278,-0.849,0.119446,-0.645365,-0.131563,-0.742918,img_88.jpg
19725,1280,720,631.94293,353.39117,986.8637,986.74805,-3.995,-0.276,-0.888,0.096331,-0.654017,-0.118521,-0.740902,img_89.jpg
19810,1280,720,631.94293,353.39117,986.8637,986.74805,-4.078,-0.268,-0.913,0.097327,-0.664856,-0.114464,-0.731705,img_90.jpg
19893,1280,720,631.94293,353.39117,986.8637,986.74805,-4.197,-0.258,-0.946,0.099064,-0.676693,-0.112670,-0.720818,img_91.jpg
19992,1280,720,631.94293,353.39117,986.8637,986.74805,-4.279,-0.255,-0.961,0.108575,-0.678487,-0.119383,-0.716669,img_92.jpg
20066,1280,720,631.94293,353.39117,986.8637,986.74805,-4.356,-0.257,-0.974,0.115851,-0.685784,-0.121869,-0.708115,img_93.jpg
20147,1280,720,631.94293,353.39117,986.8637,986.74805,-4.477,-0.273,-0.987,0.114942,-0.688246,-0.135598,-0.703363,img_94.jpg
20228,1280,720,631.94293,353.39117,986.8637,986.74805,-4.597,-0.293,-1.000,0.106032,-0.692485,-0.135995,-0.700519,img_95.jpg
20310,1280,720,631.94293,353.39117,986.8637,986.74805,-4.680,-0.303,-1.011,0.102333,-0.694894,-0.135196,-0.698836,img_96.jpg
20385,1280,720,631.94293,353.39117,986.8637,986.74805,-4.759,-0.308,-1.015,0.094829,-0.693932,-0.137627,-0.700375,img_97.jpg
20465,1280,720,631.94293,353.39117,986.8637,986.74805,-4.889,-0.297,-1.029,0.104670,-0.691043,-0.142872,-0.700779,img_98.jpg
20559,1280,720,631.94293,353.39117,986.8637,986.74805,-5.004,-0.290,-1.044,0.109514,-0.684487,-0.140796,-0.706867,img_99.jpg
20641,1280,720,631.94293,353.39117,986.8637,986.74805,-5.085,-0.290,-1.057,0.105636,-0.681342,-0.129729,-0.712590,img_100.jpg
20716,1280,720,631.94293,353.39117,986.8637,986.74805,-5.163,-0.291,-1.068,0.106272,-0.682328,-0.115454,-0.714006,img_101.jpg
20809,1280,720,631.94293,353.39117,986.8637,986.74805,-5.273,-0.291,-1.087,0.087965,-0.689856,-0.093638,-0.712455,img_102.jpg
20892,1280,720,631.94293,353.39117,986.8637,986.74805,-5.411,-0.285,-1.103,0.081435,-0.701233,-0.088226,-0.702750,img_103.jpg
20975,1280,720,631.94293,353.39117,986.8637,986.74805,-5.496,-0.275,-1.111,0.081115,-0.704698,-0.092814,-0.698718,img_104.jpg
21055,1280,720,631.94293,353.39117,986.8637,986.74805,-5.587,-0.266,-1.118,0.079225,-0.710169,-0.094870,-0.693097,img_105.jpg
21142,1280,720,631.94293,353.39117,986.8637,986.74805,-5.670,-0.261,-1.121,0.086748,-0.708240,-0.101123,-0.693286,img_106.jpg
21227,1280,720,631.94293,353.39117,986.8637,986.74805,-5.789,-0.268,-1.121,0.092060,-0.713411,-0.110867,-0.685768,img_107.jpg
21306,1280,720,631.94293,353.39117,986.8637,986.74805,-5.903,-0.289,-1.122,0.086938,-0.714647,-0.123164,-0.683047,img_108.jpg
21392,1280,720,631.94293,353.39117,986.8637,986.74805,-6.029,-0.303,-1.131,0.096480,-0.722732,-0.111566,-0.675206,img_109.jpg
21475,1280,720,631.94293,353.39117,986.8637,986.74805,-6.103,-0.299,-1.133,0.090274,-0.725812,-0.098537,-0.674787,img_110.jpg
21550,1280,720,631.94293,353.39117,986.8637,986.74805,-6.180,-0.288,-1.132,0.078938,-0.719309,-0.095034,-0.683617,img_111.jpg
21632,1280,720,631.94293,353.39117,986.8637,986.74805,-6.295,-0.273,-1.133,0.089699,-0.717999,-0.089378,-0.684429,img_112.jpg
21731,1280,720,631.94293,353.39117,986.8637,986.74805,-6.405,-0.276,-1.131,0.084207,-0.710196,-0.098422,-0.691986,img_113.jpg
21810,1280,720,631.94293,353.39117,986.8637,986.74805,-6.452,-0.278,-1.133,0.089461,-0.703666,-0.095075,-0.698435,img_114.jpg
21888,1280,720,631.94293,353.39117,986.8637,986.74805,-6.569,-0.283,-1.142,0.073112,-0.705035,-0.080761,-0.700756,img_115.jpg
21975,1280,720,631.94293,353.39117,986.8637,986.74805,-6.645,-0.286,-1.148,0.067853,-0.708420,-0.074960,-0.698511,img_116.jpg
22052,1280,720,631.94293,353.39117,986.8637,986.74805,-6.731,-0.283,-1.152,0.068860,-0.712447,-0.071850,-0.694633,img_117.jpg
22126,1280,720,631.94293,353.39117,986.8637,986.74805,-6.859,-0.270,-1.158,0.080009,-0.717430,-0.072336,-0.688230,img_118.jpg
22209,1280,720,631.94293,353.39117,986.8637,986.74805,-6.943,-0.263,-1.156,0.072393,-0.716691,-0.077130,-0.689321,img_119.jpg
22291,1280,720,631.94293,353.39117,986.8637,986.74805,-7.076,-0.261,-1.148,0.084805,-0.719319,-0.078615,-0.684988,img_120.jpg
22391,1280,720,631.94293,353.39117,986.8637,986.74805,-7.170,-0.270,-1.140,0.091523,-0.717287,-0.088153,-0.685092,img_121.jpg
22469,1280,720,631.94293,353.39117,986.8637,986.74805,-7.307,-0.288,-1.125,0.080212,-0.714958,-0.096065,-0.687875,img_122.jpg
22557,1280,720,631.94293,353.39117,986.8637,986.74805,-7.396,-0.296,-1.119,0.072289,-0.714794,-0.094347,-0.689161,img_123.jpg
22635,1280,720,631.94293,353.39117,986.8637,986.74805,-7.517,-0.298,-1.104,0.057843,-0.714123,-0.099675,-0.690469,img_124.jpg
22725,1280,720,631.94293,353.39117,986.8637,986.74805,-7.635,-0.291,-1.094,0.076964,-0.715232,-0.091747,-0.688551,img_125.jpg
22808,1280,720,631.94293,353.39117,986.8637,986.74805,-7.722,-0.288,-1.087,0.072252,-0.701115,-0.096104,-0.702838,img_126.jpg
22885,1280,720,631.94293,353.39117,986.8637,986.74805,-7.812,-0.291,-1.086,0.079887,-0.699430,-0.092584,-0.704162,img_127.jpg
22972,1280,720,631.94293,353.39117,986.8637,986.74805,-7.926,-0.301,-1.081,0.083195,-0.690395,-0.093371,-0.712541,img_128.jpg
23057,1280,720,631.94293,353.39117,986.8637,986.74805,-8.006,-0.310,-1.077,0.081931,-0.693287,-0.089464,-0.710378,img_129.jpg
23133,1280,720,631.94293,353.39117,986.8637,986.74805,-8.137,-0.318,-1.077,0.080180,-0.699088,-0.091351,-0.704629,img_130.jpg
23227,1280,720,631.94293,353.39117,986.8637,986.74805,-8.218,-0.315,-1.078,0.088334,-0.700247,-0.092990,-0.702285,img_131.jpg
23305,1280,720,631.94293,353.39117,986.8637,986.74805,-8.359,-0.307,-1.080,0.093842,-0.698181,-0.091223,-0.703858,img_132.jpg
23390,1280,720,631.94293,353.39117,986.8637,986.74805,-8.440,-0.304,-1.082,0.111686,-0.692608,-0.096226,-0.706088,img_133.jpg
23464,1280,720,631.94293,353.39117,986.8637,986.74805,-8.563,-0.309,-1.079,0.116914,-0.683015,-0.104429,-0.713384,img_134.jpg
23561,1280,720,631.94293,353.39117,986.8637,986.74805,-8.684,-0.321,-1.074,0.109803,-0.682606,-0.111284,-0.713869,img_135.jpg
23644,1280,720,631.94293,353.39117,986.8637,986.74805,-8.767,-0.329,-1.070,0.108884,-0.680956,-0.112706,-0.715360,img_136.jpg
23726,1280,720,631.94293,353.39117,986.8637,986.74805,-8.890,-0.334,-1.061,0.100704,-0.680423,-0.112529,-0.717092,img_137.jpg
23809,1280,720,631.94293,353.39117,986.8637,986.74805,-8.969,-0.331,-1.054,0.105679,-0.676714,-0.116840,-0.719193,img_138.jpg
23891,1280,720,631.94293,353.39117,986.8637,986.74805,-9.093,-0.328,-1.051,0.113838,-0.673279,-0.123625,-0.720037,img_139.jpg
23973,1280,720,631.94293,353.39117,986.8637,986.74805,-9.175,-0.330,-1.050,0.119655,-0.671344,-0.128835,-0.719987,img_140.jpg
24049,1280,720,631.94293,353.39117,986.8637,986.74805,-9.262,-0.335,-1.055,0.117834,-0.666384,-0.120588,-0.726296,img_141.jpg
24127,1280,720,631.94293,353.39117,986.8637,986.74805,-9.386,-0.344,-1.058,0.115097,-0.664074,-0.109097,-0.730655,img_142.jpg
24207,1280,720,631.94293,353.39117,986.8637,986.74805,-9.477,-0.352,-1.063,0.110098,-0.666491,-0.101641,-0.730300,img_143.jpg
24286,1280,720,631.94293,353.39117,986.8637,986.74805,-9.567,-0.354,-1.062,0.110852,-0.671693,-0.096803,-0.726065,img_144.jpg
24365,1280,720,631.94293,353.39117,986.8637,986.74805,-9.699,-0.348,-1.067,0.128202,-0.676585,-0.100064,-0.718181,img_145.jpg
24457,1280,720,631.94293,353.39117,986.8637,986.74805,-9.822,-0.333,-1.058,0.112238,-0.677256,-0.102978,-0.719807,img_146.jpg
24538,1280,720,631.94293,353.39117,986.8637,986.74805,-9.905,-0.331,-1.053,0.118441,-0.677863,-0.109549,-0.717267,img_147.jpg
24609,1280,720,631.94293,353.39117,986.8637,986.74805,-9.996,-0.333,-1.046,0.120713,-0.677640,-0.117275,-0.715877,img_148.jpg
24679,1280,720,631.94293,353.39117,986.8637,986.74805,-10.081,-0.338,-1.037,0.121370,-0.678751,-0.117330,-0.714703,img_149.jpg
24749,1280,720,631.94293,353.39117,986.8637,986.74805,-10.167,-0.348,-1.029,0.114045,-0.680199,-0.109022,-0.715848,img_150.jpg
24817,1280,720,631.94293,353.39117,986.8637,986.74805,-10.254,-0.352,-1.021,0.109455,-0.680442,-0.096704,-0.718099,img_151.jpg
24889,1280,720,631.94293,353.39117,986.8637,986.74805,-10.339,-0.353,-1.012,0.105993,-0.680259,-0.090676,-0.719577,img_152.jpg
24962,1280,720,631.94293,353.39117,986.8637,986.74805,-10.470,-0.342,-0.999,0.106148,-0.672138,-0.098695,-0.726101,img_153.jpg
25037,1280,720,631.94293,353.39117,986.8637,986.74805,-10.553,-0.333,-0.996,0.103027,-0.669270,-0.091611,-0.730117,img_154.jpg
25106,1280,720,631.94293,353.39117,986.8637,986.74805,-10.641,-0.325,-0.997,0.107993,-0.660682,-0.096512,-0.736561,img_155.jpg
25178,1280,720,631.94293,353.39117,986.8637,986.74805,-10.736,-0.328,-1.001,0.113712,-0.657302,-0.096364,-0.738740,img_156.jpg
25250,1280,720,631.94293,353.39117,986.8637,986.74805,-10.816,-0.336,-1.002,0.117227,-0.652010,-0.110067,-0.740963,img_157.jpg
25317,1280,720,631.94293,353.39117,986.8637,986.74805,-10.898,-0.341,-1.005,0.111184,-0.656704,-0.100459,-0.739112,img_158.jpg
25387,1280,720,631.94293,353.39117,986.8637,986.74805,-10.978,-0.342,-1.010,0.108469,-0.662228,-0.089834,-0.735947,img_159.jpg
25458,1280,720,631.94293,353.39117,986.8637,986.74805,-11.098,-0.335,-1.029,0.101416,-0.662190,-0.077170,-0.738420,img_160.jpg
25537,1280,720,631.94293,353.39117,986.8637,986.74805,-11.181,-0.324,-1.044,0.099237,-0.657022,-0.074318,-0.743607,img_161.jpg
25605,1280,720,631.94293,353.39117,986.8637,986.74805,-11.276,-0.315,-1.055,0.102088,-0.653870,-0.071531,-0.746268,img_162.jpg
25676,1280,720,631.94293,353.39117,986.8637,986.74805,-11.354,-0.313,-1.065,0.106556,-0.649374,-0.078194,-0.748896,img_163.jpg
25747,1280,720,631.94293,353.39117,986.8637,986.74805,-11.431,-0.319,-1.076,0.108223,-0.652602,-0.084554,-0.745151,img_164.jpg
25816,1280,720,631.94293,353.39117,986.8637,986.74805,-11.515,-0.330,-1.080,0.115411,-0.654583,-0.096592,-0.740859,img_165.jpg
25885,1280,720,631.94293,353.39117,986.8637,986.74805,-11.630,-0.352,-1.083,0.108037,-0.657897,-0.103757,-0.738061,img_166.jpg
25971,1280,720,631.94293,353.39117,986.8637,986.74805,-11.709,-0.365,-1.083,0.111056,-0.661176,-0.102842,-0.734804,img_167.jpg
26041,1280,720,631.94293,353.39117,986.8637,986.74805,-11.792,-0.371,-1.083,0.114378,-0.659651,-0.102535,-0.735707,img_168.jpg
26114,1280,720,631.94293,353.39117,986.8637,986.74805,-11.871,-0.377,-1.081,0.126583,-0.654191,-0.119243,-0.736065,img_169.jpg
26207,1280,720,631.94293,353.39117,986.8637,986.74805,-11.992,-0.378,-1.084,0.128338,-0.652218,-0.124942,-0.736567,img_170.jpg
26288,1280,720,631.94293,353.39117,986.8637,986.74805,-12.123,-0.377,-1.097,0.128989,-0.649246,-0.118294,-0.740168,img_171.jpg
26371,1280,720,631.94293,353.39117,986.8637,986.74805,-12.201,-0.378,-1.102,0.124202,-0.646418,-0.114121,-0.744106,img_172.jpg
26440,1280,720,631.94293,353.39117,986.8637,986.74805,-12.284,-0.383,-1.110,0.113115,-0.649214,-0.107268,-0.744460,img_173.jpg
26509,1280,720,631.94293,353.39117,986.8637,986.74805,-12.357,-0.390,-1.118,0.099944,-0.653021,-0.102904,-0.743630,img_174.jpg
26606,1280,720,631.94293,353.39117,986.8637,986.74805,-12.477,-0.386,-1.136,0.101131,-0.657616,-0.100312,-0.739765,img_175.jpg
26683,1280,720,631.94293,353.39117,986.8637,986.74805,-12.618,-0.373,-1.155,0.116297,-0.662670,-0.095991,-0.733573,img_176.jpg
26771,1280,720,631.94293,353.39117,986.8637,986.74805,-12.664,-0.362,-1.161,0.111467,-0.665847,-0.097506,-0.731242,img_177.jpg
26855,1280,720,631.94293,353.39117,986.8637,986.74805,-12.713,-0.353,-1.161,0.120723,-0.668029,-0.103276,-0.726978,img_178.jpg
26928,1280,720,631.94293,353.39117,986.8637,986.74805,-12.837,-0.357,-1.161,0.122532,-0.675542,-0.113334,-0.718181,img_179.jpg
27023,1280,720,631.94293,353.39117,986.8637,986.74805,-12.956,-0.372,-1.160,0.113493,-0.682952,-0.122346,-0.711145,img_180.jpg
27105,1280,720,631.94293,353.39117,986.8637,986.74805,-13.017,-0.375,-1.155,0.126186,-0.692817,-0.122896,-0.699270,img_181.jpg
27181,1280,720,631.94293,353.39117,986.8637,986.74805,-13.086,-0.372,-1.154,0.110525,-0.691219,-0.115210,-0.704789,img_182.jpg
27272,1280,720,631.94293,353.39117,986.8637,986.74805,-13.222,-0.356,-1.153,0.104695,-0.676922,-0.114267,-0.719554,img_183.jpg
27345,1280,720,631.94293,353.39117,986.8637,986.74805,-13.305,-0.346,-1.156,0.105786,-0.673989,-0.110189,-0.722777,img_184.jpg
27423,1280,720,631.94293,353.39117,986.8637,986.74805,-13.420,-0.343,-1.165,0.106692,-0.670022,-0.106875,-0.726819,img_185.jpg
27506,1280,720,631.94293,353.39117,986.8637,986.74805,-13.493,-0.347,-1.176,0.102327,-0.665858,-0.099630,-0.732281,img_186.jpg
27582,1280,720,631.94293,353.39117,986.8637,986.74805,-13.619,-0.355,-1.190,0.094199,-0.667434,-0.085437,-0.733729,img_187.jpg
27670,1280,720,631.94293,353.39117,986.8637,986.74805,-13.705,-0.362,-1.197,0.088625,-0.670456,-0.081928,-0.732067,img_188.jpg
27745,1280,720,631.94293,353.39117,986.8637,986.74805,-13.793,-0.362,-1.209,0.086273,-0.673664,-0.081496,-0.729447,img_189.jpg
27824,1280,720,631.94293,353.39117,986.8637,986.74805,-13.913,-0.355,-1.234,0.097515,-0.677450,-0.083473,-0.724283,img_190.jpg
27904,1280,720,631.94293,353.39117,986.8637,986.74805,-13.987,-0.352,-1.239,0.096961,-0.676431,-0.088905,-0.724663,img_191.jpg
27971,1280,720,631.94293,353.39117,986.8637,986.74805,-14.065,-0.351,-1.247,0.110409,-0.678160,-0.090797,-0.720878,img_192.jpg
28051,1280,720,631.94293,353.39117,986.8637,986.74805,-14.138,-0.355,-1.251,0.107889,-0.681743,-0.092355,-0.717675,img_193.jpg
28136,1280,720,631.94293,353.39117,986.8637,986.74805,-14.262,-0.373,-1.257,0.107594,-0.683705,-0.099928,-0.714833,img_194.jpg
28204,1280,720,631.94293,353.39117,986.8637,986.74805,-14.341,-0.388,-1.260,0.104426,-0.683394,-0.099678,-0.715634,img_195.jpg
28286,1280,720,631.94293,353.39117,986.8637,986.74805,-14.456,-0.400,-1.263,0.091726,-0.681719,-0.099442,-0.718997,img_196.jpg
28370,1280,720,631.94293,353.39117,986.8637,986.74805,-14.547,-0.396,-1.266,0.093045,-0.676318,-0.105038,-0.723121,img_197.jpg
28452,1280,720,631.94293,353.39117,986.8637,986.74805,-14.627,-0.389,-1.268,0.094247,-0.676414,-0.109126,-0.722269,img_198.jpg
28530,1280,720,631.94293,353.39117,986.8637,986.74805,-14.746,-0.379,-1.270,0.095187,-0.682338,-0.114437,-0.715722,img_199.jpg
28625,1280,720,631.94293,353.39117,986.8637,986.74805,-14.871,-0.381,-1.273,0.083762,-0.681906,-0.105809,-0.718883,img_200.jpg
28724,1280,720,631.94293,353.39117,986.8637,986.74805,-14.988,-0.388,-1.281,0.070608,-0.684437,-0.089920,-0.720052,img_201.jpg
28805,1280,720,631.94293,353.39117,986.8637,986.74805,-15.081,-0.394,-1.290,0.070897,-0.688753,-0.086050,-0.716372,img_202.jpg
28889,1280,720,631.94293,353.39117,986.8637,986.74805,-15.223,-0.395,-1.297,0.089799,-0.698503,-0.098780,-0.703045,img_203.jpg
28986,1280,720,631.94293,353.39117,986.8637,986.74805,-15.352,-0.384,-1.299,0.098825,-0.704213,-0.108021,-0.694730,img_204.jpg
29069,1280,720,631.94293,353.39117,986.8637,986.74805,-15.432,-0.381,-1.296,0.098671,-0.704125,-0.108278,-0.694801,img_205.jpg
29146,1280,720,631.94293,353.39117,986.8637,986.74805,-15.513,-0.375,-1.296,0.106286,-0.702864,-0.110096,-0.694669,img_206.jpg
29225,1280,720,631.94293,353.39117,986.8637,986.74805,-15.635,-0.389,-1.289,0.096611,-0.703097,-0.113755,-0.695256,img_207.jpg
29322,1280,720,631.94293,353.39117,986.8637,986.74805,-15.755,-0.410,-1.279,0.094279,-0.699396,-0.111323,-0.699688,img_208.jpg
29404,1280,720,631.94293,353.39117,986.8637,986.74805,-15.842,-0.414,-1.273,0.085981,-0.697467,-0.109320,-0.702991,img_209.jpg
29479,1280,720,631.94293,353.39117,986.8637,986.74805,-15.963,-0.408,-1.264,0.110667,-0.686704,-0.122534,-0.707938,img_210.jpg
29570,1280,720,631.94293,353.39117,986.8637,986.74805,-16.037,-0.398,-1.259,0.101113,-0.684869,-0.112648,-0.712770,img_211.jpg
29646,1280,720,631.94293,353.39117,986.8637,986.74805,-16.145,-0.397,-1.258,0.113148,-0.679889,-0.111502,-0.715903,img_212.jpg
29734,1280,720,631.94293,353.39117,986.8637,986.74805,-16.223,-0.404,-1.259,0.118769,-0.675856,-0.107807,-0.719368,img_213.jpg
29809,1280,720,631.94293,353.39117,986.8637,986.74805,-16.304,-0.412,-1.258,0.112597,-0.676219,-0.104091,-0.720566,img_214.jpg
29885,1280,720,631.94293,353.39117,986.8637,986.74805,-16.433,-0.423,-1.262,0.102147,-0.675545,-0.100136,-0.723310,img_215.jpg
29968,1280,720,631.94293,353.39117,986.8637,986.74805,-16.520,-0.427,-1.268,0.096641,-0.678487,-0.102610,-0.720963,img_216.jpg
30047,1280,720,631.94293,353.39117,986.8637,986.74805,-16.602,-0.421,-1.278,0.110591,-0.677187,-0.105250,-0.719798,img_217.jpg
30128,1280,720,631.94293,353.39117,986.8637,986.74805,-16.727,-0.414,-1.291,0.123767,-0.675464,-0.102193,-0.719714,img_218.jpg
30219,1280,720,631.94293,353.39117,986.8637,986.74805,-16.809,-0.409,-1.292,0.131253,-0.671503,-0.106008,-0.721540,img_219.jpg
30291,1280,720,631.94293,353.39117,986.8637,986.74805,-16.923,-0.409,-1.292,0.126207,-0.673615,-0.111970,-0.719567,img_220.jpg
30384,1280,720,631.94293,353.39117,986.8637,986.74805,-17.053,-0.426,-1.287,0.113364,-0.676337,-0.115651,-0.718569,img_221.jpg
30468,1280,720,631.94293,353.39117,986.8637,986.74805,-17.130,-0.430,-1.279,0.104773,-0.677109,-0.110779,-0.719912,img_222.jpg
30545,1280,720,631.94293,353.39117,986.8637,986.74805,-17.210,-0.433,-1.271,0.094392,-0.679718,-0.105140,-0.719735,img_223.jpg
30619,1280,720,631.94293,353.39117,986.8637,986.74805,-17.336,-0.433,-1.259,0.099375,-0.676284,-0.116760,-0.720508,img_224.jpg
30701,1280,720,631.94293,353.39117,986.8637,986.74805,-17.419,-0.433,-1.255,0.097174,-0.676582,-0.123574,-0.719391,img_225.jpg
30785,1280,720,631.94293,353.39117,986.8637,986.74805,-17.525,-0.432,-1.247,0.093076,-0.675219,-0.130221,-0.720041,img_226.jpg
30867,1280,720,631.94293,353.39117,986.8637,986.74805,-17.582,-0.435,-1.250,0.101832,-0.669924,-0.126128,-0.724516,img_227.jpg
30944,1280,720,631.94293,353.39117,986.8637,986.74805,-17.661,-0.439,-1.249,0.098476,-0.668978,-0.120177,-0.726862,img_228.jpg
31025,1280,720,631.94293,353.39117,986.8637,986.74805,-17.789,-0.452,-1.257,0.094630,-0.673580,-0.113778,-0.724148,img_229.jpg
31119,1280,720,631.94293,353.39117,986.8637,986.74805,-17.918,-0.456,-1.266,0.109352,-0.678270,-0.110961,-0.718109,img_230.jpg
31202,1280,720,631.94293,353.39117,986.8637,986.74805,-17.992,-0.455,-1.273,0.114726,-0.678013,-0.111806,-0.717381,img_231.jpg
31280,1280,720,631.94293,353.39117,986.8637,986.74805,-18.110,-0.449,-1.270,0.113609,-0.682675,-0.114831,-0.712645,img_232.jpg
31367,1280,720,631.94293,353.39117,986.8637,986.74805,-18.193,-0.449,-1.267,0.119365,-0.686367,-0.120330,-0.707229,img_233.jpg
31446,1280,720,631.94293,353.39117,986.8637,986.74805,-18.279,-0.456,-1.262,0.114509,-0.691113,-0.127845,-0.702073,img_234.jpg
31533,1280,720,631.94293,353.39117,986.8637,986.74805,-18.398,-0.471,-1.251,0.106383,-0.695220,-0.130390,-0.698821,img_235.jpg
31606,1280,720,631.94293,353.39117,986.8637,986.74805,-18.483,-0.480,-1.243,0.106827,-0.694444,-0.125702,-0.700382,img_236.jpg
31702,1280,720,631.94293,353.39117,986.8637,986.74805,-18.593,-0.481,-1.225,0.096523,-0.690620,-0.125383,-0.705696,img_237.jpg
31777,1280,720,631.94293,353.39117,986.8637,986.74805,-18.663,-0.477,-1.216,0.105091,-0.684006,-0.131200,-0.709844,img_238.jpg
31856,1280,720,631.94293,353.39117,986.8637,986.74805,-18.737,-0.468,-1.213,0.105634,-0.683225,-0.124669,-0.711691,img_239.jpg
31930,1280,720,631.94293,353.39117,986.8637,986.74805,-18.850,-0.468,-1.206,0.106961,-0.675494,-0.127074,-0.718414,img_240.jpg
32017,1280,720,631.94293,353.39117,986.8637,986.74805,-18.952,-0.474,-1.200,0.109556,-0.670127,-0.118055,-0.724562,img_241.jpg
32101,1280,720,631.94293,353.39117,986.8637,986.74805,-19.021,-0.476,-1.197,0.100907,-0.671076,-0.108338,-0.726456,img_242.jpg
32168,1280,720,631.94293,353.39117,986.8637,986.74805,-19.116,-0.484,-1.195,0.099787,-0.675453,-0.100806,-0.723633,img_243.jpg
32237,1280,720,631.94293,353.39117,986.8637,986.74805,-19.200,-0.483,-1.192,0.099778,-0.679609,-0.096284,-0.720351,img_244.jpg
32303,1280,720,631.94293,353.39117,986.8637,986.74805,-19.284,-0.477,-1.187,0.109085,-0.684585,-0.095486,-0.714371,img_245.jpg
32372,1280,720,631.94293,353.39117,986.8637,986.74805,-19.367,-0.470,-1.182,0.114335,-0.691558,-0.095984,-0.706726,img_246.jpg
32440,1280,720,631.94293,353.39117,986.8637,986.74805,-19.449,-0.468,-1.175,0.113370,-0.689526,-0.104092,-0.707719,img_247.jpg
32507,1280,720,631.94293,353.39117,986.8637,986.74805,-19.529,-0.466,-1.169,0.124146,-0.691418,-0.103846,-0.704092,img_248.jpg
32575,1280,720,631.94293,353.39117,986.8637,986.74805,-19.611,-0.469,-1.166,0.122817,-0.689158,-0.107112,-0.706048,img_249.jpg
32648,1280,720,631.94293,353.39117,986.8637,986.74805,-19.733,-0.482,-1.160,0.112973,-0.687902,-0.105593,-0.709139,img_250.jpg
32716,1280,720,631.94293,353.39117,986.8637,986.74805,-19.773,-0.487,-1.159,0.110620,-0.687017,-0.105076,-0.710444,img_251.jpg
32784,1280,720,631.94293,353.39117,986.8637,986.74805,-19.891,-0.499,-1.153,0.101780,-0.680465,-0.107440,-0.717680,img_252.jpg
32865,1280,720,631.94293,353.39117,986.8637,986.74805,-19.966,-0.499,-1.153,0.111952,-0.671722,-0.116290,-0.723003,img_253.jpg
32936,1280,720,631.94293,353.39117,986.8637,986.74805,-20.038,-0.495,-1.155,0.123859,-0.672230,-0.117360,-0.720411,img_254.jpg
33002,1280,720,631.94293,353.39117,986.8637,986.74805,-20.110,-0.494,-1.156,0.122898,-0.669727,-0.121270,-0.722257,img_255.jpg
33069,1280,720,631.94293,353.39117,986.8637,986.74805,-20.185,-0.493,-1.156,0.126317,-0.673443,-0.117585,-0.718813,img_256.jpg
33140,1280,720,631.94293,353.39117,986.8637,986.74805,-20.247,-0.497,-1.161,0.131099,-0.672717,-0.113597,-0.719278,img_257.jpg
33209,1280,720,631.94293,353.39117,986.8637,986.74805,-20.322,-0.505,-1.168,0.127364,-0.675601,-0.108724,-0.717998,img_258.jpg
33274,1280,720,631.94293,353.39117,986.8637,986.74805,-20.417,-0.514,-1.179,0.122665,-0.679366,-0.104441,-0.715896,img_259.jpg
33344,1280,720,631.94293,353.39117,986.8637,986.74805,-20.545,-0.517,-1.202,0.120532,-0.685772,-0.105684,-0.709944,img_260.jpg
33416,1280,720,631.94293,353.39117,986.8637,986.74805,-20.626,-0.511,-1.217,0.120722,-0.690037,-0.111786,-0.704826,img_261.jpg
33483,1280,720,631.94293,353.39117,986.8637,986.74805,-20.704,-0.498,-1.232,0.117139,-0.693296,-0.111387,-0.702290,img_262.jpg
33565,1280,720,631.94293,353.39117,986.8637,986.74805,-20.774,-0.487,-1.250,0.125942,-0.697057,-0.109215,-0.697369,img_263.jpg
33636,1280,720,631.94293,353.39117,986.8637,986.74805,-20.857,-0.482,-1.260,0.130383,-0.700125,-0.113073,-0.692849,img_264.jpg
33702,1280,720,631.94293,353.39117,986.8637,986.74805,-20.940,-0.483,-1.267,0.127846,-0.708275,-0.117518,-0.684245,img_265.jpg
33773,1280,720,631.94293,353.39117,986.8637,986.74805,-21.036,-0.490,-1.274,0.119895,-0.716084,-0.120039,-0.677082,img_266.jpg
33844,1280,720,631.94293,353.39117,986.8637,986.74805,-21.148,-0.495,-1.279,0.099790,-0.725367,-0.114558,-0.671388,img_267.jpg
33915,1280,720,631.94293,353.39117,986.8637,986.74805,-21.228,-0.493,-1.280,0.097858,-0.731215,-0.111846,-0.665762,img_268.jpg
33999,1280,720,631.94293,353.39117,986.8637,986.74805,-21.312,-0.480,-1.283,0.101335,-0.731990,-0.117710,-0.663375,img_269.jpg
34065,1280,720,631.94293,353.39117,986.8637,986.74805,-21.400,-0.467,-1.287,0.113297,-0.745685,-0.110013,-0.647314,img_270.jpg
34133,1280,720,631.94293,353.39117,986.8637,986.74805,-21.478,-0.464,-1.289,0.108254,-0.749820,-0.111664,-0.643104,img_271.jpg
34215,1280,720,631.94293,353.39117,986.8637,986.74805,-21.596,-0.466,-1.298,0.110541,-0.758111,-0.105177,-0.634024,img_272.jpg
34285,1280,720,631.94293,353.39117,986.8637,986.74805,-21.686,-0.471,-1.302,0.110943,-0.763162,-0.101179,-0.628520,img_273.jpg
34364,1280,720,631.94293,353.39117,986.8637,986.74805,-21.768,-0.478,-1.307,0.102975,-0.769945,-0.097953,-0.622082,img_274.jpg
34429,1280,720,631.94293,353.39117,986.8637,986.74805,-21.854,-0.483,-1.314,0.092785,-0.777691,-0.098072,-0.613978,img_275.jpg
34498,1280,720,631.94293,353.39117,986.8637,986.74805,-21.932,-0.480,-1.324,0.084747,-0.787786,-0.094033,-0.602801,img_276.jpg
34565,1280,720,631.94293,353.39117,986.8637,986.74805,-22.024,-0.477,-1.330,0.090014,-0.794326,-0.099125,-0.592552,img_277.jpg
34636,1280,720,631.94293,353.39117,986.8637,986.74805,-22.106,-0.469,-1.338,0.082375,-0.804547,-0.100446,-0.579507,img_278.jpg
34702,1280,720,631.94293,353.39117,986.8637,986.74805,-22.189,-0.465,-1.338,0.085217,-0.811345,-0.105546,-0.568610,img_279.jpg
34781,1280,720,631.94293,353.39117,986.8637,986.74805,-22.313,-0.470,-1.333,0.088389,-0.824954,-0.113654,-0.546554,img_280.jpg
34864,1280,720,631.94293,353.39117,986.8637,986.74805,-22.389,-0.483,-1.319,0.087383,-0.832360,-0.125730,-0.532667,img_281.jpg
34930,1280,720,631.94293,353.39117,986.8637,986.74805,-22.470,-0.497,-1.306,0.076166,-0.841038,-0.129609,-0.519668,img_282.jpg
34998,1280,720,631.94293,353.39117,986.8637,986.74805,-22.535,-0.511,-1.291,0.065949,-0.849465,-0.128907,-0.507389,img_283.jpg
35066,1280,720,631.94293,353.39117,986.8637,986.74805,-22.600,-0.518,-1.276,0.055363,-0.856477,-0.127625,-0.497085,img_284.jpg
35136,1280,720,631.94293,353.39117,986.8637,986.74805,-22.676,-0.518,-1.253,0.063913,-0.857984,-0.141413,-0.489674,img_285.jpg
35201,1280,720,631.94293,353.39117,986.8637,986.74805,-22.749,-0.514,-1.233,0.077283,-0.869479,-0.146068,-0.465507,img_286.jpg
35269,1280,720,631.94293,353.39117,986.8637,986.74805,-22.812,-0.514,-1.208,0.068192,-0.875194,-0.153098,-0.453813,img_287.jpg
35340,1280,720,631.94293,353.39117,986.8637,986.74805,-22.879,-0.512,-1.184,0.066115,-0.885650,-0.146873,-0.435525,img_288.jpg
35404,1280,720,631.94293,353.39117,986.8637,986.74805,-22.951,-0.516,-1.156,0.072030,-0.893704,-0.143138,-0.419066,img_289.jpg
35480,1280,720,631.94293,353.39117,986.8637,986.74805,-23.022,-0.523,-1.126,0.069593,-0.904080,-0.139415,-0.397945,img_290.jpg
35548,1280,720,631.94293,353.39117,986.8637,986.74805,-23.133,-0.532,-1.078,0.049360,-0.919086,-0.136848,-0.366221,img_291.jpg
35630,1280,720,631.94293,353.39117,986.8637,986.74805,-23.203,-0.533,-1.043,0.042889,-0.929995,-0.133064,-0.339947,img_292.jpg
35691,1280,720,631.94293,353.39117,986.8637,986.74805,-23.273,-0.529,-1.005,0.039281,-0.937881,-0.137226,-0.316236,img_293.jpg
35781,1280,720,631.94293,353.39117,986.8637,986.74805,-23.336,-0.528,-0.966,0.037693,-0.946501,-0.141149,-0.287735,img_294.jpg
35846,1280,720,631.94293,353.39117,986.8637,986.74805,-23.395,-0.527,-0.916,0.039769,-0.951600,-0.149624,-0.265499,img_295.jpg
35912,1280,720,631.94293,353.39117,986.8637,986.74805,-23.446,-0.524,-0.865,0.047471,-0.959372,-0.150404,-0.233947,img_296.jpg
35980,1280,720,631.94293,353.39117,986.8637,986.74805,-23.497,-0.526,-0.788,0.035950,-0.967525,-0.150913,-0.199572,img_297.jpg
36064,1280,720,631.94293,353.39117,986.8637,986.74805,-23.529,-0.535,-0.729,0.023520,-0.970918,-0.149123,-0.185818,img_298.jpg
36136,1280,720,631.94293,353.39117,986.8637,986.74805,-23.558,-0.541,-0.669,0.020430,-0.974858,-0.143768,-0.169012,img_299.jpg
36207,1280,720,631.94293,353.39117,986.8637,986.74805,-23.590,-0.547,-0.603,0.013088,-0.976037,-0.141632,-0.164687,img_300.jpg
36278,1280,720,631.94293,353.39117,986.8637,986.74805,-23.628,-0.543,-0.502,0.005703,-0.975952,-0.143276,-0.164183,img_301.jpg
36363,1280,720,631.94293,353.39117,986.8637,986.74805,-23.651,-0.544,-0.443,0.012729,-0.977074,-0.144157,-0.156149,img_302.jpg
36430,1280,720,631.94293,353.39117,986.8637,986.74805,-23.672,-0.540,-0.381,0.012985,-0.977676,-0.147684,-0.148899,img_303.jpg
36512,1280,720,631.94293,353.39117,986.8637,986.74805,-23.712,-0.543,-0.282,0.024693,-0.978698,-0.152736,-0.134953,img_304.jpg
36597,1280,720,631.94293,353.39117,986.8637,986.74805,-23.732,-0.546,-0.215,0.028535,-0.980232,-0.150511,-0.125213,img_305.jpg
36667,1280,720,631.94293,353.39117,986.8637,986.74805,-23.753,-0.555,-0.137,0.034803,-0.982207,-0.145381,-0.113677,img_306.jpg
36735,1280,720,631.94293,353.39117,986.8637,986.74805,-23.779,-0.559,-0.055,0.038080,-0.984288,-0.137768,-0.103668,img_307.jpg
36812,1280,720,631.94293,353.39117,986.8637,986.74805,-23.801,-0.557,0.022,0.042405,-0.985516,-0.137817,-0.089258,img_308.jpg
36879,1280,720,631.94293,353.39117,986.8637,986.74805,-23.830,-0.547,0.140,0.035963,-0.985434,-0.144221,-0.082623,img_309.jpg
36963,1280,720,631.94293,353.39117,986.8637,986.74805,-23.848,-0.537,0.214,0.035651,-0.986697,-0.142672,-0.069299,img_310.jpg
37051,1280,720,631.94293,353.39117,986.8637,986.74805,-23.867,-0.530,0.319,0.029681,-0.986007,-0.154488,-0.055165,img_311.jpg
37164,1280,720,631.94293,353.39117,986.8637,986.74805,-23.882,-0.533,0.422,0.018598,-0.986305,-0.159933,-0.035740,img_312.jpg
37248,1280,720,631.94293,353.39117,986.8637,986.74805,-23.898,-0.542,0.536,0.007156,-0.988471,-0.149565,-0.022465,img_313.jpg
37329,1280,720,631.94293,353.39117,986.8637,986.74805,-23.908,-0.548,0.606,0.004913,-0.989783,-0.141687,-0.015188,img_314.jpg
37404,1280,720,631.94293,353.39117,986.8637,986.74805,-23.923,-0.551,0.690,0.001262,-0.990813,-0.134851,-0.010158,img_315.jpg
37483,1280,720,631.94293,353.39117,986.8637,986.74805,-23.937,-0.548,0.801,0.002814,-0.989123,-0.146609,-0.011603,img_316.jpg
37579,1280,720,631.94293,353.39117,986.8637,986.74805,-23.953,-0.545,0.908,0.001902,-0.988665,-0.149318,-0.015541,img_317.jpg
37662,1280,720,631.94293,353.39117,986.8637,986.74805,-23.969,-0.551,1.002,0.007730,-0.987516,-0.155715,-0.022493,img_318.jpg
37745,1280,720,631.94293,353.39117,986.8637,986.74805,-23.991,-0.565,1.118,0.018156,-0.985222,-0.165911,-0.038499,img_319.jpg
37830,1280,720,631.94293,353.39117,986.8637,986.74805,-24.007,-0.578,1.217,0.013131,-0.986068,-0.159768,-0.044406,img_320.jpg
37910,1280,720,631.94293,353.39117,986.8637,986.74805,-24.032,-0.591,1.351,0.011538,-0.986047,-0.159963,-0.044612,img_321.jpg
37996,1280,720,631.94293,353.39117,986.8637,986.74805,-24.050,-0.592,1.449,0.018627,-0.985007,-0.166567,-0.040856,img_322.jpg
38070,1280,720,631.94293,353.39117,986.8637,986.74805,-24.068,-0.588,1.537,0.024528,-0.983320,-0.175016,-0.043014,img_323.jpg
38150,1280,720,631.94293,353.39117,986.8637,986.74805,-24.089,-0.584,1.657,0.030726,-0.980323,-0.185921,-0.058792,img_324.jpg
38246,1280,720,631.94293,353.39117,986.8637,986.74805,-24.108,-0.585,1.782,0.033143,-0.976706,-0.199168,-0.072662,img_325.jpg
38327,1280,720,631.94293,353.39117,986.8637,986.74805,-24.119,-0.592,1.863,0.028849,-0.975023,-0.203140,-0.085046,img_326.jpg
38400,1280,720,631.94293,353.39117,986.8637,986.74805,-24.125,-0.599,1.929,0.028472,-0.975340,-0.196297,-0.096794,img_327.jpg
38472,1280,720,631.94293,353.39117,986.8637,986.74805,-24.138,-0.607,2.010,0.035139,-0.974776,-0.189650,-0.112294,img_328.jpg
38556,1280,720,631.94293,353.39117,986.8637,986.74805,-24.160,-0.608,2.122,0.040181,-0.972946,-0.176990,-0.142957,img_329.jpg
38646,1280,720,631.94293,353.39117,986.8637,986.74805,-24.188,-0.604,2.230,0.045746,-0.965805,-0.187277,-0.173363,img_330.jpg
38728,1280,720,631.94293,353.39117,986.8637,986.74805,-24.208,-0.600,2.296,0.047781,-0.960412,-0.191487,-0.196617,img_331.jpg
38798,1280,720,631.94293,353.39117,986.8637,986.74805,-24.232,-0.599,2.366,0.052717,-0.956305,-0.187533,-0.218020,img_332.jpg
38869,1280,720,631.94293,353.39117,986.8637,986.74805,-24.264,-0.606,2.433,0.067708,-0.949289,-0.186884,-0.243600,img_333.jpg
38948,1280,720,631.94293,353.39117,986.8637,986.74805,-24.311,-0.613,2.534,0.073329,-0.941679,-0.174963,-0.277943,img_334.jpg
39027,1280,720,631.94293,353.39117,986.8637,986.74805,-24.348,-0.619,2.597,0.079350,-0.938690,-0.167361,-0.290785,img_335.jpg
39113,1280,720,631.94293,353.39117,986.8637,986.74805,-24.406,-0.618,2.701,0.082505,-0.931836,-0.157016,-0.316577,img_336.jpg
39196,1280,720,631.94293,353.39117,986.8637,986.74805,-24.449,-0.615,2.751,0.088805,-0.923793,-0.157305,-0.337602,img_337.jpg
39280,1280,720,631.94293,353.39117,986.8637,986.74805,-24.487,-0.608,2.807,0.095381,-0.916521,-0.152736,-0.357161,img_338.jpg
39354,1280,720,631.94293,353.39117,986.8637,986.74805,-24.547,-0.602,2.878,0.103193,-0.901157,-0.155869,-0.391117,img_339.jpg
39446,1280,720,631.94293,353.39117,986.8637,986.74805,-24.603,-0.598,2.937,0.104549,-0.885502,-0.153154,-0.426028,img_340.jpg
39529,1280,720,631.94293,353.39117,986.8637,986.74805,-24.642,-0.601,2.985,0.097061,-0.874776,-0.145394,-0.451892,img_341.jpg
39603,1280,720,631.94293,353.39117,986.8637,986.74805,-24.681,-0.602,3.024,0.099415,-0.860926,-0.137924,-0.479479,img_342.jpg
39695,1280,720,631.94293,353.39117,986.8637,986.74805,-24.743,-0.601,3.089,0.102572,-0.836523,-0.119233,-0.524873,img_343.jpg
39779,1280,720,631.94293,353.39117,986.8637,986.74805,-24.804,-0.595,3.131,0.102553,-0.797798,-0.118065,-0.582291,img_344.jpg
39878,1280,720,631.94293,353.39117,986.8637,986.74805,-24.859,-0.583,3.168,0.089633,-0.762180,-0.110276,-0.631575,img_345.jpg
39961,1280,720,631.94293,353.39117,986.8637,986.74805,-24.894,-0.586,3.185,0.096943,-0.740800,-0.114829,-0.654699,img_346.jpg
40043,1280,720,631.94293,353.39117,986.8637,986.74805,-24.930,-0.586,3.201,0.099280,-0.721290,-0.111727,-0.676315,img_347.jpg
40121,1280,720,631.94293,353.39117,986.8637,986.74805,-24.998,-0.588,3.221,0.103540,-0.696406,-0.099805,-0.703091,img_348.jpg
40211,1280,720,631.94293,353.39117,986.8637,986.74805,-25.057,-0.596,3.230,0.107513,-0.678622,-0.085508,-0.721527,img_349.jpg
40295,1280,720,631.94293,353.39117,986.8637,986.74805,-25.105,-0.606,3.225,0.104533,-0.669441,-0.072580,-0.731884,img_350.jpg
40374,1280,720,631.94293,353.39117,986.8637,986.74805,-25.169,-0.600,3.218,0.114893,-0.645008,-0.061475,-0.752984,img_351.jpg
40461,1280,720,631.94293,353.39117,986.8637,986.74805,-25.204,-0.595,3.210,0.121309,-0.626164,-0.047186,-0.768750,img_352.jpg
40533,1280,720,631.94293,353.39117,986.8637,986.74805,-25.234,-0.590,3.199,0.115820,-0.598890,-0.037387,-0.791529,img_353.jpg
40614,1280,720,631.94293,353.39117,986.8637,986.74805,-25.251,-0.585,3.173,0.121469,-0.551093,-0.037293,-0.824712,img_354.jpg
40696,1280,720,631.94293,353.39117,986.8637,986.74805,-25.276,-0.581,3.163,0.120883,-0.517205,-0.040772,-0.846300,img_355.jpg
40780,1280,720,631.94293,353.39117,986.8637,986.74805,-25.303,-0.577,3.150,0.111601,-0.465637,-0.045545,-0.876729,img_356.jpg
40860,1280,720,631.94293,353.39117,986.8637,986.74805,-25.317,-0.575,3.141,0.110304,-0.430372,-0.043644,-0.894823,img_357.jpg
40937,1280,720,631.94293,353.39117,986.8637,986.74805,-25.332,-0.573,3.131,0.118195,-0.390955,-0.040228,-0.911902,img_358.jpg
41026,1280,720,631.94293,353.39117,986.8637,986.74805,-25.346,-0.569,3.117,0.110404,-0.328112,-0.036917,-0.937438,img_359.jpg
41112,1280,720,631.94293,353.39117,986.8637,986.74805,-25.352,-0.562,3.108,0.105522,-0.287371,-0.037159,-0.951264,img_360.jpg
41182,1280,720,631.94293,353.39117,986.8637,986.74805,-25.354,-0.552,3.091,0.091615,-0.228767,-0.033871,-0.968569,img_361.jpg
41275,1280,720,631.94293,353.39117,986.8637,986.74805,-25.354,-0.546,3.067,0.094764,-0.179123,-0.026605,-0.978891,img_362.jpg
41359,1280,720,631.94293,353.39117,986.8637,986.74805,-25.346,-0.542,3.052,0.091128,-0.145136,-0.021935,-0.984962,img_363.jpg
41440,1280,720,631.94293,353.39117,986.8637,986.74805,-25.358,-0.543,3.004,0.084280,-0.099609,-0.012696,-0.991370,img_364.jpg
41525,1280,720,631.94293,353.39117,986.8637,986.74805,-25.351,-0.541,2.979,0.078639,-0.074480,-0.009542,-0.994071,img_365.jpg
41606,1280,720,631.94293,353.39117,986.8637,986.74805,-25.356,-0.538,2.946,0.069749,-0.055169,-0.012010,-0.995966,img_366.jpg
41689,1280,720,631.94293,353.39117,986.8637,986.74805,-25.352,-0.533,2.912,0.063606,-0.038271,-0.012877,-0.997158,img_367.jpg
41778,1280,720,631.94293,353.39117,986.8637,986.74805,-25.346,-0.527,2.878,0.060184,-0.028433,-0.010904,-0.997723,img_368.jpg
41860,1280,720,631.94293,353.39117,986.8637,986.74805,-25.345,-0.523,2.854,0.061020,-0.025204,-0.006946,-0.997794,img_369.jpg
41931,1280,720,631.94293,353.39117,986.8637,986.74805,-25.340,-0.520,2.835,0.060331,-0.021272,-0.005735,-0.997935,img_370.jpg
42004,1280,720,631.94293,353.39117,986.8637,986.74805,-25.337,-0.521,2.808,0.058134,-0.012597,-0.012332,-0.998153,img_371.jpg
42093,1280,720,631.94293,353.39117,986.8637,986.74805,-25.337,-0.523,2.789,0.065639,-0.002821,-0.014287,-0.997737,img_372.jpg
42162,1280,720,631.94293,353.39117,986.8637,986.74805,-25.336,-0.525,2.772,0.073908,0.003955,-0.004366,-0.997248,img_373.jpg
42243,1280,720,631.94293,353.39117,986.8637,986.74805,-25.339,-0.528,2.751,0.079019,0.018427,0.001832,-0.996701,img_374.jpg
42328,1280,720,631.94293,353.39117,986.8637,986.74805,-25.342,-0.527,2.734,0.083177,0.029117,0.004977,-0.996097,img_375.jpg
42401,1280,720,631.94293,353.39117,986.8637,986.74805,-25.346,-0.524,2.724,0.083935,0.035922,0.006168,-0.995804,img_376.jpg
42484,1280,720,631.94293,353.39117,986.8637,986.74805,-25.352,-0.520,2.709,0.080253,0.043254,0.003876,-0.995828,img_377.jpg
42560,1280,720,631.94293,353.39117,986.8637,986.74805,-25.354,-0.522,2.705,0.081688,0.046847,0.003267,-0.995551,img_378.jpg
42638,1280,720,631.94293,353.39117,986.8637,986.74805,-25.357,-0.524,2.698,0.083109,0.050723,0.001481,-0.995248,img_379.jpg
42728,1280,720,631.94293,353.39117,986.8637,986.74805,-25.359,-0.525,2.691,0.087914,0.051987,0.001085,-0.994770,img_380.jpg,marker_13.jpg,0.2617946,0.2617946,-25.315,-0.615,2.170,-0.708537,0.016451,-0.026388,-0.026388
42802,1280,720,631.94293,353.39117,986.8637,986.74805,-25.360,-0.525,2.689,0.088635,0.052483,-0.000227,-0.994680,img_381.jpg
42883,1280,720,631.94293,353.39117,986.8637,986.74805,-25.362,-0.525,2.686,0.090526,0.050675,-0.000084,-0.994604,img_382.jpg
42959,1280,720,631.94293,353.39117,986.8637,986.74805,-25.364,-0.525,2.684,0.090649,0.050011,-0.001849,-0.994625,img_383.jpg
43027,1280,720,631.94293,353.39117,986.8637,986.74805,-25.365,-0.525,2.683,0.090747,0.049961,-0.002058,-0.994618,img_384.jpg
43095,1280,720,631.94293,353.39117,986.8637,986.74805,-25.365,-0.526,2.681,0.092427,0.050164,-0.001694,-0.994454,img_385.jpg
43162,1280,720,631.94293,353.39117,986.8637,986.74805,-25.366,-0.526,2.680,0.092697,0.050620,-0.003248,-0.994401,img_386.jpg,marker_13.jpg,0.26332453,0.26332453,-25.315,-0.613,2.165,-0.683400,0.009963,-0.014063,-0.014063
43240,1280,720,631.94293,353.39117,986.8637,986.74805,-25.364,-0.526,2.680,0.093469,0.050818,-0.000337,-0.994324,img_387.jpg
43306,1280,720,631.94293,353.39117,986.8637,986.74805,-25.357,-0.526,2.683,0.096571,0.056292,0.004966,-0.993721,img_388.jpg
43376,1280,720,631.94293,353.39117,986.8637,986.74805,-25.346,-0.527,2.689,0.098388,0.069240,0.007454,-0.992708,img_389.jpg
43458,1280,720,631.94293,353.39117,986.8637,986.74805,-25.329,-0.530,2.699,0.102859,0.084027,0.009807,-0.991092,img_390.jpg
43521,1280,720,631.94293,353.39117,986.8637,986.74805,-25.305,-0.534,2.711,0.109066,0.102556,0.011445,-0.988664,img_391.jpg
43592,1280,720,631.94293,353.39117,986.8637,986.74805,-25.275,-0.536,2.726,0.116735,0.115847,0.024389,-0.986082,img_392.jpg
43664,1280,720,631.94293,353.39117,986.8637,986.74805,-25.241,-0.537,2.741,0.114272,0.143785,0.027697,-0.982599,img_393.jpg
43732,1280,720,631.94293,353.39117,986.8637,986.74805,-25.200,-0.540,2.759,0.113396,0.167417,0.036012,-0.978681,img_394.jpg
43798,1280,720,631.94293,353.39117,986.8637,986.74805,-25.156,-0.543,2.778,0.110326,0.188401,0.039250,-0.975086,img_395.jpg
43866,1280,720,631.94293,353.39117,986.8637,986.74805,-25.109,-0.546,2.795,0.117348,0.200839,0.041507,-0.971684,img_396.jpg
43942,1280,720,631.94293,353.39117,986.8637,986.74805,-25.060,-0.550,2.814,0.124254,0.205673,0.042241,-0.969781,img_397.jpg
44006,1280,720,631.94293,353.39117,986.8637,986.74805,-24.987,-0.555,2.844,0.141477,0.192791,0.049347,-0.969732,img_398.jpg
44092,1280,720,631.94293,353.39117,986.8637,986.74805,-24.941,-0.559,2.861,0.154655,0.185706,0.049431,-0.969098,img_399.jpg
44158,1280,720,631.94293,353.39117,986.8637,986.74805,-24.895,-0.559,2.875,0.162451,0.179494,0.047613,-0.969085,img_400.jpg
44229,1280,720,631.94293,353.39117,986.8637,986.74805,-24.849,-0.559,2.883,0.169655,0.175802,0.049745,-0.968419,img_401.jpg
44307,1280,720,631.94293,353.39117,986.8637,986.74805,-24.784,-0.563,2.883,0.176360,0.176186,0.046404,-0.967317,img_402.jpg
44375,1280,720,631.94293,353.39117,986.8637,986.74805,-24.741,-0.566,2.872,0.182288,0.175103,0.050685,-0.966199,img_403.jpg
44458,1280,720,631.94293,353.39117,986.8637,986.74805,-24.698,-0.573,2.861,0.181497,0.165409,0.056128,-0.967754,img_404.jpg
44528,1280,720,631.94293,353.39117,986.8637,986.74805,-24.656,-0.582,2.838,0.179971,0.158206,0.055342,-0.969288,img_405.jpg
44592,1280,720,631.94293,353.39117,986.8637,986.74805,-24.617,-0.590,2.809,0.176582,0.150435,0.051553,-0.971355,img_406.jpg
44661,1280,720,631.94293,353.39117,986.8637,986.74805,-24.571,-0.598,2.774,0.181044,0.152457,0.048097,-0.970395,img_407.jpg
44730,1280,720,631.94293,353.39117,986.8637,986.74805,-24.527,-0.602,2.736,0.174117,0.158238,0.035133,-0.971293,img_408.jpg
44796,1280,720,631.94293,353.39117,986.8637,986.74805,-24.483,-0.602,2.692,0.182425,0.163241,0.031760,-0.969054,img_409.jpg
44866,1280,720,631.94293,353.39117,986.8637,986.74805,-24.437,-0.600,2.644,0.191232,0.170880,0.041837,-0.965650,img_410.jpg
44936,1280,720,631.94293,353.39117,986.8637,986.74805,-24.397,-0.597,2.596,0.183959,0.183735,0.035000,-0.964975,img_411.jpg
45008,1280,720,631.94293,353.39117,986.8637,986.74805,-24.336,-0.594,2.529,0.176866,0.193422,0.035273,-0.964397,img_412.jpg
45092,1280,720,631.94293,353.39117,986.8637,986.74805,-24.296,-0.598,2.477,0.181801,0.193042,0.046460,-0.963081,img_413.jpg
45161,1280,720,631.94293,353.39117,986.8637,986.74805,-24.260,-0.603,2.421,0.179076,0.190617,0.044829,-0.964151,img_414.jpg
45241,1280,720,631.94293,353.39117,986.8637,986.74805,-24.203,-0.618,2.329,0.178597,0.184220,0.037748,-0.965785,img_415.jpg
45324,1280,720,631.94293,353.39117,986.8637,986.74805,-24.155,-0.620,2.271,0.177846,0.178122,0.036444,-0.967117,img_416.jpg
45393,1280,720,631.94293,353.39117,986.8637,986.74805,-24.112,-0.619,2.207,0.177515,0.168342,0.042608,-0.968676,img_417.jpg
45474,1280,720,631.94293,353.39117,986.8637,986.74805,-24.068,-0.609,2.142,0.180221,0.182941,0.033707,-0.965876,img_418.jpg
45543,1280,720,631.94293,353.39117,986.8637,986.74805,-24.027,-0.603,2.074,0.181290,0.192093,0.026558,-0.964121,img_419.jpg
45611,1280,720,631.94293,353.39117,986.8637,986.74805,-23.984,-0.596,1.973,0.190035,0.188365,0.025680,-0.963196,img_420.jpg
45692,1280,720,631.94293,353.39117,986.8637,986.74805,-23.962,-0.595,1.907,0.193615,0.176759,0.020335,-0.964809,img_421.jpg
45762,1280,720,631.94293,353.39117,986.8637,986.74805,-23.939,-0.601,1.835,0.196902,0.167681,0.014650,-0.965866,img_422.jpg
45831,1280,720,631.94293,353.39117,986.8637,986.74805,-23.921,-0.609,1.764,0.199572,0.159404,0.014637,-0.966720,img_423.jpg
45900,1280,720,631.94293,353.39117,986.8637,986.74805,-23.904,-0.622,1.652,0.196581,0.145672,0.013225,-0.969516,img_424.jpg
45975,1280,720,631.94293,353.39117,986.8637,986.74805,-23.892,-0.625,1.577,0.192940,0.137976,0.008349,-0.971425,img_425.jpg
46057,1280,720,631.94293,353.39117,986.8637,986.74805,-23.884,-0.624,1.512,0.205731,0.138357,0.010949,-0.968717,img_426.jpg
46125,1280,720,631.94293,353.39117,986.8637,986.74805,-23.877,-0.617,1.449,0.214774,0.135347,0.020810,-0.967016,img_427.jpg
46190,1280,720,631.94293,353.39117,986.8637,986.74805,-23.868,-0.614,1.382,0.213534,0.137328,0.015969,-0.967104,img_428.jpg
46262,1280,720,631.94293,353.39117,986.8637,986.74805,-23.852,-0.617,1.308,0.218985,0.138994,0.017278,-0.965623,img_429.jpg
46334,1280,720,631.94293,353.39117,986.8637,986.74805,-23.830,-0.620,1.207,0.215358,0.141511,0.024581,-0.965915,img_430.jpg
46406,1280,720,631.94293,353.39117,986.8637,986.74805,-23.815,-0.627,1.135,0.212174,0.144118,0.021804,-0.966301,img_431.jpg
46474,1280,720,631.94293,353.39117,986.8637,986.74805,-23.797,-0.635,1.057,0.208267,0.140651,0.020909,-0.967680,img_432.jpg
46556,1280,720,631.94293,353.39117,986.8637,986.74805,-23.782,-0.645,0.978,0.207230,0.140900,0.017897,-0.967927,img_433.jpg
46623,1280,720,631.94293,353.39117,986.8637,986.74805,-23.771,-0.653,0.900,0.222447,0.142662,0.022024,-0.964199,img_434.jpg
46690,1280,720,631.94293,353.39117,986.8637,986.74805,-23.754,-0.646,0.828,0.227738,0.147603,0.031174,-0.961965,img_435.jpg
46773,1280,720,631.94293,353.39117,986.8637,986.74805,-23.734,-0.636,0.717,0.220827,0.151687,0.036105,-0.962768,img_436.jpg
46856,1280,720,631.94293,353.39117,986.8637,986.74805,-23.722,-0.631,0.648,0.226656,0.160226,0.040218,-0.959863,img_437.jpg
46923,1280,720,631.94293,353.39117,986.8637,986.74805,-23.712,-0.630,0.580,0.228402,0.166421,0.039863,-0.958409,img_438.jpg
47005,1280,720,631.94293,353.39117,986.8637,986.74805,-23.700,-0.634,0.486,0.215454,0.175768,0.030336,-0.960086,img_439.jpg
47074,1280,720,631.94293,353.39117,986.8637,986.74805,-23.691,-0.640,0.417,0.205876,0.185979,0.029714,-0.960283,img_440.jpg
47156,1280,720,631.94293,353.39117,986.8637,986.74805,-23.675,-0.644,0.349,0.199977,0.201473,0.038595,-0.958086,img_441.jpg
47225,1280,720,631.94293,353.39117,986.8637,986.74805,-23.661,-0.645,0.274,0.185981,0.216414,0.043760,-0.957424,img_442.jpg
47292,1280,720,631.94293,353.39117,986.8637,986.74805,-23.646,-0.641,0.210,0.199255,0.244390,0.050178,-0.947657,img_443.jpg
47364,1280,720,631.94293,353.39117,986.8637,986.74805,-23.620,-0.625,0.123,0.174477,0.273562,0.054588,-0.944321,img_444.jpg
47456,1280,720,631.94293,353.39117,986.8637,986.74805,-23.600,-0.623,0.069,0.171937,0.291840,0.061569,-0.938870,img_445.jpg
47524,1280,720,631.94293,353.39117,986.8637,986.74805,-23.577,-0.627,0.004,0.169068,0.313580,0.074041,-0.931451,img_446.jpg
47593,1280,720,631.94293,353.39117,986.8637,986.74805,-23.546,-0.629,-0.044,0.157571,0.340601,0.077137,-0.923695,img_447.jpg
47664,1280,720,631.94293,353.39117,986.8637,986.74805,-23.509,-0.634,-0.093,0.149061,0.364754,0.089631,-0.914714,img_448.jpg
47742,1280,720,631.94293,353.39117,986.8637,986.74805,-23.438,-0.638,-0.173,0.130521,0.406202,0.104539,-0.898352,img_449.jpg
47821,1280,720,631.94293,353.39117,986.8637,986.74805,-23.387,-0.640,-0.225,0.117146,0.444301,0.102452,-0.882257,img_450.jpg
47890,1280,720,631.94293,353.39117,986.8637,986.74805,-23.335,-0.638,-0.258,0.109599,0.469376,0.116722,-0.868361,img_451.jpg
47960,1280,720,631.94293,353.39117,986.8637,986.74805,-23.282,-0.626,-0.289,0.103989,0.501187,0.128435,-0.849413,img_452.jpg
48034,1280,720,631.94293,353.39117,986.8637,986.74805,-23.210,-0.621,-0.321,0.109113,0.536456,0.125510,-0.827379,img_453.jpg
48120,1280,720,631.94293,353.39117,986.8637,986.74805,-23.160,-0.616,-0.344,0.114707,0.564939,0.105240,-0.810315,img_454.jpg
48208,1280,720,631.94293,353.39117,986.8637,986.74805,-23.079,-0.612,-0.374,0.113019,0.592201,0.098403,-0.791733,img_455.jpg
48292,1280,720,631.94293,353.39117,986.8637,986.74805,-23.017,-0.609,-0.408,0.109584,0.605996,0.099781,-0.781540,img_456.jpg
48360,1280,720,631.94293,353.39117,986.8637,986.74805,-22.957,-0.615,-0.438,0.106245,0.619098,0.102207,-0.771352,img_457.jpg
48436,1280,720,631.94293,353.39117,986.8637,986.74805,-22.873,-0.611,-0.473,0.106619,0.647021,0.098936,-0.748470,img_458.jpg
48521,1280,720,631.94293,353.39117,986.8637,986.74805,-22.814,-0.606,-0.491,0.117129,0.653071,0.128935,-0.736990,img_459.jpg
48591,1280,720,631.94293,353.39117,986.8637,986.74805,-22.763,-0.599,-0.498,0.119680,0.661824,0.135557,-0.727523,img_460.jpg
48664,1280,720,631.94293,353.39117,986.8637,986.74805,-22.714,-0.598,-0.509,0.114756,0.675947,0.118139,-0.718310,img_461.jpg
48739,1280,720,631.94293,353.39117,986.8637,986.74805,-22.625,-0.605,-0.527,0.108368,0.693889,0.123132,-0.701151,img_462.jpg
48820,1280,720,631.94293,353.39117,986.8637,986.74805,-22.566,-0.609,-0.536,0.103077,0.704134,0.113891,-0.693252,img_463.jpg
48889,1280,720,631.94293,353.39117,986.8637,986.74805,-22.497,-0.614,-0.542,0.099195,0.711654,0.107169,-0.687186,img_464.jpg
48960,1280,720,631.94293,353.39117,986.8637,986.74805,-22.438,-0.617,-0.531,0.093339,0.714787,0.107085,-0.684763,img_465.jpg
49040,1280,720,631.94293,353.39117,986.8637,986.74805,-22.323,-0.613,-0.533,0.095395,0.704239,0.135466,-0.690360,img_466.jpg
49120,1280,720,631.94293,353.39117,986.8637,986.74805,-22.251,-0.610,-0.536,0.101189,0.710562,0.133949,-0.683316,img_467.jpg
49190,1280,720,631.94293,353.39117,986.8637,986.74805,-22.191,-0.603,-0.530,0.098958,0.713136,0.135011,-0.680747,img_468.jpg
49263,1280,720,631.94293,353.39117,986.8637,986.74805,-22.116,-0.601,-0.538,0.099181,0.721254,0.130021,-0.673090,img_469.jpg
49338,1280,720,631.94293,353.39117,986.8637,986.74805,-22.009,-0.602,-0.545,0.103849,0.723916,0.133838,-0.668767,img_470.jpg
49420,1280,720,631.94293,353.39117,986.8637,986.74805,-21.934,-0.608,-0.554,0.105950,0.725167,0.126797,-0.668453,img_471.jpg
49505,1280,720,631.94293,353.39117,986.8637,986.74805,-21.819,-0.618,-0.564,0.106519,0.727679,0.118992,-0.667067,img_472.jpg
49589,1280,720,631.94293,353.39117,986.8637,986.74805,-21.745,-0.621,-0.572,0.102522,0.729362,0.107944,-0.667734,img_473.jpg
49659,1280,720,631.94293,353.39117,986.8637,986.74805,-21.661,-0.618,-0.579,0.104009,0.727233,0.112441,-0.669083,img_474.jpg
49736,1280,720,631.94293,353.39117,986.8637,986.74805,-21.549,-0.615,-0.591,0.115220,0.724325,0.120582,-0.668983,img_475.jpg
49821,1280,720,631.94293,353.39117,986.8637,986.74805,-21.472,-0.613,-0.597,0.123640,0.728336,0.118052,-0.663554,img_476.jpg
49905,1280,720,631.94293,353.39117,986.8637,986.74805,-21.398,-0.617,-0.598,0.121270,0.731835,0.119988,-0.659783,img_477.jpg
49972,1280,720,631.94293,353.39117,986.8637,986.74805,-21.324,-0.624,-0.592,0.119398,0.736417,0.125070,-0.654057,img_478.jpg
50048,1280,720,631.94293,353.39117,986.8637,986.74805,-21.210,-0.632,-0.585,0.109757,0.734283,0.112359,-0.660422,img_479.jpg
50119,1280,720,631.94293,353.39117,986.8637,986.74805,-21.132,-0.633,-0.580,0.101493,0.733539,0.095697,-0.665178,img_480.jpg
50190,1280,720,631.94293,353.39117,986.8637,986.74805,-21.047,-0.630,-0.574,0.098349,0.734221,0.082121,-0.666711,img_481.jpg
50272,1280,720,631.94293,353.39117,986.8637,986.74805,-20.921,-0.621,-0.565,0.096122,0.727845,0.092815,-0.672597,img_482.jpg
50371,1280,720,631.94293,353.39117,986.8637,986.74805,-20.809,-0.613,-0.550,0.096278,0.728551,0.094559,-0.671568,img_483.jpg
50454,1280,720,631.94293,353.39117,986.8637,986.74805,-20.739,-0.609,-0.540,0.100264,0.728802,0.107827,-0.668706,img_484.jpg
50536,1280,720,631.94293,353.39117,986.8637,986.74805,-20.617,-0.613,-0.539,0.111254,0.728041,0.098531,-0.669231,img_485.jpg
50621,1280,720,631.94293,353.39117,986.8637,986.74805,-20.534,-0.620,-0.537,0.110705,0.729647,0.091736,-0.668539,img_486.jpg
50693,1280,720,631.94293,353.39117,986.8637,986.74805,-20.443,-0.629,-0.542,0.108437,0.733089,0.086733,-0.665808,img_487.jpg
50765,1280,720,631.94293,353.39117,986.8637,986.74805,-20.316,-0.628,-0.528,0.100851,0.726874,0.081859,-0.674376,img_488.jpg
50854,1280,720,631.94293,353.39117,986.8637,986.74805,-20.227,-0.621,-0.523,0.100658,0.731807,0.095147,-0.667288,img_489.jpg
50926,1280,720,631.94293,353.39117,986.8637,986.74805,-20.147,-0.607,-0.510,0.101446,0.731731,0.100018,-0.666540,img_490.jpg
50999,1280,720,631.94293,353.39117,986.8637,986.74805,-20.025,-0.605,-0.507,0.106072,0.741382,0.095785,-0.655688,img_491.jpg
51089,1280,720,631.94293,353.39117,986.8637,986.74805,-19.945,-0.608,-0.505,0.102427,0.747405,0.098665,-0.648969,img_492.jpg
51162,1280,720,631.94293,353.39117,986.8637,986.74805,-19.863,-0.611,-0.500,0.099583,0.751717,0.088154,-0.645936,img_493.jpg
51237,1280,720,631.94293,353.39117,986.8637,986.74805,-19.736,-0.615,-0.491,0.092631,0.751697,0.075890,-0.648546,img_494.jpg
51319,1280,720,631.94293,353.39117,986.8637,986.74805,-19.649,-0.611,-0.483,0.089201,0.751246,0.067542,-0.650470,img_495.jpg
51392,1280,720,631.94293,353.39117,986.8637,986.74805,-19.558,-0.603,-0.476,0.088234,0.753492,0.070853,-0.647645,img_496.jpg
51464,1280,720,631.94293,353.39117,986.8637,986.74805,-19.434,-0.580,-0.461,0.075313,0.751890,0.076901,-0.650443,img_497.jpg
51553,1280,720,631.94293,353.39117,986.8637,986.74805,-19.347,-0.570,-0.459,0.081161,0.755700,0.088023,-0.643881,img_498.jpg
51624,1280,720,631.94293,353.39117,986.8637,986.74805,-19.270,-0.566,-0.454,0.085940,0.752143,0.107725,-0.644430,img_499.jpg
51696,1280,720,631.94293,353.39117,986.8637,986.74805,-19.138,-0.580,-0.458,0.102801,0.753956,0.106395,-0.640048,img_500.jpg
51770,1280,720,631.94293,353.39117,986.8637,986.74805,-19.051,-0.593,-0.460,0.104972,0.752398,0.099192,-0.642681,img_501.jpg
51853,1280,720,631.94293,353.39117,986.8637,986.74805,-18.979,-0.594,-0.468,0.101655,0.749702,0.091660,-0.647465,img_502.jpg
51935,1280,720,631.94293,353.39117,986.8637,986.74805,-18.857,-0.589,-0.478,0.108807,0.747299,0.091830,-0.649055,img_503.jpg
52022,1280,720,631.94293,353.39117,986.8637,986.74805,-18.789,-0.576,-0.483,0.110117,0.742985,0.095848,-0.653192,img_504.jpg
52091,1280,720,631.94293,353.39117,986.8637,986.74805,-18.716,-0.568,-0.487,0.113149,0.740589,0.081646,-0.657312,img_505.jpg
52161,1280,720,631.94293,353.39117,986.8637,986.74805,-18.647,-0.565,-0.485,0.121654,0.742496,0.089720,-0.652572,img_506.jpg
52238,1280,720,631.94293,353.39117,986.8637,986.74805,-18.515,-0.574,-0.474,0.117523,0.745997,0.103546,-0.647268,img_507.jpg
52318,1280,720,631.94293,353.39117,986.8637,986.74805,-18.432,-0.580,-0.465,0.111017,0.747265,0.097962,-0.647823,img_508.jpg
52385,1280,720,631.94293,353.39117,986.8637,986.74805,-18.359,-0.585,-0.455,0.103479,0.745047,0.094158,-0.652175,img_509.jpg
52470,1280,720,631.94293,353.39117,986.8637,986.74805,-18.238,-0.587,-0.441,0.099945,0.744614,0.074553,-0.655746,img_510.jpg
52552,1280,720,631.94293,353.39117,986.8637,986.74805,-18.150,-0.578,-0.430,0.101189,0.746454,0.075204,-0.653385,img_511.jpg
52636,1280,720,631.94293,353.39117,986.8637,986.74805,-18.037,-0.563,-0.415,0.095053,0.748148,0.060006,-0.653941,img_512.jpg
52720,1280,720,631.94293,353.39117,986.8637,986.74805,-17.964,-0.557,-0.402,0.095416,0.748328,0.080326,-0.651497,img_513.jpg
52791,1280,720,631.94293,353.39117,986.8637,986.74805,-17.886,-0.553,-0.394,0.094463,0.748183,0.084145,-0.651321,img_514.jpg
52870,1280,720,631.94293,353.39117,986.8637,986.74805,-17.760,-0.556,-0.395,0.093455,0.745959,0.075350,-0.655083,img_515.jpg
52953,1280,720,631.94293,353.39117,986.8637,986.74805,-17.693,-0.560,-0.390,0.093327,0.748419,0.067147,-0.653184,img_516.jpg
53026,1280,720,631.94293,353.39117,986.8637,986.74805,-17.616,-0.562,-0.389,0.089219,0.749631,0.060695,-0.653001,img_517.jpg
53102,1280,720,631.94293,353.39117,986.8637,986.74805,-17.515,-0.556,-0.393,0.095628,0.751572,0.066400,-0.649296,img_518.jpg
53187,1280,720,631.94293,353.39117,986.8637,986.74805,-17.443,-0.540,-0.392,0.089323,0.746654,0.069208,-0.655545,img_519.jpg
53258,1280,720,631.94293,353.39117,986.8637,986.74805,-17.369,-0.532,-0.393,0.089044,0.747640,0.058961,-0.655461,img_520.jpg
53330,1280,720,631.94293,353.39117,986.8637,986.74805,-17.351,-0.373,-0.467,0.083536,0.743157,0.066448,-0.660548,img_521.jpg,marker_13.jpg,0.26332453,0.26332453,-25.649,-0.148,2.049,-0.682590,0.016653,-0.008288,-0.008288,marker_1.jpg,0.27704743,0.27704743,0.438,-0.197,0.486,-0.701096,-0.011812,0.024410,0.024410
53417,1280,720,631.94293,353.39117,986.8637,986.74805,-17.276,-0.377,-0.465,0.080224,0.743798,0.064191,-0.660461,img_522.jpg
53487,1280,720,631.94293,353.39117,986.8637,986.74805,-17.240,-0.355,-0.482,0.075663,0.743157,0.062089,-0.661919,img_523.jpg
53569,1280,720,631.94293,353.39117,986.8637,986.74805,-17.138,-0.359,-0.472,0.069872,0.739892,0.056564,-0.666692,img_524.jpg
53652,1280,720,631.94293,353.39117,986.8637,986.74805,-17.064,-0.348,-0.465,0.069124,0.736060,0.058673,-0.670817,img_525.jpg
53717,1280,720,631.94293,353.39117,986.8637,986.74805,-16.987,-0.341,-0.454,0.068957,0.733602,0.065860,-0.672856,img_526.jpg
53787,1280,720,631.94293,353.39117,986.8637,986.74805,-16.924,-0.329,-0.449,0.069678,0.730430,0.060629,-0.676714,img_527.jpg
53859,1280,720,631.94293,353.39117,986.8637,986.74805,-16.861,-0.319,-0.449,0.074988,0.729991,0.070977,-0.675612,img_528.jpg
53932,1280,720,631.94293,353.39117,986.8637,986.74805,-16.762,-0.315,-0.446,0.079493,0.727097,0.083453,-0.676791,img_529.jpg
54000,1280,720,631.94293,353.39117,986.8637,986.74805,-16.691,-0.321,-0.446,0.086166,0.726340,0.074522,-0.677829,img_530.jpg
54086,1280,720,631.94293,353.39117,986.8637,986.74805,-16.619,-0.330,-0.448,0.088407,0.727731,0.065100,-0.677018,img_531.jpg
54154,1280,720,631.94293,353.39117,986.8637,986.74805,-16.546,-0.335,-0.447,0.085554,0.727953,0.060584,-0.677566,img_532.jpg
54237,1280,720,631.94293,353.39117,986.8637,986.74805,-16.442,-0.337,-0.451,0.080640,0.715156,0.053129,-0.692262,img_533.jpg
54319,1280,720,631.94293,353.39117,986.8637,986.74805,-16.366,-0.331,-0.452,0.086872,0.718781,0.056393,-0.687479,img_534.jpg
54401,1280,720,631.94293,353.39117,986.8637,986.74805,-16.261,-0.325,-0.450,0.090871,0.723577,0.061792,-0.681440,img_535.jpg
54487,1280,720,631.94293,353.39117,986.8637,986.74805,-16.188,-0.322,-0.443,0.087934,0.725533,0.060970,-0.679817,img_536.jpg
54557,1280,720,631.94293,353.39117,986.8637,986.74805,-16.105,-0.326,-0.439,0.085324,0.726671,0.064275,-0.678629,img_537.jpg
54624,1280,720,631.94293,353.39117,986.8637,986.74805,-16.030,-0.334,-0.435,0.087334,0.727255,0.060190,-0.678123,img_538.jpg
54695,1280,720,631.94293,353.39117,986.8637,986.74805,-15.955,-0.336,-0.430,0.083981,0.723929,0.050802,-0.682857,img_539.jpg
54764,1280,720,631.94293,353.39117,986.8637,986.74805,-15.830,-0.339,-0.418,0.078100,0.718512,0.047461,-0.689484,img_540.jpg
54851,1280,720,631.94293,353.39117,986.8637,986.74805,-15.742,-0.336,-0.408,0.078147,0.719813,0.051483,-0.687832,img_541.jpg
54917,1280,720,631.94293,353.39117,986.8637,986.74805,-15.662,-0.326,-0.397,0.074185,0.722650,0.062348,-0.684388,img_542.jpg
54989,1280,720,631.94293,353.39117,986.8637,986.74805,-15.579,-0.319,-0.394,0.076280,0.723540,0.059756,-0.683447,img_543.jpg
55060,1280,720,631.94293,353.39117,986.8637,986.74805,-15.498,-0.315,-0.392,0.083616,0.724121,0.074540,-0.680515,img_544.jpg
55136,1280,720,631.94293,353.39117,986.8637,986.74805,-15.380,-0.317,-0.395,0.092735,0.719781,0.069873,-0.684422,img_545.jpg
55219,1280,720,631.94293,353.39117,986.8637,986.74805,-15.300,-0.324,-0.401,0.092851,0.716393,0.061238,-0.688775,img_546.jpg
55305,1280,720,631.94293,353.39117,986.8637,986.74805,-15.175,-0.338,-0.404,0.088547,0.715779,0.058572,-0.690210,img_547.jpg
55387,1280,720,631.94293,353.39117,986.8637,986.74805,-15.097,-0.339,-0.410,0.087852,0.715283,0.053872,-0.691194,img_548.jpg
55459,1280,720,631.94293,353.39117,986.8637,986.74805,-15.015,-0.336,-0.416,0.097068,0.719245,0.058384,-0.685460,img_549.jpg
55531,1280,720,631.94293,353.39117,986.8637,986.74805,-14.942,-0.329,-0.419,0.094730,0.716702,0.065326,-0.687820,img_550.jpg
55606,1280,720,631.94293,353.39117,986.8637,986.74805,-14.831,-0.326,-0.419,0.103454,0.725667,0.070259,-0.676586,img_551.jpg
55686,1280,720,631.94293,353.39117,986.8637,986.74805,-14.750,-0.331,-0.412,0.099174,0.727624,0.081241,-0.673890,img_552.jpg
55760,1280,720,631.94293,353.39117,986.8637,986.74805,-14.667,-0.337,-0.407,0.099292,0.730715,0.087202,-0.669771,img_553.jpg
55835,1280,720,631.94293,353.39117,986.8637,986.74805,-14.540,-0.347,-0.400,0.091470,0.730970,0.075587,-0.672014,img_554.jpg
55918,1280,720,631.94293,353.39117,986.8637,986.74805,-14.465,-0.343,-0.396,0.086850,0.730331,0.074028,-0.673494,img_555.jpg,marker_13.jpg,0.26332447,0.26332447,-25.667,-0.128,2.059,-0.682361,0.016922,-0.008270,-0.008270,marker_1.jpg,0.27704743,0.27704743,0.432,-0.191,0.487,-0.701193,-0.011468,0.023234,0.023234
55987,1280,720,631.94293,353.39117,986.8637,986.74805,-14.381,-0.339,-0.387,0.085956,0.730835,0.076013,-0.672840,img_556.jpg
56055,1280,720,631.94293,353.39117,986.8637,986.74805,-14.303,-0.326,-0.379,0.086846,0.730095,0.090777,-0.671698,img_557.jpg
56126,1280,720,631.94293,353.39117,986.8637,986.74805,-14.193,-0.314,-0.375,0.090616,0.729665,0.094259,-0.671188,img_558.jpg
56200,1280,720,631.94293,353.39117,986.8637,986.74805,-14.115,-0.312,-0.375,0.096853,0.728227,0.104874,-0.670303,img_559.jpg
56268,1280,720,631.94293,353.39117,986.8637,986.74805,-14.049,-0.312,-0.380,0.106262,0.726316,0.105037,-0.670925,img_560.jpg
56350,1280,720,631.94293,353.39117,986.8637,986.74805,-13.981,-0.317,-0.386,0.109885,0.722671,0.093609,-0.675951,img_561.jpg
56433,1280,720,631.94293,353.39117,986.8637,986.74805,-13.864,-0.328,-0.393,0.107787,0.719260,0.087543,-0.680723,img_562.jpg
56517,1280,720,631.94293,353.39117,986.8637,986.74805,-13.784,-0.329,-0.400,0.103343,0.713144,0.092663,-0.687139,img_563.jpg
56586,1280,720,631.94293,353.39117,986.8637,986.74805,-13.706,-0.319,-0.414,0.110345,0.716334,0.087320,-0.683421,img_564.jpg
56669,1280,720,631.94293,353.39117,986.8637,986.74805,-13.589,-0.300,-0.423,0.108692,0.714719,0.091150,-0.684876,img_565.jpg
56750,1280,720,631.94293,353.39117,986.8637,986.74805,-13.510,-0.298,-0.423,0.111454,0.720096,0.090028,-0.678921,img_566.jpg
56818,1280,720,631.94293,353.39117,986.8637,986.74805,-13.424,-0.300,-0.421,0.106970,0.723970,0.093938,-0.674981,img_567.jpg
56899,1280,720,631.94293,353.39117,986.8637,986.74805,-13.306,-0.305,-0.416,0.100998,0.731901,0.095022,-0.667151,img_568.jpg
56967,1280,720,631.94293,353.39117,986.8637,986.74805,-13.221,-0.308,-0.413,0.097362,0.733734,0.083208,-0.667257,img_569.jpg
57050,1280,720,631.94293,353.39117,986.8637,986.74805,-13.131,-0.307,-0.410,0.092890,0.731988,0.078826,-0.670337,img_570.jpg
57120,1280,720,631.94293,353.39117,986.8637,986.74805,-13.039,-0.303,-0.406,0.089802,0.728177,0.082475,-0.674456,img_571.jpg
57189,1280,720,631.94293,353.39117,986.8637,986.74805,-12.955,-0.295,-0.401,0.088858,0.725969,0.091843,-0.675750,img_572.jpg
57259,1280,720,631.94293,353.39117,986.8637,986.74805,-12.829,-0.288,-0.402,0.094164,0.722825,0.089984,-0.678646,img_573.jpg
57350,1280,720,631.94293,353.39117,986.8637,986.74805,-12.752,-0.283,-0.403,0.104607,0.720156,0.101477,-0.678332,img_574.jpg
57435,1280,720,631.94293,353.39117,986.8637,986.74805,-12.642,-0.290,-0.411,0.118674,0.716791,0.095726,-0.680414,img_575.jpg
57515,1280,720,631.94293,353.39117,986.8637,986.74805,-12.566,-0.300,-0.418,0.124443,0.713585,0.088883,-0.683674,img_576.jpg
57583,1280,720,631.94293,353.39117,986.8637,986.74805,-12.482,-0.312,-0.424,0.126167,0.712124,0.085053,-0.685366,img_577.jpg
57667,1280,720,631.94293,353.39117,986.8637,986.74805,-12.361,-0.326,-0.437,0.126372,0.708872,0.089502,-0.688128,img_578.jpg
57750,1280,720,631.94293,353.39117,986.8637,986.74805,-12.277,-0.323,-0.449,0.133003,0.715952,0.084058,-0.680189,img_579.jpg
57824,1280,720,631.94293,353.39117,986.8637,986.74805,-12.216,-0.313,-0.455,0.128425,0.716490,0.093211,-0.679309,img_580.jpg
57900,1280,720,631.94293,353.39117,986.8637,986.74805,-12.104,-0.308,-0.461,0.132440,0.722047,0.093708,-0.672552,img_581.jpg
57985,1280,720,631.94293,353.39117,986.8637,986.74805,-12.029,-0.306,-0.461,0.124096,0.726110,0.095836,-0.669462,img_582.jpg
58063,1280,720,631.94293,353.39117,986.8637,986.74805,-11.901,-0.316,-0.456,0.117919,0.736112,0.102572,-0.658570,img_583.jpg
58150,1280,720,631.94293,353.39117,986.8637,986.74805,-11.815,-0.324,-0.454,0.113571,0.740836,0.101183,-0.654237,img_584.jpg
58233,1280,720,631.94293,353.39117,986.8637,986.74805,-11.682,-0.328,-0.450,0.110084,0.741948,0.100407,-0.653692,img_585.jpg
58316,1280,720,631.94293,353.39117,986.8637,986.74805,-11.593,-0.322,-0.448,0.110890,0.747692,0.097960,-0.647352,img_586.jpg
58384,1280,720,631.94293,353.39117,986.8637,986.74805,-11.510,-0.306,-0.444,0.100717,0.751405,0.100882,-0.644259,img_587.jpg
58457,1280,720,631.94293,353.39117,986.8637,986.74805,-11.422,-0.292,-0.441,0.093929,0.757926,0.103329,-0.637220,img_588.jpg
58534,1280,720,631.94293,353.39117,986.8637,986.74805,-11.303,-0.282,-0.442,0.095423,0.762992,0.110200,-0.629757,img_589.jpg
58616,1280,720,631.94293,353.39117,986.8637,986.74805,-11.223,-0.284,-0.447,0.104269,0.767491,0.109683,-0.622941,img_590.jpg
58686,1280,720,631.94293,353.39117,986.8637,986.74805,-11.140,-0.291,-0.448,0.104144,0.771248,0.105936,-0.618957,img_591.jpg
58760,1280,720,631.94293,353.39117,986.8637,986.74805,-11.019,-0.302,-0.448,0.096738,0.777923,0.107391,-0.611510,img_592.jpg
58849,1280,720,631.94293,353.39117,986.8637,986.74805,-10.948,-0.305,-0.452,0.090542,0.777700,0.109469,-0.612374,img_593.jpg
58919,1280,720,631.94293,353.39117,986.8637,986.74805,-10.877,-0.298,-0.459,0.104477,0.785795,0.096165,-0.601966,img_594.jpg
58991,1280,720,631.94293,353.39117,986.8637,986.74805,-10.808,-0.285,-0.461,0.098481,0.782211,0.096856,-0.607508,img_595.jpg
59065,1280,720,631.94293,353.39117,986.8637,986.74805,-10.702,-0.278,-0.457,0.104573,0.791472,0.094744,-0.594694,img_596.jpg
59149,1280,720,631.94293,353.39117,986.8637,986.74805,-10.631,-0.283,-0.447,0.097499,0.796123,0.112983,-0.586444,img_597.jpg
59234,1280,720,631.94293,353.39117,986.8637,986.74805,-10.508,-0.301,-0.432,0.090501,0.804145,0.117415,-0.575651,img_598.jpg
59315,1280,720,631.94293,353.39117,986.8637,986.74805,-10.423,-0.312,-0.417,0.084040,0.803307,0.116666,-0.577948,img_599.jpg
59382,1280,720,631.94293,353.39117,986.8637,986.74805,-10.333,-0.319,-0.403,0.084417,0.803545,0.108917,-0.579074,img_600.jpg
59454,1280,720,631.94293,353.39117,986.8637,986.74805,-10.248,-0.317,-0.385,0.085438,0.804750,0.107667,-0.577482,img_601.jpg
59527,1280,720,631.94293,353.39117,986.8637,986.74805,-10.120,-0.304,-0.366,0.085556,0.802266,0.104191,-0.581544,img_602.jpg
59614,1280,720,631.94293,353.39117,986.8637,986.74805,-10.037,-0.300,-0.357,0.093511,0.802287,0.106287,-0.579909,img_603.jpg
59682,1280,720,631.94293,353.39117,986.8637,986.74805,-9.961,-0.299,-0.349,0.099453,0.799199,0.118163,-0.580885,img_604.jpg
59765,1280,720,631.94293,353.39117,986.8637,986.74805,-9.827,-0.312,-0.341,0.116479,0.795916,0.122234,-0.581385,img_605.jpg
59849,1280,720,631.94293,353.39117,986.8637,986.74805,-9.739,-0.323,-0.339,0.119319,0.792151,0.118326,-0.586735,img_606.jpg
59918,1280,720,631.94293,353.39117,986.8637,986.74805,-9.652,-0.331,-0.337,0.117629,0.790623,0.118544,-0.589089,img_607.jpg
59988,1280,720,631.94293,353.39117,986.8637,986.74805,-9.567,-0.335,-0.339,0.113392,0.785279,0.117019,-0.597315,img_608.jpg
60060,1280,720,631.94293,353.39117,986.8637,986.74805,-9.446,-0.325,-0.347,0.116100,0.769796,0.136455,-0.612629,img_609.jpg
60148,1280,720,631.94293,353.39117,986.8637,986.74805,-9.374,-0.315,-0.352,0.113753,0.765021,0.115689,-0.623233,img_610.jpg
60219,1280,720,631.94293,353.39117,986.8637,986.74805,-9.294,-0.309,-0.352,0.115787,0.762288,0.107989,-0.627574,img_611.jpg
60294,1280,720,631.94293,353.39117,986.8637,986.74805,-9.176,-0.310,-0.342,0.105824,0.761771,0.102536,-0.630866,img_612.jpg
60383,1280,720,631.94293,353.39117,986.8637,986.74805,-9.097,-0.311,-0.332,0.099192,0.759523,0.098077,-0.635347,img_613.jpg
60461,1280,720,631.94293,353.39117,986.8637,986.74805,-8.959,-0.318,-0.312,0.094565,0.753339,0.090346,-0.644497,img_614.jpg
60548,1280,720,631.94293,353.39117,986.8637,986.74805,-8.872,-0.319,-0.298,0.095583,0.752453,0.084197,-0.646212,img_615.jpg
60622,1280,720,631.94293,353.39117,986.8637,986.74805,-8.745,-0.310,-0.275,0.096763,0.744891,0.105656,-0.651623,img_616.jpg
60715,1280,720,631.94293,353.39117,986.8637,986.74805,-8.667,-0.303,-0.261,0.096152,0.743776,0.109408,-0.652366,img_617.jpg
60783,1280,720,631.94293,353.39117,986.8637,986.74805,-8.583,-0.298,-0.248,0.099518,0.741749,0.128384,-0.650709,img_618.jpg
60854,1280,720,631.94293,353.39117,986.8637,986.74805,-8.457,-0.297,-0.239,0.104971,0.737781,0.122859,-0.655413,img_619.jpg
60947,1280,720,631.94293,353.39117,986.8637,986.74805,-8.382,-0.300,-0.238,0.111147,0.736978,0.104722,-0.658440,img_620.jpg
61018,1280,720,631.94293,353.39117,986.8637,986.74805,-8.298,-0.305,-0.234,0.099829,0.742748,0.082539,-0.656922,img_621.jpg
61087,1280,720,631.94293,353.39117,986.8637,986.74805,-8.215,-0.309,-0.229,0.088432,0.747342,0.078282,-0.653859,img_622.jpg
61158,1280,720,631.94293,353.39117,986.8637,986.74805,-8.134,-0.308,-0.228,0.084452,0.749778,0.079020,-0.651503,img_623.jpg
61233,1280,720,631.94293,353.39117,986.8637,986.74805,-8.034,-0.297,-0.224,0.074495,0.754796,0.085205,-0.646122,img_624.jpg
61314,1280,720,631.94293,353.39117,986.8637,986.74805,-7.965,-0.293,-0.222,0.076202,0.757699,0.071767,-0.644154,img_625.jpg
61382,1280,720,631.94293,353.39117,986.8637,986.74805,-7.887,-0.297,-0.215,0.087170,0.760150,0.079177,-0.638987,img_626.jpg
61456,1280,720,631.94293,353.39117,986.8637,986.74805,-7.809,-0.301,-0.209,0.086339,0.760166,0.095625,-0.636827,img_627.jpg
61529,1280,720,631.94293,353.39117,986.8637,986.74805,-7.693,-0.311,-0.199,0.081628,0.762812,0.084603,-0.635843,img_628.jpg
61612,1280,720,631.94293,353.39117,986.8637,986.74805,-7.609,-0.317,-0.187,0.075732,0.761339,0.080958,-0.638806,img_629.jpg
61681,1280,720,631.94293,353.39117,986.8637,986.74805,-7.549,-0.322,-0.169,0.072850,0.759684,0.084311,-0.640676,img_630.jpg
61754,1280,720,631.94293,353.39117,986.8637,986.74805,-7.464,-0.317,-0.153,0.072269,0.757197,0.093471,-0.642412,img_631.jpg
61827,1280,720,631.94293,353.39117,986.8637,986.74805,-7.349,-0.303,-0.136,0.071341,0.754026,0.097586,-0.645625,img_632.jpg
61913,1280,720,631.94293,353.39117,986.8637,986.74805,-7.271,-0.301,-0.130,0.082706,0.754667,0.104992,-0.642350,img_633.jpg
61981,1280,720,631.94293,353.39117,986.8637,986.74805,-7.193,-0.301,-0.125,0.089573,0.749023,0.120000,-0.645401,img_634.jpg
62050,1280,720,631.94293,353.39117,986.8637,986.74805,-7.109,-0.308,-0.125,0.102573,0.745593,0.119405,-0.647544,img_635.jpg
62124,1280,720,631.94293,353.39117,986.8637,986.74805,-6.992,-0.323,-0.129,0.112531,0.742461,0.106055,-0.651798,img_636.jpg
62212,1280,720,631.94293,353.39117,986.8637,986.74805,-6.913,-0.331,-0.130,0.110287,0.741665,0.098004,-0.654344,img_637.jpg
62281,1280,720,631.94293,353.39117,986.8637,986.74805,-6.829,-0.333,-0.133,0.102020,0.730119,0.100477,-0.668149,img_638.jpg
62352,1280,720,631.94293,353.39117,986.8637,986.74805,-6.752,-0.324,-0.139,0.109940,0.735880,0.098468,-0.660831,img_639.jpg
62423,1280,720,631.94293,353.39117,986.8637,986.74805,-6.688,-0.311,-0.145,0.102098,0.734732,0.094760,-0.663902,img_640.jpg
62493,1280,720,631.94293,353.39117,986.8637,986.74805,-6.581,-0.305,-0.145,0.107212,0.743159,0.093066,-0.653880,img_641.jpg
62581,1280,720,631.94293,353.39117,986.8637,986.74805,-6.510,-0.307,-0.143,0.104948,0.744707,0.098736,-0.651651,img_642.jpg
62649,1280,720,631.94293,353.39117,986.8637,986.74805,-6.436,-0.313,-0.138,0.104012,0.747538,0.100296,-0.648313,img_643.jpg
62722,1280,720,631.94293,353.39117,986.8637,986.74805,-6.353,-0.319,-0.132,0.099693,0.748052,0.094871,-0.649214,img_644.jpg
62793,1280,720,631.94293,353.39117,986.8637,986.74805,-6.235,-0.327,-0.123,0.092702,0.744954,0.091768,-0.654239,img_645.jpg
62883,1280,720,631.94293,353.39117,986.8637,986.74805,-6.151,-0.322,-0.115,0.095006,0.747013,0.088903,-0.651952,img_646.jpg
62956,1280,720,631.94293,353.39117,986.8637,986.74805,-6.040,-0.307,-0.101,0.087186,0.745235,0.094744,-0.654253,img_647.jpg
63046,1280,720,631.94293,353.39117,986.8637,986.74805,-5.967,-0.299,-0.096,0.088677,0.746947,0.089705,-0.652810,img_648.jpg
63121,1280,720,631.94293,353.39117,986.8637,986.74805,-5.887,-0.297,-0.095,0.094937,0.745970,0.100320,-0.651499,img_649.jpg
63193,1280,720,631.94293,353.39117,986.8637,986.74805,-5.777,-0.303,-0.097,0.105948,0.741542,0.099085,-0.655036,img_650.jpg
63281,1280,720,631.94293,353.39117,986.8637,986.74805,-5.706,-0.308,-0.100,0.110995,0.738604,0.093495,-0.658333,img_651.jpg
63352,1280,720,631.94293,353.39117,986.8637,986.74805,-5.623,-0.320,-0.103,0.112256,0.739002,0.087169,-0.658541,img_652.jpg
63427,1280,720,631.94293,353.39117,986.8637,986.74805,-5.506,-0.329,-0.108,0.104933,0.742273,0.081110,-0.656842,img_653.jpg
63511,1280,720,631.94293,353.39117,986.8637,986.74805,-5.428,-0.330,-0.112,0.115891,0.757000,0.080456,-0.638003,img_654.jpg
63583,1280,720,631.94293,353.39117,986.8637,986.74805,-5.364,-0.326,-0.111,0.114527,0.758544,0.097485,-0.634028,img_655.jpg
63652,1280,720,631.94293,353.39117,986.8637,986.74805,-5.237,-0.318,-0.129,0.121401,0.760938,0.099850,-0.629496,img_656.jpg,marker_13.jpg,0.26332447,0.26332447,-25.628,-0.094,1.993,-0.682592,0.015969,-0.007778,-0.007778,marker_1.jpg,0.27704743,0.27704743,0.435,-0.188,0.487,-0.701242,-0.010671,0.022892,0.022892
63729,1280,720,631.94293,353.39117,986.8637,986.74805,-5.068,-0.316,-0.132,0.115644,0.762174,0.108364,-0.627674,img_657.jpg
63815,1280,720,631.94293,353.39117,986.8637,986.74805,-4.991,-0.316,-0.134,0.109670,0.764483,0.111060,-0.625463,img_658.jpg
63885,1280,720,631.94293,353.39117,986.8637,986.74805,-4.913,-0.319,-0.131,0.101976,0.765867,0.103420,-0.626381,img_659.jpg
63955,1280,720,631.94293,353.39117,986.8637,986.74805,-4.793,-0.324,-0.126,0.093610,0.767710,0.088880,-0.627662,img_660.jpg
64046,1280,720,631.94293,353.39117,986.8637,986.74805,-4.717,-0.321,-0.122,0.096578,0.766026,0.092339,-0.628770,img_661.jpg
64119,1280,720,631.94293,353.39117,986.8637,986.74805,-4.646,-0.310,-0.120,0.098182,0.765807,0.099178,-0.627745,img_662.jpg
64188,1280,720,631.94293,353.39117,986.8637,986.74805,-4.573,-0.299,-0.117,0.094416,0.764637,0.089237,-0.631231,img_663.jpg
64263,1280,720,631.94293,353.39117,986.8637,986.74805,-4.475,-0.287,-0.121,0.100063,0.765293,0.094711,-0.628764,img_664.jpg
64346,1280,720,631.94293,353.39117,986.8637,986.74805,-4.417,-0.285,-0.123,0.104965,0.763172,0.102825,-0.629268,img_665.jpg
64420,1280,720,631.94293,353.39117,986.8637,986.74805,-4.350,-0.290,-0.130,0.111197,0.760760,0.096116,-0.632171,img_666.jpg
64495,1280,720,631.94293,353.39117,986.8637,986.74805,-4.276,-0.300,-0.135,0.112914,0.760662,0.088688,-0.633070,img_667.jpg
64571,1280,720,631.94293,353.39117,986.8637,986.74805,-4.173,-0.306,-0.143,0.110076,0.763507,0.083838,-0.630802,img_668.jpg
64662,1280,720,631.94293,353.39117,986.8637,986.74805,-4.079,-0.294,-0.154,0.112495,0.770308,0.086430,-0.621692,img_669.jpg
64746,1280,720,631.94293,353.39117,986.8637,986.74805,-4.030,-0.276,-0.158,0.102653,0.769866,0.092527,-0.623063,img_670.jpg
64827,1280,720,631.94293,353.39117,986.8637,986.74805,-3.946,-0.263,-0.161,0.102124,0.776804,0.085880,-0.615444,img_671.jpg
64911,1280,720,631.94293,353.39117,986.8637,986.74805,-3.878,-0.264,-0.156,0.097230,0.778996,0.098305,-0.611594,img_672.jpg
64989,1280,720,631.94293,353.39117,986.8637,986.74805,-3.784,-0.272,-0.154,0.100567,0.787511,0.100224,-0.599723,img_673.jpg
65062,1280,720,631.94293,353.39117,986.8637,986.74805,-3.722,-0.281,-0.151,0.101506,0.788787,0.100117,-0.597904,img_674.jpg
65145,1280,720,631.94293,353.39117,986.8637,986.74805,-3.658,-0.288,-0.148,0.108618,0.791056,0.097761,-0.594033,img_675.jpg
65227,1280,720,631.94293,353.39117,986.8637,986.74805,-3.555,-0.292,-0.137,0.120903,0.796874,0.119701,-0.579694,img_676.jpg
65310,1280,720,631.94293,353.39117,986.8637,986.74805,-3.475,-0.294,-0.125,0.130514,0.800500,0.147059,-0.566163,img_677.jpg
65394,1280,720,631.94293,353.39117,986.8637,986.74805,-3.386,-0.289,-0.116,0.136291,0.807924,0.159894,-0.550561,img_678.jpg
65481,1280,720,631.94293,353.39117,986.8637,986.74805,-3.337,-0.284,-0.111,0.138515,0.811288,0.175013,-0.540367,img_679.jpg
65567,1280,720,631.94293,353.39117,986.8637,986.74805,-3.252,-0.290,-0.107,0.144034,0.820818,0.176231,-0.523884,img_680.jpg
65662,1280,720,631.94293,353.39117,986.8637,986.74805,-3.161,-0.310,-0.103,0.148704,0.833313,0.182388,-0.500211,img_681.jpg
65762,1280,720,631.94293,353.39117,986.8637,986.74805,-3.074,-0.326,-0.094,0.139415,0.848438,0.192573,-0.472898,img_682.jpg
65844,1280,720,631.94293,353.39117,986.8637,986.74805,-3.012,-0.326,-0.087,0.142647,0.862200,0.202701,-0.441787,img_683.jpg
65945,1280,720,631.94293,353.39117,986.8637,986.74805,-2.939,-0.308,-0.067,0.124742,0.873919,0.211470,-0.419505,img_684.jpg
66017,1280,720,631.94293,353.39117,986.8637,986.74805,-2.896,-0.303,-0.051,0.127114,0.888107,0.203981,-0.391792,img_685.jpg
66096,1280,720,631.94293,353.39117,986.8637,986.74805,-2.822,-0.310,-0.011,-0.116497,-0.901366,-0.232350,0.346384,img_686.jpg
66180,1280,720,631.94293,353.39117,986.8637,986.74805,-2.763,-0.323,0.018,-0.107703,-0.910145,-0.240767,0.319480,img_687.jpg
66265,1280,720,631.94293,353.39117,986.8637,986.74805,-2.679,-0.345,0.075,-0.094840,-0.920735,-0.253697,0.280875,img_688.jpg
66362,1280,720,631.94293,353.39117,986.8637,986.74805,-2.610,-0.352,0.133,-0.079295,-0.930066,-0.253422,0.253904,img_689.jpg
66446,1280,720,631.94293,353.39117,986.8637,986.74805,-2.569,-0.353,0.174,-0.074549,-0.932023,-0.268130,0.232125,img_690.jpg
66520,1280,720,631.94293,353.39117,986.8637,986.74805,-2.516,-0.351,0.235,-0.068445,-0.938042,-0.280951,0.190942,img_691.jpg
66611,1280,720,631.94293,353.39117,986.8637,986.74805,-2.486,-0.344,0.274,-0.058029,-0.941425,-0.285273,0.170210,img_692.jpg
66694,1280,720,631.94293,353.39117,986.8637,986.74805,-2.440,-0.343,0.338,-0.065553,-0.944203,-0.292091,0.137357,img_693.jpg
66779,1280,720,631.94293,353.39117,986.8637,986.74805,-2.409,-0.347,0.386,-0.065354,-0.937361,-0.317874,0.126650,img_694.jpg
66860,1280,720,631.94293,353.39117,986.8637,986.74805,-2.365,-0.353,0.463,-0.047433,-0.937360,-0.327674,0.108331,img_695.jpg
66942,1280,720,631.94293,353.39117,986.8637,986.74805,-2.334,-0.355,0.517,-0.035934,-0.936694,-0.335230,0.094518,img_696.jpg
67030,1280,720,631.94293,353.39117,986.8637,986.74805,-2.301,-0.346,0.598,-0.034905,-0.936984,-0.342095,0.061756,img_697.jpg
67109,1280,720,631.94293,353.39117,986.8637,986.74805,-2.279,-0.332,0.651,-0.031777,-0.939077,-0.338059,0.053288,img_698.jpg
67194,1280,720,631.94293,353.39117,986.8637,986.74805,-2.244,-0.319,0.732,-0.042980,-0.943345,-0.327654,0.029937,img_699.jpg
67278,1280,720,631.94293,353.39117,986.8637,986.74805,-2.240,-0.304,0.774,-0.038355,-0.948173,-0.314756,0.020602,img_700.jpg
67352,1280,720,631.94293,353.39117,986.8637,986.74805,-2.225,-0.301,0.832,-0.033649,-0.950522,-0.308526,0.013715,img_701.jpg
67444,1280,720,631.94293,353.39117,986.8637,986.74805,-2.209,-0.303,0.918,-0.043563,-0.951133,-0.304642,0.025332,img_702.jpg
67516,1280,720,631.94293,353.39117,986.8637,986.74805,-2.190,-0.305,0.983,-0.062208,-0.948480,-0.306704,0.049489,img_703.jpg
67611,1280,720,631.94293,353.39117,986.8637,986.74805,-2.160,-0.300,1.088,-0.088721,-0.942520,-0.312814,0.077025,img_704.jpg
67685,1280,720,631.94293,353.39117,986.8637,986.74805,-2.141,-0.292,1.156,-0.091810,-0.931802,-0.340929,0.084168,img_705.jpg
67762,1280,720,631.94293,353.39117,986.8637,986.74805,-2.112,-0.266,1.243,-0.098446,-0.933411,-0.322580,0.122454,img_706.jpg
67861,1280,720,631.94293,353.39117,986.8637,986.74805,-2.069,-0.255,1.334,-0.110133,-0.928086,-0.318717,0.157944,img_707.jpg
67961,1280,720,631.94293,353.39117,986.8637,986.74805,-2.026,-0.242,1.418,-0.121118,-0.924885,-0.304357,0.193095,img_708.jpg
68061,1280,720,631.94293,353.39117,986.8637,986.74805,-1.973,-0.243,1.507,-0.140316,-0.919836,-0.293003,0.219914,img_709.jpg
68161,1280,720,631.94293,353.39117,986.8637,986.74805,-1.923,-0.247,1.556,-0.157538,-0.913409,-0.286212,0.242793,img_710.jpg
68242,1280,720,631.94293,353.39117,986.8637,986.74805,-1.880,-0.249,1.602,-0.171046,-0.908300,-0.277200,0.262477,img_711.jpg
68325,1280,720,631.94293,353.39117,986.8637,986.74805,-1.824,-0.254,1.647,-0.183424,-0.894234,-0.290964,0.286428,img_712.jpg
68408,1280,720,631.94293,353.39117,986.8637,986.74805,-1.782,-0.250,1.682,-0.192819,-0.887373,-0.287689,0.304344,img_713.jpg
68483,1280,720,631.94293,353.39117,986.8637,986.74805,-1.740,-0.253,1.710,-0.200126,-0.875666,-0.294827,0.325939,img_714.jpg
68560,1280,720,631.94293,353.39117,986.8637,986.74805,-1.674,-0.262,1.752,0.211932,0.859309,0.299263,-0.356531,img_715.jpg
68643,1280,720,631.94293,353.39117,986.8637,986.74805,-1.627,-0.268,1.781,0.222145,0.846853,0.301760,-0.377402,img_716.jpg
68710,1280,720,631.94293,353.39117,986.8637,986.74805,-1.582,-0.272,1.810,0.229188,0.834757,0.301950,-0.399351,img_717.jpg
68783,1280,720,631.94293,353.39117,986.8637,986.74805,-1.505,-0.273,1.875,0.240397,0.815233,0.293724,-0.437413,img_718.jpg
68858,1280,720,631.94293,353.39117,986.8637,986.74805,-1.461,-0.273,1.903,0.249577,0.801488,0.289737,-0.459762,img_719.jpg
68943,1280,720,631.94293,353.39117,986.8637,986.74805,-1.417,-0.270,1.933,0.257558,0.786535,0.293604,-0.478354,img_720.jpg
69027,1280,720,631.94293,353.39117,986.8637,986.74805,-1.357,-0.262,1.970,0.256575,0.769543,0.295752,-0.504483,img_721.jpg
