time,sizeX,sizeY,p_x,p_y,f_x,f_y,pos_X,pos_Y,pos_Z,q_x,q_y,q_z,q_w,marker_ID,marker_x,marker_y,marker_z,marker_qx,marker_qy,marker_qz,marker_qw,marker_ID,marker_x,marker_y,marker_z,marker_qx,marker_qy,marker_qz,marker_qw,marker_ID,marker_x,marker_y,marker_z,marker_qx,marker_qy,marker_qz,marker_qw,
11639,1280,720,640.48975,339.145,991.9681,992.7318,0.411,-0.183,1.050,0.064122,-0.018728,-0.004730,-0.997755,img_1.jpg
11726,1280,720,640.48975,339.145,991.9681,992.7318,0.412,-0.183,1.050,0.067286,-0.017078,-0.001776,-0.997586,img_2.jpg
11795,1280,720,640.48975,339.145,991.9681,992.7318,0.412,-0.183,1.049,0.074321,-0.012351,0.000217,-0.997158,img_3.jpg
11873,1280,720,640.48975,339.145,991.9681,992.7318,0.412,-0.183,1.048,0.073463,-0.012643,-0.001764,-0.997216,img_4.jpg
11956,1280,720,640.48975,339.145,991.9681,992.7318,0.413,-0.184,1.049,0.071081,-0.014132,-0.003579,-0.997364,img_5.jpg
12018,1280,720,640.48975,339.145,991.9681,992.7318,0.413,-0.184,1.050,0.069154,-0.015356,-0.006186,-0.997469,img_6.jpg
12105,1280,720,640.48975,339.145,991.9681,992.7318,0.412,-0.185,1.051,0.064505,-0.016984,-0.012374,-0.997696,img_7.jpg
12189,1280,720,640.48975,339.145,991.9681,992.7318,0.412,-0.187,1.052,0.061779,-0.011332,-0.015116,-0.997911,img_8.jpg,marker_1.jpg,0.27454853,0.27454853,0.383,-0.235,0.398,-0.702180,-0.000508,-0.000933,-0.000933
12256,1280,720,640.48975,339.145,991.9681,992.7318,0.412,-0.188,1.051,0.065810,-0.013819,-0.015910,-0.997610,img_9.jpg
12324,1280,720,640.48975,339.145,991.9681,992.7318,0.412,-0.189,1.052,0.064762,-0.019611,-0.018110,-0.997544,img_10.jpg
12395,1280,720,640.48975,339.145,991.9681,992.7318,0.413,-0.192,1.052,0.066150,-0.022046,-0.016994,-0.997421,img_11.jpg
12475,1280,720,640.48975,339.145,991.9681,992.7318,0.415,-0.199,1.052,0.075340,-0.026044,-0.014260,-0.996716,img_12.jpg
12555,1280,720,640.48975,339.145,991.9681,992.7318,0.417,-0.213,1.053,0.097266,-0.033240,-0.011717,-0.994634,img_13.jpg
12620,1280,720,640.48975,339.145,991.9681,992.7318,0.418,-0.237,1.054,0.119431,-0.037355,-0.017864,-0.991979,img_14.jpg
12696,1280,720,640.48975,339.145,991.9681,992.7318,0.420,-0.262,1.055,0.147841,-0.042727,-0.019589,-0.987894,img_15.jpg
12764,1280,720,640.48975,339.145,991.9681,992.7318,0.421,-0.294,1.059,0.179629,-0.051246,-0.025623,-0.982065,img_16.jpg
12839,1280,720,640.48975,339.145,991.9681,992.7318,0.426,-0.317,1.061,0.205703,-0.055951,-0.024807,-0.976699,img_17.jpg
12922,1280,720,640.48975,339.145,991.9681,992.7318,0.430,-0.339,1.062,0.227046,-0.058569,-0.026306,-0.971765,img_18.jpg
12999,1280,720,640.48975,339.145,991.9681,992.7318,0.430,-0.373,1.070,0.261079,-0.059314,-0.033851,-0.962899,img_19.jpg
13088,1280,720,640.48975,339.145,991.9681,992.7318,0.421,-0.355,1.074,0.286987,-0.068476,-0.039856,-0.954652,img_20.jpg
13159,1280,720,640.48975,339.145,991.9681,992.7318,0.416,-0.365,1.088,0.305155,-0.075463,-0.041801,-0.948387,img_21.jpg,marker_1.jpg,0.27454853,0.27454853,0.366,-0.211,0.397,-0.705539,-0.008872,0.011296,0.011296
13233,1280,720,640.48975,339.145,991.9681,992.7318,0.396,-0.379,1.119,0.325407,-0.088161,-0.050729,-0.940088,img_22.jpg
13322,1280,720,640.48975,339.145,991.9681,992.7318,0.380,-0.387,1.146,0.335247,-0.104768,-0.058195,-0.934476,img_23.jpg
13397,1280,720,640.48975,339.145,991.9681,992.7318,0.344,-0.397,1.193,0.344790,-0.136351,-0.074104,-0.925763,img_24.jpg
13488,1280,720,640.48975,339.145,991.9681,992.7318,0.313,-0.410,1.228,0.354796,-0.152577,-0.095396,-0.917464,img_25.jpg
13558,1280,720,640.48975,339.145,991.9681,992.7318,0.282,-0.418,1.268,0.373855,-0.179759,-0.103530,-0.903991,img_26.jpg
13635,1280,720,640.48975,339.145,991.9681,992.7318,0.228,-0.436,1.330,0.396481,-0.217749,-0.123234,-0.883290,img_27.jpg
13721,1280,720,640.48975,339.145,991.9681,992.7318,0.192,-0.444,1.370,0.412127,-0.245264,-0.130790,-0.867693,img_28.jpg
13795,1280,720,640.48975,339.145,991.9681,992.7318,0.154,-0.452,1.409,0.413454,-0.267218,-0.148580,-0.857656,img_29.jpg
13872,1280,720,640.48975,339.145,991.9681,992.7318,0.099,-0.461,1.459,0.414992,-0.294886,-0.180252,-0.841625,img_30.jpg
13956,1280,720,640.48975,339.145,991.9681,992.7318,0.063,-0.467,1.488,0.413761,-0.319891,-0.195348,-0.829645,img_31.jpg
14032,1280,720,640.48975,339.145,991.9681,992.7318,0.005,-0.479,1.524,0.417816,-0.348930,-0.213191,-0.811312,img_32.jpg
14122,1280,720,640.48975,339.145,991.9681,992.7318,-0.033,-0.485,1.546,0.420041,-0.365063,-0.223030,-0.800345,img_33.jpg
14205,1280,720,640.48975,339.145,991.9681,992.7318,-0.101,-0.496,1.568,0.416952,-0.385147,-0.232763,-0.789705,img_34.jpg
14289,1280,720,640.48975,339.145,991.9681,992.7318,-0.150,-0.504,1.579,0.415752,-0.395818,-0.234951,-0.784395,img_35.jpg
14358,1280,720,640.48975,339.145,991.9681,992.7318,-0.203,-0.510,1.586,0.409951,-0.405195,-0.234844,-0.782691,img_36.jpg
14429,1280,720,640.48975,339.145,991.9681,992.7318,-0.254,-0.509,1.588,0.402682,-0.410608,-0.232290,-0.784404,img_37.jpg
14511,1280,720,640.48975,339.145,991.9681,992.7318,-0.334,-0.507,1.585,0.406432,-0.406952,-0.221246,-0.787562,img_38.jpg
14588,1280,720,640.48975,339.145,991.9681,992.7318,-0.384,-0.499,1.582,0.398590,-0.411068,-0.211724,-0.792037,img_39.jpg
14666,1280,720,640.48975,339.145,991.9681,992.7318,-0.460,-0.493,1.576,0.394166,-0.409968,-0.213572,-0.794321,img_40.jpg
14757,1280,720,640.48975,339.145,991.9681,992.7318,-0.500,-0.481,1.570,0.391694,-0.412845,-0.210167,-0.794962,img_41.jpg
14826,1280,720,640.48975,339.145,991.9681,992.7318,-0.550,-0.471,1.566,0.385806,-0.415613,-0.208064,-0.796950,img_42.jpg
14905,1280,720,640.48975,339.145,991.9681,992.7318,-0.628,-0.465,1.552,0.382084,-0.414847,-0.202713,-0.800513,img_43.jpg
14987,1280,720,640.48975,339.145,991.9681,992.7318,-0.682,-0.466,1.541,0.376885,-0.413057,-0.199599,-0.804675,img_44.jpg
15058,1280,720,640.48975,339.145,991.9681,992.7318,-0.735,-0.467,1.530,0.374656,-0.409942,-0.196273,-0.808120,img_45.jpg
15156,1280,720,640.48975,339.145,991.9681,992.7318,-0.805,-0.465,1.512,0.365586,-0.399494,-0.198008,-0.817034,img_46.jpg
15229,1280,720,640.48975,339.145,991.9681,992.7318,-0.871,-0.453,1.489,0.375785,-0.382312,-0.190320,-0.822436,img_47.jpg
15321,1280,720,640.48975,339.145,991.9681,992.7318,-0.914,-0.444,1.469,0.374380,-0.368676,-0.187430,-0.829932,img_48.jpg
15393,1280,720,640.48975,339.145,991.9681,992.7318,-0.947,-0.438,1.444,0.374707,-0.350955,-0.177118,-0.839675,img_49.jpg
15471,1280,720,640.48975,339.145,991.9681,992.7318,-1.002,-0.429,1.400,0.364292,-0.326524,-0.163165,-0.856768,img_50.jpg
15556,1280,720,640.48975,339.145,991.9681,992.7318,-1.038,-0.415,1.374,0.356452,-0.326524,-0.152965,-0.861932,img_51.jpg
15637,1280,720,640.48975,339.145,991.9681,992.7318,-1.105,-0.397,1.323,0.330115,-0.324644,-0.136900,-0.875722,img_52.jpg
15722,1280,720,640.48975,339.145,991.9681,992.7318,-1.145,-0.378,1.285,0.311661,-0.331982,-0.124159,-0.881612,img_53.jpg
15806,1280,720,640.48975,339.145,991.9681,992.7318,-1.202,-0.352,1.222,0.299396,-0.344705,-0.103721,-0.883619,img_54.jpg
15888,1280,720,640.48975,339.145,991.9681,992.7318,-1.238,-0.333,1.181,0.304373,-0.345103,-0.095702,-0.882668,img_55.jpg
15960,1280,720,640.48975,339.145,991.9681,992.7318,-1.270,-0.314,1.143,0.292943,-0.361106,-0.087608,-0.880972,img_56.jpg
16031,1280,720,640.48975,339.145,991.9681,992.7318,-1.319,-0.290,1.086,0.278416,-0.379473,-0.078539,-0.878816,img_57.jpg
16120,1280,720,640.48975,339.145,991.9681,992.7318,-1.352,-0.271,1.052,0.261300,-0.395751,-0.071279,-0.877509,img_58.jpg
16188,1280,720,640.48975,339.145,991.9681,992.7318,-1.390,-0.254,1.017,0.243491,-0.409993,-0.067631,-0.876381,img_59.jpg
16271,1280,720,640.48975,339.145,991.9681,992.7318,-1.440,-0.235,0.964,0.211346,-0.425631,-0.062004,-0.877682,img_60.jpg
16371,1280,720,640.48975,339.145,991.9681,992.7318,-1.494,-0.229,0.903,0.189883,-0.433163,-0.063894,-0.878767,img_61.jpg
16454,1280,720,640.48975,339.145,991.9681,992.7318,-1.528,-0.226,0.862,0.177042,-0.435486,-0.068595,-0.879945,img_62.jpg
16525,1280,720,640.48975,339.145,991.9681,992.7318,-1.565,-0.218,0.814,0.178976,-0.433456,-0.074488,-0.880077,img_63.jpg
16602,1280,720,640.48975,339.145,991.9681,992.7318,-1.613,-0.203,0.742,0.186937,-0.437648,-0.067551,-0.876901,img_64.jpg
16687,1280,720,640.48975,339.145,991.9681,992.7318,-1.649,-0.200,0.696,0.185609,-0.435450,-0.068366,-0.878214,img_65.jpg
16752,1280,720,640.48975,339.145,991.9681,992.7318,-1.678,-0.199,0.649,0.186903,-0.435916,-0.063825,-0.878049,img_66.jpg
16828,1280,720,640.48975,339.145,991.9681,992.7318,-1.702,-0.203,0.605,0.187576,-0.445304,-0.055392,-0.873757,img_67.jpg
16920,1280,720,640.48975,339.145,991.9681,992.7318,-1.743,-0.215,0.530,0.187816,-0.448269,-0.052967,-0.872339,img_68.jpg
16994,1280,720,640.48975,339.145,991.9681,992.7318,-1.787,-0.226,0.448,0.173119,-0.463373,-0.059131,-0.867075,img_69.jpg
17086,1280,720,640.48975,339.145,991.9681,992.7318,-1.817,-0.230,0.387,0.174343,-0.472934,-0.054898,-0.861930,img_70.jpg
17159,1280,720,640.48975,339.145,991.9681,992.7318,-1.851,-0.232,0.326,0.181129,-0.487191,-0.055347,-0.852510,img_71.jpg
17232,1280,720,640.48975,339.145,991.9681,992.7318,-1.907,-0.227,0.241,0.181223,-0.508162,-0.061563,-0.839726,img_72.jpg
17319,1280,720,640.48975,339.145,991.9681,992.7318,-1.947,-0.225,0.186,0.182894,-0.518884,-0.066769,-0.832377,img_73.jpg
17394,1280,720,640.48975,339.145,991.9681,992.7318,-2.009,-0.228,0.113,0.201199,-0.534395,-0.068720,-0.818058,img_74.jpg
17485,1280,720,640.48975,339.145,991.9681,992.7318,-2.053,-0.233,0.070,0.194660,-0.543227,-0.078654,-0.812912,img_75.jpg
17556,1280,720,640.48975,339.145,991.9681,992.7318,-2.104,-0.242,0.025,0.187093,-0.551335,-0.087639,-0.808298,img_76.jpg
17629,1280,720,640.48975,339.145,991.9681,992.7318,-2.182,-0.252,-0.042,0.168198,-0.562008,-0.091580,-0.804655,img_77.jpg
17719,1280,720,640.48975,339.145,991.9681,992.7318,-2.241,-0.262,-0.090,0.158833,-0.565977,-0.095587,-0.803309,img_78.jpg
17795,1280,720,640.48975,339.145,991.9681,992.7318,-2.326,-0.261,-0.155,0.160474,-0.563947,-0.106051,-0.803098,img_79.jpg
17886,1280,720,640.48975,339.145,991.9681,992.7318,-2.376,-0.254,-0.199,0.169322,-0.565987,-0.093818,-0.801366,img_80.jpg
17959,1280,720,640.48975,339.145,991.9681,992.7318,-2.427,-0.248,-0.239,0.159908,-0.564363,-0.091515,-0.804704,img_81.jpg
18031,1280,720,640.48975,339.145,991.9681,992.7318,-2.508,-0.249,-0.299,0.167885,-0.564564,-0.090261,-0.803078,img_82.jpg
18119,1280,720,640.48975,339.145,991.9681,992.7318,-2.565,-0.252,-0.340,0.169575,-0.566304,-0.088869,-0.801652,img_83.jpg
18197,1280,720,640.48975,339.145,991.9681,992.7318,-2.657,-0.262,-0.411,0.164948,-0.579196,-0.087874,-0.793475,img_84.jpg
18286,1280,720,640.48975,339.145,991.9681,992.7318,-2.716,-0.265,-0.453,0.145464,-0.595348,-0.082275,-0.785895,img_85.jpg
18361,1280,720,640.48975,339.145,991.9681,992.7318,-2.807,-0.269,-0.516,0.130040,-0.609400,-0.073623,-0.778654,img_86.jpg
18453,1280,720,640.48975,339.145,991.9681,992.7318,-2.870,-0.266,-0.553,0.143517,-0.614840,-0.082387,-0.771095,img_87.jpg
18527,1280,720,640.48975,339.145,991.9681,992.7318,-2.962,-0.253,-0.597,0.137611,-0.643050,-0.086930,-0.748327,img_88.jpg
18619,1280,720,640.48975,339.145,991.9681,992.7318,-3.022,-0.247,-0.619,0.143036,-0.656308,-0.090303,-0.735286,img_89.jpg
18695,1280,720,640.48975,339.145,991.9681,992.7318,-3.115,-0.250,-0.650,0.142695,-0.674754,-0.097838,-0.717476,img_90.jpg
18785,1280,720,640.48975,339.145,991.9681,992.7318,-3.183,-0.259,-0.671,0.135238,-0.685621,-0.105401,-0.707478,img_91.jpg
18859,1280,720,640.48975,339.145,991.9681,992.7318,-3.243,-0.273,-0.682,0.130124,-0.685645,-0.108736,-0.707909,img_92.jpg
18935,1280,720,640.48975,339.145,991.9681,992.7318,-3.346,-0.285,-0.705,0.123930,-0.683034,-0.112049,-0.711021,img_93.jpg
19019,1280,720,640.48975,339.145,991.9681,992.7318,-3.416,-0.288,-0.718,0.125311,-0.681997,-0.120834,-0.710335,img_94.jpg
19103,1280,720,640.48975,339.145,991.9681,992.7318,-3.514,-0.281,-0.742,0.138396,-0.681413,-0.117512,-0.709023,img_95.jpg
19185,1280,720,640.48975,339.145,991.9681,992.7318,-3.582,-0.281,-0.757,0.144357,-0.677673,-0.120283,-0.710952,img_96.jpg
19263,1280,720,640.48975,339.145,991.9681,992.7318,-3.678,-0.282,-0.776,0.156234,-0.676718,-0.120736,-0.709271,img_97.jpg
19353,1280,720,640.48975,339.145,991.9681,992.7318,-3.741,-0.285,-0.789,0.155882,-0.678756,-0.116013,-0.708189,img_98.jpg
19432,1280,720,640.48975,339.145,991.9681,992.7318,-3.844,-0.290,-0.806,0.147699,-0.685428,-0.111958,-0.704158,img_99.jpg
19518,1280,720,640.48975,339.145,991.9681,992.7318,-3.914,-0.290,-0.818,0.132827,-0.691097,-0.104429,-0.702735,img_100.jpg
19596,1280,720,640.48975,339.145,991.9681,992.7318,-4.024,-0.290,-0.839,0.133883,-0.696400,-0.094865,-0.698644,img_101.jpg
19687,1280,720,640.48975,339.145,991.9681,992.7318,-4.096,-0.284,-0.856,0.136695,-0.686219,-0.090157,-0.708724,img_102.jpg
19764,1280,720,640.48975,339.145,991.9681,992.7318,-4.205,-0.274,-0.878,0.125171,-0.688221,-0.083048,-0.709780,img_103.jpg
19852,1280,720,640.48975,339.145,991.9681,992.7318,-4.277,-0.270,-0.890,0.131842,-0.687010,-0.087706,-0.709184,img_104.jpg
19928,1280,720,640.48975,339.145,991.9681,992.7318,-4.375,-0.267,-0.896,0.139083,-0.689562,-0.096443,-0.704173,img_105.jpg
20018,1280,720,640.48975,339.145,991.9681,992.7318,-4.434,-0.270,-0.900,0.139128,-0.693959,-0.101266,-0.699150,img_106.jpg
20094,1280,720,640.48975,339.145,991.9681,992.7318,-4.543,-0.284,-0.901,0.132910,-0.699541,-0.105163,-0.694203,img_107.jpg
20184,1280,720,640.48975,339.145,991.9681,992.7318,-4.618,-0.293,-0.900,0.124285,-0.702844,-0.103738,-0.692678,img_108.jpg
20260,1280,720,640.48975,339.145,991.9681,992.7318,-4.725,-0.306,-0.888,0.119269,-0.704138,-0.109234,-0.691399,img_109.jpg
20352,1280,720,640.48975,339.145,991.9681,992.7318,-4.797,-0.310,-0.878,0.134168,-0.695181,-0.126443,-0.694791,img_110.jpg
20425,1280,720,640.48975,339.145,991.9681,992.7318,-4.899,-0.306,-0.878,0.138276,-0.693758,-0.131934,-0.694387,img_111.jpg
20517,1280,720,640.48975,339.145,991.9681,992.7318,-4.970,-0.306,-0.885,0.150163,-0.689460,-0.135132,-0.695582,img_112.jpg
20594,1280,720,640.48975,339.145,991.9681,992.7318,-5.084,-0.312,-0.892,0.159224,-0.686268,-0.134445,-0.696856,img_113.jpg
20684,1280,720,640.48975,339.145,991.9681,992.7318,-5.162,-0.316,-0.896,0.154959,-0.690573,-0.130501,-0.694310,img_114.jpg
20759,1280,720,640.48975,339.145,991.9681,992.7318,-5.244,-0.320,-0.901,0.147325,-0.699926,-0.123741,-0.687813,img_115.jpg
20836,1280,720,640.48975,339.145,991.9681,992.7318,-5.362,-0.323,-0.907,0.130416,-0.708644,-0.118616,-0.683188,img_116.jpg
20917,1280,720,640.48975,339.145,991.9681,992.7318,-5.452,-0.319,-0.916,0.139263,-0.709145,-0.119891,-0.680695,img_117.jpg
20997,1280,720,640.48975,339.145,991.9681,992.7318,-5.558,-0.310,-0.926,0.109916,-0.698870,-0.121910,-0.696158,img_118.jpg
21083,1280,720,640.48975,339.145,991.9681,992.7318,-5.634,-0.308,-0.931,0.109631,-0.694454,-0.129246,-0.699293,img_119.jpg
21164,1280,720,640.48975,339.145,991.9681,992.7318,-5.753,-0.308,-0.931,0.117082,-0.699964,-0.139542,-0.690558,img_120.jpg
21251,1280,720,640.48975,339.145,991.9681,992.7318,-5.825,-0.312,-0.928,0.123847,-0.707766,-0.147133,-0.679766,img_121.jpg
21325,1280,720,640.48975,339.145,991.9681,992.7318,-5.943,-0.323,-0.926,0.136076,-0.720761,-0.144542,-0.664150,img_122.jpg
21419,1280,720,640.48975,339.145,991.9681,992.7318,-6.012,-0.326,-0.922,0.137925,-0.722294,-0.138643,-0.663360,img_123.jpg
21491,1280,720,640.48975,339.145,991.9681,992.7318,-6.137,-0.321,-0.915,0.135827,-0.721330,-0.139929,-0.664570,img_124.jpg
21583,1280,720,640.48975,339.145,991.9681,992.7318,-6.215,-0.311,-0.914,0.158851,-0.724829,-0.142432,-0.655059,img_125.jpg
21661,1280,720,640.48975,339.145,991.9681,992.7318,-6.345,-0.305,-0.917,0.167098,-0.725685,-0.146073,-0.651247,img_126.jpg
21734,1280,720,640.48975,339.145,991.9681,992.7318,-6.430,-0.304,-0.921,0.168587,-0.720924,-0.142381,-0.656943,img_127.jpg
21816,1280,720,640.48975,339.145,991.9681,992.7318,-6.512,-0.305,-0.924,0.169954,-0.716871,-0.138602,-0.661817,img_128.jpg
21889,1280,720,640.48975,339.145,991.9681,992.7318,-6.594,-0.307,-0.927,0.157559,-0.715397,-0.132831,-0.667636,img_129.jpg
21959,1280,720,640.48975,339.145,991.9681,992.7318,-6.716,-0.310,-0.935,0.142488,-0.722033,-0.118352,-0.666602,img_130.jpg
22033,1280,720,640.48975,339.145,991.9681,992.7318,-6.793,-0.311,-0.938,0.130401,-0.725010,-0.114830,-0.666461,img_131.jpg
22117,1280,720,640.48975,339.145,991.9681,992.7318,-6.863,-0.305,-0.940,0.127072,-0.727581,-0.117120,-0.663899,img_132.jpg
22191,1280,720,640.48975,339.145,991.9681,992.7318,-6.970,-0.288,-0.947,0.128471,-0.731995,-0.113383,-0.659411,img_133.jpg
22266,1280,720,640.48975,339.145,991.9681,992.7318,-7.047,-0.283,-0.947,0.134739,-0.728870,-0.119213,-0.660592,img_134.jpg
22352,1280,720,640.48975,339.145,991.9681,992.7318,-7.104,-0.281,-0.943,0.144280,-0.730202,-0.122457,-0.656500,img_135.jpg
22427,1280,720,640.48975,339.145,991.9681,992.7318,-7.209,-0.288,-0.936,0.148641,-0.728915,-0.137302,-0.654016,img_136.jpg
22516,1280,720,640.48975,339.145,991.9681,992.7318,-7.287,-0.293,-0.929,0.138288,-0.729289,-0.136618,-0.656010,img_137.jpg
22592,1280,720,640.48975,339.145,991.9681,992.7318,-7.362,-0.294,-0.921,0.135631,-0.727274,-0.133729,-0.659388,img_138.jpg
22671,1280,720,640.48975,339.145,991.9681,992.7318,-7.454,-0.287,-0.899,0.127441,-0.724891,-0.122153,-0.665860,img_139.jpg
22767,1280,720,640.48975,339.145,991.9681,992.7318,-7.562,-0.271,-0.880,0.130455,-0.715210,-0.116085,-0.676743,img_140.jpg
22851,1280,720,640.48975,339.145,991.9681,992.7318,-7.631,-0.260,-0.868,0.129038,-0.710962,-0.111537,-0.682233,img_141.jpg
22927,1280,720,640.48975,339.145,991.9681,992.7318,-7.703,-0.253,-0.860,0.127968,-0.708250,-0.112695,-0.685059,img_142.jpg
23003,1280,720,640.48975,339.145,991.9681,992.7318,-7.790,-0.248,-0.846,0.122721,-0.706954,-0.109537,-0.687864,img_143.jpg
23082,1280,720,640.48975,339.145,991.9681,992.7318,-7.863,-0.248,-0.839,0.120603,-0.709188,-0.101903,-0.687113,img_144.jpg
23159,1280,720,640.48975,339.145,991.9681,992.7318,-7.945,-0.249,-0.833,0.113932,-0.710568,-0.096194,-0.687648,img_145.jpg
23235,1280,720,640.48975,339.145,991.9681,992.7318,-8.021,-0.247,-0.829,0.097678,-0.711938,-0.087304,-0.689914,img_146.jpg
23316,1280,720,640.48975,339.145,991.9681,992.7318,-8.141,-0.240,-0.824,0.097133,-0.710663,-0.084253,-0.691682,img_147.jpg
23399,1280,720,640.48975,339.145,991.9681,992.7318,-8.241,-0.226,-0.824,0.101406,-0.706383,-0.087947,-0.694986,img_148.jpg
23483,1280,720,640.48975,339.145,991.9681,992.7318,-8.314,-0.220,-0.821,0.102135,-0.705957,-0.087886,-0.695320,img_149.jpg
23561,1280,720,640.48975,339.145,991.9681,992.7318,-8.419,-0.222,-0.811,0.123080,-0.707336,-0.097081,-0.689277,img_150.jpg
23634,1280,720,640.48975,339.145,991.9681,992.7318,-8.494,-0.229,-0.800,0.119419,-0.708260,-0.103008,-0.688111,img_151.jpg
23715,1280,720,640.48975,339.145,991.9681,992.7318,-8.580,-0.235,-0.792,0.118499,-0.708491,-0.101457,-0.688262,img_152.jpg
23790,1280,720,640.48975,339.145,991.9681,992.7318,-8.672,-0.245,-0.785,0.121309,-0.709486,-0.099204,-0.687075,img_153.jpg
23866,1280,720,640.48975,339.145,991.9681,992.7318,-8.787,-0.257,-0.769,0.116555,-0.709756,-0.098006,-0.687791,img_154.jpg
23949,1280,720,640.48975,339.145,991.9681,992.7318,-8.862,-0.258,-0.761,0.114157,-0.704222,-0.104168,-0.692956,img_155.jpg
24023,1280,720,640.48975,339.145,991.9681,992.7318,-8.969,-0.250,-0.755,0.117175,-0.697140,-0.106486,-0.699233,img_156.jpg
24115,1280,720,640.48975,339.145,991.9681,992.7318,-9.044,-0.247,-0.752,0.115054,-0.687861,-0.113747,-0.707581,img_157.jpg
24189,1280,720,640.48975,339.145,991.9681,992.7318,-9.139,-0.247,-0.746,0.122596,-0.684577,-0.112901,-0.709632,img_158.jpg
24283,1280,720,640.48975,339.145,991.9681,992.7318,-9.213,-0.252,-0.740,0.126133,-0.684410,-0.111811,-0.709346,img_159.jpg
24359,1280,720,640.48975,339.145,991.9681,992.7318,-9.313,-0.256,-0.736,0.119946,-0.689794,-0.101551,-0.706742,img_160.jpg
24449,1280,720,640.48975,339.145,991.9681,992.7318,-9.395,-0.256,-0.734,0.113375,-0.694269,-0.092550,-0.704678,img_161.jpg
24525,1280,720,640.48975,339.145,991.9681,992.7318,-9.519,-0.254,-0.737,0.123159,-0.698066,-0.087687,-0.699890,img_162.jpg
24615,1280,720,640.48975,339.145,991.9681,992.7318,-9.600,-0.244,-0.735,0.123990,-0.695795,-0.091430,-0.701524,img_163.jpg
24691,1280,720,640.48975,339.145,991.9681,992.7318,-9.706,-0.233,-0.735,0.109912,-0.698619,-0.088344,-0.701460,img_164.jpg
24781,1280,720,640.48975,339.145,991.9681,992.7318,-9.781,-0.230,-0.733,0.122654,-0.700847,-0.092773,-0.696536,img_165.jpg
24859,1280,720,640.48975,339.145,991.9681,992.7318,-9.882,-0.237,-0.725,0.125117,-0.703130,-0.107268,-0.691699,img_166.jpg
24932,1280,720,640.48975,339.145,991.9681,992.7318,-9.961,-0.247,-0.716,0.119641,-0.706180,-0.112998,-0.688642,img_167.jpg
25014,1280,720,640.48975,339.145,991.9681,992.7318,-10.023,-0.257,-0.708,0.118753,-0.707173,-0.113289,-0.687728,img_168.jpg
25085,1280,720,640.48975,339.145,991.9681,992.7318,-10.135,-0.264,-0.691,0.110652,-0.706804,-0.106068,-0.690604,img_169.jpg
25164,1280,720,640.48975,339.145,991.9681,992.7318,-10.219,-0.263,-0.679,0.101792,-0.702723,-0.105095,-0.696257,img_170.jpg
25232,1280,720,640.48975,339.145,991.9681,992.7318,-10.299,-0.256,-0.668,0.114160,-0.697035,-0.111682,-0.699026,img_171.jpg
25314,1280,720,640.48975,339.145,991.9681,992.7318,-10.355,-0.246,-0.657,0.102957,-0.697682,-0.105132,-0.701133,img_172.jpg
25384,1280,720,640.48975,339.145,991.9681,992.7318,-10.412,-0.242,-0.646,0.102155,-0.694138,-0.112268,-0.703657,img_173.jpg
25454,1280,720,640.48975,339.145,991.9681,992.7318,-10.526,-0.245,-0.639,0.121718,-0.688710,-0.109557,-0.706301,img_174.jpg
25532,1280,720,640.48975,339.145,991.9681,992.7318,-10.581,-0.245,-0.638,0.126699,-0.686369,-0.103994,-0.708541,img_175.jpg
25614,1280,720,640.48975,339.145,991.9681,992.7318,-10.657,-0.248,-0.634,0.112547,-0.687559,-0.096506,-0.710832,img_176.jpg
25686,1280,720,640.48975,339.145,991.9681,992.7318,-10.772,-0.242,-0.631,0.100033,-0.691288,-0.080720,-0.711054,img_177.jpg
25764,1280,720,640.48975,339.145,991.9681,992.7318,-10.856,-0.232,-0.630,0.104954,-0.693663,-0.076446,-0.708500,img_178.jpg
25848,1280,720,640.48975,339.145,991.9681,992.7318,-10.945,-0.218,-0.630,0.104783,-0.691779,-0.085791,-0.709297,img_179.jpg
25914,1280,720,640.48975,339.145,991.9681,992.7318,-11.022,-0.204,-0.627,0.090425,-0.687827,-0.086489,-0.715009,img_180.jpg
25987,1280,720,640.48975,339.145,991.9681,992.7318,-11.135,-0.191,-0.619,0.096721,-0.688047,-0.081766,-0.714528,img_181.jpg
26064,1280,720,640.48975,339.145,991.9681,992.7318,-11.207,-0.190,-0.614,0.106292,-0.686507,-0.083881,-0.714404,img_182.jpg
26130,1280,720,640.48975,339.145,991.9681,992.7318,-11.282,-0.192,-0.610,0.101877,-0.688750,-0.086229,-0.712607,img_183.jpg
26213,1280,720,640.48975,339.145,991.9681,992.7318,-11.345,-0.199,-0.610,0.104009,-0.695637,-0.089075,-0.705221,img_184.jpg
26284,1280,720,640.48975,339.145,991.9681,992.7318,-11.409,-0.204,-0.607,0.095606,-0.691250,-0.088190,-0.710813,img_185.jpg
26348,1280,720,640.48975,339.145,991.9681,992.7318,-11.471,-0.206,-0.604,0.092611,-0.698893,-0.080172,-0.704659,img_186.jpg
26419,1280,720,640.48975,339.145,991.9681,992.7318,-11.529,-0.205,-0.596,0.087161,-0.706465,-0.071198,-0.698742,img_187.jpg
26490,1280,720,640.48975,339.145,991.9681,992.7318,-11.609,-0.207,-0.588,0.101579,-0.703741,-0.094401,-0.696791,img_188.jpg
26579,1280,720,640.48975,339.145,991.9681,992.7318,-11.666,-0.208,-0.589,0.108652,-0.707093,-0.091523,-0.692704,img_189.jpg
26645,1280,720,640.48975,339.145,991.9681,992.7318,-11.694,-0.211,-0.594,0.114584,-0.703430,-0.097196,-0.694701,img_190.jpg
26730,1280,720,640.48975,339.145,991.9681,992.7318,-11.794,-0.219,-0.604,0.123322,-0.699359,-0.100223,-0.696881,img_191.jpg
26813,1280,720,640.48975,339.145,991.9681,992.7318,-11.859,-0.226,-0.609,0.110000,-0.702975,-0.105111,-0.694750,img_192.jpg
26882,1280,720,640.48975,339.145,991.9681,992.7318,-11.922,-0.232,-0.613,0.092053,-0.717296,-0.102212,-0.683056,img_193.jpg
26947,1280,720,640.48975,339.145,991.9681,992.7318,-12.005,-0.234,-0.615,0.085214,-0.727245,-0.094899,-0.674424,img_194.jpg
27014,1280,720,640.48975,339.145,991.9681,992.7318,-12.059,-0.239,-0.622,0.081483,-0.725958,-0.098806,-0.675710,img_195.jpg
27089,1280,720,640.48975,339.145,991.9681,992.7318,-12.171,-0.233,-0.634,0.098735,-0.726989,-0.102852,-0.671685,img_196.jpg
27163,1280,720,640.48975,339.145,991.9681,992.7318,-12.234,-0.229,-0.642,0.092333,-0.724692,-0.095702,-0.676120,img_197.jpg
27231,1280,720,640.48975,339.145,991.9681,992.7318,-12.307,-0.229,-0.646,0.099817,-0.717416,-0.100918,-0.682032,img_198.jpg
27313,1280,720,640.48975,339.145,991.9681,992.7318,-12.382,-0.231,-0.652,0.123647,-0.714542,-0.104917,-0.680539,img_199.jpg
27396,1280,720,640.48975,339.145,991.9681,992.7318,-12.485,-0.242,-0.657,0.133529,-0.709900,-0.118375,-0.681322,img_200.jpg
27479,1280,720,640.48975,339.145,991.9681,992.7318,-12.553,-0.250,-0.658,0.128438,-0.711063,-0.119414,-0.680907,img_201.jpg
27547,1280,720,640.48975,339.145,991.9681,992.7318,-12.610,-0.255,-0.657,0.119968,-0.713363,-0.109294,-0.681745,img_202.jpg
27616,1280,720,640.48975,339.145,991.9681,992.7318,-12.682,-0.260,-0.654,0.115228,-0.717145,-0.096685,-0.680498,img_203.jpg
27689,1280,720,640.48975,339.145,991.9681,992.7318,-12.790,-0.262,-0.647,0.118339,-0.710844,-0.107220,-0.684982,img_204.jpg
27763,1280,720,640.48975,339.145,991.9681,992.7318,-12.857,-0.260,-0.646,0.129410,-0.708076,-0.117753,-0.684117,img_205.jpg
27846,1280,720,640.48975,339.145,991.9681,992.7318,-12.927,-0.262,-0.645,0.123338,-0.698594,-0.126998,-0.693272,img_206.jpg
27911,1280,720,640.48975,339.145,991.9681,992.7318,-12.995,-0.264,-0.644,0.132871,-0.694304,-0.127679,-0.695690,img_207.jpg
27978,1280,720,640.48975,339.145,991.9681,992.7318,-13.066,-0.266,-0.645,0.136707,-0.689363,-0.125210,-0.700295,img_208.jpg
28047,1280,720,640.48975,339.145,991.9681,992.7318,-13.134,-0.269,-0.647,0.132389,-0.691048,-0.120710,-0.700254,img_209.jpg
28119,1280,720,640.48975,339.145,991.9681,992.7318,-13.249,-0.278,-0.651,0.119706,-0.698306,-0.112238,-0.696737,img_210.jpg
28212,1280,720,640.48975,339.145,991.9681,992.7318,-13.329,-0.283,-0.655,0.118655,-0.703114,-0.107524,-0.692814,img_211.jpg
28285,1280,720,640.48975,339.145,991.9681,992.7318,-13.446,-0.282,-0.665,0.122305,-0.706351,-0.103210,-0.689534,img_212.jpg
28378,1280,720,640.48975,339.145,991.9681,992.7318,-13.525,-0.274,-0.672,0.131581,-0.701922,-0.107408,-0.691704,img_213.jpg
28449,1280,720,640.48975,339.145,991.9681,992.7318,-13.600,-0.266,-0.678,0.123317,-0.700099,-0.106241,-0.695246,img_214.jpg
28517,1280,720,640.48975,339.145,991.9681,992.7318,-13.712,-0.251,-0.687,0.136214,-0.698216,-0.106884,-0.694633,img_215.jpg
28595,1280,720,640.48975,339.145,991.9681,992.7318,-13.783,-0.242,-0.688,0.127103,-0.699732,-0.106864,-0.694839,img_216.jpg
28678,1280,720,640.48975,339.145,991.9681,992.7318,-13.852,-0.238,-0.685,0.121305,-0.708873,-0.105394,-0.686788,img_217.jpg
28745,1280,720,640.48975,339.145,991.9681,992.7318,-13.924,-0.236,-0.680,0.104184,-0.711373,-0.100303,-0.687774,img_218.jpg
28815,1280,720,640.48975,339.145,991.9681,992.7318,-14.005,-0.239,-0.677,0.091406,-0.712029,-0.094256,-0.689764,img_219.jpg
28889,1280,720,640.48975,339.145,991.9681,992.7318,-14.121,-0.236,-0.671,0.082896,-0.712279,-0.093910,-0.690628,img_220.jpg
28962,1280,720,640.48975,339.145,991.9681,992.7318,-14.197,-0.231,-0.666,0.085399,-0.706499,-0.106482,-0.694427,img_221.jpg
29045,1280,720,640.48975,339.145,991.9681,992.7318,-14.256,-0.227,-0.666,0.079028,-0.704751,-0.108167,-0.696693,img_222.jpg
29112,1280,720,640.48975,339.145,991.9681,992.7318,-14.317,-0.226,-0.668,0.082377,-0.699630,-0.113237,-0.700649,img_223.jpg
29185,1280,720,640.48975,339.145,991.9681,992.7318,-14.414,-0.229,-0.676,0.101949,-0.696050,-0.104911,-0.702933,img_224.jpg
29261,1280,720,640.48975,339.145,991.9681,992.7318,-14.487,-0.234,-0.679,0.107296,-0.696242,-0.097509,-0.703013,img_225.jpg
29329,1280,720,640.48975,339.145,991.9681,992.7318,-14.560,-0.241,-0.681,0.107878,-0.698668,-0.093236,-0.701094,img_226.jpg
29411,1280,720,640.48975,339.145,991.9681,992.7318,-14.636,-0.247,-0.681,0.099280,-0.700695,-0.092199,-0.700478,img_227.jpg
29482,1280,720,640.48975,339.145,991.9681,992.7318,-14.745,-0.250,-0.686,0.113221,-0.709659,-0.084508,-0.690234,img_228.jpg
29561,1280,720,640.48975,339.145,991.9681,992.7318,-14.821,-0.247,-0.688,0.115153,-0.708112,-0.089637,-0.690856,img_229.jpg
29629,1280,720,640.48975,339.145,991.9681,992.7318,-14.895,-0.242,-0.690,0.121237,-0.710598,-0.087475,-0.687532,img_230.jpg
29713,1280,720,640.48975,339.145,991.9681,992.7318,-15.002,-0.238,-0.697,0.143237,-0.707024,-0.095494,-0.685917,img_231.jpg
29794,1280,720,640.48975,339.145,991.9681,992.7318,-15.079,-0.237,-0.698,0.142792,-0.709029,-0.103001,-0.682847,img_232.jpg
29878,1280,720,640.48975,339.145,991.9681,992.7318,-15.153,-0.241,-0.695,0.132458,-0.710244,-0.110111,-0.682557,img_233.jpg
29944,1280,720,640.48975,339.145,991.9681,992.7318,-15.227,-0.246,-0.690,0.124332,-0.712160,-0.110182,-0.682078,img_234.jpg
30011,1280,720,640.48975,339.145,991.9681,992.7318,-15.303,-0.252,-0.684,0.117344,-0.713156,-0.106983,-0.682784,img_235.jpg
30082,1280,720,640.48975,339.145,991.9681,992.7318,-15.406,-0.257,-0.669,0.100747,-0.716035,-0.105631,-0.682631,img_236.jpg
30161,1280,720,640.48975,339.145,991.9681,992.7318,-15.483,-0.256,-0.658,0.113705,-0.710152,-0.123947,-0.683661,img_237.jpg
30245,1280,720,640.48975,339.145,991.9681,992.7318,-15.548,-0.251,-0.650,0.120735,-0.717775,-0.121665,-0.674848,img_238.jpg
30312,1280,720,640.48975,339.145,991.9681,992.7318,-15.623,-0.247,-0.644,0.111008,-0.712539,-0.127767,-0.680912,img_239.jpg
30387,1280,720,640.48975,339.145,991.9681,992.7318,-15.727,-0.249,-0.641,0.128578,-0.709740,-0.123204,-0.681585,img_240.jpg
30460,1280,720,640.48975,339.145,991.9681,992.7318,-15.796,-0.250,-0.639,0.126498,-0.709220,-0.116444,-0.683700,img_241.jpg
30545,1280,720,640.48975,339.145,991.9681,992.7318,-15.859,-0.247,-0.638,0.122157,-0.708280,-0.111766,-0.686241,img_242.jpg
30612,1280,720,640.48975,339.145,991.9681,992.7318,-15.932,-0.246,-0.636,0.112386,-0.710581,-0.102519,-0.686974,img_243.jpg
30687,1280,720,640.48975,339.145,991.9681,992.7318,-16.037,-0.245,-0.642,0.108476,-0.709914,-0.097419,-0.689032,img_244.jpg
30777,1280,720,640.48975,339.145,991.9681,992.7318,-16.098,-0.235,-0.647,0.123256,-0.709983,-0.096217,-0.686639,img_245.jpg
30849,1280,720,640.48975,339.145,991.9681,992.7318,-16.167,-0.226,-0.649,0.124449,-0.713127,-0.094355,-0.683417,img_246.jpg
30923,1280,720,640.48975,339.145,991.9681,992.7318,-16.276,-0.219,-0.649,0.126870,-0.712092,-0.099338,-0.683346,img_247.jpg
31010,1280,720,640.48975,339.145,991.9681,992.7318,-16.346,-0.218,-0.646,0.137827,-0.709977,-0.107165,-0.682241,img_248.jpg
31084,1280,720,640.48975,339.145,991.9681,992.7318,-16.453,-0.226,-0.640,0.140777,-0.711393,-0.115727,-0.678756,img_249.jpg
31160,1280,720,640.48975,339.145,991.9681,992.7318,-16.522,-0.236,-0.634,0.133462,-0.714052,-0.117851,-0.677074,img_250.jpg
31244,1280,720,640.48975,339.145,991.9681,992.7318,-16.585,-0.246,-0.628,0.127913,-0.716081,-0.116774,-0.676188,img_251.jpg
31312,1280,720,640.48975,339.145,991.9681,992.7318,-16.648,-0.252,-0.620,0.123626,-0.717889,-0.112899,-0.675726,img_252.jpg
31388,1280,720,640.48975,339.145,991.9681,992.7318,-16.760,-0.244,-0.605,0.119127,-0.710372,-0.123680,-0.682557,img_253.jpg
31476,1280,720,640.48975,339.145,991.9681,992.7318,-16.825,-0.231,-0.602,0.124606,-0.711290,-0.114996,-0.682141,img_254.jpg
31543,1280,720,640.48975,339.145,991.9681,992.7318,-16.887,-0.222,-0.596,0.113576,-0.708576,-0.112785,-0.687241,img_255.jpg
31615,1280,720,640.48975,339.145,991.9681,992.7318,-16.988,-0.217,-0.591,0.112785,-0.706669,-0.108464,-0.690025,img_256.jpg
31693,1280,720,640.48975,339.145,991.9681,992.7318,-17.055,-0.218,-0.588,0.115790,-0.705078,-0.105797,-0.691567,img_257.jpg
31776,1280,720,640.48975,339.145,991.9681,992.7318,-17.126,-0.222,-0.585,0.112409,-0.707234,-0.100928,-0.690650,img_258.jpg
31854,1280,720,640.48975,339.145,991.9681,992.7318,-17.240,-0.226,-0.586,0.102653,-0.715550,-0.085569,-0.685659,img_259.jpg
31943,1280,720,640.48975,339.145,991.9681,992.7318,-17.318,-0.226,-0.589,0.102118,-0.719265,-0.078070,-0.682740,img_260.jpg
32027,1280,720,640.48975,339.145,991.9681,992.7318,-17.426,-0.215,-0.596,0.110115,-0.717795,-0.073853,-0.683514,img_261.jpg
32109,1280,720,640.48975,339.145,991.9681,992.7318,-17.495,-0.206,-0.597,0.098646,-0.716560,-0.069523,-0.687006,img_262.jpg
32188,1280,720,640.48975,339.145,991.9681,992.7318,-17.602,-0.200,-0.589,0.112026,-0.716636,-0.080937,-0.683617,img_263.jpg
32275,1280,720,640.48975,339.145,991.9681,992.7318,-17.671,-0.201,-0.580,0.115203,-0.719830,-0.093010,-0.678175,img_264.jpg
32350,1280,720,640.48975,339.145,991.9681,992.7318,-17.772,-0.209,-0.563,0.109325,-0.729641,-0.104985,-0.666821,img_265.jpg
32443,1280,720,640.48975,339.145,991.9681,992.7318,-17.840,-0.217,-0.552,0.104593,-0.732751,-0.105090,-0.664149,img_266.jpg
32519,1280,720,640.48975,339.145,991.9681,992.7318,-17.955,-0.224,-0.539,0.092454,-0.733903,-0.097877,-0.665777,img_267.jpg
32608,1280,720,640.48975,339.145,991.9681,992.7318,-18.021,-0.226,-0.523,0.088425,-0.733399,-0.100610,-0.666471,img_268.jpg
32686,1280,720,640.48975,339.145,991.9681,992.7318,-18.096,-0.222,-0.511,0.093134,-0.725971,-0.112225,-0.672084,img_269.jpg
32767,1280,720,640.48975,339.145,991.9681,992.7318,-18.197,-0.215,-0.499,0.094267,-0.724080,-0.109668,-0.674384,img_270.jpg
32843,1280,720,640.48975,339.145,991.9681,992.7318,-18.262,-0.214,-0.492,0.100311,-0.723155,-0.108058,-0.674765,img_271.jpg
32919,1280,720,640.48975,339.145,991.9681,992.7318,-18.362,-0.219,-0.481,0.105159,-0.719167,-0.108364,-0.678232,img_272.jpg
33008,1280,720,640.48975,339.145,991.9681,992.7318,-18.431,-0.224,-0.478,0.103416,-0.718876,-0.108187,-0.678835,img_273.jpg
33087,1280,720,640.48975,339.145,991.9681,992.7318,-18.548,-0.233,-0.474,0.100600,-0.726084,-0.100675,-0.672715,img_274.jpg
33174,1280,720,640.48975,339.145,991.9681,992.7318,-18.626,-0.235,-0.472,0.104479,-0.729942,-0.099861,-0.668054,img_275.jpg
33251,1280,720,640.48975,339.145,991.9681,992.7318,-18.740,-0.226,-0.472,0.115552,-0.730757,-0.105385,-0.664482,img_276.jpg
33343,1280,720,640.48975,339.145,991.9681,992.7318,-18.809,-0.214,-0.473,0.112404,-0.735234,-0.100137,-0.660885,img_277.jpg
33421,1280,720,640.48975,339.145,991.9681,992.7318,-18.915,-0.207,-0.468,0.119035,-0.732397,-0.109504,-0.661388,img_278.jpg
33508,1280,720,640.48975,339.145,991.9681,992.7318,-18.972,-0.208,-0.462,0.119657,-0.732260,-0.114213,-0.660631,img_279.jpg
33587,1280,720,640.48975,339.145,991.9681,992.7318,-19.081,-0.217,-0.450,0.111760,-0.734886,-0.119013,-0.658247,img_280.jpg
33674,1280,720,640.48975,339.145,991.9681,992.7318,-19.152,-0.225,-0.441,0.102803,-0.733491,-0.117611,-0.661506,img_281.jpg
33745,1280,720,640.48975,339.145,991.9681,992.7318,-19.223,-0.232,-0.432,0.100791,-0.730429,-0.114901,-0.665667,img_282.jpg
33815,1280,720,640.48975,339.145,991.9681,992.7318,-19.297,-0.235,-0.424,0.101721,-0.729214,-0.109815,-0.667713,img_283.jpg
33891,1280,720,640.48975,339.145,991.9681,992.7318,-19.411,-0.227,-0.407,0.105801,-0.718498,-0.116084,-0.677563,img_284.jpg
33975,1280,720,640.48975,339.145,991.9681,992.7318,-19.483,-0.217,-0.401,0.113058,-0.713593,-0.113353,-0.682023,img_285.jpg
34047,1280,720,640.48975,339.145,991.9681,992.7318,-19.573,-0.213,-0.394,0.107367,-0.709731,-0.120615,-0.685716,img_286.jpg
34125,1280,720,640.48975,339.145,991.9681,992.7318,-19.640,-0.214,-0.391,0.110646,-0.709040,-0.115509,-0.686787,img_287.jpg
34208,1280,720,640.48975,339.145,991.9681,992.7318,-19.714,-0.219,-0.388,0.116874,-0.705704,-0.111352,-0.689872,img_288.jpg
34283,1280,720,640.48975,339.145,991.9681,992.7318,-19.832,-0.235,-0.385,0.121332,-0.705832,-0.110375,-0.689127,img_289.jpg
34375,1280,720,640.48975,339.145,991.9681,992.7318,-19.913,-0.242,-0.384,0.125867,-0.707845,-0.106688,-0.686827,img_290.jpg
34444,1280,720,640.48975,339.145,991.9681,992.7318,-20.034,-0.233,-0.387,0.134604,-0.706576,-0.100854,-0.687358,img_291.jpg
34524,1280,720,640.48975,339.145,991.9681,992.7318,-20.113,-0.218,-0.395,0.141003,-0.695081,-0.096935,-0.698272,img_292.jpg
34607,1280,720,640.48975,339.145,991.9681,992.7318,-20.188,-0.203,-0.404,0.144474,-0.689863,-0.087237,-0.703993,img_293.jpg
34685,1280,720,640.48975,339.145,991.9681,992.7318,-20.296,-0.192,-0.411,0.153959,-0.678138,-0.089793,-0.712996,img_294.jpg
34773,1280,720,640.48975,339.145,991.9681,992.7318,-20.365,-0.191,-0.412,0.152346,-0.679140,-0.092331,-0.712064,img_295.jpg
34846,1280,720,640.48975,339.145,991.9681,992.7318,-20.434,-0.195,-0.413,0.156336,-0.689946,-0.090360,-0.700977,img_296.jpg
34918,1280,720,640.48975,339.145,991.9681,992.7318,-20.534,-0.200,-0.405,0.143790,-0.705930,-0.085071,-0.688295,img_297.jpg
35007,1280,720,640.48975,339.145,991.9681,992.7318,-20.601,-0.201,-0.401,0.138138,-0.718915,-0.085551,-0.675840,img_298.jpg
35083,1280,720,640.48975,339.145,991.9681,992.7318,-20.701,-0.195,-0.402,0.157328,-0.728287,-0.100988,-0.659278,img_299.jpg
35173,1280,720,640.48975,339.145,991.9681,992.7318,-20.762,-0.182,-0.407,0.148941,-0.735130,-0.100774,-0.653640,img_300.jpg
35242,1280,720,640.48975,339.145,991.9681,992.7318,-20.825,-0.177,-0.417,0.146150,-0.735077,-0.097083,-0.654887,img_301.jpg
35316,1280,720,640.48975,339.145,991.9681,992.7318,-20.919,-0.174,-0.440,0.142100,-0.727883,-0.089123,-0.664869,img_302.jpg
35407,1280,720,640.48975,339.145,991.9681,992.7318,-20.994,-0.175,-0.457,0.145658,-0.721015,-0.082857,-0.672351,img_303.jpg
35480,1280,720,640.48975,339.145,991.9681,992.7318,-21.059,-0.181,-0.477,0.138062,-0.719166,-0.080429,-0.676218,img_304.jpg
35549,1280,720,640.48975,339.145,991.9681,992.7318,-21.166,-0.193,-0.510,0.127009,-0.725087,-0.084256,-0.671580,img_305.jpg
35624,1280,720,640.48975,339.145,991.9681,992.7318,-21.242,-0.193,-0.532,0.131471,-0.732581,-0.088442,-0.661980,img_306.jpg
35707,1280,720,640.48975,339.145,991.9681,992.7318,-21.316,-0.189,-0.552,0.137221,-0.736756,-0.095413,-0.655177,img_307.jpg
35781,1280,720,640.48975,339.145,991.9681,992.7318,-21.420,-0.183,-0.584,0.141293,-0.742151,-0.094818,-0.648273,img_308.jpg
35873,1280,720,640.48975,339.145,991.9681,992.7318,-21.487,-0.178,-0.598,0.142886,-0.744224,-0.100413,-0.644695,img_309.jpg
35944,1280,720,640.48975,339.145,991.9681,992.7318,-21.553,-0.176,-0.610,0.136897,-0.754068,-0.103511,-0.633977,img_310.jpg
36013,1280,720,640.48975,339.145,991.9681,992.7318,-21.662,-0.182,-0.624,0.128238,-0.763224,-0.108103,-0.623985,img_311.jpg
36106,1280,720,640.48975,339.145,991.9681,992.7318,-21.727,-0.187,-0.635,0.120907,-0.770163,-0.113113,-0.615984,img_312.jpg
36175,1280,720,640.48975,339.145,991.9681,992.7318,-21.826,-0.189,-0.648,0.099161,-0.786009,-0.106352,-0.600872,img_313.jpg
36256,1280,720,640.48975,339.145,991.9681,992.7318,-21.895,-0.188,-0.658,0.094466,-0.795317,-0.102765,-0.589904,img_314.jpg
36324,1280,720,640.48975,339.145,991.9681,992.7318,-21.960,-0.183,-0.669,0.101372,-0.796400,-0.110721,-0.585843,img_315.jpg
36406,1280,720,640.48975,339.145,991.9681,992.7318,-22.024,-0.175,-0.680,0.099369,-0.806566,-0.103042,-0.573551,img_316.jpg
36475,1280,720,640.48975,339.145,991.9681,992.7318,-22.128,-0.170,-0.700,0.102825,-0.807900,-0.105665,-0.570578,img_317.jpg
36555,1280,720,640.48975,339.145,991.9681,992.7318,-22.198,-0.172,-0.714,0.107941,-0.810780,-0.102027,-0.566194,img_318.jpg
36623,1280,720,640.48975,339.145,991.9681,992.7318,-22.271,-0.173,-0.721,0.103364,-0.815903,-0.099835,-0.560046,img_319.jpg
36705,1280,720,640.48975,339.145,991.9681,992.7318,-22.337,-0.178,-0.735,0.095648,-0.822472,-0.095386,-0.552533,img_320.jpg
36774,1280,720,640.48975,339.145,991.9681,992.7318,-22.406,-0.182,-0.751,0.078315,-0.829899,-0.094082,-0.544318,img_321.jpg
36840,1280,720,640.48975,339.145,991.9681,992.7318,-22.480,-0.180,-0.768,0.066730,-0.835825,-0.094707,-0.536632,img_322.jpg
36905,1280,720,640.48975,339.145,991.9681,992.7318,-22.551,-0.174,-0.785,0.069216,-0.845705,-0.099533,-0.519697,img_323.jpg
36976,1280,720,640.48975,339.145,991.9681,992.7318,-22.615,-0.166,-0.795,0.060410,-0.849469,-0.113590,-0.511713,img_324.jpg
37040,1280,720,640.48975,339.145,991.9681,992.7318,-22.682,-0.159,-0.802,0.054164,-0.859886,-0.111756,-0.495150,img_325.jpg
37106,1280,720,640.48975,339.145,991.9681,992.7318,-22.745,-0.152,-0.807,0.063558,-0.868189,-0.104831,-0.480853,img_326.jpg
37172,1280,720,640.48975,339.145,991.9681,992.7318,-22.795,-0.151,-0.807,0.072888,-0.876437,-0.104023,-0.464462,img_327.jpg
37238,1280,720,640.48975,339.145,991.9681,992.7318,-22.862,-0.154,-0.801,0.069539,-0.883563,-0.108868,-0.450143,img_328.jpg
37303,1280,720,640.48975,339.145,991.9681,992.7318,-22.944,-0.164,-0.794,0.067370,-0.892236,-0.112654,-0.432071,img_329.jpg
37372,1280,720,640.48975,339.145,991.9681,992.7318,-23.012,-0.172,-0.779,0.065845,-0.900141,-0.115485,-0.414819,img_330.jpg
37437,1280,720,640.48975,339.145,991.9681,992.7318,-23.071,-0.179,-0.764,0.054923,-0.907283,-0.116375,-0.400347,img_331.jpg
37509,1280,720,640.48975,339.145,991.9681,992.7318,-23.163,-0.181,-0.735,0.045216,-0.913678,-0.127717,-0.383192,img_332.jpg
37588,1280,720,640.48975,339.145,991.9681,992.7318,-23.226,-0.171,-0.717,0.045866,-0.921368,-0.123890,-0.365551,img_333.jpg
37671,1280,720,640.48975,339.145,991.9681,992.7318,-23.297,-0.166,-0.697,0.038728,-0.925966,-0.123543,-0.354718,img_334.jpg
37735,1280,720,640.48975,339.145,991.9681,992.7318,-23.356,-0.164,-0.674,0.038133,-0.932109,-0.126189,-0.337335,img_335.jpg
37825,1280,720,640.48975,339.145,991.9681,992.7318,-23.448,-0.166,-0.627,0.043177,-0.937620,-0.126964,-0.320756,img_336.jpg
37905,1280,720,640.48975,339.145,991.9681,992.7318,-23.510,-0.170,-0.596,0.046358,-0.944199,-0.125132,-0.301134,img_337.jpg
37977,1280,720,640.48975,339.145,991.9681,992.7318,-23.609,-0.179,-0.546,0.038265,-0.953170,-0.126956,-0.271819,img_338.jpg
38054,1280,720,640.48975,339.145,991.9681,992.7318,-23.673,-0.178,-0.513,0.038605,-0.959022,-0.125931,-0.250856,img_339.jpg
38139,1280,720,640.48975,339.145,991.9681,992.7318,-23.735,-0.175,-0.482,0.039914,-0.964485,-0.128027,-0.227563,img_340.jpg
38207,1280,720,640.48975,339.145,991.9681,992.7318,-23.814,-0.164,-0.422,0.028362,-0.971701,-0.130881,-0.194584,img_341.jpg
38288,1280,720,640.48975,339.145,991.9681,992.7318,-23.860,-0.157,-0.382,0.031269,-0.973796,-0.136821,-0.178949,img_342.jpg
38371,1280,720,640.48975,339.145,991.9681,992.7318,-23.893,-0.151,-0.341,0.024353,-0.976826,-0.132026,-0.166695,img_343.jpg
38444,1280,720,640.48975,339.145,991.9681,992.7318,-23.954,-0.155,-0.267,0.017412,-0.980011,-0.137730,-0.142497,img_344.jpg
38522,1280,720,640.48975,339.145,991.9681,992.7318,-23.991,-0.168,-0.209,0.007492,-0.979863,-0.141602,-0.140575,img_345.jpg
38604,1280,720,640.48975,339.145,991.9681,992.7318,-24.028,-0.181,-0.147,-0.001109,-0.980395,-0.139264,-0.139392,img_346.jpg
38675,1280,720,640.48975,339.145,991.9681,992.7318,-24.076,-0.194,-0.051,-0.005069,-0.980971,-0.144053,-0.130073,img_347.jpg
38754,1280,720,640.48975,339.145,991.9681,992.7318,-24.104,-0.198,0.018,-0.010610,-0.978801,-0.159645,-0.127867,img_348.jpg
38822,1280,720,640.48975,339.145,991.9681,992.7318,-24.129,-0.193,0.083,-0.008485,-0.979717,-0.159537,-0.120957,img_349.jpg
38904,1280,720,640.48975,339.145,991.9681,992.7318,-24.160,-0.182,0.170,-0.014909,-0.981750,-0.151368,-0.114157,img_350.jpg
38987,1280,720,640.48975,339.145,991.9681,992.7318,-24.180,-0.177,0.229,-0.015641,-0.983788,-0.142947,-0.107154,img_351.jpg
39071,1280,720,640.48975,339.145,991.9681,992.7318,-24.200,-0.175,0.298,-0.003938,-0.984384,-0.147006,-0.096755,img_352.jpg
39147,1280,720,640.48975,339.145,991.9681,992.7318,-24.224,-0.174,0.402,-0.005211,-0.986611,-0.138716,-0.085617,img_353.jpg
39239,1280,720,640.48975,339.145,991.9681,992.7318,-24.238,-0.172,0.472,-0.005387,-0.988542,-0.128282,-0.079370,img_354.jpg
39315,1280,720,640.48975,339.145,991.9681,992.7318,-24.259,-0.167,0.584,-0.005267,-0.990319,-0.120684,-0.068389,img_355.jpg
39404,1280,720,640.48975,339.145,991.9681,992.7318,-24.275,-0.160,0.665,-0.020439,-0.989998,-0.112858,-0.082159,img_356.jpg
39477,1280,720,640.48975,339.145,991.9681,992.7318,-24.288,-0.138,0.771,-0.033578,-0.991398,-0.083643,-0.094906,img_357.jpg
39553,1280,720,640.48975,339.145,991.9681,992.7318,-24.296,-0.127,0.842,-0.021195,-0.991341,-0.085875,-0.097051,img_358.jpg
39638,1280,720,640.48975,339.145,991.9681,992.7318,-24.302,-0.121,0.910,-0.007466,-0.991401,-0.093801,-0.090934,img_359.jpg
39707,1280,720,640.48975,339.145,991.9681,992.7318,-24.313,-0.122,1.014,0.008112,-0.990815,-0.105396,-0.084330,img_360.jpg
39787,1280,720,640.48975,339.145,991.9681,992.7318,-24.316,-0.125,1.089,0.009328,-0.990644,-0.105095,-0.086555,img_361.jpg
39871,1280,720,640.48975,339.145,991.9681,992.7318,-24.328,-0.127,1.171,0.016133,-0.990231,-0.108633,-0.085919,img_362.jpg
39941,1280,720,640.48975,339.145,991.9681,992.7318,-24.333,-0.127,1.269,0.028400,-0.991369,-0.109099,-0.066927,img_363.jpg
40021,1280,720,640.48975,339.145,991.9681,992.7318,-24.330,-0.125,1.333,0.006812,-0.990705,-0.108973,-0.081134,img_364.jpg
40103,1280,720,640.48975,339.145,991.9681,992.7318,-24.331,-0.122,1.393,0.004872,-0.990132,-0.113976,-0.081394,img_365.jpg
40177,1280,720,640.48975,339.145,991.9681,992.7318,-24.331,-0.120,1.481,-0.008557,-0.988324,-0.120336,-0.093074,img_366.jpg
40254,1280,720,640.48975,339.145,991.9681,992.7318,-24.336,-0.119,1.543,0.001048,-0.987832,-0.127042,-0.089710,img_367.jpg
40338,1280,720,640.48975,339.145,991.9681,992.7318,-24.341,-0.123,1.602,0.006503,-0.987505,-0.128865,-0.090473,img_368.jpg
40415,1280,720,640.48975,339.145,991.9681,992.7318,-24.356,-0.129,1.714,0.006496,-0.988225,-0.122665,-0.091229,img_369.jpg
40503,1280,720,640.48975,339.145,991.9681,992.7318,-24.371,-0.129,1.778,0.008038,-0.989116,-0.116878,-0.089022,img_370.jpg
40583,1280,720,640.48975,339.145,991.9681,992.7318,-24.389,-0.124,1.885,0.019451,-0.989617,-0.124947,-0.068319,img_371.jpg
40669,1280,720,640.48975,339.145,991.9681,992.7318,-24.400,-0.116,1.956,0.011110,-0.988928,-0.131590,-0.067687,img_372.jpg
40750,1280,720,640.48975,339.145,991.9681,992.7318,-24.421,-0.101,2.057,0.010372,-0.990000,-0.129356,-0.055308,img_373.jpg
40839,1280,720,640.48975,339.145,991.9681,992.7318,-24.428,-0.094,2.135,0.013314,-0.988778,-0.139173,-0.052641,img_374.jpg
40921,1280,720,640.48975,339.145,991.9681,992.7318,-24.436,-0.094,2.245,0.008323,-0.988194,-0.148951,-0.034889,img_375.jpg
41020,1280,720,640.48975,339.145,991.9681,992.7318,-24.439,-0.101,2.347,0.000313,-0.988483,-0.149517,-0.023370,img_376.jpg
41120,1280,720,640.48975,339.145,991.9681,992.7318,-24.442,-0.110,2.461,0.003009,-0.988787,-0.148989,-0.009669,img_377.jpg
41203,1280,720,640.48975,339.145,991.9681,992.7318,-24.443,-0.111,2.534,0.000501,-0.989490,-0.144550,-0.003889,img_378.jpg
41282,1280,720,640.48975,339.145,991.9681,992.7318,-24.449,-0.104,2.648,0.000188,-0.987747,-0.155445,-0.013885,img_379.jpg
41370,1280,720,640.48975,339.145,991.9681,992.7318,-24.460,-0.097,2.720,-0.001557,-0.988192,-0.150449,-0.028973,img_380.jpg
41449,1280,720,640.48975,339.145,991.9681,992.7318,-24.472,-0.093,2.811,-0.005573,-0.986403,-0.152666,-0.060598,img_381.jpg
41536,1280,720,640.48975,339.145,991.9681,992.7318,-24.486,-0.096,2.883,-0.000684,-0.984649,-0.154411,-0.081378,img_382.jpg
41606,1280,720,640.48975,339.145,991.9681,992.7318,-24.506,-0.105,2.997,0.007421,-0.982608,-0.156914,-0.099013,img_383.jpg
41702,1280,720,640.48975,339.145,991.9681,992.7318,-24.523,-0.110,3.077,0.008069,-0.982775,-0.151773,-0.105139,img_384.jpg
41772,1280,720,640.48975,339.145,991.9681,992.7318,-24.541,-0.111,3.153,0.010292,-0.982352,-0.148193,-0.113659,img_385.jpg
41857,1280,720,640.48975,339.145,991.9681,992.7318,-24.573,-0.104,3.270,0.027488,-0.977597,-0.159982,-0.133993,img_386.jpg
41936,1280,720,640.48975,339.145,991.9681,992.7318,-24.596,-0.090,3.333,0.035415,-0.976598,-0.152915,-0.147037,img_387.jpg
42009,1280,720,640.48975,339.145,991.9681,992.7318,-24.635,-0.080,3.430,0.045919,-0.969590,-0.158449,-0.180776,img_388.jpg
42102,1280,720,640.48975,339.145,991.9681,992.7318,-24.662,-0.076,3.490,0.052639,-0.964832,-0.162993,-0.199405,img_389.jpg
42173,1280,720,640.48975,339.145,991.9681,992.7318,-24.687,-0.074,3.538,0.050574,-0.960608,-0.160326,-0.221290,img_390.jpg
42255,1280,720,640.48975,339.145,991.9681,992.7318,-24.728,-0.078,3.630,0.048347,-0.953820,-0.150507,-0.255415,img_391.jpg
42336,1280,720,640.48975,339.145,991.9681,992.7318,-24.762,-0.086,3.696,0.047674,-0.947165,-0.144612,-0.282299,img_392.jpg
42407,1280,720,640.48975,339.145,991.9681,992.7318,-24.810,-0.087,3.792,0.049235,-0.936100,-0.131561,-0.322466,img_393.jpg
42502,1280,720,640.48975,339.145,991.9681,992.7318,-24.843,-0.079,3.851,0.058528,-0.922459,-0.138483,-0.355622,img_394.jpg
42579,1280,720,640.48975,339.145,991.9681,992.7318,-24.896,-0.064,3.915,0.055452,-0.898715,-0.135179,-0.413478,img_395.jpg
42668,1280,720,640.48975,339.145,991.9681,992.7318,-24.932,-0.056,3.953,0.059190,-0.885189,-0.130209,-0.442699,img_396.jpg
42738,1280,720,640.48975,339.145,991.9681,992.7318,-24.992,-0.054,4.003,0.070772,-0.864421,-0.120465,-0.482967,img_397.jpg
42820,1280,720,640.48975,339.145,991.9681,992.7318,-25.035,-0.053,4.034,0.077996,-0.851435,-0.112638,-0.506249,img_398.jpg
42902,1280,720,640.48975,339.145,991.9681,992.7318,-25.080,-0.053,4.064,0.085183,-0.839305,-0.104536,-0.526672,img_399.jpg
42977,1280,720,640.48975,339.145,991.9681,992.7318,-25.126,-0.052,4.090,0.085802,-0.825707,-0.093840,-0.549581,img_400.jpg
43057,1280,720,640.48975,339.145,991.9681,992.7318,-25.198,-0.045,4.127,0.090924,-0.802086,-0.086550,-0.583866,img_401.jpg
43136,1280,720,640.48975,339.145,991.9681,992.7318,-25.243,-0.036,4.145,0.093212,-0.783558,-0.078090,-0.609303,img_402.jpg
43211,1280,720,640.48975,339.145,991.9681,992.7318,-25.303,-0.025,4.164,0.093982,-0.754837,-0.064083,-0.645974,img_403.jpg
43302,1280,720,640.48975,339.145,991.9681,992.7318,-25.362,-0.013,4.179,0.105494,-0.720969,-0.068317,-0.681475,img_404.jpg
43385,1280,720,640.48975,339.145,991.9681,992.7318,-25.392,-0.005,4.184,0.101350,-0.699287,-0.066962,-0.704445,img_405.jpg
43469,1280,720,640.48975,339.145,991.9681,992.7318,-25.427,-0.001,4.189,0.104664,-0.675168,-0.067317,-0.727091,img_406.jpg
43553,1280,720,640.48975,339.145,991.9681,992.7318,-25.482,-0.005,4.195,0.100819,-0.630406,-0.060152,-0.767337,img_407.jpg
43639,1280,720,640.48975,339.145,991.9681,992.7318,-25.517,-0.006,4.197,0.103655,-0.600567,-0.055699,-0.790869,img_408.jpg
43716,1280,720,640.48975,339.145,991.9681,992.7318,-25.557,0.003,4.200,0.092854,-0.554077,-0.049345,-0.825798,img_409.jpg
43801,1280,720,640.48975,339.145,991.9681,992.7318,-25.586,0.013,4.201,0.096852,-0.518743,-0.052671,-0.847792,img_410.jpg
43880,1280,720,640.48975,339.145,991.9681,992.7318,-25.622,0.024,4.197,0.101432,-0.476058,-0.050206,-0.872101,img_411.jpg
43968,1280,720,640.48975,339.145,991.9681,992.7318,-25.650,0.029,4.186,0.111717,-0.432312,-0.045768,-0.893606,img_412.jpg
44051,1280,720,640.48975,339.145,991.9681,992.7318,-25.665,0.031,4.174,0.109675,-0.402593,-0.042098,-0.907810,img_413.jpg
44136,1280,720,640.48975,339.145,991.9681,992.7318,-25.678,0.030,4.157,0.108715,-0.371043,-0.038419,-0.921430,img_414.jpg
44211,1280,720,640.48975,339.145,991.9681,992.7318,-25.683,0.028,4.120,0.112413,-0.324064,-0.032566,-0.938768,img_415.jpg
44300,1280,720,640.48975,339.145,991.9681,992.7318,-25.688,0.033,4.093,0.098384,-0.292002,-0.025089,-0.951013,img_416.jpg
44377,1280,720,640.48975,339.145,991.9681,992.7318,-25.694,0.039,4.062,0.094130,-0.250215,-0.026531,-0.963238,img_417.jpg
44467,1280,720,640.48975,339.145,991.9681,992.7318,-25.693,0.050,4.020,0.091405,-0.200545,-0.013307,-0.975320,img_418.jpg
44543,1280,720,640.48975,339.145,991.9681,992.7318,-25.702,0.047,3.983,0.085676,-0.164924,-0.010292,-0.982524,img_419.jpg
44619,1280,720,640.48975,339.145,991.9681,992.7318,-25.702,0.048,3.966,0.084464,-0.141783,-0.009944,-0.986238,img_420.jpg
44701,1280,720,640.48975,339.145,991.9681,992.7318,-25.700,0.054,3.948,0.087565,-0.119442,-0.008169,-0.988938,img_421.jpg
44771,1280,720,640.48975,339.145,991.9681,992.7318,-25.703,0.058,3.934,0.088772,-0.099164,-0.005801,-0.991087,img_422.jpg
44849,1280,720,640.48975,339.145,991.9681,992.7318,-25.704,0.059,3.916,0.092548,-0.075919,-0.005667,-0.992794,img_423.jpg
44935,1280,720,640.48975,339.145,991.9681,992.7318,-25.706,0.061,3.907,0.092864,-0.062983,-0.003263,-0.993679,img_424.jpg
45002,1280,720,640.48975,339.145,991.9681,992.7318,-25.709,0.062,3.893,0.090402,-0.045483,-0.000143,-0.994866,img_425.jpg
45101,1280,720,640.48975,339.145,991.9681,992.7318,-25.713,0.061,3.884,0.092395,-0.034958,0.001251,-0.995108,img_426.jpg
45169,1280,720,640.48975,339.145,991.9681,992.7318,-25.715,0.062,3.876,0.096211,-0.031080,0.004174,-0.994867,img_427.jpg
45247,1280,720,640.48975,339.145,991.9681,992.7318,-25.720,0.062,3.866,0.097174,-0.020794,0.007155,-0.995024,img_428.jpg
45336,1280,720,640.48975,339.145,991.9681,992.7318,-25.723,0.062,3.860,0.096723,-0.014328,0.007593,-0.995179,img_429.jpg,marker_13.jpg,0.2755197,0.2755197,-25.753,-0.052,3.233,-0.654087,-0.011464,0.015072,0.015072
45405,1280,720,640.48975,339.145,991.9681,992.7318,-25.727,0.061,3.853,0.094210,-0.002939,0.005490,-0.995533,img_430.jpg
45501,1280,720,640.48975,339.145,991.9681,992.7318,-25.728,0.061,3.847,0.095690,0.001908,0.007585,-0.995380,img_431.jpg,marker_13.jpg,0.26725855,0.26725855,-25.755,-0.048,3.257,-0.724297,-0.009219,0.017727,0.017727
45575,1280,720,640.48975,339.145,991.9681,992.7318,-25.732,0.061,3.841,0.092964,0.007609,0.005852,-0.995623,img_432.jpg
45667,1280,720,640.48975,339.145,991.9681,992.7318,-25.733,0.060,3.837,0.093279,0.010878,0.004448,-0.995571,img_433.jpg
45737,1280,720,640.48975,339.145,991.9681,992.7318,-25.736,0.058,3.831,0.095076,0.013925,0.006505,-0.995351,img_434.jpg
45820,1280,720,640.48975,339.145,991.9681,992.7318,-25.736,0.057,3.829,0.097985,0.013004,0.010647,-0.995046,img_435.jpg
45917,1280,720,640.48975,339.145,991.9681,992.7318,-25.729,0.051,3.827,0.111536,0.018686,0.017509,-0.993430,img_436.jpg
46000,1280,720,640.48975,339.145,991.9681,992.7318,-25.716,0.045,3.831,0.120441,0.038157,0.014092,-0.991887,img_437.jpg,marker_13.jpg,0.2689365,0.2689365,-25.756,-0.049,3.256,-0.716762,-0.006863,0.021783,0.021783
46082,1280,720,640.48975,339.145,991.9681,992.7318,-25.687,0.035,3.842,0.133961,0.073374,0.007157,-0.988241,img_438.jpg
46166,1280,720,640.48975,339.145,991.9681,992.7318,-25.658,0.030,3.848,0.151104,0.098866,0.011474,-0.983495,img_439.jpg
46240,1280,720,640.48975,339.145,991.9681,992.7318,-25.603,0.026,3.856,0.157223,0.145590,0.021539,-0.976535,img_440.jpg
46318,1280,720,640.48975,339.145,991.9681,992.7318,-25.559,0.022,3.863,0.156647,0.173860,0.035457,-0.971585,img_441.jpg
46399,1280,720,640.48975,339.145,991.9681,992.7318,-25.510,0.015,3.870,0.155268,0.198560,0.045301,-0.966651,img_442.jpg
46470,1280,720,640.48975,339.145,991.9681,992.7318,-25.430,0.004,3.881,0.162877,0.228048,0.057351,-0.958215,img_443.jpg
46549,1280,720,640.48975,339.145,991.9681,992.7318,-25.372,-0.001,3.892,0.172018,0.246745,0.059341,-0.951843,img_444.jpg
46634,1280,720,640.48975,339.145,991.9681,992.7318,-25.312,-0.004,3.902,0.182976,0.250166,0.064777,-0.948547,img_445.jpg
46708,1280,720,640.48975,339.145,991.9681,992.7318,-25.224,-0.007,3.918,0.196072,0.254008,0.060773,-0.945168,img_446.jpg
46799,1280,720,640.48975,339.145,991.9681,992.7318,-25.167,-0.009,3.924,0.205897,0.245087,0.061952,-0.945358,img_447.jpg
46875,1280,720,640.48975,339.145,991.9681,992.7318,-25.093,-0.014,3.924,0.209415,0.229360,0.057277,-0.948820,img_448.jpg
46966,1280,720,640.48975,339.145,991.9681,992.7318,-25.053,-0.018,3.917,0.214665,0.223975,0.057164,-0.948940,img_449.jpg
47040,1280,720,640.48975,339.145,991.9681,992.7318,-24.993,-0.025,3.897,0.215666,0.210241,0.063980,-0.951416,img_450.jpg
47136,1280,720,640.48975,339.145,991.9681,992.7318,-24.956,-0.033,3.874,0.214103,0.203381,0.065010,-0.953189,img_451.jpg
47211,1280,720,640.48975,339.145,991.9681,992.7318,-24.903,-0.043,3.829,0.213358,0.189823,0.060617,-0.956437,img_452.jpg
47300,1280,720,640.48975,339.145,991.9681,992.7318,-24.862,-0.051,3.797,0.215504,0.183377,0.056159,-0.957485,img_453.jpg
47380,1280,720,640.48975,339.145,991.9681,992.7318,-24.817,-0.061,3.736,0.214835,0.177369,0.036263,-0.959725,img_454.jpg
47466,1280,720,640.48975,339.145,991.9681,992.7318,-24.785,-0.060,3.690,0.218206,0.176801,0.024675,-0.959437,img_455.jpg
47542,1280,720,640.48975,339.145,991.9681,992.7318,-24.740,-0.055,3.617,0.215609,0.178894,0.012348,-0.959874,img_456.jpg
47634,1280,720,640.48975,339.145,991.9681,992.7318,-24.706,-0.058,3.566,0.211374,0.181581,0.001482,-0.960389,img_457.jpg
47705,1280,720,640.48975,339.145,991.9681,992.7318,-24.660,-0.066,3.492,0.215614,0.180821,0.006578,-0.959568,img_458.jpg
47799,1280,720,640.48975,339.145,991.9681,992.7318,-24.627,-0.073,3.438,0.212520,0.179981,0.004984,-0.960426,img_459.jpg
47876,1280,720,640.48975,339.145,991.9681,992.7318,-24.576,-0.088,3.352,0.213857,0.163260,0.021917,-0.962876,img_460.jpg
47966,1280,720,640.48975,339.145,991.9681,992.7318,-24.523,-0.098,3.265,0.204466,0.146413,0.022917,-0.967591,img_461.jpg
48049,1280,720,640.48975,339.145,991.9681,992.7318,-24.488,-0.099,3.205,0.198818,0.141542,0.019017,-0.969575,img_462.jpg
48134,1280,720,640.48975,339.145,991.9681,992.7318,-24.456,-0.098,3.145,0.194630,0.156537,-0.002133,-0.968303,img_463.jpg
48204,1280,720,640.48975,339.145,991.9681,992.7318,-24.409,-0.092,3.057,0.201198,0.137853,0.003216,-0.969797,img_464.jpg
48282,1280,720,640.48975,339.145,991.9681,992.7318,-24.395,-0.092,2.996,0.208104,0.132312,-0.004371,-0.969107,img_465.jpg
48365,1280,720,640.48975,339.145,991.9681,992.7318,-24.385,-0.094,2.937,0.217839,0.119325,-0.003634,-0.968656,img_466.jpg
48438,1280,720,640.48975,339.145,991.9681,992.7318,-24.374,-0.103,2.845,0.222765,0.103115,-0.002284,-0.969401,img_467.jpg
48516,1280,720,640.48975,339.145,991.9681,992.7318,-24.372,-0.112,2.781,0.222177,0.097359,-0.003236,-0.970128,img_468.jpg
48598,1280,720,640.48975,339.145,991.9681,992.7318,-24.366,-0.123,2.710,0.214465,0.095927,-0.005323,-0.971995,img_469.jpg
48679,1280,720,640.48975,339.145,991.9681,992.7318,-24.359,-0.136,2.601,0.206239,0.094160,-0.008928,-0.973920,img_470.jpg
48764,1280,720,640.48975,339.145,991.9681,992.7318,-24.359,-0.142,2.532,0.208743,0.098400,-0.013899,-0.972908,img_471.jpg
48838,1280,720,640.48975,339.145,991.9681,992.7318,-24.350,-0.143,2.424,0.227391,0.101891,-0.003173,-0.968453,img_472.jpg
48916,1280,720,640.48975,339.145,991.9681,992.7318,-24.349,-0.143,2.351,0.219462,0.113400,-0.007389,-0.968980,img_473.jpg
48998,1280,720,640.48975,339.145,991.9681,992.7318,-24.347,-0.144,2.287,0.222446,0.119211,-0.000295,-0.967629,img_474.jpg
49075,1280,720,640.48975,339.145,991.9681,992.7318,-24.340,-0.147,2.187,0.206662,0.134699,0.000434,-0.969096,img_475.jpg
49164,1280,720,640.48975,339.145,991.9681,992.7318,-24.333,-0.152,2.118,0.198266,0.137836,0.004105,-0.970399,img_476.jpg
49239,1280,720,640.48975,339.145,991.9681,992.7318,-24.320,-0.162,2.006,0.167311,0.142854,-0.006643,-0.975477,img_477.jpg
49332,1280,720,640.48975,339.145,991.9681,992.7318,-24.304,-0.166,1.893,0.162049,0.140259,-0.000425,-0.976764,img_478.jpg
49417,1280,720,640.48975,339.145,991.9681,992.7318,-24.291,-0.164,1.824,0.170888,0.147052,0.004995,-0.974242,img_479.jpg
49516,1280,720,640.48975,339.145,991.9681,992.7318,-24.276,-0.159,1.724,0.161798,0.153377,0.000459,-0.974832,img_480.jpg
49598,1280,720,640.48975,339.145,991.9681,992.7318,-24.271,-0.159,1.658,0.177354,0.146352,0.007724,-0.973174,img_481.jpg
49681,1280,720,640.48975,339.145,991.9681,992.7318,-24.263,-0.166,1.561,0.192588,0.148806,0.005765,-0.969914,img_482.jpg
49767,1280,720,640.48975,339.145,991.9681,992.7318,-24.259,-0.170,1.499,0.190040,0.151713,0.003753,-0.969976,img_483.jpg
49843,1280,720,640.48975,339.145,991.9681,992.7318,-24.255,-0.175,1.405,0.182616,0.159261,-0.005298,-0.970185,img_484.jpg
49932,1280,720,640.48975,339.145,991.9681,992.7318,-24.248,-0.177,1.337,0.179861,0.173348,-0.008165,-0.968263,img_485.jpg
50010,1280,720,640.48975,339.145,991.9681,992.7318,-24.237,-0.176,1.240,0.175873,0.198515,-0.009533,-0.964142,img_486.jpg
50098,1280,720,640.48975,339.145,991.9681,992.7318,-24.228,-0.172,1.182,0.186295,0.211324,-0.003807,-0.959491,img_487.jpg
50181,1280,720,640.48975,339.145,991.9681,992.7318,-24.209,-0.163,1.104,0.177825,0.209157,0.001926,-0.961576,img_488.jpg
50260,1280,720,640.48975,339.145,991.9681,992.7318,-24.192,-0.166,1.056,0.196728,0.190155,0.024020,-0.961542,img_489.jpg
50349,1280,720,640.48975,339.145,991.9681,992.7318,-24.151,-0.181,0.971,0.203798,0.225229,0.047250,-0.951581,img_490.jpg
50432,1280,720,640.48975,339.145,991.9681,992.7318,-24.119,-0.192,0.919,0.200737,0.265398,0.056610,-0.941310,img_491.jpg
50508,1280,720,640.48975,339.145,991.9681,992.7318,-24.061,-0.209,0.851,0.189486,0.306692,0.086593,-0.928728,img_492.jpg
50598,1280,720,640.48975,339.145,991.9681,992.7318,-24.026,-0.217,0.843,0.176424,0.337576,0.090907,-0.920137,img_493.jpg
50677,1280,720,640.48975,339.145,991.9681,992.7318,-23.955,-0.229,0.783,0.171867,0.409574,0.089937,-0.891416,img_494.jpg
50763,1280,720,640.48975,339.145,991.9681,992.7318,-23.908,-0.232,0.755,0.167738,0.448974,0.094725,-0.872533,img_495.jpg
50837,1280,720,640.48975,339.145,991.9681,992.7318,-23.841,-0.234,0.721,0.161221,0.506318,0.099633,-0.841263,img_496.jpg
50932,1280,720,640.48975,339.145,991.9681,992.7318,-23.801,-0.233,0.703,0.165322,0.529061,0.114172,-0.824456,img_497.jpg
51007,1280,720,640.48975,339.145,991.9681,992.7318,-23.743,-0.235,0.670,0.173937,0.563514,0.105190,-0.800708,img_498.jpg
51097,1280,720,640.48975,339.145,991.9681,992.7318,-23.702,-0.237,0.659,0.175375,0.583749,0.104457,-0.785856,img_499.jpg
51178,1280,720,640.48975,339.145,991.9681,992.7318,-23.630,-0.250,0.625,0.163342,0.611108,0.102285,-0.767727,img_500.jpg
51264,1280,720,640.48975,339.145,991.9681,992.7318,-23.582,-0.260,0.601,0.154130,0.626746,0.092667,-0.758186,img_501.jpg
51348,1280,720,640.48975,339.145,991.9681,992.7318,-23.508,-0.266,0.560,0.137404,0.644392,0.081877,-0.747780,img_502.jpg
51432,1280,720,640.48975,339.145,991.9681,992.7318,-23.474,-0.263,0.571,0.136536,0.642449,0.099476,-0.747477,img_503.jpg
51503,1280,720,640.48975,339.145,991.9681,992.7318,-23.413,-0.266,0.546,0.159842,0.649797,0.098258,-0.736586,img_504.jpg
51597,1280,720,640.48975,339.145,991.9681,992.7318,-23.369,-0.268,0.539,0.162535,0.660073,0.107083,-0.725548,img_505.jpg
51664,1280,720,640.48975,339.145,991.9681,992.7318,-23.297,-0.277,0.523,0.157423,0.684982,0.106444,-0.703341,img_506.jpg
51764,1280,720,640.48975,339.145,991.9681,992.7318,-23.242,-0.280,0.511,0.149413,0.693964,0.106030,-0.696310,img_507.jpg
51831,1280,720,640.48975,339.145,991.9681,992.7318,-23.179,-0.288,0.500,0.142569,0.699257,0.101238,-0.693155,img_508.jpg
51915,1280,720,640.48975,339.145,991.9681,992.7318,-23.075,-0.300,0.484,0.128914,0.704501,0.103232,-0.690219,img_509.jpg
51997,1280,720,640.48975,339.145,991.9681,992.7318,-23.007,-0.298,0.477,0.130397,0.704905,0.110526,-0.688396,img_510.jpg
52079,1280,720,640.48975,339.145,991.9681,992.7318,-22.893,-0.296,0.458,0.146964,0.702505,0.120894,-0.685764,img_511.jpg
52165,1280,720,640.48975,339.145,991.9681,992.7318,-22.799,-0.281,0.447,0.141657,0.706862,0.113297,-0.683698,img_512.jpg
52246,1280,720,640.48975,339.145,991.9681,992.7318,-22.733,-0.277,0.436,0.146811,0.707001,0.119441,-0.681417,img_513.jpg
52331,1280,720,640.48975,339.145,991.9681,992.7318,-22.628,-0.275,0.413,0.155747,0.710614,0.116975,-0.676082,img_514.jpg
52414,1280,720,640.48975,339.145,991.9681,992.7318,-22.573,-0.272,0.398,0.157029,0.708202,0.107886,-0.679818,img_515.jpg
52497,1280,720,640.48975,339.145,991.9681,992.7318,-22.492,-0.279,0.378,0.154293,0.709590,0.091077,-0.681455,img_516.jpg
52597,1280,720,640.48975,339.145,991.9681,992.7318,-22.389,-0.287,0.354,0.154556,0.707493,0.082336,-0.684680,img_517.jpg
52680,1280,720,640.48975,339.145,991.9681,992.7318,-22.314,-0.286,0.332,0.168650,0.702994,0.092803,-0.684649,img_518.jpg
52762,1280,720,640.48975,339.145,991.9681,992.7318,-22.223,-0.269,0.307,0.160230,0.697625,0.080216,-0.693694,img_519.jpg
52847,1280,720,640.48975,339.145,991.9681,992.7318,-22.155,-0.266,0.301,0.160351,0.703215,0.081274,-0.687874,img_520.jpg
52918,1280,720,640.48975,339.145,991.9681,992.7318,-22.094,-0.269,0.303,0.156698,0.708623,0.105831,-0.679779,img_521.jpg
52996,1280,720,640.48975,339.145,991.9681,992.7318,-21.989,-0.289,0.307,0.153893,0.717798,0.122685,-0.667855,img_522.jpg
53096,1280,720,640.48975,339.145,991.9681,992.7318,-21.917,-0.301,0.309,0.151821,0.723224,0.113625,-0.664068,img_523.jpg
53175,1280,720,640.48975,339.145,991.9681,992.7318,-21.803,-0.307,0.311,0.138979,0.731110,0.082939,-0.662785,img_524.jpg
53262,1280,720,640.48975,339.145,991.9681,992.7318,-21.729,-0.303,0.316,0.135626,0.736739,0.071956,-0.658516,img_525.jpg
53347,1280,720,640.48975,339.145,991.9681,992.7318,-21.622,-0.288,0.325,0.136120,0.749477,0.059374,-0.645159,img_526.jpg
53431,1280,720,640.48975,339.145,991.9681,992.7318,-21.550,-0.276,0.329,0.136348,0.757775,0.051027,-0.636068,img_527.jpg
53509,1280,720,640.48975,339.145,991.9681,992.7318,-21.426,-0.264,0.332,0.133650,0.755117,0.067820,-0.638230,img_528.jpg
53599,1280,720,640.48975,339.145,991.9681,992.7318,-21.302,-0.266,0.330,0.138812,0.749075,0.082130,-0.642552,img_529.jpg
53680,1280,720,640.48975,339.145,991.9681,992.7318,-21.229,-0.270,0.323,0.135816,0.744005,0.083817,-0.648834,img_530.jpg
53779,1280,720,640.48975,339.145,991.9681,992.7318,-21.124,-0.278,0.311,0.128312,0.740660,0.073302,-0.655428,img_531.jpg
53862,1280,720,640.48975,339.145,991.9681,992.7318,-21.053,-0.282,0.302,0.125499,0.738576,0.064201,-0.659267,img_532.jpg
53943,1280,720,640.48975,339.145,991.9681,992.7318,-20.943,-0.279,0.290,0.144832,0.739415,0.078797,-0.652749,img_533.jpg
54031,1280,720,640.48975,339.145,991.9681,992.7318,-20.872,-0.274,0.287,0.142650,0.745487,0.076533,-0.646563,img_534.jpg
54111,1280,720,640.48975,339.145,991.9681,992.7318,-20.768,-0.278,0.288,0.139198,0.751541,0.086859,-0.638957,img_535.jpg
54196,1280,720,640.48975,339.145,991.9681,992.7318,-20.691,-0.280,0.292,0.136116,0.755587,0.091160,-0.634232,img_536.jpg
54277,1280,720,640.48975,339.145,991.9681,992.7318,-20.573,-0.293,0.300,0.130798,0.751761,0.092882,-0.639626,img_537.jpg
54361,1280,720,640.48975,339.145,991.9681,992.7318,-20.493,-0.300,0.302,0.122604,0.746289,0.090308,-0.647970,img_538.jpg
54448,1280,720,640.48975,339.145,991.9681,992.7318,-20.370,-0.297,0.303,0.115044,0.739396,0.092852,-0.656838,img_539.jpg
54548,1280,720,640.48975,339.145,991.9681,992.7318,-20.247,-0.273,0.305,0.105937,0.743870,0.083689,-0.654546,img_540.jpg
54632,1280,720,640.48975,339.145,991.9681,992.7318,-20.169,-0.257,0.306,0.096824,0.743578,0.081331,-0.656584,img_541.jpg
54719,1280,720,640.48975,339.145,991.9681,992.7318,-20.047,-0.251,0.305,0.105470,0.738986,0.091398,-0.659107,img_542.jpg
54817,1280,720,640.48975,339.145,991.9681,992.7318,-19.940,-0.259,0.302,0.121312,0.733452,0.095988,-0.661904,img_543.jpg
54912,1280,720,640.48975,339.145,991.9681,992.7318,-19.827,-0.274,0.296,0.121226,0.730450,0.089456,-0.666142,img_544.jpg
54996,1280,720,640.48975,339.145,991.9681,992.7318,-19.720,-0.287,0.289,0.117148,0.728305,0.083310,-0.670006,img_545.jpg
55079,1280,720,640.48975,339.145,991.9681,992.7318,-19.649,-0.292,0.283,0.123050,0.726204,0.084484,-0.671081,img_546.jpg
55158,1280,720,640.48975,339.145,991.9681,992.7318,-19.582,-0.293,0.277,0.144500,0.724674,0.097206,-0.666723,img_547.jpg
55245,1280,720,640.48975,339.145,991.9681,992.7318,-19.492,-0.288,0.279,0.132918,0.738604,0.083326,-0.655633,img_548.jpg
55329,1280,720,640.48975,339.145,991.9681,992.7318,-19.410,-0.299,0.288,0.135566,0.744029,0.095190,-0.647288,img_549.jpg
55413,1280,720,640.48975,339.145,991.9681,992.7318,-19.345,-0.303,0.289,0.129382,0.746961,0.099705,-0.644491,img_550.jpg
55488,1280,720,640.48975,339.145,991.9681,992.7318,-19.264,-0.307,0.289,0.121618,0.748048,0.094610,-0.645509,img_551.jpg
55578,1280,720,640.48975,339.145,991.9681,992.7318,-19.153,-0.311,0.295,0.113334,0.743839,0.077491,-0.654105,img_552.jpg
55662,1280,720,640.48975,339.145,991.9681,992.7318,-19.039,-0.302,0.298,0.110769,0.743046,0.061619,-0.657127,img_553.jpg
55746,1280,720,640.48975,339.145,991.9681,992.7318,-18.956,-0.297,0.304,0.107505,0.740768,0.068176,-0.659589,img_554.jpg
55830,1280,720,640.48975,339.145,991.9681,992.7318,-18.882,-0.290,0.306,0.105970,0.738489,0.064949,-0.662712,img_555.jpg
55904,1280,720,640.48975,339.145,991.9681,992.7318,-18.779,-0.282,0.311,0.110473,0.735668,0.084057,-0.662965,img_556.jpg
55978,1280,720,640.48975,339.145,991.9681,992.7318,-18.711,-0.285,0.311,0.119744,0.733279,0.089538,-0.663285,img_557.jpg
56060,1280,720,640.48975,339.145,991.9681,992.7318,-18.603,-0.296,0.309,0.133665,0.727377,0.086838,-0.667470,img_558.jpg
56145,1280,720,640.48975,339.145,991.9681,992.7318,-18.569,-0.415,-0.128,0.131523,0.733824,0.079367,-0.661744,img_559.jpg
56230,1280,720,640.48975,339.145,991.9681,992.7318,-18.518,-0.401,-0.149,0.126932,0.733095,0.064593,-0.665047,img_560.jpg,marker_13.jpg,0.2689365,0.2689365,-25.630,-0.233,3.267,-0.727195,-0.015717,0.027232,0.027232,marker_1.jpg,0.27454853,0.27454853,0.366,-0.209,0.398,-0.702632,-0.004741,0.005558,0.005558
56331,1280,720,640.48975,339.145,991.9681,992.7318,-18.433,-0.399,-0.142,0.129236,0.742035,0.053480,-0.655608,img_561.jpg
56413,1280,720,640.48975,339.145,991.9681,992.7318,-18.378,-0.400,-0.139,0.132470,0.742548,0.059197,-0.653889,img_562.jpg
56489,1280,720,640.48975,339.145,991.9681,992.7318,-18.325,-0.391,-0.135,0.140545,0.740437,0.053791,-0.655062,img_563.jpg
56578,1280,720,640.48975,339.145,991.9681,992.7318,-18.244,-0.388,-0.126,0.140181,0.735680,0.060746,-0.659874,img_564.jpg
56656,1280,720,640.48975,339.145,991.9681,992.7318,-18.183,-0.393,-0.118,0.134257,0.735414,0.069394,-0.660550,img_565.jpg
56736,1280,720,640.48975,339.145,991.9681,992.7318,-18.082,-0.401,-0.105,0.122891,0.732046,0.071210,-0.666285,img_566.jpg
56829,1280,720,640.48975,339.145,991.9681,992.7318,-17.976,-0.405,-0.087,0.115766,0.727538,0.059783,-0.673582,img_567.jpg
56913,1280,720,640.48975,339.145,991.9681,992.7318,-17.908,-0.397,-0.073,0.114241,0.727661,0.058379,-0.673832,img_568.jpg
56992,1280,720,640.48975,339.145,991.9681,992.7318,-17.840,-0.390,-0.059,0.117829,0.726211,0.074697,-0.673167,img_569.jpg
57078,1280,720,640.48975,339.145,991.9681,992.7318,-17.736,-0.377,-0.038,0.114768,0.727299,0.067203,-0.673311,img_570.jpg
57159,1280,720,640.48975,339.145,991.9681,992.7318,-17.666,-0.371,-0.028,0.122510,0.730707,0.073937,-0.667526,img_571.jpg
57244,1280,720,640.48975,339.145,991.9681,992.7318,-17.564,-0.357,-0.013,0.115708,0.727343,0.079747,-0.671733,img_572.jpg
57330,1280,720,640.48975,339.145,991.9681,992.7318,-17.495,-0.358,-0.009,0.118701,0.723282,0.072491,-0.676401,img_573.jpg
57404,1280,720,640.48975,339.145,991.9681,992.7318,-17.392,-0.367,-0.012,0.121652,0.718388,0.061506,-0.682156,img_574.jpg
57495,1280,720,640.48975,339.145,991.9681,992.7318,-17.293,-0.371,-0.016,0.120699,0.713098,0.051538,-0.688670,img_575.jpg
57595,1280,720,640.48975,339.145,991.9681,992.7318,-17.225,-0.360,-0.017,0.123529,0.718923,0.035043,-0.683127,img_576.jpg
57675,1280,720,640.48975,339.145,991.9681,992.7318,-17.127,-0.344,-0.010,0.117425,0.719785,0.037917,-0.683142,img_577.jpg
57762,1280,720,640.48975,339.145,991.9681,992.7318,-17.033,-0.342,-0.010,0.127595,0.720818,0.039691,-0.680121,img_578.jpg
57844,1280,720,640.48975,339.145,991.9681,992.7318,-16.965,-0.346,-0.007,0.125356,0.720617,0.047998,-0.680215,img_579.jpg,marker_13.jpg,0.2689365,0.2689365,-25.660,-0.267,3.228,-0.726814,-0.015973,0.026970,0.026970,marker_1.jpg,0.27454853,0.27454853,0.367,-0.211,0.400,-0.703388,-0.005543,0.003844,0.003844
57945,1280,720,640.48975,339.145,991.9681,992.7318,-16.858,-0.362,0.000,0.120593,0.719325,0.054077,-0.681986,img_580.jpg
58025,1280,720,640.48975,339.145,991.9681,992.7318,-16.775,-0.371,0.002,0.118735,0.716189,0.049007,-0.685984,img_581.jpg
58113,1280,720,640.48975,339.145,991.9681,992.7318,-16.656,-0.373,0.008,0.120070,0.716483,0.043319,-0.685827,img_582.jpg
58184,1280,720,640.48975,339.145,991.9681,992.7318,-16.573,-0.366,0.013,0.123802,0.716033,0.050254,-0.685160,img_583.jpg
58257,1280,720,640.48975,339.145,991.9681,992.7318,-16.489,-0.359,0.015,0.132448,0.718116,0.054879,-0.680996,img_584.jpg
58330,1280,720,640.48975,339.145,991.9681,992.7318,-16.414,-0.354,0.015,0.134884,0.715564,0.057661,-0.682971,img_585.jpg
58401,1280,720,640.48975,339.145,991.9681,992.7318,-16.293,-0.351,0.009,0.141016,0.708450,0.080871,-0.686784,img_586.jpg
58493,1280,720,640.48975,339.145,991.9681,992.7318,-16.181,-0.359,-0.005,0.144127,0.702802,0.076589,-0.692410,img_587.jpg
58576,1280,720,640.48975,339.145,991.9681,992.7318,-16.105,-0.368,-0.016,0.142526,0.700779,0.068644,-0.695617,img_588.jpg
58654,1280,720,640.48975,339.145,991.9681,992.7318,-16.032,-0.377,-0.027,0.137851,0.700277,0.065372,-0.697378,img_589.jpg
58745,1280,720,640.48975,339.145,991.9681,992.7318,-15.921,-0.387,-0.049,0.138429,0.700042,0.059162,-0.698053,img_590.jpg
58828,1280,720,640.48975,339.145,991.9681,992.7318,-15.814,-0.385,-0.067,0.151206,0.698725,0.079142,-0.694735,img_591.jpg
58912,1280,720,640.48975,339.145,991.9681,992.7318,-15.743,-0.384,-0.077,0.157436,0.704663,0.070462,-0.688258,img_592.jpg
58993,1280,720,640.48975,339.145,991.9681,992.7318,-15.634,-0.388,-0.086,0.156000,0.709813,0.085165,-0.681599,img_593.jpg
59076,1280,720,640.48975,339.145,991.9681,992.7318,-15.550,-0.397,-0.093,0.152476,0.713493,0.091929,-0.677664,img_594.jpg
59159,1280,720,640.48975,339.145,991.9681,992.7318,-15.439,-0.408,-0.102,0.145617,0.716377,0.084983,-0.677036,img_595.jpg
59243,1280,720,640.48975,339.145,991.9681,992.7318,-15.358,-0.415,-0.110,0.137264,0.715072,0.082543,-0.680454,img_596.jpg
59327,1280,720,640.48975,339.145,991.9681,992.7318,-15.270,-0.413,-0.119,0.131092,0.713106,0.088211,-0.683018,img_597.jpg
59403,1280,720,640.48975,339.145,991.9681,992.7318,-15.151,-0.403,-0.129,0.127367,0.714522,0.101759,-0.680354,img_598.jpg
59493,1280,720,640.48975,339.145,991.9681,992.7318,-15.040,-0.392,-0.141,0.126917,0.718232,0.099284,-0.676888,img_599.jpg
59576,1280,720,640.48975,339.145,991.9681,992.7318,-14.965,-0.390,-0.149,0.129941,0.716226,0.108529,-0.677020,img_600.jpg
59660,1280,720,640.48975,339.145,991.9681,992.7318,-14.853,-0.397,-0.166,0.138093,0.714425,0.096950,-0.679064,img_601.jpg
59760,1280,720,640.48975,339.145,991.9681,992.7318,-14.775,-0.408,-0.181,0.138637,0.714773,0.086090,-0.680050,img_602.jpg
59841,1280,720,640.48975,339.145,991.9681,992.7318,-14.662,-0.417,-0.204,0.132103,0.716211,0.071731,-0.681502,img_603.jpg
59944,1280,720,640.48975,339.145,991.9681,992.7318,-14.552,-0.415,-0.225,0.133570,0.722408,0.067929,-0.675035,img_604.jpg
60018,1280,720,640.48975,339.145,991.9681,992.7318,-14.486,-0.406,-0.234,0.130582,0.721238,0.080424,-0.675497,img_605.jpg
60101,1280,720,640.48975,339.145,991.9681,992.7318,-14.388,-0.401,-0.248,0.136602,0.728216,0.076832,-0.667187,img_606.jpg
60192,1280,720,640.48975,339.145,991.9681,992.7318,-14.318,-0.400,-0.255,0.131447,0.729612,0.079966,-0.666329,img_607.jpg
60271,1280,720,640.48975,339.145,991.9681,992.7318,-14.210,-0.405,-0.263,0.124894,0.732487,0.078598,-0.664595,img_608.jpg
60358,1280,720,640.48975,339.145,991.9681,992.7318,-14.105,-0.411,-0.264,0.113616,0.730113,0.067930,-0.670382,img_609.jpg
60442,1280,720,640.48975,339.145,991.9681,992.7318,-14.028,-0.413,-0.263,0.110040,0.729454,0.067031,-0.671785,img_610.jpg
60527,1280,720,640.48975,339.145,991.9681,992.7318,-13.950,-0.408,-0.261,0.108329,0.726087,0.073470,-0.675029,img_611.jpg
60604,1280,720,640.48975,339.145,991.9681,992.7318,-13.844,-0.395,-0.265,0.107737,0.721012,0.067798,-0.681129,img_612.jpg
60692,1280,720,640.48975,339.145,991.9681,992.7318,-13.759,-0.385,-0.267,0.116966,0.721226,0.073217,-0.678816,img_613.jpg
60775,1280,720,640.48975,339.145,991.9681,992.7318,-13.698,-0.383,-0.272,0.120359,0.718743,0.077072,-0.680429,img_614.jpg
60859,1280,720,640.48975,339.145,991.9681,992.7318,-13.633,-0.388,-0.282,0.129362,0.715472,0.074857,-0.682468,img_615.jpg
60935,1280,720,640.48975,339.145,991.9681,992.7318,-13.528,-0.403,-0.296,0.135194,0.712445,0.067784,-0.685238,img_616.jpg
61027,1280,720,640.48975,339.145,991.9681,992.7318,-13.459,-0.411,-0.307,0.135337,0.713652,0.066950,-0.684034,img_617.jpg
61102,1280,720,640.48975,339.145,991.9681,992.7318,-13.339,-0.412,-0.322,0.135246,0.718983,0.061859,-0.678930,img_618.jpg
61192,1280,720,640.48975,339.145,991.9681,992.7318,-13.240,-0.405,-0.339,0.141979,0.720317,0.077562,-0.674515,img_619.jpg
61275,1280,720,640.48975,339.145,991.9681,992.7318,-13.176,-0.403,-0.347,0.144761,0.725691,0.071364,-0.668822,img_620.jpg
61353,1280,720,640.48975,339.145,991.9681,992.7318,-13.110,-0.401,-0.352,0.143154,0.727301,0.076058,-0.666900,img_621.jpg
61429,1280,720,640.48975,339.145,991.9681,992.7318,-13.010,-0.404,-0.356,0.137970,0.733937,0.078264,-0.660436,img_622.jpg
61510,1280,720,640.48975,339.145,991.9681,992.7318,-12.928,-0.412,-0.358,0.133013,0.736329,0.076803,-0.658960,img_623.jpg
61588,1280,720,640.48975,339.145,991.9681,992.7318,-12.814,-0.418,-0.361,0.124008,0.737806,0.065760,-0.660258,img_624.jpg
61674,1280,720,640.48975,339.145,991.9681,992.7318,-12.741,-0.417,-0.359,0.121142,0.737798,0.061511,-0.661208,img_625.jpg
61757,1280,720,640.48975,339.145,991.9681,992.7318,-12.625,-0.406,-0.356,0.119743,0.738710,0.072428,-0.659336,img_626.jpg
61840,1280,720,640.48975,339.145,991.9681,992.7318,-12.555,-0.395,-0.354,0.113313,0.738663,0.071380,-0.660638,img_627.jpg
61926,1280,720,640.48975,339.145,991.9681,992.7318,-12.453,-0.387,-0.358,0.118034,0.742502,0.075682,-0.655005,img_628.jpg
62011,1280,720,640.48975,339.145,991.9681,992.7318,-12.377,-0.388,-0.361,0.118117,0.742024,0.089130,-0.653839,img_629.jpg
62098,1280,720,640.48975,339.145,991.9681,992.7318,-12.271,-0.394,-0.373,0.120605,0.741666,0.081250,-0.654817,img_630.jpg
62191,1280,720,640.48975,339.145,991.9681,992.7318,-12.167,-0.402,-0.385,0.110878,0.746118,0.065211,-0.653270,img_631.jpg
62291,1280,720,640.48975,339.145,991.9681,992.7318,-12.068,-0.405,-0.397,0.095501,0.752141,0.063701,-0.648926,img_632.jpg
62375,1280,720,640.48975,339.145,991.9681,992.7318,-11.992,-0.397,-0.405,0.093843,0.754959,0.072350,-0.644977,img_633.jpg
62460,1280,720,640.48975,339.145,991.9681,992.7318,-11.898,-0.394,-0.412,0.091778,0.760200,0.058203,-0.640536,img_634.jpg
62540,1280,720,640.48975,339.145,991.9681,992.7318,-11.833,-0.398,-0.410,0.098722,0.765445,0.073596,-0.631611,img_635.jpg
62625,1280,720,640.48975,339.145,991.9681,992.7318,-11.761,-0.406,-0.404,0.102942,0.770742,0.088243,-0.622553,img_636.jpg
62707,1280,720,640.48975,339.145,991.9681,992.7318,-11.654,-0.420,-0.398,0.110140,0.777030,0.092201,-0.612857,img_637.jpg
62791,1280,720,640.48975,339.145,991.9681,992.7318,-11.545,-0.430,-0.386,0.097469,0.777879,0.088466,-0.614473,img_638.jpg
62874,1280,720,640.48975,339.145,991.9681,992.7318,-11.461,-0.432,-0.380,0.093871,0.779043,0.082941,-0.614330,img_639.jpg
62956,1280,720,640.48975,339.145,991.9681,992.7318,-11.348,-0.424,-0.367,0.095222,0.773601,0.085513,-0.620614,img_640.jpg
63043,1280,720,640.48975,339.145,991.9681,992.7318,-11.271,-0.413,-0.360,0.093027,0.771014,0.072573,-0.625793,img_641.jpg
63124,1280,720,640.48975,339.145,991.9681,992.7318,-11.199,-0.412,-0.354,0.099872,0.774537,0.068893,-0.620784,img_642.jpg
63208,1280,720,640.48975,339.145,991.9681,992.7318,-11.097,-0.412,-0.343,0.109405,0.767709,0.081996,-0.626043,img_643.jpg
63291,1280,720,640.48975,339.145,991.9681,992.7318,-10.992,-0.421,-0.336,0.124379,0.762018,0.068408,-0.631807,img_644.jpg
63374,1280,720,640.48975,339.145,991.9681,992.7318,-10.914,-0.430,-0.330,0.128279,0.759970,0.061354,-0.634213,img_645.jpg
63452,1280,720,640.48975,339.145,991.9681,992.7318,-10.832,-0.434,-0.322,0.126554,0.755038,0.062773,-0.640283,img_646.jpg
63540,1280,720,640.48975,339.145,991.9681,992.7318,-10.720,-0.431,-0.313,0.126706,0.754051,0.066297,-0.641059,img_647.jpg
63626,1280,720,640.48975,339.145,991.9681,992.7318,-10.639,-0.425,-0.307,0.135286,0.748169,0.096214,-0.642405,img_648.jpg
63699,1280,720,640.48975,339.145,991.9681,992.7318,-10.530,-0.422,-0.293,0.146136,0.752574,0.093850,-0.635192,img_649.jpg
63790,1280,720,640.48975,339.145,991.9681,992.7318,-10.453,-0.421,-0.278,0.140789,0.751328,0.103052,-0.636447,img_650.jpg
63872,1280,720,640.48975,339.145,991.9681,992.7318,-10.336,-0.431,-0.259,0.142190,0.756656,0.098587,-0.630503,img_651.jpg
63946,1280,720,640.48975,339.145,991.9681,992.7318,-10.258,-0.438,-0.245,0.138838,0.756593,0.092724,-0.632213,img_652.jpg
64041,1280,720,640.48975,339.145,991.9681,992.7318,-10.134,-0.444,-0.223,0.134906,0.749911,0.074573,-0.643329,img_653.jpg
64129,1280,720,640.48975,339.145,991.9681,992.7318,-10.011,-0.434,-0.199,0.131290,0.747088,0.071153,-0.647734,img_654.jpg
64224,1280,720,640.48975,339.145,991.9681,992.7318,-9.885,-0.418,-0.178,0.131874,0.740614,0.077835,-0.654249,img_655.jpg
64308,1280,720,640.48975,339.145,991.9681,992.7318,-9.806,-0.409,-0.172,0.136843,0.737455,0.075656,-0.657047,img_656.jpg
64389,1280,720,640.48975,339.145,991.9681,992.7318,-9.688,-0.401,-0.169,0.135243,0.725974,0.081165,-0.669391,img_657.jpg
64473,1280,720,640.48975,339.145,991.9681,992.7318,-9.606,-0.400,-0.171,0.133901,0.717298,0.068379,-0.680351,img_658.jpg
64552,1280,720,640.48975,339.145,991.9681,992.7318,-9.523,-0.405,-0.173,0.131131,0.711767,0.057478,-0.687669,img_659.jpg
64640,1280,720,640.48975,339.145,991.9681,992.7318,-9.401,-0.415,-0.173,0.126028,0.706287,0.047919,-0.694967,img_660.jpg
64713,1280,720,640.48975,339.145,991.9681,992.7318,-9.327,-0.421,-0.177,0.126455,0.702869,0.048641,-0.698297,img_661.jpg
64807,1280,720,640.48975,339.145,991.9681,992.7318,-9.201,-0.416,-0.171,0.132777,0.690211,0.087383,-0.705934,img_662.jpg
64889,1280,720,640.48975,339.145,991.9681,992.7318,-9.082,-0.409,-0.163,0.132582,0.701970,0.084004,-0.694697,img_663.jpg
64973,1280,720,640.48975,339.145,991.9681,992.7318,-9.012,-0.407,-0.154,0.124392,0.705357,0.080558,-0.693188,img_664.jpg
65060,1280,720,640.48975,339.145,991.9681,992.7318,-8.945,-0.410,-0.143,0.120103,0.714360,0.082605,-0.684428,img_665.jpg
65140,1280,720,640.48975,339.145,991.9681,992.7318,-8.828,-0.420,-0.129,0.114260,0.715527,0.082110,-0.684269,img_666.jpg
65221,1280,720,640.48975,339.145,991.9681,992.7318,-8.699,-0.428,-0.117,0.111135,0.712970,0.075103,-0.688246,img_667.jpg
65308,1280,720,640.48975,339.145,991.9681,992.7318,-8.614,-0.426,-0.107,0.110306,0.714968,0.076940,-0.686100,img_668.jpg
65382,1280,720,640.48975,339.145,991.9681,992.7318,-8.533,-0.420,-0.097,0.107555,0.714573,0.086359,-0.685827,img_669.jpg
65463,1280,720,640.48975,339.145,991.9681,992.7318,-8.417,-0.409,-0.091,0.108839,0.722157,0.071439,-0.679368,img_670.jpg
65556,1280,720,640.48975,339.145,991.9681,992.7318,-8.302,-0.402,-0.083,0.107739,0.726462,0.088387,-0.672929,img_671.jpg
65638,1280,720,640.48975,339.145,991.9681,992.7318,-8.225,-0.404,-0.086,0.113657,0.727536,0.082069,-0.671594,img_672.jpg
65722,1280,720,640.48975,339.145,991.9681,992.7318,-8.149,-0.412,-0.090,0.117765,0.724577,0.076147,-0.674775,img_673.jpg
65807,1280,720,640.48975,339.145,991.9681,992.7318,-8.028,-0.429,-0.099,0.120594,0.724196,0.060570,-0.676260,img_674.jpg
65885,1280,720,640.48975,339.145,991.9681,992.7318,-7.949,-0.435,-0.106,0.119367,0.724274,0.057078,-0.676698,img_675.jpg
65972,1280,720,640.48975,339.145,991.9681,992.7318,-7.834,-0.434,-0.117,0.121563,0.733885,0.074226,-0.664173,img_676.jpg
66053,1280,720,640.48975,339.145,991.9681,992.7318,-7.728,-0.436,-0.127,0.127883,0.735318,0.069386,-0.661921,img_677.jpg
66139,1280,720,640.48975,339.145,991.9681,992.7318,-7.657,-0.440,-0.126,0.132781,0.734668,0.085391,-0.659803,img_678.jpg
66216,1280,720,640.48975,339.145,991.9681,992.7318,-7.580,-0.445,-0.122,0.128875,0.738128,0.088735,-0.656266,img_679.jpg
66301,1280,720,640.48975,339.145,991.9681,992.7318,-7.463,-0.455,-0.116,0.123996,0.741273,0.078538,-0.654959,img_680.jpg
66389,1280,720,640.48975,339.145,991.9681,992.7318,-7.340,-0.461,-0.113,0.116999,0.737800,0.066182,-0.661500,img_681.jpg
66472,1280,720,640.48975,339.145,991.9681,992.7318,-7.254,-0.459,-0.114,0.115639,0.738695,0.061138,-0.661226,img_682.jpg
66552,1280,720,640.48975,339.145,991.9681,992.7318,-7.129,-0.446,-0.111,0.108265,0.733788,0.079200,-0.666004,img_683.jpg
66638,1280,720,640.48975,339.145,991.9681,992.7318,-7.053,-0.438,-0.112,0.109875,0.734476,0.072587,-0.665735,img_684.jpg
66723,1280,720,640.48975,339.145,991.9681,992.7318,-6.935,-0.439,-0.113,0.113400,0.728722,0.099039,-0.668053,img_685.jpg
66807,1280,720,640.48975,339.145,991.9681,992.7318,-6.862,-0.440,-0.120,0.122387,0.726260,0.104120,-0.668377,img_686.jpg,marker_13.jpg,0.2689365,0.2689365,-25.586,-0.254,3.300,-0.727043,-0.015608,0.026727,0.026727,marker_1.jpg,0.27454853,0.27454853,0.373,-0.219,0.404,-0.703929,-0.004769,0.003001,0.003001
66890,1280,720,640.48975,339.145,991.9681,992.7318,-6.750,-0.455,-0.130,0.132716,0.722864,0.096197,-0.671268,img_687.jpg
66989,1280,720,640.48975,339.145,991.9681,992.7318,-6.632,-0.470,-0.138,0.131683,0.718255,0.092160,-0.676961,img_688.jpg
67088,1280,720,640.48975,339.145,991.9681,992.7318,-6.551,-0.468,-0.144,0.124997,0.718095,0.080829,-0.679839,img_689.jpg
67171,1280,720,640.48975,339.145,991.9681,992.7318,-6.434,-0.456,-0.160,0.125897,0.723029,0.072796,-0.675337,img_690.jpg
67251,1280,720,640.48975,339.145,991.9681,992.7318,-6.326,-0.448,-0.174,0.129519,0.731017,0.044447,-0.668478,img_691.jpg
67338,1280,720,640.48975,339.145,991.9681,992.7318,-6.257,-0.449,-0.176,0.131462,0.731675,0.053538,-0.666711,img_692.jpg
67422,1280,720,640.48975,339.145,991.9681,992.7318,-6.147,-0.460,-0.176,0.132686,0.739256,0.067535,-0.656760,img_693.jpg
67524,1280,720,640.48975,339.145,991.9681,992.7318,-6.635,-0.623,-0.396,0.104682,0.729975,0.082419,-0.670362,img_694.jpg
67600,1280,720,640.48975,339.145,991.9681,992.7318,-6.505,-0.631,-0.395,0.100246,0.726732,0.068255,-0.676130,img_695.jpg
67688,1280,720,640.48975,339.145,991.9681,992.7318,-6.353,-0.647,-0.384,0.094494,0.726165,0.047148,-0.679362,img_696.jpg,marker_13.jpg,0.2689365,0.2689365,-25.605,-0.252,3.341,-0.726996,-0.016364,0.027702,0.027702,marker_1.jpg,0.27454853,0.27454853,0.373,-0.219,0.404,-0.703902,-0.005222,0.003401,0.003401
67771,1280,720,640.48975,339.145,991.9681,992.7318,-6.228,-0.659,-0.382,0.097550,0.721655,0.056531,-0.683009,img_697.jpg
67846,1280,720,640.48975,339.145,991.9681,992.7318,-6.151,-0.648,-0.385,0.095056,0.719011,0.055858,-0.686198,img_698.jpg
67938,1280,720,640.48975,339.145,991.9681,992.7318,-6.041,-0.641,-0.387,0.102299,0.718284,0.072151,-0.684396,img_699.jpg
68022,1280,720,640.48975,339.145,991.9681,992.7318,-5.972,-0.642,-0.393,0.105237,0.715877,0.080628,-0.685525,img_700.jpg
68100,1280,720,640.48975,339.145,991.9681,992.7318,-5.839,-0.650,-0.404,0.117129,0.712481,0.075575,-0.687707,img_701.jpg
68205,1280,720,640.48975,339.145,991.9681,992.7318,-5.716,-0.659,-0.417,0.120742,0.716261,0.072635,-0.683458,img_702.jpg
68287,1280,720,640.48975,339.145,991.9681,992.7318,-5.596,-0.661,-0.433,0.120406,0.715703,0.077425,-0.683577,img_703.jpg
68370,1280,720,640.48975,339.145,991.9681,992.7318,-5.517,-0.655,-0.447,0.130062,0.721764,0.077726,-0.675351,img_704.jpg
68453,1280,720,640.48975,339.145,991.9681,992.7318,-5.409,-0.645,-0.461,0.124036,0.728578,0.066250,-0.670373,img_705.jpg
68536,1280,720,640.48975,339.145,991.9681,992.7318,-5.337,-0.644,-0.469,0.134096,0.733738,0.076844,-0.661620,img_706.jpg
68615,1280,720,640.48975,339.145,991.9681,992.7318,-5.261,-0.647,-0.471,0.126373,0.738297,0.075885,-0.658171,img_707.jpg
68693,1280,720,640.48975,339.145,991.9681,992.7318,-5.148,-0.656,-0.471,0.118106,0.744121,0.088455,-0.651545,img_708.jpg
68789,1280,720,640.48975,339.145,991.9681,992.7318,-5.034,-0.662,-0.470,0.105299,0.748488,0.076547,-0.650245,img_709.jpg
68870,1280,720,640.48975,339.145,991.9681,992.7318,-4.957,-0.664,-0.466,0.098815,0.750346,0.073239,-0.649502,img_710.jpg
68953,1280,720,640.48975,339.145,991.9681,992.7318,-4.842,-0.649,-0.464,0.093684,0.752429,0.087748,-0.646045,img_711.jpg
69038,1280,720,640.48975,339.145,991.9681,992.7318,-4.760,-0.641,-0.463,0.091641,0.753759,0.086139,-0.645004,img_712.jpg
69116,1280,720,640.48975,339.145,991.9681,992.7318,-4.681,-0.637,-0.466,0.092060,0.758751,0.086561,-0.639007,img_713.jpg
69195,1280,720,640.48975,339.145,991.9681,992.7318,-4.568,-0.640,-0.476,0.118422,0.753476,0.114967,-0.636422,img_714.jpg
69286,1280,720,640.48975,339.145,991.9681,992.7318,-4.461,-0.649,-0.491,0.129608,0.756202,0.109200,-0.632009,img_715.jpg
69370,1280,720,640.48975,339.145,991.9681,992.7318,-4.393,-0.659,-0.502,0.131114,0.759311,0.108969,-0.627998,img_716.jpg
69452,1280,720,640.48975,339.145,991.9681,992.7318,-4.287,-0.668,-0.517,0.125479,0.766732,0.120487,-0.617948,img_717.jpg
69554,1280,720,640.48975,339.145,991.9681,992.7318,-4.196,-0.663,-0.531,0.128880,0.781671,0.133187,-0.595518,img_718.jpg
69635,1280,720,640.48975,339.145,991.9681,992.7318,-4.137,-0.653,-0.536,-0.113906,-0.789656,-0.141970,0.585929,img_719.jpg
69714,1280,720,640.48975,339.145,991.9681,992.7318,-4.084,-0.646,-0.540,-0.118165,-0.798136,-0.150257,0.571348,img_720.jpg
69788,1280,720,640.48975,339.145,991.9681,992.7318,-4.005,-0.644,-0.538,-0.117882,-0.809431,-0.173842,0.548365,img_721.jpg
69870,1280,720,640.48975,339.145,991.9681,992.7318,-3.946,-0.649,-0.535,-0.118892,-0.819888,-0.182101,0.529611,img_722.jpg
69952,1280,720,640.48975,339.145,991.9681,992.7318,-3.851,-0.657,-0.518,-0.111067,-0.830898,-0.204498,0.505424,img_723.jpg
70036,1280,720,640.48975,339.145,991.9681,992.7318,-3.788,-0.664,-0.502,-0.101182,-0.842681,-0.205255,0.487362,img_724.jpg
70105,1280,720,640.48975,339.145,991.9681,992.7318,-3.725,-0.666,-0.482,-0.095134,-0.853959,-0.211540,0.465783,img_725.jpg
70174,1280,720,640.48975,339.145,991.9681,992.7318,-3.665,-0.663,-0.462,-0.091444,-0.865619,-0.216490,0.442125,img_726.jpg
70248,1280,720,640.48975,339.145,991.9681,992.7318,-3.585,-0.655,-0.432,-0.086963,-0.877580,-0.225465,0.414073,img_727.jpg
70336,1280,720,640.48975,339.145,991.9681,992.7318,-3.531,-0.653,-0.415,-0.095775,-0.883770,-0.235666,0.392732,img_728.jpg
70403,1280,720,640.48975,339.145,991.9681,992.7318,-3.482,-0.650,-0.398,-0.094182,-0.887246,-0.248238,0.377229,img_729.jpg
70476,1280,720,640.48975,339.145,991.9681,992.7318,-3.434,-0.652,-0.380,-0.101914,-0.893910,-0.249748,0.358001,img_730.jpg
70541,1280,720,640.48975,339.145,991.9681,992.7318,-3.383,-0.656,-0.359,-0.100732,-0.901850,-0.251462,0.336581,img_731.jpg
70615,1280,720,640.48975,339.145,991.9681,992.7318,-3.336,-0.660,-0.330,-0.095715,-0.908973,-0.258991,0.312299,img_732.jpg
70686,1280,720,640.48975,339.145,991.9681,992.7318,-3.262,-0.665,-0.289,-0.083552,-0.918325,-0.267870,0.279183,img_733.jpg
70768,1280,720,640.48975,339.145,991.9681,992.7318,-3.212,-0.662,-0.266,-0.083243,-0.927184,-0.261759,0.254721,img_734.jpg
70852,1280,720,640.48975,339.145,991.9681,992.7318,-3.146,-0.653,-0.222,-0.073153,-0.924490,-0.299651,0.224002,img_735.jpg
70936,1280,720,640.48975,339.145,991.9681,992.7318,-3.108,-0.647,-0.195,-0.072725,-0.931111,-0.293757,0.203595,img_736.jpg
71008,1280,720,640.48975,339.145,991.9681,992.7318,-3.071,-0.645,-0.163,-0.070899,-0.930219,-0.309624,0.183847,img_737.jpg
71079,1280,720,640.48975,339.145,991.9681,992.7318,-3.022,-0.645,-0.112,-0.060083,-0.931630,-0.318452,0.164450,img_738.jpg
71151,1280,720,640.48975,339.145,991.9681,992.7318,-2.987,-0.645,-0.074,-0.057320,-0.934611,-0.314067,0.156775,img_739.jpg
71235,1280,720,640.48975,339.145,991.9681,992.7318,-2.953,-0.644,-0.031,-0.051134,-0.935656,-0.311017,0.158747,img_740.jpg
71318,1280,720,640.48975,339.145,991.9681,992.7318,-2.902,-0.644,0.043,-0.049934,-0.936348,-0.309117,0.158765,img_741.jpg
71385,1280,720,640.48975,339.145,991.9681,992.7318,-2.885,-0.643,0.069,-0.049925,-0.934669,-0.315187,0.156710,img_742.jpg
71462,1280,720,640.48975,339.145,991.9681,992.7318,-2.844,-0.637,0.150,-0.042605,-0.922143,-0.351717,0.155344,img_743.jpg
71534,1280,720,640.48975,339.145,991.9681,992.7318,-2.817,-0.631,0.200,-0.044701,-0.920950,-0.353798,0.157099,img_744.jpg
71603,1280,720,640.48975,339.145,991.9681,992.7318,-2.788,-0.626,0.249,-0.053162,-0.919940,-0.357535,0.151831,img_745.jpg
71681,1280,720,640.48975,339.145,991.9681,992.7318,-2.768,-0.628,0.299,-0.053402,-0.916832,-0.362865,0.157789,img_746.jpg
71751,1280,720,640.48975,339.145,991.9681,992.7318,-2.729,-0.622,0.369,-0.063251,-0.916998,-0.357040,0.166244,img_747.jpg
71834,1280,720,640.48975,339.145,991.9681,992.7318,-2.700,-0.621,0.419,-0.070474,-0.917426,-0.351017,0.173638,img_748.jpg
71918,1280,720,640.48975,339.145,991.9681,992.7318,-2.669,-0.623,0.479,-0.073158,-0.915942,-0.348067,0.185872,img_749.jpg
71985,1280,720,640.48975,339.145,991.9681,992.7318,-2.625,-0.622,0.561,-0.081927,-0.915576,-0.339378,0.199575,img_750.jpg
72068,1280,720,640.48975,339.145,991.9681,992.7318,-2.594,-0.618,0.618,-0.093563,-0.909253,-0.354521,0.197029,img_751.jpg
72150,1280,720,640.48975,339.145,991.9681,992.7318,-2.556,-0.605,0.697,-0.098440,-0.905340,-0.353653,0.213536,img_752.jpg
72236,1280,720,640.48975,339.145,991.9681,992.7318,-2.530,-0.602,0.753,-0.110496,-0.902025,-0.357380,0.215455,img_753.jpg
72308,1280,720,640.48975,339.145,991.9681,992.7318,-2.512,-0.597,0.805,-0.107799,-0.900189,-0.357209,0.224591,img_754.jpg
72395,1280,720,640.48975,339.145,991.9681,992.7318,-2.476,-0.597,0.888,-0.104506,-0.894439,-0.360574,0.242991,img_755.jpg
