time,sizeX,sizeY,p_x,p_y,f_x,f_y,pos_X,pos_Y,pos_Z,q_x,q_y,q_z,q_w,marker_ID,marker_x,marker_y,marker_z,marker_qx,marker_qy,marker_qz,marker_qw,marker_ID,marker_x,marker_y,marker_z,marker_qx,marker_qy,marker_qz,marker_qw,marker_ID,marker_x,marker_y,marker_z,marker_qx,marker_qy,marker_qz,marker_qw,
17193,1280,720,640.48975,339.145,991.9681,992.7318,0.528,-0.109,1.075,0.114213,-0.031985,-0.008650,-0.992904,img_1.jpg
17292,1280,720,640.48975,339.145,991.9681,992.7318,0.530,-0.109,1.073,0.114223,-0.032243,-0.006334,-0.992912,img_2.jpg
17395,1280,720,640.48975,339.145,991.9681,992.7318,0.532,-0.110,1.072,0.101845,-0.031102,-0.008425,-0.994278,img_3.jpg
17473,1280,720,640.48975,339.145,991.9681,992.7318,0.532,-0.110,1.071,0.094293,-0.026997,-0.014973,-0.995066,img_4.jpg
17544,1280,720,640.48975,339.145,991.9681,992.7318,0.534,-0.111,1.069,0.088144,-0.028912,-0.016948,-0.995544,img_5.jpg,marker_1.jpg,0.28144974,0.28144974,0.459,-0.183,0.442,-0.713348,-0.001924,0.000435,0.000435
17627,1280,720,640.48975,339.145,991.9681,992.7318,0.538,-0.115,1.063,0.082561,-0.034290,-0.017245,-0.995847,img_6.jpg
17705,1280,720,640.48975,339.145,991.9681,992.7318,0.541,-0.120,1.057,0.084279,-0.037839,-0.016923,-0.995580,img_7.jpg
17788,1280,720,640.48975,339.145,991.9681,992.7318,0.547,-0.131,1.048,0.093305,-0.047132,-0.014782,-0.994411,img_8.jpg
17871,1280,720,640.48975,339.145,991.9681,992.7318,0.551,-0.138,1.047,0.094728,-0.051009,-0.013146,-0.994109,img_9.jpg
17936,1280,720,640.48975,339.145,991.9681,992.7318,0.556,-0.145,1.051,0.098140,-0.056283,-0.009511,-0.993534,img_10.jpg
18021,1280,720,640.48975,339.145,991.9681,992.7318,0.561,-0.160,1.066,0.116837,-0.063883,-0.013895,-0.990997,img_11.jpg
18088,1280,720,640.48975,339.145,991.9681,992.7318,0.563,-0.166,1.073,0.121471,-0.064663,-0.016046,-0.990357,img_12.jpg
18152,1280,720,640.48975,339.145,991.9681,992.7318,0.571,-0.189,1.101,0.141012,-0.069371,-0.019314,-0.987386,img_13.jpg
18238,1280,720,640.48975,339.145,991.9681,992.7318,0.578,-0.203,1.126,0.155229,-0.075574,-0.019326,-0.984794,img_14.jpg
18304,1280,720,640.48975,339.145,991.9681,992.7318,0.585,-0.216,1.154,0.160697,-0.074904,-0.021821,-0.983916,img_15.jpg
18371,1280,720,640.48975,339.145,991.9681,992.7318,0.591,-0.225,1.187,0.164536,-0.075259,-0.025427,-0.983167,img_16.jpg
18454,1280,720,640.48975,339.145,991.9681,992.7318,0.598,-0.234,1.221,0.168645,-0.077209,-0.030491,-0.982175,img_17.jpg
18519,1280,720,640.48975,339.145,991.9681,992.7318,0.605,-0.252,1.274,0.168404,-0.087173,-0.041548,-0.980976,img_18.jpg
18604,1280,720,640.48975,339.145,991.9681,992.7318,0.606,-0.270,1.305,0.183644,-0.098378,-0.048778,-0.976840,img_19.jpg
18669,1280,720,640.48975,339.145,991.9681,992.7318,0.604,-0.291,1.335,0.211632,-0.111255,-0.056851,-0.969331,img_20.jpg
18754,1280,720,640.48975,339.145,991.9681,992.7318,0.599,-0.322,1.373,0.241980,-0.127204,-0.063631,-0.959800,img_21.jpg,marker_1.jpg,0.27592218,0.27592218,0.461,-0.182,0.455,-0.687720,0.011371,-0.017605,-0.017605
18837,1280,720,640.48975,339.145,991.9681,992.7318,0.593,-0.345,1.396,0.271336,-0.140787,-0.071722,-0.949427,img_22.jpg
18903,1280,720,640.48975,339.145,991.9681,992.7318,0.580,-0.360,1.417,0.293178,-0.159831,-0.083591,-0.938889,img_23.jpg
18970,1280,720,640.48975,339.145,991.9681,992.7318,0.563,-0.373,1.439,0.301967,-0.182432,-0.096272,-0.930734,img_24.jpg
19057,1280,720,640.48975,339.145,991.9681,992.7318,0.524,-0.389,1.467,0.309207,-0.219698,-0.114788,-0.918122,img_25.jpg
19137,1280,720,640.48975,339.145,991.9681,992.7318,0.492,-0.399,1.477,0.320524,-0.240086,-0.125278,-0.907705,img_26.jpg
19209,1280,720,640.48975,339.145,991.9681,992.7318,0.460,-0.409,1.494,0.330638,-0.259694,-0.132957,-0.897530,img_27.jpg
19282,1280,720,640.48975,339.145,991.9681,992.7318,0.426,-0.419,1.509,0.334925,-0.275717,-0.143619,-0.889482,img_28.jpg
19354,1280,720,640.48975,339.145,991.9681,992.7318,0.371,-0.430,1.531,0.338489,-0.297050,-0.155542,-0.879201,img_29.jpg
19437,1280,720,640.48975,339.145,991.9681,992.7318,0.331,-0.436,1.545,0.342974,-0.309938,-0.161585,-0.871893,img_30.jpg
19512,1280,720,640.48975,339.145,991.9681,992.7318,0.286,-0.445,1.561,0.340500,-0.323291,-0.169342,-0.866525,img_31.jpg
19583,1280,720,640.48975,339.145,991.9681,992.7318,0.240,-0.451,1.574,0.342433,-0.337174,-0.176054,-0.859103,img_32.jpg
19672,1280,720,640.48975,339.145,991.9681,992.7318,0.163,-0.460,1.592,0.341044,-0.356222,-0.188901,-0.849183,img_33.jpg
19753,1280,720,640.48975,339.145,991.9681,992.7318,0.084,-0.466,1.606,0.347217,-0.368239,-0.199821,-0.838995,img_34.jpg
19837,1280,720,640.48975,339.145,991.9681,992.7318,0.032,-0.467,1.613,0.348451,-0.379374,-0.201588,-0.833078,img_35.jpg
19916,1280,720,640.48975,339.145,991.9681,992.7318,-0.016,-0.464,1.620,0.344539,-0.390922,-0.207569,-0.827882,img_36.jpg
19997,1280,720,640.48975,339.145,991.9681,992.7318,-0.090,-0.460,1.629,0.339372,-0.399178,-0.215560,-0.824025,img_37.jpg
20088,1280,720,640.48975,339.145,991.9681,992.7318,-0.165,-0.451,1.637,0.330064,-0.405205,-0.215327,-0.824925,img_38.jpg
20171,1280,720,640.48975,339.145,991.9681,992.7318,-0.214,-0.449,1.640,0.320360,-0.407251,-0.214383,-0.827983,img_39.jpg
20246,1280,720,640.48975,339.145,991.9681,992.7318,-0.273,-0.448,1.640,0.319158,-0.403321,-0.208433,-0.831881,img_40.jpg
20326,1280,720,640.48975,339.145,991.9681,992.7318,-0.354,-0.442,1.640,0.317602,-0.396692,-0.196542,-0.838532,img_41.jpg
20402,1280,720,640.48975,339.145,991.9681,992.7318,-0.405,-0.432,1.643,0.301050,-0.390715,-0.195268,-0.847692,img_42.jpg
20489,1280,720,640.48975,339.145,991.9681,992.7318,-0.478,-0.416,1.643,0.304311,-0.368568,-0.199699,-0.855379,img_43.jpg
20572,1280,720,640.48975,339.145,991.9681,992.7318,-0.531,-0.406,1.645,0.262120,-0.350903,-0.205678,-0.875132,img_44.jpg
20648,1280,720,640.48975,339.145,991.9681,992.7318,-0.574,-0.399,1.640,0.259711,-0.342073,-0.202213,-0.880140,img_45.jpg
20727,1280,720,640.48975,339.145,991.9681,992.7318,-0.625,-0.394,1.626,0.273269,-0.324711,-0.191509,-0.884992,img_46.jpg
20806,1280,720,640.48975,339.145,991.9681,992.7318,-0.693,-0.382,1.598,0.267251,-0.319736,-0.163975,-0.894124,img_47.jpg
20888,1280,720,640.48975,339.145,991.9681,992.7318,-0.758,-0.370,1.556,0.263511,-0.317845,-0.134220,-0.900845,img_48.jpg
20972,1280,720,640.48975,339.145,991.9681,992.7318,-0.805,-0.360,1.522,0.263942,-0.315686,-0.119756,-0.903513,img_49.jpg
21049,1280,720,640.48975,339.145,991.9681,992.7318,-0.859,-0.344,1.487,0.259925,-0.313528,-0.104447,-0.907320,img_50.jpg
21136,1280,720,640.48975,339.145,991.9681,992.7318,-0.923,-0.314,1.430,0.254152,-0.306621,-0.084785,-0.913347,img_51.jpg
21210,1280,720,640.48975,339.145,991.9681,992.7318,-0.962,-0.295,1.393,0.241920,-0.300756,-0.084119,-0.918665,img_52.jpg
21285,1280,720,640.48975,339.145,991.9681,992.7318,-0.999,-0.278,1.355,0.234875,-0.294238,-0.079147,-0.923035,img_53.jpg
21361,1280,720,640.48975,339.145,991.9681,992.7318,-1.058,-0.255,1.299,0.217670,-0.291167,-0.082309,-0.927937,img_54.jpg
21459,1280,720,640.48975,339.145,991.9681,992.7318,-1.124,-0.242,1.237,0.198289,-0.291053,-0.086336,-0.931942,img_55.jpg
21535,1280,720,640.48975,339.145,991.9681,992.7318,-1.168,-0.241,1.193,0.185262,-0.293713,-0.081214,-0.934246,img_56.jpg
21619,1280,720,640.48975,339.145,991.9681,992.7318,-1.243,-0.242,1.116,0.179129,-0.294834,-0.070822,-0.935933,img_57.jpg
21702,1280,720,640.48975,339.145,991.9681,992.7318,-1.293,-0.236,1.070,0.169313,-0.288151,-0.077419,-0.939313,img_58.jpg
21787,1280,720,640.48975,339.145,991.9681,992.7318,-1.338,-0.229,1.021,0.175827,-0.287352,-0.076447,-0.938440,img_59.jpg
21857,1280,720,640.48975,339.145,991.9681,992.7318,-1.397,-0.213,0.950,0.174113,-0.288676,-0.075426,-0.938436,img_60.jpg
21953,1280,720,640.48975,339.145,991.9681,992.7318,-1.449,-0.207,0.876,0.180132,-0.294678,-0.072314,-0.935675,img_61.jpg
22035,1280,720,640.48975,339.145,991.9681,992.7318,-1.480,-0.207,0.826,0.182169,-0.298395,-0.067974,-0.934427,img_62.jpg
22110,1280,720,640.48975,339.145,991.9681,992.7318,-1.513,-0.209,0.772,0.184308,-0.303737,-0.067244,-0.932337,img_63.jpg
22183,1280,720,640.48975,339.145,991.9681,992.7318,-1.557,-0.211,0.684,0.175085,-0.325522,-0.061443,-0.927149,img_64.jpg
22270,1280,720,640.48975,339.145,991.9681,992.7318,-1.588,-0.208,0.619,0.173693,-0.346316,-0.054575,-0.920281,img_65.jpg
22352,1280,720,640.48975,339.145,991.9681,992.7318,-1.616,-0.201,0.557,0.173438,-0.368050,-0.049587,-0.912140,img_66.jpg
22434,1280,720,640.48975,339.145,991.9681,992.7318,-1.664,-0.188,0.465,0.183043,-0.394537,-0.053775,-0.898857,img_67.jpg
22519,1280,720,640.48975,339.145,991.9681,992.7318,-1.702,-0.182,0.406,0.184037,-0.415759,-0.060753,-0.888585,img_68.jpg
22594,1280,720,640.48975,339.145,991.9681,992.7318,-1.761,-0.177,0.330,0.182007,-0.438418,-0.075994,-0.876863,img_69.jpg
22670,1280,720,640.48975,339.145,991.9681,992.7318,-1.803,-0.180,0.278,0.178039,-0.452362,-0.083552,-0.869879,img_70.jpg
22747,1280,720,640.48975,339.145,991.9681,992.7318,-1.868,-0.190,0.204,0.170940,-0.474383,-0.090000,-0.858860,img_71.jpg
22835,1280,720,640.48975,339.145,991.9681,992.7318,-1.915,-0.198,0.149,0.157499,-0.483929,-0.095117,-0.855546,img_72.jpg
22904,1280,720,640.48975,339.145,991.9681,992.7318,-1.962,-0.203,0.096,0.144020,-0.491233,-0.098123,-0.853417,img_73.jpg
22972,1280,720,640.48975,339.145,991.9681,992.7318,-2.013,-0.206,0.039,0.127409,-0.487985,-0.109438,-0.856540,img_74.jpg
23042,1280,720,640.48975,339.145,991.9681,992.7318,-2.062,-0.202,-0.012,0.133102,-0.492788,-0.114161,-0.852298,img_75.jpg
23113,1280,720,640.48975,339.145,991.9681,992.7318,-2.134,-0.193,-0.095,0.126106,-0.492303,-0.116099,-0.853379,img_76.jpg
23184,1280,720,640.48975,339.145,991.9681,992.7318,-2.181,-0.192,-0.149,0.127386,-0.501971,-0.103802,-0.849131,img_77.jpg
23268,1280,720,640.48975,339.145,991.9681,992.7318,-2.233,-0.192,-0.196,0.124120,-0.507663,-0.098289,-0.846884,img_78.jpg
23338,1280,720,640.48975,339.145,991.9681,992.7318,-2.289,-0.198,-0.249,0.126361,-0.517831,-0.095647,-0.840676,img_79.jpg
23409,1280,720,640.48975,339.145,991.9681,992.7318,-2.350,-0.203,-0.306,0.118947,-0.528481,-0.098070,-0.834830,img_80.jpg
23484,1280,720,640.48975,339.145,991.9681,992.7318,-2.433,-0.203,-0.388,0.101714,-0.545717,-0.091199,-0.826758,img_81.jpg
23569,1280,720,640.48975,339.145,991.9681,992.7318,-2.496,-0.194,-0.447,0.099214,-0.552438,-0.090004,-0.822720,img_82.jpg
23638,1280,720,640.48975,339.145,991.9681,992.7318,-2.551,-0.185,-0.497,0.101096,-0.559344,-0.094996,-0.817245,img_83.jpg
23711,1280,720,640.48975,339.145,991.9681,992.7318,-2.601,-0.173,-0.535,0.094267,-0.561885,-0.095372,-0.816274,img_84.jpg
23782,1280,720,640.48975,339.145,991.9681,992.7318,-2.686,-0.166,-0.595,0.101723,-0.578887,-0.092629,-0.803718,img_85.jpg
23868,1280,720,640.48975,339.145,991.9681,992.7318,-2.741,-0.166,-0.627,0.101942,-0.583402,-0.101697,-0.799317,img_86.jpg
23936,1280,720,640.48975,339.145,991.9681,992.7318,-2.791,-0.173,-0.648,0.099580,-0.590303,-0.104701,-0.794143,img_87.jpg
24009,1280,720,640.48975,339.145,991.9681,992.7318,-2.896,-0.190,-0.700,0.089219,-0.597976,-0.110138,-0.788881,img_88.jpg
24084,1280,720,640.48975,339.145,991.9681,992.7318,-2.962,-0.199,-0.729,0.083025,-0.602026,-0.115498,-0.785705,img_89.jpg
24168,1280,720,640.48975,339.145,991.9681,992.7318,-3.028,-0.207,-0.753,0.081534,-0.606244,-0.128440,-0.780592,img_90.jpg
24239,1280,720,640.48975,339.145,991.9681,992.7318,-3.096,-0.206,-0.780,0.095959,-0.611473,-0.131505,-0.774338,img_91.jpg
24316,1280,720,640.48975,339.145,991.9681,992.7318,-3.191,-0.204,-0.818,0.093278,-0.613914,-0.130254,-0.772944,img_92.jpg
24400,1280,720,640.48975,339.145,991.9681,992.7318,-3.256,-0.205,-0.844,0.101417,-0.618238,-0.127773,-0.768877,img_93.jpg
24474,1280,720,640.48975,339.145,991.9681,992.7318,-3.317,-0.204,-0.862,0.096523,-0.619138,-0.117882,-0.770361,img_94.jpg
24548,1280,720,640.48975,339.145,991.9681,992.7318,-3.418,-0.210,-0.894,0.103505,-0.630974,-0.111989,-0.760669,img_95.jpg
24633,1280,720,640.48975,339.145,991.9681,992.7318,-3.491,-0.208,-0.916,0.097071,-0.641739,-0.107327,-0.753146,img_96.jpg
24710,1280,720,640.48975,339.145,991.9681,992.7318,-3.603,-0.202,-0.950,0.095432,-0.659033,-0.098804,-0.739463,img_97.jpg
24800,1280,720,640.48975,339.145,991.9681,992.7318,-3.675,-0.193,-0.971,0.096890,-0.665296,-0.099870,-0.733499,img_98.jpg
24874,1280,720,640.48975,339.145,991.9681,992.7318,-3.752,-0.186,-0.993,0.090528,-0.673480,-0.097746,-0.727101,img_99.jpg
24969,1280,720,640.48975,339.145,991.9681,992.7318,-3.861,-0.174,-1.016,0.091706,-0.678336,-0.100364,-0.722065,img_100.jpg
25046,1280,720,640.48975,339.145,991.9681,992.7318,-3.942,-0.178,-1.033,0.096059,-0.683390,-0.102964,-0.716345,img_101.jpg
25133,1280,720,640.48975,339.145,991.9681,992.7318,-4.055,-0.190,-1.039,0.088543,-0.688332,-0.114131,-0.710868,img_102.jpg
25209,1280,720,640.48975,339.145,991.9681,992.7318,-4.140,-0.208,-1.046,0.091783,-0.689496,-0.118401,-0.708627,img_103.jpg
25287,1280,720,640.48975,339.145,991.9681,992.7318,-4.248,-0.226,-1.042,0.086987,-0.691113,-0.118847,-0.707581,img_104.jpg
25368,1280,720,640.48975,339.145,991.9681,992.7318,-4.318,-0.232,-1.037,0.079905,-0.686027,-0.120838,-0.713008,img_105.jpg
25446,1280,720,640.48975,339.145,991.9681,992.7318,-4.432,-0.229,-1.047,0.107699,-0.664840,-0.123533,-0.728786,img_106.jpg
25533,1280,720,640.48975,339.145,991.9681,992.7318,-4.472,-0.223,-1.039,0.099260,-0.656092,-0.119473,-0.738523,img_107.jpg
25616,1280,720,640.48975,339.145,991.9681,992.7318,-4.542,-0.222,-1.044,0.109809,-0.655387,-0.124202,-0.736875,img_108.jpg
25695,1280,720,640.48975,339.145,991.9681,992.7318,-4.659,-0.227,-1.054,0.115907,-0.657413,-0.120060,-0.734820,img_109.jpg
25784,1280,720,640.48975,339.145,991.9681,992.7318,-4.769,-0.240,-1.063,0.102767,-0.665993,-0.113143,-0.730130,img_110.jpg
25867,1280,720,640.48975,339.145,991.9681,992.7318,-4.848,-0.245,-1.066,0.090352,-0.673100,-0.113071,-0.725250,img_111.jpg
25943,1280,720,640.48975,339.145,991.9681,992.7318,-4.967,-0.241,-1.080,0.101910,-0.683574,-0.111362,-0.714100,img_112.jpg
26032,1280,720,640.48975,339.145,991.9681,992.7318,-5.045,-0.237,-1.090,0.108313,-0.687804,-0.109634,-0.709348,img_113.jpg
26108,1280,720,640.48975,339.145,991.9681,992.7318,-5.122,-0.235,-1.098,0.102723,-0.685980,-0.112484,-0.711496,img_114.jpg
26185,1280,720,640.48975,339.145,991.9681,992.7318,-5.236,-0.233,-1.109,0.120656,-0.684866,-0.118585,-0.708759,img_115.jpg
26268,1280,720,640.48975,339.145,991.9681,992.7318,-5.310,-0.236,-1.113,0.117515,-0.684530,-0.125046,-0.708500,img_116.jpg
26345,1280,720,640.48975,339.145,991.9681,992.7318,-5.422,-0.249,-1.119,0.107500,-0.687270,-0.125099,-0.707428,img_117.jpg
26432,1280,720,640.48975,339.145,991.9681,992.7318,-5.500,-0.256,-1.121,0.101451,-0.688116,-0.123505,-0.707779,img_118.jpg
26510,1280,720,640.48975,339.145,991.9681,992.7318,-5.579,-0.261,-1.124,0.094138,-0.689992,-0.118366,-0.707841,img_119.jpg
26589,1280,720,640.48975,339.145,991.9681,992.7318,-5.695,-0.260,-1.126,0.077985,-0.683072,-0.129222,-0.714586,img_120.jpg
26666,1280,720,640.48975,339.145,991.9681,992.7318,-5.772,-0.254,-1.135,0.081095,-0.681709,-0.126194,-0.716081,img_121.jpg
26745,1280,720,640.48975,339.145,991.9681,992.7318,-5.875,-0.245,-1.146,0.084533,-0.677836,-0.127968,-0.719039,img_122.jpg
26832,1280,720,640.48975,339.145,991.9681,992.7318,-5.929,-0.243,-1.152,0.081133,-0.676768,-0.120273,-0.721759,img_123.jpg
26906,1280,720,640.48975,339.145,991.9681,992.7318,-6.039,-0.251,-1.169,0.093654,-0.675983,-0.110668,-0.722516,img_124.jpg
26998,1280,720,640.48975,339.145,991.9681,992.7318,-6.118,-0.256,-1.181,0.092353,-0.680672,-0.102433,-0.719489,img_125.jpg
27072,1280,720,640.48975,339.145,991.9681,992.7318,-6.204,-0.257,-1.189,0.086294,-0.685273,-0.095342,-0.716843,img_126.jpg
27149,1280,720,640.48975,339.145,991.9681,992.7318,-6.320,-0.246,-1.204,0.096086,-0.691937,-0.089500,-0.709916,img_127.jpg
27232,1280,720,640.48975,339.145,991.9681,992.7318,-6.396,-0.238,-1.213,0.099348,-0.693409,-0.090103,-0.707951,img_128.jpg
27311,1280,720,640.48975,339.145,991.9681,992.7318,-6.510,-0.227,-1.223,0.092433,-0.694384,-0.092965,-0.707562,img_129.jpg
27398,1280,720,640.48975,339.145,991.9681,992.7318,-6.583,-0.226,-1.226,0.101899,-0.698350,-0.097583,-0.701713,img_130.jpg
27480,1280,720,640.48975,339.145,991.9681,992.7318,-6.703,-0.232,-1.224,0.094087,-0.702678,-0.107500,-0.697019,img_131.jpg
27567,1280,720,640.48975,339.145,991.9681,992.7318,-6.770,-0.242,-1.217,0.085904,-0.703526,-0.112419,-0.696443,img_132.jpg
27643,1280,720,640.48975,339.145,991.9681,992.7318,-6.895,-0.253,-1.208,0.066068,-0.701392,-0.118082,-0.699815,img_133.jpg
27731,1280,720,640.48975,339.145,991.9681,992.7318,-6.991,-0.254,-1.204,0.055641,-0.693783,-0.121023,-0.707759,img_134.jpg
27809,1280,720,640.48975,339.145,991.9681,992.7318,-7.114,-0.248,-1.200,0.078246,-0.679665,-0.124403,-0.718650,img_135.jpg
27898,1280,720,640.48975,339.145,991.9681,992.7318,-7.189,-0.244,-1.200,0.082405,-0.672094,-0.123404,-0.725445,img_136.jpg
27969,1280,720,640.48975,339.145,991.9681,992.7318,-7.269,-0.242,-1.198,0.087680,-0.670829,-0.120078,-0.726555,img_137.jpg
28068,1280,720,640.48975,339.145,991.9681,992.7318,-7.393,-0.242,-1.195,0.095559,-0.667562,-0.111616,-0.729912,img_138.jpg
28142,1280,720,640.48975,339.145,991.9681,992.7318,-7.474,-0.250,-1.196,0.091759,-0.669022,-0.105253,-0.730008,img_139.jpg
28224,1280,720,640.48975,339.145,991.9681,992.7318,-7.598,-0.256,-1.198,0.083742,-0.675910,-0.101250,-0.725177,img_140.jpg
28316,1280,720,640.48975,339.145,991.9681,992.7318,-7.722,-0.251,-1.200,0.077847,-0.686210,-0.099041,-0.716413,img_141.jpg
28398,1280,720,640.48975,339.145,991.9681,992.7318,-7.810,-0.241,-1.205,0.081814,-0.688972,-0.100062,-0.713170,img_142.jpg
28472,1280,720,640.48975,339.145,991.9681,992.7318,-7.890,-0.241,-1.206,0.078550,-0.688268,-0.107930,-0.713070,img_143.jpg
28548,1280,720,640.48975,339.145,991.9681,992.7318,-8.001,-0.248,-1.209,0.103419,-0.689871,-0.126103,-0.705323,img_144.jpg
28648,1280,720,640.48975,339.145,991.9681,992.7318,-8.109,-0.266,-1.204,0.101087,-0.690738,-0.142204,-0.701741,img_145.jpg
28731,1280,720,640.48975,339.145,991.9681,992.7318,-8.189,-0.276,-1.200,0.097139,-0.691127,-0.144019,-0.701545,img_146.jpg
28805,1280,720,640.48975,339.145,991.9681,992.7318,-8.281,-0.283,-1.198,0.095463,-0.688000,-0.139837,-0.705683,img_147.jpg
28875,1280,720,640.48975,339.145,991.9681,992.7318,-8.361,-0.286,-1.193,0.096867,-0.686038,-0.134159,-0.708498,img_148.jpg
28966,1280,720,640.48975,339.145,991.9681,992.7318,-8.473,-0.282,-1.178,0.096485,-0.681007,-0.141777,-0.711912,img_149.jpg
29043,1280,720,640.48975,339.145,991.9681,992.7318,-8.546,-0.272,-1.167,0.090153,-0.683287,-0.139441,-0.711019,img_150.jpg
29121,1280,720,640.48975,339.145,991.9681,992.7318,-8.653,-0.263,-1.156,0.088640,-0.679153,-0.137371,-0.715559,img_151.jpg
29214,1280,720,640.48975,339.145,991.9681,992.7318,-8.763,-0.262,-1.152,0.096239,-0.675417,-0.124770,-0.720405,img_152.jpg
29297,1280,720,640.48975,339.145,991.9681,992.7318,-8.840,-0.265,-1.147,0.098572,-0.675306,-0.119987,-0.721005,img_153.jpg
29372,1280,720,640.48975,339.145,991.9681,992.7318,-8.909,-0.267,-1.147,0.097632,-0.676226,-0.116321,-0.720872,img_154.jpg
29446,1280,720,640.48975,339.145,991.9681,992.7318,-9.021,-0.259,-1.145,0.088465,-0.680963,-0.097405,-0.720400,img_155.jpg
29533,1280,720,640.48975,339.145,991.9681,992.7318,-9.109,-0.247,-1.143,0.090859,-0.683783,-0.093825,-0.717902,img_156.jpg
29611,1280,720,640.48975,339.145,991.9681,992.7318,-9.230,-0.236,-1.142,0.090128,-0.685651,-0.090805,-0.716599,img_157.jpg
29696,1280,720,640.48975,339.145,991.9681,992.7318,-9.308,-0.234,-1.136,0.092533,-0.683484,-0.098842,-0.717299,img_158.jpg
29781,1280,720,640.48975,339.145,991.9681,992.7318,-9.404,-0.238,-1.134,0.100680,-0.684919,-0.110659,-0.713095,img_159.jpg
29865,1280,720,640.48975,339.145,991.9681,992.7318,-9.488,-0.246,-1.126,0.093749,-0.685772,-0.117648,-0.712101,img_160.jpg
29938,1280,720,640.48975,339.145,991.9681,992.7318,-9.559,-0.258,-1.118,0.091394,-0.684775,-0.120220,-0.712936,img_161.jpg
30030,1280,720,640.48975,339.145,991.9681,992.7318,-9.676,-0.273,-1.110,0.092429,-0.683358,-0.118179,-0.714501,img_162.jpg
30103,1280,720,640.48975,339.145,991.9681,992.7318,-9.743,-0.276,-1.101,0.081204,-0.682699,-0.117377,-0.716624,img_163.jpg
30174,1280,720,640.48975,339.145,991.9681,992.7318,-9.854,-0.269,-1.090,0.083814,-0.676618,-0.127790,-0.720300,img_164.jpg
30247,1280,720,640.48975,339.145,991.9681,992.7318,-9.914,-0.269,-1.083,0.077837,-0.671965,-0.132895,-0.724392,img_165.jpg
30329,1280,720,640.48975,339.145,991.9681,992.7318,-9.978,-0.270,-1.077,0.079722,-0.667015,-0.138898,-0.727628,img_166.jpg
30398,1280,720,640.48975,339.145,991.9681,992.7318,-10.050,-0.276,-1.079,0.096001,-0.663611,-0.132260,-0.730007,img_167.jpg
30467,1280,720,640.48975,339.145,991.9681,992.7318,-10.125,-0.282,-1.078,0.104833,-0.662460,-0.125444,-0.731041,img_168.jpg
30536,1280,720,640.48975,339.145,991.9681,992.7318,-10.203,-0.289,-1.077,0.099423,-0.663532,-0.113635,-0.732753,img_169.jpg
30613,1280,720,640.48975,339.145,991.9681,992.7318,-10.329,-0.292,-1.080,0.095861,-0.664801,-0.098053,-0.734327,img_170.jpg
30696,1280,720,640.48975,339.145,991.9681,992.7318,-10.414,-0.288,-1.083,0.105571,-0.669069,-0.094971,-0.729508,img_171.jpg
30763,1280,720,640.48975,339.145,991.9681,992.7318,-10.487,-0.277,-1.089,0.103547,-0.665090,-0.111816,-0.731048,img_172.jpg
30833,1280,720,640.48975,339.145,991.9681,992.7318,-10.569,-0.266,-1.088,0.100261,-0.667380,-0.109128,-0.729824,img_173.jpg
30907,1280,720,640.48975,339.145,991.9681,992.7318,-10.645,-0.262,-1.088,0.102365,-0.665995,-0.116108,-0.729720,img_174.jpg
30975,1280,720,640.48975,339.145,991.9681,992.7318,-10.763,-0.264,-1.084,0.119621,-0.664961,-0.126910,-0.726231,img_175.jpg
31046,1280,720,640.48975,339.145,991.9681,992.7318,-10.840,-0.271,-1.079,0.116561,-0.664670,-0.127192,-0.726946,img_176.jpg
31129,1280,720,640.48975,339.145,991.9681,992.7318,-10.912,-0.278,-1.079,0.114943,-0.664500,-0.123957,-0.727917,img_177.jpg
31204,1280,720,640.48975,339.145,991.9681,992.7318,-10.993,-0.286,-1.074,0.106361,-0.664048,-0.122885,-0.729813,img_178.jpg
31278,1280,720,640.48975,339.145,991.9681,992.7318,-11.095,-0.294,-1.066,0.087442,-0.662193,-0.127725,-0.733171,img_179.jpg
31363,1280,720,640.48975,339.145,991.9681,992.7318,-11.162,-0.292,-1.059,0.094980,-0.661864,-0.142793,-0.729743,img_180.jpg
31437,1280,720,640.48975,339.145,991.9681,992.7318,-11.224,-0.289,-1.058,0.088446,-0.659269,-0.136718,-0.734064,img_181.jpg
31515,1280,720,640.48975,339.145,991.9681,992.7318,-11.322,-0.287,-1.067,0.098225,-0.649872,-0.130865,-0.742221,img_182.jpg
31595,1280,720,640.48975,339.145,991.9681,992.7318,-11.386,-0.290,-1.075,0.106495,-0.644405,-0.124865,-0.746866,img_183.jpg
31666,1280,720,640.48975,339.145,991.9681,992.7318,-11.449,-0.288,-1.080,0.101269,-0.643423,-0.119503,-0.749313,img_184.jpg
31746,1280,720,640.48975,339.145,991.9681,992.7318,-11.563,-0.293,-1.096,0.095626,-0.642547,-0.106733,-0.752726,img_185.jpg
31828,1280,720,640.48975,339.145,991.9681,992.7318,-11.616,-0.293,-1.115,0.087404,-0.642099,-0.098553,-0.755220,img_186.jpg
31897,1280,720,640.48975,339.145,991.9681,992.7318,-11.692,-0.290,-1.134,0.095951,-0.642370,-0.088689,-0.755174,img_187.jpg
31974,1280,720,640.48975,339.145,991.9681,992.7318,-11.800,-0.275,-1.158,0.102465,-0.639928,-0.083531,-0.756978,img_188.jpg
32063,1280,720,640.48975,339.145,991.9681,992.7318,-11.874,-0.267,-1.170,0.097660,-0.641158,-0.081899,-0.756751,img_189.jpg
32133,1280,720,640.48975,339.145,991.9681,992.7318,-11.953,-0.269,-1.182,0.111418,-0.639967,-0.090740,-0.754847,img_190.jpg
32207,1280,720,640.48975,339.145,991.9681,992.7318,-12.056,-0.274,-1.190,0.116617,-0.647149,-0.108608,-0.745522,img_191.jpg
32295,1280,720,640.48975,339.145,991.9681,992.7318,-12.130,-0.285,-1.188,0.108566,-0.653206,-0.119738,-0.739729,img_192.jpg
32365,1280,720,640.48975,339.145,991.9681,992.7318,-12.202,-0.296,-1.189,0.105355,-0.658545,-0.125507,-0.734484,img_193.jpg
32436,1280,720,640.48975,339.145,991.9681,992.7318,-12.328,-0.305,-1.193,0.098271,-0.666468,-0.127512,-0.727945,img_194.jpg
32531,1280,720,640.48975,339.145,991.9681,992.7318,-12.398,-0.304,-1.193,0.093343,-0.669520,-0.132578,-0.724881,img_195.jpg
32605,1280,720,640.48975,339.145,991.9681,992.7318,-12.512,-0.290,-1.195,0.093811,-0.672465,-0.137143,-0.721236,img_196.jpg
32695,1280,720,640.48975,339.145,991.9681,992.7318,-12.586,-0.281,-1.202,0.091698,-0.670859,-0.137162,-0.722998,img_197.jpg
32763,1280,720,640.48975,339.145,991.9681,992.7318,-12.657,-0.279,-1.209,0.090223,-0.668668,-0.135491,-0.725524,img_198.jpg
32832,1280,720,640.48975,339.145,991.9681,992.7318,-12.735,-0.279,-1.214,0.099853,-0.665210,-0.127648,-0.728856,img_199.jpg
32903,1280,720,640.48975,339.145,991.9681,992.7318,-12.810,-0.284,-1.223,0.105758,-0.666484,-0.120073,-0.728146,img_200.jpg
32974,1280,720,640.48975,339.145,991.9681,992.7318,-12.930,-0.291,-1.235,0.097239,-0.672967,-0.113112,-0.724477,img_201.jpg
33063,1280,720,640.48975,339.145,991.9681,992.7318,-13.008,-0.288,-1.243,0.090326,-0.677881,-0.110716,-0.721152,img_202.jpg
33139,1280,720,640.48975,339.145,991.9681,992.7318,-13.090,-0.279,-1.248,0.088713,-0.685371,-0.106598,-0.714866,img_203.jpg
33228,1280,720,640.48975,339.145,991.9681,992.7318,-13.197,-0.262,-1.254,0.069436,-0.699376,-0.103369,-0.703823,img_204.jpg
33306,1280,720,640.48975,339.145,991.9681,992.7318,-13.282,-0.256,-1.256,0.070961,-0.704202,-0.105444,-0.698532,img_205.jpg
33394,1280,720,640.48975,339.145,991.9681,992.7318,-13.394,-0.252,-1.254,0.074792,-0.712511,-0.105256,-0.689678,img_206.jpg
33461,1280,720,640.48975,339.145,991.9681,992.7318,-13.482,-0.260,-1.251,0.071906,-0.715887,-0.108480,-0.685979,img_207.jpg
33532,1280,720,640.48975,339.145,991.9681,992.7318,-13.562,-0.270,-1.247,0.063655,-0.714141,-0.109605,-0.688431,img_208.jpg
33603,1280,720,640.48975,339.145,991.9681,992.7318,-13.637,-0.284,-1.249,0.060976,-0.709851,-0.107369,-0.693445,img_209.jpg
33670,1280,720,640.48975,339.145,991.9681,992.7318,-13.760,-0.293,-1.247,0.059623,-0.702718,-0.108657,-0.700590,img_210.jpg
33744,1280,720,640.48975,339.145,991.9681,992.7318,-13.836,-0.295,-1.247,0.073221,-0.695596,-0.118115,-0.704864,img_211.jpg
33828,1280,720,640.48975,339.145,991.9681,992.7318,-13.907,-0.294,-1.247,0.080244,-0.691443,-0.118719,-0.708078,img_212.jpg
33895,1280,720,640.48975,339.145,991.9681,992.7318,-13.978,-0.296,-1.247,0.082396,-0.685214,-0.125490,-0.712703,img_213.jpg
33963,1280,720,640.48975,339.145,991.9681,992.7318,-14.045,-0.299,-1.248,0.090648,-0.682912,-0.121554,-0.714590,img_214.jpg
34033,1280,720,640.48975,339.145,991.9681,992.7318,-14.107,-0.304,-1.250,0.096635,-0.679439,-0.119050,-0.717531,img_215.jpg
34106,1280,720,640.48975,339.145,991.9681,992.7318,-14.210,-0.312,-1.258,0.090025,-0.682412,-0.111511,-0.716781,img_216.jpg
34178,1280,720,640.48975,339.145,991.9681,992.7318,-14.289,-0.316,-1.265,0.081965,-0.685367,-0.107481,-0.715543,img_217.jpg
34260,1280,720,640.48975,339.145,991.9681,992.7318,-14.374,-0.315,-1.274,0.083503,-0.687860,-0.106384,-0.713133,img_218.jpg
34330,1280,720,640.48975,339.145,991.9681,992.7318,-14.466,-0.310,-1.284,0.094027,-0.685127,-0.113280,-0.713392,img_219.jpg
34399,1280,720,640.48975,339.145,991.9681,992.7318,-14.534,-0.304,-1.291,0.091760,-0.688648,-0.114614,-0.710076,img_220.jpg
34465,1280,720,640.48975,339.145,991.9681,992.7318,-14.609,-0.301,-1.294,0.092349,-0.687048,-0.122381,-0.710253,img_221.jpg
34532,1280,720,640.48975,339.145,991.9681,992.7318,-14.690,-0.298,-1.296,0.105071,-0.693206,-0.124828,-0.702028,img_222.jpg
34610,1280,720,640.48975,339.145,991.9681,992.7318,-14.802,-0.305,-1.293,0.094883,-0.698425,-0.136853,-0.696039,img_223.jpg
34693,1280,720,640.48975,339.145,991.9681,992.7318,-14.879,-0.314,-1.288,0.086911,-0.701513,-0.136720,-0.693999,img_224.jpg
34755,1280,720,640.48975,339.145,991.9681,992.7318,-14.955,-0.325,-1.286,0.080729,-0.700001,-0.128530,-0.697827,img_225.jpg
34843,1280,720,640.48975,339.145,991.9681,992.7318,-15.079,-0.330,-1.287,0.081399,-0.701633,-0.114582,-0.698538,img_226.jpg
34927,1280,720,640.48975,339.145,991.9681,992.7318,-15.171,-0.330,-1.287,0.100828,-0.698810,-0.127589,-0.696577,img_227.jpg
35002,1280,720,640.48975,339.145,991.9681,992.7318,-15.238,-0.324,-1.285,0.096500,-0.701607,-0.128043,-0.694291,img_228.jpg
35077,1280,720,640.48975,339.145,991.9681,992.7318,-15.334,-0.325,-1.280,0.086061,-0.697597,-0.132683,-0.698818,img_229.jpg
35161,1280,720,640.48975,339.145,991.9681,992.7318,-15.405,-0.328,-1.283,0.102780,-0.698836,-0.122705,-0.697142,img_230.jpg
35237,1280,720,640.48975,339.145,991.9681,992.7318,-15.527,-0.335,-1.284,0.102877,-0.701977,-0.115936,-0.695129,img_231.jpg
35326,1280,720,640.48975,339.145,991.9681,992.7318,-15.609,-0.335,-1.288,0.096194,-0.706538,-0.111441,-0.692194,img_232.jpg
35396,1280,720,640.48975,339.145,991.9681,992.7318,-15.680,-0.334,-1.289,0.090964,-0.709928,-0.109166,-0.689791,img_233.jpg
35463,1280,720,640.48975,339.145,991.9681,992.7318,-15.756,-0.330,-1.296,0.097378,-0.713362,-0.104769,-0.686043,img_234.jpg
35535,1280,720,640.48975,339.145,991.9681,992.7318,-15.827,-0.323,-1.300,0.101242,-0.715194,-0.105528,-0.683455,img_235.jpg
35605,1280,720,640.48975,339.145,991.9681,992.7318,-15.904,-0.316,-1.302,0.098393,-0.714490,-0.109147,-0.684039,img_236.jpg
35692,1280,720,640.48975,339.145,991.9681,992.7318,-16.014,-0.314,-1.304,0.115280,-0.709405,-0.120267,-0.684829,img_237.jpg
35762,1280,720,640.48975,339.145,991.9681,992.7318,-16.108,-0.318,-1.304,0.116628,-0.709848,-0.126924,-0.682938,img_238.jpg
35831,1280,720,640.48975,339.145,991.9681,992.7318,-16.225,-0.327,-1.296,0.102116,-0.712253,-0.133863,-0.681432,img_239.jpg
35909,1280,720,640.48975,339.145,991.9681,992.7318,-16.292,-0.333,-1.287,0.090716,-0.713627,-0.129849,-0.682383,img_240.jpg
35992,1280,720,640.48975,339.145,991.9681,992.7318,-16.366,-0.335,-1.280,0.085693,-0.713062,-0.122843,-0.684916,img_241.jpg
36057,1280,720,640.48975,339.145,991.9681,992.7318,-16.444,-0.329,-1.268,0.086131,-0.713174,-0.124133,-0.684511,img_242.jpg
36142,1280,720,640.48975,339.145,991.9681,992.7318,-16.548,-0.315,-1.256,0.088861,-0.715230,-0.119840,-0.682780,img_243.jpg
36225,1280,720,640.48975,339.145,991.9681,992.7318,-16.607,-0.310,-1.248,0.089628,-0.709398,-0.126737,-0.687502,img_244.jpg
36292,1280,720,640.48975,339.145,991.9681,992.7318,-16.677,-0.310,-1.248,0.092310,-0.708426,-0.121119,-0.689160,img_245.jpg
36359,1280,720,640.48975,339.145,991.9681,992.7318,-16.748,-0.313,-1.249,0.101340,-0.703786,-0.118449,-0.693098,img_246.jpg
36428,1280,720,640.48975,339.145,991.9681,992.7318,-16.825,-0.319,-1.248,0.097955,-0.702731,-0.115129,-0.695212,img_247.jpg
36500,1280,720,640.48975,339.145,991.9681,992.7318,-16.931,-0.322,-1.249,0.089164,-0.704045,-0.112434,-0.695507,img_248.jpg
36575,1280,720,640.48975,339.145,991.9681,992.7318,-17.012,-0.325,-1.252,0.095378,-0.702352,-0.123044,-0.694597,img_249.jpg
36642,1280,720,640.48975,339.145,991.9681,992.7318,-17.091,-0.322,-1.257,0.108111,-0.701552,-0.132560,-0.691784,img_250.jpg
36725,1280,720,640.48975,339.145,991.9681,992.7318,-17.168,-0.316,-1.263,0.126945,-0.705764,-0.132158,-0.684337,img_251.jpg
36791,1280,720,640.48975,339.145,991.9681,992.7318,-17.239,-0.311,-1.265,0.121807,-0.708844,-0.129886,-0.682519,img_252.jpg
36858,1280,720,640.48975,339.145,991.9681,992.7318,-17.312,-0.308,-1.264,0.132961,-0.706836,-0.135059,-0.681516,img_253.jpg
36927,1280,720,640.48975,339.145,991.9681,992.7318,-17.385,-0.307,-1.263,0.134433,-0.706345,-0.134267,-0.681892,img_254.jpg
37008,1280,720,640.48975,339.145,991.9681,992.7318,-17.494,-0.318,-1.257,0.124922,-0.704146,-0.143344,-0.684124,img_255.jpg
37091,1280,720,640.48975,339.145,991.9681,992.7318,-17.568,-0.327,-1.252,0.119419,-0.703812,-0.143916,-0.685329,img_256.jpg
37155,1280,720,640.48975,339.145,991.9681,992.7318,-17.645,-0.334,-1.245,0.117420,-0.706159,-0.144435,-0.683148,img_257.jpg
37241,1280,720,640.48975,339.145,991.9681,992.7318,-17.760,-0.336,-1.235,0.122219,-0.706119,-0.148606,-0.681451,img_258.jpg
37325,1280,720,640.48975,339.145,991.9681,992.7318,-17.832,-0.327,-1.228,0.109230,-0.699490,-0.148657,-0.690422,img_259.jpg
37394,1280,720,640.48975,339.145,991.9681,992.7318,-17.898,-0.319,-1.225,0.109826,-0.697225,-0.146623,-0.693049,img_260.jpg
37462,1280,720,640.48975,339.145,991.9681,992.7318,-17.965,-0.317,-1.223,0.112506,-0.690307,-0.150858,-0.698613,img_261.jpg
37533,1280,720,640.48975,339.145,991.9681,992.7318,-18.067,-0.322,-1.225,0.123635,-0.683557,-0.146034,-0.704371,img_262.jpg
37625,1280,720,640.48975,339.145,991.9681,992.7318,-18.135,-0.328,-1.227,0.126447,-0.681204,-0.139771,-0.707415,img_263.jpg
37693,1280,720,640.48975,339.145,991.9681,992.7318,-18.208,-0.334,-1.232,0.120344,-0.682594,-0.133186,-0.708409,img_264.jpg
37762,1280,720,640.48975,339.145,991.9681,992.7318,-18.284,-0.338,-1.236,0.116293,-0.686434,-0.128038,-0.706322,img_265.jpg
37828,1280,720,640.48975,339.145,991.9681,992.7318,-18.357,-0.340,-1.244,0.128329,-0.690848,-0.125685,-0.700331,img_266.jpg
37899,1280,720,640.48975,339.145,991.9681,992.7318,-18.433,-0.337,-1.252,0.148068,-0.689408,-0.129972,-0.697065,img_267.jpg
37964,1280,720,640.48975,339.145,991.9681,992.7318,-18.506,-0.328,-1.258,0.148032,-0.691465,-0.125233,-0.695902,img_268.jpg
38030,1280,720,640.48975,339.145,991.9681,992.7318,-18.591,-0.322,-1.256,0.145593,-0.686093,-0.128889,-0.701047,img_269.jpg
38099,1280,720,640.48975,339.145,991.9681,992.7318,-18.670,-0.317,-1.253,0.151982,-0.684174,-0.130147,-0.701334,img_270.jpg
38163,1280,720,640.48975,339.145,991.9681,992.7318,-18.740,-0.316,-1.247,0.145574,-0.682290,-0.133500,-0.703894,img_271.jpg
38230,1280,720,640.48975,339.145,991.9681,992.7318,-18.810,-0.318,-1.242,0.141017,-0.685059,-0.135879,-0.701673,img_272.jpg
38298,1280,720,640.48975,339.145,991.9681,992.7318,-18.882,-0.321,-1.236,0.128218,-0.687093,-0.135685,-0.702177,img_273.jpg
38361,1280,720,640.48975,339.145,991.9681,992.7318,-18.955,-0.326,-1.228,0.119612,-0.687380,-0.133866,-0.703763,img_274.jpg
38427,1280,720,640.48975,339.145,991.9681,992.7318,-19.029,-0.327,-1.220,0.115872,-0.688232,-0.129764,-0.704323,img_275.jpg
38491,1280,720,640.48975,339.145,991.9681,992.7318,-19.101,-0.326,-1.210,0.114671,-0.681977,-0.137765,-0.709069,img_276.jpg
38556,1280,720,640.48975,339.145,991.9681,992.7318,-19.169,-0.316,-1.206,0.121371,-0.681470,-0.133031,-0.709345,img_277.jpg
38640,1280,720,640.48975,339.145,991.9681,992.7318,-19.267,-0.314,-1.201,0.123256,-0.676037,-0.140782,-0.712715,img_278.jpg
38723,1280,720,640.48975,339.145,991.9681,992.7318,-19.358,-0.315,-1.201,0.126189,-0.676942,-0.136712,-0.712134,img_279.jpg
38787,1280,720,640.48975,339.145,991.9681,992.7318,-19.428,-0.322,-1.200,0.131555,-0.676222,-0.135603,-0.712060,img_280.jpg
38858,1280,720,640.48975,339.145,991.9681,992.7318,-19.498,-0.328,-1.199,0.132583,-0.680120,-0.128819,-0.709412,img_281.jpg
38923,1280,720,640.48975,339.145,991.9681,992.7318,-19.574,-0.334,-1.198,0.128359,-0.686217,-0.119276,-0.705978,img_282.jpg
38992,1280,720,640.48975,339.145,991.9681,992.7318,-19.654,-0.338,-1.200,0.128385,-0.689486,-0.111138,-0.704113,img_283.jpg
39054,1280,720,640.48975,339.145,991.9681,992.7318,-19.735,-0.338,-1.205,0.133621,-0.688788,-0.108018,-0.704308,img_284.jpg
39123,1280,720,640.48975,339.145,991.9681,992.7318,-19.817,-0.333,-1.208,0.133508,-0.674202,-0.111856,-0.717715,img_285.jpg
39190,1280,720,640.48975,339.145,991.9681,992.7318,-19.891,-0.324,-1.215,0.128884,-0.673258,-0.104036,-0.720617,img_286.jpg
39255,1280,720,640.48975,339.145,991.9681,992.7318,-19.965,-0.320,-1.220,0.134715,-0.668578,-0.111157,-0.722841,img_287.jpg
39322,1280,720,640.48975,339.145,991.9681,992.7318,-20.043,-0.319,-1.220,0.143129,-0.675397,-0.117507,-0.713824,img_288.jpg
39387,1280,720,640.48975,339.145,991.9681,992.7318,-20.115,-0.323,-1.218,0.140268,-0.682170,-0.128456,-0.706023,img_289.jpg
39450,1280,720,640.48975,339.145,991.9681,992.7318,-20.186,-0.329,-1.218,0.136408,-0.692832,-0.129465,-0.696144,img_290.jpg
39523,1280,720,640.48975,339.145,991.9681,992.7318,-20.259,-0.337,-1.218,0.129808,-0.702504,-0.127602,-0.688009,img_291.jpg
39587,1280,720,640.48975,339.145,991.9681,992.7318,-20.331,-0.343,-1.218,0.115170,-0.709203,-0.129636,-0.683346,img_292.jpg
39650,1280,720,640.48975,339.145,991.9681,992.7318,-20.399,-0.344,-1.224,0.104531,-0.714101,-0.131990,-0.679494,img_293.jpg
39723,1280,720,640.48975,339.145,991.9681,992.7318,-20.469,-0.341,-1.234,0.119871,-0.706645,-0.147998,-0.681454,img_294.jpg
39793,1280,720,640.48975,339.145,991.9681,992.7318,-20.534,-0.335,-1.246,0.116436,-0.711080,-0.143114,-0.678473,img_295.jpg
39858,1280,720,640.48975,339.145,991.9681,992.7318,-20.600,-0.333,-1.261,0.113463,-0.702560,-0.145428,-0.687304,img_296.jpg
39939,1280,720,640.48975,339.145,991.9681,992.7318,-20.686,-0.332,-1.293,0.119886,-0.694454,-0.135937,-0.696335,img_297.jpg
40023,1280,720,640.48975,339.145,991.9681,992.7318,-20.757,-0.336,-1.312,0.120653,-0.693910,-0.131231,-0.697646,img_298.jpg
40094,1280,720,640.48975,339.145,991.9681,992.7318,-20.828,-0.342,-1.333,0.110994,-0.694986,-0.128136,-0.698753,img_299.jpg
40194,1280,720,640.48975,339.145,991.9681,992.7318,-20.927,-0.343,-1.369,0.112203,-0.711878,-0.128641,-0.681243,img_300.jpg
40259,1280,720,640.48975,339.145,991.9681,992.7318,-20.991,-0.335,-1.392,0.115434,-0.723847,-0.124802,-0.668689,img_301.jpg
40339,1280,720,640.48975,339.145,991.9681,992.7318,-21.096,-0.321,-1.427,0.125093,-0.729103,-0.128355,-0.660519,img_302.jpg
40422,1280,720,640.48975,339.145,991.9681,992.7318,-21.152,-0.311,-1.443,0.114347,-0.732692,-0.133939,-0.657379,img_303.jpg
40488,1280,720,640.48975,339.145,991.9681,992.7318,-21.209,-0.303,-1.459,0.112650,-0.736674,-0.138662,-0.652223,img_304.jpg
40551,1280,720,640.48975,339.145,991.9681,992.7318,-21.278,-0.303,-1.475,0.110159,-0.741534,-0.144393,-0.645866,img_305.jpg
40623,1280,720,640.48975,339.145,991.9681,992.7318,-21.347,-0.305,-1.488,0.104632,-0.748634,-0.149484,-0.637380,img_306.jpg
40689,1280,720,640.48975,339.145,991.9681,992.7318,-21.418,-0.313,-1.500,0.092956,-0.758276,-0.151824,-0.627158,img_307.jpg
40754,1280,720,640.48975,339.145,991.9681,992.7318,-21.488,-0.322,-1.510,0.084351,-0.767633,-0.154604,-0.616216,img_308.jpg
40839,1280,720,640.48975,339.145,991.9681,992.7318,-21.598,-0.321,-1.528,0.075454,-0.779237,-0.152377,-0.603222,img_309.jpg
40905,1280,720,640.48975,339.145,991.9681,992.7318,-21.665,-0.314,-1.537,0.078994,-0.779038,-0.156535,-0.601960,img_310.jpg
40988,1280,720,640.48975,339.145,991.9681,992.7318,-21.720,-0.302,-1.545,0.089220,-0.791427,-0.145131,-0.587044,img_311.jpg
41048,1280,720,640.48975,339.145,991.9681,992.7318,-21.786,-0.297,-1.554,0.077704,-0.791927,-0.148556,-0.587150,img_312.jpg
41122,1280,720,640.48975,339.145,991.9681,992.7318,-21.853,-0.293,-1.569,0.078400,-0.801967,-0.136275,-0.576309,img_313.jpg
41187,1280,720,640.48975,339.145,991.9681,992.7318,-21.919,-0.293,-1.578,0.077390,-0.806051,-0.130740,-0.572013,img_314.jpg
41252,1280,720,640.48975,339.145,991.9681,992.7318,-21.989,-0.296,-1.591,0.077396,-0.815066,-0.123940,-0.560639,img_315.jpg
41322,1280,720,640.48975,339.145,991.9681,992.7318,-22.064,-0.301,-1.604,0.066812,-0.824762,-0.120691,-0.548396,img_316.jpg
41389,1280,720,640.48975,339.145,991.9681,992.7318,-22.142,-0.303,-1.615,0.053090,-0.831639,-0.121671,-0.539217,img_317.jpg
41451,1280,720,640.48975,339.145,991.9681,992.7318,-22.216,-0.300,-1.629,0.051343,-0.842659,-0.119973,-0.522395,img_318.jpg
41521,1280,720,640.48975,339.145,991.9681,992.7318,-22.292,-0.291,-1.635,0.055817,-0.849681,-0.131118,-0.507676,img_319.jpg
41588,1280,720,640.48975,339.145,991.9681,992.7318,-22.359,-0.285,-1.640,0.049346,-0.864439,-0.131178,-0.482806,img_320.jpg
41654,1280,720,640.48975,339.145,991.9681,992.7318,-22.427,-0.279,-1.638,0.049537,-0.872017,-0.137740,-0.467075,img_321.jpg
41721,1280,720,640.48975,339.145,991.9681,992.7318,-22.493,-0.278,-1.633,0.056056,-0.883570,-0.137447,-0.444152,img_322.jpg
41791,1280,720,640.48975,339.145,991.9681,992.7318,-22.561,-0.284,-1.626,0.055815,-0.889289,-0.142606,-0.430945,img_323.jpg
41855,1280,720,640.48975,339.145,991.9681,992.7318,-22.626,-0.293,-1.617,0.045553,-0.897450,-0.143218,-0.414725,img_324.jpg
41922,1280,720,640.48975,339.145,991.9681,992.7318,-22.697,-0.303,-1.607,0.040493,-0.905214,-0.139853,-0.399235,img_325.jpg
41991,1280,720,640.48975,339.145,991.9681,992.7318,-22.773,-0.312,-1.596,0.031528,-0.908384,-0.137496,-0.393623,img_326.jpg
42054,1280,720,640.48975,339.145,991.9681,992.7318,-22.842,-0.318,-1.580,0.020200,-0.912159,-0.135480,-0.386269,img_327.jpg
42138,1280,720,640.48975,339.145,991.9681,992.7318,-22.933,-0.314,-1.548,0.025590,-0.911986,-0.152628,-0.379909,img_328.jpg
42221,1280,720,640.48975,339.145,991.9681,992.7318,-22.996,-0.306,-1.531,0.018210,-0.916990,-0.149279,-0.369478,img_329.jpg
42286,1280,720,640.48975,339.145,991.9681,992.7318,-23.059,-0.303,-1.513,0.023457,-0.921400,-0.147244,-0.358874,img_330.jpg
42357,1280,720,640.48975,339.145,991.9681,992.7318,-23.123,-0.301,-1.489,0.040588,-0.927572,-0.144000,-0.342383,img_331.jpg
42426,1280,720,640.48975,339.145,991.9681,992.7318,-23.188,-0.304,-1.465,0.045591,-0.935020,-0.138465,-0.323243,img_332.jpg
42501,1280,720,640.48975,339.145,991.9681,992.7318,-23.288,-0.313,-1.425,0.044099,-0.946643,-0.133450,-0.290023,img_333.jpg
42571,1280,720,640.48975,339.145,991.9681,992.7318,-23.351,-0.317,-1.395,0.035140,-0.952435,-0.132856,-0.271998,img_334.jpg
42656,1280,720,640.48975,339.145,991.9681,992.7318,-23.413,-0.317,-1.364,0.033728,-0.958282,-0.136099,-0.249070,img_335.jpg
42722,1280,720,640.48975,339.145,991.9681,992.7318,-23.472,-0.316,-1.331,0.025153,-0.961493,-0.147965,-0.230229,img_336.jpg
42793,1280,720,640.48975,339.145,991.9681,992.7318,-23.531,-0.311,-1.296,0.013450,-0.965649,-0.150571,-0.211350,img_337.jpg
42858,1280,720,640.48975,339.145,991.9681,992.7318,-23.583,-0.306,-1.255,0.016059,-0.967825,-0.159952,-0.193578,img_338.jpg
42937,1280,720,640.48975,339.145,991.9681,992.7318,-23.647,-0.300,-1.191,-0.018980,0.972521,0.160148,0.167915,img_339.jpg
43020,1280,720,640.48975,339.145,991.9681,992.7318,-23.676,-0.304,-1.143,-0.014079,0.975639,0.160391,0.149016,img_340.jpg
43090,1280,720,640.48975,339.145,991.9681,992.7318,-23.712,-0.315,-1.091,0.004454,0.977948,0.154298,0.140679,img_341.jpg
43154,1280,720,640.48975,339.145,991.9681,992.7318,-23.741,-0.326,-1.032,0.006686,0.979890,0.157073,0.122881,img_342.jpg
43224,1280,720,640.48975,339.145,991.9681,992.7318,-23.766,-0.337,-0.971,0.010034,0.982047,0.155823,0.105839,img_343.jpg
43291,1280,720,640.48975,339.145,991.9681,992.7318,-23.791,-0.347,-0.904,0.012434,0.982450,0.159245,0.096329,img_344.jpg
43359,1280,720,640.48975,339.145,991.9681,992.7318,-23.814,-0.350,-0.835,0.009384,0.980663,0.171087,0.094555,img_345.jpg
43426,1280,720,640.48975,339.145,991.9681,992.7318,-23.836,-0.344,-0.771,0.003429,0.981518,0.170227,0.087367,img_346.jpg
43499,1280,720,640.48975,339.145,991.9681,992.7318,-23.864,-0.340,-0.677,0.005688,0.982747,0.168040,0.077064,img_347.jpg
43570,1280,720,640.48975,339.145,991.9681,992.7318,-23.884,-0.340,-0.611,-0.002946,0.983252,0.167740,0.071205,img_348.jpg
43654,1280,720,640.48975,339.145,991.9681,992.7318,-23.900,-0.344,-0.543,-0.004378,0.983831,0.164454,0.070805,img_349.jpg
43722,1280,720,640.48975,339.145,991.9681,992.7318,-23.921,-0.351,-0.471,-0.005079,0.984552,0.161330,0.067848,img_350.jpg
43796,1280,720,640.48975,339.145,991.9681,992.7318,-23.953,-0.358,-0.358,-0.007612,0.986783,0.149168,0.062853,img_351.jpg
43870,1280,720,640.48975,339.145,991.9681,992.7318,-23.975,-0.356,-0.285,-0.015020,0.987691,0.144368,0.058295,img_352.jpg
43954,1280,720,640.48975,339.145,991.9681,992.7318,-23.996,-0.346,-0.209,-0.021478,0.988127,0.142178,0.054130,img_353.jpg
44020,1280,720,640.48975,339.145,991.9681,992.7318,-24.017,-0.333,-0.130,-0.026452,0.988137,0.139761,0.057895,img_354.jpg
44091,1280,720,640.48975,339.145,991.9681,992.7318,-24.030,-0.320,-0.050,-0.028939,0.989061,0.133867,0.054771,img_355.jpg
44170,1280,720,640.48975,339.145,991.9681,992.7318,-24.038,-0.311,0.020,-0.026302,0.989355,0.133429,0.051779,img_356.jpg
44240,1280,720,640.48975,339.145,991.9681,992.7318,-24.045,-0.309,0.123,-0.016605,0.990035,0.130704,0.049716,img_357.jpg
44319,1280,720,640.48975,339.145,991.9681,992.7318,-24.049,-0.318,0.205,-0.019770,0.989848,0.133495,0.044599,img_358.jpg
44390,1280,720,640.48975,339.145,991.9681,992.7318,-24.055,-0.333,0.285,-0.009678,0.989964,0.131971,0.049609,img_359.jpg
44457,1280,720,640.48975,339.145,991.9681,992.7318,-24.061,-0.344,0.360,-0.003146,0.990004,0.129390,0.056047,img_360.jpg
44524,1280,720,640.48975,339.145,991.9681,992.7318,-24.069,-0.347,0.439,0.002214,0.989597,0.127129,0.067316,img_361.jpg
44594,1280,720,640.48975,339.145,991.9681,992.7318,-24.083,-0.346,0.552,-0.004551,0.984708,0.150826,0.087074,img_362.jpg
44671,1280,720,640.48975,339.145,991.9681,992.7318,-24.096,-0.341,0.622,-0.013196,0.984120,0.149533,0.094729,img_363.jpg
44754,1280,720,640.48975,339.145,991.9681,992.7318,-24.107,-0.342,0.700,-0.013988,0.982105,0.158635,0.100540,img_364.jpg
44837,1280,720,640.48975,339.145,991.9681,992.7318,-24.118,-0.354,0.811,-0.022850,0.982054,0.163276,0.091587,img_365.jpg
44919,1280,720,640.48975,339.145,991.9681,992.7318,-24.124,-0.360,0.887,-0.021102,0.982512,0.162052,0.089243,img_366.jpg
44993,1280,720,640.48975,339.145,991.9681,992.7318,-24.142,-0.363,0.971,-0.020962,0.983661,0.157545,0.084563,img_367.jpg
45066,1280,720,640.48975,339.145,991.9681,992.7318,-24.167,-0.361,1.087,-0.021202,0.985393,0.149359,0.079017,img_368.jpg
45136,1280,720,640.48975,339.145,991.9681,992.7318,-24.179,-0.351,1.168,-0.019692,0.985085,0.150874,0.080355,img_369.jpg
45219,1280,720,640.48975,339.145,991.9681,992.7318,-24.193,-0.340,1.240,-0.015536,0.986857,0.140501,0.078305,img_370.jpg
45287,1280,720,640.48975,339.145,991.9681,992.7318,-24.206,-0.334,1.312,-0.021746,0.985625,0.146736,0.080858,img_371.jpg
45358,1280,720,640.48975,339.145,991.9681,992.7318,-24.216,-0.331,1.377,-0.026737,0.982842,0.160271,0.087289,img_372.jpg
45425,1280,720,640.48975,339.145,991.9681,992.7318,-24.225,-0.336,1.478,-0.018034,0.981170,0.167357,0.094721,img_373.jpg
45502,1280,720,640.48975,339.145,991.9681,992.7318,-24.230,-0.345,1.547,-0.012105,0.980606,0.166046,0.103416,img_374.jpg
45568,1280,720,640.48975,339.145,991.9681,992.7318,-24.237,-0.356,1.620,-0.018034,0.979942,0.163166,0.112988,img_375.jpg
45653,1280,720,640.48975,339.145,991.9681,992.7318,-24.241,-0.368,1.700,-0.023514,0.977475,0.167553,0.126154,img_376.jpg
45719,1280,720,640.48975,339.145,991.9681,992.7318,-24.243,-0.376,1.773,-0.008486,0.976879,0.159273,0.142365,img_377.jpg
45783,1280,720,640.48975,339.145,991.9681,992.7318,-24.251,-0.376,1.844,-0.010887,0.972332,0.173787,0.155724,img_378.jpg
45856,1280,720,640.48975,339.145,991.9681,992.7318,-24.262,-0.371,1.905,-0.009838,0.970835,0.166622,0.172102,img_379.jpg
45926,1280,720,640.48975,339.145,991.9681,992.7318,-24.277,-0.365,1.966,0.007747,-0.967442,-0.168034,-0.189104,img_380.jpg
45989,1280,720,640.48975,339.145,991.9681,992.7318,-24.298,-0.360,2.028,0.017478,-0.965183,-0.160910,-0.205484,img_381.jpg
46061,1280,720,640.48975,339.145,991.9681,992.7318,-24.323,-0.360,2.089,0.032805,-0.961872,-0.159506,-0.219738,img_382.jpg
46130,1280,720,640.48975,339.145,991.9681,992.7318,-24.359,-0.359,2.180,0.043681,-0.959912,-0.141606,-0.237926,img_383.jpg
46202,1280,720,640.48975,339.145,991.9681,992.7318,-24.389,-0.357,2.250,0.048425,-0.958304,-0.129932,-0.249853,img_384.jpg
46284,1280,720,640.48975,339.145,991.9681,992.7318,-24.423,-0.353,2.316,0.058367,-0.954739,-0.125369,-0.263342,img_385.jpg
46349,1280,720,640.48975,339.145,991.9681,992.7318,-24.458,-0.345,2.376,0.065060,-0.949590,-0.125295,-0.279905,img_386.jpg
46418,1280,720,640.48975,339.145,991.9681,992.7318,-24.492,-0.336,2.433,0.068510,-0.944017,-0.121696,-0.298879,img_387.jpg
46490,1280,720,640.48975,339.145,991.9681,992.7318,-24.524,-0.330,2.481,0.065423,-0.935844,-0.120784,-0.324542,img_388.jpg
46555,1280,720,640.48975,339.145,991.9681,992.7318,-24.558,-0.325,2.534,0.071030,-0.925831,-0.132393,-0.346791,img_389.jpg
46622,1280,720,640.48975,339.145,991.9681,992.7318,-24.590,-0.322,2.586,0.067956,-0.917773,-0.132279,-0.368209,img_390.jpg
46692,1280,720,640.48975,339.145,991.9681,992.7318,-24.624,-0.321,2.639,0.062543,-0.910343,-0.129248,-0.388148,img_391.jpg
46759,1280,720,640.48975,339.145,991.9681,992.7318,-24.676,-0.326,2.715,0.052880,-0.897013,-0.120761,-0.421887,img_392.jpg
46835,1280,720,640.48975,339.145,991.9681,992.7318,-24.713,-0.327,2.760,0.056286,-0.887588,-0.117300,-0.441883,img_393.jpg
46918,1280,720,640.48975,339.145,991.9681,992.7318,-24.747,-0.325,2.807,0.049537,-0.875941,-0.114842,-0.465923,img_394.jpg
46980,1280,720,640.48975,339.145,991.9681,992.7318,-24.784,-0.317,2.852,0.052803,-0.857671,-0.126230,-0.495660,img_395.jpg
47052,1280,720,640.48975,339.145,991.9681,992.7318,-24.821,-0.303,2.887,0.064058,-0.847023,-0.120382,-0.513768,img_396.jpg
47125,1280,720,640.48975,339.145,991.9681,992.7318,-24.855,-0.294,2.917,0.053819,-0.828984,-0.111993,-0.545295,img_397.jpg
47192,1280,720,640.48975,339.145,991.9681,992.7318,-24.894,-0.289,2.943,0.066480,-0.811953,-0.104603,-0.570414,img_398.jpg
47259,1280,720,640.48975,339.145,991.9681,992.7318,-24.936,-0.291,2.970,0.078790,-0.793362,-0.103172,-0.594747,img_399.jpg
47333,1280,720,640.48975,339.145,991.9681,992.7318,-24.995,-0.297,2.999,0.080482,-0.769170,-0.096414,-0.626582,img_400.jpg
47419,1280,720,640.48975,339.145,991.9681,992.7318,-25.041,-0.300,3.023,0.079234,-0.754191,-0.086420,-0.646103,img_401.jpg
47501,1280,720,640.48975,339.145,991.9681,992.7318,-25.109,-0.302,3.047,0.070663,-0.721833,-0.066632,-0.685218,img_402.jpg
47585,1280,720,640.48975,339.145,991.9681,992.7318,-25.159,-0.299,3.057,0.084848,-0.695442,-0.070796,-0.710035,img_403.jpg
47652,1280,720,640.48975,339.145,991.9681,992.7318,-25.196,-0.294,3.052,0.087553,-0.673624,-0.056902,-0.731661,img_404.jpg
47721,1280,720,640.48975,339.145,991.9681,992.7318,-25.233,-0.288,3.059,0.092690,-0.646282,-0.057177,-0.755288,img_405.jpg
47794,1280,720,640.48975,339.145,991.9681,992.7318,-25.281,-0.280,3.065,0.100543,-0.608691,-0.056977,-0.784946,img_406.jpg
47870,1280,720,640.48975,339.145,991.9681,992.7318,-25.306,-0.277,3.065,0.093675,-0.579147,-0.062516,-0.807407,img_407.jpg
47952,1280,720,640.48975,339.145,991.9681,992.7318,-25.330,-0.276,3.067,0.090046,-0.549376,-0.064139,-0.828230,img_408.jpg
48019,1280,720,640.48975,339.145,991.9681,992.7318,-25.361,-0.275,3.079,0.084224,-0.516576,-0.062369,-0.849803,img_409.jpg
48090,1280,720,640.48975,339.145,991.9681,992.7318,-25.391,-0.275,3.081,0.086987,-0.484071,-0.057000,-0.868827,img_410.jpg
48154,1280,720,640.48975,339.145,991.9681,992.7318,-25.412,-0.273,3.086,0.079519,-0.447668,-0.050968,-0.889197,img_411.jpg
48223,1280,720,640.48975,339.145,991.9681,992.7318,-25.437,-0.266,3.087,0.082492,-0.400118,-0.047530,-0.911505,img_412.jpg
48293,1280,720,640.48975,339.145,991.9681,992.7318,-25.456,-0.247,3.078,0.091071,-0.327938,-0.042842,-0.939323,img_413.jpg
48368,1280,720,640.48975,339.145,991.9681,992.7318,-25.457,-0.238,3.068,0.092609,-0.280931,-0.035228,-0.954600,img_414.jpg
48451,1280,720,640.48975,339.145,991.9681,992.7318,-25.457,-0.233,3.058,0.091451,-0.238262,-0.033605,-0.966301,img_415.jpg
48514,1280,720,640.48975,339.145,991.9681,992.7318,-25.454,-0.230,3.047,0.084811,-0.195175,-0.035240,-0.976459,img_416.jpg
48600,1280,720,640.48975,339.145,991.9681,992.7318,-25.455,-0.225,3.033,0.082643,-0.158465,-0.032643,-0.983358,img_417.jpg
48664,1280,720,640.48975,339.145,991.9681,992.7318,-25.451,-0.220,3.010,0.078635,-0.114869,-0.028533,-0.989852,img_418.jpg
48751,1280,720,640.48975,339.145,991.9681,992.7318,-25.480,-0.234,2.978,0.073215,-0.092717,-0.027040,-0.992629,img_419.jpg
48834,1280,720,640.48975,339.145,991.9681,992.7318,-25.485,-0.230,2.942,0.062031,-0.068992,-0.019636,-0.995493,img_420.jpg
48917,1280,720,640.48975,339.145,991.9681,992.7318,-25.494,-0.225,2.930,0.055162,-0.055941,-0.016653,-0.996770,img_421.jpg
48978,1280,720,640.48975,339.145,991.9681,992.7318,-25.494,-0.224,2.904,0.054729,-0.042439,-0.016569,-0.997461,img_422.jpg
49051,1280,720,640.48975,339.145,991.9681,992.7318,-25.494,-0.224,2.878,0.057756,-0.031652,-0.014962,-0.997717,img_423.jpg
49119,1280,720,640.48975,339.145,991.9681,992.7318,-25.495,-0.224,2.856,0.061525,-0.025197,-0.015994,-0.997659,img_424.jpg
49182,1280,720,640.48975,339.145,991.9681,992.7318,-25.496,-0.221,2.835,0.059767,-0.022372,-0.013036,-0.997876,img_425.jpg
49249,1280,720,640.48975,339.145,991.9681,992.7318,-25.495,-0.220,2.818,0.059836,-0.020869,-0.014137,-0.997890,img_426.jpg
49334,1280,720,640.48975,339.145,991.9681,992.7318,-25.497,-0.222,2.795,0.061308,-0.014362,-0.017671,-0.997859,img_427.jpg
49417,1280,720,640.48975,339.145,991.9681,992.7318,-25.497,-0.222,2.780,0.066720,-0.004750,-0.013294,-0.997672,img_428.jpg
49485,1280,720,640.48975,339.145,991.9681,992.7318,-25.496,-0.222,2.766,0.070635,0.006737,-0.009208,-0.997437,img_429.jpg
49551,1280,720,640.48975,339.145,991.9681,992.7318,-25.498,-0.221,2.752,0.072360,0.014942,-0.007726,-0.997237,img_430.jpg
49616,1280,720,640.48975,339.145,991.9681,992.7318,-25.502,-0.220,2.741,0.070930,0.022239,-0.007266,-0.997207,img_431.jpg
49699,1280,720,640.48975,339.145,991.9681,992.7318,-25.507,-0.218,2.726,0.071004,0.027677,-0.004497,-0.997082,img_432.jpg
49783,1280,720,640.48975,339.145,991.9681,992.7318,-25.513,-0.217,2.717,0.071975,0.029251,-0.006350,-0.996957,img_433.jpg
49847,1280,720,640.48975,339.145,991.9681,992.7318,-25.518,-0.214,2.711,0.064155,0.034786,-0.011899,-0.997263,img_434.jpg,marker_13.jpg,0.2611119,0.2611119,-25.508,-0.322,2.175,-0.683919,0.012718,-0.015761,-0.015761
49933,1280,720,640.48975,339.145,991.9681,992.7318,-25.524,-0.213,2.696,0.072440,0.036517,-0.016990,-0.996559,img_435.jpg
50000,1280,720,640.48975,339.145,991.9681,992.7318,-25.529,-0.214,2.689,0.072725,0.036029,-0.019191,-0.996516,img_436.jpg
50082,1280,720,640.48975,339.145,991.9681,992.7318,-25.534,-0.214,2.683,0.074575,0.035525,-0.018554,-0.996410,img_437.jpg
50146,1280,720,640.48975,339.145,991.9681,992.7318,-25.538,-0.215,2.679,0.076453,0.034466,-0.017924,-0.996316,img_438.jpg
50216,1280,720,640.48975,339.145,991.9681,992.7318,-25.542,-0.215,2.676,0.076453,0.034016,-0.018345,-0.996324,img_439.jpg
50286,1280,720,640.48975,339.145,991.9681,992.7318,-25.543,-0.216,2.673,0.077084,0.034484,-0.017471,-0.996275,img_440.jpg
50353,1280,720,640.48975,339.145,991.9681,992.7318,-25.544,-0.217,2.672,0.080559,0.035219,-0.015077,-0.996013,img_441.jpg
50421,1280,720,640.48975,339.145,991.9681,992.7318,-25.543,-0.219,2.675,0.086592,0.035296,-0.011565,-0.995551,img_442.jpg,marker_13.jpg,0.2721048,0.2721048,-25.507,-0.326,2.156,-0.700686,0.002666,-0.001580,-0.001580
50500,1280,720,640.48975,339.145,991.9681,992.7318,-25.541,-0.222,2.681,0.095906,0.035153,-0.008649,-0.994732,img_443.jpg
50566,1280,720,640.48975,339.145,991.9681,992.7318,-25.536,-0.226,2.689,0.102399,0.037424,-0.008079,-0.994006,img_444.jpg
50632,1280,720,640.48975,339.145,991.9681,992.7318,-25.525,-0.232,2.697,0.121431,0.041332,-0.002276,-0.991736,img_445.jpg
50716,1280,720,640.48975,339.145,991.9681,992.7318,-25.503,-0.236,2.708,0.134727,0.055136,0.003913,-0.989340,img_446.jpg
50776,1280,720,640.48975,339.145,991.9681,992.7318,-25.473,-0.240,2.725,0.134252,0.080339,0.005927,-0.987667,img_447.jpg
50850,1280,720,640.48975,339.145,991.9681,992.7318,-25.437,-0.244,2.741,0.137596,0.106620,0.008624,-0.984696,img_448.jpg
50917,1280,720,640.48975,339.145,991.9681,992.7318,-25.396,-0.247,2.757,0.143621,0.124213,0.019222,-0.981618,img_449.jpg
50986,1280,720,640.48975,339.145,991.9681,992.7318,-25.355,-0.250,2.775,0.140820,0.140631,0.021383,-0.979763,img_450.jpg
51051,1280,720,640.48975,339.145,991.9681,992.7318,-25.310,-0.253,2.797,0.138727,0.147625,0.027904,-0.978868,img_451.jpg
51119,1280,720,640.48975,339.145,991.9681,992.7318,-25.266,-0.253,2.820,0.142692,0.152527,0.029487,-0.977500,img_452.jpg
51190,1280,720,640.48975,339.145,991.9681,992.7318,-25.220,-0.252,2.844,0.149319,0.144508,0.031945,-0.977651,img_453.jpg
51255,1280,720,640.48975,339.145,991.9681,992.7318,-25.174,-0.248,2.870,0.144687,0.142749,0.028357,-0.978716,img_454.jpg
51323,1280,720,640.48975,339.145,991.9681,992.7318,-25.126,-0.247,2.892,0.152477,0.138250,0.031337,-0.978088,img_455.jpg
51395,1280,720,640.48975,339.145,991.9681,992.7318,-25.082,-0.245,2.906,0.160826,0.135501,0.029893,-0.977180,img_456.jpg
51482,1280,720,640.48975,339.145,991.9681,992.7318,-25.019,-0.247,2.921,0.163261,0.138864,0.023210,-0.976486,img_457.jpg
51547,1280,720,640.48975,339.145,991.9681,992.7318,-24.976,-0.251,2.923,0.169204,0.143315,0.025946,-0.974760,img_458.jpg
51618,1280,720,640.48975,339.145,991.9681,992.7318,-24.931,-0.258,2.922,0.168454,0.150597,0.029260,-0.973698,img_459.jpg
51690,1280,720,640.48975,339.145,991.9681,992.7318,-24.883,-0.266,2.915,0.166444,0.158356,0.036347,-0.972573,img_460.jpg
51757,1280,720,640.48975,339.145,991.9681,992.7318,-24.833,-0.273,2.900,0.166781,0.164867,0.042318,-0.971191,img_461.jpg
51823,1280,720,640.48975,339.145,991.9681,992.7318,-24.784,-0.281,2.877,0.166876,0.167060,0.041203,-0.970848,img_462.jpg
51895,1280,720,640.48975,339.145,991.9681,992.7318,-24.718,-0.289,2.837,0.161085,0.173058,0.023369,-0.971368,img_463.jpg
51965,1280,720,640.48975,339.145,991.9681,992.7318,-24.671,-0.291,2.804,0.158543,0.179222,0.012823,-0.970865,img_464.jpg
52049,1280,720,640.48975,339.145,991.9681,992.7318,-24.621,-0.289,2.769,0.168053,0.181725,0.009956,-0.968832,img_465.jpg
52115,1280,720,640.48975,339.145,991.9681,992.7318,-24.572,-0.285,2.735,0.164979,0.181521,0.013347,-0.969358,img_466.jpg
52188,1280,720,640.48975,339.145,991.9681,992.7318,-24.525,-0.281,2.699,0.163367,0.183580,0.014706,-0.969223,img_467.jpg
52253,1280,720,640.48975,339.145,991.9681,992.7318,-24.478,-0.281,2.660,0.161598,0.186851,0.022034,-0.968755,img_468.jpg
52323,1280,720,640.48975,339.145,991.9681,992.7318,-24.408,-0.292,2.585,0.179490,0.187866,0.039939,-0.964829,img_469.jpg
52398,1280,720,640.48975,339.145,991.9681,992.7318,-24.366,-0.308,2.526,0.183197,0.182727,0.035763,-0.965283,img_470.jpg
52481,1280,720,640.48975,339.145,991.9681,992.7318,-24.328,-0.324,2.456,0.192025,0.171258,0.036259,-0.965651,img_471.jpg
52543,1280,720,640.48975,339.145,991.9681,992.7318,-24.288,-0.330,2.396,0.190740,0.157320,0.033577,-0.968371,img_472.jpg
52631,1280,720,640.48975,339.145,991.9681,992.7318,-24.233,-0.329,2.307,0.179567,0.147164,0.022191,-0.972423,img_473.jpg
52715,1280,720,640.48975,339.145,991.9681,992.7318,-24.194,-0.323,2.246,0.188048,0.135053,0.030586,-0.972349,img_474.jpg
52783,1280,720,640.48975,339.145,991.9681,992.7318,-24.165,-0.319,2.184,0.191050,0.129099,0.022798,-0.972786,img_475.jpg
52848,1280,720,640.48975,339.145,991.9681,992.7318,-24.143,-0.316,2.117,0.202184,0.118132,0.023772,-0.971906,img_476.jpg
52917,1280,720,640.48975,339.145,991.9681,992.7318,-24.128,-0.313,2.051,0.200778,0.108308,0.018703,-0.973452,img_477.jpg
52988,1280,720,640.48975,339.145,991.9681,992.7318,-24.113,-0.317,1.949,0.200566,0.091668,0.011221,-0.975318,img_478.jpg
53064,1280,720,640.48975,339.145,991.9681,992.7318,-24.108,-0.324,1.878,0.196963,0.084537,0.007093,-0.976734,img_479.jpg
53149,1280,720,640.48975,339.145,991.9681,992.7318,-24.109,-0.329,1.810,0.194501,0.079223,0.001843,-0.977696,img_480.jpg
53215,1280,720,640.48975,339.145,991.9681,992.7318,-24.107,-0.333,1.736,0.183587,0.075501,-0.008468,-0.980063,img_481.jpg
53287,1280,720,640.48975,339.145,991.9681,992.7318,-24.106,-0.334,1.663,0.185370,0.078271,-0.016271,-0.979412,img_482.jpg
53352,1280,720,640.48975,339.145,991.9681,992.7318,-24.098,-0.327,1.597,0.177875,0.083082,-0.005152,-0.980526,img_483.jpg
53420,1280,720,640.48975,339.145,991.9681,992.7318,-24.088,-0.322,1.529,0.162090,0.087563,0.000924,-0.982883,img_484.jpg
53489,1280,720,640.48975,339.145,991.9681,992.7318,-24.080,-0.319,1.427,0.171493,0.094430,0.005342,-0.980635,img_485.jpg
53564,1280,720,640.48975,339.145,991.9681,992.7318,-24.073,-0.323,1.358,0.172611,0.096993,0.010741,-0.980144,img_486.jpg
53631,1280,720,640.48975,339.145,991.9681,992.7318,-24.066,-0.327,1.284,0.169580,0.102253,0.009798,-0.980149,img_487.jpg
53714,1280,720,640.48975,339.145,991.9681,992.7318,-24.056,-0.333,1.203,0.168106,0.107100,0.010596,-0.979876,img_488.jpg
53781,1280,720,640.48975,339.145,991.9681,992.7318,-24.047,-0.340,1.128,0.164076,0.110703,0.013591,-0.980122,img_489.jpg
53851,1280,720,640.48975,339.145,991.9681,992.7318,-24.035,-0.342,1.049,0.173173,0.113612,0.022316,-0.978062,img_490.jpg
53922,1280,720,640.48975,339.145,991.9681,992.7318,-24.017,-0.337,0.938,0.183489,0.123941,0.031714,-0.974661,img_491.jpg
54014,1280,720,640.48975,339.145,991.9681,992.7318,-24.007,-0.335,0.866,0.184143,0.133271,0.030272,-0.973352,img_492.jpg
54083,1280,720,640.48975,339.145,991.9681,992.7318,-23.998,-0.333,0.798,0.198625,0.138483,0.037859,-0.969504,img_493.jpg
54150,1280,720,640.48975,339.145,991.9681,992.7318,-23.991,-0.332,0.730,0.199698,0.143216,0.034218,-0.968731,img_494.jpg
54218,1280,720,640.48975,339.145,991.9681,992.7318,-23.986,-0.336,0.661,0.202363,0.153593,0.026633,-0.966824,img_495.jpg
54290,1280,720,640.48975,339.145,991.9681,992.7318,-23.975,-0.351,0.557,0.202538,0.168097,0.024571,-0.964426,img_496.jpg
54366,1280,720,640.48975,339.145,991.9681,992.7318,-23.966,-0.360,0.486,0.204116,0.177169,0.028073,-0.962372,img_497.jpg
54448,1280,720,640.48975,339.145,991.9681,992.7318,-23.958,-0.363,0.415,0.195185,0.197273,0.024689,-0.960404,img_498.jpg
54513,1280,720,640.48975,339.145,991.9681,992.7318,-23.948,-0.361,0.346,0.200065,0.221265,0.024148,-0.954166,img_499.jpg
54580,1280,720,640.48975,339.145,991.9681,992.7318,-23.936,-0.354,0.276,0.191137,0.246178,0.023414,-0.949903,img_500.jpg
54663,1280,720,640.48975,339.145,991.9681,992.7318,-23.904,-0.354,0.181,0.200545,0.284644,0.032317,-0.936865,img_501.jpg
54731,1280,720,640.48975,339.145,991.9681,992.7318,-23.874,-0.358,0.110,0.204279,0.315171,0.049648,-0.925458,img_502.jpg
54813,1280,720,640.48975,339.145,991.9681,992.7318,-23.837,-0.366,0.049,0.205495,0.345829,0.067570,-0.913022,img_503.jpg
54881,1280,720,640.48975,339.145,991.9681,992.7318,-23.801,-0.375,0.002,0.198771,0.374631,0.073700,-0.902613,img_504.jpg
54949,1280,720,640.48975,339.145,991.9681,992.7318,-23.760,-0.384,-0.059,0.188570,0.396192,0.079202,-0.895098,img_505.jpg
55018,1280,720,640.48975,339.145,991.9681,992.7318,-23.716,-0.390,-0.115,0.188761,0.418583,0.085350,-0.884236,img_506.jpg
55092,1280,720,640.48975,339.145,991.9681,992.7318,-23.642,-0.381,-0.189,0.192001,0.452122,0.116360,-0.863239,img_507.jpg
55180,1280,720,640.48975,339.145,991.9681,992.7318,-23.595,-0.371,-0.214,0.172891,0.497961,0.109172,-0.842749,img_508.jpg
55242,1280,720,640.48975,339.145,991.9681,992.7318,-23.544,-0.366,-0.249,0.165109,0.537071,0.116577,-0.818965,img_509.jpg
55330,1280,720,640.48975,339.145,991.9681,992.7318,-23.466,-0.358,-0.292,0.153824,0.598554,0.122514,-0.776571,img_510.jpg
55414,1280,720,640.48975,339.145,991.9681,992.7318,-23.411,-0.357,-0.325,0.140441,0.623942,0.129353,-0.757786,img_511.jpg
55486,1280,720,640.48975,339.145,991.9681,992.7318,-23.326,-0.362,-0.381,0.136004,0.648661,0.131329,-0.737221,img_512.jpg
55562,1280,720,640.48975,339.145,991.9681,992.7318,-23.275,-0.361,-0.412,0.130592,0.654483,0.135954,-0.732198,img_513.jpg
55646,1280,720,640.48975,339.145,991.9681,992.7318,-23.231,-0.350,-0.430,0.132209,0.661719,0.135269,-0.725501,img_514.jpg
55712,1280,720,640.48975,339.145,991.9681,992.7318,-23.182,-0.345,-0.469,0.149238,0.654923,0.149082,-0.725657,img_515.jpg
55785,1280,720,640.48975,339.145,991.9681,992.7318,-23.134,-0.338,-0.498,0.161668,0.663040,0.139610,-0.717461,img_516.jpg
55855,1280,720,640.48975,339.145,991.9681,992.7318,-23.081,-0.342,-0.515,0.159328,0.676779,0.128973,-0.707072,img_517.jpg
55930,1280,720,640.48975,339.145,991.9681,992.7318,-23.029,-0.342,-0.530,0.157536,0.686326,0.130875,-0.697861,img_518.jpg
56012,1280,720,640.48975,339.145,991.9681,992.7318,-22.968,-0.345,-0.538,0.152099,0.692566,0.128002,-0.693422,img_519.jpg
56074,1280,720,640.48975,339.145,991.9681,992.7318,-22.903,-0.348,-0.551,0.142205,0.696714,0.120766,-0.692664,img_520.jpg
56163,1280,720,640.48975,339.145,991.9681,992.7318,-22.805,-0.347,-0.565,0.129350,0.701677,0.111708,-0.691693,img_521.jpg
56247,1280,720,640.48975,339.145,991.9681,992.7318,-22.735,-0.344,-0.571,0.132984,0.702075,0.128467,-0.687679,img_522.jpg
56315,1280,720,640.48975,339.145,991.9681,992.7318,-22.669,-0.333,-0.579,0.132332,0.705163,0.122529,-0.685726,img_523.jpg
56384,1280,720,640.48975,339.145,991.9681,992.7318,-22.603,-0.325,-0.587,0.128624,0.710538,0.123806,-0.680635,img_524.jpg
56465,1280,720,640.48975,339.145,991.9681,992.7318,-22.491,-0.318,-0.610,0.124941,0.718927,0.124804,-0.672278,img_525.jpg
56547,1280,720,640.48975,339.145,991.9681,992.7318,-22.415,-0.323,-0.625,0.127115,0.720364,0.123962,-0.670485,img_526.jpg
56621,1280,720,640.48975,339.145,991.9681,992.7318,-22.298,-0.333,-0.650,0.124316,0.724319,0.109577,-0.669253,img_527.jpg
56713,1280,720,640.48975,339.145,991.9681,992.7318,-22.219,-0.338,-0.664,0.121499,0.725720,0.106064,-0.668819,img_528.jpg
56780,1280,720,640.48975,339.145,991.9681,992.7318,-22.146,-0.337,-0.680,0.116275,0.729681,0.091759,-0.667553,img_529.jpg
56864,1280,720,640.48975,339.145,991.9681,992.7318,-22.029,-0.326,-0.698,0.119557,0.733481,0.102571,-0.661204,img_530.jpg
56948,1280,720,640.48975,339.145,991.9681,992.7318,-21.963,-0.315,-0.707,0.119871,0.736589,0.101633,-0.657828,img_531.jpg
57017,1280,720,640.48975,339.145,991.9681,992.7318,-21.855,-0.311,-0.711,0.123358,0.744010,0.099474,-0.649105,img_532.jpg
57096,1280,720,640.48975,339.145,991.9681,992.7318,-21.777,-0.317,-0.710,0.120644,0.747365,0.105718,-0.644759,img_533.jpg
57179,1280,720,640.48975,339.145,991.9681,992.7318,-21.697,-0.326,-0.706,0.115135,0.748644,0.103115,-0.644704,img_534.jpg
57248,1280,720,640.48975,339.145,991.9681,992.7318,-21.604,-0.336,-0.703,0.112923,0.748173,0.095335,-0.646836,img_535.jpg
57318,1280,720,640.48975,339.145,991.9681,992.7318,-21.467,-0.340,-0.697,0.113808,0.747204,0.081047,-0.649742,img_536.jpg
57413,1280,720,640.48975,339.145,991.9681,992.7318,-21.372,-0.329,-0.690,0.111158,0.745997,0.089235,-0.650515,img_537.jpg
57482,1280,720,640.48975,339.145,991.9681,992.7318,-21.283,-0.319,-0.681,0.105257,0.742769,0.097708,-0.653964,img_538.jpg
57553,1280,720,640.48975,339.145,991.9681,992.7318,-21.201,-0.314,-0.677,0.112517,0.745953,0.094500,-0.649587,img_539.jpg
57626,1280,720,640.48975,339.145,991.9681,992.7318,-21.070,-0.315,-0.674,0.114842,0.744775,0.103854,-0.649104,img_540.jpg
57712,1280,720,640.48975,339.145,991.9681,992.7318,-20.976,-0.324,-0.670,0.121978,0.744544,0.107942,-0.647399,img_541.jpg
57795,1280,720,640.48975,339.145,991.9681,992.7318,-20.846,-0.340,-0.669,0.124632,0.745313,0.099184,-0.647409,img_542.jpg
57880,1280,720,640.48975,339.145,991.9681,992.7318,-20.760,-0.346,-0.668,0.122715,0.743465,0.105846,-0.648843,img_543.jpg
57959,1280,720,640.48975,339.145,991.9681,992.7318,-20.681,-0.347,-0.668,0.125057,0.746767,0.095537,-0.646199,img_544.jpg
58040,1280,720,640.48975,339.145,991.9681,992.7318,-20.558,-0.337,-0.667,0.122758,0.747628,0.114477,-0.642556,img_545.jpg
58129,1280,720,640.48975,339.145,991.9681,992.7318,-20.445,-0.331,-0.668,0.133412,0.755141,0.101170,-0.633820,img_546.jpg
58212,1280,720,640.48975,339.145,991.9681,992.7318,-20.365,-0.330,-0.666,0.128709,0.758142,0.103562,-0.630817,img_547.jpg
58288,1280,720,640.48975,339.145,991.9681,992.7318,-20.224,-0.338,-0.657,0.118899,0.763200,0.107620,-0.625945,img_548.jpg
58378,1280,720,640.48975,339.145,991.9681,992.7318,-20.112,-0.348,-0.648,0.110747,0.765605,0.100387,-0.625704,img_549.jpg
58461,1280,720,640.48975,339.145,991.9681,992.7318,-20.014,-0.349,-0.638,0.104101,0.767657,0.095885,-0.625038,img_550.jpg
58539,1280,720,640.48975,339.145,991.9681,992.7318,-19.867,-0.337,-0.618,0.103113,0.770415,0.102513,-0.620741,img_551.jpg
58628,1280,720,640.48975,339.145,991.9681,992.7318,-19.720,-0.319,-0.607,0.105072,0.774360,0.103477,-0.615320,img_552.jpg
58711,1280,720,640.48975,339.145,991.9681,992.7318,-19.631,-0.311,-0.599,0.102688,0.774250,0.111747,-0.614415,img_553.jpg
58811,1280,720,640.48975,339.145,991.9681,992.7318,-19.493,-0.313,-0.594,0.108592,0.773766,0.114182,-0.613560,img_554.jpg
58891,1280,720,640.48975,339.145,991.9681,992.7318,-19.351,-0.331,-0.588,0.106177,0.772378,0.111595,-0.616203,img_555.jpg
58977,1280,720,640.48975,339.145,991.9681,992.7318,-19.261,-0.338,-0.587,0.103831,0.769267,0.110568,-0.620663,img_556.jpg
59062,1280,720,640.48975,339.145,991.9681,992.7318,-19.142,-0.335,-0.589,0.109492,0.763988,0.107454,-0.626728,img_557.jpg
59162,1280,720,640.48975,339.145,991.9681,992.7318,-19.017,-0.319,-0.589,0.112500,0.754928,0.108225,-0.636957,img_558.jpg
59263,1280,720,640.48975,339.145,991.9681,992.7318,-18.903,-0.310,-0.585,0.109057,0.754209,0.097452,-0.640139,img_559.jpg
59345,1280,720,640.48975,339.145,991.9681,992.7318,-18.826,-0.311,-0.578,0.099580,0.756456,0.095022,-0.639397,img_560.jpg
59420,1280,720,640.48975,339.145,991.9681,992.7318,-18.697,-0.316,-0.565,0.087030,0.753949,0.084114,-0.645687,img_561.jpg
59511,1280,720,640.48975,339.145,991.9681,992.7318,-18.604,-0.322,-0.550,0.084102,0.749572,0.075241,-0.652232,img_562.jpg
59586,1280,720,640.48975,339.145,991.9681,992.7318,-18.475,-0.320,-0.526,0.084859,0.740596,0.075822,-0.662244,img_563.jpg
59678,1280,720,640.48975,339.145,991.9681,992.7318,-18.391,-0.316,-0.511,0.092774,0.734461,0.086578,-0.666681,img_564.jpg
59746,1280,720,640.48975,339.145,991.9681,992.7318,-18.305,-0.368,-0.358,0.102815,0.720014,0.071779,-0.682537,img_565.jpg
59824,1280,720,640.48975,339.145,991.9681,992.7318,-18.191,-0.326,-0.376,0.112055,0.715622,0.086696,-0.683968,img_566.jpg,marker_13.jpg,0.2721048,0.2721048,-25.376,-0.282,2.573,-0.699877,-0.007691,0.010451,0.010451,marker_1.jpg,0.27593482,0.27593482,0.470,-0.187,0.465,-0.688767,0.010174,-0.016162,-0.016162
59911,1280,720,640.48975,339.145,991.9681,992.7318,-18.087,-0.337,-0.368,0.117265,0.712172,0.087404,-0.686601,img_567.jpg
59985,1280,720,640.48975,339.145,991.9681,992.7318,-17.997,-0.344,-0.366,0.123620,0.710526,0.079091,-0.688198,img_568.jpg
60064,1280,720,640.48975,339.145,991.9681,992.7318,-17.847,-0.348,-0.360,0.118233,0.713868,0.072005,-0.686461,img_569.jpg
60145,1280,720,640.48975,339.145,991.9681,992.7318,-17.750,-0.366,-0.373,0.115788,0.717654,0.063431,-0.683771,img_570.jpg
60245,1280,720,640.48975,339.145,991.9681,992.7318,-17.619,-0.366,-0.379,0.125499,0.725427,0.059149,-0.674171,img_571.jpg
60321,1280,720,640.48975,339.145,991.9681,992.7318,-17.492,-0.365,-0.386,0.130505,0.726930,0.062575,-0.671287,img_572.jpg
60410,1280,720,640.48975,339.145,991.9681,992.7318,-17.418,-0.367,-0.386,0.126236,0.727481,0.061633,-0.671594,img_573.jpg
60488,1280,720,640.48975,339.145,991.9681,992.7318,-17.337,-0.370,-0.378,0.124059,0.731380,0.068455,-0.667088,img_574.jpg
60562,1280,720,640.48975,339.145,991.9681,992.7318,-17.203,-0.378,-0.370,0.115193,0.730010,0.066301,-0.670388,img_575.jpg
60644,1280,720,640.48975,339.145,991.9681,992.7318,-17.113,-0.388,-0.373,0.109479,0.727161,0.051154,-0.675748,img_576.jpg
60714,1280,720,640.48975,339.145,991.9681,992.7318,-17.025,-0.391,-0.374,0.109878,0.724869,0.042703,-0.678726,img_577.jpg
60788,1280,720,640.48975,339.145,991.9681,992.7318,-16.890,-0.378,-0.370,0.105050,0.716344,0.057295,-0.687410,img_578.jpg
60876,1280,720,640.48975,339.145,991.9681,992.7318,-16.807,-0.365,-0.368,0.101287,0.710004,0.050166,-0.695068,img_579.jpg
60947,1280,720,640.48975,339.145,991.9681,992.7318,-16.719,-0.360,-0.373,0.104270,0.708095,0.055937,-0.696132,img_580.jpg
61017,1280,720,640.48975,339.145,991.9681,992.7318,-16.576,-0.369,-0.380,0.105499,0.703465,0.068407,-0.699519,img_581.jpg
61093,1280,720,640.48975,339.145,991.9681,992.7318,-16.481,-0.384,-0.386,0.110287,0.702924,0.062347,-0.699891,img_582.jpg
61176,1280,720,640.48975,339.145,991.9681,992.7318,-16.391,-0.392,-0.390,0.108904,0.702737,0.055819,-0.700845,img_583.jpg
61247,1280,720,640.48975,339.145,991.9681,992.7318,-16.289,-0.407,-0.395,0.106623,0.704096,0.048725,-0.700361,img_584.jpg
61318,1280,720,640.48975,339.145,991.9681,992.7318,-16.206,-0.407,-0.397,0.108787,0.704967,0.043444,-0.699499,img_585.jpg
61394,1280,720,640.48975,339.145,991.9681,992.7318,-16.085,-0.396,-0.399,0.110621,0.703013,0.050185,-0.700726,img_586.jpg
61482,1280,720,640.48975,339.145,991.9681,992.7318,-16.010,-0.392,-0.398,0.114845,0.704279,0.049461,-0.698824,img_587.jpg
61554,1280,720,640.48975,339.145,991.9681,992.7318,-15.886,-0.392,-0.400,0.115318,0.704321,0.059689,-0.697904,img_588.jpg
61644,1280,720,640.48975,339.145,991.9681,992.7318,-15.807,-0.396,-0.398,0.109174,0.707349,0.058794,-0.695904,img_589.jpg
61714,1280,720,640.48975,339.145,991.9681,992.7318,-15.724,-0.400,-0.398,0.101282,0.706641,0.054719,-0.698144,img_590.jpg
61806,1280,720,640.48975,339.145,991.9681,992.7318,-15.592,-0.407,-0.400,0.102295,0.703520,0.055424,-0.701088,img_591.jpg
61893,1280,720,640.48975,339.145,991.9681,992.7318,-15.477,-0.388,-0.370,0.106639,0.700307,0.061448,-0.703152,img_592.jpg,marker_13.jpg,0.2721048,0.2721048,-25.393,-0.268,2.596,-0.699906,-0.010112,0.013180,0.013180,marker_1.jpg,0.2760446,0.2760446,0.470,-0.186,0.463,-0.688597,0.010789,-0.015957,-0.015957
61975,1280,720,640.48975,339.145,991.9681,992.7318,-15.390,-0.380,-0.369,0.105372,0.695977,0.074919,-0.706328,img_593.jpg
62043,1280,720,640.48975,339.145,991.9681,992.7318,-15.316,-0.366,-0.360,0.109639,0.697268,0.071976,-0.704710,img_594.jpg
62127,1280,720,640.48975,339.145,991.9681,992.7318,-15.193,-0.353,-0.360,0.117658,0.691664,0.080723,-0.707984,img_595.jpg
62209,1280,720,640.48975,339.145,991.9681,992.7318,-15.111,-0.351,-0.365,0.127756,0.688998,0.071886,-0.709783,img_596.jpg
62287,1280,720,640.48975,339.145,991.9681,992.7318,-14.982,-0.360,-0.376,0.132160,0.690801,0.055238,-0.708715,img_597.jpg
62375,1280,720,640.48975,339.145,991.9681,992.7318,-14.894,-0.365,-0.386,0.126618,0.694409,0.052733,-0.706387,img_598.jpg
62452,1280,720,640.48975,339.145,991.9681,992.7318,-14.766,-0.358,-0.396,0.124159,0.701507,0.048955,-0.700054,img_599.jpg
62528,1280,720,640.48975,339.145,991.9681,992.7318,-14.681,-0.346,-0.399,0.125754,0.701781,0.056509,-0.698925,img_600.jpg
62610,1280,720,640.48975,339.145,991.9681,992.7318,-14.600,-0.333,-0.401,0.126612,0.701007,0.057877,-0.699435,img_601.jpg
62688,1280,720,640.48975,339.145,991.9681,992.7318,-14.479,-0.327,-0.405,0.119385,0.703473,0.056633,-0.698331,img_602.jpg
62775,1280,720,640.48975,339.145,991.9681,992.7318,-14.395,-0.333,-0.410,0.116044,0.709027,0.063377,-0.692674,img_603.jpg
62853,1280,720,640.48975,339.145,991.9681,992.7318,-14.266,-0.342,-0.411,0.101886,0.709559,0.061599,-0.694515,img_604.jpg
62943,1280,720,640.48975,339.145,991.9681,992.7318,-14.172,-0.342,-0.413,0.093286,0.709650,0.056173,-0.696089,img_605.jpg
63020,1280,720,640.48975,339.145,991.9681,992.7318,-14.029,-0.332,-0.418,0.089107,0.713113,0.060882,-0.692693,img_606.jpg
63108,1280,720,640.48975,339.145,991.9681,992.7318,-13.937,-0.319,-0.418,0.083045,0.709577,0.068886,-0.696318,img_607.jpg
63185,1280,720,640.48975,339.145,991.9681,992.7318,-13.808,-0.308,-0.429,0.089174,0.710339,0.074264,-0.694227,img_608.jpg
63274,1280,720,640.48975,339.145,991.9681,992.7318,-13.721,-0.310,-0.437,0.097218,0.708067,0.087566,-0.693917,img_609.jpg
63352,1280,720,640.48975,339.145,991.9681,992.7318,-13.631,-0.316,-0.445,0.111867,0.704267,0.095729,-0.694500,img_610.jpg
63430,1280,720,640.48975,339.145,991.9681,992.7318,-13.496,-0.332,-0.461,0.120813,0.701087,0.087995,-0.697236,img_611.jpg
63508,1280,720,640.48975,339.145,991.9681,992.7318,-13.409,-0.337,-0.467,0.120515,0.702895,0.089167,-0.695316,img_612.jpg
63589,1280,720,640.48975,339.145,991.9681,992.7318,-13.285,-0.332,-0.488,0.125989,0.709870,0.084597,-0.687790,img_613.jpg
63674,1280,720,640.48975,339.145,991.9681,992.7318,-13.202,-0.322,-0.497,0.124497,0.707014,0.097445,-0.689301,img_614.jpg
63751,1280,720,640.48975,339.145,991.9681,992.7318,-13.091,-0.312,-0.511,0.127628,0.711754,0.082512,-0.685791,img_615.jpg
63843,1280,720,640.48975,339.145,991.9681,992.7318,-13.016,-0.310,-0.514,0.124700,0.711582,0.083037,-0.686444,img_616.jpg
63925,1280,720,640.48975,339.145,991.9681,992.7318,-12.893,-0.317,-0.521,0.123984,0.714378,0.090066,-0.682774,img_617.jpg
64027,1280,720,640.48975,339.145,991.9681,992.7318,-12.780,-0.316,-0.524,0.112461,0.708358,0.082062,-0.691988,img_618.jpg
64125,1280,720,640.48975,339.145,991.9681,992.7318,-12.656,-0.306,-0.527,0.106766,0.701858,0.079872,-0.699726,img_619.jpg
64208,1280,720,640.48975,339.145,991.9681,992.7318,-12.573,-0.294,-0.527,0.112171,0.700557,0.094397,-0.698375,img_620.jpg
64308,1280,720,640.48975,339.145,991.9681,992.7318,-12.454,-0.281,-0.535,0.112606,0.701138,0.087766,-0.698587,img_621.jpg
64387,1280,720,640.48975,339.145,991.9681,992.7318,-12.326,-0.278,-0.547,0.120372,0.698144,0.100203,-0.698617,img_622.jpg
64473,1280,720,640.48975,339.145,991.9681,992.7318,-12.242,-0.285,-0.556,0.131724,0.698029,0.104977,-0.695978,img_623.jpg
64548,1280,720,640.48975,339.145,991.9681,992.7318,-12.122,-0.295,-0.575,0.132461,0.699334,0.087767,-0.696910,img_624.jpg
64625,1280,720,640.48975,339.145,991.9681,992.7318,-12.041,-0.304,-0.588,0.135439,0.702989,0.085876,-0.692884,img_625.jpg
64708,1280,720,640.48975,339.145,991.9681,992.7318,-11.953,-0.307,-0.604,0.138260,0.702741,0.085109,-0.692672,img_626.jpg
64785,1280,720,640.48975,339.145,991.9681,992.7318,-11.828,-0.299,-0.630,0.148354,0.699703,0.095570,-0.692296,img_627.jpg
64874,1280,720,640.48975,339.145,991.9681,992.7318,-11.758,-0.292,-0.644,0.140955,0.702295,0.085578,-0.692525,img_628.jpg
64942,1280,720,640.48975,339.145,991.9681,992.7318,-11.682,-0.292,-0.653,0.143277,0.701386,0.094167,-0.691854,img_629.jpg
65014,1280,720,640.48975,339.145,991.9681,992.7318,-11.548,-0.295,-0.663,0.135676,0.707076,0.103817,-0.686191,img_630.jpg
65107,1280,720,640.48975,339.145,991.9681,992.7318,-11.452,-0.304,-0.670,0.130614,0.708850,0.103295,-0.685421,img_631.jpg
65179,1280,720,640.48975,339.145,991.9681,992.7318,-11.310,-0.315,-0.678,0.119929,0.705983,0.092279,-0.691874,img_632.jpg
65256,1280,720,640.48975,339.145,991.9681,992.7318,-11.218,-0.316,-0.684,0.117140,0.707915,0.089545,-0.690736,img_633.jpg
65341,1280,720,640.48975,339.145,991.9681,992.7318,-11.117,-0.306,-0.691,0.118486,0.709546,0.095402,-0.688044,img_634.jpg
65412,1280,720,640.48975,339.145,991.9681,992.7318,-11.020,-0.289,-0.697,0.108480,0.712246,0.089738,-0.687667,img_635.jpg
65490,1280,720,640.48975,339.145,991.9681,992.7318,-10.884,-0.274,-0.706,0.107202,0.720183,0.088317,-0.679739,img_636.jpg
65573,1280,720,640.48975,339.145,991.9681,992.7318,-10.798,-0.269,-0.713,0.107756,0.723552,0.091500,-0.675640,img_637.jpg
65650,1280,720,640.48975,339.145,991.9681,992.7318,-10.673,-0.270,-0.722,0.106309,0.729816,0.093286,-0.668853,img_638.jpg
65741,1280,720,640.48975,339.145,991.9681,992.7318,-10.588,-0.270,-0.734,0.097019,0.734812,0.087579,-0.665559,img_639.jpg
65818,1280,720,640.48975,339.145,991.9681,992.7318,-10.457,-0.268,-0.751,0.080344,0.742606,0.079909,-0.660073,img_640.jpg
65907,1280,720,640.48975,339.145,991.9681,992.7318,-10.370,-0.266,-0.763,0.078455,0.749803,0.079655,-0.652147,img_641.jpg
65985,1280,720,640.48975,339.145,991.9681,992.7318,-10.284,-0.258,-0.769,0.078377,0.758600,0.080201,-0.641834,img_642.jpg
66068,1280,720,640.48975,339.145,991.9681,992.7318,-10.162,-0.250,-0.771,0.077799,0.764928,0.088515,-0.633244,img_643.jpg
66160,1280,720,640.48975,339.145,991.9681,992.7318,-10.049,-0.262,-0.766,0.079448,0.765946,0.094121,-0.630997,img_644.jpg
66242,1280,720,640.48975,339.145,991.9681,992.7318,-9.970,-0.271,-0.767,0.079764,0.764891,0.101756,-0.631050,img_645.jpg
66321,1280,720,640.48975,339.145,991.9681,992.7318,-9.844,-0.285,-0.767,0.079709,0.761912,0.086636,-0.636892,img_646.jpg
66409,1280,720,640.48975,339.145,991.9681,992.7318,-9.760,-0.291,-0.767,0.074061,0.754895,0.089973,-0.645409,img_647.jpg
66493,1280,720,640.48975,339.145,991.9681,992.7318,-9.633,-0.297,-0.769,0.087168,0.739921,0.094368,-0.660313,img_648.jpg
66591,1280,720,640.48975,339.145,991.9681,992.7318,-9.513,-0.295,-0.763,0.089167,0.734210,0.104007,-0.664957,img_649.jpg
66673,1280,720,640.48975,339.145,991.9681,992.7318,-9.430,-0.294,-0.762,0.095845,0.729055,0.116515,-0.667620,img_650.jpg
66760,1280,720,640.48975,339.145,991.9681,992.7318,-9.309,-0.296,-0.764,0.105249,0.719794,0.101696,-0.678585,img_651.jpg
66841,1280,720,640.48975,339.145,991.9681,992.7318,-9.232,-0.305,-0.767,0.113097,0.717198,0.094530,-0.681103,img_652.jpg
66916,1280,720,640.48975,339.145,991.9681,992.7318,-9.103,-0.321,-0.769,0.116237,0.721762,0.082104,-0.677353,img_653.jpg
67005,1280,720,640.48975,339.145,991.9681,992.7318,-9.016,-0.326,-0.766,0.117951,0.722867,0.072778,-0.676944,img_654.jpg
67078,1280,720,640.48975,339.145,991.9681,992.7318,-8.880,-0.322,-0.765,0.140130,0.727747,0.060743,-0.668625,img_655.jpg
67156,1280,720,640.48975,339.145,991.9681,992.7318,-8.800,-0.314,-0.760,0.132433,0.717568,0.065764,-0.680612,img_656.jpg
67241,1280,720,640.48975,339.145,991.9681,992.7318,-8.736,-0.313,-0.755,0.138805,0.718816,0.061320,-0.678437,img_657.jpg
67319,1280,720,640.48975,339.145,991.9681,992.7318,-8.595,-0.322,-0.741,0.127857,0.721672,0.079227,-0.675696,img_658.jpg
67405,1280,720,640.48975,339.145,991.9681,992.7318,-8.512,-0.327,-0.728,0.118225,0.723471,0.086556,-0.674626,img_659.jpg
67485,1280,720,640.48975,339.145,991.9681,992.7318,-8.381,-0.335,-0.711,0.108421,0.720468,0.080256,-0.680243,img_660.jpg
67572,1280,720,640.48975,339.145,991.9681,992.7318,-8.284,-0.334,-0.700,0.104984,0.719642,0.068438,-0.682942,img_661.jpg
67646,1280,720,640.48975,339.145,991.9681,992.7318,-8.147,-0.323,-0.676,0.101682,0.717585,0.092851,-0.682724,img_662.jpg
67741,1280,720,640.48975,339.145,991.9681,992.7318,-8.050,-0.317,-0.664,0.097943,0.713109,0.090646,-0.688234,img_663.jpg
67815,1280,720,640.48975,339.145,991.9681,992.7318,-7.925,-0.307,-0.654,0.104708,0.706778,0.103120,-0.692002,img_664.jpg
67905,1280,720,640.48975,339.145,991.9681,992.7318,-7.837,-0.307,-0.653,0.109485,0.701474,0.100773,-0.696988,img_665.jpg
67986,1280,720,640.48975,339.145,991.9681,992.7318,-7.713,-0.316,-0.656,0.113667,0.695975,0.089315,-0.703364,img_666.jpg
68072,1280,720,640.48975,339.145,991.9681,992.7318,-7.631,-0.329,-0.661,0.110280,0.692255,0.081611,-0.708492,img_667.jpg
68155,1280,720,640.48975,339.145,991.9681,992.7318,-7.508,-0.342,-0.675,0.114306,0.682587,0.062263,-0.719119,img_668.jpg
68241,1280,720,640.48975,339.145,991.9681,992.7318,-7.427,-0.345,-0.685,0.124862,0.680112,0.061280,-0.719794,img_669.jpg
68316,1280,720,640.48975,339.145,991.9681,992.7318,-7.310,-0.345,-0.693,0.130017,0.676694,0.068925,-0.721408,img_670.jpg
68405,1280,720,640.48975,339.145,991.9681,992.7318,-7.220,-0.346,-0.694,0.138788,0.681861,0.077145,-0.714039,img_671.jpg
68487,1280,720,640.48975,339.145,991.9681,992.7318,-7.089,-0.351,-0.684,0.130545,0.691838,0.093610,-0.703957,img_672.jpg
68571,1280,720,640.48975,339.145,991.9681,992.7318,-7.000,-0.357,-0.677,0.126211,0.697982,0.095513,-0.698405,img_673.jpg
68649,1280,720,640.48975,339.145,991.9681,992.7318,-6.860,-0.363,-0.667,0.123804,0.703922,0.083956,-0.694348,img_674.jpg
68739,1280,720,640.48975,339.145,991.9681,992.7318,-6.776,-0.363,-0.656,0.118026,0.702920,0.090619,-0.695530,img_675.jpg
68815,1280,720,640.48975,339.145,991.9681,992.7318,-6.638,-0.354,-0.645,0.120565,0.706933,0.099076,-0.689850,img_676.jpg
68905,1280,720,640.48975,339.145,991.9681,992.7318,-6.555,-0.347,-0.638,0.118745,0.705604,0.102224,-0.691067,img_677.jpg
68988,1280,720,640.48975,339.145,991.9681,992.7318,-6.434,-0.344,-0.636,0.129091,0.704066,0.118204,-0.688225,img_678.jpg
69089,1280,720,640.48975,339.145,991.9681,992.7318,-6.315,-0.350,-0.640,0.140040,0.696090,0.115099,-0.694694,img_679.jpg
69170,1280,720,640.48975,339.145,991.9681,992.7318,-6.234,-0.357,-0.646,0.142103,0.693305,0.105267,-0.698609,img_680.jpg
69250,1280,720,640.48975,339.145,991.9681,992.7318,-6.149,-0.369,-0.652,0.140620,0.693803,0.099624,-0.699242,img_681.jpg
69336,1280,720,640.48975,339.145,991.9681,992.7318,-6.026,-0.382,-0.669,0.137713,0.691668,0.097328,-0.702252,img_682.jpg
69421,1280,720,640.48975,339.145,991.9681,992.7318,-5.904,-0.381,-0.690,0.157101,0.683335,0.120020,-0.702829,img_683.jpg
69504,1280,720,640.48975,339.145,991.9681,992.7318,-5.831,-0.373,-0.700,0.154167,0.677872,0.101633,-0.711613,img_684.jpg
69584,1280,720,640.48975,339.145,991.9681,992.7318,-5.746,-0.389,-0.679,0.165640,0.686083,0.096711,-0.701784,img_685.jpg,marker_13.jpg,0.2721048,0.2721048,-25.323,-0.304,2.542,-0.699864,-0.006787,0.010053,0.010053,marker_1.jpg,0.27591085,0.27591085,0.469,-0.186,0.466,-0.688737,0.010260,-0.016496,-0.016496
69670,1280,720,640.48975,339.145,991.9681,992.7318,-5.670,-0.394,-0.679,0.161653,0.692706,0.105772,-0.694867,img_686.jpg
69744,1280,720,640.48975,339.145,991.9681,992.7318,-5.602,-0.399,-0.670,0.157410,0.699099,0.102594,-0.689896,img_687.jpg
69818,1280,720,640.48975,339.145,991.9681,992.7318,-5.492,-0.401,-0.664,0.143480,0.706156,0.092281,-0.687199,img_688.jpg
69904,1280,720,640.48975,339.145,991.9681,992.7318,-5.416,-0.409,-0.661,0.137249,0.711768,0.087195,-0.683334,img_689.jpg
69983,1280,720,640.48975,339.145,991.9681,992.7318,-5.301,-0.404,-0.658,0.134447,0.717597,0.098469,-0.676227,img_690.jpg
70070,1280,720,640.48975,339.145,991.9681,992.7318,-5.221,-0.394,-0.658,0.127816,0.718380,0.102696,-0.676052,img_691.jpg
70151,1280,720,640.48975,339.145,991.9681,992.7318,-5.108,-0.390,-0.661,0.135118,0.719122,0.115708,-0.671728,img_692.jpg
70239,1280,720,640.48975,339.145,991.9681,992.7318,-5.042,-0.388,-0.665,0.141596,0.716568,0.131767,-0.670163,img_693.jpg
70316,1280,720,640.48975,339.145,991.9681,992.7318,-4.935,-0.397,-0.677,0.151800,0.715029,0.125241,-0.670824,img_694.jpg
70404,1280,720,640.48975,339.145,991.9681,992.7318,-4.866,-0.410,-0.682,0.151117,0.717793,0.116131,-0.669665,img_695.jpg
70480,1280,720,640.48975,339.145,991.9681,992.7318,-4.751,-0.416,-0.691,0.140332,0.725844,0.107405,-0.664772,img_696.jpg
70569,1280,720,640.48975,339.145,991.9681,992.7318,-4.670,-0.413,-0.699,0.135245,0.731279,0.107488,-0.659839,img_697.jpg
70648,1280,720,640.48975,339.145,991.9681,992.7318,-4.563,-0.393,-0.716,0.125981,0.735828,0.109160,-0.656331,img_698.jpg
70738,1280,720,640.48975,339.145,991.9681,992.7318,-4.512,-0.385,-0.720,0.128621,0.739894,0.099763,-0.652733,img_699.jpg
70811,1280,720,640.48975,339.145,991.9681,992.7318,-4.424,-0.383,-0.724,0.130610,0.741908,0.112617,-0.647944,img_700.jpg
70903,1280,720,640.48975,339.145,991.9681,992.7318,-4.358,-0.390,-0.723,0.129022,0.748636,0.116152,-0.639849,img_701.jpg
70981,1280,720,640.48975,339.145,991.9681,992.7318,-4.248,-0.404,-0.720,0.121274,0.752422,0.112323,-0.637603,img_702.jpg
71069,1280,720,640.48975,339.145,991.9681,992.7318,-4.168,-0.410,-0.718,0.118264,0.752373,0.109616,-0.638696,img_703.jpg
71145,1280,720,640.48975,339.145,991.9681,992.7318,-4.053,-0.409,-0.713,0.115651,0.752592,0.113108,-0.638308,img_704.jpg
71238,1280,720,640.48975,339.145,991.9681,992.7318,-3.980,-0.406,-0.710,0.114693,0.751211,0.120821,-0.638693,img_705.jpg
71313,1280,720,640.48975,339.145,991.9681,992.7318,-3.874,-0.403,-0.711,0.120082,0.749139,0.127805,-0.638778,img_706.jpg
71403,1280,720,640.48975,339.145,991.9681,992.7318,-3.810,-0.401,-0.714,0.125545,0.744448,0.135405,-0.641640,img_707.jpg
71486,1280,720,640.48975,339.145,991.9681,992.7318,-3.708,-0.406,-0.725,0.140629,0.736549,0.127013,-0.649297,img_708.jpg
71587,1280,720,640.48975,339.145,991.9681,992.7318,-3.608,-0.420,-0.735,0.142281,0.732990,0.109549,-0.656110,img_709.jpg
71671,1280,720,640.48975,339.145,991.9681,992.7318,-3.542,-0.426,-0.741,0.141753,0.732048,0.101980,-0.658493,img_710.jpg
71752,1280,720,640.48975,339.145,991.9681,992.7318,-3.434,-0.422,-0.753,0.130932,0.731226,0.082476,-0.664352,img_711.jpg
71838,1280,720,640.48975,339.145,991.9681,992.7318,-3.370,-0.417,-0.757,0.133495,0.731828,0.092900,-0.661798,img_712.jpg
71918,1280,720,640.48975,339.145,991.9681,992.7318,-3.261,-0.410,-0.765,0.132967,0.731450,0.098815,-0.661465,img_713.jpg
72005,1280,720,640.48975,339.145,991.9681,992.7318,-3.198,-0.410,-0.769,0.143711,0.732380,0.104273,-0.657339,img_714.jpg,marker_13.jpg,0.2721048,0.2721048,-25.328,-0.302,2.556,-0.699844,-0.007718,0.011055,0.011055,marker_1.jpg,0.27596062,0.27596062,0.470,-0.187,0.464,-0.688730,0.010358,-0.016519,-0.016519
72082,1280,720,640.48975,339.145,991.9681,992.7318,-3.087,-0.420,-0.773,0.146228,0.737917,0.114068,-0.648910,img_715.jpg
72170,1280,720,640.48975,339.145,991.9681,992.7318,-3.009,-0.425,-0.774,0.137215,0.739238,0.113639,-0.649451,img_716.jpg
72239,1280,720,640.48975,339.145,991.9681,992.7318,-2.897,-0.430,-0.772,0.127131,0.741854,0.106318,-0.649760,img_717.jpg
72355,1280,720,640.48975,339.145,991.9681,992.7318,-2.780,-0.424,-0.767,0.120914,0.749778,0.120291,-0.639330,img_718.jpg
72437,1280,720,640.48975,339.145,991.9681,992.7318,-2.707,-0.419,-0.762,0.125726,0.757145,0.145494,-0.624304,img_719.jpg
72510,1280,720,640.48975,339.145,991.9681,992.7318,-2.612,-0.411,-0.758,0.131324,0.767720,0.169102,-0.603958,img_720.jpg
72603,1280,720,640.48975,339.145,991.9681,992.7318,-2.550,-0.412,-0.760,0.140464,0.772041,0.181144,-0.592798,img_721.jpg
72684,1280,720,640.48975,339.145,991.9681,992.7318,-2.451,-0.423,-0.765,0.149906,0.776675,0.193376,-0.580440,img_722.jpg
72768,1280,720,640.48975,339.145,991.9681,992.7318,-2.385,-0.433,-0.769,0.149537,0.783508,0.193736,-0.571157,img_723.jpg
72845,1280,720,640.48975,339.145,991.9681,992.7318,-2.292,-0.448,-0.777,0.143431,0.797874,0.198211,-0.550942,img_724.jpg
72922,1280,720,640.48975,339.145,991.9681,992.7318,-2.235,-0.449,-0.779,0.131306,0.810691,0.196163,-0.535779,img_725.jpg
73002,1280,720,640.48975,339.145,991.9681,992.7318,-2.173,-0.446,-0.783,0.124329,0.823999,0.199329,-0.515592,img_726.jpg
73085,1280,720,640.48975,339.145,991.9681,992.7318,-2.088,-0.441,-0.780,0.114932,0.843490,0.212032,-0.479955,img_727.jpg
73169,1280,720,640.48975,339.145,991.9681,992.7318,-2.027,-0.445,-0.776,0.126291,0.851301,0.224200,-0.457243,img_728.jpg
73238,1280,720,640.48975,339.145,991.9681,992.7318,-1.971,-0.451,-0.768,0.126175,0.858629,0.236590,-0.436877,img_729.jpg
73308,1280,720,640.48975,339.145,991.9681,992.7318,-1.882,-0.465,-0.749,0.123937,0.870253,0.248462,-0.406899,img_730.jpg
73402,1280,720,640.48975,339.145,991.9681,992.7318,-1.821,-0.473,-0.734,0.113277,0.877259,0.252232,-0.392383,img_731.jpg
73468,1280,720,640.48975,339.145,991.9681,992.7318,-1.761,-0.482,-0.713,0.103260,0.882972,0.255591,-0.379962,img_732.jpg
73549,1280,720,640.48975,339.145,991.9681,992.7318,-1.672,-0.489,-0.675,0.086685,0.888069,0.270408,-0.361524,img_733.jpg
73635,1280,720,640.48975,339.145,991.9681,992.7318,-1.617,-0.490,-0.647,0.081641,0.891722,0.283936,-0.342852,img_734.jpg
73707,1280,720,640.48975,339.145,991.9681,992.7318,-1.548,-0.493,-0.608,0.078759,0.900609,0.292399,-0.311776,img_735.jpg
73803,1280,720,640.48975,339.145,991.9681,992.7318,-1.506,-0.494,-0.579,0.073689,0.905653,0.300499,-0.289935,img_736.jpg
73883,1280,720,640.48975,339.145,991.9681,992.7318,-1.445,-0.499,-0.532,0.075971,0.910712,0.314191,-0.257129,img_737.jpg
73967,1280,720,640.48975,339.145,991.9681,992.7318,-1.404,-0.504,-0.498,0.075798,0.915550,0.316214,-0.236709,img_738.jpg
74048,1280,720,640.48975,339.145,991.9681,992.7318,-1.345,-0.515,-0.441,0.071623,0.919953,0.322026,-0.211792,img_739.jpg
74139,1280,720,640.48975,339.145,991.9681,992.7318,-1.304,-0.519,-0.403,0.067012,0.923963,0.319953,-0.198577,img_740.jpg
74227,1280,720,640.48975,339.145,991.9681,992.7318,-1.245,-0.516,-0.343,0.070005,0.922438,0.337914,-0.173270,img_741.jpg
74319,1280,720,640.48975,339.145,991.9681,992.7318,-1.196,-0.502,-0.285,0.064084,0.930021,0.326124,-0.156834,img_742.jpg
74418,1280,720,640.48975,339.145,991.9681,992.7318,-1.151,-0.497,-0.222,0.070725,0.929577,0.332116,-0.143473,img_743.jpg
74518,1280,720,640.48975,339.145,991.9681,992.7318,-1.116,-0.492,-0.162,0.070423,0.933762,0.323266,-0.136486,img_744.jpg
74606,1280,720,640.48975,339.145,991.9681,992.7318,-1.097,-0.493,-0.123,0.078546,0.936624,0.315083,-0.131484,img_745.jpg
74686,1280,720,640.48975,339.145,991.9681,992.7318,-1.067,-0.501,-0.045,0.080650,0.937621,0.307570,-0.140585,img_746.jpg
74767,1280,720,640.48975,339.145,991.9681,992.7318,-1.045,-0.502,0.015,0.087522,0.934635,0.310841,-0.148911,img_747.jpg
74849,1280,720,640.48975,339.145,991.9681,992.7318,-1.015,-0.499,0.103,0.088957,0.926370,0.325000,-0.168229,img_748.jpg
74935,1280,720,640.48975,339.145,991.9681,992.7318,-0.995,-0.489,0.155,0.092621,0.923499,0.320958,-0.188567,img_749.jpg
75006,1280,720,640.48975,339.145,991.9681,992.7318,-0.953,-0.485,0.228,0.107048,0.916731,0.318141,-0.216637,img_750.jpg
75101,1280,720,640.48975,339.145,991.9681,992.7318,-0.927,-0.478,0.273,0.111050,0.908642,0.323814,-0.239129,img_751.jpg
75176,1280,720,640.48975,339.145,991.9681,992.7318,-0.875,-0.479,0.335,0.127782,0.899817,0.318685,-0.269148,img_752.jpg
75268,1280,720,640.48975,339.145,991.9681,992.7318,-0.840,-0.485,0.378,0.142798,0.893459,0.314120,-0.287521,img_753.jpg
75349,1280,720,640.48975,339.145,991.9681,992.7318,-0.795,-0.490,0.435,0.155805,0.887752,0.307834,-0.304729,img_754.jpg
75425,1280,720,640.48975,339.145,991.9681,992.7318,-0.732,-0.500,0.498,0.176063,0.879184,0.297287,-0.328112,img_755.jpg
75518,1280,720,640.48975,339.145,991.9681,992.7318,-0.666,-0.505,0.562,0.201842,0.865853,0.306647,-0.339891,img_756.jpg
75602,1280,720,640.48975,339.145,991.9681,992.7318,-0.630,-0.504,0.598,0.200967,0.860404,0.302507,-0.357500,img_757.jpg
75672,1280,720,640.48975,339.145,991.9681,992.7318,-0.578,-0.504,0.650,0.202916,0.850694,0.310292,-0.372645,img_758.jpg
75768,1280,720,640.48975,339.145,991.9681,992.7318,-0.542,-0.507,0.690,0.193671,0.845211,0.312182,-0.388140,img_759.jpg
75859,1280,720,640.48975,339.145,991.9681,992.7318,-0.487,-0.518,0.745,0.199476,0.831842,0.321487,-0.406073,img_760.jpg
