time,sizeX,sizeY,p_x,p_y,f_x,f_y,pos_X,pos_Y,pos_Z,q_x,q_y,q_z,q_w,marker_ID,marker_x,marker_y,marker_z,marker_qx,marker_qy,marker_qz,marker_qw,marker_ID,marker_x,marker_y,marker_z,marker_qx,marker_qy,marker_qz,marker_qw,marker_ID,marker_x,marker_y,marker_z,marker_qx,marker_qy,marker_qz,marker_qw,
21332,1280,720,631.94293,353.39117,986.8637,986.74805,-0.076,0.039,1.324,0.073349,0.189065,-0.020587,-0.979005,img_1.jpg
21438,1280,720,631.94293,353.39117,986.8637,986.74805,-0.080,0.040,1.322,0.073558,0.191478,-0.020518,-0.978521,img_2.jpg
21515,1280,720,631.94293,353.39117,986.8637,986.74805,-0.078,0.039,1.324,0.072901,0.190985,-0.019709,-0.978684,img_3.jpg
21587,1280,720,631.94293,353.39117,986.8637,986.74805,-0.080,0.039,1.322,0.073651,0.192349,-0.020536,-0.978343,img_4.jpg
21665,1280,720,631.94293,353.39117,986.8637,986.74805,-0.082,0.040,1.323,0.073042,0.193087,-0.021510,-0.978223,img_5.jpg
21749,1280,720,631.94293,353.39117,986.8637,986.74805,-0.083,0.039,1.324,0.071871,0.194114,-0.022335,-0.978088,img_6.jpg,marker_1.jpg,0.39731306,0.39731306,0.249,-0.066,0.523,-0.691415,0.035008,-0.037311,-0.037311
21830,1280,720,631.94293,353.39117,986.8637,986.74805,-0.085,0.038,1.327,0.073890,0.195854,-0.020653,-0.977627,img_7.jpg
21914,1280,720,631.94293,353.39117,986.8637,986.74805,-0.088,0.035,1.332,0.076882,0.196337,-0.021416,-0.977283,img_8.jpg
21984,1280,720,631.94293,353.39117,986.8637,986.74805,-0.094,0.030,1.335,0.081967,0.197643,-0.021910,-0.976595,img_9.jpg
22065,1280,720,631.94293,353.39117,986.8637,986.74805,-0.096,0.012,1.340,0.104999,0.197697,-0.012627,-0.974542,img_10.jpg
22147,1280,720,631.94293,353.39117,986.8637,986.74805,-0.098,-0.006,1.344,0.129099,0.196129,-0.007181,-0.972016,img_11.jpg
22213,1280,720,631.94293,353.39117,986.8637,986.74805,-0.107,-0.025,1.349,0.153640,0.193252,-0.003876,-0.969037,img_12.jpg
22278,1280,720,631.94293,353.39117,986.8637,986.74805,-0.114,-0.048,1.358,0.182540,0.184191,0.004461,-0.965781,img_13.jpg
22343,1280,720,631.94293,353.39117,986.8637,986.74805,-0.124,-0.075,1.366,0.216174,0.174282,0.013686,-0.960576,img_14.jpg
22430,1280,720,631.94293,353.39117,986.8637,986.74805,-0.152,-0.119,1.383,0.256124,0.170351,0.007597,-0.951485,img_15.jpg
22513,1280,720,631.94293,353.39117,986.8637,986.74805,-0.173,-0.148,1.394,0.283534,0.166541,-0.003530,-0.944383,img_16.jpg
22597,1280,720,631.94293,353.39117,986.8637,986.74805,-0.206,-0.185,1.412,0.321834,0.152805,-0.017432,-0.934222,img_17.jpg
22664,1280,720,631.94293,353.39117,986.8637,986.74805,-0.232,-0.211,1.426,0.338275,0.137765,-0.028473,-0.930473,img_18.jpg
22746,1280,720,631.94293,353.39117,986.8637,986.74805,-0.260,-0.230,1.437,0.358571,0.116415,-0.040999,-0.925307,img_19.jpg
22812,1280,720,631.94293,353.39117,986.8637,986.74805,-0.299,-0.257,1.448,0.372700,0.091066,-0.055257,-0.921818,img_20.jpg
22878,1280,720,631.94293,353.39117,986.8637,986.74805,-0.339,-0.271,1.454,0.386078,0.065574,-0.070880,-0.917398,img_21.jpg
22963,1280,720,631.94293,353.39117,986.8637,986.74805,-0.407,-0.292,1.457,0.406243,0.027060,-0.087576,-0.909156,img_22.jpg
23046,1280,720,631.94293,353.39117,986.8637,986.74805,-0.455,-0.304,1.457,0.413622,0.001137,-0.098160,-0.905141,img_23.jpg
23119,1280,720,631.94293,353.39117,986.8637,986.74805,-0.505,-0.311,1.454,0.418744,-0.022710,-0.107002,-0.901492,img_24.jpg
23192,1280,720,631.94293,353.39117,986.8637,986.74805,-0.588,-0.320,1.439,0.420885,-0.055146,-0.115095,-0.898091,img_25.jpg
23279,1280,720,631.94293,353.39117,986.8637,986.74805,-0.648,-0.326,1.434,0.423164,-0.076190,-0.118803,-0.894994,img_26.jpg
23351,1280,720,631.94293,353.39117,986.8637,986.74805,-0.708,-0.328,1.419,0.422193,-0.094220,-0.124962,-0.892894,img_27.jpg
23428,1280,720,631.94293,353.39117,986.8637,986.74805,-0.795,-0.320,1.389,0.436026,-0.110439,-0.120144,-0.885014,img_28.jpg
23513,1280,720,631.94293,353.39117,986.8637,986.74805,-0.851,-0.307,1.366,0.436693,-0.124903,-0.112128,-0.883813,img_29.jpg
23586,1280,720,631.94293,353.39117,986.8637,986.74805,-0.904,-0.292,1.342,0.429404,-0.141024,-0.114064,-0.884711,img_30.jpg
23658,1280,720,631.94293,353.39117,986.8637,986.74805,-0.975,-0.268,1.299,0.422549,-0.156179,-0.112800,-0.885628,img_31.jpg
23745,1280,720,631.94293,353.39117,986.8637,986.74805,-1.018,-0.255,1.266,0.420918,-0.161679,-0.112757,-0.885423,img_32.jpg
23821,1280,720,631.94293,353.39117,986.8637,986.74805,-1.083,-0.242,1.211,0.417435,-0.162168,-0.116117,-0.886548,img_33.jpg
23912,1280,720,631.94293,353.39117,986.8637,986.74805,-1.127,-0.237,1.167,0.419307,-0.157507,-0.113416,-0.886854,img_34.jpg
23983,1280,720,631.94293,353.39117,986.8637,986.74805,-1.170,-0.231,1.121,0.418149,-0.152519,-0.113925,-0.888206,img_35.jpg
24079,1280,720,631.94293,353.39117,986.8637,986.74805,-1.232,-0.214,1.048,0.402621,-0.142739,-0.117257,-0.896534,img_36.jpg
24150,1280,720,631.94293,353.39117,986.8637,986.74805,-1.268,-0.197,0.993,0.400949,-0.126663,-0.119424,-0.899408,img_37.jpg
24231,1280,720,631.94293,353.39117,986.8637,986.74805,-1.314,-0.158,0.908,0.386278,-0.113008,-0.106861,-0.909175,img_38.jpg
24311,1280,720,631.94293,353.39117,986.8637,986.74805,-1.343,-0.136,0.844,0.388359,-0.103759,-0.104229,-0.909697,img_39.jpg
24384,1280,720,631.94293,353.39117,986.8637,986.74805,-1.367,-0.109,0.779,0.370150,-0.095703,-0.099055,-0.918705,img_40.jpg
24458,1280,720,631.94293,353.39117,986.8637,986.74805,-1.401,-0.070,0.671,0.340966,-0.088930,-0.089557,-0.931565,img_41.jpg
24544,1280,720,631.94293,353.39117,986.8637,986.74805,-1.420,-0.043,0.592,0.317231,-0.088909,-0.079908,-0.940784,img_42.jpg
24617,1280,720,631.94293,353.39117,986.8637,986.74805,-1.439,-0.015,0.508,0.295930,-0.091837,-0.074746,-0.947842,img_43.jpg
24694,1280,720,631.94293,353.39117,986.8637,986.74805,-1.464,0.026,0.376,0.275785,-0.095257,-0.072786,-0.953714,img_44.jpg
24778,1280,720,631.94293,353.39117,986.8637,986.74805,-1.464,0.026,0.376,0.275785,-0.095257,-0.072786,-0.953714,img_45.jpg
24852,1280,720,631.94293,353.39117,986.8637,986.74805,-1.464,0.026,0.376,0.275785,-0.095257,-0.072786,-0.953714,img_46.jpg
24944,1280,720,631.94293,353.39117,986.8637,986.74805,-1.464,0.026,0.376,0.275785,-0.095257,-0.072786,-0.953714,img_47.jpg
25018,1280,720,631.94293,353.39117,986.8637,986.74805,-1.464,0.026,0.376,0.275785,-0.095257,-0.072786,-0.953714,img_48.jpg
25097,1280,720,631.94293,353.39117,986.8637,986.74805,-1.464,0.026,0.376,0.275785,-0.095257,-0.072786,-0.953714,img_49.jpg
25177,1280,720,631.94293,353.39117,986.8637,986.74805,-1.464,0.026,0.376,0.275785,-0.095257,-0.072786,-0.953714,img_50.jpg
25249,1280,720,631.94293,353.39117,986.8637,986.74805,-1.464,0.026,0.376,0.275785,-0.095257,-0.072786,-0.953714,img_51.jpg
25325,1280,720,631.94293,353.39117,986.8637,986.74805,-1.464,0.026,0.376,0.275785,-0.095257,-0.072786,-0.953714,img_52.jpg
25410,1280,720,631.94293,353.39117,986.8637,986.74805,-1.464,0.026,0.376,0.275785,-0.095257,-0.072786,-0.953714,img_53.jpg
25481,1280,720,631.94293,353.39117,986.8637,986.74805,-1.464,0.026,0.376,0.275785,-0.095257,-0.072786,-0.953714,img_54.jpg
25556,1280,720,631.94293,353.39117,986.8637,986.74805,-1.464,0.026,0.376,0.275785,-0.095257,-0.072786,-0.953714,img_55.jpg
25643,1280,720,631.94293,353.39117,986.8637,986.74805,-1.464,0.026,0.376,0.275785,-0.095257,-0.072786,-0.953714,img_56.jpg
25716,1280,720,631.94293,353.39117,986.8637,986.74805,-1.464,0.026,0.376,0.275785,-0.095257,-0.072786,-0.953714,img_57.jpg
25791,1280,720,631.94293,353.39117,986.8637,986.74805,-1.464,0.026,0.376,0.275785,-0.095257,-0.072786,-0.953714,img_58.jpg
25877,1280,720,631.94293,353.39117,986.8637,986.74805,-0.241,-0.284,0.908,0.257197,0.043209,-0.005188,-0.965379,img_59.jpg
25948,1280,720,631.94293,353.39117,986.8637,986.74805,-0.159,-0.298,0.804,0.248321,0.017720,-0.005064,-0.968502,img_60.jpg
26026,1280,720,631.94293,353.39117,986.8637,986.74805,-0.125,-0.293,0.688,0.243720,-0.004364,-0.018809,-0.969653,img_61.jpg
26110,1280,720,631.94293,353.39117,986.8637,986.74805,-0.111,-0.284,0.625,0.235406,-0.018032,-0.023462,-0.971447,img_62.jpg
26183,1280,720,631.94293,353.39117,986.8637,986.74805,-0.103,-0.286,0.545,0.239582,-0.036902,-0.029651,-0.969721,img_63.jpg
26258,1280,720,631.94293,353.39117,986.8637,986.74805,-0.069,-0.302,0.378,0.229939,-0.064450,-0.048017,-0.969881,img_64.jpg
26343,1280,720,631.94293,353.39117,986.8637,986.74805,-0.044,-0.327,0.248,0.223947,-0.080314,-0.052251,-0.969880,img_65.jpg
26419,1280,720,631.94293,353.39117,986.8637,986.74805,-0.033,-0.355,0.106,0.214997,-0.096114,-0.051037,-0.970533,img_66.jpg
26494,1280,720,631.94293,353.39117,986.8637,986.74805,-0.011,-0.351,0.002,0.203705,-0.104250,-0.052567,-0.972046,img_67.jpg
26577,1280,720,631.94293,353.39117,986.8637,986.74805,0.006,-0.348,-0.108,0.197039,-0.108681,-0.065246,-0.972166,img_68.jpg
26650,1280,720,631.94293,353.39117,986.8637,986.74805,0.033,-0.327,-0.205,0.201690,-0.119716,-0.061464,-0.970161,img_69.jpg
26728,1280,720,631.94293,353.39117,986.8637,986.74805,0.040,-0.303,-0.295,0.199246,-0.137731,-0.066008,-0.967974,img_70.jpg
26809,1280,720,631.94293,353.39117,986.8637,986.74805,0.039,-0.303,-0.382,0.192660,-0.151692,-0.070173,-0.966927,img_71.jpg
26883,1280,720,631.94293,353.39117,986.8637,986.74805,0.037,-0.306,-0.465,0.193705,-0.169979,-0.066883,-0.963905,img_72.jpg
26959,1280,720,631.94293,353.39117,986.8637,986.74805,0.031,-0.297,-0.555,0.179897,-0.202734,-0.069440,-0.960059,img_73.jpg
27042,1280,720,631.94293,353.39117,986.8637,986.74805,0.031,-0.277,-0.603,0.166219,-0.226485,-0.076017,-0.956712,img_74.jpg
27118,1280,720,631.94293,353.39117,986.8637,986.74805,0.026,-0.271,-0.678,0.158682,-0.244517,-0.079532,-0.953261,img_75.jpg
27191,1280,720,631.94293,353.39117,986.8637,986.74805,0.019,-0.236,-0.742,0.169165,-0.271439,-0.082062,-0.943912,img_76.jpg
27277,1280,720,631.94293,353.39117,986.8637,986.74805,0.017,-0.228,-0.870,0.167475,-0.281536,-0.088064,-0.940710,img_77.jpg
27345,1280,720,631.94293,353.39117,986.8637,986.74805,-0.001,-0.222,-0.953,0.171519,-0.288696,-0.092277,-0.937401,img_78.jpg
27419,1280,720,631.94293,353.39117,986.8637,986.74805,-0.033,-0.220,-1.054,0.175492,-0.301324,-0.099018,-0.931988,img_79.jpg
27509,1280,720,631.94293,353.39117,986.8637,986.74805,-0.060,-0.226,-1.119,0.166874,-0.307108,-0.110258,-0.930420,img_80.jpg
27585,1280,720,631.94293,353.39117,986.8637,986.74805,-0.111,-0.241,-1.258,0.168910,-0.312412,-0.112168,-0.928055,img_81.jpg
27676,1280,720,631.94293,353.39117,986.8637,986.74805,-0.144,-0.243,-1.325,0.155410,-0.316065,-0.110918,-0.929327,img_82.jpg
27748,1280,720,631.94293,353.39117,986.8637,986.74805,-0.200,-0.241,-1.409,0.169822,-0.315155,-0.115973,-0.926492,img_83.jpg
27842,1280,720,631.94293,353.39117,986.8637,986.74805,-0.234,-0.227,-1.487,0.158959,-0.316910,-0.112570,-0.928239,img_84.jpg
27917,1280,720,631.94293,353.39117,986.8637,986.74805,-0.273,-0.221,-1.550,0.161014,-0.316669,-0.119316,-0.927124,img_85.jpg
27995,1280,720,631.94293,353.39117,986.8637,986.74805,-0.330,-0.219,-1.644,0.169080,-0.319778,-0.107005,-0.926123,img_86.jpg
28075,1280,720,631.94293,353.39117,986.8637,986.74805,-0.365,-0.218,-1.703,0.159468,-0.321711,-0.108580,-0.926975,img_87.jpg
28150,1280,720,631.94293,353.39117,986.8637,986.74805,-0.422,-0.219,-1.790,0.151339,-0.334579,-0.110066,-0.923601,img_88.jpg
28242,1280,720,631.94293,353.39117,986.8637,986.74805,-0.459,-0.211,-1.861,0.146930,-0.344490,-0.112414,-0.920381,img_89.jpg
28315,1280,720,631.94293,353.39117,986.8637,986.74805,-0.518,-0.191,-1.951,0.147757,-0.353644,-0.107323,-0.917379,img_90.jpg
28408,1280,720,631.94293,353.39117,986.8637,986.74805,-0.562,-0.174,-2.013,0.144406,-0.358646,-0.099791,-0.916822,img_91.jpg
28480,1280,720,631.94293,353.39117,986.8637,986.74805,-0.605,-0.163,-2.076,0.143497,-0.357435,-0.101774,-0.917219,img_92.jpg
28555,1280,720,631.94293,353.39117,986.8637,986.74805,-0.665,-0.154,-2.148,0.146599,-0.363823,-0.101490,-0.914243,img_93.jpg
28641,1280,720,631.94293,353.39117,986.8637,986.74805,-0.673,-0.259,-1.984,0.156975,-0.367194,-0.088648,-0.912507,img_94.jpg
28725,1280,720,631.94293,353.39117,986.8637,986.74805,-0.750,-0.270,-2.065,0.151422,-0.368886,-0.086207,-0.912997,img_95.jpg
28808,1280,720,631.94293,353.39117,986.8637,986.74805,-0.747,-0.269,-2.073,0.154664,-0.365645,-0.086485,-0.913730,img_96.jpg
28883,1280,720,631.94293,353.39117,986.8637,986.74805,-0.797,-0.271,-2.132,0.145811,-0.365541,-0.091730,-0.914716,img_97.jpg
28960,1280,720,631.94293,353.39117,986.8637,986.74805,-0.874,-0.264,-2.221,0.172228,-0.363172,-0.095262,-0.910697,img_98.jpg
29058,1280,720,631.94293,353.39117,986.8637,986.74805,-0.918,-0.261,-2.278,0.161109,-0.357557,-0.096870,-0.914775,img_99.jpg
29131,1280,720,631.94293,353.39117,986.8637,986.74805,-0.985,-0.255,-2.362,0.169050,-0.351857,-0.096722,-0.915567,img_100.jpg
29225,1280,720,631.94293,353.39117,986.8637,986.74805,-1.056,-0.267,-2.453,0.168144,-0.347731,-0.093367,-0.917657,img_101.jpg
29308,1280,720,631.94293,353.39117,986.8637,986.74805,-1.103,-0.273,-2.512,0.161089,-0.348126,-0.092711,-0.918838,img_102.jpg
29385,1280,720,631.94293,353.39117,986.8637,986.74805,-1.152,-0.278,-2.582,0.154216,-0.352599,-0.090676,-0.918515,img_103.jpg
29459,1280,720,631.94293,353.39117,986.8637,986.74805,-1.219,-0.274,-2.682,0.153258,-0.355083,-0.080932,-0.918628,img_104.jpg
29540,1280,720,631.94293,353.39117,986.8637,986.74805,-1.259,-0.263,-2.746,0.161745,-0.356841,-0.084951,-0.916126,img_105.jpg
29617,1280,720,631.94293,353.39117,986.8637,986.74805,-1.320,-0.248,-2.832,0.152677,-0.354419,-0.085281,-0.918588,img_106.jpg
29708,1280,720,631.94293,353.39117,986.8637,986.74805,-1.367,-0.245,-2.889,0.163430,-0.355687,-0.086924,-0.916091,img_107.jpg
29784,1280,720,631.94293,353.39117,986.8637,986.74805,-1.410,-0.246,-2.941,0.156411,-0.355611,-0.095718,-0.916468,img_108.jpg
29859,1280,720,631.94293,353.39117,986.8637,986.74805,-1.485,-0.256,-3.035,0.141302,-0.355120,-0.100695,-0.918577,img_109.jpg
29940,1280,720,631.94293,353.39117,986.8637,986.74805,-1.544,-0.266,-3.108,0.139103,-0.349553,-0.100158,-0.921103,img_110.jpg
30018,1280,720,631.94293,353.39117,986.8637,986.74805,-1.625,-0.276,-3.213,0.135817,-0.341455,-0.094009,-0.925270,img_111.jpg
30107,1280,720,631.94293,353.39117,986.8637,986.74805,-1.679,-0.273,-3.274,0.144937,-0.336448,-0.099391,-0.925158,img_112.jpg
30183,1280,720,631.94293,353.39117,986.8637,986.74805,-1.750,-0.257,-3.359,0.152152,-0.345445,-0.088677,-0.921767,img_113.jpg
30274,1280,720,631.94293,353.39117,986.8637,986.74805,-1.794,-0.250,-3.417,0.141310,-0.341260,-0.089201,-0.924995,img_114.jpg
30342,1280,720,631.94293,353.39117,986.8637,986.74805,-1.838,-0.250,-3.482,0.144970,-0.336028,-0.079024,-0.927267,img_115.jpg
30413,1280,720,631.94293,353.39117,986.8637,986.74805,-1.890,-0.258,-3.551,0.151311,-0.325731,-0.081898,-0.929676,img_116.jpg
30484,1280,720,631.94293,353.39117,986.8637,986.74805,-1.964,-0.268,-3.653,0.146041,-0.327852,-0.076765,-0.930211,img_117.jpg
30557,1280,720,631.94293,353.39117,986.8637,986.74805,-2.021,-0.273,-3.736,0.137615,-0.330238,-0.073969,-0.930878,img_118.jpg
30640,1280,720,631.94293,353.39117,986.8637,986.74805,-2.063,-0.266,-3.802,0.132772,-0.331810,-0.070296,-0.931307,img_119.jpg
30717,1280,720,631.94293,353.39117,986.8637,986.74805,-2.111,-0.252,-3.873,0.144577,-0.336028,-0.068083,-0.928196,img_120.jpg
30791,1280,720,631.94293,353.39117,986.8637,986.74805,-2.183,-0.238,-3.965,0.136341,-0.337763,-0.064309,-0.929081,img_121.jpg
30874,1280,720,631.94293,353.39117,986.8637,986.74805,-2.227,-0.237,-4.028,0.157256,-0.344309,-0.065849,-0.923248,img_122.jpg
30949,1280,720,631.94293,353.39117,986.8637,986.74805,-2.306,-0.248,-4.119,0.166081,-0.348487,-0.077216,-0.919245,img_123.jpg
31040,1280,720,631.94293,353.39117,986.8637,986.74805,-2.357,-0.259,-4.179,0.162722,-0.351280,-0.082040,-0.918365,img_124.jpg
31115,1280,720,631.94293,353.39117,986.8637,986.74805,-2.415,-0.270,-4.245,0.160135,-0.353156,-0.085429,-0.917791,img_125.jpg
31188,1280,720,631.94293,353.39117,986.8637,986.74805,-2.500,-0.277,-4.329,0.146641,-0.356610,-0.088543,-0.918415,img_126.jpg
31273,1280,720,631.94293,353.39117,986.8637,986.74805,-2.563,-0.274,-4.392,0.158251,-0.356146,-0.091617,-0.916364,img_127.jpg
31345,1280,720,631.94293,353.39117,986.8637,986.74805,-2.616,-0.268,-4.451,0.164818,-0.355503,-0.085866,-0.916013,img_128.jpg
31423,1280,720,631.94293,353.39117,986.8637,986.74805,-2.693,-0.267,-4.542,0.193164,-0.348932,-0.089074,-0.912688,img_129.jpg
31506,1280,720,631.94293,353.39117,986.8637,986.74805,-2.745,-0.269,-4.600,0.193913,-0.336763,-0.093855,-0.916613,img_130.jpg
31579,1280,720,631.94293,353.39117,986.8637,986.74805,-2.800,-0.275,-4.661,0.196887,-0.335552,-0.091045,-0.916707,img_131.jpg
31656,1280,720,631.94293,353.39117,986.8637,986.74805,-2.878,-0.277,-4.751,0.179732,-0.333834,-0.090783,-0.920874,img_132.jpg
31739,1280,720,631.94293,353.39117,986.8637,986.74805,-2.932,-0.277,-4.816,0.168411,-0.336714,-0.088311,-0.922205,img_133.jpg
31815,1280,720,631.94293,353.39117,986.8637,986.74805,-3.014,-0.272,-4.908,0.171946,-0.344620,-0.085449,-0.918896,img_134.jpg
31906,1280,720,631.94293,353.39117,986.8637,986.74805,-3.062,-0.267,-4.966,0.189661,-0.349856,-0.082875,-0.913653,img_135.jpg
31980,1280,720,631.94293,353.39117,986.8637,986.74805,-3.135,-0.258,-5.043,0.167024,-0.344207,-0.089534,-0.919570,img_136.jpg
32073,1280,720,631.94293,353.39117,986.8637,986.74805,-3.184,-0.254,-5.093,0.171169,-0.342875,-0.089508,-0.919307,img_137.jpg
32140,1280,720,631.94293,353.39117,986.8637,986.74805,-3.228,-0.251,-5.137,0.167212,-0.341779,-0.088948,-0.920497,img_138.jpg
32212,1280,720,631.94293,353.39117,986.8637,986.74805,-3.302,-0.254,-5.200,0.152586,-0.338418,-0.091801,-0.923993,img_139.jpg
32289,1280,720,631.94293,353.39117,986.8637,986.74805,-3.360,-0.259,-5.249,0.138628,-0.334742,-0.086287,-0.928054,img_140.jpg
32355,1280,720,631.94293,353.39117,986.8637,986.74805,-3.414,-0.261,-5.299,0.129881,-0.329667,-0.076601,-0.931978,img_141.jpg
32438,1280,720,631.94293,353.39117,986.8637,986.74805,-3.472,-0.258,-5.352,0.118084,-0.320827,-0.066394,-0.937399,img_142.jpg
32514,1280,720,631.94293,353.39117,986.8637,986.74805,-3.527,-0.252,-5.403,0.138501,-0.317176,-0.071361,-0.935481,img_143.jpg
32591,1280,720,631.94293,353.39117,986.8637,986.74805,-3.603,-0.242,-5.479,0.137945,-0.305591,-0.066104,-0.939796,img_144.jpg
32672,1280,720,631.94293,353.39117,986.8637,986.74805,-3.653,-0.241,-5.535,0.144687,-0.298514,-0.063126,-0.941260,img_145.jpg
32749,1280,720,631.94293,353.39117,986.8637,986.74805,-3.723,-0.244,-5.614,0.148562,-0.290041,-0.063011,-0.943311,img_146.jpg
32838,1280,720,631.94293,353.39117,986.8637,986.74805,-3.786,-0.252,-5.681,0.138268,-0.287848,-0.061337,-0.945655,img_147.jpg
32914,1280,720,631.94293,353.39117,986.8637,986.74805,-3.862,-0.259,-5.771,0.123054,-0.284752,-0.059537,-0.948804,img_148.jpg
33005,1280,720,631.94293,353.39117,986.8637,986.74805,-3.922,-0.256,-5.842,0.121794,-0.281885,-0.060616,-0.949754,img_149.jpg
33076,1280,720,631.94293,353.39117,986.8637,986.74805,-3.966,-0.248,-5.908,0.134543,-0.284934,-0.060243,-0.947144,img_150.jpg
33152,1280,720,631.94293,353.39117,986.8637,986.74805,-4.014,-0.238,-5.964,0.132811,-0.287346,-0.061925,-0.946551,img_151.jpg
33230,1280,720,631.94293,353.39117,986.8637,986.74805,-4.087,-0.229,-6.043,0.146505,-0.293051,-0.070594,-0.942164,img_152.jpg
33321,1280,720,631.94293,353.39117,986.8637,986.74805,-4.167,-0.231,-6.117,0.160258,-0.306056,-0.082665,-0.934780,img_153.jpg
33405,1280,720,631.94293,353.39117,986.8637,986.74805,-4.220,-0.236,-6.165,0.156915,-0.309194,-0.088607,-0.933770,img_154.jpg
33485,1280,720,631.94293,353.39117,986.8637,986.74805,-4.280,-0.244,-6.225,0.145531,-0.310515,-0.089851,-0.935055,img_155.jpg
33563,1280,720,631.94293,353.39117,986.8637,986.74805,-4.362,-0.255,-6.314,0.135981,-0.304146,-0.080024,-0.939468,img_156.jpg
33654,1280,720,631.94293,353.39117,986.8637,986.74805,-4.436,-0.249,-6.399,0.133355,-0.286813,-0.079388,-0.945332,img_157.jpg
33737,1280,720,631.94293,353.39117,986.8637,986.74805,-4.480,-0.244,-6.453,0.137173,-0.280291,-0.070851,-0.947418,img_158.jpg
33814,1280,720,631.94293,353.39117,986.8637,986.74805,-4.550,-0.240,-6.530,0.140593,-0.266673,-0.077201,-0.950347,img_159.jpg
33904,1280,720,631.94293,353.39117,986.8637,986.74805,-4.597,-0.247,-6.587,0.157370,-0.262780,-0.076721,-0.948839,img_160.jpg
33975,1280,720,631.94293,353.39117,986.8637,986.74805,-4.652,-0.253,-6.641,0.153851,-0.257594,-0.076479,-0.950856,img_161.jpg
34051,1280,720,631.94293,353.39117,986.8637,986.74805,-4.720,-0.259,-6.723,0.145349,-0.259303,-0.065839,-0.952523,img_162.jpg
34137,1280,720,631.94293,353.39117,986.8637,986.74805,-4.774,-0.257,-6.795,0.137309,-0.262452,-0.055041,-0.953539,img_163.jpg
34209,1280,720,631.94293,353.39117,986.8637,986.74805,-4.823,-0.249,-6.863,0.134961,-0.266864,-0.047455,-0.953057,img_164.jpg
34282,1280,720,631.94293,353.39117,986.8637,986.74805,-4.895,-0.228,-6.955,0.139601,-0.272357,-0.039444,-0.951198,img_165.jpg
34371,1280,720,631.94293,353.39117,986.8637,986.74805,-4.941,-0.218,-7.020,0.133598,-0.270117,-0.038614,-0.952732,img_166.jpg
34445,1280,720,631.94293,353.39117,986.8637,986.74805,-5.027,-0.210,-7.120,0.150444,-0.272856,-0.036834,-0.949505,img_167.jpg
34536,1280,720,631.94293,353.39117,986.8637,986.74805,-5.074,-0.215,-7.171,0.160700,-0.275938,-0.051483,-0.946247,img_168.jpg
34609,1280,720,631.94293,353.39117,986.8637,986.74805,-5.125,-0.222,-7.223,0.158639,-0.280016,-0.066491,-0.944460,img_169.jpg
34681,1280,720,631.94293,353.39117,986.8637,986.74805,-5.196,-0.237,-7.304,0.147508,-0.275514,-0.079872,-0.946549,img_170.jpg
34771,1280,720,631.94293,353.39117,986.8637,986.74805,-5.255,-0.239,-7.380,0.144867,-0.273107,-0.080323,-0.947615,img_171.jpg
34843,1280,720,631.94293,353.39117,986.8637,986.74805,-5.300,-0.237,-7.438,0.132793,-0.267542,-0.077795,-0.951176,img_172.jpg
34919,1280,720,631.94293,353.39117,986.8637,986.74805,-5.366,-0.220,-7.527,0.154632,-0.269277,-0.064793,-0.948357,img_173.jpg
35003,1280,720,631.94293,353.39117,986.8637,986.74805,-5.412,-0.212,-7.588,0.152209,-0.260335,-0.062269,-0.951410,img_174.jpg
35070,1280,720,631.94293,353.39117,986.8637,986.74805,-5.450,-0.209,-7.643,0.152265,-0.256739,-0.058918,-0.952591,img_175.jpg
35153,1280,720,631.94293,353.39117,986.8637,986.74805,-5.515,-0.216,-7.735,0.161074,-0.255964,-0.051269,-0.951793,img_176.jpg
35236,1280,720,631.94293,353.39117,986.8637,986.74805,-5.558,-0.226,-7.794,0.156829,-0.256341,-0.053110,-0.952299,img_177.jpg
35309,1280,720,631.94293,353.39117,986.8637,986.74805,-5.596,-0.233,-7.855,0.147192,-0.262739,-0.053084,-0.952095,img_178.jpg
35382,1280,720,631.94293,353.39117,986.8637,986.74805,-5.662,-0.233,-7.952,0.135775,-0.268110,-0.058473,-0.951979,img_179.jpg
35470,1280,720,631.94293,353.39117,986.8637,986.74805,-5.708,-0.222,-8.018,0.127956,-0.273037,-0.062702,-0.951392,img_180.jpg
35542,1280,720,631.94293,353.39117,986.8637,986.74805,-5.774,-0.211,-8.110,0.136380,-0.294296,-0.062577,-0.943861,img_181.jpg
35636,1280,720,631.94293,353.39117,986.8637,986.74805,-5.821,-0.203,-8.164,0.141234,-0.297829,-0.070188,-0.941501,img_182.jpg
35710,1280,720,631.94293,353.39117,986.8637,986.74805,-5.888,-0.196,-8.245,0.143087,-0.307756,-0.064892,-0.938404,img_183.jpg
35802,1280,720,631.94293,353.39117,986.8637,986.74805,-5.938,-0.200,-8.300,0.148258,-0.312729,-0.070703,-0.935533,img_184.jpg
35876,1280,720,631.94293,353.39117,986.8637,986.74805,-5.980,-0.204,-8.351,0.135833,-0.316864,-0.074131,-0.935763,img_185.jpg
35951,1280,720,631.94293,353.39117,986.8637,986.74805,-6.058,-0.213,-8.444,0.128179,-0.321575,-0.076448,-0.935048,img_186.jpg
36036,1280,720,631.94293,353.39117,986.8637,986.74805,-6.104,-0.216,-8.500,0.121625,-0.321503,-0.076730,-0.935925,img_187.jpg
36112,1280,720,631.94293,353.39117,986.8637,986.74805,-6.174,-0.215,-8.586,0.139017,-0.316730,-0.090261,-0.933921,img_188.jpg
36188,1280,720,631.94293,353.39117,986.8637,986.74805,-6.216,-0.210,-8.643,0.147279,-0.316865,-0.086144,-0.932998,img_189.jpg
36270,1280,720,631.94293,353.39117,986.8637,986.74805,-6.254,-0.209,-8.701,0.148554,-0.309915,-0.089595,-0.934803,img_190.jpg
36346,1280,720,631.94293,353.39117,986.8637,986.74805,-6.314,-0.208,-8.798,0.151649,-0.304980,-0.076196,-0.937115,img_191.jpg
36435,1280,720,631.94293,353.39117,986.8637,986.74805,-6.356,-0.213,-8.861,0.152445,-0.305346,-0.072129,-0.937188,img_192.jpg
36508,1280,720,631.94293,353.39117,986.8637,986.74805,-6.399,-0.219,-8.926,0.148195,-0.309940,-0.070082,-0.936517,img_193.jpg
36586,1280,720,631.94293,353.39117,986.8637,986.74805,-6.462,-0.219,-9.025,0.133135,-0.317357,-0.071418,-0.936194,img_194.jpg
36669,1280,720,631.94293,353.39117,986.8637,986.74805,-6.511,-0.214,-9.098,0.130605,-0.325463,-0.068582,-0.933977,img_195.jpg
36745,1280,720,631.94293,353.39117,986.8637,986.74805,-6.575,-0.194,-9.201,0.142035,-0.331485,-0.070040,-0.930074,img_196.jpg
36835,1280,720,631.94293,353.39117,986.8637,986.74805,-6.616,-0.187,-9.266,0.140053,-0.334125,-0.069576,-0.929465,img_197.jpg
36909,1280,720,631.94293,353.39117,986.8637,986.74805,-6.685,-0.183,-9.359,0.155994,-0.341117,-0.068643,-0.924442,img_198.jpg
37001,1280,720,631.94293,353.39117,986.8637,986.74805,-6.735,-0.186,-9.416,0.161300,-0.342834,-0.079180,-0.922051,img_199.jpg
37074,1280,720,631.94293,353.39117,986.8637,986.74805,-6.785,-0.193,-9.473,0.153695,-0.344828,-0.088380,-0.921770,img_200.jpg
37145,1280,720,631.94293,353.39117,986.8637,986.74805,-6.863,-0.205,-9.566,0.143674,-0.342614,-0.094201,-0.923634,img_201.jpg
37218,1280,720,631.94293,353.39117,986.8637,986.74805,-6.910,-0.212,-9.620,0.138259,-0.342195,-0.094593,-0.924575,img_202.jpg
37301,1280,720,631.94293,353.39117,986.8637,986.74805,-6.967,-0.214,-9.681,0.138627,-0.335294,-0.102872,-0.926163,img_203.jpg
37369,1280,720,631.94293,353.39117,986.8637,986.74805,-7.016,-0.209,-9.746,0.151035,-0.334418,-0.104226,-0.924386,img_204.jpg
37439,1280,720,631.94293,353.39117,986.8637,986.74805,-7.056,-0.202,-9.800,0.153060,-0.330579,-0.099714,-0.925930,img_205.jpg
37512,1280,720,631.94293,353.39117,986.8637,986.74805,-7.118,-0.197,-9.883,0.151403,-0.324628,-0.090969,-0.929203,img_206.jpg
37601,1280,720,631.94293,353.39117,986.8637,986.74805,-7.165,-0.202,-9.946,0.158592,-0.320274,-0.085294,-0.930053,img_207.jpg
37673,1280,720,631.94293,353.39117,986.8637,986.74805,-7.208,-0.212,-10.007,0.158468,-0.318896,-0.080143,-0.931005,img_208.jpg
37750,1280,720,631.94293,353.39117,986.8637,986.74805,-7.277,-0.223,-10.109,0.148440,-0.320000,-0.076363,-0.932596,img_209.jpg
37834,1280,720,631.94293,353.39117,986.8637,986.74805,-7.321,-0.219,-10.175,0.136131,-0.317985,-0.074788,-0.935286,img_210.jpg
37910,1280,720,631.94293,353.39117,986.8637,986.74805,-7.393,-0.200,-10.277,0.141427,-0.328619,-0.064383,-0.931592,img_211.jpg
38001,1280,720,631.94293,353.39117,986.8637,986.74805,-7.422,-0.189,-10.323,0.138344,-0.332158,-0.056710,-0.931298,img_212.jpg
38073,1280,720,631.94293,353.39117,986.8637,986.74805,-7.462,-0.181,-10.370,0.137919,-0.323493,-0.064717,-0.933886,img_213.jpg
38149,1280,720,631.94293,353.39117,986.8637,986.74805,-7.530,-0.176,-10.449,0.142332,-0.321994,-0.068225,-0.933492,img_214.jpg
38234,1280,720,631.94293,353.39117,986.8637,986.74805,-7.580,-0.179,-10.497,0.139212,-0.322454,-0.082619,-0.932640,img_215.jpg
38308,1280,720,631.94293,353.39117,986.8637,986.74805,-7.661,-0.188,-10.576,0.133542,-0.330142,-0.091853,-0.929912,img_216.jpg
38402,1280,720,631.94293,353.39117,986.8637,986.74805,-7.714,-0.197,-10.626,0.133417,-0.329438,-0.099294,-0.929415,img_217.jpg
38476,1280,720,631.94293,353.39117,986.8637,986.74805,-7.767,-0.199,-10.681,0.129654,-0.333076,-0.097169,-0.928875,img_218.jpg
38553,1280,720,631.94293,353.39117,986.8637,986.74805,-7.847,-0.191,-10.766,0.147004,-0.327179,-0.099791,-0.928109,img_219.jpg
38651,1280,720,631.94293,353.39117,986.8637,986.74805,-7.917,-0.183,-10.847,0.144466,-0.317613,-0.098585,-0.931951,img_220.jpg
38733,1280,720,631.94293,353.39117,986.8637,986.74805,-7.959,-0.184,-10.904,0.151935,-0.310123,-0.088340,-0.934310,img_221.jpg
38810,1280,720,631.94293,353.39117,986.8637,986.74805,-8.025,-0.194,-10.991,0.158022,-0.296740,-0.082784,-0.938148,img_222.jpg
38900,1280,720,631.94293,353.39117,986.8637,986.74805,-8.073,-0.203,-11.051,0.154257,-0.294321,-0.079112,-0.939852,img_223.jpg
38974,1280,720,631.94293,353.39117,986.8637,986.74805,-8.119,-0.209,-11.111,0.140882,-0.293708,-0.075741,-0.942418,img_224.jpg
39067,1280,720,631.94293,353.39117,986.8637,986.74805,-8.191,-0.210,-11.209,0.138846,-0.295957,-0.074907,-0.942083,img_225.jpg
39141,1280,720,631.94293,353.39117,986.8637,986.74805,-8.259,-0.192,-11.305,0.144247,-0.304430,-0.072398,-0.938762,img_226.jpg
39233,1280,720,631.94293,353.39117,986.8637,986.74805,-8.304,-0.179,-11.367,0.141814,-0.313258,-0.058884,-0.937172,img_227.jpg
39309,1280,720,631.94293,353.39117,986.8637,986.74805,-8.385,-0.170,-11.454,0.145912,-0.313530,-0.067962,-0.935837,img_228.jpg
39399,1280,720,631.94293,353.39117,986.8637,986.74805,-8.440,-0.171,-11.504,0.148447,-0.317840,-0.073004,-0.933602,img_229.jpg
39473,1280,720,631.94293,353.39117,986.8637,986.74805,-8.495,-0.177,-11.555,0.147555,-0.320102,-0.083451,-0.932093,img_230.jpg
39549,1280,720,631.94293,353.39117,986.8637,986.74805,-8.572,-0.188,-11.635,0.137404,-0.319589,-0.079265,-0.934184,img_231.jpg
39632,1280,720,631.94293,353.39117,986.8637,986.74805,-8.624,-0.196,-11.687,0.134281,-0.317311,-0.077050,-0.935599,img_232.jpg
39707,1280,720,631.94293,353.39117,986.8637,986.74805,-8.685,-0.198,-11.752,0.123083,-0.313656,-0.071963,-0.938771,img_233.jpg
39784,1280,720,631.94293,353.39117,986.8637,986.74805,-8.767,-0.191,-11.838,0.142796,-0.305764,-0.075525,-0.938304,img_234.jpg
39867,1280,720,631.94293,353.39117,986.8637,986.74805,-8.810,-0.188,-11.887,0.141598,-0.297583,-0.076270,-0.941051,img_235.jpg
39942,1280,720,631.94293,353.39117,986.8637,986.74805,-8.876,-0.188,-11.972,0.143238,-0.291120,-0.067351,-0.943502,img_236.jpg
40032,1280,720,631.94293,353.39117,986.8637,986.74805,-8.913,-0.190,-12.020,0.148167,-0.290903,-0.062296,-0.943155,img_237.jpg
40106,1280,720,631.94293,353.39117,986.8637,986.74805,-8.964,-0.194,-12.088,0.135987,-0.286473,-0.060496,-0.946457,img_238.jpg
40181,1280,720,631.94293,353.39117,986.8637,986.74805,-9.011,-0.199,-12.152,0.127201,-0.290198,-0.056140,-0.946812,img_239.jpg
40256,1280,720,631.94293,353.39117,986.8637,986.74805,-9.085,-0.198,-12.254,0.119740,-0.288813,-0.060031,-0.947969,img_240.jpg
40349,1280,720,631.94293,353.39117,986.8637,986.74805,-9.153,-0.182,-12.349,0.129689,-0.295963,-0.061136,-0.944378,img_241.jpg
40432,1280,720,631.94293,353.39117,986.8637,986.74805,-9.195,-0.169,-12.401,0.119771,-0.303622,-0.057391,-0.943491,img_242.jpg
40499,1280,720,631.94293,353.39117,986.8637,986.74805,-9.240,-0.163,-12.452,0.132978,-0.312736,-0.063486,-0.938340,img_243.jpg
40582,1280,720,631.94293,353.39117,986.8637,986.74805,-9.316,-0.162,-12.529,0.156216,-0.327958,-0.069414,-0.929097,img_244.jpg
40649,1280,720,631.94293,353.39117,986.8637,986.74805,-9.367,-0.172,-12.582,0.168921,-0.333174,-0.076227,-0.924473,img_245.jpg
40731,1280,720,631.94293,353.39117,986.8637,986.74805,-9.417,-0.183,-12.633,0.164059,-0.333088,-0.080714,-0.924999,img_246.jpg
40801,1280,720,631.94293,353.39117,986.8637,986.74805,-9.465,-0.192,-12.687,0.153895,-0.332985,-0.082961,-0.926582,img_247.jpg
40884,1280,720,631.94293,353.39117,986.8637,986.74805,-9.540,-0.193,-12.768,0.135248,-0.330273,-0.074436,-0.931175,img_248.jpg
40966,1280,720,631.94293,353.39117,986.8637,986.74805,-9.587,-0.191,-12.819,0.139118,-0.318487,-0.080810,-0.934174,img_249.jpg
41043,1280,720,631.94293,353.39117,986.8637,986.74805,-9.651,-0.181,-12.893,0.144765,-0.312193,-0.080395,-0.935476,img_250.jpg
41131,1280,720,631.94293,353.39117,986.8637,986.74805,-9.693,-0.175,-12.944,0.133210,-0.303824,-0.083438,-0.939672,img_251.jpg
41205,1280,720,631.94293,353.39117,986.8637,986.74805,-9.756,-0.175,-13.027,0.141367,-0.299641,-0.068818,-0.941007,img_252.jpg
41282,1280,720,631.94293,353.39117,986.8637,986.74805,-9.803,-0.182,-13.086,0.138063,-0.296932,-0.066418,-0.942528,img_253.jpg
41365,1280,720,631.94293,353.39117,986.8637,986.74805,-9.854,-0.188,-13.149,0.133789,-0.295045,-0.067027,-0.943693,img_254.jpg
41438,1280,720,631.94293,353.39117,986.8637,986.74805,-9.929,-0.191,-13.247,0.116005,-0.288791,-0.062103,-0.948307,img_255.jpg
41531,1280,720,631.94293,353.39117,986.8637,986.74805,-9.968,-0.190,-13.306,0.120772,-0.294852,-0.061515,-0.945882,img_256.jpg
41618,1280,720,631.94293,353.39117,986.8637,986.74805,-10.035,-0.183,-13.401,0.142495,-0.303592,-0.060606,-0.940135,img_257.jpg
41716,1280,720,631.94293,353.39117,986.8637,986.74805,-10.104,-0.180,-13.481,0.154425,-0.302068,-0.069826,-0.938100,img_258.jpg
41798,1280,720,631.94293,353.39117,986.8637,986.74805,-10.154,-0.182,-13.532,0.157271,-0.302344,-0.072769,-0.937315,img_259.jpg
41882,1280,720,631.94293,353.39117,986.8637,986.74805,-10.235,-0.193,-13.613,0.170769,-0.302237,-0.085336,-0.933921,img_260.jpg
41965,1280,720,631.94293,353.39117,986.8637,986.74805,-10.293,-0.201,-13.674,0.167257,-0.300866,-0.090503,-0.934513,img_261.jpg
42035,1280,720,631.94293,353.39117,986.8637,986.74805,-10.341,-0.210,-13.718,0.162839,-0.299923,-0.091742,-0.935475,img_262.jpg
42109,1280,720,631.94293,353.39117,986.8637,986.74805,-10.417,-0.215,-13.784,0.158310,-0.297462,-0.080735,-0.938049,img_263.jpg
42182,1280,720,631.94293,353.39117,986.8637,986.74805,-10.474,-0.211,-13.832,0.163493,-0.288469,-0.085189,-0.939573,img_264.jpg
42265,1280,720,631.94293,353.39117,986.8637,986.74805,-10.534,-0.201,-13.893,0.161364,-0.283704,-0.076839,-0.942109,img_265.jpg
42337,1280,720,631.94293,353.39117,986.8637,986.74805,-10.580,-0.196,-13.940,0.156861,-0.272921,-0.078175,-0.945937,img_266.jpg
42410,1280,720,631.94293,353.39117,986.8637,986.74805,-10.663,-0.192,-14.036,0.159673,-0.254908,-0.071149,-0.951034,img_267.jpg
42498,1280,720,631.94293,353.39117,986.8637,986.74805,-10.709,-0.194,-14.093,0.156923,-0.237576,-0.067481,-0.956232,img_268.jpg
42569,1280,720,631.94293,353.39117,986.8637,986.74805,-10.778,-0.199,-14.187,0.148648,-0.220546,-0.054365,-0.962449,img_269.jpg
42647,1280,720,631.94293,353.39117,986.8637,986.74805,-10.824,-0.201,-14.251,0.134740,-0.215273,-0.049197,-0.965962,img_270.jpg
42730,1280,720,631.94293,353.39117,986.8637,986.74805,-10.872,-0.201,-14.318,0.130373,-0.228201,-0.043378,-0.963870,img_271.jpg
42803,1280,720,631.94293,353.39117,986.8637,986.74805,-10.918,-0.197,-14.387,0.139634,-0.236726,-0.034295,-0.960878,img_272.jpg
42875,1280,720,631.94293,353.39117,986.8637,986.74805,-10.984,-0.182,-14.480,0.138374,-0.241539,-0.032183,-0.959935,img_273.jpg
42964,1280,720,631.94293,353.39117,986.8637,986.74805,-11.035,-0.182,-14.550,0.147809,-0.237136,-0.035363,-0.959515,img_274.jpg
43047,1280,720,631.94293,353.39117,986.8637,986.74805,-11.096,-0.184,-14.637,0.158156,-0.245640,-0.043485,-0.955383,img_275.jpg
43130,1280,720,631.94293,353.39117,986.8637,986.74805,-11.138,-0.190,-14.694,0.156249,-0.250618,-0.061909,-0.953385,img_276.jpg
43204,1280,720,631.94293,353.39117,986.8637,986.74805,-11.178,-0.197,-14.754,0.155778,-0.261592,-0.063057,-0.950435,img_277.jpg
43282,1280,720,631.94293,353.39117,986.8637,986.74805,-11.241,-0.212,-14.843,0.149586,-0.269201,-0.068022,-0.948961,img_278.jpg
43364,1280,720,631.94293,353.39117,986.8637,986.74805,-11.287,-0.220,-14.909,0.134781,-0.271041,-0.077630,-0.949918,img_279.jpg
43443,1280,720,631.94293,353.39117,986.8637,986.74805,-11.359,-0.230,-15.010,0.173883,-0.274226,-0.100040,-0.940509,img_280.jpg
43530,1280,720,631.94293,353.39117,986.8637,986.74805,-11.397,-0.226,-15.071,0.173179,-0.273094,-0.108504,-0.940029,img_281.jpg
43604,1280,720,631.94293,353.39117,986.8637,986.74805,-11.430,-0.222,-15.130,0.170805,-0.269158,-0.109247,-0.941512,img_282.jpg
43682,1280,720,631.94293,353.39117,986.8637,986.74805,-11.472,-0.217,-15.226,0.171801,-0.267137,-0.094679,-0.943482,img_283.jpg
43763,1280,720,631.94293,353.39117,986.8637,986.74805,-11.515,-0.224,-15.307,0.170236,-0.275070,-0.087035,-0.942221,img_284.jpg
43836,1280,720,631.94293,353.39117,986.8637,986.74805,-11.558,-0.227,-15.405,0.153618,-0.301437,-0.089001,-0.936812,img_285.jpg
43929,1280,720,631.94293,353.39117,986.8637,986.74805,-11.586,-0.227,-15.471,0.147800,-0.319917,-0.089380,-0.931568,img_286.jpg
43999,1280,720,631.94293,353.39117,986.8637,986.74805,-11.614,-0.223,-15.543,0.154898,-0.331695,-0.090628,-0.926160,img_287.jpg
44071,1280,720,631.94293,353.39117,986.8637,986.74805,-11.643,-0.213,-15.613,0.169162,-0.347592,-0.085541,-0.918285,img_288.jpg
44143,1280,720,631.94293,353.39117,986.8637,986.74805,-11.696,-0.201,-15.712,0.161393,-0.361874,-0.089504,-0.913777,img_289.jpg
44229,1280,720,631.94293,353.39117,986.8637,986.74805,-11.727,-0.192,-15.770,0.168684,-0.370324,-0.087896,-0.909219,img_290.jpg
44300,1280,720,631.94293,353.39117,986.8637,986.74805,-11.766,-0.188,-15.826,0.167538,-0.381610,-0.088970,-0.904649,img_291.jpg
44372,1280,720,631.94293,353.39117,986.8637,986.74805,-11.809,-0.189,-15.881,0.154834,-0.397227,-0.094917,-0.899571,img_292.jpg
44445,1280,720,631.94293,353.39117,986.8637,986.74805,-11.872,-0.196,-15.963,0.141785,-0.420784,-0.104055,-0.889950,img_293.jpg
44528,1280,720,631.94293,353.39117,986.8637,986.74805,-11.918,-0.202,-16.024,0.134392,-0.433220,-0.113050,-0.884013,img_294.jpg
44603,1280,720,631.94293,353.39117,986.8637,986.74805,-11.968,-0.208,-16.079,0.122226,-0.443191,-0.122555,-0.879558,img_295.jpg
44678,1280,720,631.94293,353.39117,986.8637,986.74805,-12.046,-0.202,-16.163,0.158673,-0.459547,-0.124942,-0.864887,img_296.jpg
44763,1280,720,631.94293,353.39117,986.8637,986.74805,-12.089,-0.196,-16.213,0.143704,-0.471651,-0.124517,-0.861040,img_297.jpg
44833,1280,720,631.94293,353.39117,986.8637,986.74805,-12.131,-0.192,-16.257,0.139076,-0.484283,-0.124220,-0.854809,img_298.jpg
44913,1280,720,631.94293,353.39117,986.8637,986.74805,-12.201,-0.191,-16.334,0.146527,-0.504446,-0.112881,-0.843399,img_299.jpg
44995,1280,720,631.94293,353.39117,986.8637,986.74805,-12.255,-0.196,-16.389,0.140087,-0.519748,-0.109453,-0.835618,img_300.jpg
45065,1280,720,631.94293,353.39117,986.8637,986.74805,-12.311,-0.202,-16.449,0.132369,-0.536091,-0.112593,-0.826080,img_301.jpg
45141,1280,720,631.94293,353.39117,986.8637,986.74805,-12.391,-0.205,-16.538,0.118969,-0.555133,-0.115750,-0.815031,img_302.jpg
45228,1280,720,631.94293,353.39117,986.8637,986.74805,-12.433,-0.201,-16.598,0.122575,-0.559631,-0.117862,-0.811109,img_303.jpg
45302,1280,720,631.94293,353.39117,986.8637,986.74805,-12.490,-0.191,-16.657,0.126506,-0.569398,-0.116421,-0.803883,img_304.jpg
45373,1280,720,631.94293,353.39117,986.8637,986.74805,-12.553,-0.186,-16.708,0.128645,-0.575999,-0.127125,-0.797192,img_305.jpg
45444,1280,720,631.94293,353.39117,986.8637,986.74805,-12.648,-0.184,-16.769,0.136713,-0.599434,-0.133841,-0.777223,img_306.jpg
45528,1280,720,631.94293,353.39117,986.8637,986.74805,-12.714,-0.194,-16.815,0.144911,-0.612655,-0.148928,-0.762546,img_307.jpg
45595,1280,720,631.94293,353.39117,986.8637,986.74805,-12.769,-0.207,-16.849,0.140649,-0.625837,-0.150675,-0.752225,img_308.jpg
45662,1280,720,631.94293,353.39117,986.8637,986.74805,-12.838,-0.218,-16.885,0.142531,-0.636888,-0.150222,-0.742626,img_309.jpg
45732,1280,720,631.94293,353.39117,986.8637,986.74805,-12.906,-0.229,-16.924,0.141345,-0.645023,-0.148623,-0.736124,img_310.jpg
45802,1280,720,631.94293,353.39117,986.8637,986.74805,-13.007,-0.236,-16.962,0.147323,-0.648759,-0.166354,-0.727828,img_311.jpg
45895,1280,720,631.94293,353.39117,986.8637,986.74805,-13.076,-0.229,-16.989,0.153427,-0.658971,-0.162951,-0.718097,img_312.jpg
45968,1280,720,631.94293,353.39117,986.8637,986.74805,-13.131,-0.225,-17.001,0.129196,-0.665652,-0.167259,-0.715709,img_313.jpg
46048,1280,720,631.94293,353.39117,986.8637,986.74805,-13.224,-0.221,-17.021,0.128884,-0.682952,-0.161686,-0.700588,img_314.jpg
46144,1280,720,631.94293,353.39117,986.8637,986.74805,-13.325,-0.222,-17.041,0.123442,-0.705851,-0.155740,-0.679912,img_315.jpg
46227,1280,720,631.94293,353.39117,986.8637,986.74805,-13.400,-0.225,-17.059,0.111713,-0.721584,-0.157874,-0.664765,img_316.jpg
46302,1280,720,631.94293,353.39117,986.8637,986.74805,-13.503,-0.229,-17.067,0.097093,-0.747650,-0.156691,-0.637997,img_317.jpg
46394,1280,720,631.94293,353.39117,986.8637,986.74805,-13.582,-0.226,-17.075,0.096293,-0.762633,-0.157703,-0.619877,img_318.jpg
46463,1280,720,631.94293,353.39117,986.8637,986.74805,-13.688,-0.221,-17.098,0.108455,-0.773939,-0.167263,-0.601065,img_319.jpg
46536,1280,720,631.94293,353.39117,986.8637,986.74805,-13.821,-0.208,-17.100,0.104063,-0.789703,-0.169232,-0.580432,img_320.jpg
46627,1280,720,631.94293,353.39117,986.8637,986.74805,-13.886,-0.203,-17.082,0.095704,-0.802728,-0.166916,-0.564453,img_321.jpg
46702,1280,720,631.94293,353.39117,986.8637,986.74805,-13.946,-0.210,-17.051,0.090817,-0.812035,-0.174788,-0.549365,img_322.jpg
46778,1280,720,631.94293,353.39117,986.8637,986.74805,-14.054,-0.222,-17.017,0.090452,-0.822510,-0.174025,-0.533865,img_323.jpg
46861,1280,720,631.94293,353.39117,986.8637,986.74805,-14.106,-0.233,-16.982,0.088759,-0.828876,-0.167651,-0.526289,img_324.jpg
46937,1280,720,631.94293,353.39117,986.8637,986.74805,-14.201,-0.245,-16.933,0.077602,-0.832856,-0.168347,-0.521524,img_325.jpg
47027,1280,720,631.94293,353.39117,986.8637,986.74805,-14.252,-0.248,-16.896,0.072583,-0.833114,-0.170699,-0.521070,img_326.jpg
47100,1280,720,631.94293,353.39117,986.8637,986.74805,-14.310,-0.241,-16.864,0.087181,-0.831639,-0.177452,-0.518928,img_327.jpg
47171,1280,720,631.94293,353.39117,986.8637,986.74805,-14.410,-0.238,-16.816,0.085172,-0.832789,-0.170595,-0.519717,img_328.jpg
47243,1280,720,631.94293,353.39117,986.8637,986.74805,-14.431,-0.238,-16.798,0.092517,-0.833303,-0.175273,-0.516067,img_329.jpg
47327,1280,720,631.94293,353.39117,986.8637,986.74805,-14.522,-0.243,-16.749,0.097813,-0.836245,-0.162100,-0.514636,img_330.jpg
47396,1280,720,631.94293,353.39117,986.8637,986.74805,-14.587,-0.247,-16.716,0.107048,-0.837005,-0.156995,-0.513144,img_331.jpg
47477,1280,720,631.94293,353.39117,986.8637,986.74805,-14.702,-0.254,-16.667,0.107190,-0.839612,-0.136466,-0.514722,img_332.jpg
47561,1280,720,631.94293,353.39117,986.8637,986.74805,-14.786,-0.256,-16.631,0.105397,-0.843857,-0.128512,-0.510178,img_333.jpg
47632,1280,720,631.94293,353.39117,986.8637,986.74805,-14.861,-0.249,-16.598,0.098930,-0.850678,-0.132998,-0.498871,img_334.jpg
47710,1280,720,631.94293,353.39117,986.8637,986.74805,-14.957,-0.230,-16.559,0.080895,-0.852732,-0.132801,-0.498666,img_335.jpg
47793,1280,720,631.94293,353.39117,986.8637,986.74805,-15.024,-0.222,-16.525,0.074509,-0.853828,-0.136093,-0.496896,img_336.jpg
47877,1280,720,631.94293,353.39117,986.8637,986.74805,-15.121,-0.220,-16.474,0.077355,-0.858467,-0.146556,-0.485358,img_337.jpg
47961,1280,720,631.94293,353.39117,986.8637,986.74805,-15.176,-0.224,-16.431,0.072626,-0.860946,-0.152566,-0.479814,img_338.jpg
48035,1280,720,631.94293,353.39117,986.8637,986.74805,-15.269,-0.239,-16.366,0.059568,-0.865697,-0.153109,-0.472841,img_339.jpg
48126,1280,720,631.94293,353.39117,986.8637,986.74805,-15.326,-0.251,-16.325,0.055654,-0.867530,-0.150812,-0.470691,img_340.jpg
48201,1280,720,631.94293,353.39117,986.8637,986.74805,-15.418,-0.256,-16.247,0.046684,-0.865396,-0.154834,-0.474274,img_341.jpg
48293,1280,720,631.94293,353.39117,986.8637,986.74805,-15.470,-0.255,-16.202,0.057366,-0.863270,-0.173257,-0.470592,img_342.jpg
48370,1280,720,631.94293,353.39117,986.8637,986.74805,-15.521,-0.248,-16.162,0.043452,-0.863601,-0.160270,-0.476044,img_343.jpg
48455,1280,720,631.94293,353.39117,986.8637,986.74805,-15.606,-0.247,-16.102,0.054394,-0.859562,-0.166630,-0.480030,img_344.jpg
48544,1280,720,631.94293,353.39117,986.8637,986.74805,-15.697,-0.253,-16.044,0.065565,-0.854349,-0.161935,-0.489456,img_345.jpg
48643,1280,720,631.94293,353.39117,986.8637,986.74805,-15.795,-0.262,-15.984,0.059191,-0.852382,-0.147091,-0.498303,img_346.jpg
48726,1280,720,631.94293,353.39117,986.8637,986.74805,-15.871,-0.267,-15.939,0.062177,-0.848151,-0.145094,-0.505690,img_347.jpg
48803,1280,720,631.94293,353.39117,986.8637,986.74805,-15.981,-0.264,-15.882,0.076832,-0.840697,-0.139127,-0.517657,img_348.jpg
48893,1280,720,631.94293,353.39117,986.8637,986.74805,-16.055,-0.254,-15.849,0.093323,-0.835966,-0.140188,-0.522301,img_349.jpg
48976,1280,720,631.94293,353.39117,986.8637,986.74805,-16.157,-0.248,-15.795,0.101379,-0.823015,-0.140722,-0.540894,img_350.jpg
49059,1280,720,631.94293,353.39117,986.8637,986.74805,-16.222,-0.246,-15.755,0.106707,-0.817950,-0.146970,-0.545868,img_351.jpg
49128,1280,720,631.94293,353.39117,986.8637,986.74805,-16.279,-0.247,-15.719,0.103068,-0.813534,-0.153664,-0.551296,img_352.jpg
49206,1280,720,631.94293,353.39117,986.8637,986.74805,-16.374,-0.257,-15.658,0.097753,-0.810097,-0.152042,-0.557738,img_353.jpg
49292,1280,720,631.94293,353.39117,986.8637,986.74805,-16.441,-0.263,-15.620,0.099198,-0.804846,-0.146671,-0.566454,img_354.jpg
49366,1280,720,631.94293,353.39117,986.8637,986.74805,-16.503,-0.265,-15.584,0.099875,-0.802177,-0.130932,-0.573928,img_355.jpg
49442,1280,720,631.94293,353.39117,986.8637,986.74805,-16.590,-0.256,-15.533,0.105662,-0.772909,-0.144295,-0.608791,img_356.jpg
49525,1280,720,631.94293,353.39117,986.8637,986.74805,-16.650,-0.245,-15.511,0.113198,-0.761543,-0.131163,-0.624528,img_357.jpg
49600,1280,720,631.94293,353.39117,986.8637,986.74805,-16.712,-0.241,-15.488,0.121537,-0.744160,-0.134354,-0.642965,img_358.jpg
49677,1280,720,631.94293,353.39117,986.8637,986.74805,-16.812,-0.237,-15.455,0.129205,-0.721607,-0.124619,-0.668625,img_359.jpg
49759,1280,720,631.94293,353.39117,986.8637,986.74805,-16.878,-0.235,-15.436,0.125268,-0.709591,-0.115234,-0.683747,img_360.jpg
49832,1280,720,631.94293,353.39117,986.8637,986.74805,-16.974,-0.235,-15.418,0.110545,-0.696073,-0.097094,-0.702734,img_361.jpg
49908,1280,720,631.94293,353.39117,986.8637,986.74805,-17.045,-0.235,-15.406,0.103282,-0.686261,-0.084507,-0.715008,img_362.jpg
49992,1280,720,631.94293,353.39117,986.8637,986.74805,-17.117,-0.232,-15.398,0.109923,-0.671031,-0.083787,-0.728432,img_363.jpg
50062,1280,720,631.94293,353.39117,986.8637,986.74805,-17.181,-0.224,-15.399,0.118496,-0.652053,-0.087187,-0.743763,img_364.jpg
50132,1280,720,631.94293,353.39117,986.8637,986.74805,-17.240,-0.216,-15.399,0.114395,-0.639425,-0.074285,-0.756658,img_365.jpg
50215,1280,720,631.94293,353.39117,986.8637,986.74805,-17.334,-0.210,-15.399,0.121433,-0.612726,-0.082555,-0.776534,img_366.jpg
50291,1280,720,631.94293,353.39117,986.8637,986.74805,-17.397,-0.210,-15.399,0.123360,-0.592587,-0.087261,-0.791207,img_367.jpg
50368,1280,720,631.94293,353.39117,986.8637,986.74805,-17.453,-0.211,-15.405,0.117388,-0.575234,-0.085465,-0.804998,img_368.jpg
50442,1280,720,631.94293,353.39117,986.8637,986.74805,-17.548,-0.218,-15.410,0.111720,-0.542906,-0.082907,-0.828190,img_369.jpg
50525,1280,720,631.94293,353.39117,986.8637,986.74805,-17.604,-0.221,-15.418,0.113060,-0.517829,-0.077137,-0.844465,img_370.jpg
50602,1280,720,631.94293,353.39117,986.8637,986.74805,-17.690,-0.219,-15.429,0.111551,-0.464529,-0.078144,-0.875022,img_371.jpg
50691,1280,720,631.94293,353.39117,986.8637,986.74805,-17.737,-0.214,-15.444,0.136080,-0.431192,-0.080057,-0.888339,img_372.jpg
50757,1280,720,631.94293,353.39117,986.8637,986.74805,-17.790,-0.204,-15.452,0.114305,-0.392367,-0.069572,-0.910023,img_373.jpg
50828,1280,720,631.94293,353.39117,986.8637,986.74805,-17.822,-0.199,-15.472,0.130277,-0.361701,-0.069222,-0.920548,img_374.jpg
50900,1280,720,631.94293,353.39117,986.8637,986.74805,-17.871,-0.194,-15.499,0.124145,-0.322315,-0.051670,-0.937033,img_375.jpg
50992,1280,720,631.94293,353.39117,986.8637,986.74805,-17.899,-0.191,-15.519,0.117847,-0.301370,-0.046240,-0.945066,img_376.jpg
51058,1280,720,631.94293,353.39117,986.8637,986.74805,-17.925,-0.192,-15.536,0.111373,-0.282768,-0.042475,-0.951753,img_377.jpg
51127,1280,720,631.94293,353.39117,986.8637,986.74805,-17.965,-0.200,-15.563,0.098912,-0.265823,-0.034616,-0.958309,img_378.jpg
51201,1280,720,631.94293,353.39117,986.8637,986.74805,-18.010,-0.200,-15.605,0.094485,-0.237795,-0.016175,-0.966574,img_379.jpg
51274,1280,720,631.94293,353.39117,986.8637,986.74805,-18.032,-0.200,-15.639,0.100282,-0.212127,-0.012552,-0.972002,img_380.jpg
51358,1280,720,631.94293,353.39117,986.8637,986.74805,-18.050,-0.198,-15.661,0.084712,-0.189589,0.000344,-0.978202,img_381.jpg
51428,1280,720,631.94293,353.39117,986.8637,986.74805,-18.072,-0.199,-15.684,0.085681,-0.160062,0.001592,-0.983380,img_382.jpg
51504,1280,720,631.94293,353.39117,986.8637,986.74805,-18.100,-0.198,-15.714,0.095096,-0.115501,-0.001924,-0.988743,img_383.jpg
51590,1280,720,631.94293,353.39117,986.8637,986.74805,-18.109,-0.197,-15.733,0.098922,-0.088034,0.003939,-0.991186,img_384.jpg
51664,1280,720,631.94293,353.39117,986.8637,986.74805,-18.135,-0.198,-15.764,0.110691,-0.052268,0.001352,-0.992479,img_385.jpg
51738,1280,720,631.94293,353.39117,986.8637,986.74805,-18.145,-0.197,-15.793,0.113717,0.005626,0.011202,-0.993434,img_386.jpg
51824,1280,720,631.94293,353.39117,986.8637,986.74805,-18.151,-0.198,-15.816,0.118976,0.057210,0.012743,-0.991166,img_387.jpg
51894,1280,720,631.94293,353.39117,986.8637,986.74805,-18.157,-0.195,-15.832,0.104695,0.109584,0.007467,-0.988420,img_388.jpg
51969,1280,720,631.94293,353.39117,986.8637,986.74805,-18.159,-0.191,-15.850,0.111235,0.157021,0.013952,-0.981212,img_389.jpg
52057,1280,720,631.94293,353.39117,986.8637,986.74805,-18.167,-0.187,-15.878,0.114181,0.210559,0.017755,-0.970728,img_390.jpg
52140,1280,720,631.94293,353.39117,986.8637,986.74805,-18.162,-0.183,-15.897,0.120972,0.260297,0.022467,-0.957657,img_391.jpg
52223,1280,720,631.94293,353.39117,986.8637,986.74805,-18.149,-0.178,-15.901,0.122469,0.296475,0.028434,-0.946729,img_392.jpg
52289,1280,720,631.94293,353.39117,986.8637,986.74805,-18.135,-0.173,-15.904,0.109350,0.328376,0.031786,-0.937658,img_393.jpg
52357,1280,720,631.94293,353.39117,986.8637,986.74805,-18.123,-0.166,-15.919,0.105779,0.357136,0.034176,-0.927414,img_394.jpg
52426,1280,720,631.94293,353.39117,986.8637,986.74805,-18.108,-0.164,-15.936,0.098646,0.379729,0.035305,-0.919145,img_395.jpg
52494,1280,720,631.94293,353.39117,986.8637,986.74805,-18.086,-0.164,-15.945,0.096045,0.399180,0.033819,-0.911201,img_396.jpg
52562,1280,720,631.94293,353.39117,986.8637,986.74805,-18.061,-0.164,-15.953,0.093366,0.411733,0.035055,-0.905831,img_397.jpg
52630,1280,720,631.94293,353.39117,986.8637,986.74805,-18.036,-0.163,-15.965,0.087843,0.420355,0.034730,-0.902429,img_398.jpg
52703,1280,720,631.94293,353.39117,986.8637,986.74805,-17.993,-0.161,-15.981,0.079352,0.428615,0.035600,-0.899291,img_399.jpg
52774,1280,720,631.94293,353.39117,986.8637,986.74805,-17.960,-0.160,-15.990,0.079291,0.432441,0.039594,-0.897296,img_400.jpg
52858,1280,720,631.94293,353.39117,986.8637,986.74805,-17.931,-0.156,-15.997,0.079710,0.431996,0.041887,-0.897369,img_401.jpg
52926,1280,720,631.94293,353.39117,986.8637,986.74805,-17.904,-0.152,-16.001,0.080244,0.427291,0.043416,-0.899499,img_402.jpg
53001,1280,720,631.94293,353.39117,986.8637,986.74805,-17.863,-0.149,-16.010,0.075972,0.425228,0.039820,-0.901012,img_403.jpg,marker_13.jpg,0.28229126,0.28229126,-17.181,-0.237,-16.543,-0.631475,0.305239,-0.294184,-0.294184
53090,1280,720,631.94293,353.39117,986.8637,986.74805,-17.839,-0.147,-16.017,0.071462,0.427606,0.034122,-0.900490,img_404.jpg
53175,1280,720,631.94293,353.39117,986.8637,986.74805,-17.810,-0.146,-16.025,0.070794,0.429655,0.031782,-0.899653,img_405.jpg
53241,1280,720,631.94293,353.39117,986.8637,986.74805,-17.793,-0.145,-16.033,0.072245,0.431959,0.035373,-0.898299,img_406.jpg
53330,1280,720,631.94293,353.39117,986.8637,986.74805,-17.775,-0.145,-16.048,0.069393,0.435769,0.036190,-0.896650,img_407.jpg,marker_13.jpg,0.281345,0.281345,-17.191,-0.231,-16.537,-0.631581,0.299609,-0.285693,-0.285693
53407,1280,720,631.94293,353.39117,986.8637,986.74805,-17.764,-0.144,-16.058,0.066639,0.437130,0.038014,-0.896121,img_408.jpg
53490,1280,720,631.94293,353.39117,986.8637,986.74805,-17.755,-0.144,-16.070,0.065242,0.438987,0.042119,-0.895131,img_409.jpg
53552,1280,720,631.94293,353.39117,986.8637,986.74805,-17.747,-0.144,-16.083,0.063523,0.441554,0.041765,-0.894008,img_410.jpg
53623,1280,720,631.94293,353.39117,986.8637,986.74805,-17.740,-0.142,-16.093,0.067486,0.444146,0.048207,-0.892108,img_411.jpg
53686,1280,720,631.94293,353.39117,986.8637,986.74805,-17.732,-0.144,-16.101,0.074206,0.443300,0.057265,-0.891459,img_412.jpg
53756,1280,720,631.94293,353.39117,986.8637,986.74805,-17.726,-0.147,-16.105,0.078206,0.449234,0.056782,-0.888172,img_413.jpg
53824,1280,720,631.94293,353.39117,986.8637,986.74805,-17.717,-0.153,-16.102,0.087053,0.452480,0.065481,-0.885097,img_414.jpg
53888,1280,720,631.94293,353.39117,986.8637,986.74805,-17.704,-0.158,-16.093,0.095714,0.459865,0.072685,-0.879818,img_415.jpg,marker_13.jpg,0.28091818,0.28091818,-17.202,-0.229,-16.532,-0.627070,0.317059,-0.305588,-0.305588
53973,1280,720,631.94293,353.39117,986.8637,986.74805,-17.681,-0.162,-16.065,0.096753,0.472252,0.085526,-0.871953,img_416.jpg
54039,1280,720,631.94293,353.39117,986.8637,986.74805,-17.664,-0.163,-16.038,0.094109,0.486413,0.085551,-0.864423,img_417.jpg
54105,1280,720,631.94293,353.39117,986.8637,986.74805,-17.644,-0.163,-16.001,0.081614,0.500474,0.092261,-0.856944,img_418.jpg
54190,1280,720,631.94293,353.39117,986.8637,986.74805,-17.621,-0.164,-15.957,0.076257,0.520772,0.088194,-0.845697,img_419.jpg
54251,1280,720,631.94293,353.39117,986.8637,986.74805,-17.595,-0.167,-15.910,0.072887,0.537710,0.088487,-0.835300,img_420.jpg
54322,1280,720,631.94293,353.39117,986.8637,986.74805,-17.568,-0.172,-15.859,0.077690,0.549806,0.088263,-0.826975,img_421.jpg
54387,1280,720,631.94293,353.39117,986.8637,986.74805,-17.544,-0.175,-15.807,0.079744,0.553582,0.090658,-0.823996,img_422.jpg
54456,1280,720,631.94293,353.39117,986.8637,986.74805,-17.519,-0.177,-15.758,0.091014,0.550969,0.097429,-0.823807,img_423.jpg
54521,1280,720,631.94293,353.39117,986.8637,986.74805,-17.493,-0.179,-15.712,0.102147,0.549272,0.102932,-0.822965,img_424.jpg
54589,1280,720,631.94293,353.39117,986.8637,986.74805,-17.464,-0.181,-15.670,0.113094,0.544347,0.114796,-0.823236,img_425.jpg
54659,1280,720,631.94293,353.39117,986.8637,986.74805,-17.435,-0.184,-15.634,0.118945,0.547298,0.111742,-0.820872,img_426.jpg
54730,1280,720,631.94293,353.39117,986.8637,986.74805,-17.382,-0.187,-15.587,0.124372,0.550094,0.120283,-0.816983,img_427.jpg
54806,1280,720,631.94293,353.39117,986.8637,986.74805,-17.346,-0.191,-15.556,0.124060,0.551808,0.124329,-0.815266,img_428.jpg
54888,1280,720,631.94293,353.39117,986.8637,986.74805,-17.302,-0.197,-15.535,0.125709,0.553131,0.122442,-0.814402,img_429.jpg
54954,1280,720,631.94293,353.39117,986.8637,986.74805,-17.254,-0.202,-15.516,0.128477,0.550427,0.118940,-0.816320,img_430.jpg
55039,1280,720,631.94293,353.39117,986.8637,986.74805,-17.181,-0.208,-15.497,0.135164,0.548321,0.103213,-0.818793,img_431.jpg
55122,1280,720,631.94293,353.39117,986.8637,986.74805,-17.127,-0.209,-15.485,0.139352,0.552479,0.083149,-0.817578,img_432.jpg
55190,1280,720,631.94293,353.39117,986.8637,986.74805,-17.066,-0.208,-15.479,0.157750,0.556230,0.069079,-0.812989,img_433.jpg
55254,1280,720,631.94293,353.39117,986.8637,986.74805,-17.002,-0.201,-15.472,0.164573,0.554768,0.064810,-0.812987,img_434.jpg
55321,1280,720,631.94293,353.39117,986.8637,986.74805,-16.937,-0.198,-15.471,0.157110,0.555785,0.067960,-0.813512,img_435.jpg
55387,1280,720,631.94293,353.39117,986.8637,986.74805,-16.869,-0.200,-15.470,0.164819,0.559873,0.071421,-0.808873,img_436.jpg
55453,1280,720,631.94293,353.39117,986.8637,986.74805,-16.800,-0.203,-15.469,0.157435,0.558655,0.074023,-0.810949,img_437.jpg
55522,1280,720,631.94293,353.39117,986.8637,986.74805,-16.726,-0.211,-15.476,0.158378,0.557099,0.079555,-0.811313,img_438.jpg
55592,1280,720,631.94293,353.39117,986.8637,986.74805,-16.650,-0.217,-15.474,0.152630,0.556807,0.081949,-0.812376,img_439.jpg
55659,1280,720,631.94293,353.39117,986.8637,986.74805,-16.575,-0.220,-15.479,0.146132,0.558165,0.073913,-0.813409,img_440.jpg
55724,1280,720,631.94293,353.39117,986.8637,986.74805,-16.500,-0.220,-15.493,0.142178,0.555753,0.071932,-0.815935,img_441.jpg
55793,1280,720,631.94293,353.39117,986.8637,986.74805,-16.426,-0.218,-15.501,0.135904,0.550180,0.071016,-0.820847,img_442.jpg
55861,1280,720,631.94293,353.39117,986.8637,986.74805,-16.322,-0.208,-15.524,0.136795,0.550276,0.062276,-0.821344,img_443.jpg
55939,1280,720,631.94293,353.39117,986.8637,986.74805,-16.262,-0.201,-15.544,0.140487,0.545964,0.057795,-0.823921,img_444.jpg
56021,1280,720,631.94293,353.39117,986.8637,986.74805,-16.202,-0.195,-15.566,0.149490,0.534507,0.070315,-0.828861,img_445.jpg
56087,1280,720,631.94293,353.39117,986.8637,986.74805,-16.141,-0.189,-15.587,0.149485,0.527027,0.076095,-0.833130,img_446.jpg
56153,1280,720,631.94293,353.39117,986.8637,986.74805,-16.081,-0.192,-15.615,0.155085,0.518249,0.078432,-0.837386,img_447.jpg
56239,1280,720,631.94293,353.39117,986.8637,986.74805,-15.990,-0.201,-15.666,0.157171,0.510188,0.070787,-0.842612,img_448.jpg
56321,1280,720,631.94293,353.39117,986.8637,986.74805,-15.935,-0.206,-15.705,0.157772,0.505117,0.062966,-0.846168,img_449.jpg
56384,1280,720,631.94293,353.39117,986.8637,986.74805,-15.884,-0.210,-15.744,0.154524,0.504245,0.048067,-0.848262,img_450.jpg
56455,1280,720,631.94293,353.39117,986.8637,986.74805,-15.826,-0.210,-15.783,0.162162,0.507276,0.046548,-0.845108,img_451.jpg
56522,1280,720,631.94293,353.39117,986.8637,986.74805,-15.762,-0.211,-15.825,0.174997,0.510333,0.056936,-0.840056,img_452.jpg
56593,1280,720,631.94293,353.39117,986.8637,986.74805,-15.676,-0.206,-15.873,0.161426,0.520083,0.053303,-0.837027,img_453.jpg
56670,1280,720,631.94293,353.39117,986.8637,986.74805,-15.619,-0.206,-15.907,0.162142,0.521123,0.061839,-0.835654,img_454.jpg
56737,1280,720,631.94293,353.39117,986.8637,986.74805,-15.552,-0.209,-15.944,0.160412,0.525909,0.064427,-0.832789,img_455.jpg
56820,1280,720,631.94293,353.39117,986.8637,986.74805,-15.492,-0.211,-15.982,0.150354,0.534534,0.053295,-0.829956,img_456.jpg
56888,1280,720,631.94293,353.39117,986.8637,986.74805,-15.420,-0.215,-16.026,0.143788,0.539648,0.045841,-0.828254,img_457.jpg
56956,1280,720,631.94293,353.39117,986.8637,986.74805,-15.355,-0.219,-16.064,0.132116,0.540489,0.045970,-0.829641,img_458.jpg
57025,1280,720,631.94293,353.39117,986.8637,986.74805,-15.287,-0.224,-16.108,0.133817,0.540732,0.043309,-0.829353,img_459.jpg
57095,1280,720,631.94293,353.39117,986.8637,986.74805,-15.185,-0.226,-16.173,0.147702,0.537537,0.056237,-0.828297,img_460.jpg
57171,1280,720,631.94293,353.39117,986.8637,986.74805,-15.128,-0.226,-16.211,0.146660,0.536149,0.058696,-0.829210,img_461.jpg
57255,1280,720,631.94293,353.39117,986.8637,986.74805,-15.063,-0.227,-16.254,0.159621,0.537292,0.072615,-0.824964,img_462.jpg
57320,1280,720,631.94293,353.39117,986.8637,986.74805,-15.001,-0.227,-16.297,0.169930,0.539064,0.092982,-0.819688,img_463.jpg
57390,1280,720,631.94293,353.39117,986.8637,986.74805,-14.954,-0.226,-16.330,0.173105,0.550491,0.098460,-0.810740,img_464.jpg
57460,1280,720,631.94293,353.39117,986.8637,986.74805,-14.897,-0.234,-16.368,0.171456,0.557889,0.101359,-0.805661,img_465.jpg
57529,1280,720,631.94293,353.39117,986.8637,986.74805,-14.811,-0.249,-16.425,0.169042,0.575674,0.097223,-0.794086,img_466.jpg
57620,1280,720,631.94293,353.39117,986.8637,986.74805,-14.748,-0.256,-16.466,0.163998,0.584084,0.101387,-0.788461,img_467.jpg
57706,1280,720,631.94293,353.39117,986.8637,986.74805,-14.657,-0.257,-16.517,0.171452,0.606527,0.111930,-0.768245,img_468.jpg
57787,1280,720,631.94293,353.39117,986.8637,986.74805,-14.595,-0.251,-16.543,0.166916,0.626830,0.123707,-0.750946,img_469.jpg
57852,1280,720,631.94293,353.39117,986.8637,986.74805,-14.538,-0.243,-16.565,0.153906,0.655155,0.121884,-0.729540,img_470.jpg
57937,1280,720,631.94293,353.39117,986.8637,986.74805,-14.450,-0.241,-16.582,0.150186,0.696060,0.137603,-0.688484,img_471.jpg
58019,1280,720,631.94293,353.39117,986.8637,986.74805,-14.379,-0.246,-16.592,0.137265,0.725519,0.139302,-0.659829,img_472.jpg
58086,1280,720,631.94293,353.39117,986.8637,986.74805,-14.281,-0.260,-16.609,0.137022,0.753553,0.142200,-0.627026,img_473.jpg
58152,1280,720,631.94293,353.39117,986.8637,986.74805,-14.207,-0.274,-16.606,0.126370,0.784508,0.147531,-0.588908,img_474.jpg
58220,1280,720,631.94293,353.39117,986.8637,986.74805,-14.139,-0.285,-16.598,0.115623,0.816973,0.139951,-0.547357,img_475.jpg
58291,1280,720,631.94293,353.39117,986.8637,986.74805,-14.070,-0.291,-16.588,0.104429,0.834701,0.150655,-0.519299,img_476.jpg
58357,1280,720,631.94293,353.39117,986.8637,986.74805,-14.009,-0.290,-16.571,0.096054,0.850754,0.172842,-0.486946,img_477.jpg
58426,1280,720,631.94293,353.39117,986.8637,986.74805,-13.930,-0.287,-16.542,0.093239,0.873505,0.191292,-0.437839,img_478.jpg
58503,1280,720,631.94293,353.39117,986.8637,986.74805,-13.899,-0.278,-16.512,0.087107,0.884167,0.204283,-0.411010,img_479.jpg
58586,1280,720,631.94293,353.39117,986.8637,986.74805,-13.868,-0.278,-16.479,0.088539,0.894103,0.211089,-0.384944,img_480.jpg
58651,1280,720,631.94293,353.39117,986.8637,986.74805,-13.815,-0.279,-16.456,0.086813,0.899986,0.213539,-0.369987,img_481.jpg
58721,1280,720,631.94293,353.39117,986.8637,986.74805,-13.773,-0.283,-16.429,0.087850,0.905712,0.207542,-0.359018,img_482.jpg
58785,1280,720,631.94293,353.39117,986.8637,986.74805,-13.710,-0.284,-16.406,0.083427,0.904103,0.210013,-0.362674,img_483.jpg
58856,1280,720,631.94293,353.39117,986.8637,986.74805,-13.649,-0.280,-16.383,0.075110,0.904640,0.209726,-0.363319,img_484.jpg
58931,1280,720,631.94293,353.39117,986.8637,986.74805,-13.534,-0.261,-16.350,0.093366,0.908046,0.193715,-0.359456,img_485.jpg
59019,1280,720,631.94293,353.39117,986.8637,986.74805,-13.486,-0.243,-16.326,0.088983,0.909459,0.189527,-0.359229,img_486.jpg
59083,1280,720,631.94293,353.39117,986.8637,986.74805,-13.429,-0.236,-16.294,0.092417,0.911304,0.202670,-0.346280,img_487.jpg
59169,1280,720,631.94293,353.39117,986.8637,986.74805,-13.358,-0.228,-16.245,0.077353,0.921807,0.192277,-0.327593,img_488.jpg
59253,1280,720,631.94293,353.39117,986.8637,986.74805,-13.323,-0.229,-16.221,0.075077,0.922682,0.187581,-0.328382,img_489.jpg
59321,1280,720,631.94293,353.39117,986.8637,986.74805,-13.284,-0.229,-16.183,0.066016,0.929615,0.167380,-0.321624,img_490.jpg
59392,1280,720,631.94293,353.39117,986.8637,986.74805,-13.197,-0.230,-16.102,0.057442,0.938767,0.143592,-0.307893,img_491.jpg
59485,1280,720,631.94293,353.39117,986.8637,986.74805,-13.151,-0.225,-16.048,0.053401,0.943491,0.136381,-0.297278,img_492.jpg
59559,1280,720,631.94293,353.39117,986.8637,986.74805,-13.101,-0.221,-15.988,0.050228,0.942322,0.154838,-0.292457,img_493.jpg
59639,1280,720,631.94293,353.39117,986.8637,986.74805,-13.026,-0.209,-15.904,0.046972,0.942259,0.160086,-0.290368,img_494.jpg
59736,1280,720,631.94293,353.39117,986.8637,986.74805,-12.947,-0.205,-15.826,0.055253,0.939660,0.175726,-0.288282,img_495.jpg
59836,1280,720,631.94293,353.39117,986.8637,986.74805,-12.865,-0.207,-15.745,0.059701,0.939945,0.174724,-0.287073,img_496.jpg
59919,1280,720,631.94293,353.39117,986.8637,986.74805,-12.809,-0.212,-15.691,0.061489,0.941518,0.168529,-0.285240,img_497.jpg
59999,1280,720,631.94293,353.39117,986.8637,986.74805,-12.730,-0.223,-15.615,0.067471,0.941806,0.169068,-0.282603,img_498.jpg
60085,1280,720,631.94293,353.39117,986.8637,986.74805,-12.668,-0.223,-15.558,0.074772,0.945538,0.161258,-0.272696,img_499.jpg
60171,1280,720,631.94293,353.39117,986.8637,986.74805,-12.584,-0.208,-15.478,0.069007,0.941980,0.190495,-0.267626,img_500.jpg
60254,1280,720,631.94293,353.39117,986.8637,986.74805,-12.530,-0.198,-15.426,0.067075,0.944813,0.182156,-0.263908,img_501.jpg
60333,1280,720,631.94293,353.39117,986.8637,986.74805,-12.456,-0.192,-15.349,0.060976,0.946575,0.172385,-0.265632,img_502.jpg
60418,1280,720,631.94293,353.39117,986.8637,986.74805,-12.402,-0.195,-15.296,0.057595,0.947933,0.171114,-0.262348,img_503.jpg
60518,1280,720,631.94293,353.39117,986.8637,986.74805,-12.318,-0.200,-15.202,0.048906,0.948304,0.162165,-0.268384,img_504.jpg
60592,1280,720,631.94293,353.39117,986.8637,986.74805,-12.235,-0.199,-15.108,0.042180,0.948685,0.145335,-0.277661,img_505.jpg
60685,1280,720,631.94293,353.39117,986.8637,986.74805,-12.177,-0.196,-15.040,0.045565,0.950719,0.138263,-0.273754,img_506.jpg
60758,1280,720,631.94293,353.39117,986.8637,986.74805,-12.123,-0.189,-14.975,0.046712,0.950036,0.136842,-0.276629,img_507.jpg
60834,1280,720,631.94293,353.39117,986.8637,986.74805,-12.041,-0.182,-14.876,0.050147,0.947903,0.143724,-0.279836,img_508.jpg
60919,1280,720,631.94293,353.39117,986.8637,986.74805,-11.981,-0.181,-14.812,0.050126,0.944238,0.158913,-0.283987,img_509.jpg
60999,1280,720,631.94293,353.39117,986.8637,986.74805,-11.899,-0.183,-14.720,0.061832,0.942324,0.161832,-0.286378,img_510.jpg
61084,1280,720,631.94293,353.39117,986.8637,986.74805,-11.842,-0.189,-14.658,0.067390,0.943877,0.152009,-0.285390,img_511.jpg
61160,1280,720,631.94293,353.39117,986.8637,986.74805,-11.801,-0.194,-14.614,0.070000,0.945878,0.141847,-0.283363,img_512.jpg
61253,1280,720,631.94293,353.39117,986.8637,986.74805,-11.724,-0.198,-14.539,0.069301,0.949292,0.126763,-0.279235,img_513.jpg
61327,1280,720,631.94293,353.39117,986.8637,986.74805,-11.666,-0.190,-14.481,0.077743,0.949124,0.139282,-0.271514,img_514.jpg
61408,1280,720,631.94293,353.39117,986.8637,986.74805,-11.588,-0.175,-14.394,0.073237,0.950318,0.133358,-0.271564,img_515.jpg
61502,1280,720,631.94293,353.39117,986.8637,986.74805,-11.529,-0.169,-14.318,0.063378,0.951522,0.137224,-0.267880,img_516.jpg
61585,1280,720,631.94293,353.39117,986.8637,986.74805,-11.477,-0.169,-14.258,0.060349,0.954056,0.138538,-0.258732,img_517.jpg
61669,1280,720,631.94293,353.39117,986.8637,986.74805,-11.404,-0.172,-14.158,0.047130,0.957375,0.127620,-0.254804,img_518.jpg
61752,1280,720,631.94293,353.39117,986.8637,986.74805,-11.347,-0.173,-14.083,0.042599,0.959683,0.115059,-0.252892,img_519.jpg
61828,1280,720,631.94293,353.39117,986.8637,986.74805,-11.269,-0.164,-13.974,0.037467,0.961742,0.101833,-0.251553,img_520.jpg
61917,1280,720,631.94293,353.39117,986.8637,986.74805,-11.212,-0.151,-13.901,0.035355,0.962685,0.101475,-0.248377,img_521.jpg
61991,1280,720,631.94293,353.39117,986.8637,986.74805,-11.130,-0.139,-13.801,0.034129,0.961374,0.110625,-0.249714,img_522.jpg
62083,1280,720,631.94293,353.39117,986.8637,986.74805,-11.076,-0.139,-13.735,0.032934,0.957967,0.129722,-0.253746,img_523.jpg
62158,1280,720,631.94293,353.39117,986.8637,986.74805,-11.028,-0.142,-13.675,0.032875,0.955761,0.132731,-0.260428,img_524.jpg
62252,1280,720,631.94293,353.39117,986.8637,986.74805,-10.952,-0.155,-13.577,0.037313,0.953958,0.130062,-0.267687,img_525.jpg
62332,1280,720,631.94293,353.39117,986.8637,986.74805,-10.880,-0.161,-13.483,0.040710,0.956697,0.115073,-0.264255,img_526.jpg
62417,1280,720,631.94293,353.39117,986.8637,986.74805,-10.837,-0.162,-13.425,0.044492,0.958863,0.112193,-0.256935,img_527.jpg
62495,1280,720,631.94293,353.39117,986.8637,986.74805,-10.752,-0.155,-13.317,0.054879,0.954503,0.142684,-0.256033,img_528.jpg
62583,1280,720,631.94293,353.39117,986.8637,986.74805,-10.714,-0.146,-13.261,0.048104,0.956741,0.130958,-0.255307,img_529.jpg
62658,1280,720,631.94293,353.39117,986.8637,986.74805,-10.682,-0.140,-13.207,0.048094,0.956110,0.134850,-0.255647,img_530.jpg
62732,1280,720,631.94293,353.39117,986.8637,986.74805,-10.630,-0.136,-13.125,0.041114,0.957372,0.138797,-0.249970,img_531.jpg
62817,1280,720,631.94293,353.39117,986.8637,986.74805,-10.588,-0.136,-13.063,0.035276,0.960976,0.123229,-0.245145,img_532.jpg
62897,1280,720,631.94293,353.39117,986.8637,986.74805,-10.529,-0.137,-12.964,0.026750,0.960998,0.107718,-0.253306,img_533.jpg
62983,1280,720,631.94293,353.39117,986.8637,986.74805,-10.484,-0.134,-12.891,0.032058,0.962272,0.100680,-0.250735,img_534.jpg
63060,1280,720,631.94293,353.39117,986.8637,986.74805,-10.409,-0.124,-12.770,0.038964,0.962006,0.103309,-0.249707,img_535.jpg
63151,1280,720,631.94293,353.39117,986.8637,986.74805,-10.369,-0.120,-12.701,0.037023,0.961286,0.097740,-0.254962,img_536.jpg
63227,1280,720,631.94293,353.39117,986.8637,986.74805,-10.255,-0.120,-12.541,0.044438,0.949816,0.147683,-0.272147,img_537.jpg
63319,1280,720,631.94293,353.39117,986.8637,986.74805,-10.202,-0.119,-12.466,0.047292,0.944882,0.158697,-0.282447,img_538.jpg
63392,1280,720,631.94293,353.39117,986.8637,986.74805,-10.121,-0.125,-12.365,0.053870,0.944954,0.144754,-0.288455,img_539.jpg
63468,1280,720,631.94293,353.39117,986.8637,986.74805,-10.076,-0.129,-12.310,0.047300,0.944447,0.141259,-0.292964,img_540.jpg
63551,1280,720,631.94293,353.39117,986.8637,986.74805,-10.026,-0.130,-12.248,0.040221,0.945888,0.133183,-0.293155,img_541.jpg
63633,1280,720,631.94293,353.39117,986.8637,986.74805,-9.980,-0.125,-12.195,0.041468,0.946972,0.128501,-0.291568,img_542.jpg
63706,1280,720,631.94293,353.39117,986.8637,986.74805,-9.908,-0.110,-12.109,0.036873,0.945029,0.128746,-0.298303,img_543.jpg
63799,1280,720,631.94293,353.39117,986.8637,986.74805,-9.845,-0.102,-12.032,0.043009,0.945912,0.127752,-0.295094,img_544.jpg
63882,1280,720,631.94293,353.39117,986.8637,986.74805,-9.798,-0.103,-11.970,0.037486,0.947002,0.123848,-0.294014,img_545.jpg
63961,1280,720,631.94293,353.39117,986.8637,986.74805,-9.721,-0.105,-11.867,0.035905,0.947236,0.116489,-0.296456,img_546.jpg
64050,1280,720,631.94293,353.39117,986.8637,986.74805,-9.678,-0.105,-11.811,0.037936,0.946237,0.106423,-0.303100,img_547.jpg
64120,1280,720,631.94293,353.39117,986.8637,986.74805,-9.597,-0.105,-11.707,0.038561,0.943800,0.102969,-0.311691,img_548.jpg
64216,1280,720,631.94293,353.39117,986.8637,986.74805,-9.549,-0.098,-11.641,0.037360,0.943573,0.108803,-0.310541,img_549.jpg
64292,1280,720,631.94293,353.39117,986.8637,986.74805,-9.474,-0.089,-11.545,0.038902,0.941639,0.108580,-0.316247,img_550.jpg
64382,1280,720,631.94293,353.39117,986.8637,986.74805,-9.420,-0.086,-11.484,0.047032,0.940216,0.115991,-0.316746,img_551.jpg
64454,1280,720,631.94293,353.39117,986.8637,986.74805,-9.366,-0.080,-11.424,0.038668,0.936609,0.127327,-0.324123,img_552.jpg
64532,1280,720,631.94293,353.39117,986.8637,986.74805,-9.268,-0.091,-11.326,0.045105,0.935446,0.127096,-0.326732,img_553.jpg
64616,1280,720,631.94293,353.39117,986.8637,986.74805,-9.208,-0.097,-11.266,0.045646,0.936183,0.116773,-0.328394,img_554.jpg
64691,1280,720,631.94293,353.39117,986.8637,986.74805,-9.113,-0.104,-11.166,0.048473,0.939071,0.099923,-0.325288,img_555.jpg
64766,1280,720,631.94293,353.39117,986.8637,986.74805,-9.050,-0.103,-11.105,0.061683,0.940321,0.101944,-0.318745,img_556.jpg
64850,1280,720,631.94293,353.39117,986.8637,986.74805,-8.995,-0.098,-11.050,0.061846,0.938147,0.116326,-0.320193,img_557.jpg
64924,1280,720,631.94293,353.39117,986.8637,986.74805,-8.911,-0.093,-10.963,0.070286,0.941727,0.112997,-0.308938,img_558.jpg
65015,1280,720,631.94293,353.39117,986.8637,986.74805,-8.862,-0.093,-10.906,0.062256,0.942867,0.111926,-0.307568,img_559.jpg
65086,1280,720,631.94293,353.39117,986.8637,986.74805,-8.777,-0.101,-10.803,0.058272,0.944298,0.114640,-0.302926,img_560.jpg
65165,1280,720,631.94293,353.39117,986.8637,986.74805,-8.723,-0.105,-10.738,0.055460,0.946121,0.100068,-0.302929,img_561.jpg
65249,1280,720,631.94293,353.39117,986.8637,986.74805,-8.669,-0.106,-10.668,0.046962,0.945402,0.090311,-0.309601,img_562.jpg
65323,1280,720,631.94293,353.39117,986.8637,986.74805,-8.582,-0.099,-10.560,0.046975,0.942876,0.098415,-0.314789,img_563.jpg
65415,1280,720,631.94293,353.39117,986.8637,986.74805,-8.530,-0.090,-10.493,0.047660,0.943475,0.100956,-0.312075,img_564.jpg
65490,1280,720,631.94293,353.39117,986.8637,986.74805,-8.460,-0.079,-10.406,0.050311,0.945333,0.100011,-0.306287,img_565.jpg
65581,1280,720,631.94293,353.39117,986.8637,986.74805,-8.406,-0.079,-10.341,0.052862,0.943833,0.112141,-0.306282,img_566.jpg
65658,1280,720,631.94293,353.39117,986.8637,986.74805,-8.312,-0.084,-10.239,0.066462,0.942890,0.118322,-0.304205,img_567.jpg
65750,1280,720,631.94293,353.39117,986.8637,986.74805,-8.250,-0.089,-10.171,0.071462,0.945164,0.111197,-0.298652,img_568.jpg
65832,1280,720,631.94293,353.39117,986.8637,986.74805,-8.162,-0.093,-10.077,0.067563,0.948261,0.102507,-0.292793,img_569.jpg
65914,1280,720,631.94293,353.39117,986.8637,986.74805,-8.101,-0.092,-10.014,0.074054,0.951326,0.096078,-0.283310,img_570.jpg
65988,1280,720,631.94293,353.39117,986.8637,986.74805,-8.016,-0.078,-9.924,0.072779,0.950187,0.111376,-0.281855,img_571.jpg
66080,1280,720,631.94293,353.39117,986.8637,986.74805,-7.960,-0.072,-9.864,0.078908,0.952128,0.110669,-0.273821,img_572.jpg
66155,1280,720,631.94293,353.39117,986.8637,986.74805,-7.921,-0.063,-9.812,0.072768,0.953735,0.107396,-0.271220,img_573.jpg
66231,1280,720,631.94293,353.39117,986.8637,986.74805,-7.840,-0.062,-9.713,0.062443,0.956146,0.106419,-0.265634,img_574.jpg
66314,1280,720,631.94293,353.39117,986.8637,986.74805,-7.787,-0.064,-9.645,0.054404,0.957583,0.094772,-0.266632,img_575.jpg
66393,1280,720,631.94293,353.39117,986.8637,986.74805,-7.703,-0.063,-9.539,0.048630,0.956772,0.081988,-0.274774,img_576.jpg
66480,1280,720,631.94293,353.39117,986.8637,986.74805,-7.644,-0.060,-9.467,0.046299,0.954177,0.089740,-0.281689,img_577.jpg
66554,1280,720,631.94293,353.39117,986.8637,986.74805,-7.560,-0.045,-9.360,0.042337,0.953386,0.096153,-0.282874,img_578.jpg
66631,1280,720,631.94293,353.39117,986.8637,986.74805,-7.504,-0.036,-9.294,0.035764,0.951943,0.104173,-0.285786,img_579.jpg
66714,1280,720,631.94293,353.39117,986.8637,986.74805,-7.443,-0.031,-9.226,0.039802,0.951271,0.117435,-0.282325,img_580.jpg
66786,1280,720,631.94293,353.39117,986.8637,986.74805,-7.348,-0.033,-9.129,0.046533,0.952744,0.114964,-0.277304,img_581.jpg
66881,1280,720,631.94293,353.39117,986.8637,986.74805,-7.284,-0.036,-9.068,0.046451,0.952901,0.107019,-0.279944,img_582.jpg
66955,1280,720,631.94293,353.39117,986.8637,986.74805,-7.197,-0.044,-8.992,0.045191,0.953586,0.099676,-0.280530,img_583.jpg
67031,1280,720,631.94293,353.39117,986.8637,986.74805,-7.135,-0.045,-8.945,0.046238,0.954428,0.090476,-0.280614,img_584.jpg
67114,1280,720,631.94293,353.39117,986.8637,986.74805,-7.076,-0.044,-8.898,0.050888,0.954377,0.100617,-0.276497,img_585.jpg
67214,1280,720,631.94293,353.39117,986.8637,986.74805,-6.999,-0.031,-8.830,0.035623,0.957105,0.083977,-0.275005,img_586.jpg
67295,1280,720,631.94293,353.39117,986.8637,986.74805,-6.919,-0.031,-8.753,0.044256,0.956035,0.100931,-0.271755,img_587.jpg
67379,1280,720,631.94293,353.39117,986.8637,986.74805,-6.864,-0.032,-8.697,0.039205,0.956646,0.099123,-0.271045,img_588.jpg
67461,1280,720,631.94293,353.39117,986.8637,986.74805,-6.781,-0.041,-8.617,0.042976,0.957066,0.089287,-0.272407,img_589.jpg
67547,1280,720,631.94293,353.39117,986.8637,986.74805,-6.729,-0.042,-8.560,0.040685,0.955913,0.082381,-0.278907,img_590.jpg
67623,1280,720,631.94293,353.39117,986.8637,986.74805,-6.649,-0.043,-8.470,0.045553,0.954718,0.082519,-0.282188,img_591.jpg
67713,1280,720,631.94293,353.39117,986.8637,986.74805,-6.599,-0.036,-8.409,0.050422,0.948756,0.113217,-0.290693,img_592.jpg
67788,1280,720,631.94293,353.39117,986.8637,986.74805,-6.550,-0.024,-8.355,0.049390,0.949423,0.096326,-0.294750,img_593.jpg
67867,1280,720,631.94293,353.39117,986.8637,986.74805,-6.465,-0.012,-8.263,0.048398,0.944514,0.123868,-0.300347,img_594.jpg
67964,1280,720,631.94293,353.39117,986.8637,986.74805,-6.372,-0.009,-8.174,0.055871,0.942909,0.117879,-0.306441,img_595.jpg
68047,1280,720,631.94293,353.39117,986.8637,986.74805,-6.310,-0.015,-8.117,0.060445,0.943020,0.107606,-0.308998,img_596.jpg
68121,1280,720,631.94293,353.39117,986.8637,986.74805,-6.209,-0.024,-8.025,0.057608,0.943981,0.102426,-0.308368,img_597.jpg
68213,1280,720,631.94293,353.39117,986.8637,986.74805,-6.153,-0.026,-7.972,0.054173,0.944926,0.101259,-0.306475,img_598.jpg
68290,1280,720,631.94293,353.39117,986.8637,986.74805,-6.068,-0.017,-7.896,0.060045,0.946659,0.112789,-0.295820,img_599.jpg
68379,1280,720,631.94293,353.39117,986.8637,986.74805,-6.016,-0.011,-7.842,0.052234,0.947962,0.111227,-0.293715,img_600.jpg
68467,1280,720,631.94293,353.39117,986.8637,986.74805,-5.934,-0.013,-7.757,0.059142,0.948155,0.126258,-0.285593,img_601.jpg
68547,1280,720,631.94293,353.39117,986.8637,986.74805,-5.869,-0.018,-7.687,0.053707,0.950640,0.122588,-0.279948,img_602.jpg
68617,1280,720,631.94293,353.39117,986.8637,986.74805,-5.793,-0.023,-7.600,0.048274,0.953911,0.107961,-0.275805,img_603.jpg
68712,1280,720,631.94293,353.39117,986.8637,986.74805,-5.740,-0.025,-7.536,0.045120,0.955596,0.095238,-0.275191,img_604.jpg
68786,1280,720,631.94293,353.39117,986.8637,986.74805,-5.670,-0.020,-7.445,0.041542,0.956154,0.100429,-0.271950,img_605.jpg
68878,1280,720,631.94293,353.39117,986.8637,986.74805,-5.615,-0.011,-7.377,0.036121,0.956250,0.108743,-0.269178,img_606.jpg
68955,1280,720,631.94293,353.39117,986.8637,986.74805,-5.522,0.003,-7.271,0.027251,0.958009,0.103624,-0.265966,img_607.jpg
69030,1280,720,631.94293,353.39117,986.8637,986.74805,-5.459,0.009,-7.199,0.024732,0.957062,0.115324,-0.264803,img_608.jpg
69129,1280,720,631.94293,353.39117,986.8637,986.74805,-5.373,0.008,-7.105,0.030645,0.958238,0.112952,-0.260927,img_609.jpg
69212,1280,720,631.94293,353.39117,986.8637,986.74805,-5.311,0.003,-7.030,0.028346,0.960052,0.106397,-0.257247,img_610.jpg
69289,1280,720,631.94293,353.39117,986.8637,986.74805,-5.231,-0.005,-6.935,0.025173,0.963381,0.094096,-0.249819,img_611.jpg
69379,1280,720,631.94293,353.39117,986.8637,986.74805,-5.183,-0.008,-6.877,0.021335,0.963680,0.093190,-0.249363,img_612.jpg
69462,1280,720,631.94293,353.39117,986.8637,986.74805,-5.107,-0.001,-6.777,0.012669,0.966089,0.117666,-0.229491,img_613.jpg
69546,1280,720,631.94293,353.39117,986.8637,986.74805,-5.065,0.000,-6.719,0.011701,0.969755,0.119441,-0.212538,img_614.jpg
69622,1280,720,631.94293,353.39117,986.8637,986.74805,-4.997,-0.002,-6.620,0.004477,0.970164,0.136239,-0.200501,img_615.jpg
69712,1280,720,631.94293,353.39117,986.8637,986.74805,-4.961,-0.009,-6.560,0.004961,0.972120,0.138913,-0.188842,img_616.jpg
69796,1280,720,631.94293,353.39117,986.8637,986.74805,-4.914,-0.026,-6.471,0.005941,0.973445,0.128653,-0.189257,img_617.jpg
69878,1280,720,631.94293,353.39117,986.8637,986.74805,-4.867,-0.032,-6.396,0.015804,0.973206,0.122030,-0.194239,img_618.jpg
69959,1280,720,631.94293,353.39117,986.8637,986.74805,-4.836,-0.033,-6.332,0.021859,0.970799,0.123169,-0.204695,img_619.jpg
70037,1280,720,631.94293,353.39117,986.8637,986.74805,-4.795,-0.021,-6.248,0.030130,0.964574,0.138982,-0.222201,img_620.jpg
70128,1280,720,631.94293,353.39117,986.8637,986.74805,-4.728,-0.012,-6.149,0.033934,0.960526,0.141041,-0.237372,img_621.jpg
70211,1280,720,631.94293,353.39117,986.8637,986.74805,-4.689,-0.007,-6.095,0.034310,0.957439,0.143267,-0.248210,img_622.jpg
70287,1280,720,631.94293,353.39117,986.8637,986.74805,-4.606,-0.008,-5.986,0.047006,0.952084,0.138686,-0.268499,img_623.jpg
70377,1280,720,631.94293,353.39117,986.8637,986.74805,-4.553,-0.012,-5.917,0.056090,0.952142,0.118114,-0.276277,img_624.jpg
70463,1280,720,631.94293,353.39117,986.8637,986.74805,-4.470,-0.017,-5.802,0.062241,0.952217,0.105521,-0.279776,img_625.jpg
70545,1280,720,631.94293,353.39117,986.8637,986.74805,-4.425,-0.011,-5.744,0.069680,0.955602,0.095812,-0.269797,img_626.jpg
70619,1280,720,631.94293,353.39117,986.8637,986.74805,-4.359,0.008,-5.652,0.056188,0.952869,0.104068,-0.279381,img_627.jpg
70711,1280,720,631.94293,353.39117,986.8637,986.74805,-4.317,0.016,-5.593,0.061825,0.951979,0.108765,-0.279435,img_628.jpg
70786,1280,720,631.94293,353.39117,986.8637,986.74805,-4.263,0.018,-5.499,0.042914,0.950395,0.111448,-0.287205,img_629.jpg
70878,1280,720,631.94293,353.39117,986.8637,986.74805,-4.218,0.011,-5.428,0.044249,0.951449,0.112589,-0.283039,img_630.jpg
70952,1280,720,631.94293,353.39117,986.8637,986.74805,-4.174,0.004,-5.352,0.040983,0.951533,0.107004,-0.285404,img_631.jpg
71031,1280,720,631.94293,353.39117,986.8637,986.74805,-4.105,-0.003,-5.235,0.045835,0.950485,0.097454,-0.291514,img_632.jpg
71129,1280,720,631.94293,353.39117,986.8637,986.74805,-4.038,0.006,-5.123,0.060265,0.953697,0.091580,-0.280077,img_633.jpg
71211,1280,720,631.94293,353.39117,986.8637,986.74805,-3.999,0.017,-5.052,0.058257,0.950122,0.104474,-0.288026,img_634.jpg
71291,1280,720,631.94293,353.39117,986.8637,986.74805,-3.932,0.025,-4.948,0.056446,0.946638,0.119950,-0.293774,img_635.jpg
71377,1280,720,631.94293,353.39117,986.8637,986.74805,-3.885,0.024,-4.880,0.051425,0.942832,0.125254,-0.304525,img_636.jpg
71461,1280,720,631.94293,353.39117,986.8637,986.74805,-3.803,0.011,-4.779,0.066659,0.939147,0.124614,-0.313100,img_637.jpg
71545,1280,720,631.94293,353.39117,986.8637,986.74805,-3.760,0.005,-4.730,0.078491,0.940902,0.113276,-0.309373,img_638.jpg
71620,1280,720,631.94293,353.39117,986.8637,986.74805,-3.679,-0.002,-4.627,0.074918,0.940584,0.106464,-0.313615,img_639.jpg
71710,1280,720,631.94293,353.39117,986.8637,986.74805,-3.622,0.000,-4.562,0.077628,0.942344,0.105036,-0.308107,img_640.jpg
71784,1280,720,631.94293,353.39117,986.8637,986.74805,-3.546,0.011,-4.470,0.075141,0.943043,0.109246,-0.305105,img_641.jpg
71877,1280,720,631.94293,353.39117,986.8637,986.74805,-3.493,0.010,-4.395,0.082162,0.942813,0.118898,-0.300361,img_642.jpg
71947,1280,720,631.94293,353.39117,986.8637,986.74805,-3.446,0.008,-4.328,0.070551,0.943858,0.116250,-0.301065,img_643.jpg
72027,1280,720,631.94293,353.39117,986.8637,986.74805,-3.374,0.002,-4.223,0.068708,0.945972,0.119633,-0.293434,img_644.jpg
72110,1280,720,631.94293,353.39117,986.8637,986.74805,-3.327,-0.004,-4.152,0.063291,0.946711,0.110749,-0.295748,img_645.jpg
72210,1280,720,631.94293,353.39117,986.8637,986.74805,-3.237,-0.013,-4.022,0.071935,0.944455,0.103258,-0.303593,img_646.jpg
72296,1280,720,631.94293,353.39117,986.8637,986.74805,-3.153,-0.012,-3.904,0.085973,0.935599,0.133287,-0.315432,img_647.jpg
72393,1280,720,631.94293,353.39117,986.8637,986.74805,-3.076,-0.009,-3.803,0.084526,0.932819,0.138201,-0.321876,img_648.jpg
72476,1280,720,631.94293,353.39117,986.8637,986.74805,-3.021,-0.011,-3.734,0.082191,0.930553,0.148371,-0.324502,img_649.jpg
72562,1280,720,631.94293,353.39117,986.8637,986.74805,-2.933,-0.024,-3.638,0.091474,0.926257,0.154369,-0.331437,img_650.jpg
72644,1280,720,631.94293,353.39117,986.8637,986.74805,-2.874,-0.036,-3.576,0.101930,0.927036,0.137239,-0.333738,img_651.jpg
72718,1280,720,631.94293,353.39117,986.8637,986.74805,-2.785,-0.050,-3.475,0.103495,0.927075,0.130480,-0.335850,img_652.jpg
72809,1280,720,631.94293,353.39117,986.8637,986.74805,-2.726,-0.052,-3.412,0.103072,0.927776,0.130256,-0.334127,img_653.jpg
72892,1280,720,631.94293,353.39117,986.8637,986.74805,-2.639,-0.043,-3.322,0.097775,0.921824,0.164366,-0.337143,img_654.jpg
72976,1280,720,631.94293,353.39117,986.8637,986.74805,-2.587,-0.035,-3.269,0.105270,0.923904,0.159644,-0.331411,img_655.jpg
73048,1280,720,631.94293,353.39117,986.8637,986.74805,-2.545,-0.025,-3.221,0.091454,0.926029,0.158264,-0.330241,img_656.jpg
73123,1280,720,631.94293,353.39117,986.8637,986.74805,-2.475,-0.023,-3.126,0.072429,0.931199,0.155340,-0.321701,img_657.jpg
73209,1280,720,631.94293,353.39117,986.8637,986.74805,-2.433,-0.023,-3.065,0.063608,0.933721,0.146648,-0.320332,img_658.jpg
73285,1280,720,631.94293,353.39117,986.8637,986.74805,-2.355,-0.023,-2.962,0.065643,0.935318,0.129036,-0.322834,img_659.jpg
73377,1280,720,631.94293,353.39117,986.8637,986.74805,-2.308,-0.017,-2.894,0.069667,0.938536,0.116669,-0.317309,img_660.jpg
73453,1280,720,631.94293,353.39117,986.8637,986.74805,-2.234,-0.006,-2.792,0.069208,0.936781,0.130301,-0.317289,img_661.jpg
73543,1280,720,631.94293,353.39117,986.8637,986.74805,-2.180,0.003,-2.726,0.073232,0.937976,0.124316,-0.315251,img_662.jpg
73611,1280,720,631.94293,353.39117,986.8637,986.74805,-2.100,0.011,-2.639,0.072133,0.936624,0.134305,-0.315427,img_663.jpg
73691,1280,720,631.94293,353.39117,986.8637,986.74805,-2.044,0.008,-2.577,0.077275,0.935539,0.136469,-0.316498,img_664.jpg
73775,1280,720,631.94293,353.39117,986.8637,986.74805,-1.987,0.003,-2.517,0.080260,0.936919,0.126686,-0.315739,img_665.jpg
73840,1280,720,631.94293,353.39117,986.8637,986.74805,-1.926,0.004,-2.455,0.078075,0.941682,0.112122,-0.307521,img_666.jpg
73913,1280,720,631.94293,353.39117,986.8637,986.74805,-1.859,0.011,-2.380,0.056660,0.944219,0.109587,-0.305338,img_667.jpg
73989,1280,720,631.94293,353.39117,986.8637,986.74805,-1.771,0.031,-2.295,0.060370,0.948065,0.107421,-0.293238,img_668.jpg
74076,1280,720,631.94293,353.39117,986.8637,986.74805,-1.706,0.046,-2.224,0.049516,0.950567,0.090003,-0.293035,img_669.jpg
74147,1280,720,631.94293,353.39117,986.8637,986.74805,-1.626,0.056,-2.138,0.048250,0.950986,0.092580,-0.291077,img_670.jpg
74226,1280,720,631.94293,353.39117,986.8637,986.74805,-1.571,0.060,-2.079,0.038866,0.952185,0.092939,-0.288435,img_671.jpg
74308,1280,720,631.94293,353.39117,986.8637,986.74805,-1.516,0.058,-2.015,0.033793,0.952251,0.099150,-0.286785,img_672.jpg
74376,1280,720,631.94293,353.39117,986.8637,986.74805,-1.463,0.050,-1.951,0.031176,0.953338,0.093405,-0.285396,img_673.jpg
74446,1280,720,631.94293,353.39117,986.8637,986.74805,-1.376,0.047,-1.851,0.028880,0.953461,0.085328,-0.287747,img_674.jpg
74525,1280,720,631.94293,353.39117,986.8637,986.74805,-1.319,0.051,-1.777,0.024184,0.951829,0.100542,-0.288665,img_675.jpg
74608,1280,720,631.94293,353.39117,986.8637,986.74805,-1.263,0.060,-1.708,0.021713,0.949754,0.117844,-0.289150,img_676.jpg
74687,1280,720,631.94293,353.39117,986.8637,986.74805,-1.189,0.071,-1.621,0.023826,0.950620,0.114850,-0.287339,img_677.jpg
74774,1280,720,631.94293,353.39117,986.8637,986.74805,-1.133,0.074,-1.559,0.027080,0.949293,0.127204,-0.286231,img_678.jpg
74848,1280,720,631.94293,353.39117,986.8637,986.74805,-1.080,0.071,-1.498,0.032365,0.948896,0.134283,-0.283757,img_679.jpg
74924,1280,720,631.94293,353.39117,986.8637,986.74805,-0.997,0.063,-1.408,0.036322,0.951706,0.122901,-0.278984,img_680.jpg
75008,1280,720,631.94293,353.39117,986.8637,986.74805,-0.936,0.053,-1.344,0.038522,0.953866,0.119128,-0.272881,img_681.jpg
75075,1280,720,631.94293,353.39117,986.8637,986.74805,-0.880,0.053,-1.290,0.033065,0.956302,0.112498,-0.267839,img_682.jpg
75150,1280,720,631.94293,353.39117,986.8637,986.74805,-0.792,0.059,-1.204,0.040413,0.958620,0.120676,-0.254659,img_683.jpg
75224,1280,720,631.94293,353.39117,986.8637,986.74805,-0.743,0.065,-1.148,0.032261,0.960576,0.115144,-0.250989,img_684.jpg
75307,1280,720,631.94293,353.39117,986.8637,986.74805,-0.695,0.065,-1.094,0.041876,0.959826,0.134209,-0.242836,img_685.jpg
75391,1280,720,631.94293,353.39117,986.8637,986.74805,-0.630,0.063,-1.016,0.032434,0.962531,0.132447,-0.234392,img_686.jpg
75474,1280,720,631.94293,353.39117,986.8637,986.74805,-0.581,0.057,-0.954,0.030032,0.964067,0.134749,-0.226972,img_687.jpg
75539,1280,720,631.94293,353.39117,986.8637,986.74805,-0.532,0.050,-0.888,0.025147,0.964937,0.132816,-0.224996,img_688.jpg
75606,1280,720,631.94293,353.39117,986.8637,986.74805,-0.478,0.042,-0.818,0.026671,0.965232,0.132390,-0.223804,img_689.jpg
75678,1280,720,631.94293,353.39117,986.8637,986.74805,-0.426,0.041,-0.745,0.028426,0.965210,0.137084,-0.220840,img_690.jpg
75754,1280,720,631.94293,353.39117,986.8637,986.74805,-0.358,0.049,-0.641,0.026943,0.965008,0.153730,-0.210714,img_691.jpg
75824,1280,720,631.94293,353.39117,986.8637,986.74805,-0.322,0.055,-0.583,0.024838,0.967168,0.152362,-0.201881,img_692.jpg
75907,1280,720,631.94293,353.39117,986.8637,986.74805,-0.285,0.056,-0.527,0.025715,0.964748,0.175699,-0.194241,img_693.jpg
75980,1280,720,631.94293,353.39117,986.8637,986.74805,-0.213,0.042,-0.432,0.035173,0.960346,0.207995,-0.182307,img_694.jpg
76057,1280,720,631.94293,353.39117,986.8637,986.74805,-0.168,0.030,-0.373,0.042202,0.960566,0.213817,-0.172668,img_695.jpg
76141,1280,720,631.94293,353.39117,986.8637,986.74805,-0.133,0.020,-0.321,0.043419,0.962163,0.214541,-0.162266,img_696.jpg
76210,1280,720,631.94293,353.39117,986.8637,986.74805,-0.099,0.012,-0.266,0.047004,0.964544,0.216447,-0.143512,img_697.jpg
76275,1280,720,631.94293,353.39117,986.8637,986.74805,-0.062,0.009,-0.206,0.049307,0.966639,0.218004,-0.125104,img_698.jpg
76344,1280,720,631.94293,353.39117,986.8637,986.74805,-0.032,0.010,-0.140,0.048625,0.963811,0.242730,-0.098928,img_699.jpg
76418,1280,720,631.94293,353.39117,986.8637,986.74805,0.009,0.017,-0.050,0.035759,0.970291,0.232073,-0.058295,img_700.jpg
76491,1280,720,631.94293,353.39117,986.8637,986.74805,0.035,0.016,0.020,0.024819,0.967444,0.249237,-0.036284,img_701.jpg
76573,1280,720,631.94293,353.39117,986.8637,986.74805,0.053,0.011,0.082,0.007169,0.966637,0.255802,-0.011261,img_702.jpg
76642,1280,720,631.94293,353.39117,986.8637,986.74805,0.070,0.005,0.145,-0.006309,0.966180,0.257470,0.012856,img_703.jpg
76724,1280,720,631.94293,353.39117,986.8637,986.74805,0.084,-0.007,0.236,-0.026875,0.965494,0.254981,0.045643,img_704.jpg
76806,1280,720,631.94293,353.39117,986.8637,986.74805,0.093,-0.017,0.302,-0.031405,0.963677,0.255902,0.069677,img_705.jpg
76868,1280,720,631.94293,353.39117,986.8637,986.74805,0.093,-0.027,0.366,-0.045930,0.956945,0.272273,0.089526,img_706.jpg
76957,1280,720,631.94293,353.39117,986.8637,986.74805,0.086,-0.034,0.450,-0.059901,0.947393,0.286145,0.130309,img_707.jpg
77041,1280,720,631.94293,353.39117,986.8637,986.74805,0.078,-0.035,0.504,-0.068463,0.938831,0.295891,0.162349,img_708.jpg
77112,1280,720,631.94293,353.39117,986.8637,986.74805,0.063,-0.026,0.578,0.090221,-0.925490,-0.305985,-0.204209,img_709.jpg
77207,1280,720,631.94293,353.39117,986.8637,986.74805,0.054,-0.021,0.625,0.089541,-0.918480,-0.307836,-0.231549,img_710.jpg
77286,1280,720,631.94293,353.39117,986.8637,986.74805,0.032,-0.024,0.707,0.103685,-0.908185,-0.305534,-0.266644,img_711.jpg
77374,1280,720,631.94293,353.39117,986.8637,986.74805,0.014,-0.028,0.762,0.114351,-0.901634,-0.303933,-0.285665,img_712.jpg
77454,1280,720,631.94293,353.39117,986.8637,986.74805,-0.009,-0.025,0.844,0.114281,-0.893905,-0.300885,-0.311996,img_713.jpg
77539,1280,720,631.94293,353.39117,986.8637,986.74805,-0.027,-0.016,0.903,0.118308,-0.886294,-0.313252,-0.319935,img_714.jpg
77608,1280,720,631.94293,353.39117,986.8637,986.74805,-0.046,-0.007,0.958,0.103604,-0.885833,-0.308481,-0.330766,img_715.jpg
77682,1280,720,631.94293,353.39117,986.8637,986.74805,-0.083,-0.007,1.041,0.103113,-0.878273,-0.322714,-0.337432,img_716.jpg
77755,1280,720,631.94293,353.39117,986.8637,986.74805,-0.110,-0.010,1.097,0.107020,-0.877161,-0.325814,-0.336125,img_717.jpg
77840,1280,720,631.94293,353.39117,986.8637,986.74805,-0.144,-0.014,1.146,0.117304,-0.874490,-0.331116,-0.334469,img_718.jpg
77909,1280,720,631.94293,353.39117,986.8637,986.74805,-0.198,-0.027,1.231,0.124957,-0.872198,-0.342377,-0.326244,img_719.jpg
77989,1280,720,631.94293,353.39117,986.8637,986.74805,-0.237,-0.032,1.287,0.117686,-0.874112,-0.350670,-0.314815,img_720.jpg
78073,1280,720,631.94293,353.39117,986.8637,986.74805,-0.275,-0.034,1.345,0.114041,-0.876164,-0.359385,-0.300290,img_721.jpg
78136,1280,720,631.94293,353.39117,986.8637,986.74805,-0.314,-0.032,1.404,0.117366,-0.877275,-0.370133,-0.282162,img_722.jpg
78205,1280,720,631.94293,353.39117,986.8637,986.74805,-0.352,-0.026,1.457,0.120422,-0.880131,-0.379849,-0.258036,img_723.jpg
78275,1280,720,631.94293,353.39117,986.8637,986.74805,-0.395,-0.021,1.543,0.100289,-0.887055,-0.383540,-0.236586,img_724.jpg
78357,1280,720,631.94293,353.39117,986.8637,986.74805,-0.400,-0.006,1.566,0.092169,-0.888441,-0.392306,-0.219711,img_725.jpg
78440,1280,720,631.94293,353.39117,986.8637,986.74805,-0.399,0.010,1.586,0.081158,-0.892491,-0.394967,-0.202176,img_726.jpg
78507,1280,720,631.94293,353.39117,986.8637,986.74805,-0.418,0.019,1.674,-0.054603,0.901657,0.390736,0.177082,img_727.jpg
78588,1280,720,631.94293,353.39117,986.8637,986.74805,-0.427,0.018,1.731,-0.041248,0.905809,0.389750,0.160946,img_728.jpg
78673,1280,720,631.94293,353.39117,986.8637,986.74805,-0.440,0.016,1.803,-0.031216,0.909331,0.388506,0.145621,img_729.jpg
78742,1280,720,631.94293,353.39117,986.8637,986.74805,-0.443,0.017,1.891,-0.009899,0.913202,0.387904,0.124473,img_730.jpg
78823,1280,720,631.94293,353.39117,986.8637,986.74805,-0.445,0.019,1.952,-0.007096,0.909996,0.401338,0.103850,img_731.jpg
78908,1280,720,631.94293,353.39117,986.8637,986.74805,-0.441,0.019,2.035,0.007359,0.912264,0.402798,0.073989,img_732.jpg
