time,sizeX,sizeY,p_x,p_y,f_x,f_y,pos_X,pos_Y,pos_Z,q_x,q_y,q_z,q_w,marker_ID,marker_x,marker_y,marker_z,marker_qx,marker_qy,marker_qz,marker_qw,marker_ID,marker_x,marker_y,marker_z,marker_qx,marker_qy,marker_qz,marker_qw,marker_ID,marker_x,marker_y,marker_z,marker_qx,marker_qy,marker_qz,marker_qw,
18213,1280,720,637.5141,339.28363,1004.0506,1006.2993,2.339,0.215,2.222,0.051852,-0.024551,0.009129,-0.998311,img_1.jpg
18305,1280,720,637.5141,339.28363,1004.0506,1006.2993,2.339,0.214,2.221,0.053159,-0.022323,0.010086,-0.998286,img_2.jpg
18399,1280,720,637.5141,339.28363,1004.0506,1006.2993,2.340,0.215,2.221,0.051197,-0.022115,0.011566,-0.998377,img_3.jpg
18478,1280,720,637.5141,339.28363,1004.0506,1006.2993,2.341,0.215,2.221,0.050610,-0.021798,0.011624,-0.998413,img_4.jpg
18552,1280,720,637.5141,339.28363,1004.0506,1006.2993,2.341,0.215,2.220,0.050119,-0.021000,0.010705,-0.998465,img_5.jpg
18650,1280,720,637.5141,339.28363,1004.0506,1006.2993,2.342,0.215,2.220,0.050828,-0.020857,0.010055,-0.998439,img_6.jpg,marker_1.jpg,0.283399,0.283399,2.282,0.115,1.547,-0.698363,-0.012318,0.018803,0.018803
18724,1280,720,637.5141,339.28363,1004.0506,1006.2993,2.343,0.215,2.220,0.051308,-0.021337,0.010492,-0.998400,img_7.jpg
18811,1280,720,637.5141,339.28363,1004.0506,1006.2993,2.344,0.215,2.220,0.051539,-0.021480,0.010809,-0.998381,img_8.jpg
18883,1280,720,637.5141,339.28363,1004.0506,1006.2993,2.346,0.215,2.220,0.051740,-0.021792,0.010835,-0.998364,img_9.jpg
18954,1280,720,637.5141,339.28363,1004.0506,1006.2993,2.347,0.215,2.219,0.052357,-0.021556,0.011188,-0.998333,img_10.jpg
19031,1280,720,637.5141,339.28363,1004.0506,1006.2993,2.348,0.215,2.220,0.052281,-0.022001,0.010790,-0.998332,img_11.jpg
19112,1280,720,637.5141,339.28363,1004.0506,1006.2993,2.348,0.215,2.221,0.052106,-0.021729,0.010258,-0.998352,img_12.jpg,marker_1.jpg,0.28361452,0.28361452,2.282,0.115,1.546,-0.695477,-0.010491,0.016732,0.016732
19188,1280,720,637.5141,339.28363,1004.0506,1006.2993,2.349,0.215,2.221,0.052444,-0.022339,0.009826,-0.998326,img_13.jpg
19279,1280,720,637.5141,339.28363,1004.0506,1006.2993,2.351,0.215,2.222,0.055146,-0.024358,0.010399,-0.998127,img_14.jpg
19348,1280,720,637.5141,339.28363,1004.0506,1006.2993,2.352,0.216,2.223,0.056552,-0.025196,0.011560,-0.998015,img_15.jpg
19421,1280,720,637.5141,339.28363,1004.0506,1006.2993,2.354,0.216,2.224,0.061147,-0.023670,0.011850,-0.997778,img_16.jpg
19489,1280,720,637.5141,339.28363,1004.0506,1006.2993,2.360,0.212,2.234,0.067119,-0.018704,0.013561,-0.997478,img_17.jpg
19562,1280,720,637.5141,339.28363,1004.0506,1006.2993,2.370,0.209,2.241,0.071871,-0.001625,0.014023,-0.997314,img_18.jpg
19645,1280,720,637.5141,339.28363,1004.0506,1006.2993,2.383,0.207,2.248,0.077838,0.026315,0.013582,-0.996526,img_19.jpg
19720,1280,720,637.5141,339.28363,1004.0506,1006.2993,2.403,0.206,2.257,0.083036,0.039631,0.015159,-0.995643,img_20.jpg
19791,1280,720,637.5141,339.28363,1004.0506,1006.2993,2.437,0.210,2.273,0.083769,0.053720,0.020210,-0.994831,img_21.jpg
19880,1280,720,637.5141,339.28363,1004.0506,1006.2993,2.462,0.216,2.284,0.079013,0.063229,0.025262,-0.994546,img_22.jpg,marker_1.jpg,0.28361452,0.28361452,2.277,0.118,1.557,-0.729486,0.001293,0.016032,0.016032
19958,1280,720,637.5141,339.28363,1004.0506,1006.2993,2.510,0.223,2.300,0.074619,0.064199,0.034622,-0.994541,img_23.jpg
20045,1280,720,637.5141,339.28363,1004.0506,1006.2993,2.546,0.224,2.311,0.072899,0.071140,0.035262,-0.994174,img_24.jpg
20129,1280,720,637.5141,339.28363,1004.0506,1006.2993,2.609,0.225,2.332,0.070036,0.070777,0.032628,-0.994495,img_25.jpg
20212,1280,720,637.5141,339.28363,1004.0506,1006.2993,2.657,0.228,2.349,0.068476,0.073319,0.031421,-0.994459,img_26.jpg
20285,1280,720,637.5141,339.28363,1004.0506,1006.2993,2.706,0.232,2.371,0.065806,0.078215,0.028657,-0.994349,img_27.jpg
20360,1280,720,637.5141,339.28363,1004.0506,1006.2993,2.782,0.241,2.398,0.070508,0.075294,0.022608,-0.994409,img_28.jpg
20445,1280,720,637.5141,339.28363,1004.0506,1006.2993,2.830,0.245,2.415,0.071416,0.073834,0.018056,-0.994546,img_29.jpg
20521,1280,720,637.5141,339.28363,1004.0506,1006.2993,2.877,0.246,2.427,0.082057,0.058808,0.020707,-0.994676,img_30.jpg
20592,1280,720,637.5141,339.28363,1004.0506,1006.2993,2.946,0.248,2.438,0.090144,0.053725,0.023832,-0.994193,img_31.jpg
20681,1280,720,637.5141,339.28363,1004.0506,1006.2993,2.990,0.249,2.443,0.094020,0.057387,0.025420,-0.993590,img_32.jpg
20757,1280,720,637.5141,339.28363,1004.0506,1006.2993,3.055,0.246,2.445,0.093151,0.075754,0.025482,-0.992439,img_33.jpg
20845,1280,720,637.5141,339.28363,1004.0506,1006.2993,3.101,0.241,2.444,0.095093,0.084465,0.024944,-0.991565,img_34.jpg
20929,1280,720,637.5141,339.28363,1004.0506,1006.2993,3.172,0.234,2.438,0.094147,0.103890,0.017204,-0.989973,img_35.jpg
21012,1280,720,637.5141,339.28363,1004.0506,1006.2993,3.223,0.230,2.433,0.093612,0.114447,0.013034,-0.988923,img_36.jpg
21085,1280,720,637.5141,339.28363,1004.0506,1006.2993,3.273,0.228,2.424,0.095406,0.129905,0.007814,-0.986895,img_37.jpg
21178,1280,720,637.5141,339.28363,1004.0506,1006.2993,3.350,0.231,2.407,0.102027,0.155248,0.008048,-0.982560,img_38.jpg
21242,1280,720,637.5141,339.28363,1004.0506,1006.2993,3.397,0.237,2.398,0.097655,0.172824,0.006346,-0.980079,img_39.jpg
21328,1280,720,637.5141,339.28363,1004.0506,1006.2993,3.472,0.240,2.385,0.095075,0.203794,0.008725,-0.974347,img_40.jpg
21411,1280,720,637.5141,339.28363,1004.0506,1006.2993,3.521,0.239,2.375,0.097652,0.219520,0.010048,-0.970657,img_41.jpg
21481,1280,720,637.5141,339.28363,1004.0506,1006.2993,3.570,0.237,2.362,0.098668,0.231456,0.013183,-0.967739,img_42.jpg
21553,1280,720,637.5141,339.28363,1004.0506,1006.2993,3.651,0.232,2.342,0.097920,0.254479,0.015062,-0.961990,img_43.jpg
21628,1280,720,637.5141,339.28363,1004.0506,1006.2993,3.702,0.230,2.330,0.093660,0.267782,0.012106,-0.958840,img_44.jpg
21728,1280,720,637.5141,339.28363,1004.0506,1006.2993,3.781,0.228,2.311,0.086931,0.279341,0.015084,-0.956130,img_45.jpg
21812,1280,720,637.5141,339.28363,1004.0506,1006.2993,3.833,0.229,2.293,0.083547,0.293278,0.016055,-0.952234,img_46.jpg
21889,1280,720,637.5141,339.28363,1004.0506,1006.2993,3.886,0.232,2.278,0.085335,0.306263,0.019640,-0.947911,img_47.jpg
21965,1280,720,637.5141,339.28363,1004.0506,1006.2993,3.953,0.238,2.251,0.089359,0.325122,0.021349,-0.941199,img_48.jpg
22045,1280,720,637.5141,339.28363,1004.0506,1006.2993,3.995,0.240,2.233,0.093714,0.333559,0.021808,-0.937806,img_49.jpg
22116,1280,720,637.5141,339.28363,1004.0506,1006.2993,4.034,0.242,2.216,0.093782,0.342805,0.024542,-0.934391,img_50.jpg
22188,1280,720,637.5141,339.28363,1004.0506,1006.2993,4.090,0.241,2.186,0.093364,0.360117,0.023457,-0.927927,img_51.jpg
22262,1280,720,637.5141,339.28363,1004.0506,1006.2993,4.126,0.237,2.164,0.097909,0.373100,0.021815,-0.922353,img_52.jpg
22345,1280,720,637.5141,339.28363,1004.0506,1006.2993,4.163,0.232,2.140,0.101130,0.388043,0.022056,-0.915811,img_53.jpg
22415,1280,720,637.5141,339.28363,1004.0506,1006.2993,4.201,0.226,2.113,0.106252,0.404461,0.023913,-0.908047,img_54.jpg
22485,1280,720,637.5141,339.28363,1004.0506,1006.2993,4.237,0.220,2.085,0.104390,0.418984,0.024460,-0.901641,img_55.jpg
22560,1280,720,637.5141,339.28363,1004.0506,1006.2993,4.286,0.213,2.039,0.100859,0.445371,0.022114,-0.889372,img_56.jpg
22645,1280,720,637.5141,339.28363,1004.0506,1006.2993,4.317,0.211,2.008,0.102191,0.471872,0.022078,-0.875446,img_57.jpg
22714,1280,720,637.5141,339.28363,1004.0506,1006.2993,4.353,0.210,1.983,0.104662,0.503526,0.034761,-0.856913,img_58.jpg
22787,1280,720,637.5141,339.28363,1004.0506,1006.2993,4.401,0.215,1.954,0.096804,0.566524,0.040525,-0.817336,img_59.jpg
22863,1280,720,637.5141,339.28363,1004.0506,1006.2993,4.432,0.220,1.937,0.088296,0.595157,0.038022,-0.797838,img_60.jpg
22962,1280,720,637.5141,339.28363,1004.0506,1006.2993,4.470,0.227,1.921,0.076297,0.628888,0.028722,-0.773210,img_61.jpg
23046,1280,720,637.5141,339.28363,1004.0506,1006.2993,4.491,0.234,1.913,0.060689,0.644917,0.020367,-0.761567,img_62.jpg
23121,1280,720,637.5141,339.28363,1004.0506,1006.2993,4.518,0.242,1.906,0.050805,0.661705,0.014695,-0.747897,img_63.jpg
23212,1280,720,637.5141,339.28363,1004.0506,1006.2993,4.537,0.244,1.900,0.048235,0.665745,0.014190,-0.744483,img_64.jpg
23284,1280,720,637.5141,339.28363,1004.0506,1006.2993,4.552,0.245,1.896,0.047763,0.664773,0.014028,-0.745385,img_65.jpg
23356,1280,720,637.5141,339.28363,1004.0506,1006.2993,4.578,0.243,1.882,0.050584,0.662882,0.014236,-0.746877,img_66.jpg
23444,1280,720,637.5141,339.28363,1004.0506,1006.2993,4.589,0.240,1.874,0.056763,0.662161,0.016319,-0.747031,img_67.jpg
23521,1280,720,637.5141,339.28363,1004.0506,1006.2993,4.603,0.235,1.863,0.058191,0.663799,0.017016,-0.745450,img_68.jpg
23613,1280,720,637.5141,339.28363,1004.0506,1006.2993,4.610,0.235,1.857,0.059969,0.662905,0.017866,-0.746084,img_69.jpg
23689,1280,720,637.5141,339.28363,1004.0506,1006.2993,4.620,0.233,1.852,0.059803,0.664724,0.019612,-0.744434,img_70.jpg
23778,1280,720,637.5141,339.28363,1004.0506,1006.2993,4.623,0.234,1.849,0.057643,0.666132,0.019519,-0.743347,img_71.jpg
23848,1280,720,637.5141,339.28363,1004.0506,1006.2993,4.627,0.234,1.846,0.056786,0.666836,0.019816,-0.742773,img_72.jpg
23929,1280,720,637.5141,339.28363,1004.0506,1006.2993,4.630,0.234,1.844,0.054035,0.666371,0.019236,-0.743411,img_73.jpg
24012,1280,720,637.5141,339.28363,1004.0506,1006.2993,4.633,0.234,1.841,0.051944,0.664762,0.019471,-0.744993,img_74.jpg
24086,1280,720,637.5141,339.28363,1004.0506,1006.2993,4.635,0.233,1.840,0.053681,0.663335,0.020395,-0.746116,img_75.jpg
24168,1280,720,637.5141,339.28363,1004.0506,1006.2993,4.637,0.232,1.838,0.055111,0.663521,0.019957,-0.745859,img_76.jpg
24245,1280,720,637.5141,339.28363,1004.0506,1006.2993,4.639,0.232,1.837,0.055388,0.663152,0.020582,-0.746148,img_77.jpg
24323,1280,720,637.5141,339.28363,1004.0506,1006.2993,4.640,0.232,1.838,0.055815,0.663550,0.020457,-0.745767,img_78.jpg
24412,1280,720,637.5141,339.28363,1004.0506,1006.2993,4.642,0.232,1.837,0.056084,0.664306,0.020256,-0.745078,img_79.jpg
24485,1280,720,637.5141,339.28363,1004.0506,1006.2993,4.643,0.232,1.838,0.056265,0.665360,0.020320,-0.744122,img_80.jpg
24556,1280,720,637.5141,339.28363,1004.0506,1006.2993,4.646,0.231,1.838,0.057873,0.665882,0.020834,-0.743517,img_81.jpg
24645,1280,720,637.5141,339.28363,1004.0506,1006.2993,4.647,0.230,1.837,0.057980,0.667022,0.020295,-0.742501,img_82.jpg
24722,1280,720,637.5141,339.28363,1004.0506,1006.2993,4.649,0.230,1.835,0.056594,0.666341,0.019111,-0.743251,img_83.jpg
24812,1280,720,637.5141,339.28363,1004.0506,1006.2993,4.650,0.230,1.833,0.054660,0.666521,0.017319,-0.743278,img_84.jpg
24885,1280,720,637.5141,339.28363,1004.0506,1006.2993,4.657,0.228,1.828,0.057041,0.663848,0.017651,-0.745481,img_85.jpg
24978,1280,720,637.5141,339.28363,1004.0506,1006.2993,4.664,0.226,1.824,0.056111,0.662835,0.016565,-0.746477,img_86.jpg
25047,1280,720,637.5141,339.28363,1004.0506,1006.2993,4.671,0.223,1.820,0.055063,0.661959,0.017437,-0.747311,img_87.jpg
25128,1280,720,637.5141,339.28363,1004.0506,1006.2993,4.684,0.219,1.815,0.052321,0.668266,0.018210,-0.741857,img_88.jpg
25212,1280,720,637.5141,339.28363,1004.0506,1006.2993,4.695,0.215,1.811,0.051925,0.671298,0.023577,-0.738991,img_89.jpg
25286,1280,720,637.5141,339.28363,1004.0506,1006.2993,4.708,0.212,1.805,0.050586,0.677372,0.027570,-0.733381,img_90.jpg
25378,1280,720,637.5141,339.28363,1004.0506,1006.2993,4.715,0.210,1.801,0.049859,0.678383,0.027744,-0.732490,img_91.jpg
25447,1280,720,637.5141,339.28363,1004.0506,1006.2993,4.721,0.208,1.797,0.048680,0.679098,0.029503,-0.731837,img_92.jpg
25527,1280,720,637.5141,339.28363,1004.0506,1006.2993,4.730,0.206,1.792,0.047608,0.677542,0.032125,-0.733238,img_93.jpg
25612,1280,720,637.5141,339.28363,1004.0506,1006.2993,4.733,0.205,1.789,0.045744,0.677496,0.031160,-0.733441,img_94.jpg
25684,1280,720,637.5141,339.28363,1004.0506,1006.2993,4.736,0.204,1.785,0.046714,0.676787,0.031059,-0.734039,img_95.jpg
25762,1280,720,637.5141,339.28363,1004.0506,1006.2993,4.740,0.203,1.780,0.048293,0.673492,0.030954,-0.736966,img_96.jpg
25846,1280,720,637.5141,339.28363,1004.0506,1006.2993,4.742,0.202,1.777,0.048784,0.672245,0.031174,-0.738061,img_97.jpg,marker_3.jpg,0.25549862,0.25549862,5.388,0.114,1.721,-0.513795,0.477988,-0.469806,-0.469806
25924,1280,720,637.5141,339.28363,1004.0506,1006.2993,4.744,0.201,1.773,0.049944,0.671959,0.030190,-0.738286,img_98.jpg
26011,1280,720,637.5141,339.28363,1004.0506,1006.2993,4.746,0.200,1.771,0.049429,0.672346,0.028919,-0.738018,img_99.jpg
26085,1280,720,637.5141,339.28363,1004.0506,1006.2993,4.747,0.200,1.769,0.046982,0.674903,0.026283,-0.735940,img_100.jpg
26178,1280,720,637.5141,339.28363,1004.0506,1006.2993,4.748,0.200,1.769,0.046139,0.675182,0.025074,-0.735779,img_101.jpg
26246,1280,720,637.5141,339.28363,1004.0506,1006.2993,4.748,0.199,1.770,0.045336,0.675555,0.022741,-0.735563,img_102.jpg
26328,1280,720,637.5141,339.28363,1004.0506,1006.2993,4.750,0.196,1.773,0.048758,0.674640,0.025246,-0.736102,img_103.jpg
26412,1280,720,637.5141,339.28363,1004.0506,1006.2993,4.751,0.195,1.777,0.051683,0.672201,0.026748,-0.738078,img_104.jpg
26488,1280,720,637.5141,339.28363,1004.0506,1006.2993,4.749,0.196,1.790,0.052705,0.674132,0.029045,-0.736155,img_105.jpg,marker_3.jpg,0.25976318,0.25976318,5.396,0.112,1.718,-0.505392,0.485948,-0.476197,-0.476197
26579,1280,720,637.5141,339.28363,1004.0506,1006.2993,4.747,0.199,1.806,0.057939,0.676409,0.032683,-0.733516,img_106.jpg
26647,1280,720,637.5141,339.28363,1004.0506,1006.2993,4.745,0.202,1.828,0.063200,0.681972,0.037133,-0.727696,img_107.jpg
26725,1280,720,637.5141,339.28363,1004.0506,1006.2993,4.741,0.207,1.869,0.071811,0.681533,0.048289,-0.726652,img_108.jpg
26812,1280,720,637.5141,339.28363,1004.0506,1006.2993,4.735,0.212,1.902,0.072992,0.679486,0.054985,-0.727975,img_109.jpg
26886,1280,720,637.5141,339.28363,1004.0506,1006.2993,4.724,0.218,1.959,0.069199,0.688797,0.053982,-0.719622,img_110.jpg
26978,1280,720,637.5141,339.28363,1004.0506,1006.2993,4.718,0.221,2.002,0.070193,0.694783,0.054478,-0.713710,img_111.jpg
27047,1280,720,637.5141,339.28363,1004.0506,1006.2993,4.714,0.225,2.048,0.068672,0.698560,0.056516,-0.710003,img_112.jpg
27128,1280,720,637.5141,339.28363,1004.0506,1006.2993,4.710,0.231,2.126,0.066576,0.702726,0.059274,-0.705855,img_113.jpg
27211,1280,720,637.5141,339.28363,1004.0506,1006.2993,4.707,0.237,2.181,0.066879,0.709970,0.057528,-0.698685,img_114.jpg
27286,1280,720,637.5141,339.28363,1004.0506,1006.2993,4.704,0.247,2.265,0.068885,0.707378,0.057142,-0.701146,img_115.jpg
27379,1280,720,637.5141,339.28363,1004.0506,1006.2993,4.705,0.253,2.316,0.067096,0.702615,0.058298,-0.705997,img_116.jpg
27449,1280,720,637.5141,339.28363,1004.0506,1006.2993,4.703,0.259,2.392,0.059792,0.700458,0.059119,-0.708723,img_117.jpg
27545,1280,720,637.5141,339.28363,1004.0506,1006.2993,4.706,0.261,2.443,0.058774,0.701270,0.064702,-0.707516,img_118.jpg
27620,1280,720,637.5141,339.28363,1004.0506,1006.2993,4.712,0.262,2.521,0.049473,0.708072,0.070152,-0.700904,img_119.jpg
27712,1280,720,637.5141,339.28363,1004.0506,1006.2993,4.719,0.260,2.571,0.049707,0.714114,0.071903,-0.694550,img_120.jpg
27780,1280,720,637.5141,339.28363,1004.0506,1006.2993,4.733,0.254,2.649,0.051714,0.720834,0.070597,-0.687561,img_121.jpg
27863,1280,720,637.5141,339.28363,1004.0506,1006.2993,4.745,0.251,2.701,0.052301,0.720703,0.068674,-0.687848,img_122.jpg
27946,1280,720,637.5141,339.28363,1004.0506,1006.2993,4.758,0.249,2.753,0.054439,0.723303,0.065736,-0.685236,img_123.jpg
28015,1280,720,637.5141,339.28363,1004.0506,1006.2993,4.779,0.252,2.835,0.056608,0.732088,0.059993,-0.676198,img_124.jpg
28096,1280,720,637.5141,339.28363,1004.0506,1006.2993,4.792,0.257,2.892,0.060814,0.745002,0.062605,-0.661328,img_125.jpg
28180,1280,720,637.5141,339.28363,1004.0506,1006.2993,4.803,0.264,2.948,0.059264,0.757918,0.061009,-0.646781,img_126.jpg
28255,1280,720,637.5141,339.28363,1004.0506,1006.2993,4.817,0.272,3.037,0.055930,0.768870,0.068561,-0.633254,img_127.jpg
28345,1280,720,637.5141,339.28363,1004.0506,1006.2993,4.827,0.274,3.101,0.050479,0.775291,0.073776,-0.625247,img_128.jpg
28409,1280,720,637.5141,339.28363,1004.0506,1006.2993,4.834,0.273,3.165,0.041302,0.779574,0.075694,-0.620346,img_129.jpg
28482,1280,720,637.5141,339.28363,1004.0506,1006.2993,4.840,0.272,3.230,0.039640,0.785399,0.074540,-0.613206,img_130.jpg
28552,1280,720,637.5141,339.28363,1004.0506,1006.2993,4.844,0.272,3.332,0.039732,0.790546,0.064845,-0.607663,img_131.jpg
28628,1280,720,637.5141,339.28363,1004.0506,1006.2993,4.841,0.278,3.402,0.036168,0.793160,0.057020,-0.605259,img_132.jpg
28707,1280,720,637.5141,339.28363,1004.0506,1006.2993,4.838,0.289,3.469,0.037615,0.791535,0.055364,-0.607447,img_133.jpg
28778,1280,720,637.5141,339.28363,1004.0506,1006.2993,4.837,0.301,3.535,0.039727,0.799480,0.047768,-0.597472,img_134.jpg
28845,1280,720,637.5141,339.28363,1004.0506,1006.2993,4.835,0.310,3.596,0.044530,0.795357,0.049635,-0.602462,img_135.jpg
28919,1280,720,637.5141,339.28363,1004.0506,1006.2993,4.842,0.316,3.685,0.045328,0.796112,0.060438,-0.600415,img_136.jpg
28995,1280,720,637.5141,339.28363,1004.0506,1006.2993,4.848,0.317,3.744,0.047669,0.796859,0.065617,-0.598697,img_137.jpg
29061,1280,720,637.5141,339.28363,1004.0506,1006.2993,4.853,0.317,3.800,0.047711,0.796260,0.065341,-0.599520,img_138.jpg
29146,1280,720,637.5141,339.28363,1004.0506,1006.2993,4.863,0.313,3.886,0.047593,0.797725,0.058180,-0.598318,img_139.jpg
29228,1280,720,637.5141,339.28363,1004.0506,1006.2993,4.873,0.309,3.944,0.047450,0.796665,0.051021,-0.600391,img_140.jpg
29300,1280,720,637.5141,339.28363,1004.0506,1006.2993,4.886,0.307,4.003,0.048404,0.795575,0.045585,-0.602195,img_141.jpg
29378,1280,720,637.5141,339.28363,1004.0506,1006.2993,4.909,0.313,4.092,0.053483,0.805170,0.038113,-0.589397,img_142.jpg
29445,1280,720,637.5141,339.28363,1004.0506,1006.2993,4.923,0.323,4.147,0.058270,0.808334,0.035845,-0.584736,img_143.jpg
29528,1280,720,637.5141,339.28363,1004.0506,1006.2993,4.934,0.333,4.203,0.055137,0.806198,0.034346,-0.588069,img_144.jpg
29592,1280,720,637.5141,339.28363,1004.0506,1006.2993,4.948,0.342,4.255,0.053334,0.803156,0.030441,-0.592595,img_145.jpg
29679,1280,720,637.5141,339.28363,1004.0506,1006.2993,4.962,0.349,4.303,0.047832,0.802941,0.023552,-0.593669,img_146.jpg
29752,1280,720,637.5141,339.28363,1004.0506,1006.2993,4.977,0.351,4.347,0.044599,0.797741,0.023537,-0.600888,img_147.jpg
29826,1280,720,637.5141,339.28363,1004.0506,1006.2993,5.000,0.351,4.419,0.041913,0.795164,0.022585,-0.604522,img_148.jpg
29912,1280,720,637.5141,339.28363,1004.0506,1006.2993,5.015,0.351,4.466,0.040700,0.792236,0.019463,-0.608544,img_149.jpg
29984,1280,720,637.5141,339.28363,1004.0506,1006.2993,5.040,0.353,4.542,0.041572,0.785636,0.015447,-0.617098,img_150.jpg
30064,1280,720,637.5141,339.28363,1004.0506,1006.2993,5.058,0.357,4.589,0.045033,0.783000,0.018646,-0.620109,img_151.jpg,marker_4.jpg,0.26505786,0.26505786,5.905,0.260,4.773,-0.504006,0.475721,-0.489403,-0.489403
30162,1280,720,637.5141,339.28363,1004.0506,1006.2993,5.084,0.364,4.646,0.043701,0.769831,0.015614,-0.636558,img_152.jpg
30247,1280,720,637.5141,339.28363,1004.0506,1006.2993,5.101,0.367,4.674,0.046945,0.756852,0.009330,-0.651831,img_153.jpg
30318,1280,720,637.5141,339.28363,1004.0506,1006.2993,5.128,0.368,4.709,0.043913,0.742326,0.013609,-0.668460,img_154.jpg
30396,1280,720,637.5141,339.28363,1004.0506,1006.2993,5.147,0.367,4.730,0.041347,0.737474,0.015474,-0.673932,img_155.jpg
30482,1280,720,637.5141,339.28363,1004.0506,1006.2993,5.164,0.365,4.746,0.040729,0.733277,0.015891,-0.678523,img_156.jpg
30557,1280,720,637.5141,339.28363,1004.0506,1006.2993,5.187,0.364,4.768,0.035857,0.727704,0.013383,-0.684823,img_157.jpg,marker_4.jpg,0.26218283,0.26218283,5.909,0.259,4.776,-0.504361,0.471010,-0.482513,-0.482513
30647,1280,720,637.5141,339.28363,1004.0506,1006.2993,5.208,0.364,4.783,0.033527,0.722516,0.016444,-0.690345,img_158.jpg
30730,1280,720,637.5141,339.28363,1004.0506,1006.2993,5.219,0.365,4.789,0.038161,0.718650,0.013496,-0.694193,img_159.jpg
30812,1280,720,637.5141,339.28363,1004.0506,1006.2993,5.230,0.367,4.797,0.035568,0.712979,0.013927,-0.700144,img_160.jpg
30894,1280,720,637.5141,339.28363,1004.0506,1006.2993,5.235,0.366,4.805,0.035161,0.709392,0.019430,-0.703669,img_161.jpg
30956,1280,720,637.5141,339.28363,1004.0506,1006.2993,5.238,0.365,4.814,0.038311,0.707551,0.026328,-0.705132,img_162.jpg
31028,1280,720,637.5141,339.28363,1004.0506,1006.2993,5.239,0.363,4.831,0.034785,0.716384,0.029341,-0.696221,img_163.jpg
31112,1280,720,637.5141,339.28363,1004.0506,1006.2993,5.239,0.362,4.857,0.032091,0.727148,0.034646,-0.684854,img_164.jpg
31178,1280,720,637.5141,339.28363,1004.0506,1006.2993,5.239,0.362,4.887,0.034319,0.736189,0.037979,-0.674837,img_165.jpg
31247,1280,720,637.5141,339.28363,1004.0506,1006.2993,5.236,0.362,4.945,0.036140,0.753536,0.039037,-0.655251,img_166.jpg
31328,1280,720,637.5141,339.28363,1004.0506,1006.2993,5.231,0.361,4.992,0.032684,0.763540,0.043442,-0.643468,img_167.jpg
31411,1280,720,637.5141,339.28363,1004.0506,1006.2993,5.224,0.359,5.043,0.030171,0.775739,0.044637,-0.628749,img_168.jpg
31475,1280,720,637.5141,339.28363,1004.0506,1006.2993,5.215,0.358,5.096,0.029536,0.784453,0.044831,-0.617861,img_169.jpg
31545,1280,720,637.5141,339.28363,1004.0506,1006.2993,5.199,0.357,5.179,0.035226,0.800668,0.047478,-0.596184,img_170.jpg
31628,1280,720,637.5141,339.28363,1004.0506,1006.2993,5.186,0.355,5.236,0.038427,0.813815,0.052581,-0.577463,img_171.jpg
31711,1280,720,637.5141,339.28363,1004.0506,1006.2993,5.173,0.355,5.290,0.043993,0.824701,0.058606,-0.560801,img_172.jpg
31778,1280,720,637.5141,339.28363,1004.0506,1006.2993,5.153,0.357,5.366,0.049225,0.841883,0.064884,-0.533480,img_173.jpg
31861,1280,720,637.5141,339.28363,1004.0506,1006.2993,5.142,0.360,5.412,0.046325,0.852650,0.067749,-0.515997,img_174.jpg
31927,1280,720,637.5141,339.28363,1004.0506,1006.2993,5.133,0.362,5.456,0.046519,0.862019,0.071332,-0.499671,img_175.jpg
32011,1280,720,637.5141,339.28363,1004.0506,1006.2993,5.129,0.363,5.495,0.047674,0.870941,0.075106,-0.483268,img_176.jpg
32078,1280,720,637.5141,339.28363,1004.0506,1006.2993,5.120,0.364,5.556,0.045253,0.887618,0.082427,-0.450879,img_177.jpg
32161,1280,720,637.5141,339.28363,1004.0506,1006.2993,5.118,0.359,5.596,0.046571,0.898462,0.088223,-0.427567,img_178.jpg
32228,1280,720,637.5141,339.28363,1004.0506,1006.2993,5.119,0.355,5.635,0.048483,0.908505,0.091544,-0.404831,img_179.jpg
32312,1280,720,637.5141,339.28363,1004.0506,1006.2993,5.121,0.351,5.673,0.049725,0.917118,0.093944,-0.384182,img_180.jpg
32377,1280,720,637.5141,339.28363,1004.0506,1006.2993,5.126,0.349,5.712,0.048473,0.926572,0.091655,-0.361544,img_181.jpg
32443,1280,720,637.5141,339.28363,1004.0506,1006.2993,5.135,0.350,5.750,0.051132,0.934819,0.090581,-0.339550,img_182.jpg
32510,1280,720,637.5141,339.28363,1004.0506,1006.2993,5.142,0.349,5.790,0.050715,0.942274,0.093080,-0.317623,img_183.jpg
32580,1280,720,637.5141,339.28363,1004.0506,1006.2993,5.152,0.350,5.849,0.048309,0.948889,0.103267,-0.294301,img_184.jpg
32661,1280,720,637.5141,339.28363,1004.0506,1006.2993,5.156,0.348,5.886,0.044627,0.955747,0.105703,-0.270894,img_185.jpg
32723,1280,720,637.5141,339.28363,1004.0506,1006.2993,5.162,0.344,5.923,0.039678,0.960593,0.112381,-0.251112,img_186.jpg
32811,1280,720,637.5141,339.28363,1004.0506,1006.2993,5.163,0.336,5.972,0.036114,0.966860,0.128095,-0.217874,img_187.jpg
32894,1280,720,637.5141,339.28363,1004.0506,1006.2993,5.159,0.330,6.001,0.033236,0.970808,0.134743,-0.195631,img_188.jpg
32953,1280,720,637.5141,339.28363,1004.0506,1006.2993,5.157,0.322,6.031,0.028563,0.974220,0.138489,-0.175786,img_189.jpg
33045,1280,720,637.5141,339.28363,1004.0506,1006.2993,5.145,0.311,6.068,0.024599,0.977604,0.150325,-0.145213,img_190.jpg
33128,1280,720,637.5141,339.28363,1004.0506,1006.2993,5.135,0.305,6.089,0.023887,0.978454,0.159037,-0.129475,img_191.jpg
33188,1280,720,637.5141,339.28363,1004.0506,1006.2993,5.119,0.300,6.104,0.020718,0.979125,0.167437,-0.113356,img_192.jpg
33262,1280,720,637.5141,339.28363,1004.0506,1006.2993,5.099,0.295,6.116,0.014863,0.980444,0.171940,-0.094577,img_193.jpg
33344,1280,720,637.5141,339.28363,1004.0506,1006.2993,5.078,0.291,6.127,0.009247,0.981652,0.175556,-0.073858,img_194.jpg
33411,1280,720,637.5141,339.28363,1004.0506,1006.2993,5.052,0.291,6.134,0.006873,0.983057,0.175274,-0.053211,img_195.jpg
33479,1280,720,637.5141,339.28363,1004.0506,1006.2993,5.009,0.291,6.150,0.000198,0.984182,0.175551,-0.023809,img_196.jpg
33561,1280,720,637.5141,339.28363,1004.0506,1006.2993,4.979,0.294,6.157,-0.005094,0.984026,0.177853,-0.005884,img_197.jpg
33627,1280,720,637.5141,339.28363,1004.0506,1006.2993,4.944,0.296,6.166,-0.011066,0.983855,0.178307,0.010650,img_198.jpg
33694,1280,720,637.5141,339.28363,1004.0506,1006.2993,4.907,0.297,6.174,-0.015203,0.983464,0.178857,0.024045,img_199.jpg
33759,1280,720,637.5141,339.28363,1004.0506,1006.2993,4.867,0.297,6.184,-0.017945,0.983388,0.176793,0.037018,img_200.jpg
33827,1280,720,637.5141,339.28363,1004.0506,1006.2993,4.824,0.300,6.191,-0.019270,0.982942,0.175896,0.050148,img_201.jpg
33895,1280,720,637.5141,339.28363,1004.0506,1006.2993,4.778,0.304,6.198,-0.020071,0.982669,0.174062,0.060504,img_202.jpg
33963,1280,720,637.5141,339.28363,1004.0506,1006.2993,4.730,0.306,6.208,-0.022004,0.982356,0.172061,0.069913,img_203.jpg
34025,1280,720,637.5141,339.28363,1004.0506,1006.2993,4.684,0.311,6.215,-0.021655,0.982446,0.167998,0.078153,img_204.jpg
34111,1280,720,637.5141,339.28363,1004.0506,1006.2993,4.620,0.319,6.221,-0.017807,0.982505,0.160232,0.093239,img_205.jpg
34177,1280,720,637.5141,339.28363,1004.0506,1006.2993,4.578,0.323,6.227,-0.016819,0.982439,0.156324,0.100469,img_206.jpg
34262,1280,720,637.5141,339.28363,1004.0506,1006.2993,4.546,0.330,6.230,-0.015480,0.982295,0.151313,0.109364,img_207.jpg
34323,1280,720,637.5141,339.28363,1004.0506,1006.2993,4.504,0.334,6.241,-0.017630,0.982210,0.147957,0.114288,img_208.jpg
34411,1280,720,637.5141,339.28363,1004.0506,1006.2993,4.465,0.344,6.251,-0.019561,0.982166,0.138269,0.125894,img_209.jpg
34476,1280,720,637.5141,339.28363,1004.0506,1006.2993,4.434,0.350,6.264,-0.020677,0.983038,0.128319,0.129392,img_210.jpg
34544,1280,720,637.5141,339.28363,1004.0506,1006.2993,4.401,0.355,6.280,-0.020461,0.983973,0.121184,0.129198,img_211.jpg
34628,1280,720,637.5141,339.28363,1004.0506,1006.2993,4.377,0.360,6.295,-0.018131,0.985640,0.112521,0.124595,img_212.jpg
34691,1280,720,637.5141,339.28363,1004.0506,1006.2993,4.352,0.366,6.314,-0.012008,0.987076,0.101377,0.123528,img_213.jpg
34763,1280,720,637.5141,339.28363,1004.0506,1006.2993,4.325,0.375,6.334,-0.008642,0.989322,0.089341,0.114826,img_214.jpg
34837,1280,720,637.5141,339.28363,1004.0506,1006.2993,4.301,0.385,6.354,-0.003757,0.991726,0.076107,0.103314,img_215.jpg
34904,1280,720,637.5141,339.28363,1004.0506,1006.2993,4.286,0.396,6.373,-0.001041,0.992960,0.073379,0.092978,img_216.jpg
34971,1280,720,637.5141,339.28363,1004.0506,1006.2993,4.270,0.408,6.389,-0.000759,0.995145,0.057663,0.079761,img_217.jpg
35045,1280,720,637.5141,339.28363,1004.0506,1006.2993,4.257,0.416,6.403,-0.004091,0.996224,0.047186,0.072759,img_218.jpg
35115,1280,720,637.5141,339.28363,1004.0506,1006.2993,4.233,0.423,6.424,-0.004012,0.996953,0.045050,0.063548,img_219.jpg,marker_6.jpg,0.26787347,0.26787347,4.113,0.317,7.255,-0.038697,0.701550,-0.709642,-0.709642
35195,1280,720,637.5141,339.28363,1004.0506,1006.2993,4.211,0.426,6.439,-0.004141,0.997467,0.037659,0.060204,img_220.jpg
35259,1280,720,637.5141,339.28363,1004.0506,1006.2993,4.192,0.427,6.451,-0.004963,0.997797,0.037843,0.054268,img_221.jpg
35345,1280,720,637.5141,339.28363,1004.0506,1006.2993,4.164,0.427,6.467,-0.000353,0.997900,0.042766,0.048640,img_222.jpg
35411,1280,720,637.5141,339.28363,1004.0506,1006.2993,4.147,0.428,6.474,-0.000307,0.998370,0.039955,0.040741,img_223.jpg,marker_6.jpg,0.26342258,0.26342258,4.110,0.319,7.250,-0.035821,0.686496,-0.724734,-0.724734
35494,1280,720,637.5141,339.28363,1004.0506,1006.2993,4.131,0.430,6.479,0.001320,0.998671,0.039004,0.033663,img_224.jpg
35561,1280,720,637.5141,339.28363,1004.0506,1006.2993,4.118,0.430,6.485,0.004298,0.998881,0.038887,0.026589,img_225.jpg
35623,1280,720,637.5141,339.28363,1004.0506,1006.2993,4.105,0.431,6.492,0.006008,0.998860,0.044048,0.017365,img_226.jpg
35694,1280,720,637.5141,339.28363,1004.0506,1006.2993,4.094,0.429,6.500,0.003106,0.998438,0.054233,0.013029,img_227.jpg
35762,1280,720,637.5141,339.28363,1004.0506,1006.2993,4.081,0.424,6.507,0.000062,0.997678,0.065870,0.017295,img_228.jpg
35826,1280,720,637.5141,339.28363,1004.0506,1006.2993,4.067,0.416,6.512,-0.004922,0.997071,0.072931,0.022487,img_229.jpg
35897,1280,720,637.5141,339.28363,1004.0506,1006.2993,4.050,0.406,6.514,-0.009157,0.996243,0.080946,0.029406,img_230.jpg
35960,1280,720,637.5141,339.28363,1004.0506,1006.2993,4.030,0.395,6.514,-0.015414,0.994594,0.096194,0.035948,img_231.jpg,marker_6.jpg,0.26409847,0.26409847,4.112,0.318,7.250,-0.035388,0.697302,-0.714714,-0.714714
36026,1280,720,637.5141,339.28363,1004.0506,1006.2993,4.003,0.386,6.513,-0.024130,0.992506,0.112157,0.042084,img_232.jpg
36111,1280,720,637.5141,339.28363,1004.0506,1006.2993,3.957,0.375,6.499,-0.034138,0.991014,0.117950,0.053037,img_233.jpg
36177,1280,720,637.5141,339.28363,1004.0506,1006.2993,3.917,0.368,6.488,-0.039669,0.989391,0.123234,0.065914,img_234.jpg
36249,1280,720,637.5141,339.28363,1004.0506,1006.2993,3.872,0.359,6.474,-0.045860,0.987291,0.129979,0.079114,img_235.jpg
36327,1280,720,637.5141,339.28363,1004.0506,1006.2993,3.821,0.352,6.456,-0.045370,0.984550,0.138307,0.097334,img_236.jpg
36394,1280,720,637.5141,339.28363,1004.0506,1006.2993,3.767,0.349,6.436,-0.045262,0.981333,0.147697,0.114550,img_237.jpg
36462,1280,720,637.5141,339.28363,1004.0506,1006.2993,3.714,0.349,6.411,-0.043676,0.978134,0.156165,0.130226,img_238.jpg
36544,1280,720,637.5141,339.28363,1004.0506,1006.2993,3.638,0.348,6.378,-0.036898,0.974089,0.160588,0.154923,img_239.jpg
36609,1280,720,637.5141,339.28363,1004.0506,1006.2993,3.589,0.345,6.362,-0.036420,0.971415,0.171676,0.159858,img_240.jpg
36694,1280,720,637.5141,339.28363,1004.0506,1006.2993,3.544,0.344,6.352,-0.037490,0.967102,0.186302,0.169112,img_241.jpg
36760,1280,720,637.5141,339.28363,1004.0506,1006.2993,3.497,0.346,6.347,-0.039774,0.963524,0.187519,0.186750,img_242.jpg
36822,1280,720,637.5141,339.28363,1004.0506,1006.2993,3.449,0.343,6.346,-0.041646,0.960444,0.192328,0.197035,img_243.jpg
36893,1280,720,637.5141,339.28363,1004.0506,1006.2993,3.402,0.340,6.346,-0.041722,0.958880,0.191672,0.205112,img_244.jpg
36957,1280,720,637.5141,339.28363,1004.0506,1006.2993,3.349,0.333,6.350,-0.042721,0.957577,0.190762,0.211734,img_245.jpg
37027,1280,720,637.5141,339.28363,1004.0506,1006.2993,3.297,0.329,6.356,-0.040428,0.956700,0.187916,0.218584,img_246.jpg
37095,1280,720,637.5141,339.28363,1004.0506,1006.2993,3.243,0.326,6.363,-0.036793,0.955305,0.187275,0.225757,img_247.jpg
37160,1280,720,637.5141,339.28363,1004.0506,1006.2993,3.185,0.324,6.368,-0.032914,0.954317,0.184204,0.232948,img_248.jpg
37223,1280,720,637.5141,339.28363,1004.0506,1006.2993,3.125,0.324,6.376,-0.033344,0.948411,0.194826,0.247885,img_249.jpg
37311,1280,720,637.5141,339.28363,1004.0506,1006.2993,3.044,0.324,6.397,-0.040107,0.943106,0.196507,0.265193,img_250.jpg
37376,1280,720,637.5141,339.28363,1004.0506,1006.2993,2.986,0.327,6.405,-0.047770,0.939134,0.193429,0.279877,img_251.jpg
37444,1280,720,637.5141,339.28363,1004.0506,1006.2993,2.933,0.326,6.411,-0.060434,0.936715,0.195074,0.284356,img_252.jpg
37527,1280,720,637.5141,339.28363,1004.0506,1006.2993,2.872,0.326,6.415,-0.068278,0.934673,0.190169,0.292508,img_253.jpg
37588,1280,720,637.5141,339.28363,1004.0506,1006.2993,2.814,0.324,6.423,-0.077038,0.933181,0.185762,0.297878,img_254.jpg
37662,1280,720,637.5141,339.28363,1004.0506,1006.2993,2.750,0.321,6.426,-0.080262,0.929912,0.183364,0.308544,img_255.jpg
37730,1280,720,637.5141,339.28363,1004.0506,1006.2993,2.687,0.317,6.433,-0.084458,0.927213,0.188314,0.312540,img_256.jpg
37792,1280,720,637.5141,339.28363,1004.0506,1006.2993,2.624,0.315,6.438,-0.089176,0.924709,0.192360,0.316162,img_257.jpg
37862,1280,720,637.5141,339.28363,1004.0506,1006.2993,2.558,0.318,6.442,-0.098062,0.924208,0.199110,0.310772,img_258.jpg
37931,1280,720,637.5141,339.28363,1004.0506,1006.2993,2.495,0.320,6.449,-0.099834,0.918620,0.209289,0.319951,img_259.jpg
38011,1280,720,637.5141,339.28363,1004.0506,1006.2993,2.407,0.324,6.456,-0.107232,0.913132,0.214563,0.329628,img_260.jpg
38077,1280,720,637.5141,339.28363,1004.0506,1006.2993,2.379,0.324,6.459,-0.110028,0.910373,0.218431,0.333771,img_261.jpg
38146,1280,720,637.5141,339.28363,1004.0506,1006.2993,2.294,0.321,6.471,-0.114360,0.901002,0.226835,0.351659,img_262.jpg
38228,1280,720,637.5141,339.28363,1004.0506,1006.2993,2.240,0.317,6.478,-0.117064,0.896021,0.230550,0.360955,img_263.jpg
38310,1280,720,637.5141,339.28363,1004.0506,1006.2993,2.160,0.312,6.491,-0.118216,0.892906,0.228526,0.369486,img_264.jpg
38395,1280,720,637.5141,339.28363,1004.0506,1006.2993,2.102,0.308,6.506,-0.115466,0.891363,0.225118,0.376114,img_265.jpg
38479,1280,720,637.5141,339.28363,1004.0506,1006.2993,2.013,0.303,6.529,-0.106073,0.889599,0.219394,0.386300,img_266.jpg
38561,1280,720,637.5141,339.28363,1004.0506,1006.2993,1.955,0.303,6.548,-0.099632,0.887456,0.219907,0.392602,img_267.jpg
38623,1280,720,637.5141,339.28363,1004.0506,1006.2993,1.891,0.302,6.567,-0.104785,0.880205,0.231515,0.400824,img_268.jpg
38711,1280,720,637.5141,339.28363,1004.0506,1006.2993,1.832,0.306,6.581,-0.109782,0.878112,0.229253,0.405353,img_269.jpg
38771,1280,720,637.5141,339.28363,1004.0506,1006.2993,1.772,0.310,6.593,-0.116944,0.873888,0.224136,0.415220,img_270.jpg
38838,1280,720,637.5141,339.28363,1004.0506,1006.2993,1.712,0.313,6.602,-0.124679,0.873129,0.220037,0.416755,img_271.jpg
38910,1280,720,637.5141,339.28363,1004.0506,1006.2993,1.621,0.311,6.617,-0.133992,0.870381,0.218588,0.420360,img_272.jpg
38994,1280,720,637.5141,339.28363,1004.0506,1006.2993,1.563,0.308,6.621,-0.137044,0.870418,0.213437,0.421943,img_273.jpg
39058,1280,720,637.5141,339.28363,1004.0506,1006.2993,1.500,0.305,6.628,-0.134071,0.871649,0.207776,0.423180,img_274.jpg
39144,1280,720,637.5141,339.28363,1004.0506,1006.2993,1.403,0.305,6.634,-0.131884,0.875831,0.199126,0.419376,img_275.jpg
39215,1280,720,637.5141,339.28363,1004.0506,1006.2993,1.339,0.309,6.637,-0.132678,0.880374,0.195752,0.411119,img_276.jpg
39293,1280,720,637.5141,339.28363,1004.0506,1006.2993,1.276,0.315,6.642,-0.129760,0.879027,0.202881,0.411476,img_277.jpg
39358,1280,720,637.5141,339.28363,1004.0506,1006.2993,1.215,0.322,6.645,-0.125219,0.881652,0.202271,0.407549,img_278.jpg
39444,1280,720,637.5141,339.28363,1004.0506,1006.2993,1.123,0.325,6.655,-0.125735,0.880420,0.210723,0.405769,img_279.jpg
39527,1280,720,637.5141,339.28363,1004.0506,1006.2993,1.068,0.326,6.662,-0.124757,0.881097,0.213404,0.403191,img_280.jpg
39593,1280,720,637.5141,339.28363,1004.0506,1006.2993,1.012,0.324,6.672,-0.120247,0.882407,0.218258,0.399077,img_281.jpg
39664,1280,720,637.5141,339.28363,1004.0506,1006.2993,0.963,0.322,6.684,-0.109300,0.888463,0.217780,0.388920,img_282.jpg
39732,1280,720,637.5141,339.28363,1004.0506,1006.2993,0.911,0.321,6.700,-0.094040,0.899403,0.210273,0.371504,img_283.jpg
39798,1280,720,637.5141,339.28363,1004.0506,1006.2993,0.857,0.323,6.720,-0.077303,0.912044,0.196647,0.351468,img_284.jpg
39877,1280,720,637.5141,339.28363,1004.0506,1006.2993,0.779,0.333,6.750,-0.050959,0.931612,0.171879,0.316165,img_285.jpg
39962,1280,720,637.5141,339.28363,1004.0506,1006.2993,0.725,0.343,6.774,-0.043653,0.936057,0.174638,0.302313,img_286.jpg
40045,1280,720,637.5141,339.28363,1004.0506,1006.2993,0.654,0.365,6.800,-0.027971,0.945399,0.153897,0.285927,img_287.jpg
40127,1280,720,637.5141,339.28363,1004.0506,1006.2993,0.606,0.377,6.819,-0.022928,0.952580,0.140146,0.269118,img_288.jpg
40195,1280,720,637.5141,339.28363,1004.0506,1006.2993,0.561,0.386,6.838,-0.020126,0.959533,0.134447,0.246608,img_289.jpg
40261,1280,720,637.5141,339.28363,1004.0506,1006.2993,0.521,0.393,6.854,-0.015365,0.965848,0.121639,0.228268,img_290.jpg
40328,1280,720,637.5141,339.28363,1004.0506,1006.2993,0.475,0.402,6.873,-0.012413,0.971945,0.109982,0.207542,img_291.jpg
40397,1280,720,637.5141,339.28363,1004.0506,1006.2993,0.432,0.408,6.889,-0.009360,0.977020,0.096867,0.189634,img_292.jpg
40464,1280,720,637.5141,339.28363,1004.0506,1006.2993,0.388,0.415,6.902,-0.010350,0.981591,0.086865,0.169782,img_293.jpg
40533,1280,720,637.5141,339.28363,1004.0506,1006.2993,0.344,0.423,6.914,-0.009131,0.984771,0.081797,0.153139,img_294.jpg
40600,1280,720,637.5141,339.28363,1004.0506,1006.2993,0.307,0.431,6.926,-0.009549,0.988339,0.073189,0.133187,img_295.jpg
40669,1280,720,637.5141,339.28363,1004.0506,1006.2993,0.276,0.437,6.941,-0.004262,0.991427,0.069862,0.110334,img_296.jpg
40764,1280,720,637.5141,339.28363,1004.0506,1006.2993,0.232,0.442,6.966,-0.002344,0.994329,0.072554,0.077715,img_297.jpg
40833,1280,720,637.5141,339.28363,1004.0506,1006.2993,0.212,0.444,6.980,-0.010925,0.995635,0.073908,0.055945,img_298.jpg,marker_7.png,0.26325828,0.26325828,0.141,0.353,7.612,-0.026055,0.699277,-0.713481,-0.713481
40905,1280,720,637.5141,339.28363,1004.0506,1006.2993,0.193,0.444,6.993,-0.010972,0.996246,0.075267,0.041323,img_299.jpg
40976,1280,720,637.5141,339.28363,1004.0506,1006.2993,0.172,0.448,7.010,-0.007081,0.997247,0.068344,0.027866,img_300.jpg
41062,1280,720,637.5141,339.28363,1004.0506,1006.2993,0.161,0.450,7.018,-0.007919,0.997556,0.064883,0.024682,img_301.jpg
41126,1280,720,637.5141,339.28363,1004.0506,1006.2993,0.153,0.453,7.025,-0.005600,0.997515,0.068260,0.016518,img_302.jpg
41210,1280,720,637.5141,339.28363,1004.0506,1006.2993,0.146,0.456,7.030,-0.000504,0.997643,0.068577,0.002303,img_303.jpg
41278,1280,720,637.5141,339.28363,1004.0506,1006.2993,0.139,0.457,7.030,-0.003105,0.997901,0.064561,0.003916,img_304.jpg
41348,1280,720,637.5141,339.28363,1004.0506,1006.2993,0.133,0.455,7.030,-0.004918,0.997340,0.072688,0.002465,img_305.jpg
41428,1280,720,637.5141,339.28363,1004.0506,1006.2993,0.124,0.452,7.028,-0.004795,0.995642,0.092283,0.012576,img_306.jpg,marker_7.png,0.26762375,0.26762375,0.137,0.356,7.612,-0.027963,0.702411,-0.710185,-0.710185
41502,1280,720,637.5141,339.28363,1004.0506,1006.2993,0.108,0.444,7.023,-0.007554,0.994248,0.102990,0.028394,img_307.jpg
41572,1280,720,637.5141,339.28363,1004.0506,1006.2993,0.081,0.431,7.007,-0.013639,0.991363,0.116400,0.058856,img_308.jpg
41644,1280,720,637.5141,339.28363,1004.0506,1006.2993,0.070,0.425,6.987,-0.019905,0.987962,0.128190,0.084273,img_309.jpg
41727,1280,720,637.5141,339.28363,1004.0506,1006.2993,0.051,0.419,6.969,-0.026146,0.983960,0.136796,0.111475,img_310.jpg
41794,1280,720,637.5141,339.28363,1004.0506,1006.2993,0.030,0.413,6.952,-0.032273,0.979237,0.143170,0.139842,img_311.jpg
41859,1280,720,637.5141,339.28363,1004.0506,1006.2993,0.008,0.410,6.935,-0.036365,0.973939,0.148473,0.167562,img_312.jpg
41926,1280,720,637.5141,339.28363,1004.0506,1006.2993,-0.016,0.405,6.918,-0.043347,0.966665,0.153426,0.200350,img_313.jpg
41999,1280,720,637.5141,339.28363,1004.0506,1006.2993,-0.042,0.400,6.900,-0.051878,0.957887,0.159184,0.233282,img_314.jpg
42064,1280,720,637.5141,339.28363,1004.0506,1006.2993,-0.069,0.396,6.885,-0.058236,0.948550,0.161832,0.265843,img_315.jpg
42131,1280,720,637.5141,339.28363,1004.0506,1006.2993,-0.095,0.393,6.871,-0.063820,0.939908,0.162309,0.293524,img_316.jpg
42203,1280,720,637.5141,339.28363,1004.0506,1006.2993,-0.136,0.395,6.857,-0.069681,0.928296,0.157784,0.329416,img_317.jpg
42276,1280,720,637.5141,339.28363,1004.0506,1006.2993,-0.166,0.396,6.851,-0.074157,0.920433,0.153484,0.351776,img_318.jpg
42344,1280,720,637.5141,339.28363,1004.0506,1006.2993,-0.198,0.396,6.852,-0.073475,0.911060,0.148810,0.377394,img_319.jpg
42427,1280,720,637.5141,339.28363,1004.0506,1006.2993,-0.234,0.397,6.854,-0.071191,0.901221,0.142160,0.403141,img_320.jpg
42497,1280,720,637.5141,339.28363,1004.0506,1006.2993,-0.272,0.399,6.856,-0.068439,0.893037,0.137339,0.423012,img_321.jpg
42560,1280,720,637.5141,339.28363,1004.0506,1006.2993,-0.313,0.401,6.860,-0.064293,0.885721,0.130352,0.440877,img_322.jpg
42626,1280,720,637.5141,339.28363,1004.0506,1006.2993,-0.356,0.402,6.869,-0.058909,0.878526,0.121357,0.458251,img_323.jpg
42696,1280,720,637.5141,339.28363,1004.0506,1006.2993,-0.402,0.408,6.874,-0.053735,0.869563,0.109771,0.478460,img_324.jpg
42761,1280,720,637.5141,339.28363,1004.0506,1006.2993,-0.449,0.417,6.878,-0.054154,0.858976,0.104027,0.498403,img_325.jpg
42827,1280,720,637.5141,339.28363,1004.0506,1006.2993,-0.495,0.424,6.882,-0.054428,0.847981,0.096050,0.518403,img_326.jpg
42898,1280,720,637.5141,339.28363,1004.0506,1006.2993,-0.542,0.432,6.882,-0.060785,0.836014,0.096453,0.536733,img_327.jpg
42967,1280,720,637.5141,339.28363,1004.0506,1006.2993,-0.582,0.439,6.879,0.064264,-0.821537,-0.087989,-0.559647,img_328.jpg
43034,1280,720,637.5141,339.28363,1004.0506,1006.2993,-0.623,0.445,6.870,0.067355,-0.808538,-0.083888,-0.578526,img_329.jpg
43107,1280,720,637.5141,339.28363,1004.0506,1006.2993,-0.677,0.454,6.849,0.066908,-0.792717,-0.077463,-0.600935,img_330.jpg
43179,1280,720,637.5141,339.28363,1004.0506,1006.2993,-0.708,0.459,6.831,0.064217,-0.781322,-0.067495,-0.617136,img_331.jpg
43262,1280,720,637.5141,339.28363,1004.0506,1006.2993,-0.728,0.465,6.811,0.063946,-0.772652,-0.064581,-0.628290,img_332.jpg
43345,1280,720,637.5141,339.28363,1004.0506,1006.2993,-0.768,0.471,6.775,0.059075,-0.760854,-0.059426,-0.643491,img_333.jpg
43428,1280,720,637.5141,339.28363,1004.0506,1006.2993,-0.788,0.475,6.751,0.053284,-0.755238,-0.052468,-0.651171,img_334.jpg
43495,1280,720,637.5141,339.28363,1004.0506,1006.2993,-0.808,0.479,6.726,0.047793,-0.751324,-0.046664,-0.656544,img_335.jpg
43560,1280,720,637.5141,339.28363,1004.0506,1006.2993,-0.822,0.483,6.700,0.042304,-0.747704,-0.043646,-0.661245,img_336.jpg
43625,1280,720,637.5141,339.28363,1004.0506,1006.2993,-0.839,0.483,6.678,0.042756,-0.748545,-0.044580,-0.660201,img_337.jpg
43711,1280,720,637.5141,339.28363,1004.0506,1006.2993,-0.862,0.481,6.651,0.045080,-0.750436,-0.050007,-0.657506,img_338.jpg,marker_8.jpg,0.26362404,0.26362404,-1.577,0.353,6.741,-0.460184,-0.520840,0.551562,0.551562
43794,1280,720,637.5141,339.28363,1004.0506,1006.2993,-0.875,0.479,6.636,0.045139,-0.751910,-0.052975,-0.655582,img_339.jpg
43860,1280,720,637.5141,339.28363,1004.0506,1006.2993,-0.885,0.477,6.626,0.048313,-0.752973,-0.055019,-0.653965,img_340.jpg
43930,1280,720,637.5141,339.28363,1004.0506,1006.2993,-0.896,0.477,6.616,0.051596,-0.751870,-0.052204,-0.655213,img_341.jpg
43996,1280,720,637.5141,339.28363,1004.0506,1006.2993,-0.904,0.478,6.609,0.052345,-0.750794,-0.049830,-0.656571,img_342.jpg
44068,1280,720,637.5141,339.28363,1004.0506,1006.2993,-0.918,0.478,6.603,0.056559,-0.750493,-0.047991,-0.656702,img_343.jpg
44146,1280,720,637.5141,339.28363,1004.0506,1006.2993,-0.927,0.477,6.601,0.059036,-0.750925,-0.046751,-0.656080,img_344.jpg
44228,1280,720,637.5141,339.28363,1004.0506,1006.2993,-0.935,0.476,6.598,0.061760,-0.746713,-0.046295,-0.660653,img_345.jpg
44295,1280,720,637.5141,339.28363,1004.0506,1006.2993,-0.944,0.475,6.592,0.065372,-0.744128,-0.049808,-0.662963,img_346.jpg
44363,1280,720,637.5141,339.28363,1004.0506,1006.2993,-0.952,0.473,6.582,0.069591,-0.742647,-0.051534,-0.664061,img_347.jpg
44431,1280,720,637.5141,339.28363,1004.0506,1006.2993,-0.954,0.472,6.566,0.068725,-0.741593,-0.045777,-0.665749,img_348.jpg,marker_8.jpg,0.2616616,0.2616616,-1.581,0.354,6.740,-0.460387,-0.520525,0.550223,0.550223
44505,1280,720,637.5141,339.28363,1004.0506,1006.2993,-0.952,0.470,6.530,0.068504,-0.741156,-0.047198,-0.666159,img_349.jpg
44578,1280,720,637.5141,339.28363,1004.0506,1006.2993,-0.947,0.469,6.499,0.069395,-0.732587,-0.042257,-0.675806,img_350.jpg
44645,1280,720,637.5141,339.28363,1004.0506,1006.2993,-0.941,0.466,6.460,0.080878,-0.723356,-0.032687,-0.684943,img_351.jpg
44727,1280,720,637.5141,339.28363,1004.0506,1006.2993,-0.932,0.462,6.417,0.086863,-0.716508,-0.026941,-0.691625,img_352.jpg
44798,1280,720,637.5141,339.28363,1004.0506,1006.2993,-0.920,0.456,6.368,0.087600,-0.705114,-0.029542,-0.703042,img_353.jpg
44869,1280,720,637.5141,339.28363,1004.0506,1006.2993,-0.906,0.450,6.319,0.081218,-0.697021,-0.032858,-0.711678,img_354.jpg
44938,1280,720,637.5141,339.28363,1004.0506,1006.2993,-0.884,0.442,6.239,0.086805,-0.687880,-0.047072,-0.719076,img_355.jpg
45027,1280,720,637.5141,339.28363,1004.0506,1006.2993,-0.866,0.439,6.185,0.088215,-0.685072,-0.054407,-0.721065,img_356.jpg
45100,1280,720,637.5141,339.28363,1004.0506,1006.2993,-0.848,0.438,6.131,0.092989,-0.682207,-0.062181,-0.722551,img_357.jpg
45175,1280,720,637.5141,339.28363,1004.0506,1006.2993,-0.823,0.437,6.052,0.094164,-0.674317,-0.062909,-0.729707,img_358.jpg
45245,1280,720,637.5141,339.28363,1004.0506,1006.2993,-0.811,0.437,6.000,0.099483,-0.674070,-0.059788,-0.729492,img_359.jpg
45328,1280,720,637.5141,339.28363,1004.0506,1006.2993,-0.804,0.435,5.947,0.102917,-0.666778,-0.056106,-0.735981,img_360.jpg
45390,1280,720,637.5141,339.28363,1004.0506,1006.2993,-0.802,0.432,5.893,0.107925,-0.657838,-0.052526,-0.743534,img_361.jpg
45480,1280,720,637.5141,339.28363,1004.0506,1006.2993,-0.805,0.422,5.809,0.111861,-0.645084,-0.044976,-0.754540,img_362.jpg
45564,1280,720,637.5141,339.28363,1004.0506,1006.2993,-0.816,0.414,5.757,0.114949,-0.638579,-0.041763,-0.759776,img_363.jpg
45633,1280,720,637.5141,339.28363,1004.0506,1006.2993,-0.828,0.405,5.704,0.113749,-0.632003,-0.039767,-0.765540,img_364.jpg
45697,1280,720,637.5141,339.28363,1004.0506,1006.2993,-0.842,0.401,5.651,0.106987,-0.631070,-0.041461,-0.767193,img_365.jpg
45773,1280,720,637.5141,339.28363,1004.0506,1006.2993,-0.868,0.406,5.583,0.095487,-0.631685,-0.046479,-0.767917,img_366.jpg
45844,1280,720,637.5141,339.28363,1004.0506,1006.2993,-0.884,0.414,5.538,0.080877,-0.638142,-0.047120,-0.764208,img_367.jpg
45927,1280,720,637.5141,339.28363,1004.0506,1006.2993,-0.895,0.423,5.497,0.068319,-0.640126,-0.039007,-0.764232,img_368.jpg
45997,1280,720,637.5141,339.28363,1004.0506,1006.2993,-0.908,0.429,5.459,0.065146,-0.647746,-0.029549,-0.758491,img_369.jpg
46065,1280,720,637.5141,339.28363,1004.0506,1006.2993,-0.926,0.434,5.409,0.059463,-0.654751,-0.027381,-0.753004,img_370.jpg
46145,1280,720,637.5141,339.28363,1004.0506,1006.2993,-0.938,0.435,5.375,0.054261,-0.662346,-0.024928,-0.746815,img_371.jpg
46228,1280,720,637.5141,339.28363,1004.0506,1006.2993,-0.949,0.433,5.342,0.052146,-0.669830,-0.023694,-0.740303,img_372.jpg,marker_9.jpg,0.3251631,0.3251631,-1.734,0.312,5.238,-0.469280,-0.519482,0.549777,0.549777
46296,1280,720,637.5141,339.28363,1004.0506,1006.2993,-0.959,0.430,5.312,0.047962,-0.677501,-0.021171,-0.733652,img_373.jpg
46366,1280,720,637.5141,339.28363,1004.0506,1006.2993,-0.978,0.426,5.274,0.055035,-0.690690,-0.027859,-0.720515,img_374.jpg
46444,1280,720,637.5141,339.28363,1004.0506,1006.2993,-0.988,0.427,5.254,0.058668,-0.693360,-0.026343,-0.717716,img_375.jpg
46527,1280,720,637.5141,339.28363,1004.0506,1006.2993,-0.997,0.429,5.238,0.059296,-0.697289,-0.022451,-0.713981,img_376.jpg
46594,1280,720,637.5141,339.28363,1004.0506,1006.2993,-1.006,0.431,5.228,0.056473,-0.702588,-0.025089,-0.708909,img_377.jpg
46663,1280,720,637.5141,339.28363,1004.0506,1006.2993,-1.014,0.431,5.220,0.055395,-0.709023,-0.025870,-0.702530,img_378.jpg
46730,1280,720,637.5141,339.28363,1004.0506,1006.2993,-1.022,0.432,5.213,0.054415,-0.711814,-0.020551,-0.699955,img_379.jpg
46810,1280,720,637.5141,339.28363,1004.0506,1006.2993,-1.032,0.433,5.208,0.051883,-0.716402,-0.022504,-0.695392,img_380.jpg,marker_9.jpg,0.26321262,0.26321262,-1.733,0.310,5.243,-0.469227,-0.518197,0.541061,0.541061
46894,1280,720,637.5141,339.28363,1004.0506,1006.2993,-1.039,0.432,5.204,0.054386,-0.719927,-0.024995,-0.691464,img_381.jpg
46959,1280,720,637.5141,339.28363,1004.0506,1006.2993,-1.045,0.430,5.196,0.062865,-0.722600,-0.024584,-0.687962,img_382.jpg
47033,1280,720,637.5141,339.28363,1004.0506,1006.2993,-1.051,0.425,5.182,0.072440,-0.716664,-0.026334,-0.693146,img_383.jpg
47100,1280,720,637.5141,339.28363,1004.0506,1006.2993,-1.054,0.418,5.158,0.085541,-0.708030,-0.024209,-0.700564,img_384.jpg
47172,1280,720,637.5141,339.28363,1004.0506,1006.2993,-1.057,0.409,5.112,0.101889,-0.698343,-0.036552,-0.707531,img_385.jpg
47244,1280,720,637.5141,339.28363,1004.0506,1006.2993,-1.057,0.406,5.077,0.103381,-0.688132,-0.039482,-0.717097,img_386.jpg
47327,1280,720,637.5141,339.28363,1004.0506,1006.2993,-1.054,0.399,5.032,0.109293,-0.676694,-0.035890,-0.727222,img_387.jpg
47398,1280,720,637.5141,339.28363,1004.0506,1006.2993,-1.050,0.392,4.982,0.111214,-0.664833,-0.032164,-0.737967,img_388.jpg
47469,1280,720,637.5141,339.28363,1004.0506,1006.2993,-1.037,0.385,4.899,0.108628,-0.648169,-0.028083,-0.753186,img_389.jpg
47544,1280,720,637.5141,339.28363,1004.0506,1006.2993,-1.023,0.383,4.842,0.100321,-0.642233,-0.024693,-0.759515,img_390.jpg
47627,1280,720,637.5141,339.28363,1004.0506,1006.2993,-1.012,0.382,4.784,0.104202,-0.636421,-0.030899,-0.763646,img_391.jpg
47697,1280,720,637.5141,339.28363,1004.0506,1006.2993,-1.003,0.381,4.725,0.114125,-0.630203,-0.036519,-0.767129,img_392.jpg
47769,1280,720,637.5141,339.28363,1004.0506,1006.2993,-0.988,0.381,4.644,0.115204,-0.622693,-0.037296,-0.773040,img_393.jpg
47845,1280,720,637.5141,339.28363,1004.0506,1006.2993,-0.980,0.381,4.593,0.119603,-0.613848,-0.040402,-0.779265,img_394.jpg
47927,1280,720,637.5141,339.28363,1004.0506,1006.2993,-0.976,0.379,4.541,0.123263,-0.602234,-0.037227,-0.787868,img_395.jpg
47999,1280,720,637.5141,339.28363,1004.0506,1006.2993,-0.976,0.373,4.486,0.127222,-0.593829,-0.035655,-0.793669,img_396.jpg
48070,1280,720,637.5141,339.28363,1004.0506,1006.2993,-0.982,0.363,4.406,0.124043,-0.580080,-0.038255,-0.804150,img_397.jpg
48144,1280,720,637.5141,339.28363,1004.0506,1006.2993,-0.988,0.358,4.382,0.121984,-0.576892,-0.039019,-0.806718,img_398.jpg
48209,1280,720,637.5141,339.28363,1004.0506,1006.2993,-1.006,0.348,4.298,0.114819,-0.565330,-0.042298,-0.815739,img_399.jpg
48296,1280,720,637.5141,339.28363,1004.0506,1006.2993,-1.020,0.345,4.241,0.105839,-0.561126,-0.041866,-0.819867,img_400.jpg
48364,1280,720,637.5141,339.28363,1004.0506,1006.2993,-1.040,0.346,4.183,0.108054,-0.551077,-0.047171,-0.826083,img_401.jpg
48433,1280,720,637.5141,339.28363,1004.0506,1006.2993,-1.054,0.353,4.126,0.100441,-0.546923,-0.045992,-0.829862,img_402.jpg
48512,1280,720,637.5141,339.28363,1004.0506,1006.2993,-1.074,0.361,4.048,0.098494,-0.544128,-0.037044,-0.832377,img_403.jpg
48595,1280,720,637.5141,339.28363,1004.0506,1006.2993,-1.086,0.363,4.002,0.097296,-0.548255,-0.034049,-0.829934,img_404.jpg
48668,1280,720,637.5141,339.28363,1004.0506,1006.2993,-1.106,0.362,3.931,0.092976,-0.559960,-0.024398,-0.822925,img_405.jpg
48744,1280,720,637.5141,339.28363,1004.0506,1006.2993,-1.113,0.363,3.885,0.085989,-0.569621,-0.019741,-0.817159,img_406.jpg
48827,1280,720,637.5141,339.28363,1004.0506,1006.2993,-1.117,0.366,3.839,0.074469,-0.582495,-0.016380,-0.809250,img_407.jpg
48904,1280,720,637.5141,339.28363,1004.0506,1006.2993,-1.128,0.368,3.772,0.056479,-0.599327,-0.010396,-0.798442,img_408.jpg
48976,1280,720,637.5141,339.28363,1004.0506,1006.2993,-1.138,0.371,3.729,0.057999,-0.617178,-0.013317,-0.784570,img_409.jpg
49062,1280,720,637.5141,339.28363,1004.0506,1006.2993,-1.147,0.376,3.690,0.055293,-0.630613,-0.013131,-0.774014,img_410.jpg
49132,1280,720,637.5141,339.28363,1004.0506,1006.2993,-1.157,0.379,3.659,0.055767,-0.645670,-0.015081,-0.761428,img_411.jpg
49206,1280,720,637.5141,339.28363,1004.0506,1006.2993,-1.172,0.380,3.620,0.058109,-0.663002,-0.015290,-0.746202,img_412.jpg,marker_10.jpg,0.2643672,0.2643672,-1.890,0.259,3.506,-0.466360,-0.512241,0.545796,0.545796
49293,1280,720,637.5141,339.28363,1004.0506,1006.2993,-1.180,0.381,3.602,0.056352,-0.673912,-0.015993,-0.736486,img_413.jpg
49359,1280,720,637.5141,339.28363,1004.0506,1006.2993,-1.187,0.382,3.585,0.052474,-0.679522,-0.017733,-0.731562,img_414.jpg
49444,1280,720,637.5141,339.28363,1004.0506,1006.2993,-1.198,0.383,3.564,0.052279,-0.684725,-0.014866,-0.726772,img_415.jpg
49529,1280,720,637.5141,339.28363,1004.0506,1006.2993,-1.205,0.384,3.553,0.051667,-0.689189,-0.013387,-0.722613,img_416.jpg
49592,1280,720,637.5141,339.28363,1004.0506,1006.2993,-1.209,0.385,3.545,0.046495,-0.692617,-0.016570,-0.719615,img_417.jpg
49665,1280,720,637.5141,339.28363,1004.0506,1006.2993,-1.212,0.385,3.538,0.044930,-0.697022,-0.018419,-0.715403,img_418.jpg
49735,1280,720,637.5141,339.28363,1004.0506,1006.2993,-1.215,0.384,3.525,0.047563,-0.694321,-0.014104,-0.717954,img_419.jpg
49811,1280,720,637.5141,339.28363,1004.0506,1006.2993,-1.216,0.382,3.514,0.052171,-0.690876,-0.015893,-0.720914,img_420.jpg,marker_10.jpg,0.2630905,0.2630905,-1.890,0.259,3.501,-0.463164,-0.514740,0.544621,0.544621
49893,1280,720,637.5141,339.28363,1004.0506,1006.2993,-1.214,0.378,3.498,0.058222,-0.679961,-0.016999,-0.730736,img_421.jpg
49961,1280,720,637.5141,339.28363,1004.0506,1006.2993,-1.213,0.375,3.479,0.062212,-0.664301,-0.016436,-0.744691,img_422.jpg
50029,1280,720,637.5141,339.28363,1004.0506,1006.2993,-1.208,0.372,3.457,0.065880,-0.646751,-0.017443,-0.759650,img_423.jpg
50106,1280,720,637.5141,339.28363,1004.0506,1006.2993,-1.201,0.365,3.416,0.079551,-0.612622,-0.019317,-0.786125,img_424.jpg
50194,1280,720,637.5141,339.28363,1004.0506,1006.2993,-1.194,0.358,3.386,0.088827,-0.582459,-0.022948,-0.807666,img_425.jpg
50267,1280,720,637.5141,339.28363,1004.0506,1006.2993,-1.183,0.348,3.335,0.097353,-0.526168,-0.026282,-0.844381,img_426.jpg
50346,1280,720,637.5141,339.28363,1004.0506,1006.2993,-1.174,0.343,3.297,0.102352,-0.481780,-0.027187,-0.869870,img_427.jpg
50427,1280,720,637.5141,339.28363,1004.0506,1006.2993,-1.164,0.339,3.259,0.104480,-0.444082,-0.027188,-0.889459,img_428.jpg
50499,1280,720,637.5141,339.28363,1004.0506,1006.2993,-1.152,0.337,3.201,0.106152,-0.392367,-0.027389,-0.913253,img_429.jpg
50576,1280,720,637.5141,339.28363,1004.0506,1006.2993,-1.145,0.336,3.165,0.102145,-0.359270,-0.025004,-0.927290,img_430.jpg
50662,1280,720,637.5141,339.28363,1004.0506,1006.2993,-1.134,0.337,3.111,0.099108,-0.311223,-0.021523,-0.944910,img_431.jpg
50745,1280,720,637.5141,339.28363,1004.0506,1006.2993,-1.126,0.341,3.079,0.094773,-0.276135,-0.019753,-0.956231,img_432.jpg
50828,1280,720,637.5141,339.28363,1004.0506,1006.2993,-1.113,0.347,3.031,0.097395,-0.225274,-0.023109,-0.969140,img_433.jpg
50912,1280,720,637.5141,339.28363,1004.0506,1006.2993,-1.097,0.349,2.999,0.097383,-0.191591,-0.017174,-0.976481,img_434.jpg
50995,1280,720,637.5141,339.28363,1004.0506,1006.2993,-1.069,0.345,2.952,0.101483,-0.145838,-0.003514,-0.984083,img_435.jpg
51076,1280,720,637.5141,339.28363,1004.0506,1006.2993,-1.046,0.346,2.927,0.098923,-0.118354,-0.002649,-0.988028,img_436.jpg
51147,1280,720,637.5141,339.28363,1004.0506,1006.2993,-1.020,0.345,2.899,0.096127,-0.097097,-0.000583,-0.990622,img_437.jpg
51219,1280,720,637.5141,339.28363,1004.0506,1006.2993,-0.991,0.343,2.874,0.094563,-0.078784,0.002165,-0.992394,img_438.jpg
51293,1280,720,637.5141,339.28363,1004.0506,1006.2993,-0.949,0.343,2.845,0.087209,-0.058202,-0.001432,-0.994487,img_439.jpg
51378,1280,720,637.5141,339.28363,1004.0506,1006.2993,-0.923,0.343,2.825,0.080371,-0.053598,-0.004725,-0.995312,img_440.jpg
51444,1280,720,637.5141,339.28363,1004.0506,1006.2993,-0.904,0.344,2.811,0.075305,-0.049124,-0.008299,-0.995915,img_441.jpg
51528,1280,720,637.5141,339.28363,1004.0506,1006.2993,-0.888,0.342,2.790,0.084050,-0.056929,-0.006663,-0.994812,img_442.jpg
51600,1280,720,637.5141,339.28363,1004.0506,1006.2993,-0.868,0.340,2.764,0.087312,-0.071873,-0.005134,-0.993572,img_443.jpg
51678,1280,720,637.5141,339.28363,1004.0506,1006.2993,-0.860,0.338,2.748,0.090276,-0.075797,-0.004614,-0.993018,img_444.jpg
51743,1280,720,637.5141,339.28363,1004.0506,1006.2993,-0.854,0.335,2.733,0.092133,-0.074795,-0.002195,-0.992931,img_445.jpg
51828,1280,720,637.5141,339.28363,1004.0506,1006.2993,-0.853,0.332,2.719,0.095301,-0.075716,-0.001588,-0.992564,img_446.jpg
51893,1280,720,637.5141,339.28363,1004.0506,1006.2993,-0.853,0.329,2.706,0.095821,-0.073289,-0.000350,-0.992697,img_447.jpg
51962,1280,720,637.5141,339.28363,1004.0506,1006.2993,-0.853,0.328,2.692,0.092997,-0.071592,0.003508,-0.993083,img_448.jpg
52037,1280,720,637.5141,339.28363,1004.0506,1006.2993,-0.857,0.328,2.673,0.091702,-0.068553,0.002756,-0.993420,img_449.jpg
52111,1280,720,637.5141,339.28363,1004.0506,1006.2993,-0.860,0.329,2.661,0.087692,-0.066720,0.001468,-0.993910,img_450.jpg
52214,1280,720,637.5141,339.28363,1004.0506,1006.2993,-0.863,0.329,2.644,0.086518,-0.064746,0.005339,-0.994130,img_451.jpg
52281,1280,720,637.5141,339.28363,1004.0506,1006.2993,-0.863,0.327,2.634,0.088394,-0.061955,0.006708,-0.994134,img_452.jpg
52360,1280,720,637.5141,339.28363,1004.0506,1006.2993,-0.863,0.326,2.625,0.088894,-0.059507,0.006266,-0.994242,img_453.jpg
52432,1280,720,637.5141,339.28363,1004.0506,1006.2993,-0.862,0.328,2.618,0.083963,-0.052815,0.004637,-0.995057,img_454.jpg
52511,1280,720,637.5141,339.28363,1004.0506,1006.2993,-0.861,0.328,2.613,0.082671,-0.051368,0.004618,-0.995241,img_455.jpg
52593,1280,720,637.5141,339.28363,1004.0506,1006.2993,-0.860,0.329,2.609,0.081092,-0.051260,0.005801,-0.995371,img_456.jpg
52662,1280,720,637.5141,339.28363,1004.0506,1006.2993,-0.858,0.328,2.605,0.081359,-0.050559,0.008001,-0.995370,img_457.jpg
52746,1280,720,637.5141,339.28363,1004.0506,1006.2993,-0.856,0.327,2.604,0.082358,-0.049030,0.008437,-0.995360,img_458.jpg
52828,1280,720,637.5141,339.28363,1004.0506,1006.2993,-0.852,0.327,2.603,0.083127,-0.049989,0.010550,-0.995228,img_459.jpg
52896,1280,720,637.5141,339.28363,1004.0506,1006.2993,-0.848,0.325,2.602,0.084207,-0.049538,0.012343,-0.995140,img_460.jpg
52967,1280,720,637.5141,339.28363,1004.0506,1006.2993,-0.839,0.321,2.601,0.090743,-0.049516,0.013827,-0.994546,img_461.jpg
53045,1280,720,637.5141,339.28363,1004.0506,1006.2993,-0.828,0.318,2.603,0.093922,-0.055631,0.013776,-0.993929,img_462.jpg
53112,1280,720,637.5141,339.28363,1004.0506,1006.2993,-0.816,0.316,2.606,0.097922,-0.058999,0.011558,-0.993377,img_463.jpg
53183,1280,720,637.5141,339.28363,1004.0506,1006.2993,-0.799,0.314,2.610,0.100628,-0.064986,0.011909,-0.992728,img_464.jpg
53262,1280,720,637.5141,339.28363,1004.0506,1006.2993,-0.769,0.313,2.623,0.101581,-0.083740,0.010605,-0.991240,img_465.jpg,marker_11.jpg,0.27247086,0.27247086,-0.967,0.135,1.910,-0.701321,-0.019216,0.045433,0.045433
53345,1280,720,637.5141,339.28363,1004.0506,1006.2993,-0.750,0.313,2.633,0.100201,-0.099472,0.009631,-0.989936,img_466.jpg
53428,1280,720,637.5141,339.28363,1004.0506,1006.2993,-0.731,0.313,2.642,0.101869,-0.114987,0.012066,-0.988056,img_467.jpg
53490,1280,720,637.5141,339.28363,1004.0506,1006.2993,-0.714,0.314,2.652,0.106406,-0.131694,0.011059,-0.985501,img_468.jpg
53580,1280,720,637.5141,339.28363,1004.0506,1006.2993,-0.692,0.317,2.667,0.102957,-0.147598,0.008554,-0.983637,img_469.jpg
53646,1280,720,637.5141,339.28363,1004.0506,1006.2993,-0.681,0.319,2.675,0.103513,-0.155378,0.004395,-0.982407,img_470.jpg
53714,1280,720,637.5141,339.28363,1004.0506,1006.2993,-0.672,0.320,2.680,0.105144,-0.155917,0.003504,-0.982152,img_471.jpg
53801,1280,720,637.5141,339.28363,1004.0506,1006.2993,-0.650,0.321,2.688,0.110360,-0.163257,0.008308,-0.980357,img_472.jpg
53877,1280,720,637.5141,339.28363,1004.0506,1006.2993,-0.629,0.321,2.697,0.112148,-0.165346,0.010862,-0.979778,img_473.jpg,marker_11.jpg,0.27706665,0.27706665,-0.961,0.132,1.902,-0.690537,-0.020127,0.039448,0.039448
53948,1280,720,637.5141,339.28363,1004.0506,1006.2993,-0.600,0.319,2.704,0.115417,-0.159214,0.017699,-0.980315,img_474.jpg
54020,1280,720,637.5141,339.28363,1004.0506,1006.2993,-0.566,0.317,2.712,0.120476,-0.149470,0.018737,-0.981220,img_475.jpg
54084,1280,720,637.5141,339.28363,1004.0506,1006.2993,-0.527,0.316,2.721,0.120419,-0.135419,0.019258,-0.983255,img_476.jpg
54157,1280,720,637.5141,339.28363,1004.0506,1006.2993,-0.482,0.315,2.732,0.121385,-0.119180,0.019626,-0.985229,img_477.jpg
54246,1280,720,637.5141,339.28363,1004.0506,1006.2993,-0.407,0.312,2.745,0.121067,-0.093894,0.021639,-0.987957,img_478.jpg
54315,1280,720,637.5141,339.28363,1004.0506,1006.2993,-0.354,0.309,2.750,0.124674,-0.066483,0.024287,-0.989670,img_479.jpg
54386,1280,720,637.5141,339.28363,1004.0506,1006.2993,-0.303,0.305,2.755,0.128555,-0.040426,0.025355,-0.990554,img_480.jpg
54457,1280,720,637.5141,339.28363,1004.0506,1006.2993,-0.255,0.300,2.756,0.133192,-0.021093,0.021208,-0.990639,img_481.jpg
54548,1280,720,637.5141,339.28363,1004.0506,1006.2993,-0.180,0.288,2.755,0.137165,0.007477,0.019510,-0.990328,img_482.jpg
54629,1280,720,637.5141,339.28363,1004.0506,1006.2993,-0.103,0.277,2.750,0.134446,0.028987,0.014453,-0.990391,img_483.jpg
54711,1280,720,637.5141,339.28363,1004.0506,1006.2993,-0.054,0.271,2.744,0.132428,0.034715,0.008491,-0.990548,img_484.jpg
54775,1280,720,637.5141,339.28363,1004.0506,1006.2993,-0.004,0.268,2.737,0.130480,0.040667,0.003006,-0.990612,img_485.jpg
54863,1280,720,637.5141,339.28363,1004.0506,1006.2993,0.068,0.267,2.722,0.145156,0.035356,-0.004186,-0.988768,img_486.jpg
54946,1280,720,637.5141,339.28363,1004.0506,1006.2993,0.111,0.271,2.713,0.149708,0.035281,-0.010043,-0.988050,img_487.jpg
55028,1280,720,637.5141,339.28363,1004.0506,1006.2993,0.157,0.279,2.713,0.148920,0.038830,-0.007273,-0.988060,img_488.jpg
55104,1280,720,637.5141,339.28363,1004.0506,1006.2993,0.223,0.287,2.717,0.141819,0.034969,0.003155,-0.989270,img_489.jpg
55177,1280,720,637.5141,339.28363,1004.0506,1006.2993,0.265,0.289,2.724,0.138777,0.027970,0.002609,-0.989925,img_490.jpg
55245,1280,720,637.5141,339.28363,1004.0506,1006.2993,0.306,0.290,2.737,0.134833,0.021023,0.003092,-0.990641,img_491.jpg
55328,1280,720,637.5141,339.28363,1004.0506,1006.2993,0.371,0.286,2.767,0.137382,0.025678,0.007887,-0.990154,img_492.jpg
55411,1280,720,637.5141,339.28363,1004.0506,1006.2993,0.418,0.286,2.795,0.135882,0.029458,0.007906,-0.990255,img_493.jpg
55478,1280,720,637.5141,339.28363,1004.0506,1006.2993,0.471,0.289,2.828,0.126802,0.026698,0.005843,-0.991551,img_494.jpg
55561,1280,720,637.5141,339.28363,1004.0506,1006.2993,0.528,0.297,2.863,0.122859,0.023834,0.004999,-0.992125,img_495.jpg
55627,1280,720,637.5141,339.28363,1004.0506,1006.2993,0.586,0.309,2.892,0.122350,0.027009,0.006258,-0.992100,img_496.jpg
55701,1280,720,637.5141,339.28363,1004.0506,1006.2993,0.664,0.329,2.932,0.105284,0.030110,0.002240,-0.993984,img_497.jpg
55776,1280,720,637.5141,339.28363,1004.0506,1006.2993,0.711,0.338,2.950,0.099055,0.037045,-0.002195,-0.994390,img_498.jpg
55846,1280,720,637.5141,339.28363,1004.0506,1006.2993,0.756,0.346,2.962,0.092740,0.043815,0.000454,-0.994726,img_499.jpg
55928,1280,720,637.5141,339.28363,1004.0506,1006.2993,0.816,0.349,2.974,0.085566,0.050798,0.001137,-0.995036,img_500.jpg
56012,1280,720,637.5141,339.28363,1004.0506,1006.2993,0.853,0.348,2.974,0.083637,0.053402,-0.000108,-0.995064,img_501.jpg
56081,1280,720,637.5141,339.28363,1004.0506,1006.2993,0.888,0.344,2.972,0.081699,0.051288,-0.003749,-0.995329,img_502.jpg
56148,1280,720,637.5141,339.28363,1004.0506,1006.2993,0.912,0.339,2.963,0.083304,0.045521,-0.008747,-0.995446,img_503.jpg
56216,1280,720,637.5141,339.28363,1004.0506,1006.2993,0.933,0.333,2.951,0.078418,0.042486,-0.016955,-0.995871,img_504.jpg
56291,1280,720,637.5141,339.28363,1004.0506,1006.2993,0.957,0.327,2.939,0.084844,0.044789,-0.022055,-0.995143,img_505.jpg
56379,1280,720,637.5141,339.28363,1004.0506,1006.2993,0.987,0.321,2.926,0.096000,0.033949,-0.016506,-0.994665,img_506.jpg,marker_12.jpg,0.27088413,0.27088413,1.020,0.105,2.214,-0.678264,-0.036401,0.028949,0.028949
56460,1280,720,637.5141,339.28363,1004.0506,1006.2993,1.002,0.319,2.919,0.102627,0.018675,-0.012353,-0.994468,img_507.jpg
56547,1280,720,637.5141,339.28363,1004.0506,1006.2993,1.024,0.319,2.911,0.099029,0.005467,-0.005140,-0.995056,img_508.jpg
56629,1280,720,637.5141,339.28363,1004.0506,1006.2993,1.039,0.317,2.906,0.100059,-0.000171,-0.000063,-0.994982,img_509.jpg
56701,1280,720,637.5141,339.28363,1004.0506,1006.2993,1.056,0.315,2.897,0.108926,-0.015180,0.000611,-0.993934,img_510.jpg
56777,1280,720,637.5141,339.28363,1004.0506,1006.2993,1.065,0.314,2.894,0.112502,-0.024380,0.002378,-0.993350,img_511.jpg
56847,1280,720,637.5141,339.28363,1004.0506,1006.2993,1.072,0.313,2.892,0.112094,-0.028003,0.001372,-0.993302,img_512.jpg
56930,1280,720,637.5141,339.28363,1004.0506,1006.2993,1.080,0.311,2.888,0.110845,-0.028616,-0.001690,-0.993424,img_513.jpg
57012,1280,720,637.5141,339.28363,1004.0506,1006.2993,1.085,0.310,2.885,0.112956,-0.029064,-0.003031,-0.993170,img_514.jpg,marker_12.jpg,0.27072334,0.27072334,1.019,0.104,2.214,-0.707205,-0.044339,0.033771,0.033771
57088,1280,720,637.5141,339.28363,1004.0506,1006.2993,1.088,0.309,2.884,0.112744,-0.030472,-0.004494,-0.993147,img_515.jpg
57163,1280,720,637.5141,339.28363,1004.0506,1006.2993,1.092,0.310,2.884,0.111171,-0.032451,-0.004065,-0.993263,img_516.jpg
57242,1280,720,637.5141,339.28363,1004.0506,1006.2993,1.095,0.310,2.883,0.111869,-0.037566,-0.001606,-0.993011,img_517.jpg
