time,sizeX,sizeY,p_x,p_y,f_x,f_y,pos_X,pos_Y,pos_Z,q_x,q_y,q_z,q_w,marker_ID,marker_x,marker_y,marker_z,marker_qx,marker_qy,marker_qz,marker_qw,marker_ID,marker_x,marker_y,marker_z,marker_qx,marker_qy,marker_qz,marker_qw,marker_ID,marker_x,marker_y,marker_z,marker_qx,marker_qy,marker_qz,marker_qw,
12699,1280,720,635.3708,345.11157,995.1677,995.27124,0.506,-0.035,1.011,0.086807,0.010055,0.012897,-0.996091,img_1.jpg
12800,1280,720,635.3708,345.11157,995.1677,995.27124,0.505,-0.035,1.013,0.088019,0.010495,0.012558,-0.995984,img_2.jpg,marker_1.jpg,0.26928523,0.26928523,0.506,-0.131,0.480,-0.711061,0.009556,-0.012820,-0.012820
12880,1280,720,635.3708,345.11157,995.1677,995.27124,0.504,-0.034,1.015,0.087857,0.010901,0.011911,-0.996002,img_3.jpg
12952,1280,720,635.3708,345.11157,995.1677,995.27124,0.502,-0.034,1.018,0.087424,0.011901,0.011986,-0.996028,img_4.jpg
13047,1280,720,635.3708,345.11157,995.1677,995.27124,0.501,-0.034,1.021,0.090687,0.012384,0.011425,-0.995737,img_5.jpg
13118,1280,720,635.3708,345.11157,995.1677,995.27124,0.499,-0.036,1.027,0.090235,0.015402,0.007625,-0.995772,img_6.jpg
13213,1280,720,635.3708,345.11157,995.1677,995.27124,0.499,-0.036,1.032,0.091195,0.019914,0.004528,-0.995624,img_7.jpg
13285,1280,720,635.3708,345.11157,995.1677,995.27124,0.501,-0.036,1.037,0.093849,0.020912,0.007104,-0.995342,img_8.jpg,marker_1.jpg,0.2702463,0.2702463,0.507,-0.131,0.480,-0.711066,0.008536,-0.012472,-0.012472
13359,1280,720,635.3708,345.11157,995.1677,995.27124,0.506,-0.034,1.047,0.093084,0.025768,0.003836,-0.995317,img_9.jpg
13447,1280,720,635.3708,345.11157,995.1677,995.27124,0.514,-0.032,1.059,0.089275,0.025102,0.008427,-0.995655,img_10.jpg
13516,1280,720,635.3708,345.11157,995.1677,995.27124,0.527,-0.032,1.075,0.085986,0.027199,0.012352,-0.995848,img_11.jpg
13592,1280,720,635.3708,345.11157,995.1677,995.27124,0.547,-0.035,1.092,0.086517,0.032542,0.018466,-0.995548,img_12.jpg
13666,1280,720,635.3708,345.11157,995.1677,995.27124,0.590,-0.044,1.122,0.093945,0.055881,0.017743,-0.993850,img_13.jpg
13747,1280,720,635.3708,345.11157,995.1677,995.27124,0.627,-0.049,1.145,0.097623,0.074075,0.018595,-0.992289,img_14.jpg
13825,1280,720,635.3708,345.11157,995.1677,995.27124,0.688,-0.057,1.180,0.109151,0.086749,0.015187,-0.990116,img_15.jpg
13913,1280,720,635.3708,345.11157,995.1677,995.27124,0.733,-0.060,1.201,0.126131,0.094372,0.021135,-0.987288,img_16.jpg
13987,1280,720,635.3708,345.11157,995.1677,995.27124,0.778,-0.057,1.225,0.130482,0.111037,0.024295,-0.984914,img_17.jpg
14064,1280,720,635.3708,345.11157,995.1677,995.27124,0.853,-0.053,1.262,0.135436,0.144947,0.033949,-0.979538,img_18.jpg
14147,1280,720,635.3708,345.11157,995.1677,995.27124,0.904,-0.051,1.282,0.136830,0.172100,0.038530,-0.974769,img_19.jpg
14224,1280,720,635.3708,345.11157,995.1677,995.27124,0.983,-0.053,1.307,0.144750,0.213360,0.054030,-0.964679,img_20.jpg
14296,1280,720,635.3708,345.11157,995.1677,995.27124,1.036,-0.054,1.321,0.138387,0.239808,0.063997,-0.958773,img_21.jpg
14381,1280,720,635.3708,345.11157,995.1677,995.27124,1.090,-0.057,1.329,0.132701,0.265130,0.066916,-0.952690,img_22.jpg
14459,1280,720,635.3708,345.11157,995.1677,995.27124,1.172,-0.061,1.335,0.125557,0.297848,0.060780,-0.944366,img_23.jpg
14547,1280,720,635.3708,345.11157,995.1677,995.27124,1.223,-0.063,1.334,0.120503,0.314868,0.048116,-0.940225,img_24.jpg
14618,1280,720,635.3708,345.11157,995.1677,995.27124,1.306,-0.060,1.329,0.113363,0.335569,0.033449,-0.934572,img_25.jpg
14696,1280,720,635.3708,345.11157,995.1677,995.27124,1.363,-0.055,1.321,0.117178,0.348521,0.036550,-0.929229,img_26.jpg
14782,1280,720,635.3708,345.11157,995.1677,995.27124,1.422,-0.046,1.317,0.105742,0.363373,0.035821,-0.924930,img_27.jpg
14851,1280,720,635.3708,345.11157,995.1677,995.27124,1.480,-0.037,1.315,0.105331,0.381007,0.043289,-0.917532,img_28.jpg
14918,1280,720,635.3708,345.11157,995.1677,995.27124,1.567,-0.027,1.310,0.094150,0.406438,0.042711,-0.907810,img_29.jpg
14999,1280,720,635.3708,345.11157,995.1677,995.27124,1.629,-0.024,1.308,0.086774,0.421615,0.044112,-0.901535,img_30.jpg
15081,1280,720,635.3708,345.11157,995.1677,995.27124,1.694,-0.026,1.305,0.079995,0.434660,0.050323,-0.895622,img_31.jpg
15146,1280,720,635.3708,345.11157,995.1677,995.27124,1.762,-0.029,1.298,0.082596,0.449268,0.045151,-0.888424,img_32.jpg
15231,1280,720,635.3708,345.11157,995.1677,995.27124,1.862,-0.031,1.291,0.082828,0.468400,0.041033,-0.878668,img_33.jpg
15297,1280,720,635.3708,345.11157,995.1677,995.27124,1.930,-0.026,1.287,0.079465,0.479351,0.041228,-0.873045,img_34.jpg
15382,1280,720,635.3708,345.11157,995.1677,995.27124,1.999,-0.018,1.278,0.083010,0.493082,0.046803,-0.864748,img_35.jpg
15450,1280,720,635.3708,345.11157,995.1677,995.27124,2.059,-0.012,1.269,0.086281,0.507895,0.048695,-0.855703,img_36.jpg
15519,1280,720,635.3708,345.11157,995.1677,995.27124,2.141,-0.006,1.258,0.091185,0.524505,0.056987,-0.844590,img_37.jpg
15598,1280,720,635.3708,345.11157,995.1677,995.27124,2.196,-0.003,1.246,0.089500,0.534208,0.055064,-0.838796,img_38.jpg
15681,1280,720,635.3708,345.11157,995.1677,995.27124,2.249,-0.002,1.234,0.086551,0.545743,0.046817,-0.832155,img_39.jpg
15745,1280,720,635.3708,345.11157,995.1677,995.27124,2.302,-0.001,1.221,0.080486,0.555092,0.043118,-0.826762,img_40.jpg
15831,1280,720,635.3708,345.11157,995.1677,995.27124,2.378,-0.003,1.197,0.072205,0.569170,0.045079,-0.817802,img_41.jpg
15915,1280,720,635.3708,345.11157,995.1677,995.27124,2.440,-0.004,1.176,0.064852,0.581222,0.044286,-0.809947,img_42.jpg
15985,1280,720,635.3708,345.11157,995.1677,995.27124,2.487,-0.003,1.154,0.059041,0.595069,0.037547,-0.800623,img_43.jpg
16057,1280,720,635.3708,345.11157,995.1677,995.27124,2.561,0.003,1.120,0.062041,0.609215,0.044097,-0.789344,img_44.jpg
16131,1280,720,635.3708,345.11157,995.1677,995.27124,2.604,0.008,1.100,0.060478,0.616180,0.048641,-0.783772,img_45.jpg
16214,1280,720,635.3708,345.11157,995.1677,995.27124,2.645,0.012,1.084,0.059236,0.620749,0.053944,-0.779905,img_46.jpg
16279,1280,720,635.3708,345.11157,995.1677,995.27124,2.685,0.015,1.068,0.052257,0.626745,0.052663,-0.775684,img_47.jpg
16348,1280,720,635.3708,345.11157,995.1677,995.27124,2.728,0.016,1.054,0.046863,0.627661,0.058316,-0.774884,img_48.jpg
16423,1280,720,635.3708,345.11157,995.1677,995.27124,2.788,0.015,1.038,0.045099,0.629705,0.062119,-0.773032,img_49.jpg
16498,1280,720,635.3708,345.11157,995.1677,995.27124,2.821,0.016,1.030,0.039176,0.629719,0.058424,-0.773632,img_50.jpg
16583,1280,720,635.3708,345.11157,995.1677,995.27124,2.853,0.019,1.025,0.030042,0.634308,0.052993,-0.770676,img_51.jpg
16650,1280,720,635.3708,345.11157,995.1677,995.27124,2.889,0.020,1.019,0.036325,0.634201,0.066501,-0.769446,img_52.jpg
16719,1280,720,635.3708,345.11157,995.1677,995.27124,2.926,0.023,1.007,0.034201,0.640984,0.057063,-0.764666,img_53.jpg
16797,1280,720,635.3708,345.11157,995.1677,995.27124,2.948,0.023,1.000,0.035699,0.642958,0.057023,-0.762941,img_54.jpg
16882,1280,720,635.3708,345.11157,995.1677,995.27124,2.971,0.024,0.991,0.042079,0.643244,0.062719,-0.761927,img_55.jpg
16946,1280,720,635.3708,345.11157,995.1677,995.27124,2.984,0.025,0.982,0.038611,0.645225,0.057409,-0.760854,img_56.jpg,marker_3.jpg,0.26195198,0.26195198,3.585,-0.091,0.881,-0.508702,0.503711,-0.495964,-0.495964
17023,1280,720,635.3708,345.11157,995.1677,995.27124,3.000,0.021,0.973,0.031534,0.648653,0.055546,-0.758399,img_57.jpg
17099,1280,720,635.3708,345.11157,995.1677,995.27124,3.011,0.017,0.964,0.039157,0.653596,0.062221,-0.753264,img_58.jpg
17181,1280,720,635.3708,345.11157,995.1677,995.27124,3.020,0.015,0.951,0.038850,0.660431,0.053502,-0.747970,img_59.jpg
17265,1280,720,635.3708,345.11157,995.1677,995.27124,3.022,0.018,0.946,0.035558,0.660637,0.055167,-0.747831,img_60.jpg
17348,1280,720,635.3708,345.11157,995.1677,995.27124,3.025,0.020,0.942,0.032842,0.661697,0.057674,-0.746828,img_61.jpg
17427,1280,720,635.3708,345.11157,995.1677,995.27124,3.024,0.020,0.937,0.033071,0.664954,0.056385,-0.744018,img_62.jpg,marker_3.jpg,0.26172683,0.26172683,3.588,-0.091,0.882,-0.504885,0.507151,-0.488678,-0.488678
17498,1280,720,635.3708,345.11157,995.1677,995.27124,3.022,0.018,0.938,0.036986,0.667067,0.058613,-0.741767,img_63.jpg
17565,1280,720,635.3708,345.11157,995.1677,995.27124,3.018,0.014,0.946,0.041998,0.671602,0.057886,-0.737453,img_64.jpg
17648,1280,720,635.3708,345.11157,995.1677,995.27124,3.014,0.012,0.962,0.045378,0.670904,0.066014,-0.737204,img_65.jpg
17718,1280,720,635.3708,345.11157,995.1677,995.27124,3.007,0.010,0.995,0.045926,0.673769,0.080013,-0.733160,img_66.jpg
17819,1280,720,635.3708,345.11157,995.1677,995.27124,3.000,0.007,1.040,0.037986,0.685009,0.091990,-0.721705,img_67.jpg
17897,1280,720,635.3708,345.11157,995.1677,995.27124,2.992,0.003,1.076,0.035879,0.693943,0.099508,-0.712218,img_68.jpg
17983,1280,720,635.3708,345.11157,995.1677,995.27124,2.982,0.000,1.118,0.031280,0.704051,0.102065,-0.702080,img_69.jpg
18050,1280,720,635.3708,345.11157,995.1677,995.27124,2.960,-0.004,1.193,0.032141,0.714951,0.103861,-0.690670,img_70.jpg
18132,1280,720,635.3708,345.11157,995.1677,995.27124,2.943,-0.006,1.250,0.034136,0.714569,0.109224,-0.690143,img_71.jpg
18215,1280,720,635.3708,345.11157,995.1677,995.27124,2.924,-0.006,1.310,0.044109,0.713632,0.110008,-0.690421,img_72.jpg
18280,1280,720,635.3708,345.11157,995.1677,995.27124,2.903,-0.002,1.371,0.048497,0.717910,0.109947,-0.685686,img_73.jpg
18349,1280,720,635.3708,345.11157,995.1677,995.27124,2.886,0.000,1.431,0.065308,0.728244,0.113176,-0.672746,img_74.jpg
18426,1280,720,635.3708,345.11157,995.1677,995.27124,2.862,0.001,1.516,0.081755,0.733274,0.116490,-0.664873,img_75.jpg
18498,1280,720,635.3708,345.11157,995.1677,995.27124,2.846,0.003,1.570,0.079788,0.740041,0.112370,-0.658290,img_76.jpg
18563,1280,720,635.3708,345.11157,995.1677,995.27124,2.834,0.004,1.624,0.072640,0.748473,0.108328,-0.650213,img_77.jpg
18649,1280,720,635.3708,345.11157,995.1677,995.27124,2.822,0.000,1.709,0.060955,0.762503,0.107839,-0.635015,img_78.jpg
18717,1280,720,635.3708,345.11157,995.1677,995.27124,2.819,-0.003,1.740,0.058970,0.767898,0.106504,-0.628897,img_79.jpg
18785,1280,720,635.3708,345.11157,995.1677,995.27124,2.816,-0.009,1.802,0.052405,0.776679,0.107877,-0.618374,img_80.jpg
18856,1280,720,635.3708,345.11157,995.1677,995.27124,2.821,-0.018,1.899,0.057417,0.788715,0.101447,-0.603606,img_81.jpg
18932,1280,720,635.3708,345.11157,995.1677,995.27124,2.828,-0.019,1.963,0.063681,0.794496,0.096747,-0.596122,img_82.jpg
18999,1280,720,635.3708,345.11157,995.1677,995.27124,2.837,-0.018,2.029,0.067359,0.801570,0.088910,-0.587404,img_83.jpg
19065,1280,720,635.3708,345.11157,995.1677,995.27124,2.848,-0.014,2.099,0.079397,0.807750,0.097211,-0.576009,img_84.jpg
19129,1280,720,635.3708,345.11157,995.1677,995.27124,2.855,-0.007,2.171,0.077506,0.817701,0.098576,-0.561818,img_85.jpg
19216,1280,720,635.3708,345.11157,995.1677,995.27124,2.862,0.001,2.285,0.062587,0.830352,0.101893,-0.544258,img_86.jpg
19298,1280,720,635.3708,345.11157,995.1677,995.27124,2.867,0.004,2.357,0.052571,0.835842,0.102173,-0.536810,img_87.jpg
19364,1280,720,635.3708,345.11157,995.1677,995.27124,2.871,0.005,2.432,0.041807,0.836301,0.107658,-0.535969,img_88.jpg
19450,1280,720,635.3708,345.11157,995.1677,995.27124,2.872,0.002,2.540,0.039469,0.838940,0.100673,-0.533374,img_89.jpg
19533,1280,720,635.3708,345.11157,995.1677,995.27124,2.871,0.004,2.614,0.036519,0.838582,0.094907,-0.535200,img_90.jpg
19598,1280,720,635.3708,345.11157,995.1677,995.27124,2.872,0.010,2.688,0.034076,0.835801,0.092844,-0.540051,img_91.jpg
19668,1280,720,635.3708,345.11157,995.1677,995.27124,2.878,0.019,2.760,0.046399,0.839107,0.091231,-0.534250,img_92.jpg
19737,1280,720,635.3708,345.11157,995.1677,995.27124,2.880,0.027,2.829,0.049533,0.843210,0.080245,-0.529249,img_93.jpg
19801,1280,720,635.3708,345.11157,995.1677,995.27124,2.882,0.034,2.900,0.037565,0.845750,0.075829,-0.526826,img_94.jpg
19868,1280,720,635.3708,345.11157,995.1677,995.27124,2.889,0.037,2.973,0.029454,0.844555,0.097032,-0.525779,img_95.jpg
19949,1280,720,635.3708,345.11157,995.1677,995.27124,2.898,0.036,3.075,0.020829,0.845986,0.084274,-0.526091,img_96.jpg
20015,1280,720,635.3708,345.11157,995.1677,995.27124,2.905,0.032,3.143,0.016212,0.847109,0.077626,-0.525470,img_97.jpg
20100,1280,720,635.3708,345.11157,995.1677,995.27124,2.914,0.028,3.208,0.010791,0.847657,0.071360,-0.525613,img_98.jpg
20162,1280,720,635.3708,345.11157,995.1677,995.27124,2.926,0.027,3.274,0.007461,0.848375,0.060405,-0.525885,img_99.jpg
20232,1280,720,635.3708,345.11157,995.1677,995.27124,2.938,0.030,3.334,0.008021,0.846222,0.057539,-0.529653,img_100.jpg
20316,1280,720,635.3708,345.11157,995.1677,995.27124,2.952,0.037,3.396,0.010676,0.841315,0.077108,-0.534911,img_101.jpg
20380,1280,720,635.3708,345.11157,995.1677,995.27124,2.962,0.044,3.451,0.012304,0.841804,0.071727,-0.534854,img_102.jpg
20447,1280,720,635.3708,345.11157,995.1677,995.27124,2.972,0.045,3.510,0.017349,0.836257,0.079177,-0.542314,img_103.jpg
20533,1280,720,635.3708,345.11157,995.1677,995.27124,2.985,0.046,3.593,0.020017,0.827861,0.070567,-0.556117,img_104.jpg
20597,1280,720,635.3708,345.11157,995.1677,995.27124,2.992,0.044,3.646,0.017361,0.817570,0.065833,-0.571790,img_105.jpg
20667,1280,720,635.3708,345.11157,995.1677,995.27124,2.999,0.042,3.698,0.021089,0.805427,0.058001,-0.589473,img_106.jpg
20737,1280,720,635.3708,345.11157,995.1677,995.27124,3.004,0.041,3.744,0.023044,0.795428,0.037801,-0.604429,img_107.jpg
20801,1280,720,635.3708,345.11157,995.1677,995.27124,3.013,0.042,3.792,0.021904,0.777694,0.034012,-0.627340,img_108.jpg
20883,1280,720,635.3708,345.11157,995.1677,995.27124,3.035,0.044,3.851,0.031755,0.762919,0.054160,-0.643439,img_109.jpg
20966,1280,720,635.3708,345.11157,995.1677,995.27124,3.048,0.046,3.880,0.034904,0.757397,0.046206,-0.650382,img_110.jpg
21050,1280,720,635.3708,345.11157,995.1677,995.27124,3.073,0.048,3.920,0.039134,0.740981,0.052408,-0.668333,img_111.jpg,marker_4.jpg,0.263626,0.263626,3.850,-0.064,3.991,-0.502627,0.498286,-0.500475,-0.500475
21133,1280,720,635.3708,345.11157,995.1677,995.27124,3.088,0.046,3.942,0.043268,0.730041,0.049137,-0.680260,img_112.jpg
21195,1280,720,635.3708,345.11157,995.1677,995.27124,3.103,0.045,3.957,0.043675,0.722956,0.043908,-0.688113,img_113.jpg
21268,1280,720,635.3708,345.11157,995.1677,995.27124,3.121,0.043,3.973,0.044910,0.714443,0.044888,-0.696806,img_114.jpg
21340,1280,720,635.3708,345.11157,995.1677,995.27124,3.138,0.039,3.986,0.046435,0.709088,0.039072,-0.702503,img_115.jpg
21405,1280,720,635.3708,345.11157,995.1677,995.27124,3.157,0.034,3.995,0.047889,0.704470,0.027445,-0.707584,img_116.jpg
21474,1280,720,635.3708,345.11157,995.1677,995.27124,3.180,0.031,4.004,0.057768,0.700399,0.039154,-0.710332,img_117.jpg
21545,1280,720,635.3708,345.11157,995.1677,995.27124,3.198,0.032,4.008,0.065552,0.696478,0.036948,-0.713622,img_118.jpg
21611,1280,720,635.3708,345.11157,995.1677,995.27124,3.211,0.031,4.016,0.068981,0.691653,0.033923,-0.718127,img_119.jpg,marker_4.jpg,0.26092076,0.26092076,3.848,-0.064,3.989,-0.496733,0.499497,-0.501442,-0.501442
21685,1280,720,635.3708,345.11157,995.1677,995.27124,3.222,0.032,4.024,0.067345,0.686982,0.035646,-0.722668,img_120.jpg
21754,1280,720,635.3708,345.11157,995.1677,995.27124,3.232,0.032,4.033,0.065331,0.684098,0.024563,-0.726043,img_121.jpg
21833,1280,720,635.3708,345.11157,995.1677,995.27124,3.236,0.033,4.040,0.064124,0.679193,0.027735,-0.730627,img_122.jpg
21899,1280,720,635.3708,345.11157,995.1677,995.27124,3.236,0.033,4.050,0.061471,0.675270,0.030183,-0.734384,img_123.jpg
21967,1280,720,635.3708,345.11157,995.1677,995.27124,3.230,0.033,4.066,0.057224,0.675245,0.030455,-0.734740,img_124.jpg
22032,1280,720,635.3708,345.11157,995.1677,995.27124,3.221,0.032,4.090,0.053373,0.680326,0.036535,-0.730050,img_125.jpg
22103,1280,720,635.3708,345.11157,995.1677,995.27124,3.212,0.029,4.125,0.049748,0.688007,0.048371,-0.722379,img_126.jpg
22172,1280,720,635.3708,345.11157,995.1677,995.27124,3.199,0.027,4.164,0.045605,0.696665,0.059324,-0.713483,img_127.jpg
22250,1280,720,635.3708,345.11157,995.1677,995.27124,3.175,0.019,4.234,0.041759,0.715196,0.067756,-0.694377,img_128.jpg
22333,1280,720,635.3708,345.11157,995.1677,995.27124,3.153,0.014,4.284,0.040235,0.728747,0.071954,-0.679802,img_129.jpg
22416,1280,720,635.3708,345.11157,995.1677,995.27124,3.133,0.008,4.342,0.041725,0.743152,0.078701,-0.663166,img_130.jpg
22482,1280,720,635.3708,345.11157,995.1677,995.27124,3.111,0.001,4.403,0.041102,0.757544,0.084972,-0.645924,img_131.jpg
22549,1280,720,635.3708,345.11157,995.1677,995.27124,3.094,-0.007,4.466,0.053388,0.779557,0.099623,-0.616049,img_132.jpg
22626,1280,720,635.3708,345.11157,995.1677,995.27124,3.066,-0.018,4.559,0.052756,0.805917,0.119616,-0.577413,img_133.jpg
22718,1280,720,635.3708,345.11157,995.1677,995.27124,3.048,-0.023,4.615,0.058278,0.821176,0.125604,-0.553622,img_134.jpg
22783,1280,720,635.3708,345.11157,995.1677,995.27124,3.027,-0.029,4.692,0.060689,0.843621,0.132907,-0.516679,img_135.jpg
22866,1280,720,635.3708,345.11157,995.1677,995.27124,3.017,-0.031,4.741,0.055367,0.856240,0.136591,-0.495106,img_136.jpg
22936,1280,720,635.3708,345.11157,995.1677,995.27124,3.011,-0.035,4.791,0.053021,0.867306,0.144610,-0.473347,img_137.jpg
23004,1280,720,635.3708,345.11157,995.1677,995.27124,3.008,-0.041,4.841,0.051160,0.878926,0.148628,-0.450313,img_138.jpg
23075,1280,720,635.3708,345.11157,995.1677,995.27124,3.008,-0.048,4.891,0.048975,0.888668,0.161803,-0.426253,img_139.jpg
23142,1280,720,635.3708,345.11157,995.1677,995.27124,3.007,-0.055,4.941,0.046140,0.899986,0.163517,-0.401446,img_140.jpg
23223,1280,720,635.3708,345.11157,995.1677,995.27124,3.004,-0.064,5.013,0.052382,0.913043,0.161189,-0.370982,img_141.jpg
23300,1280,720,635.3708,345.11157,995.1677,995.27124,3.006,-0.068,5.058,0.059771,0.918626,0.166421,-0.353352,img_142.jpg
23365,1280,720,635.3708,345.11157,995.1677,995.27124,3.007,-0.072,5.103,0.061971,0.924845,0.171761,-0.333647,img_143.jpg
23436,1280,720,635.3708,345.11157,995.1677,995.27124,3.005,-0.078,5.145,0.059494,0.928279,0.187907,-0.315357,img_144.jpg
23516,1280,720,635.3708,345.11157,995.1677,995.27124,2.995,-0.086,5.199,0.053020,0.934531,0.200888,-0.288939,img_145.jpg
23585,1280,720,635.3708,345.11157,995.1677,995.27124,2.980,-0.093,5.227,0.047902,0.937470,0.215763,-0.268889,img_146.jpg
23650,1280,720,635.3708,345.11157,995.1677,995.27124,2.961,-0.104,5.255,0.046028,0.940691,0.231935,-0.243285,img_147.jpg
23733,1280,720,635.3708,345.11157,995.1677,995.27124,2.942,-0.120,5.283,0.046101,0.942659,0.247175,-0.219484,img_148.jpg
23799,1280,720,635.3708,345.11157,995.1677,995.27124,2.916,-0.135,5.307,0.044251,0.943230,0.267880,-0.191308,img_149.jpg
23867,1280,720,635.3708,345.11157,995.1677,995.27124,2.882,-0.151,5.322,0.041852,0.943656,0.285916,-0.161289,img_150.jpg
23934,1280,720,635.3708,345.11157,995.1677,995.27124,2.847,-0.168,5.345,0.040223,0.944955,0.296090,-0.133314,img_151.jpg
24007,1280,720,635.3708,345.11157,995.1677,995.27124,2.800,-0.177,5.358,0.029805,0.946173,0.303831,-0.107498,img_152.jpg
24072,1280,720,635.3708,345.11157,995.1677,995.27124,2.748,-0.182,5.367,0.016815,0.947539,0.308039,-0.083659,img_153.jpg
24138,1280,720,635.3708,345.11157,995.1677,995.27124,2.693,-0.183,5.377,0.007153,0.948932,0.308933,-0.063536,img_154.jpg
24208,1280,720,635.3708,345.11157,995.1677,995.27124,2.635,-0.183,5.386,0.000983,0.952557,0.300737,-0.046819,img_155.jpg
24273,1280,720,635.3708,345.11157,995.1677,995.27124,2.572,-0.178,5.386,-0.006008,0.956368,0.290383,-0.031663,img_156.jpg
24342,1280,720,635.3708,345.11157,995.1677,995.27124,2.475,-0.168,5.389,-0.014301,0.959576,0.281043,-0.004984,img_157.jpg
24434,1280,720,635.3708,345.11157,995.1677,995.27124,2.409,-0.156,5.388,-0.019625,0.961901,0.272427,0.012087,img_158.jpg
24502,1280,720,635.3708,345.11157,995.1677,995.27124,2.345,-0.146,5.391,-0.020745,0.964175,0.262650,0.030834,img_159.jpg
24585,1280,720,635.3708,345.11157,995.1677,995.27124,2.256,-0.128,5.402,-0.021909,0.967843,0.242542,0.063029,img_160.jpg
24668,1280,720,635.3708,345.11157,995.1677,995.27124,2.208,-0.110,5.410,-0.028287,0.970729,0.224559,0.080367,img_161.jpg
24736,1280,720,635.3708,345.11157,995.1677,995.27124,2.169,-0.093,5.423,-0.036608,0.972620,0.209727,0.093190,img_162.jpg
24810,1280,720,635.3708,345.11157,995.1677,995.27124,2.122,-0.069,5.447,-0.043019,0.975980,0.186313,0.104401,img_163.jpg
24884,1280,720,635.3708,345.11157,995.1677,995.27124,2.091,-0.056,5.467,-0.042861,0.979299,0.167066,0.105954,img_164.jpg
24968,1280,720,635.3708,345.11157,995.1677,995.27124,2.061,-0.041,5.486,-0.039047,0.981434,0.150262,0.112621,img_165.jpg
25038,1280,720,635.3708,345.11157,995.1677,995.27124,2.039,-0.029,5.508,-0.031724,0.984343,0.133690,0.110404,img_166.jpg
25109,1280,720,635.3708,345.11157,995.1677,995.27124,2.018,-0.016,5.533,-0.021472,0.986788,0.116411,0.110618,img_167.jpg
25178,1280,720,635.3708,345.11157,995.1677,995.27124,1.985,-0.001,5.569,-0.017220,0.988616,0.103696,0.107654,img_168.jpg
25251,1280,720,635.3708,345.11157,995.1677,995.27124,1.966,0.009,5.590,-0.010766,0.989801,0.092918,0.107441,img_169.jpg
25317,1280,720,635.3708,345.11157,995.1677,995.27124,1.948,0.016,5.607,-0.012459,0.990619,0.088107,0.103712,img_170.jpg
25400,1280,720,635.3708,345.11157,995.1677,995.27124,1.933,0.020,5.624,-0.012529,0.991521,0.084794,0.097672,img_171.jpg
25462,1280,720,635.3708,345.11157,995.1677,995.27124,1.921,0.022,5.641,-0.010987,0.992432,0.082931,0.089892,img_172.jpg
25534,1280,720,635.3708,345.11157,995.1677,995.27124,1.908,0.024,5.654,-0.012178,0.993361,0.081483,0.080290,img_173.jpg
25602,1280,720,635.3708,345.11157,995.1677,995.27124,1.898,0.025,5.665,-0.012578,0.994146,0.079626,0.071939,img_174.jpg,marker_6.jpg,0.26914087,0.26914087,1.809,-0.147,6.343,0.015347,0.699604,-0.714347,-0.714347
25670,1280,720,635.3708,345.11157,995.1677,995.27124,1.888,0.026,5.671,-0.010632,0.994605,0.077460,0.068178,img_175.jpg
25737,1280,720,635.3708,345.11157,995.1677,995.27124,1.881,0.029,5.675,-0.008240,0.995301,0.072550,0.063595,img_176.jpg
25811,1280,720,635.3708,345.11157,995.1677,995.27124,1.873,0.030,5.680,-0.006718,0.995672,0.071267,0.059268,img_177.jpg
25879,1280,720,635.3708,345.11157,995.1677,995.27124,1.865,0.029,5.684,-0.005967,0.995628,0.074116,0.056537,img_178.jpg,marker_6.jpg,0.26715612,0.26715612,1.809,-0.147,6.343,0.004394,0.716510,-0.697561,-0.697561
25970,1280,720,635.3708,345.11157,995.1677,995.27124,1.852,0.028,5.685,-0.003362,0.995902,0.074925,0.050538,img_179.jpg
26044,1280,720,635.3708,345.11157,995.1677,995.27124,1.840,0.026,5.684,-0.009516,0.995726,0.080878,0.043556,img_180.jpg
26115,1280,720,635.3708,345.11157,995.1677,995.27124,1.827,0.025,5.680,-0.010009,0.995960,0.081068,0.037304,img_181.jpg
26200,1280,720,635.3708,345.11157,995.1677,995.27124,1.805,0.024,5.670,-0.010270,0.996647,0.078102,0.022112,img_182.jpg
26264,1280,720,635.3708,345.11157,995.1677,995.27124,1.788,0.023,5.661,-0.011075,0.997002,0.076088,0.008617,img_183.jpg
26334,1280,720,635.3708,345.11157,995.1677,995.27124,1.770,0.022,5.649,-0.011028,0.997164,0.074067,-0.007483,img_184.jpg
26403,1280,720,635.3708,345.11157,995.1677,995.27124,1.749,0.020,5.636,-0.008392,0.996698,0.077938,-0.021177,img_185.jpg
26484,1280,720,635.3708,345.11157,995.1677,995.27124,1.708,0.013,5.605,-0.009203,0.994960,0.092264,-0.038181,img_186.jpg,marker_6.jpg,0.2674486,0.2674486,1.809,-0.149,6.344,0.000092,0.714913,-0.699209,-0.699209
26551,1280,720,635.3708,345.11157,995.1677,995.27124,1.673,0.003,5.581,-0.012866,0.993409,0.105749,-0.042302,img_187.jpg
26634,1280,720,635.3708,345.11157,995.1677,995.27124,1.631,-0.011,5.550,-0.014393,0.992171,0.118602,-0.036370,img_188.jpg
26701,1280,720,635.3708,345.11157,995.1677,995.27124,1.586,-0.029,5.524,-0.013801,0.990037,0.138065,-0.023959,img_189.jpg
26771,1280,720,635.3708,345.11157,995.1677,995.27124,1.535,-0.046,5.497,-0.009502,0.988979,0.147739,-0.001638,img_190.jpg
26838,1280,720,635.3708,345.11157,995.1677,995.27124,1.479,-0.061,5.475,-0.020050,0.985673,0.166064,0.021678,img_191.jpg
26910,1280,720,635.3708,345.11157,995.1677,995.27124,1.394,-0.084,5.442,-0.023784,0.981183,0.182441,0.058565,img_192.jpg
26983,1280,720,635.3708,345.11157,995.1677,995.27124,1.335,-0.098,5.424,-0.027660,0.978096,0.190273,0.079747,img_193.jpg
27051,1280,720,635.3708,345.11157,995.1677,995.27124,1.272,-0.113,5.405,-0.032603,0.974525,0.196316,0.103432,img_194.jpg
27134,1280,720,635.3708,345.11157,995.1677,995.27124,1.208,-0.122,5.392,-0.031504,0.971547,0.196991,0.127666,img_195.jpg
27203,1280,720,635.3708,345.11157,995.1677,995.27124,1.139,-0.128,5.382,-0.018843,0.968197,0.197696,0.152168,img_196.jpg
27271,1280,720,635.3708,345.11157,995.1677,995.27124,1.072,-0.132,5.371,-0.016502,0.964888,0.200986,0.168295,img_197.jpg
27342,1280,720,635.3708,345.11157,995.1677,995.27124,0.973,-0.136,5.363,-0.012927,0.955851,0.223604,0.190217,img_198.jpg
27417,1280,720,635.3708,345.11157,995.1677,995.27124,0.918,-0.133,5.362,-0.010389,0.951080,0.227338,0.208940,img_199.jpg
27500,1280,720,635.3708,345.11157,995.1677,995.27124,0.849,-0.133,5.356,-0.033321,0.945388,0.234552,0.223868,img_200.jpg
27564,1280,720,635.3708,345.11157,995.1677,995.27124,0.786,-0.133,5.363,-0.049336,0.942075,0.233447,0.235718,img_201.jpg
27651,1280,720,635.3708,345.11157,995.1677,995.27124,0.682,-0.134,5.355,-0.059998,0.939574,0.223053,0.252682,img_202.jpg
27734,1280,720,635.3708,345.11157,995.1677,995.27124,0.609,-0.141,5.346,-0.066543,0.937978,0.219072,0.260341,img_203.jpg
27796,1280,720,635.3708,345.11157,995.1677,995.27124,0.533,-0.142,5.339,-0.064546,0.936930,0.212246,0.270088,img_204.jpg
27869,1280,720,635.3708,345.11157,995.1677,995.27124,0.461,-0.145,5.336,-0.072395,0.936460,0.210336,0.271220,img_205.jpg
27936,1280,720,635.3708,345.11157,995.1677,995.27124,0.387,-0.140,5.327,-0.069278,0.937397,0.204512,0.273245,img_206.jpg
27998,1280,720,635.3708,345.11157,995.1677,995.27124,0.313,-0.135,5.324,-0.075209,0.934328,0.214443,0.274570,img_207.jpg
28069,1280,720,635.3708,345.11157,995.1677,995.27124,0.246,-0.128,5.317,-0.074585,0.933836,0.217007,0.274400,img_208.jpg
28135,1280,720,635.3708,345.11157,995.1677,995.27124,0.188,-0.124,5.324,-0.078631,0.931908,0.222880,0.275116,img_209.jpg
28199,1280,720,635.3708,345.11157,995.1677,995.27124,0.125,-0.124,5.328,-0.086350,0.931096,0.226010,0.272991,img_210.jpg
28268,1280,720,635.3708,345.11157,995.1677,995.27124,0.065,-0.127,5.339,-0.085383,0.930457,0.229623,0.272456,img_211.jpg
28351,1280,720,635.3708,345.11157,995.1677,995.27124,-0.033,-0.138,5.350,-0.081234,0.929509,0.232562,0.274460,img_212.jpg
28418,1280,720,635.3708,345.11157,995.1677,995.27124,-0.101,-0.148,5.360,-0.075948,0.928554,0.233854,0.278088,img_213.jpg
28503,1280,720,635.3708,345.11157,995.1677,995.27124,-0.171,-0.157,5.373,-0.071012,0.926811,0.238679,0.281088,img_214.jpg
28564,1280,720,635.3708,345.11157,995.1677,995.27124,-0.236,-0.164,5.387,-0.059466,0.923762,0.245085,0.288203,img_215.jpg
28635,1280,720,635.3708,345.11157,995.1677,995.27124,-0.308,-0.170,5.396,-0.071666,0.914706,0.266330,0.295374,img_216.jpg
28705,1280,720,635.3708,345.11157,995.1677,995.27124,-0.407,-0.172,5.407,-0.088613,0.910365,0.267361,0.303153,img_217.jpg
28783,1280,720,635.3708,345.11157,995.1677,995.27124,-0.472,-0.175,5.415,-0.103324,0.907734,0.267387,0.306346,img_218.jpg
28853,1280,720,635.3708,345.11157,995.1677,995.27124,-0.538,-0.179,5.424,-0.110217,0.905221,0.264380,0.313895,img_219.jpg
28935,1280,720,635.3708,345.11157,995.1677,995.27124,-0.608,-0.186,5.432,-0.114187,0.902684,0.265065,0.319161,img_220.jpg
28999,1280,720,635.3708,345.11157,995.1677,995.27124,-0.676,-0.191,5.439,-0.112817,0.902337,0.263425,0.321974,img_221.jpg
29086,1280,720,635.3708,345.11157,995.1677,995.27124,-0.781,-0.194,5.446,-0.107783,0.903004,0.259850,0.324723,img_222.jpg
29168,1280,720,635.3708,345.11157,995.1677,995.27124,-0.851,-0.191,5.454,-0.099029,0.904618,0.258186,0.324345,img_223.jpg
29233,1280,720,635.3708,345.11157,995.1677,995.27124,-0.921,-0.186,5.460,-0.094161,0.902890,0.264454,0.325558,img_224.jpg
29303,1280,720,635.3708,345.11157,995.1677,995.27124,-0.988,-0.178,5.463,-0.091677,0.904735,0.261438,0.323575,img_225.jpg
29368,1280,720,635.3708,345.11157,995.1677,995.27124,-1.056,-0.176,5.471,-0.092420,0.904053,0.260035,0.326388,img_226.jpg
29432,1280,720,635.3708,345.11157,995.1677,995.27124,-1.126,-0.171,5.481,-0.105393,0.902604,0.258020,0.328061,img_227.jpg
29518,1280,720,635.3708,345.11157,995.1677,995.27124,-1.221,-0.169,5.497,-0.101959,0.906825,0.245318,0.327250,img_228.jpg
29602,1280,720,635.3708,345.11157,995.1677,995.27124,-1.286,-0.167,5.514,-0.092836,0.912713,0.235808,0.320517,img_229.jpg
29667,1280,720,635.3708,345.11157,995.1677,995.27124,-1.348,-0.161,5.532,-0.077472,0.921088,0.217926,0.313216,img_230.jpg
29736,1280,720,635.3708,345.11157,995.1677,995.27124,-1.407,-0.150,5.550,-0.063999,0.930688,0.195207,0.302685,img_231.jpg
29809,1280,720,635.3708,345.11157,995.1677,995.27124,-1.492,-0.132,5.580,-0.055032,0.938125,0.181623,0.289665,img_232.jpg
29884,1280,720,635.3708,345.11157,995.1677,995.27124,-1.547,-0.117,5.601,-0.045368,0.942460,0.171273,0.283506,img_233.jpg
29952,1280,720,635.3708,345.11157,995.1677,995.27124,-1.605,-0.100,5.624,-0.048087,0.946232,0.161478,0.276149,img_234.jpg
30035,1280,720,635.3708,345.11157,995.1677,995.27124,-1.656,-0.084,5.641,-0.047914,0.952978,0.142572,0.263078,img_235.jpg
30096,1280,720,635.3708,345.11157,995.1677,995.27124,-1.704,-0.071,5.660,-0.037993,0.960584,0.125589,0.245076,img_236.jpg
30170,1280,720,635.3708,345.11157,995.1677,995.27124,-1.748,-0.062,5.678,-0.025337,0.969232,0.107161,0.220144,img_237.jpg
30238,1280,720,635.3708,345.11157,995.1677,995.27124,-1.791,-0.056,5.694,-0.016419,0.977608,0.088904,0.190025,img_238.jpg
30310,1280,720,635.3708,345.11157,995.1677,995.27124,-1.830,-0.049,5.706,-0.003925,0.984266,0.073199,0.160768,img_239.jpg
30377,1280,720,635.3708,345.11157,995.1677,995.27124,-1.871,-0.044,5.716,-0.005037,0.989744,0.062990,0.128115,img_240.jpg
30447,1280,720,635.3708,345.11157,995.1677,995.27124,-1.928,-0.034,5.734,-0.003001,0.993453,0.068500,0.091375,img_241.jpg
30519,1280,720,635.3708,345.11157,995.1677,995.27124,-1.957,-0.024,5.741,0.007137,0.995151,0.067851,0.070853,img_242.jpg
30602,1280,720,635.3708,345.11157,995.1677,995.27124,-1.986,-0.018,5.751,0.007640,0.996680,0.062465,0.051669,img_243.jpg
30664,1280,720,635.3708,345.11157,995.1677,995.27124,-2.010,-0.014,5.762,-0.000690,0.997274,0.065471,0.034018,img_244.jpg
30735,1280,720,635.3708,345.11157,995.1677,995.27124,-2.031,-0.014,5.774,-0.002956,0.996835,0.074450,0.027717,img_245.jpg
30806,1280,720,635.3708,345.11157,995.1677,995.27124,-2.055,-0.017,5.788,0.002097,0.997492,0.068781,0.016561,img_246.jpg,marker_7.png,0.2617962,0.2617962,-2.091,-0.180,6.381,-0.002468,0.717569,-0.696476,-0.696476
30886,1280,720,635.3708,345.11157,995.1677,995.27124,-2.068,-0.016,5.795,0.001736,0.997808,0.065234,0.011012,img_247.jpg
30970,1280,720,635.3708,345.11157,995.1677,995.27124,-2.080,-0.015,5.800,-0.002573,0.997862,0.064849,0.007679,img_248.jpg
31052,1280,720,635.3708,345.11157,995.1677,995.27124,-2.091,-0.013,5.807,-0.000696,0.998032,0.062664,0.002194,img_249.jpg
31135,1280,720,635.3708,345.11157,995.1677,995.27124,-2.097,-0.012,5.811,-0.003143,0.997956,0.063826,-0.000926,img_250.jpg
31206,1280,720,635.3708,345.11157,995.1677,995.27124,-2.104,-0.012,5.814,-0.003693,0.998068,0.061836,-0.004849,img_251.jpg
31288,1280,720,635.3708,345.11157,995.1677,995.27124,-2.109,-0.015,5.815,-0.002550,0.997958,0.063713,-0.003620,img_252.jpg,marker_7.png,0.26196104,0.26196104,-2.095,-0.183,6.382,-0.012353,0.718373,-0.695513,-0.695513
31368,1280,720,635.3708,345.11157,995.1677,995.27124,-2.119,-0.019,5.819,-0.010636,0.997166,0.074432,-0.002426,img_253.jpg
31436,1280,720,635.3708,345.11157,995.1677,995.27124,-2.130,-0.027,5.818,-0.017614,0.996119,0.085665,0.009962,img_254.jpg
31499,1280,720,635.3708,345.11157,995.1677,995.27124,-2.150,-0.041,5.818,-0.026416,0.994192,0.098064,0.035602,img_255.jpg
31586,1280,720,635.3708,345.11157,995.1677,995.27124,-2.192,-0.065,5.817,-0.039521,0.986685,0.121886,0.100172,img_256.jpg
31653,1280,720,635.3708,345.11157,995.1677,995.27124,-2.227,-0.078,5.811,-0.046005,0.978084,0.131924,0.154372,img_257.jpg
31734,1280,720,635.3708,345.11157,995.1677,995.27124,-2.266,-0.092,5.806,-0.050765,0.965399,0.143942,0.211446,img_258.jpg
31802,1280,720,635.3708,345.11157,995.1677,995.27124,-2.310,-0.104,5.797,-0.052218,0.949877,0.152521,0.267850,img_259.jpg
31869,1280,720,635.3708,345.11157,995.1677,995.27124,-2.359,-0.110,5.783,-0.058907,0.933957,0.154595,0.316787,img_260.jpg
31936,1280,720,635.3708,345.11157,995.1677,995.27124,-2.406,-0.112,5.764,-0.065976,0.919613,0.145100,0.359034,img_261.jpg
32010,1280,720,635.3708,345.11157,995.1677,995.27124,-2.476,-0.111,5.734,-0.070650,0.901253,0.132570,0.406419,img_262.jpg
32084,1280,720,635.3708,345.11157,995.1677,995.27124,-2.523,-0.109,5.712,-0.068263,0.892922,0.122099,0.427927,img_263.jpg
32171,1280,720,635.3708,345.11157,995.1677,995.27124,-2.568,-0.103,5.689,0.055562,-0.883335,-0.108816,-0.452539,img_264.jpg
32243,1280,720,635.3708,345.11157,995.1677,995.27124,-2.641,-0.095,5.653,0.056017,-0.870568,-0.098964,-0.478727,img_265.jpg
32318,1280,720,635.3708,345.11157,995.1677,995.27124,-2.687,-0.091,5.629,0.055907,-0.862899,-0.094322,-0.493339,img_266.jpg
32403,1280,720,635.3708,345.11157,995.1677,995.27124,-2.730,-0.089,5.609,0.049998,-0.852593,-0.094649,-0.511494,img_267.jpg
32468,1280,720,635.3708,345.11157,995.1677,995.27124,-2.771,-0.085,5.586,0.047632,-0.842938,-0.091407,-0.528044,img_268.jpg
32538,1280,720,635.3708,345.11157,995.1677,995.27124,-2.834,-0.081,5.551,0.052879,-0.822821,-0.089275,-0.558749,img_269.jpg
32620,1280,720,635.3708,345.11157,995.1677,995.27124,-2.870,-0.075,5.520,0.058174,-0.809022,-0.086176,-0.578510,img_270.jpg
32701,1280,720,635.3708,345.11157,995.1677,995.27124,-2.910,-0.073,5.494,0.058834,-0.794229,-0.082811,-0.599067,img_271.jpg
32769,1280,720,635.3708,345.11157,995.1677,995.27124,-2.951,-0.071,5.470,0.058881,-0.779726,-0.081745,-0.617963,img_272.jpg
32853,1280,720,635.3708,345.11157,995.1677,995.27124,-3.013,-0.072,5.439,0.054538,-0.759811,-0.080641,-0.642814,img_273.jpg
32918,1280,720,635.3708,345.11157,995.1677,995.27124,-3.052,-0.070,5.421,0.045479,-0.750242,-0.073239,-0.655519,img_274.jpg
32992,1280,720,635.3708,345.11157,995.1677,995.27124,-3.087,-0.064,5.402,0.039409,-0.743782,-0.063417,-0.664239,img_275.jpg
33056,1280,720,635.3708,345.11157,995.1677,995.27124,-3.121,-0.057,5.388,0.043324,-0.738654,-0.061229,-0.669898,img_276.jpg
33130,1280,720,635.3708,345.11157,995.1677,995.27124,-3.143,-0.049,5.377,0.037530,-0.734224,-0.054699,-0.675659,img_277.jpg
33201,1280,720,635.3708,345.11157,995.1677,995.27124,-3.166,-0.042,5.364,0.037644,-0.730065,-0.054484,-0.680161,img_278.jpg
33270,1280,720,635.3708,345.11157,995.1677,995.27124,-3.188,-0.039,5.352,0.045363,-0.727674,-0.055222,-0.682191,img_279.jpg
33355,1280,720,635.3708,345.11157,995.1677,995.27124,-3.206,-0.040,5.348,0.042896,-0.729667,-0.053616,-0.680347,img_280.jpg
33423,1280,720,635.3708,345.11157,995.1677,995.27124,-3.220,-0.038,5.334,0.044225,-0.730821,-0.054500,-0.678951,img_281.jpg
33492,1280,720,635.3708,345.11157,995.1677,995.27124,-3.231,-0.037,5.324,0.044269,-0.730836,-0.054642,-0.678921,img_282.jpg
33560,1280,720,635.3708,345.11157,995.1677,995.27124,-3.238,-0.036,5.318,0.045084,-0.731212,-0.053909,-0.678520,img_283.jpg
33631,1280,720,635.3708,345.11157,995.1677,995.27124,-3.248,-0.035,5.309,0.051073,-0.732059,-0.052327,-0.677306,img_284.jpg,marker_8.jpg,0.2675708,0.2675708,-3.798,-0.176,5.392,-0.472711,-0.534900,0.513473,0.513473
33703,1280,720,635.3708,345.11157,995.1677,995.27124,-3.254,-0.038,5.314,0.047944,-0.733993,-0.054030,-0.675305,img_285.jpg
33785,1280,720,635.3708,345.11157,995.1677,995.27124,-3.256,-0.037,5.313,0.048686,-0.735083,-0.053998,-0.674068,img_286.jpg
33854,1280,720,635.3708,345.11157,995.1677,995.27124,-3.259,-0.038,5.314,0.051027,-0.736915,-0.053111,-0.671961,img_287.jpg
33921,1280,720,635.3708,345.11157,995.1677,995.27124,-3.259,-0.039,5.316,0.049331,-0.738455,-0.052812,-0.670419,img_288.jpg
34002,1280,720,635.3708,345.11157,995.1677,995.27124,-3.258,-0.039,5.317,0.049461,-0.739802,-0.053128,-0.668898,img_289.jpg
34069,1280,720,635.3708,345.11157,995.1677,995.27124,-3.257,-0.038,5.315,0.052139,-0.741546,-0.053969,-0.666693,img_290.jpg
34136,1280,720,635.3708,345.11157,995.1677,995.27124,-3.255,-0.039,5.318,0.054316,-0.744844,-0.056548,-0.662616,img_291.jpg
34222,1280,720,635.3708,345.11157,995.1677,995.27124,-3.254,-0.039,5.319,0.055541,-0.746418,-0.057827,-0.660629,img_292.jpg,marker_8.jpg,0.2671403,0.2671403,-3.802,-0.182,5.405,-0.486179,-0.521687,0.514552,0.514552
34288,1280,720,635.3708,345.11157,995.1677,995.27124,-3.253,-0.039,5.321,0.055140,-0.748253,-0.058752,-0.658503,img_293.jpg
34370,1280,720,635.3708,345.11157,995.1677,995.27124,-3.251,-0.039,5.321,0.055529,-0.749901,-0.059025,-0.656567,img_294.jpg
34440,1280,720,635.3708,345.11157,995.1677,995.27124,-3.250,-0.040,5.320,0.060724,-0.752001,-0.060131,-0.653599,img_295.jpg
34520,1280,720,635.3708,345.11157,995.1677,995.27124,-3.249,-0.042,5.315,0.064916,-0.753864,-0.062809,-0.650791,img_296.jpg
34587,1280,720,635.3708,345.11157,995.1677,995.27124,-3.245,-0.046,5.304,0.071244,-0.755733,-0.065554,-0.647684,img_297.jpg
34671,1280,720,635.3708,345.11157,995.1677,995.27124,-3.234,-0.053,5.271,0.082582,-0.758592,-0.067655,-0.642761,img_298.jpg
34756,1280,720,635.3708,345.11157,995.1677,995.27124,-3.222,-0.058,5.240,0.090938,-0.758622,-0.068715,-0.641483,img_299.jpg
34827,1280,720,635.3708,345.11157,995.1677,995.27124,-3.212,-0.061,5.201,0.094646,-0.760948,-0.066482,-0.638421,img_300.jpg,marker_8.jpg,0.2694373,0.2694373,-3.802,-0.182,5.406,-0.487333,-0.519771,0.515176,0.515176
34893,1280,720,635.3708,345.11157,995.1677,995.27124,-3.197,-0.063,5.156,0.100540,-0.763324,-0.065098,-0.634815,img_301.jpg
34973,1280,720,635.3708,345.11157,995.1677,995.27124,-3.177,-0.066,5.105,0.100994,-0.764839,-0.063940,-0.633035,img_302.jpg
35044,1280,720,635.3708,345.11157,995.1677,995.27124,-3.144,-0.066,5.018,0.089955,-0.753372,-0.064396,-0.648222,img_303.jpg
35137,1280,720,635.3708,345.11157,995.1677,995.27124,-3.111,-0.063,4.923,0.091364,-0.737324,-0.067514,-0.665919,img_304.jpg
35220,1280,720,635.3708,345.11157,995.1677,995.27124,-3.097,-0.062,4.860,0.096189,-0.725947,-0.075220,-0.676823,img_305.jpg
35301,1280,720,635.3708,345.11157,995.1677,995.27124,-3.086,-0.063,4.799,0.104370,-0.709926,-0.084347,-0.691373,img_306.jpg
35386,1280,720,635.3708,345.11157,995.1677,995.27124,-3.075,-0.065,4.708,0.100247,-0.685411,-0.085319,-0.716158,img_307.jpg
35461,1280,720,635.3708,345.11157,995.1677,995.27124,-3.074,-0.069,4.644,0.100437,-0.670878,-0.084564,-0.729852,img_308.jpg
35539,1280,720,635.3708,345.11157,995.1677,995.27124,-3.073,-0.078,4.548,0.097576,-0.651139,-0.077933,-0.748614,img_309.jpg
35638,1280,720,635.3708,345.11157,995.1677,995.27124,-3.077,-0.086,4.457,0.086333,-0.637023,-0.077063,-0.762109,img_310.jpg
35722,1280,720,635.3708,345.11157,995.1677,995.27124,-3.084,-0.086,4.400,0.074958,-0.631369,-0.076484,-0.768053,img_311.jpg
35794,1280,720,635.3708,345.11157,995.1677,995.27124,-3.092,-0.083,4.342,0.069433,-0.626767,-0.070856,-0.772866,img_312.jpg
35868,1280,720,635.3708,345.11157,995.1677,995.27124,-3.107,-0.068,4.261,0.063692,-0.620621,-0.067768,-0.778576,img_313.jpg
35954,1280,720,635.3708,345.11157,995.1677,995.27124,-3.121,-0.055,4.214,0.070026,-0.621271,-0.063295,-0.777890,img_314.jpg
36028,1280,720,635.3708,345.11157,995.1677,995.27124,-3.134,-0.045,4.168,0.068678,-0.621339,-0.058909,-0.778300,img_315.jpg
36117,1280,720,635.3708,345.11157,995.1677,995.27124,-3.147,-0.036,4.107,0.052110,-0.626600,-0.051270,-0.775905,img_316.jpg
36205,1280,720,635.3708,345.11157,995.1677,995.27124,-3.161,-0.035,4.053,0.045702,-0.646180,-0.058810,-0.759543,img_317.jpg
36307,1280,720,635.3708,345.11157,995.1677,995.27124,-3.171,-0.034,3.996,0.038762,-0.663661,-0.057983,-0.744775,img_318.jpg
36389,1280,720,635.3708,345.11157,995.1677,995.27124,-3.172,-0.031,3.961,0.049344,-0.673960,-0.054441,-0.735105,img_319.jpg
36460,1280,720,635.3708,345.11157,995.1677,995.27124,-3.173,-0.026,3.933,0.050439,-0.681736,-0.055036,-0.727779,img_320.jpg
36538,1280,720,635.3708,345.11157,995.1677,995.27124,-3.182,-0.021,3.896,0.052184,-0.692036,-0.056366,-0.717764,img_321.jpg,marker_9.jpg,0.26809588,0.26809588,-3.850,-0.152,3.884,-0.483511,-0.527120,0.515411,0.515411
36623,1280,720,635.3708,345.11157,995.1677,995.27124,-3.188,-0.017,3.878,0.050097,-0.697698,-0.055716,-0.712463,img_322.jpg
36698,1280,720,635.3708,345.11157,995.1677,995.27124,-3.190,-0.016,3.865,0.043743,-0.701835,-0.055923,-0.708793,img_323.jpg
36774,1280,720,635.3708,345.11157,995.1677,995.27124,-3.194,-0.014,3.854,0.040266,-0.705375,-0.055087,-0.705542,img_324.jpg
36850,1280,720,635.3708,345.11157,995.1677,995.27124,-3.199,-0.012,3.838,0.038507,-0.712313,-0.048601,-0.699118,img_325.jpg
36939,1280,720,635.3708,345.11157,995.1677,995.27124,-3.209,-0.014,3.830,0.042678,-0.714098,-0.053420,-0.696699,img_326.jpg
37022,1280,720,635.3708,345.11157,995.1677,995.27124,-3.214,-0.014,3.826,0.042000,-0.715604,-0.053173,-0.695212,img_327.jpg
37101,1280,720,635.3708,345.11157,995.1677,995.27124,-3.221,-0.013,3.818,0.048190,-0.718780,-0.049333,-0.691809,img_328.jpg
37190,1280,720,635.3708,345.11157,995.1677,995.27124,-3.222,-0.014,3.809,0.048899,-0.716480,-0.050814,-0.694034,img_329.jpg,marker_9.jpg,0.26965815,0.26965815,-3.864,-0.153,3.885,-0.492004,-0.521803,0.502449,0.502449
37268,1280,720,635.3708,345.11157,995.1677,995.27124,-3.221,-0.022,3.779,0.062213,-0.711569,-0.050717,-0.698016,img_330.jpg
37355,1280,720,635.3708,345.11157,995.1677,995.27124,-3.219,-0.032,3.753,0.069518,-0.702432,-0.055164,-0.706196,img_331.jpg
37427,1280,720,635.3708,345.11157,995.1677,995.27124,-3.220,-0.042,3.714,0.077378,-0.693941,-0.058686,-0.713452,img_332.jpg
37510,1280,720,635.3708,345.11157,995.1677,995.27124,-3.220,-0.057,3.639,0.091917,-0.680291,-0.056726,-0.724940,img_333.jpg
37605,1280,720,635.3708,345.11157,995.1677,995.27124,-3.213,-0.070,3.552,0.091483,-0.661326,-0.057574,-0.742270,img_334.jpg
37687,1280,720,635.3708,345.11157,995.1677,995.27124,-3.206,-0.073,3.484,0.088610,-0.649374,-0.054371,-0.753329,img_335.jpg
37764,1280,720,635.3708,345.11157,995.1677,995.27124,-3.200,-0.075,3.411,0.095980,-0.639892,-0.052453,-0.760641,img_336.jpg
37838,1280,720,635.3708,345.11157,995.1677,995.27124,-3.189,-0.073,3.305,0.091991,-0.626225,-0.066083,-0.771371,img_337.jpg
37938,1280,720,635.3708,345.11157,995.1677,995.27124,-3.179,-0.066,3.202,0.084170,-0.611358,-0.078042,-0.782985,img_338.jpg
38022,1280,720,635.3708,345.11157,995.1677,995.27124,-3.178,-0.059,3.134,0.099904,-0.597977,-0.076800,-0.791546,img_339.jpg
38097,1280,720,635.3708,345.11157,995.1677,995.27124,-3.176,-0.054,3.069,0.102986,-0.588641,-0.068532,-0.798874,img_340.jpg
38190,1280,720,635.3708,345.11157,995.1677,995.27124,-3.175,-0.052,2.973,0.103271,-0.576311,-0.061739,-0.808325,img_341.jpg
38274,1280,720,635.3708,345.11157,995.1677,995.27124,-3.182,-0.052,2.890,0.090692,-0.568741,-0.058754,-0.815388,img_342.jpg
38357,1280,720,635.3708,345.11157,995.1677,995.27124,-3.192,-0.054,2.835,0.081342,-0.564913,-0.062118,-0.818779,img_343.jpg
38439,1280,720,635.3708,345.11157,995.1677,995.27124,-3.211,-0.053,2.751,0.075401,-0.559808,-0.066917,-0.822467,img_344.jpg
38523,1280,720,635.3708,345.11157,995.1677,995.27124,-3.225,-0.045,2.696,0.072416,-0.553412,-0.065354,-0.827176,img_345.jpg
38599,1280,720,635.3708,345.11157,995.1677,995.27124,-3.236,-0.034,2.642,0.071549,-0.550325,-0.060385,-0.829685,img_346.jpg
38673,1280,720,635.3708,345.11157,995.1677,995.27124,-3.251,-0.021,2.567,0.077411,-0.550576,-0.053176,-0.829485,img_347.jpg
38757,1280,720,635.3708,345.11157,995.1677,995.27124,-3.259,-0.014,2.521,0.070561,-0.555998,-0.046454,-0.826879,img_348.jpg
38839,1280,720,635.3708,345.11157,995.1677,995.27124,-3.267,-0.013,2.462,0.065703,-0.570742,-0.039793,-0.817529,img_349.jpg
38922,1280,720,635.3708,345.11157,995.1677,995.27124,-3.268,-0.014,2.426,0.061694,-0.585540,-0.038814,-0.807360,img_350.jpg
39000,1280,720,635.3708,345.11157,995.1677,995.27124,-3.268,-0.014,2.386,0.051052,-0.599846,-0.041558,-0.797403,img_351.jpg
39089,1280,720,635.3708,345.11157,995.1677,995.27124,-3.259,-0.014,2.326,0.049144,-0.617421,-0.047046,-0.783685,img_352.jpg,marker_10.jpg,0.2689771,0.2689771,-3.925,-0.128,2.137,-0.449596,-0.541820,0.506617,0.506617
39173,1280,720,635.3708,345.11157,995.1677,995.27124,-3.260,-0.015,2.270,0.061123,-0.629556,-0.056601,-0.772476,img_353.jpg
39256,1280,720,635.3708,345.11157,995.1677,995.27124,-3.263,-0.014,2.240,0.059775,-0.641438,-0.058734,-0.762584,img_354.jpg
39326,1280,720,635.3708,345.11157,995.1677,995.27124,-3.266,-0.014,2.214,0.056802,-0.649960,-0.059029,-0.755540,img_355.jpg
39406,1280,720,635.3708,345.11157,995.1677,995.27124,-3.268,-0.011,2.187,0.060688,-0.663424,-0.061765,-0.743217,img_356.jpg
39492,1280,720,635.3708,345.11157,995.1677,995.27124,-3.269,-0.012,2.170,0.060170,-0.672168,-0.061730,-0.735364,img_357.jpg
39569,1280,720,635.3708,345.11157,995.1677,995.27124,-3.271,-0.013,2.151,0.059020,-0.682350,-0.060787,-0.726099,img_358.jpg,marker_10.jpg,0.26587507,0.26587507,-3.923,-0.136,2.138,-0.481933,-0.519717,0.512669,0.512669
39656,1280,720,635.3708,345.11157,995.1677,995.27124,-3.273,-0.015,2.136,0.060936,-0.684580,-0.059570,-0.723940,img_359.jpg
39740,1280,720,635.3708,345.11157,995.1677,995.27124,-3.277,-0.022,2.097,0.080136,-0.673808,-0.053144,-0.732623,img_360.jpg
39840,1280,720,635.3708,345.11157,995.1677,995.27124,-3.279,-0.029,2.062,0.091481,-0.652682,-0.054727,-0.750095,img_361.jpg
39940,1280,720,635.3708,345.11157,995.1677,995.27124,-3.286,-0.041,1.980,0.104232,-0.595735,-0.057471,-0.794313,img_362.jpg
40039,1280,720,635.3708,345.11157,995.1677,995.27124,-3.289,-0.047,1.909,0.111857,-0.543266,-0.054845,-0.830266,img_363.jpg
40139,1280,720,635.3708,345.11157,995.1677,995.27124,-3.286,-0.052,1.831,0.106812,-0.462962,-0.047912,-0.878614,img_364.jpg
40222,1280,720,635.3708,345.11157,995.1677,995.27124,-3.285,-0.056,1.776,0.109820,-0.407533,-0.043537,-0.905517,img_365.jpg
40304,1280,720,635.3708,345.11157,995.1677,995.27124,-3.284,-0.058,1.723,0.108785,-0.363321,-0.043595,-0.924263,img_366.jpg
40383,1280,720,635.3708,345.11157,995.1677,995.27124,-3.270,-0.050,1.650,0.096789,-0.293748,-0.036190,-0.950281,img_367.jpg
40479,1280,720,635.3708,345.11157,995.1677,995.27124,-3.244,-0.034,1.584,0.092873,-0.224902,-0.026759,-0.969576,img_368.jpg
40575,1280,720,635.3708,345.11157,995.1677,995.27124,-3.205,-0.018,1.528,0.088344,-0.160325,-0.015719,-0.982977,img_369.jpg
40675,1280,720,635.3708,345.11157,995.1677,995.27124,-3.161,-0.008,1.480,0.085141,-0.106912,-0.003395,-0.990611,img_370.jpg
40759,1280,720,635.3708,345.11157,995.1677,995.27124,-3.130,-0.005,1.450,0.082499,-0.080923,0.006680,-0.993278,img_371.jpg
40857,1280,720,635.3708,345.11157,995.1677,995.27124,-3.085,-0.003,1.407,0.077705,-0.051149,0.012966,-0.995579,img_372.jpg
40940,1280,720,635.3708,345.11157,995.1677,995.27124,-3.050,-0.003,1.379,0.071735,-0.035716,0.014628,-0.996677,img_373.jpg
41013,1280,720,635.3708,345.11157,995.1677,995.27124,-2.997,-0.004,1.344,0.068589,-0.029726,0.017379,-0.997051,img_374.jpg
41106,1280,720,635.3708,345.11157,995.1677,995.27124,-2.948,0.000,1.320,0.056671,-0.022314,0.006239,-0.998124,img_375.jpg
41188,1280,720,635.3708,345.11157,995.1677,995.27124,-2.918,0.001,1.306,0.053457,-0.019654,-0.002670,-0.998373,img_376.jpg
41257,1280,720,635.3708,345.11157,995.1677,995.27124,-2.890,0.001,1.291,0.059296,-0.022083,-0.006559,-0.997975,img_377.jpg
41329,1280,720,635.3708,345.11157,995.1677,995.27124,-2.874,0.001,1.286,0.058231,-0.027256,-0.011418,-0.997866,img_378.jpg
41408,1280,720,635.3708,345.11157,995.1677,995.27124,-2.843,-0.001,1.270,0.063073,-0.029265,-0.010799,-0.997521,img_379.jpg,marker_11.jpg,0.26774144,0.26774144,-2.894,-0.170,0.598,-0.721794,-0.018507,0.028891,0.028891
41490,1280,720,635.3708,345.11157,995.1677,995.27124,-2.830,-0.001,1.262,0.070544,-0.033390,-0.004450,-0.996940,img_380.jpg
41560,1280,720,635.3708,345.11157,995.1677,995.27124,-2.824,-0.002,1.255,0.069974,-0.034056,-0.003536,-0.996961,img_381.jpg
41640,1280,720,635.3708,345.11157,995.1677,995.27124,-2.817,-0.005,1.245,0.077822,-0.036944,0.001848,-0.996281,img_382.jpg
41725,1280,720,635.3708,345.11157,995.1677,995.27124,-2.816,-0.007,1.240,0.080363,-0.038840,0.000848,-0.996008,img_383.jpg
41802,1280,720,635.3708,345.11157,995.1677,995.27124,-2.814,-0.009,1.235,0.083865,-0.042969,0.001880,-0.995549,img_384.jpg
41890,1280,720,635.3708,345.11157,995.1677,995.27124,-2.815,-0.010,1.232,0.086597,-0.045604,0.003888,-0.995192,img_385.jpg
41966,1280,720,635.3708,345.11157,995.1677,995.27124,-2.813,-0.013,1.230,0.086745,-0.045316,0.001257,-0.995199,img_386.jpg,marker_11.jpg,0.27210435,0.27210435,-2.889,-0.170,0.594,-0.699459,-0.029330,0.039987,0.039987
42057,1280,720,635.3708,345.11157,995.1677,995.27124,-2.805,-0.015,1.228,0.091154,-0.039192,0.004578,-0.995055,img_387.jpg
42131,1280,720,635.3708,345.11157,995.1677,995.27124,-2.790,-0.018,1.228,0.099512,-0.037859,0.012460,-0.994238,img_388.jpg
42213,1280,720,635.3708,345.11157,995.1677,995.27124,-2.757,-0.026,1.231,0.104693,-0.027242,0.012939,-0.994047,img_389.jpg
42288,1280,720,635.3708,345.11157,995.1677,995.27124,-2.720,-0.032,1.237,0.105621,-0.018281,0.017483,-0.994085,img_390.jpg
42371,1280,720,635.3708,345.11157,995.1677,995.27124,-2.648,-0.044,1.249,0.111250,-0.000355,0.024998,-0.993478,img_391.jpg
42459,1280,720,635.3708,345.11157,995.1677,995.27124,-2.587,-0.056,1.265,0.125418,-0.000254,0.041217,-0.991247,img_392.jpg
42534,1280,720,635.3708,345.11157,995.1677,995.27124,-2.500,-0.083,1.302,0.138124,0.023282,0.026727,-0.989781,img_393.jpg
42623,1280,720,635.3708,345.11157,995.1677,995.27124,-2.431,-0.094,1.329,0.149268,0.035709,0.029258,-0.987718,img_394.jpg
42703,1280,720,635.3708,345.11157,995.1677,995.27124,-2.328,-0.098,1.370,0.168759,0.048549,0.039503,-0.983668,img_395.jpg
42788,1280,720,635.3708,345.11157,995.1677,995.27124,-2.268,-0.094,1.398,0.169535,0.061065,0.026393,-0.983276,img_396.jpg
42869,1280,720,635.3708,345.11157,995.1677,995.27124,-2.181,-0.084,1.433,0.179104,0.047580,0.043655,-0.981709,img_397.jpg
42957,1280,720,635.3708,345.11157,995.1677,995.27124,-2.128,-0.079,1.455,0.176797,0.043914,0.048658,-0.982062,img_398.jpg
43028,1280,720,635.3708,345.11157,995.1677,995.27124,-2.070,-0.077,1.471,0.175350,0.053317,0.054586,-0.981545,img_399.jpg
43107,1280,720,635.3708,345.11157,995.1677,995.27124,-1.982,-0.078,1.493,0.174255,0.068492,0.058317,-0.980583,img_400.jpg
43193,1280,720,635.3708,345.11157,995.1677,995.27124,-1.924,-0.077,1.507,0.161146,0.079098,0.044454,-0.982751,img_401.jpg
43280,1280,720,635.3708,345.11157,995.1677,995.27124,-1.842,-0.076,1.517,0.150477,0.082817,0.028556,-0.984725,img_402.jpg
43378,1280,720,635.3708,345.11157,995.1677,995.27124,-1.786,-0.074,1.521,0.148293,0.084545,0.020829,-0.985103,img_403.jpg
43463,1280,720,635.3708,345.11157,995.1677,995.27124,-1.698,-0.057,1.537,0.136923,0.100062,0.002216,-0.985513,img_404.jpg
43552,1280,720,635.3708,345.11157,995.1677,995.27124,-1.593,-0.034,1.560,0.122943,0.118565,0.015539,-0.985183,img_405.jpg
43642,1280,720,635.3708,345.11157,995.1677,995.27124,-1.492,-0.019,1.573,0.105321,0.126343,0.027769,-0.985989,img_406.jpg
43724,1280,720,635.3708,345.11157,995.1677,995.27124,-1.426,-0.015,1.577,0.101199,0.127324,0.034057,-0.986097,img_407.jpg
43804,1280,720,635.3708,345.11157,995.1677,995.27124,-1.365,-0.015,1.582,0.089348,0.126144,0.027008,-0.987611,img_408.jpg
43882,1280,720,635.3708,345.11157,995.1677,995.27124,-1.275,-0.014,1.592,0.082641,0.107726,0.016769,-0.990598,img_409.jpg
43981,1280,720,635.3708,345.11157,995.1677,995.27124,-1.189,-0.010,1.594,0.097085,0.058382,0.028134,-0.993164,img_410.jpg
44059,1280,720,635.3708,345.11157,995.1677,995.27124,-1.141,0.001,1.595,0.101207,0.053306,0.012598,-0.993356,img_411.jpg
44141,1280,720,635.3708,345.11157,995.1677,995.27124,-1.076,0.018,1.593,0.099317,0.038909,0.000913,-0.994294,img_412.jpg
44243,1280,720,635.3708,345.11157,995.1677,995.27124,-1.025,0.029,1.586,0.095543,0.024609,0.002280,-0.995119,img_413.jpg
44342,1280,720,635.3708,345.11157,995.1677,995.27124,-0.982,0.028,1.576,0.093391,0.018880,0.000233,-0.995450,img_414.jpg
44425,1280,720,635.3708,345.11157,995.1677,995.27124,-0.960,0.026,1.573,0.088597,0.013525,-0.003864,-0.995968,img_415.jpg,marker_12.jpg,0.271492,0.271492,-0.975,-0.177,0.952,-0.713938,-0.043709,0.019770,0.019770
44505,1280,720,635.3708,345.11157,995.1677,995.27124,-0.938,0.024,1.568,0.083883,0.005582,-0.012031,-0.996387,img_416.jpg
44592,1280,720,635.3708,345.11157,995.1677,995.27124,-0.928,0.022,1.565,0.085562,-0.002784,-0.010070,-0.996278,img_417.jpg
44665,1280,720,635.3708,345.11157,995.1677,995.27124,-0.919,0.020,1.563,0.090497,-0.016062,-0.005133,-0.995754,img_418.jpg
44758,1280,720,635.3708,345.11157,995.1677,995.27124,-0.916,0.018,1.561,0.096386,-0.022818,-0.001534,-0.995081,img_419.jpg
44832,1280,720,635.3708,345.11157,995.1677,995.27124,-0.912,0.016,1.561,0.097058,-0.026438,0.002493,-0.994924,img_420.jpg
44913,1280,720,635.3708,345.11157,995.1677,995.27124,-0.909,0.013,1.561,0.101756,-0.031681,0.003786,-0.994298,img_421.jpg,marker_12.jpg,0.26926383,0.26926383,-0.968,-0.178,0.954,-0.716221,-0.035013,0.014376,0.014376
44992,1280,720,635.3708,345.11157,995.1677,995.27124,-0.906,0.012,1.562,0.103741,-0.034663,0.004560,-0.993990,img_422.jpg
45079,1280,720,635.3708,345.11157,995.1677,995.27124,-0.905,0.011,1.565,0.104891,-0.038102,0.000248,-0.993754,img_423.jpg
