time,sizeX,sizeY,p_x,p_y,f_x,f_y,pos_X,pos_Y,pos_Z,q_x,q_y,q_z,q_w,marker_ID,marker_x,marker_y,marker_z,marker_qx,marker_qy,marker_qz,marker_qw,marker_ID,marker_x,marker_y,marker_z,marker_qx,marker_qy,marker_qz,marker_qw,marker_ID,marker_x,marker_y,marker_z,marker_qx,marker_qy,marker_qz,marker_qw,
18577,1280,720,637.5141,339.28363,1004.0506,1006.2993,0.345,-0.145,1.065,0.016539,0.031103,-0.007606,-0.999350,img_1.jpg
18662,1280,720,637.5141,339.28363,1004.0506,1006.2993,0.345,-0.145,1.064,0.017112,0.027444,-0.006921,-0.999453,img_2.jpg
18731,1280,720,637.5141,339.28363,1004.0506,1006.2993,0.345,-0.145,1.064,0.016231,0.028014,-0.006581,-0.999454,img_3.jpg,marker_1.jpg,0.26462054,0.26462054,0.377,-0.164,0.455,-0.716085,0.001858,-0.005406,-0.005406
18810,1280,720,637.5141,339.28363,1004.0506,1006.2993,0.347,-0.144,1.063,0.016922,0.025499,-0.005169,-0.999518,img_4.jpg
18896,1280,720,637.5141,339.28363,1004.0506,1006.2993,0.349,-0.144,1.063,0.016394,0.024458,-0.005336,-0.999552,img_5.jpg
18966,1280,720,637.5141,339.28363,1004.0506,1006.2993,0.351,-0.143,1.063,0.016824,0.024207,-0.005570,-0.999550,img_6.jpg
19044,1280,720,637.5141,339.28363,1004.0506,1006.2993,0.354,-0.144,1.063,0.018499,0.023565,-0.005925,-0.999534,img_7.jpg
19127,1280,720,637.5141,339.28363,1004.0506,1006.2993,0.357,-0.144,1.063,0.017174,0.023836,-0.006746,-0.999546,img_8.jpg
19193,1280,720,637.5141,339.28363,1004.0506,1006.2993,0.360,-0.145,1.062,0.019444,0.022731,-0.005509,-0.999537,img_9.jpg
19278,1280,720,637.5141,339.28363,1004.0506,1006.2993,0.363,-0.145,1.062,0.020776,0.022606,-0.005655,-0.999513,img_10.jpg
19344,1280,720,637.5141,339.28363,1004.0506,1006.2993,0.365,-0.145,1.063,0.020591,0.021723,-0.005644,-0.999536,img_11.jpg,marker_1.jpg,0.25965363,0.25965363,0.377,-0.164,0.467,-0.699843,0.003734,-0.006882,-0.006882
19428,1280,720,637.5141,339.28363,1004.0506,1006.2993,0.367,-0.145,1.065,0.020981,0.022041,-0.005151,-0.999524,img_12.jpg
19495,1280,720,637.5141,339.28363,1004.0506,1006.2993,0.368,-0.144,1.068,0.019714,0.024455,-0.005098,-0.999494,img_13.jpg
19562,1280,720,637.5141,339.28363,1004.0506,1006.2993,0.372,-0.143,1.073,0.018240,0.026641,-0.000366,-0.999479,img_14.jpg
19631,1280,720,637.5141,339.28363,1004.0506,1006.2993,0.375,-0.142,1.078,0.017617,0.030183,0.001327,-0.999388,img_15.jpg
19699,1280,720,637.5141,339.28363,1004.0506,1006.2993,0.380,-0.143,1.084,0.019584,0.040045,0.001491,-0.999005,img_16.jpg
19763,1280,720,637.5141,339.28363,1004.0506,1006.2993,0.389,-0.144,1.091,0.025197,0.053447,0.004643,-0.998242,img_17.jpg
19833,1280,720,637.5141,339.28363,1004.0506,1006.2993,0.401,-0.146,1.098,0.031755,0.065412,0.006412,-0.997332,img_18.jpg
19897,1280,720,637.5141,339.28363,1004.0506,1006.2993,0.416,-0.148,1.107,0.036841,0.076926,0.004206,-0.996347,img_19.jpg,marker_1.jpg,0.26210383,0.26210383,0.376,-0.164,0.471,-0.720451,0.020271,-0.022073,-0.022073
19967,1280,720,637.5141,339.28363,1004.0506,1006.2993,0.436,-0.148,1.119,0.039522,0.084242,0.008604,-0.995624,img_20.jpg
20036,1280,720,637.5141,339.28363,1004.0506,1006.2993,0.456,-0.148,1.130,0.038957,0.091859,0.010220,-0.994957,img_21.jpg
20104,1280,720,637.5141,339.28363,1004.0506,1006.2993,0.477,-0.147,1.143,0.037313,0.096306,0.012659,-0.994572,img_22.jpg
20171,1280,720,637.5141,339.28363,1004.0506,1006.2993,0.500,-0.146,1.156,0.032885,0.099944,0.016435,-0.994314,img_23.jpg
20242,1280,720,637.5141,339.28363,1004.0506,1006.2993,0.527,-0.146,1.170,0.033824,0.103755,0.024905,-0.993716,img_24.jpg
20308,1280,720,637.5141,339.28363,1004.0506,1006.2993,0.556,-0.145,1.185,0.032803,0.105442,0.030941,-0.993403,img_25.jpg
20376,1280,720,637.5141,339.28363,1004.0506,1006.2993,0.606,-0.146,1.213,0.033147,0.105750,0.028431,-0.993433,img_26.jpg
20460,1280,720,637.5141,339.28363,1004.0506,1006.2993,0.642,-0.146,1.234,0.035370,0.105452,0.021398,-0.993565,img_27.jpg
20527,1280,720,637.5141,339.28363,1004.0506,1006.2993,0.679,-0.146,1.256,0.038926,0.101495,0.017463,-0.993921,img_28.jpg
20589,1280,720,637.5141,339.28363,1004.0506,1006.2993,0.717,-0.145,1.275,0.044107,0.094180,0.014619,-0.994470,img_29.jpg
20677,1280,720,637.5141,339.28363,1004.0506,1006.2993,0.771,-0.143,1.301,0.052176,0.091197,0.011277,-0.994401,img_30.jpg
20760,1280,720,637.5141,339.28363,1004.0506,1006.2993,0.805,-0.140,1.315,0.053291,0.097006,0.006144,-0.993837,img_31.jpg
20826,1280,720,637.5141,339.28363,1004.0506,1006.2993,0.840,-0.135,1.329,0.051017,0.104388,0.006169,-0.993208,img_32.jpg
20911,1280,720,637.5141,339.28363,1004.0506,1006.2993,0.878,-0.131,1.344,0.047486,0.114386,0.008649,-0.992263,img_33.jpg
20978,1280,720,637.5141,339.28363,1004.0506,1006.2993,0.932,-0.128,1.360,0.042706,0.132287,0.014742,-0.990181,img_34.jpg
21060,1280,720,637.5141,339.28363,1004.0506,1006.2993,0.972,-0.130,1.367,0.048145,0.132650,0.033105,-0.989439,img_35.jpg
21128,1280,720,637.5141,339.28363,1004.0506,1006.2993,1.009,-0.135,1.370,0.048506,0.143353,0.036550,-0.987806,img_36.jpg
21196,1280,720,637.5141,339.28363,1004.0506,1006.2993,1.046,-0.139,1.370,0.048182,0.150599,0.038918,-0.986653,img_37.jpg
21262,1280,720,637.5141,339.28363,1004.0506,1006.2993,1.086,-0.140,1.368,0.043955,0.156058,0.031921,-0.986253,img_38.jpg
21334,1280,720,637.5141,339.28363,1004.0506,1006.2993,1.127,-0.138,1.364,0.043113,0.153413,0.027143,-0.986848,img_39.jpg
21411,1280,720,637.5141,339.28363,1004.0506,1006.2993,1.194,-0.134,1.355,0.041333,0.161198,0.013094,-0.985969,img_40.jpg
21496,1280,720,637.5141,339.28363,1004.0506,1006.2993,1.240,-0.131,1.346,0.052256,0.171603,0.012297,-0.983702,img_41.jpg
21567,1280,720,637.5141,339.28363,1004.0506,1006.2993,1.277,-0.128,1.342,0.046499,0.189057,-0.005205,-0.980851,img_42.jpg
21639,1280,720,637.5141,339.28363,1004.0506,1006.2993,1.322,-0.125,1.339,0.047513,0.199152,0.003626,-0.978810,img_43.jpg
21727,1280,720,637.5141,339.28363,1004.0506,1006.2993,1.391,-0.122,1.334,0.042046,0.221514,0.012905,-0.974165,img_44.jpg
21796,1280,720,637.5141,339.28363,1004.0506,1006.2993,1.438,-0.120,1.329,0.038863,0.235596,0.019153,-0.970885,img_45.jpg
21867,1280,720,637.5141,339.28363,1004.0506,1006.2993,1.487,-0.120,1.325,0.037709,0.246002,0.026911,-0.968162,img_46.jpg
21944,1280,720,637.5141,339.28363,1004.0506,1006.2993,1.557,-0.120,1.320,0.030163,0.259342,0.024812,-0.964995,img_47.jpg
22027,1280,720,637.5141,339.28363,1004.0506,1006.2993,1.611,-0.121,1.319,0.026788,0.267567,0.028215,-0.962753,img_48.jpg
22094,1280,720,637.5141,339.28363,1004.0506,1006.2993,1.661,-0.120,1.319,0.022490,0.271586,0.033915,-0.961553,img_49.jpg
22167,1280,720,637.5141,339.28363,1004.0506,1006.2993,1.711,-0.117,1.317,0.019441,0.277978,0.033942,-0.959791,img_50.jpg
22232,1280,720,637.5141,339.28363,1004.0506,1006.2993,1.760,-0.112,1.317,0.017402,0.284131,0.038175,-0.957867,img_51.jpg
22306,1280,720,637.5141,339.28363,1004.0506,1006.2993,1.808,-0.107,1.315,0.017795,0.287794,0.046349,-0.956405,img_52.jpg
22376,1280,720,637.5141,339.28363,1004.0506,1006.2993,1.876,-0.104,1.309,0.021732,0.308555,0.043557,-0.949960,img_53.jpg
22460,1280,720,637.5141,339.28363,1004.0506,1006.2993,1.920,-0.102,1.306,0.022865,0.322209,0.045709,-0.945288,img_54.jpg
22530,1280,720,637.5141,339.28363,1004.0506,1006.2993,1.962,-0.101,1.300,0.025167,0.338245,0.047549,-0.939519,img_55.jpg
22595,1280,720,637.5141,339.28363,1004.0506,1006.2993,2.003,-0.102,1.292,0.027325,0.354154,0.048479,-0.933530,img_56.jpg
22662,1280,720,637.5141,339.28363,1004.0506,1006.2993,2.046,-0.105,1.282,0.029116,0.373125,0.048269,-0.926067,img_57.jpg
22733,1280,720,637.5141,339.28363,1004.0506,1006.2993,2.088,-0.108,1.269,0.030737,0.391188,0.052053,-0.918324,img_58.jpg
22799,1280,720,637.5141,339.28363,1004.0506,1006.2993,2.131,-0.111,1.255,0.031304,0.412661,0.054484,-0.908715,img_59.jpg
22865,1280,720,637.5141,339.28363,1004.0506,1006.2993,2.176,-0.115,1.238,0.030066,0.436044,0.058278,-0.897533,img_60.jpg
22944,1280,720,637.5141,339.28363,1004.0506,1006.2993,2.218,-0.115,1.221,0.026857,0.465910,0.059029,-0.882452,img_61.jpg
23013,1280,720,637.5141,339.28363,1004.0506,1006.2993,2.278,-0.110,1.194,0.026822,0.510574,0.066358,-0.856849,img_62.jpg
23094,1280,720,637.5141,339.28363,1004.0506,1006.2993,2.314,-0.104,1.180,0.024676,0.538265,0.066206,-0.839809,img_63.jpg
23169,1280,720,637.5141,339.28363,1004.0506,1006.2993,2.347,-0.099,1.169,0.020801,0.561996,0.066475,-0.824202,img_64.jpg
23238,1280,720,637.5141,339.28363,1004.0506,1006.2993,2.380,-0.095,1.157,0.021345,0.578710,0.068341,-0.812385,img_65.jpg
23308,1280,720,637.5141,339.28363,1004.0506,1006.2993,2.415,-0.093,1.145,0.018289,0.596844,0.063891,-0.799601,img_66.jpg
23378,1280,720,637.5141,339.28363,1004.0506,1006.2993,2.461,-0.089,1.135,0.013621,0.617432,0.062930,-0.783985,img_67.jpg
23459,1280,720,637.5141,339.28363,1004.0506,1006.2993,2.494,-0.090,1.125,0.010305,0.626136,0.064141,-0.777003,img_68.jpg
23528,1280,720,637.5141,339.28363,1004.0506,1006.2993,2.525,-0.090,1.118,0.005901,0.633848,0.066789,-0.770546,img_69.jpg
23595,1280,720,637.5141,339.28363,1004.0506,1006.2993,2.555,-0.089,1.111,0.004744,0.641709,0.067333,-0.763972,img_70.jpg
23661,1280,720,637.5141,339.28363,1004.0506,1006.2993,2.589,-0.089,1.103,0.005680,0.646288,0.073116,-0.759562,img_71.jpg
23735,1280,720,637.5141,339.28363,1004.0506,1006.2993,2.621,-0.090,1.095,0.008517,0.650808,0.080142,-0.754953,img_72.jpg
23800,1280,720,637.5141,339.28363,1004.0506,1006.2993,2.648,-0.087,1.087,0.009137,0.650822,0.081680,-0.754768,img_73.jpg
23865,1280,720,637.5141,339.28363,1004.0506,1006.2993,2.672,-0.086,1.077,0.009179,0.651611,0.075834,-0.754697,img_74.jpg
23937,1280,720,637.5141,339.28363,1004.0506,1006.2993,2.708,-0.086,1.066,0.011181,0.653447,0.079458,-0.752707,img_75.jpg
24009,1280,720,637.5141,339.28363,1004.0506,1006.2993,2.728,-0.086,1.058,0.012613,0.656063,0.081277,-0.750211,img_76.jpg
24076,1280,720,637.5141,339.28363,1004.0506,1006.2993,2.745,-0.087,1.048,0.016253,0.659946,0.080283,-0.746835,img_77.jpg
24159,1280,720,637.5141,339.28363,1004.0506,1006.2993,2.764,-0.087,1.038,0.017490,0.665928,0.076713,-0.741856,img_78.jpg
24222,1280,720,637.5141,339.28363,1004.0506,1006.2993,2.780,-0.087,1.028,0.019800,0.669802,0.078239,-0.738141,img_79.jpg,marker_3.jpg,0.26530987,0.26530987,3.460,-0.163,0.948,-0.498968,0.536350,-0.476543,-0.476543
24309,1280,720,637.5141,339.28363,1004.0506,1006.2993,2.794,-0.087,1.018,0.023521,0.674062,0.078991,-0.734062,img_80.jpg
24376,1280,720,637.5141,339.28363,1004.0506,1006.2993,2.808,-0.085,1.008,0.023556,0.681802,0.075986,-0.727198,img_81.jpg
24459,1280,720,637.5141,339.28363,1004.0506,1006.2993,2.819,-0.085,1.001,0.024956,0.688884,0.075846,-0.720461,img_82.jpg
24527,1280,720,637.5141,339.28363,1004.0506,1006.2993,2.827,-0.086,0.995,0.026693,0.691783,0.075560,-0.717645,img_83.jpg
24594,1280,720,637.5141,339.28363,1004.0506,1006.2993,2.836,-0.087,0.989,0.029826,0.694210,0.077923,-0.714920,img_84.jpg
24660,1280,720,637.5141,339.28363,1004.0506,1006.2993,2.843,-0.088,0.982,0.033513,0.694651,0.078269,-0.714290,img_85.jpg,marker_3.jpg,0.26457638,0.26457638,3.459,-0.162,0.943,-0.502475,0.536025,-0.489178,-0.489178
24735,1280,720,637.5141,339.28363,1004.0506,1006.2993,2.848,-0.089,0.975,0.035871,0.694479,0.076197,-0.714567,img_86.jpg
24809,1280,720,637.5141,339.28363,1004.0506,1006.2993,2.853,-0.090,0.967,0.037549,0.694564,0.078371,-0.714163,img_87.jpg
24893,1280,720,637.5141,339.28363,1004.0506,1006.2993,2.857,-0.090,0.963,0.038650,0.695407,0.079320,-0.713178,img_88.jpg
24966,1280,720,637.5141,339.28363,1004.0506,1006.2993,2.857,-0.091,0.962,0.039439,0.694909,0.082135,-0.713303,img_89.jpg
25033,1280,720,637.5141,339.28363,1004.0506,1006.2993,2.856,-0.092,0.965,0.038920,0.695795,0.086710,-0.711925,img_90.jpg
25102,1280,720,637.5141,339.28363,1004.0506,1006.2993,2.853,-0.093,0.974,0.038261,0.697632,0.091385,-0.709574,img_91.jpg
25172,1280,720,637.5141,339.28363,1004.0506,1006.2993,2.845,-0.093,0.999,0.037103,0.703150,0.090559,-0.704275,img_92.jpg
25243,1280,720,637.5141,339.28363,1004.0506,1006.2993,2.839,-0.093,1.022,0.035627,0.708389,0.089764,-0.699184,img_93.jpg,marker_3.jpg,0.2700077,0.2700077,3.464,-0.163,0.943,-0.513969,0.522679,-0.490057,-0.490057
25325,1280,720,637.5141,339.28363,1004.0506,1006.2993,2.832,-0.093,1.050,0.033078,0.713607,0.091009,-0.693821,img_94.jpg
25398,1280,720,637.5141,339.28363,1004.0506,1006.2993,2.827,-0.093,1.083,0.028186,0.719937,0.095224,-0.686898,img_95.jpg
25473,1280,720,637.5141,339.28363,1004.0506,1006.2993,2.820,-0.093,1.138,0.021941,0.728574,0.098860,-0.677440,img_96.jpg
25576,1280,720,637.5141,339.28363,1004.0506,1006.2993,2.812,-0.096,1.204,0.016542,0.734533,0.102400,-0.670599,img_97.jpg
25659,1280,720,637.5141,339.28363,1004.0506,1006.2993,2.804,-0.098,1.255,0.007883,0.735610,0.109646,-0.668426,img_98.jpg
25739,1280,720,637.5141,339.28363,1004.0506,1006.2993,2.787,-0.101,1.336,0.008111,0.746541,0.099106,-0.657867,img_99.jpg
25826,1280,720,637.5141,339.28363,1004.0506,1006.2993,2.775,-0.104,1.393,0.014230,0.751171,0.097013,-0.652785,img_100.jpg
25901,1280,720,637.5141,339.28363,1004.0506,1006.2993,2.763,-0.106,1.450,0.015248,0.753792,0.100256,-0.649241,img_101.jpg
25973,1280,720,637.5141,339.28363,1004.0506,1006.2993,2.751,-0.111,1.529,0.020149,0.760313,0.094580,-0.642318,img_102.jpg
26059,1280,720,637.5141,339.28363,1004.0506,1006.2993,2.744,-0.113,1.579,0.020843,0.763956,0.094065,-0.638035,img_103.jpg
26135,1280,720,637.5141,339.28363,1004.0506,1006.2993,2.742,-0.116,1.622,0.024523,0.774433,0.093573,-0.625217,img_104.jpg
26213,1280,720,637.5141,339.28363,1004.0506,1006.2993,2.741,-0.122,1.693,0.020964,0.782054,0.096772,-0.615295,img_105.jpg
26292,1280,720,637.5141,339.28363,1004.0506,1006.2993,2.744,-0.128,1.740,0.017627,0.788278,0.095194,-0.607655,img_106.jpg
26367,1280,720,637.5141,339.28363,1004.0506,1006.2993,2.748,-0.133,1.784,0.013371,0.793225,0.090893,-0.601958,img_107.jpg
26448,1280,720,637.5141,339.28363,1004.0506,1006.2993,2.757,-0.141,1.858,0.014607,0.800916,0.080845,-0.593115,img_108.jpg
26524,1280,720,637.5141,339.28363,1004.0506,1006.2993,2.767,-0.145,1.908,0.017714,0.807110,0.076292,-0.585183,img_109.jpg
26599,1280,720,637.5141,339.28363,1004.0506,1006.2993,2.776,-0.147,1.960,0.021818,0.811566,0.077019,-0.578752,img_110.jpg
26692,1280,720,637.5141,339.28363,1004.0506,1006.2993,2.791,-0.145,2.037,0.024051,0.815794,0.086982,-0.571258,img_111.jpg
26764,1280,720,637.5141,339.28363,1004.0506,1006.2993,2.798,-0.143,2.088,0.026097,0.823560,0.083144,-0.560496,img_112.jpg
26845,1280,720,637.5141,339.28363,1004.0506,1006.2993,2.804,-0.142,2.163,0.018808,0.828848,0.083860,-0.552833,img_113.jpg
26926,1280,720,637.5141,339.28363,1004.0506,1006.2993,2.807,-0.144,2.214,0.013082,0.832084,0.083200,-0.548218,img_114.jpg
27000,1280,720,637.5141,339.28363,1004.0506,1006.2993,2.808,-0.148,2.265,0.005406,0.832055,0.087803,-0.547674,img_115.jpg
27080,1280,720,637.5141,339.28363,1004.0506,1006.2993,2.808,-0.158,2.346,0.002020,0.830848,0.085817,-0.549839,img_116.jpg
27158,1280,720,637.5141,339.28363,1004.0506,1006.2993,2.805,-0.163,2.402,0.001033,0.829447,0.082551,-0.552451,img_117.jpg
27235,1280,720,637.5141,339.28363,1004.0506,1006.2993,2.794,-0.170,2.490,0.002515,0.822941,0.084192,-0.561849,img_118.jpg
27325,1280,720,637.5141,339.28363,1004.0506,1006.2993,2.787,-0.170,2.551,0.009561,0.821098,0.089038,-0.563719,img_119.jpg
27402,1280,720,637.5141,339.28363,1004.0506,1006.2993,2.774,-0.167,2.612,0.011858,0.815743,0.093520,-0.570681,img_120.jpg
27479,1280,720,637.5141,339.28363,1004.0506,1006.2993,2.761,-0.167,2.697,0.012884,0.814410,0.089607,-0.573184,img_121.jpg
27558,1280,720,637.5141,339.28363,1004.0506,1006.2993,2.756,-0.170,2.751,0.009936,0.813023,0.106731,-0.572279,img_122.jpg
27636,1280,720,637.5141,339.28363,1004.0506,1006.2993,2.751,-0.174,2.803,0.009874,0.811259,0.117467,-0.572681,img_123.jpg
27725,1280,720,637.5141,339.28363,1004.0506,1006.2993,2.747,-0.183,2.882,0.017003,0.815973,0.113887,-0.566506,img_124.jpg
27800,1280,720,637.5141,339.28363,1004.0506,1006.2993,2.744,-0.189,2.934,0.017929,0.818749,0.112950,-0.562647,img_125.jpg
27877,1280,720,637.5141,339.28363,1004.0506,1006.2993,2.744,-0.201,3.016,0.023325,0.820188,0.106838,-0.561545,img_126.jpg
27959,1280,720,637.5141,339.28363,1004.0506,1006.2993,2.746,-0.209,3.077,0.032566,0.822899,0.098638,-0.558612,img_127.jpg
28040,1280,720,637.5141,339.28363,1004.0506,1006.2993,2.752,-0.214,3.165,0.042484,0.819360,0.097702,-0.563293,img_128.jpg
28125,1280,720,637.5141,339.28363,1004.0506,1006.2993,2.757,-0.213,3.220,0.054667,0.822795,0.094025,-0.557835,img_129.jpg
28212,1280,720,637.5141,339.28363,1004.0506,1006.2993,2.759,-0.206,3.300,0.047843,0.820692,0.101998,-0.560154,img_130.jpg
28310,1280,720,637.5141,339.28363,1004.0506,1006.2993,2.770,-0.202,3.376,0.035900,0.816934,0.108737,-0.565249,img_131.jpg
28395,1280,720,637.5141,339.28363,1004.0506,1006.2993,2.775,-0.207,3.425,0.026099,0.812149,0.106672,-0.573021,img_132.jpg
28472,1280,720,637.5141,339.28363,1004.0506,1006.2993,2.786,-0.218,3.497,0.024347,0.807029,0.104587,-0.580666,img_133.jpg
28558,1280,720,637.5141,339.28363,1004.0506,1006.2993,2.791,-0.222,3.547,0.021655,0.801213,0.095340,-0.590338,img_134.jpg
28633,1280,720,637.5141,339.28363,1004.0506,1006.2993,2.799,-0.221,3.625,0.014857,0.793571,0.087409,-0.601984,img_135.jpg
28724,1280,720,637.5141,339.28363,1004.0506,1006.2993,2.805,-0.215,3.672,0.016291,0.788087,0.082332,-0.609816,img_136.jpg
28802,1280,720,637.5141,339.28363,1004.0506,1006.2993,2.810,-0.207,3.717,0.017542,0.781727,0.077242,-0.618570,img_137.jpg
28878,1280,720,637.5141,339.28363,1004.0506,1006.2993,2.819,-0.196,3.777,0.015577,0.772880,0.066193,-0.630897,img_138.jpg
28958,1280,720,637.5141,339.28363,1004.0506,1006.2993,2.830,-0.193,3.814,0.015375,0.770383,0.067799,-0.633780,img_139.jpg,marker_4.jpg,0.26736486,0.26736486,3.612,-0.290,4.075,-0.504318,0.517867,-0.495126,-0.495126
29038,1280,720,637.5141,339.28363,1004.0506,1006.2993,2.840,-0.192,3.843,0.015845,0.763434,0.068765,-0.642019,img_140.jpg
29110,1280,720,637.5141,339.28363,1004.0506,1006.2993,2.854,-0.194,3.880,0.013702,0.755587,0.064058,-0.651764,img_141.jpg
29192,1280,720,637.5141,339.28363,1004.0506,1006.2993,2.865,-0.197,3.901,0.014301,0.752959,0.063278,-0.654862,img_142.jpg
29269,1280,720,637.5141,339.28363,1004.0506,1006.2993,2.876,-0.200,3.918,0.016455,0.750541,0.061612,-0.657740,img_143.jpg
29342,1280,720,637.5141,339.28363,1004.0506,1006.2993,2.891,-0.203,3.937,0.021542,0.744819,0.061016,-0.664121,img_144.jpg
29426,1280,720,637.5141,339.28363,1004.0506,1006.2993,2.900,-0.204,3.949,0.020321,0.743248,0.061171,-0.665903,img_145.jpg
29507,1280,720,637.5141,339.28363,1004.0506,1006.2993,2.911,-0.205,3.968,0.014416,0.742982,0.066351,-0.665858,img_146.jpg
29593,1280,720,637.5141,339.28363,1004.0506,1006.2993,2.916,-0.207,3.978,0.015385,0.744987,0.063117,-0.663908,img_147.jpg,marker_4.jpg,0.26568228,0.26568228,3.613,-0.292,4.075,-0.501474,0.519530,-0.502283,-0.502283
29691,1280,720,637.5141,339.28363,1004.0506,1006.2993,2.924,-0.208,3.991,0.014064,0.745092,0.067243,-0.663414,img_148.jpg
29761,1280,720,637.5141,339.28363,1004.0506,1006.2993,2.925,-0.209,4.002,0.008311,0.748173,0.069646,-0.659786,img_149.jpg
29841,1280,720,637.5141,339.28363,1004.0506,1006.2993,2.924,-0.215,4.029,0.002790,0.769555,0.080997,-0.633417,img_150.jpg
29923,1280,720,637.5141,339.28363,1004.0506,1006.2993,2.923,-0.221,4.055,0.004070,0.788092,0.090622,-0.608837,img_151.jpg
30008,1280,720,637.5141,339.28363,1004.0506,1006.2993,2.915,-0.234,4.099,0.011593,0.810665,0.105067,-0.575889,img_152.jpg
30074,1280,720,637.5141,339.28363,1004.0506,1006.2993,2.907,-0.240,4.134,0.014048,0.822888,0.114534,-0.556363,img_153.jpg
30157,1280,720,637.5141,339.28363,1004.0506,1006.2993,2.891,-0.246,4.172,0.009998,0.836301,0.108714,-0.537292,img_154.jpg
30227,1280,720,637.5141,339.28363,1004.0506,1006.2993,2.876,-0.250,4.214,0.001922,0.844319,0.112755,-0.523839,img_155.jpg
30298,1280,720,637.5141,339.28363,1004.0506,1006.2993,2.855,-0.260,4.283,-0.001612,0.855787,0.116308,-0.504082,img_156.jpg
30374,1280,720,637.5141,339.28363,1004.0506,1006.2993,2.835,-0.265,4.332,-0.003646,0.861724,0.113181,-0.494579,img_157.jpg
30457,1280,720,637.5141,339.28363,1004.0506,1006.2993,2.816,-0.269,4.385,-0.007435,0.867260,0.113039,-0.484796,img_158.jpg
30528,1280,720,637.5141,339.28363,1004.0506,1006.2993,2.799,-0.273,4.437,-0.004803,0.874131,0.113585,-0.472198,img_159.jpg
30601,1280,720,637.5141,339.28363,1004.0506,1006.2993,2.778,-0.276,4.514,0.003470,0.884143,0.126061,-0.449875,img_160.jpg
30673,1280,720,637.5141,339.28363,1004.0506,1006.2993,2.769,-0.278,4.561,0.010929,0.891089,0.126676,-0.435654,img_161.jpg
30757,1280,720,637.5141,339.28363,1004.0506,1006.2993,2.756,-0.280,4.610,0.012284,0.896249,0.138078,-0.421332,img_162.jpg
30829,1280,720,637.5141,339.28363,1004.0506,1006.2993,2.748,-0.284,4.655,0.015285,0.904932,0.139965,-0.401590,img_163.jpg
30896,1280,720,637.5141,339.28363,1004.0506,1006.2993,2.746,-0.295,4.711,0.024934,0.915923,0.138944,-0.375710,img_164.jpg
30974,1280,720,637.5141,339.28363,1004.0506,1006.2993,2.747,-0.303,4.754,0.021782,0.919392,0.153539,-0.361483,img_165.jpg
31057,1280,720,637.5141,339.28363,1004.0506,1006.2993,2.749,-0.313,4.795,0.025516,0.924620,0.160307,-0.344570,img_166.jpg
31138,1280,720,637.5141,339.28363,1004.0506,1006.2993,2.756,-0.327,4.858,0.025741,0.933018,0.173742,-0.314052,img_167.jpg
31242,1280,720,637.5141,339.28363,1004.0506,1006.2993,2.764,-0.340,4.922,0.024452,0.942195,0.187313,-0.276739,img_168.jpg
31325,1280,720,637.5141,339.28363,1004.0506,1006.2993,2.772,-0.349,4.963,0.015459,0.944923,0.208218,-0.252045,img_169.jpg
31407,1280,720,637.5141,339.28363,1004.0506,1006.2993,2.767,-0.354,5.023,0.002474,0.952845,0.224688,-0.203948,img_170.jpg
31494,1280,720,637.5141,339.28363,1004.0506,1006.2993,2.760,-0.358,5.059,-0.006094,0.958583,0.228540,-0.169855,img_171.jpg
31573,1280,720,637.5141,339.28363,1004.0506,1006.2993,2.738,-0.366,5.110,-0.016867,0.964364,0.235563,-0.119279,img_172.jpg
31657,1280,720,637.5141,339.28363,1004.0506,1006.2993,2.717,-0.370,5.138,-0.022399,0.967398,0.235356,-0.090814,img_173.jpg
31736,1280,720,637.5141,339.28363,1004.0506,1006.2993,2.678,-0.375,5.174,-0.035569,0.969415,0.236956,-0.053125,img_174.jpg
31822,1280,720,637.5141,339.28363,1004.0506,1006.2993,2.647,-0.380,5.193,-0.040961,0.970259,0.236512,-0.031330,img_175.jpg
31897,1280,720,637.5141,339.28363,1004.0506,1006.2993,2.611,-0.382,5.203,-0.048401,0.969510,0.239824,-0.013865,img_176.jpg
31991,1280,720,637.5141,339.28363,1004.0506,1006.2993,2.555,-0.392,5.222,-0.055354,0.968670,0.242030,0.005901,img_177.jpg
32074,1280,720,637.5141,339.28363,1004.0506,1006.2993,2.496,-0.399,5.236,-0.056855,0.967821,0.244616,0.015904,img_178.jpg
32157,1280,720,637.5141,339.28363,1004.0506,1006.2993,2.456,-0.405,5.248,-0.056778,0.966487,0.249257,0.023467,img_179.jpg
32224,1280,720,637.5141,339.28363,1004.0506,1006.2993,2.413,-0.407,5.255,-0.060172,0.963516,0.258865,0.031712,img_180.jpg
32302,1280,720,637.5141,339.28363,1004.0506,1006.2993,2.347,-0.405,5.261,-0.056268,0.963593,0.256919,0.048113,img_181.jpg
32390,1280,720,637.5141,339.28363,1004.0506,1006.2993,2.304,-0.404,5.267,-0.055336,0.963816,0.252945,0.063373,img_182.jpg
32461,1280,720,637.5141,339.28363,1004.0506,1006.2993,2.261,-0.407,5.279,-0.058087,0.962460,0.252612,0.080523,img_183.jpg
32543,1280,720,637.5141,339.28363,1004.0506,1006.2993,2.223,-0.407,5.289,-0.059509,0.961709,0.249475,0.096626,img_184.jpg
32623,1280,720,637.5141,339.28363,1004.0506,1006.2993,2.166,-0.403,5.307,-0.062272,0.961495,0.240330,0.117864,img_185.jpg
32700,1280,720,637.5141,339.28363,1004.0506,1006.2993,2.130,-0.401,5.324,-0.061266,0.962406,0.230177,0.130534,img_186.jpg
32776,1280,720,637.5141,339.28363,1004.0506,1006.2993,2.076,-0.391,5.352,-0.054675,0.965740,0.207804,0.145513,img_187.jpg
32857,1280,720,637.5141,339.28363,1004.0506,1006.2993,2.038,-0.382,5.375,-0.048126,0.968660,0.189696,0.152962,img_188.jpg
32935,1280,720,637.5141,339.28363,1004.0506,1006.2993,1.986,-0.366,5.412,-0.036411,0.972920,0.161363,0.161439,img_189.jpg
33022,1280,720,637.5141,339.28363,1004.0506,1006.2993,1.951,-0.355,5.438,-0.036451,0.974197,0.150147,0.164522,img_190.jpg
33090,1280,720,637.5141,339.28363,1004.0506,1006.2993,1.921,-0.343,5.465,-0.034269,0.974967,0.143113,0.166685,img_191.jpg
33161,1280,720,637.5141,339.28363,1004.0506,1006.2993,1.899,-0.332,5.495,-0.027660,0.976293,0.130185,0.170698,img_192.jpg
33241,1280,720,637.5141,339.28363,1004.0506,1006.2993,1.862,-0.317,5.525,-0.031016,0.978521,0.114857,0.168351,img_193.jpg
33322,1280,720,637.5141,339.28363,1004.0506,1006.2993,1.843,-0.312,5.543,-0.025344,0.980475,0.107207,0.162889,img_194.jpg
33394,1280,720,637.5141,339.28363,1004.0506,1006.2993,1.824,-0.307,5.559,-0.020625,0.982053,0.100365,0.158344,img_195.jpg
33468,1280,720,637.5141,339.28363,1004.0506,1006.2993,1.800,-0.303,5.575,-0.018847,0.984590,0.091777,0.147663,img_196.jpg
33556,1280,720,637.5141,339.28363,1004.0506,1006.2993,1.783,-0.301,5.580,-0.020591,0.985659,0.090306,0.141059,img_197.jpg
33629,1280,720,637.5141,339.28363,1004.0506,1006.2993,1.766,-0.299,5.585,-0.020963,0.987280,0.084410,0.133092,img_198.jpg
33699,1280,720,637.5141,339.28363,1004.0506,1006.2993,1.739,-0.296,5.591,-0.017644,0.991150,0.071813,0.110244,img_199.jpg
33773,1280,720,637.5141,339.28363,1004.0506,1006.2993,1.722,-0.297,5.595,-0.015343,0.992975,0.068744,0.095073,img_200.jpg
33858,1280,720,637.5141,339.28363,1004.0506,1006.2993,1.705,-0.300,5.603,-0.009712,0.994066,0.069927,0.082759,img_201.jpg,marker_6.jpg,0.26742113,0.26742113,1.505,-0.496,6.371,0.028746,0.718326,-0.694800,-0.694800
33929,1280,720,637.5141,339.28363,1004.0506,1006.2993,1.689,-0.302,5.610,-0.003999,0.994524,0.070953,0.076634,img_202.jpg
34006,1280,720,637.5141,339.28363,1004.0506,1006.2993,1.664,-0.305,5.617,-0.001660,0.994594,0.075428,0.071347,img_203.jpg
34090,1280,720,637.5141,339.28363,1004.0506,1006.2993,1.650,-0.307,5.618,-0.001617,0.994580,0.078203,0.068502,img_204.jpg
34160,1280,720,637.5141,339.28363,1004.0506,1006.2993,1.639,-0.308,5.618,-0.001232,0.994409,0.080360,0.068499,img_205.jpg
34237,1280,720,637.5141,339.28363,1004.0506,1006.2993,1.623,-0.309,5.617,-0.001378,0.994078,0.083288,0.069788,img_206.jpg
34323,1280,720,637.5141,339.28363,1004.0506,1006.2993,1.609,-0.310,5.615,-0.004118,0.993946,0.085390,0.069020,img_207.jpg,marker_6.jpg,0.2704497,0.2704497,1.507,-0.497,6.370,0.009060,0.729596,-0.683710,-0.683710
34399,1280,720,637.5141,339.28363,1004.0506,1006.2993,1.597,-0.312,5.609,-0.008842,0.993616,0.088359,0.069589,img_208.jpg
34473,1280,720,637.5141,339.28363,1004.0506,1006.2993,1.578,-0.313,5.596,-0.013232,0.993392,0.092487,0.066658,img_209.jpg
34556,1280,720,637.5141,339.28363,1004.0506,1006.2993,1.565,-0.315,5.586,-0.019459,0.992970,0.099321,0.061371,img_210.jpg
34631,1280,720,637.5141,339.28363,1004.0506,1006.2993,1.546,-0.321,5.562,-0.029849,0.991058,0.118741,0.053053,img_211.jpg
34706,1280,720,637.5141,339.28363,1004.0506,1006.2993,1.527,-0.333,5.543,-0.049613,0.986348,0.148196,0.051914,img_212.jpg
34791,1280,720,637.5141,339.28363,1004.0506,1006.2993,1.506,-0.348,5.520,-0.055896,0.982113,0.170097,0.058288,img_213.jpg
34865,1280,720,637.5141,339.28363,1004.0506,1006.2993,1.464,-0.370,5.488,-0.055050,0.977379,0.184920,0.086624,img_214.jpg
34956,1280,720,637.5141,339.28363,1004.0506,1006.2993,1.425,-0.381,5.471,-0.063834,0.971175,0.198487,0.115535,img_215.jpg
35031,1280,720,637.5141,339.28363,1004.0506,1006.2993,1.360,-0.393,5.447,-0.067250,0.963118,0.206362,0.159048,img_216.jpg
35121,1280,720,637.5141,339.28363,1004.0506,1006.2993,1.313,-0.398,5.433,-0.066745,0.958467,0.206587,0.184952,img_217.jpg
35203,1280,720,637.5141,339.28363,1004.0506,1006.2993,1.241,-0.402,5.416,-0.066960,0.952664,0.204934,0.214357,img_218.jpg
35290,1280,720,637.5141,339.28363,1004.0506,1006.2993,1.194,-0.404,5.404,-0.057821,0.950746,0.200733,0.229010,img_219.jpg
35366,1280,720,637.5141,339.28363,1004.0506,1006.2993,1.122,-0.401,5.395,-0.043579,0.948588,0.195812,0.244824,img_220.jpg
35474,1280,720,637.5141,339.28363,1004.0506,1006.2993,1.048,-0.400,5.388,-0.045297,0.944123,0.205238,0.253884,img_221.jpg
35572,1280,720,637.5141,339.28363,1004.0506,1006.2993,0.980,-0.396,5.389,-0.052479,0.941546,0.203509,0.263291,img_222.jpg
35655,1280,720,637.5141,339.28363,1004.0506,1006.2993,0.931,-0.396,5.388,-0.065798,0.939532,0.202181,0.268464,img_223.jpg
35738,1280,720,637.5141,339.28363,1004.0506,1006.2993,0.858,-0.398,5.389,-0.072200,0.937017,0.198989,0.277829,img_224.jpg
35820,1280,720,637.5141,339.28363,1004.0506,1006.2993,0.805,-0.398,5.388,-0.077748,0.936837,0.194259,0.280277,img_225.jpg
35894,1280,720,637.5141,339.28363,1004.0506,1006.2993,0.755,-0.404,5.391,-0.073220,0.937927,0.189828,0.280888,img_226.jpg
35971,1280,720,637.5141,339.28363,1004.0506,1006.2993,0.673,-0.407,5.389,-0.062149,0.939758,0.184090,0.281253,img_227.jpg
36056,1280,720,637.5141,339.28363,1004.0506,1006.2993,0.618,-0.402,5.384,-0.066935,0.941083,0.182128,0.276969,img_228.jpg
36132,1280,720,637.5141,339.28363,1004.0506,1006.2993,0.560,-0.401,5.382,-0.064631,0.940188,0.185476,0.278332,img_229.jpg
36222,1280,720,637.5141,339.28363,1004.0506,1006.2993,0.477,-0.395,5.378,-0.066803,0.939188,0.193304,0.275856,img_230.jpg
36298,1280,720,637.5141,339.28363,1004.0506,1006.2993,0.422,-0.392,5.375,-0.065406,0.938512,0.194637,0.277548,img_231.jpg
36389,1280,720,637.5141,339.28363,1004.0506,1006.2993,0.338,-0.395,5.378,-0.080946,0.933846,0.205081,0.281641,img_232.jpg
36472,1280,720,637.5141,339.28363,1004.0506,1006.2993,0.258,-0.404,5.386,-0.086096,0.930404,0.212745,0.285790,img_233.jpg
36555,1280,720,637.5141,339.28363,1004.0506,1006.2993,0.198,-0.413,5.392,-0.088293,0.927973,0.216855,0.289904,img_234.jpg
36625,1280,720,637.5141,339.28363,1004.0506,1006.2993,0.140,-0.423,5.401,-0.089904,0.923347,0.223509,0.298983,img_235.jpg
36711,1280,720,637.5141,339.28363,1004.0506,1006.2993,0.051,-0.436,5.412,-0.087224,0.918663,0.227373,0.311049,img_236.jpg
36788,1280,720,637.5141,339.28363,1004.0506,1006.2993,-0.007,-0.441,5.422,-0.089105,0.912552,0.234921,0.322677,img_237.jpg
36861,1280,720,637.5141,339.28363,1004.0506,1006.2993,-0.066,-0.444,5.430,-0.107269,0.901818,0.250548,0.335326,img_238.jpg
36944,1280,720,637.5141,339.28363,1004.0506,1006.2993,-0.152,-0.445,5.434,-0.116923,0.891604,0.249047,0.359650,img_239.jpg
37019,1280,720,637.5141,339.28363,1004.0506,1006.2993,-0.210,-0.452,5.436,-0.131363,0.881289,0.257153,0.374093,img_240.jpg
37107,1280,720,637.5141,339.28363,1004.0506,1006.2993,-0.294,-0.463,5.434,-0.147481,0.868312,0.268193,0.390328,img_241.jpg
37188,1280,720,637.5141,339.28363,1004.0506,1006.2993,-0.355,-0.473,5.435,-0.152849,0.863946,0.269023,0.397317,img_242.jpg
37257,1280,720,637.5141,339.28363,1004.0506,1006.2993,-0.413,-0.482,5.431,-0.153092,0.861019,0.269551,0.403176,img_243.jpg
37335,1280,720,637.5141,339.28363,1004.0506,1006.2993,-0.504,-0.489,5.422,-0.157724,0.858901,0.269490,0.405941,img_244.jpg
37422,1280,720,637.5141,339.28363,1004.0506,1006.2993,-0.561,-0.487,5.418,-0.159861,0.861472,0.269444,0.399638,img_245.jpg
37507,1280,720,637.5141,339.28363,1004.0506,1006.2993,-0.611,-0.483,5.417,-0.159917,0.861859,0.278216,0.392710,img_246.jpg
37585,1280,720,637.5141,339.28363,1004.0506,1006.2993,-0.684,-0.478,5.410,-0.148520,0.864638,0.282267,0.388160,img_247.jpg
37674,1280,720,637.5141,339.28363,1004.0506,1006.2993,-0.764,-0.485,5.411,-0.157361,0.859825,0.293868,0.386757,img_248.jpg
37755,1280,720,637.5141,339.28363,1004.0506,1006.2993,-0.813,-0.489,5.413,-0.155998,0.858861,0.297085,0.386991,img_249.jpg
37824,1280,720,637.5141,339.28363,1004.0506,1006.2993,-0.865,-0.493,5.415,-0.154817,0.857960,0.299276,0.387776,img_250.jpg
37900,1280,720,637.5141,339.28363,1004.0506,1006.2993,-0.946,-0.503,5.422,-0.153001,0.856849,0.299838,0.390509,img_251.jpg
37987,1280,720,637.5141,339.28363,1004.0506,1006.2993,-1.001,-0.510,5.430,-0.147204,0.856243,0.301564,0.392731,img_252.jpg
38054,1280,720,637.5141,339.28363,1004.0506,1006.2993,-1.052,-0.514,5.437,-0.141322,0.858047,0.303258,0.389637,img_253.jpg
38128,1280,720,637.5141,339.28363,1004.0506,1006.2993,-1.103,-0.515,5.446,-0.129081,0.858466,0.307208,0.389869,img_254.jpg
38192,1280,720,637.5141,339.28363,1004.0506,1006.2993,-1.154,-0.514,5.455,-0.144840,0.856035,0.317754,0.381127,img_255.jpg
38259,1280,720,637.5141,339.28363,1004.0506,1006.2993,-1.204,-0.508,5.462,-0.140808,0.858865,0.312797,0.380371,img_256.jpg
38329,1280,720,637.5141,339.28363,1004.0506,1006.2993,-1.281,-0.505,5.470,-0.139720,0.861852,0.304689,0.380597,img_257.jpg
38407,1280,720,637.5141,339.28363,1004.0506,1006.2993,-1.329,-0.505,5.475,-0.136341,0.863306,0.299738,0.382455,img_258.jpg
38490,1280,720,637.5141,339.28363,1004.0506,1006.2993,-1.383,-0.508,5.480,-0.137890,0.865957,0.294225,0.380179,img_259.jpg
38562,1280,720,637.5141,339.28363,1004.0506,1006.2993,-1.461,-0.511,5.482,-0.125405,0.871878,0.284303,0.378515,img_260.jpg
38637,1280,720,637.5141,339.28363,1004.0506,1006.2993,-1.523,-0.517,5.490,-0.114505,0.875998,0.276354,0.378344,img_261.jpg
38719,1280,720,637.5141,339.28363,1004.0506,1006.2993,-1.582,-0.516,5.491,-0.119084,0.883159,0.270414,0.364316,img_262.jpg
38782,1280,720,637.5141,339.28363,1004.0506,1006.2993,-1.638,-0.511,5.496,-0.106500,0.890050,0.266932,0.353859,img_263.jpg
38854,1280,720,637.5141,339.28363,1004.0506,1006.2993,-1.692,-0.500,5.500,-0.098016,0.895822,0.263050,0.344528,img_264.jpg
38924,1280,720,637.5141,339.28363,1004.0506,1006.2993,-1.740,-0.483,5.500,-0.084823,0.904979,0.246674,0.336111,img_265.jpg
38990,1280,720,637.5141,339.28363,1004.0506,1006.2993,-1.790,-0.469,5.506,-0.073861,0.912931,0.234124,0.326019,img_266.jpg
39059,1280,720,637.5141,339.28363,1004.0506,1006.2993,-1.855,-0.446,5.519,-0.064167,0.926545,0.210112,0.305368,img_267.jpg
39137,1280,720,637.5141,339.28363,1004.0506,1006.2993,-1.900,-0.434,5.531,-0.054083,0.935427,0.192100,0.291805,img_268.jpg
39218,1280,720,637.5141,339.28363,1004.0506,1006.2993,-1.943,-0.424,5.543,-0.045548,0.943910,0.173125,0.277467,img_269.jpg
39286,1280,720,637.5141,339.28363,1004.0506,1006.2993,-1.982,-0.414,5.556,-0.036551,0.950226,0.156435,0.266951,img_270.jpg
39373,1280,720,637.5141,339.28363,1004.0506,1006.2993,-2.040,-0.399,5.576,-0.022824,0.957784,0.140016,0.250049,img_271.jpg
39454,1280,720,637.5141,339.28363,1004.0506,1006.2993,-2.076,-0.394,5.590,-0.028221,0.961538,0.145253,0.231407,img_272.jpg
39516,1280,720,637.5141,339.28363,1004.0506,1006.2993,-2.109,-0.391,5.605,-0.037843,0.964890,0.156128,0.207798,img_273.jpg
39586,1280,720,637.5141,339.28363,1004.0506,1006.2993,-2.135,-0.389,5.614,-0.027812,0.967721,0.151481,0.199488,img_274.jpg
39654,1280,720,637.5141,339.28363,1004.0506,1006.2993,-2.162,-0.385,5.619,-0.039211,0.970616,0.152036,0.182351,img_275.jpg
39721,1280,720,637.5141,339.28363,1004.0506,1006.2993,-2.184,-0.387,5.625,-0.035369,0.972936,0.148571,0.173411,img_276.jpg
39787,1280,720,637.5141,339.28363,1004.0506,1006.2993,-2.205,-0.389,5.625,-0.021626,0.974172,0.143763,0.172782,img_277.jpg,marker_7.png,0.26780644,0.26780644,-2.416,-0.547,6.251,-0.007203,0.731991,-0.681274,-0.681274
39860,1280,720,637.5141,339.28363,1004.0506,1006.2993,-2.232,-0.387,5.625,-0.024430,0.978687,0.142071,0.146259,img_278.jpg
39936,1280,720,637.5141,339.28363,1004.0506,1006.2993,-2.248,-0.379,5.622,-0.026086,0.982319,0.134814,0.127256,img_279.jpg
40003,1280,720,637.5141,339.28363,1004.0506,1006.2993,-2.261,-0.371,5.616,-0.022264,0.985751,0.123577,0.111931,img_280.jpg
40089,1280,720,637.5141,339.28363,1004.0506,1006.2993,-2.276,-0.366,5.608,-0.014478,0.988302,0.112175,0.102304,img_281.jpg
40155,1280,720,637.5141,339.28363,1004.0506,1006.2993,-2.289,-0.362,5.601,-0.010255,0.989541,0.108169,0.094882,img_282.jpg
40220,1280,720,637.5141,339.28363,1004.0506,1006.2993,-2.303,-0.359,5.594,-0.009496,0.990511,0.106214,0.086699,img_283.jpg,marker_7.png,0.26341155,0.26341155,-2.413,-0.544,6.247,-0.007368,0.734155,-0.678925,-0.678925
40291,1280,720,637.5141,339.28363,1004.0506,1006.2993,-2.320,-0.359,5.581,-0.008585,0.991186,0.106223,0.078701,img_284.jpg
40370,1280,720,637.5141,339.28363,1004.0506,1006.2993,-2.332,-0.359,5.572,-0.012705,0.991210,0.107944,0.075424,img_285.jpg
40436,1280,720,637.5141,339.28363,1004.0506,1006.2993,-2.349,-0.364,5.562,-0.018273,0.989940,0.115184,0.080116,img_286.jpg
40520,1280,720,637.5141,339.28363,1004.0506,1006.2993,-2.372,-0.374,5.555,-0.031138,0.985284,0.137556,0.096563,img_287.jpg
40601,1280,720,637.5141,339.28363,1004.0506,1006.2993,-2.413,-0.396,5.542,-0.047862,0.977312,0.164618,0.124382,img_288.jpg
40672,1280,720,637.5141,339.28363,1004.0506,1006.2993,-2.441,-0.411,5.533,-0.055044,0.970676,0.179296,0.150374,img_289.jpg
40753,1280,720,637.5141,339.28363,1004.0506,1006.2993,-2.471,-0.426,5.525,-0.062564,0.963213,0.191871,0.177461,img_290.jpg
40821,1280,720,637.5141,339.28363,1004.0506,1006.2993,-2.503,-0.440,5.518,-0.069466,0.954384,0.205926,0.204745,img_291.jpg
40905,1280,720,637.5141,339.28363,1004.0506,1006.2993,-2.555,-0.461,5.512,-0.083244,0.939190,0.223733,0.246852,img_292.jpg
40990,1280,720,637.5141,339.28363,1004.0506,1006.2993,-2.590,-0.474,5.507,-0.093424,0.928462,0.232942,0.273805,img_293.jpg
41068,1280,720,637.5141,339.28363,1004.0506,1006.2993,-2.644,-0.490,5.506,-0.099086,0.912073,0.244589,0.313816,img_294.jpg
41151,1280,720,637.5141,339.28363,1004.0506,1006.2993,-2.683,-0.497,5.507,-0.103450,0.901345,0.246260,0.340927,img_295.jpg
41232,1280,720,637.5141,339.28363,1004.0506,1006.2993,-2.741,-0.496,5.516,-0.106796,0.882693,0.243406,0.387558,img_296.jpg
41319,1280,720,637.5141,339.28363,1004.0506,1006.2993,-2.787,-0.493,5.516,-0.111563,0.866334,0.243127,0.421792,img_297.jpg
41383,1280,720,637.5141,339.28363,1004.0506,1006.2993,-2.827,-0.484,5.520,0.109434,-0.853391,-0.237505,-0.450932,img_298.jpg
41454,1280,720,637.5141,339.28363,1004.0506,1006.2993,-2.866,-0.471,5.519,0.102165,-0.842936,-0.222351,-0.479146,img_299.jpg
41524,1280,720,637.5141,339.28363,1004.0506,1006.2993,-2.898,-0.459,5.516,0.097984,-0.832396,-0.204672,-0.505594,img_300.jpg
41592,1280,720,637.5141,339.28363,1004.0506,1006.2993,-2.947,-0.440,5.501,0.092901,-0.812764,-0.181763,-0.545661,img_301.jpg
41669,1280,720,637.5141,339.28363,1004.0506,1006.2993,-2.977,-0.427,5.485,0.090113,-0.799419,-0.167781,-0.569788,img_302.jpg
41753,1280,720,637.5141,339.28363,1004.0506,1006.2993,-3.004,-0.414,5.462,0.084263,-0.785010,-0.153078,-0.594329,img_303.jpg
41827,1280,720,637.5141,339.28363,1004.0506,1006.2993,-3.033,-0.406,5.442,0.083775,-0.769987,-0.142569,-0.616260,img_304.jpg
41897,1280,720,637.5141,339.28363,1004.0506,1006.2993,-3.077,-0.396,5.402,0.082088,-0.749046,-0.131174,-0.644193,img_305.jpg
41971,1280,720,637.5141,339.28363,1004.0506,1006.2993,-3.105,-0.390,5.373,0.079442,-0.738334,-0.123246,-0.658302,img_306.jpg
42054,1280,720,637.5141,339.28363,1004.0506,1006.2993,-3.134,-0.387,5.345,0.077838,-0.729750,-0.118951,-0.668773,img_307.jpg
42116,1280,720,637.5141,339.28363,1004.0506,1006.2993,-3.162,-0.382,5.316,0.075211,-0.725594,-0.112933,-0.674613,img_308.jpg
42187,1280,720,637.5141,339.28363,1004.0506,1006.2993,-3.188,-0.375,5.287,0.070358,-0.724086,-0.105396,-0.677968,img_309.jpg
42252,1280,720,637.5141,339.28363,1004.0506,1006.2993,-3.216,-0.367,5.258,0.072818,-0.724444,-0.099205,-0.678260,img_310.jpg
42325,1280,720,637.5141,339.28363,1004.0506,1006.2993,-3.254,-0.354,5.219,0.066924,-0.723672,-0.089537,-0.681031,img_311.jpg
42401,1280,720,637.5141,339.28363,1004.0506,1006.2993,-3.278,-0.347,5.197,0.055115,-0.718254,-0.086030,-0.688239,img_312.jpg
42487,1280,720,637.5141,339.28363,1004.0506,1006.2993,-3.302,-0.343,5.178,0.045710,-0.713317,-0.082446,-0.694473,img_313.jpg
42556,1280,720,637.5141,339.28363,1004.0506,1006.2993,-3.325,-0.343,5.165,0.050964,-0.708439,-0.085558,-0.698710,img_314.jpg
42652,1280,720,637.5141,339.28363,1004.0506,1006.2993,-3.358,-0.345,5.150,0.055228,-0.705860,-0.087089,-0.700804,img_315.jpg
42725,1280,720,637.5141,339.28363,1004.0506,1006.2993,-3.376,-0.347,5.146,0.053252,-0.703641,-0.088507,-0.703007,img_316.jpg
42799,1280,720,637.5141,339.28363,1004.0506,1006.2993,-3.407,-0.348,5.138,0.053925,-0.701143,-0.087210,-0.705610,img_317.jpg
42886,1280,720,637.5141,339.28363,1004.0506,1006.2993,-3.426,-0.350,5.137,0.053220,-0.700327,-0.084748,-0.706773,img_318.jpg
42960,1280,720,637.5141,339.28363,1004.0506,1006.2993,-3.454,-0.353,5.135,0.054837,-0.697942,-0.085327,-0.708935,img_319.jpg
43053,1280,720,637.5141,339.28363,1004.0506,1006.2993,-3.471,-0.355,5.135,0.052552,-0.696264,-0.084062,-0.710906,img_320.jpg
43124,1280,720,637.5141,339.28363,1004.0506,1006.2993,-3.487,-0.355,5.135,0.052923,-0.696541,-0.083690,-0.710651,img_321.jpg
43206,1280,720,637.5141,339.28363,1004.0506,1006.2993,-3.507,-0.356,5.134,0.060365,-0.696444,-0.085680,-0.709916,img_322.jpg
43287,1280,720,637.5141,339.28363,1004.0506,1006.2993,-3.513,-0.358,5.136,0.056699,-0.696758,-0.088089,-0.709616,img_323.jpg
43360,1280,720,637.5141,339.28363,1004.0506,1006.2993,-3.516,-0.360,5.137,0.055935,-0.698750,-0.089035,-0.707596,img_324.jpg
43453,1280,720,637.5141,339.28363,1004.0506,1006.2993,-3.516,-0.360,5.138,0.057361,-0.702021,-0.089213,-0.704214,img_325.jpg,marker_8.jpg,0.27419874,0.27419874,-4.085,-0.493,5.189,-0.523747,-0.509759,0.475775,0.475775
43528,1280,720,637.5141,339.28363,1004.0506,1006.2993,-3.515,-0.359,5.141,0.054663,-0.708481,-0.089766,-0.697860,img_326.jpg
43617,1280,720,637.5141,339.28363,1004.0506,1006.2993,-3.513,-0.359,5.144,0.055371,-0.713548,-0.090215,-0.692564,img_327.jpg
43690,1280,720,637.5141,339.28363,1004.0506,1006.2993,-3.510,-0.358,5.148,0.054707,-0.717773,-0.090993,-0.688135,img_328.jpg
43770,1280,720,637.5141,339.28363,1004.0506,1006.2993,-3.507,-0.358,5.151,0.053567,-0.720884,-0.089942,-0.685103,img_329.jpg
43869,1280,720,637.5141,339.28363,1004.0506,1006.2993,-3.506,-0.357,5.154,0.054068,-0.723572,-0.089207,-0.682321,img_330.jpg
43952,1280,720,637.5141,339.28363,1004.0506,1006.2993,-3.505,-0.357,5.153,0.056843,-0.723750,-0.088971,-0.681937,img_331.jpg,marker_8.jpg,0.27579466,0.27579466,-4.089,-0.498,5.193,-0.508911,-0.524229,0.474391,0.474391
44035,1280,720,637.5141,339.28363,1004.0506,1006.2993,-3.502,-0.360,5.143,0.062275,-0.719210,-0.090349,-0.686073,img_332.jpg
44119,1280,720,637.5141,339.28363,1004.0506,1006.2993,-3.501,-0.363,5.128,0.070945,-0.714198,-0.092106,-0.690221,img_333.jpg
44192,1280,720,637.5141,339.28363,1004.0506,1006.2993,-3.494,-0.367,5.093,0.074634,-0.702828,-0.089859,-0.701704,img_334.jpg
44287,1280,720,637.5141,339.28363,1004.0506,1006.2993,-3.489,-0.368,5.062,0.080069,-0.694807,-0.087430,-0.709358,img_335.jpg
44363,1280,720,637.5141,339.28363,1004.0506,1006.2993,-3.473,-0.366,5.006,0.081895,-0.682642,-0.079014,-0.721838,img_336.jpg
44452,1280,720,637.5141,339.28363,1004.0506,1006.2993,-3.460,-0.361,4.962,0.086172,-0.679806,-0.071262,-0.724817,img_337.jpg
44532,1280,720,637.5141,339.28363,1004.0506,1006.2993,-3.432,-0.358,4.890,0.079592,-0.671480,-0.064408,-0.733915,img_338.jpg
44616,1280,720,637.5141,339.28363,1004.0506,1006.2993,-3.410,-0.356,4.838,0.074940,-0.666621,-0.065435,-0.738728,img_339.jpg
44697,1280,720,637.5141,339.28363,1004.0506,1006.2993,-3.374,-0.350,4.750,0.077616,-0.661609,-0.061431,-0.743287,img_340.jpg
44787,1280,720,637.5141,339.28363,1004.0506,1006.2993,-3.353,-0.344,4.690,0.091234,-0.657799,-0.066343,-0.744698,img_341.jpg
44862,1280,720,637.5141,339.28363,1004.0506,1006.2993,-3.320,-0.334,4.606,0.092579,-0.655826,-0.070374,-0.745901,img_342.jpg
44952,1280,720,637.5141,339.28363,1004.0506,1006.2993,-3.301,-0.330,4.552,0.091266,-0.649632,-0.071923,-0.751316,img_343.jpg
45035,1280,720,637.5141,339.28363,1004.0506,1006.2993,-3.274,-0.325,4.475,0.089272,-0.629762,-0.072119,-0.768264,img_344.jpg
45135,1280,720,637.5141,339.28363,1004.0506,1006.2993,-3.255,-0.321,4.397,0.087247,-0.607412,-0.072466,-0.786249,img_345.jpg
45215,1280,720,637.5141,339.28363,1004.0506,1006.2993,-3.248,-0.319,4.347,0.088064,-0.595272,-0.072257,-0.795409,img_346.jpg
45304,1280,720,637.5141,339.28363,1004.0506,1006.2993,-3.246,-0.316,4.279,0.084464,-0.584317,-0.072515,-0.803854,img_347.jpg
45386,1280,720,637.5141,339.28363,1004.0506,1006.2993,-3.247,-0.316,4.233,0.074441,-0.581286,-0.076585,-0.806660,img_348.jpg
45455,1280,720,637.5141,339.28363,1004.0506,1006.2993,-3.253,-0.311,4.166,0.060751,-0.579675,-0.078237,-0.808805,img_349.jpg
45534,1280,720,637.5141,339.28363,1004.0506,1006.2993,-3.262,-0.302,4.120,0.073979,-0.580367,-0.074482,-0.807560,img_350.jpg
45616,1280,720,637.5141,339.28363,1004.0506,1006.2993,-3.268,-0.287,4.080,0.077937,-0.583021,-0.068444,-0.805809,img_351.jpg
45691,1280,720,637.5141,339.28363,1004.0506,1006.2993,-3.273,-0.273,4.044,0.067398,-0.574831,-0.068822,-0.812583,img_352.jpg
45765,1280,720,637.5141,339.28363,1004.0506,1006.2993,-3.282,-0.264,3.992,0.057740,-0.581911,-0.066259,-0.808490,img_353.jpg
45851,1280,720,637.5141,339.28363,1004.0506,1006.2993,-3.291,-0.266,3.961,0.061636,-0.592405,-0.069089,-0.800303,img_354.jpg
45925,1280,720,637.5141,339.28363,1004.0506,1006.2993,-3.303,-0.273,3.916,0.054496,-0.605884,-0.072401,-0.790375,img_355.jpg
46002,1280,720,637.5141,339.28363,1004.0506,1006.2993,-3.310,-0.278,3.885,0.050185,-0.614348,-0.075668,-0.783793,img_356.jpg
46086,1280,720,637.5141,339.28363,1004.0506,1006.2993,-3.315,-0.282,3.855,0.047799,-0.622013,-0.076428,-0.777801,img_357.jpg
46156,1280,720,637.5141,339.28363,1004.0506,1006.2993,-3.318,-0.279,3.812,0.051865,-0.635963,-0.072669,-0.766538,img_358.jpg
46234,1280,720,637.5141,339.28363,1004.0506,1006.2993,-3.320,-0.275,3.788,0.063118,-0.647801,-0.070822,-0.755879,img_359.jpg
46316,1280,720,637.5141,339.28363,1004.0506,1006.2993,-3.318,-0.270,3.769,0.056544,-0.653373,-0.070399,-0.751631,img_360.jpg,marker_9.jpg,0.2677925,0.2677925,-4.040,-0.394,3.677,-0.514652,-0.519186,0.481163,0.481163
46395,1280,720,637.5141,339.28363,1004.0506,1006.2993,-3.317,-0.266,3.757,0.054990,-0.660885,-0.070078,-0.745182,img_361.jpg
46475,1280,720,637.5141,339.28363,1004.0506,1006.2993,-3.316,-0.263,3.738,0.051895,-0.666424,-0.069337,-0.740526,img_362.jpg
46568,1280,720,637.5141,339.28363,1004.0506,1006.2993,-3.317,-0.262,3.723,0.048001,-0.667231,-0.069298,-0.740066,img_363.jpg
46650,1280,720,637.5141,339.28363,1004.0506,1006.2993,-3.320,-0.261,3.713,0.051519,-0.668340,-0.068723,-0.738881,img_364.jpg
46729,1280,720,637.5141,339.28363,1004.0506,1006.2993,-3.321,-0.261,3.703,0.050197,-0.670917,-0.069608,-0.736549,img_365.jpg
46817,1280,720,637.5141,339.28363,1004.0506,1006.2993,-3.320,-0.261,3.696,0.050774,-0.673053,-0.068044,-0.734705,img_366.jpg,marker_9.jpg,0.26878908,0.26878908,-4.047,-0.394,3.682,-0.514195,-0.521004,0.477806,0.477806
46900,1280,720,637.5141,339.28363,1004.0506,1006.2993,-3.319,-0.261,3.684,0.056288,-0.677166,-0.066831,-0.730624,img_367.jpg
47001,1280,720,637.5141,339.28363,1004.0506,1006.2993,-3.311,-0.261,3.661,0.061545,-0.678004,-0.066005,-0.729497,img_368.jpg
47086,1280,720,637.5141,339.28363,1004.0506,1006.2993,-3.305,-0.263,3.636,0.072881,-0.672198,-0.066183,-0.733797,img_369.jpg
47168,1280,720,637.5141,339.28363,1004.0506,1006.2993,-3.294,-0.265,3.591,0.071779,-0.656265,-0.071806,-0.747668,img_370.jpg
47251,1280,720,637.5141,339.28363,1004.0506,1006.2993,-3.288,-0.267,3.552,0.077720,-0.642930,-0.073535,-0.758415,img_371.jpg
47330,1280,720,637.5141,339.28363,1004.0506,1006.2993,-3.285,-0.269,3.491,0.088179,-0.621370,-0.070589,-0.775333,img_372.jpg
47417,1280,720,637.5141,339.28363,1004.0506,1006.2993,-3.283,-0.271,3.445,0.092130,-0.606152,-0.068355,-0.787032,img_373.jpg
47485,1280,720,637.5141,339.28363,1004.0506,1006.2993,-3.284,-0.274,3.396,0.105503,-0.594977,-0.061492,-0.794412,img_374.jpg
47559,1280,720,637.5141,339.28363,1004.0506,1006.2993,-3.288,-0.278,3.324,0.104140,-0.575601,-0.060779,-0.808792,img_375.jpg
47650,1280,720,637.5141,339.28363,1004.0506,1006.2993,-3.293,-0.280,3.275,0.096398,-0.563408,-0.064655,-0.817985,img_376.jpg
47723,1280,720,637.5141,339.28363,1004.0506,1006.2993,-3.303,-0.278,3.201,0.092607,-0.550251,-0.066207,-0.827203,img_377.jpg
47817,1280,720,637.5141,339.28363,1004.0506,1006.2993,-3.310,-0.273,3.148,0.099205,-0.541493,-0.067726,-0.832080,img_378.jpg
47887,1280,720,637.5141,339.28363,1004.0506,1006.2993,-3.316,-0.258,3.075,0.084441,-0.524072,-0.066397,-0.844873,img_379.jpg
47968,1280,720,637.5141,339.28363,1004.0506,1006.2993,-3.319,-0.250,3.021,0.088641,-0.514394,-0.058102,-0.850979,img_380.jpg
48050,1280,720,637.5141,339.28363,1004.0506,1006.2993,-3.323,-0.245,2.970,0.083607,-0.503990,-0.056288,-0.857809,img_381.jpg
48121,1280,720,637.5141,339.28363,1004.0506,1006.2993,-3.327,-0.240,2.894,0.078864,-0.498721,-0.050180,-0.861708,img_382.jpg
48220,1280,720,637.5141,339.28363,1004.0506,1006.2993,-3.330,-0.239,2.844,0.076023,-0.498727,-0.048395,-0.862062,img_383.jpg
48293,1280,720,637.5141,339.28363,1004.0506,1006.2993,-3.329,-0.240,2.766,0.068398,-0.501614,-0.047308,-0.861085,img_384.jpg
48385,1280,720,637.5141,339.28363,1004.0506,1006.2993,-3.318,-0.235,2.718,0.061646,-0.505193,-0.045816,-0.859582,img_385.jpg
48458,1280,720,637.5141,339.28363,1004.0506,1006.2993,-3.307,-0.226,2.635,0.058590,-0.516644,-0.045388,-0.852986,img_386.jpg
48533,1280,720,637.5141,339.28363,1004.0506,1006.2993,-3.300,-0.216,2.584,0.059654,-0.524244,-0.050290,-0.847986,img_387.jpg
48615,1280,720,637.5141,339.28363,1004.0506,1006.2993,-3.294,-0.207,2.539,0.054520,-0.533540,-0.059235,-0.841935,img_388.jpg
48693,1280,720,637.5141,339.28363,1004.0506,1006.2993,-3.289,-0.198,2.471,0.050657,-0.544574,-0.063381,-0.834779,img_389.jpg
48785,1280,720,637.5141,339.28363,1004.0506,1006.2993,-3.284,-0.190,2.411,0.060677,-0.553625,-0.061241,-0.828292,img_390.jpg,marker_10.jpg,0.28219226,0.28219226,-4.019,-0.283,1.916,-0.481569,-0.540959,0.507476,0.507476
48867,1280,720,637.5141,339.28363,1004.0506,1006.2993,-3.283,-0.190,2.377,0.061692,-0.556977,-0.065778,-0.825617,img_391.jpg
48949,1280,720,637.5141,339.28363,1004.0506,1006.2993,-3.280,-0.190,2.346,0.058225,-0.560557,-0.068227,-0.823244,img_392.jpg
49016,1280,720,637.5141,339.28363,1004.0506,1006.2993,-3.282,-0.191,2.295,0.056148,-0.569697,-0.064359,-0.817405,img_393.jpg
49099,1280,720,637.5141,339.28363,1004.0506,1006.2993,-3.287,-0.192,2.264,0.056131,-0.575499,-0.065012,-0.813280,img_394.jpg
49169,1280,720,637.5141,339.28363,1004.0506,1006.2993,-3.293,-0.193,2.237,0.047896,-0.580919,-0.069931,-0.809536,img_395.jpg
49250,1280,720,637.5141,339.28363,1004.0506,1006.2993,-3.304,-0.193,2.194,0.045907,-0.584528,-0.077288,-0.806379,img_396.jpg,marker_10.jpg,0.2685036,0.2685036,-4.003,-0.281,1.923,-0.505188,-0.519934,0.486455,0.486455
49333,1280,720,637.5141,339.28363,1004.0506,1006.2993,-3.311,-0.189,2.165,0.053010,-0.587040,-0.075290,-0.804305,img_397.jpg
49414,1280,720,637.5141,339.28363,1004.0506,1006.2993,-3.314,-0.185,2.141,0.043958,-0.589384,-0.076201,-0.803049,img_398.jpg
49481,1280,720,637.5141,339.28363,1004.0506,1006.2993,-3.319,-0.182,2.117,0.055840,-0.596625,-0.069978,-0.797511,img_399.jpg
49568,1280,720,637.5141,339.28363,1004.0506,1006.2993,-3.325,-0.179,2.085,0.057011,-0.602349,-0.065203,-0.793520,img_400.jpg
49649,1280,720,637.5141,339.28363,1004.0506,1006.2993,-3.328,-0.180,2.055,0.065782,-0.599847,-0.058041,-0.795291,img_401.jpg
49714,1280,720,637.5141,339.28363,1004.0506,1006.2993,-3.332,-0.185,2.017,0.086719,-0.591857,-0.053291,-0.799591,img_402.jpg
49789,1280,720,637.5141,339.28363,1004.0506,1006.2993,-3.334,-0.194,1.954,0.090307,-0.563408,-0.058805,-0.819121,img_403.jpg
49868,1280,720,637.5141,339.28363,1004.0506,1006.2993,-3.331,-0.197,1.906,0.089180,-0.543380,-0.061366,-0.832478,img_404.jpg
49949,1280,720,637.5141,339.28363,1004.0506,1006.2993,-3.323,-0.196,1.855,0.085803,-0.522084,-0.061313,-0.846349,img_405.jpg
50024,1280,720,637.5141,339.28363,1004.0506,1006.2993,-3.307,-0.193,1.773,0.078990,-0.485572,-0.060215,-0.868536,img_406.jpg
50098,1280,720,637.5141,339.28363,1004.0506,1006.2993,-3.295,-0.190,1.713,0.081300,-0.455223,-0.057825,-0.884770,img_407.jpg
50184,1280,720,637.5141,339.28363,1004.0506,1006.2993,-3.279,-0.185,1.656,0.084857,-0.423013,-0.052992,-0.900584,img_408.jpg
50251,1280,720,637.5141,339.28363,1004.0506,1006.2993,-3.257,-0.173,1.576,0.092562,-0.378691,-0.051040,-0.919467,img_409.jpg
50332,1280,720,637.5141,339.28363,1004.0506,1006.2993,-3.240,-0.165,1.531,0.083106,-0.348626,-0.051735,-0.932136,img_410.jpg
50416,1280,720,637.5141,339.28363,1004.0506,1006.2993,-3.220,-0.155,1.490,0.080576,-0.318365,-0.044551,-0.943486,img_411.jpg
50482,1280,720,637.5141,339.28363,1004.0506,1006.2993,-3.202,-0.148,1.449,0.083512,-0.282210,-0.034161,-0.955100,img_412.jpg
50553,1280,720,637.5141,339.28363,1004.0506,1006.2993,-3.177,-0.139,1.397,0.080062,-0.233079,-0.026517,-0.968794,img_413.jpg
50634,1280,720,637.5141,339.28363,1004.0506,1006.2993,-3.164,-0.134,1.364,0.077884,-0.203902,-0.025974,-0.975543,img_414.jpg
50715,1280,720,637.5141,339.28363,1004.0506,1006.2993,-3.144,-0.133,1.313,0.069093,-0.157361,-0.024328,-0.984821,img_415.jpg
50796,1280,720,637.5141,339.28363,1004.0506,1006.2993,-3.130,-0.129,1.285,0.064851,-0.128879,-0.019882,-0.989338,img_416.jpg
50868,1280,720,637.5141,339.28363,1004.0506,1006.2993,-3.117,-0.130,1.250,0.058870,-0.097906,-0.017222,-0.993304,img_417.jpg
50948,1280,720,637.5141,339.28363,1004.0506,1006.2993,-3.106,-0.128,1.223,0.053402,-0.063719,-0.021981,-0.996296,img_418.jpg
51020,1280,720,637.5141,339.28363,1004.0506,1006.2993,-3.085,-0.125,1.188,0.046943,-0.020652,-0.023887,-0.998398,img_419.jpg
51096,1280,720,637.5141,339.28363,1004.0506,1006.2993,-3.068,-0.122,1.168,0.046739,0.004540,-0.019011,-0.998716,img_420.jpg
51184,1280,720,637.5141,339.28363,1004.0506,1006.2993,-3.052,-0.119,1.153,0.046685,0.022780,-0.013220,-0.998562,img_421.jpg
51255,1280,720,637.5141,339.28363,1004.0506,1006.2993,-3.031,-0.115,1.138,0.044774,0.046037,-0.007551,-0.997907,img_422.jpg
51332,1280,720,637.5141,339.28363,1004.0506,1006.2993,-3.018,-0.113,1.138,0.043292,0.058666,-0.005217,-0.997325,img_423.jpg
51415,1280,720,637.5141,339.28363,1004.0506,1006.2993,-2.998,-0.115,1.127,0.048313,0.075307,-0.000122,-0.995989,img_424.jpg
51496,1280,720,637.5141,339.28363,1004.0506,1006.2993,-2.985,-0.116,1.120,0.049188,0.085545,-0.000519,-0.995119,img_425.jpg
51565,1280,720,637.5141,339.28363,1004.0506,1006.2993,-2.971,-0.116,1.116,0.051309,0.091575,0.001636,-0.994474,img_426.jpg
51633,1280,720,637.5141,339.28363,1004.0506,1006.2993,-2.959,-0.116,1.113,0.051536,0.093009,0.004299,-0.994321,img_427.jpg
51717,1280,720,637.5141,339.28363,1004.0506,1006.2993,-2.944,-0.117,1.109,0.053451,0.084991,0.007017,-0.994922,img_428.jpg
51799,1280,720,637.5141,339.28363,1004.0506,1006.2993,-2.934,-0.118,1.109,0.057472,0.074061,0.010440,-0.995542,img_429.jpg
51864,1280,720,637.5141,339.28363,1004.0506,1006.2993,-2.921,-0.120,1.110,0.057860,0.065891,0.012676,-0.996067,img_430.jpg
51948,1280,720,637.5141,339.28363,1004.0506,1006.2993,-2.904,-0.121,1.115,0.058923,0.054360,0.015100,-0.996667,img_431.jpg
52017,1280,720,637.5141,339.28363,1004.0506,1006.2993,-2.874,-0.124,1.126,0.057104,0.036716,0.013625,-0.997600,img_432.jpg
52096,1280,720,637.5141,339.28363,1004.0506,1006.2993,-2.850,-0.124,1.136,0.056024,0.022043,0.014308,-0.998084,img_433.jpg
52182,1280,720,637.5141,339.28363,1004.0506,1006.2993,-2.812,-0.121,1.153,0.054307,-0.005700,0.012654,-0.998428,img_434.jpg
52268,1280,720,637.5141,339.28363,1004.0506,1006.2993,-2.787,-0.118,1.166,0.054333,-0.027713,0.011455,-0.998073,img_435.jpg,marker_11.jpg,0.271359,0.271359,-2.887,-0.238,0.443,-0.718374,0.004248,-0.001963,-0.001963
52348,1280,720,637.5141,339.28363,1004.0506,1006.2993,-2.765,-0.116,1.178,0.054125,-0.050752,0.006445,-0.997223,img_436.jpg
52411,1280,720,637.5141,339.28363,1004.0506,1006.2993,-2.748,-0.117,1.190,0.057527,-0.068019,-0.001431,-0.996023,img_437.jpg
52498,1280,720,637.5141,339.28363,1004.0506,1006.2993,-2.723,-0.118,1.205,0.056965,-0.093176,-0.007888,-0.993987,img_438.jpg
52582,1280,720,637.5141,339.28363,1004.0506,1006.2993,-2.697,-0.118,1.218,0.058057,-0.102280,-0.009199,-0.993018,img_439.jpg
52669,1280,720,637.5141,339.28363,1004.0506,1006.2993,-2.675,-0.119,1.228,0.055408,-0.101086,-0.008057,-0.993301,img_440.jpg
52749,1280,720,637.5141,339.28363,1004.0506,1006.2993,-2.633,-0.125,1.233,0.054157,-0.088670,-0.004404,-0.994578,img_441.jpg
52834,1280,720,637.5141,339.28363,1004.0506,1006.2993,-2.601,-0.131,1.232,0.059262,-0.080497,-0.003907,-0.994984,img_442.jpg
52913,1280,720,637.5141,339.28363,1004.0506,1006.2993,-2.569,-0.138,1.230,0.064361,-0.072987,-0.003851,-0.995247,img_443.jpg,marker_11.jpg,0.26990217,0.26990217,-2.884,-0.234,0.466,-0.728055,0.023542,-0.014834,-0.014834
52986,1280,720,637.5141,339.28363,1004.0506,1006.2993,-2.512,-0.147,1.227,0.065040,-0.057924,-0.003039,-0.996195,img_444.jpg
53069,1280,720,637.5141,339.28363,1004.0506,1006.2993,-2.467,-0.152,1.222,0.068178,-0.038474,-0.004415,-0.996921,img_445.jpg
53148,1280,720,637.5141,339.28363,1004.0506,1006.2993,-2.420,-0.156,1.214,0.069025,-0.018219,-0.008320,-0.997414,img_446.jpg
53229,1280,720,637.5141,339.28363,1004.0506,1006.2993,-2.342,-0.162,1.201,0.081007,0.008819,-0.006129,-0.996656,img_447.jpg
53303,1280,720,637.5141,339.28363,1004.0506,1006.2993,-2.291,-0.163,1.193,0.090110,0.027602,-0.003980,-0.995541,img_448.jpg
53385,1280,720,637.5141,339.28363,1004.0506,1006.2993,-2.215,-0.163,1.189,0.088471,0.061033,-0.002006,-0.994205,img_449.jpg
53467,1280,720,637.5141,339.28363,1004.0506,1006.2993,-2.165,-0.162,1.189,0.091981,0.081142,0.008075,-0.992416,img_450.jpg
53548,1280,720,637.5141,339.28363,1004.0506,1006.2993,-2.118,-0.158,1.197,0.087350,0.103354,0.007906,-0.990770,img_451.jpg
53625,1280,720,637.5141,339.28363,1004.0506,1006.2993,-2.042,-0.151,1.216,0.074809,0.121941,0.018990,-0.989532,img_452.jpg
53715,1280,720,637.5141,339.28363,1004.0506,1006.2993,-1.994,-0.150,1.234,0.070140,0.129043,0.027377,-0.988776,img_453.jpg
53780,1280,720,637.5141,339.28363,1004.0506,1006.2993,-1.949,-0.151,1.260,0.064712,0.132374,0.026752,-0.988723,img_454.jpg
53851,1280,720,637.5141,339.28363,1004.0506,1006.2993,-1.903,-0.153,1.293,0.058380,0.133001,0.023288,-0.989121,img_455.jpg
53922,1280,720,637.5141,339.28363,1004.0506,1006.2993,-1.826,-0.157,1.350,0.067835,0.137603,0.018109,-0.987996,img_456.jpg
53995,1280,720,637.5141,339.28363,1004.0506,1006.2993,-1.773,-0.158,1.390,0.079681,0.144569,0.011815,-0.986211,img_457.jpg
54089,1280,720,637.5141,339.28363,1004.0506,1006.2993,-1.691,-0.153,1.452,0.090676,0.126889,0.012278,-0.987687,img_458.jpg
54164,1280,720,637.5141,339.28363,1004.0506,1006.2993,-1.646,-0.148,1.491,0.087851,0.125148,0.003114,-0.988236,img_459.jpg
54234,1280,720,637.5141,339.28363,1004.0506,1006.2993,-1.599,-0.144,1.524,0.090734,0.124607,0.007117,-0.988023,img_460.jpg
54315,1280,720,637.5141,339.28363,1004.0506,1006.2993,-1.555,-0.142,1.553,0.085433,0.126239,0.003993,-0.988306,img_461.jpg
54382,1280,720,637.5141,339.28363,1004.0506,1006.2993,-1.489,-0.142,1.589,0.065493,0.141652,-0.011192,-0.987684,img_462.jpg
54462,1280,720,637.5141,339.28363,1004.0506,1006.2993,-1.442,-0.143,1.604,0.063312,0.140964,0.002312,-0.987986,img_463.jpg
54548,1280,720,637.5141,339.28363,1004.0506,1006.2993,-1.387,-0.152,1.609,0.067100,0.134894,0.003577,-0.988579,img_464.jpg
54631,1280,720,637.5141,339.28363,1004.0506,1006.2993,-1.348,-0.156,1.617,0.061971,0.132823,-0.013110,-0.989114,img_465.jpg
54715,1280,720,637.5141,339.28363,1004.0506,1006.2993,-1.307,-0.157,1.620,0.063379,0.134577,-0.021794,-0.988634,img_466.jpg
54783,1280,720,637.5141,339.28363,1004.0506,1006.2993,-1.249,-0.153,1.621,0.074151,0.127464,-0.018845,-0.988888,img_467.jpg
54866,1280,720,637.5141,339.28363,1004.0506,1006.2993,-1.216,-0.148,1.623,0.066764,0.125185,-0.021434,-0.989652,img_468.jpg
54932,1280,720,637.5141,339.28363,1004.0506,1006.2993,-1.184,-0.141,1.625,0.064230,0.112011,-0.008594,-0.991592,img_469.jpg
55012,1280,720,637.5141,339.28363,1004.0506,1006.2993,-1.145,-0.137,1.625,0.061026,0.091447,-0.004252,-0.993929,img_470.jpg
55098,1280,720,637.5141,339.28363,1004.0506,1006.2993,-1.123,-0.137,1.630,0.059747,0.077930,-0.001950,-0.995165,img_471.jpg
55187,1280,720,637.5141,339.28363,1004.0506,1006.2993,-1.100,-0.135,1.631,0.060904,0.067249,-0.000233,-0.995876,img_472.jpg
55260,1280,720,637.5141,339.28363,1004.0506,1006.2993,-1.069,-0.132,1.635,0.059114,0.053706,0.002476,-0.996802,img_473.jpg,marker_12.jpg,0.27139875,0.27139875,-0.978,-0.267,0.943,-0.725357,-0.011012,-0.017568,-0.017568
55348,1280,720,637.5141,339.28363,1004.0506,1006.2993,-1.045,-0.127,1.640,0.050981,0.042322,-0.002102,-0.997800,img_474.jpg
55431,1280,720,637.5141,339.28363,1004.0506,1006.2993,-1.031,-0.124,1.644,0.046447,0.036902,-0.003753,-0.998232,img_475.jpg
55495,1280,720,637.5141,339.28363,1004.0506,1006.2993,-1.019,-0.121,1.646,0.046056,0.031210,-0.001773,-0.998450,img_476.jpg
55584,1280,720,637.5141,339.28363,1004.0506,1006.2993,-1.006,-0.119,1.651,0.040680,0.028286,-0.002191,-0.998769,img_477.jpg
55664,1280,720,637.5141,339.28363,1004.0506,1006.2993,-0.998,-0.118,1.653,0.038947,0.026410,-0.000575,-0.998892,img_478.jpg
55748,1280,720,637.5141,339.28363,1004.0506,1006.2993,-0.989,-0.117,1.653,0.040635,0.022549,0.003674,-0.998913,img_479.jpg
55832,1280,720,637.5141,339.28363,1004.0506,1006.2993,-0.985,-0.119,1.652,0.043460,0.021156,0.004850,-0.998819,img_480.jpg
55914,1280,720,637.5141,339.28363,1004.0506,1006.2993,-0.982,-0.121,1.650,0.046500,0.016017,0.005851,-0.998773,img_481.jpg,marker_12.jpg,0.26932594,0.26932594,-0.978,-0.266,0.945,-0.727309,-0.011929,-0.014157,-0.014157
55994,1280,720,637.5141,339.28363,1004.0506,1006.2993,-0.980,-0.121,1.650,0.046533,0.012806,0.006658,-0.998813,img_482.jpg
56065,1280,720,637.5141,339.28363,1004.0506,1006.2993,-0.979,-0.121,1.649,0.046461,0.012162,0.006991,-0.998822,img_483.jpg
56150,1280,720,637.5141,339.28363,1004.0506,1006.2993,-0.976,-0.121,1.648,0.045723,0.010811,0.007447,-0.998868,img_484.jpg
