time,sizeX,sizeY,p_x,p_y,f_x,f_y,pos_X,pos_Y,pos_Z,q_x,q_y,q_z,q_w,marker_ID,marker_x,marker_y,marker_z,marker_qx,marker_qy,marker_qz,marker_qw,marker_ID,marker_x,marker_y,marker_z,marker_qx,marker_qy,marker_qz,marker_qw,marker_ID,marker_x,marker_y,marker_z,marker_qx,marker_qy,marker_qz,marker_qw,
12807,1280,720,635.3708,345.11157,995.1677,995.27124,0.293,-0.112,0.930,0.009393,-0.031077,0.007432,-0.999445,img_1.jpg,marker_1.jpg,0.25143683,0.25143683,0.251,-0.112,0.388,-0.709491,0.003555,-0.004259,-0.004259
12899,1280,720,635.3708,345.11157,995.1677,995.27124,0.294,-0.112,0.930,0.011709,-0.031071,0.007903,-0.999417,img_2.jpg
12973,1280,720,635.3708,345.11157,995.1677,995.27124,0.294,-0.112,0.931,0.011100,-0.029544,0.007872,-0.999471,img_3.jpg
13040,1280,720,635.3708,345.11157,995.1677,995.27124,0.296,-0.112,0.931,0.012522,-0.028693,0.007877,-0.999479,img_4.jpg
13122,1280,720,635.3708,345.11157,995.1677,995.27124,0.299,-0.112,0.931,0.012827,-0.029454,0.008587,-0.999447,img_5.jpg
13206,1280,720,635.3708,345.11157,995.1677,995.27124,0.299,-0.111,0.932,0.013856,-0.030991,0.007823,-0.999393,img_6.jpg
13294,1280,720,635.3708,345.11157,995.1677,995.27124,0.302,-0.108,0.932,0.016608,-0.038508,0.008480,-0.999084,img_7.jpg
13372,1280,720,635.3708,345.11157,995.1677,995.27124,0.303,-0.105,0.934,0.015278,-0.042440,0.006807,-0.998959,img_8.jpg
13443,1280,720,635.3708,345.11157,995.1677,995.27124,0.304,-0.105,0.936,0.016489,-0.047960,0.006616,-0.998691,img_9.jpg,marker_1.jpg,0.25046602,0.25046602,0.252,-0.112,0.389,-0.713879,0.007387,-0.008051,-0.008051
13522,1280,720,635.3708,345.11157,995.1677,995.27124,0.304,-0.106,0.940,0.028379,-0.053764,0.006309,-0.998130,img_10.jpg
13606,1280,720,635.3708,345.11157,995.1677,995.27124,0.303,-0.108,0.944,0.038307,-0.052610,-0.001926,-0.997878,img_11.jpg
13677,1280,720,635.3708,345.11157,995.1677,995.27124,0.307,-0.108,0.950,0.038585,-0.048411,-0.004332,-0.998073,img_12.jpg
13757,1280,720,635.3708,345.11157,995.1677,995.27124,0.324,-0.107,0.957,0.042263,-0.026075,0.000282,-0.998766,img_13.jpg
13839,1280,720,635.3708,345.11157,995.1677,995.27124,0.340,-0.105,0.966,0.048811,-0.020803,0.003685,-0.998585,img_14.jpg
13920,1280,720,635.3708,345.11157,995.1677,995.27124,0.379,-0.101,0.981,0.052834,-0.007111,0.018207,-0.998412,img_15.jpg
14005,1280,720,635.3708,345.11157,995.1677,995.27124,0.411,-0.097,0.993,0.048021,0.001511,0.030738,-0.998372,img_16.jpg
14078,1280,720,635.3708,345.11157,995.1677,995.27124,0.445,-0.094,1.006,0.045466,0.008115,0.032684,-0.998398,img_17.jpg
14175,1280,720,635.3708,345.11157,995.1677,995.27124,0.507,-0.090,1.030,0.044780,0.001893,0.033042,-0.998449,img_18.jpg
14242,1280,720,635.3708,345.11157,995.1677,995.27124,0.551,-0.088,1.047,0.046817,-0.007025,0.030945,-0.998399,img_19.jpg
14313,1280,720,635.3708,345.11157,995.1677,995.27124,0.624,-0.080,1.075,0.050156,-0.017636,0.024369,-0.998288,img_20.jpg
14391,1280,720,635.3708,345.11157,995.1677,995.27124,0.650,-0.077,1.086,0.050954,-0.017614,0.022530,-0.998291,img_21.jpg,marker_1.jpg,0.2509955,0.2509955,0.252,-0.112,0.388,-0.710471,0.008600,-0.008942,-0.008942
14461,1280,720,635.3708,345.11157,995.1677,995.27124,0.729,-0.067,1.119,0.061837,-0.022491,0.021128,-0.997609,img_22.jpg
14557,1280,720,635.3708,345.11157,995.1677,995.27124,0.802,-0.059,1.149,0.063077,-0.011036,0.017803,-0.997789,img_23.jpg
14639,1280,720,635.3708,345.11157,995.1677,995.27124,0.850,-0.057,1.163,0.066229,0.009178,0.016603,-0.997624,img_24.jpg
14716,1280,720,635.3708,345.11157,995.1677,995.27124,0.923,-0.056,1.177,0.070869,0.040064,0.019389,-0.996492,img_25.jpg
14806,1280,720,635.3708,345.11157,995.1677,995.27124,0.972,-0.058,1.182,0.072243,0.061317,0.021640,-0.995265,img_26.jpg
14876,1280,720,635.3708,345.11157,995.1677,995.27124,1.027,-0.062,1.182,0.078590,0.085992,0.024723,-0.992884,img_27.jpg
14950,1280,720,635.3708,345.11157,995.1677,995.27124,1.108,-0.072,1.175,0.086915,0.122142,0.017413,-0.988546,img_28.jpg
15040,1280,720,635.3708,345.11157,995.1677,995.27124,1.165,-0.080,1.169,0.094665,0.144935,0.008143,-0.984869,img_29.jpg
15110,1280,720,635.3708,345.11157,995.1677,995.27124,1.221,-0.086,1.157,0.100679,0.168498,0.000488,-0.980547,img_30.jpg
15190,1280,720,635.3708,345.11157,995.1677,995.27124,1.308,-0.087,1.138,0.109511,0.219915,-0.017958,-0.969186,img_31.jpg
15273,1280,720,635.3708,345.11157,995.1677,995.27124,1.367,-0.081,1.126,0.104096,0.246698,-0.026824,-0.963112,img_32.jpg
15340,1280,720,635.3708,345.11157,995.1677,995.27124,1.422,-0.075,1.113,0.099252,0.270885,-0.027688,-0.957081,img_33.jpg
15421,1280,720,635.3708,345.11157,995.1677,995.27124,1.507,-0.067,1.099,0.087910,0.313017,-0.016261,-0.945530,img_34.jpg
15507,1280,720,635.3708,345.11157,995.1677,995.27124,1.563,-0.065,1.088,0.084426,0.335079,-0.005165,-0.938386,img_35.jpg
15583,1280,720,635.3708,345.11157,995.1677,995.27124,1.649,-0.064,1.073,0.076784,0.366270,0.006947,-0.927309,img_36.jpg
15673,1280,720,635.3708,345.11157,995.1677,995.27124,1.705,-0.062,1.064,0.063424,0.381465,0.009626,-0.922155,img_37.jpg
15742,1280,720,635.3708,345.11157,995.1677,995.27124,1.761,-0.060,1.053,0.051917,0.394457,0.009033,-0.917402,img_38.jpg
15822,1280,720,635.3708,345.11157,995.1677,995.27124,1.840,-0.051,1.033,0.034131,0.414916,0.007534,-0.909188,img_39.jpg
15906,1280,720,635.3708,345.11157,995.1677,995.27124,1.895,-0.043,1.019,0.033505,0.432601,0.009968,-0.900908,img_40.jpg
15984,1280,720,635.3708,345.11157,995.1677,995.27124,1.971,-0.029,0.999,0.028359,0.455346,0.016718,-0.889706,img_41.jpg
16074,1280,720,635.3708,345.11157,995.1677,995.27124,2.023,-0.022,0.985,0.028706,0.473413,0.019822,-0.880149,img_42.jpg
16149,1280,720,635.3708,345.11157,995.1677,995.27124,2.090,-0.018,0.960,0.039130,0.498321,0.023080,-0.865801,img_43.jpg
16240,1280,720,635.3708,345.11157,995.1677,995.27124,2.137,-0.019,0.943,0.043988,0.514340,0.025656,-0.856073,img_44.jpg
16312,1280,720,635.3708,345.11157,995.1677,995.27124,2.185,-0.020,0.923,0.048773,0.529693,0.030505,-0.846237,img_45.jpg
16391,1280,720,635.3708,345.11157,995.1677,995.27124,2.250,-0.025,0.891,0.044064,0.556590,0.032342,-0.828987,img_46.jpg
16473,1280,720,635.3708,345.11157,995.1677,995.27124,2.298,-0.029,0.867,0.042823,0.570320,0.034236,-0.819591,img_47.jpg
16545,1280,720,635.3708,345.11157,995.1677,995.27124,2.365,-0.030,0.826,0.035363,0.593180,0.029526,-0.803751,img_48.jpg
16640,1280,720,635.3708,345.11157,995.1677,995.27124,2.405,-0.027,0.801,0.033466,0.608892,0.029508,-0.791997,img_49.jpg
16710,1280,720,635.3708,345.11157,995.1677,995.27124,2.444,-0.023,0.776,0.036124,0.620753,0.035063,-0.782388,img_50.jpg
16785,1280,720,635.3708,345.11157,995.1677,995.27124,2.474,-0.018,0.758,0.036349,0.633224,0.040894,-0.772032,img_51.jpg
16875,1280,720,635.3708,345.11157,995.1677,995.27124,2.514,-0.012,0.733,0.039762,0.647965,0.043770,-0.759371,img_52.jpg
16946,1280,720,635.3708,345.11157,995.1677,995.27124,2.545,-0.011,0.711,0.043007,0.654432,0.045079,-0.753549,img_53.jpg
17041,1280,720,635.3708,345.11157,995.1677,995.27124,2.568,-0.012,0.698,0.043337,0.654387,0.046039,-0.753511,img_54.jpg,marker_3.jpg,0.25915304,0.25915304,3.307,-0.103,0.584,-0.510673,0.511293,-0.494953,-0.494953
17111,1280,720,635.3708,345.11157,995.1677,995.27124,2.584,-0.012,0.687,0.046142,0.653970,0.046828,-0.753658,img_55.jpg
17186,1280,720,635.3708,345.11157,995.1677,995.27124,2.602,-0.012,0.676,0.047648,0.653749,0.049363,-0.753595,img_56.jpg
17274,1280,720,635.3708,345.11157,995.1677,995.27124,2.617,-0.013,0.670,0.046553,0.656114,0.051596,-0.751455,img_57.jpg
17348,1280,720,635.3708,345.11157,995.1677,995.27124,2.633,-0.014,0.662,0.046832,0.663029,0.052094,-0.745309,img_58.jpg
17441,1280,720,635.3708,345.11157,995.1677,995.27124,2.643,-0.014,0.658,0.049468,0.665531,0.051924,-0.742917,img_59.jpg
17510,1280,720,635.3708,345.11157,995.1677,995.27124,2.650,-0.015,0.655,0.049588,0.668026,0.051210,-0.740716,img_60.jpg,marker_3.jpg,0.2588986,0.2588986,3.319,-0.105,0.578,-0.502740,0.517379,-0.481510,-0.481510
17590,1280,720,635.3708,345.11157,995.1677,995.27124,2.660,-0.016,0.654,0.049064,0.670891,0.049975,-0.738242,img_61.jpg
17675,1280,720,635.3708,345.11157,995.1677,995.27124,2.666,-0.018,0.655,0.049429,0.673053,0.049779,-0.736260,img_62.jpg
17745,1280,720,635.3708,345.11157,995.1677,995.27124,2.677,-0.019,0.666,0.052039,0.678402,0.050251,-0.731121,img_63.jpg
17841,1280,720,635.3708,345.11157,995.1677,995.27124,2.686,-0.020,0.680,0.051380,0.683058,0.050790,-0.726782,img_64.jpg
17910,1280,720,635.3708,345.11157,995.1677,995.27124,2.695,-0.021,0.700,0.049047,0.688473,0.050331,-0.721849,img_65.jpg
17988,1280,720,635.3708,345.11157,995.1677,995.27124,2.704,-0.022,0.742,0.045771,0.691175,0.047068,-0.719699,img_66.jpg
18074,1280,720,635.3708,345.11157,995.1677,995.27124,2.710,-0.024,0.777,0.045815,0.690226,0.044413,-0.720775,img_67.jpg
18158,1280,720,635.3708,345.11157,995.1677,995.27124,2.718,-0.028,0.841,0.049611,0.692702,0.050994,-0.717706,img_68.jpg
18241,1280,720,635.3708,345.11157,995.1677,995.27124,2.720,-0.032,0.891,0.053673,0.696086,0.054060,-0.713906,img_69.jpg
18309,1280,720,635.3708,345.11157,995.1677,995.27124,2.721,-0.035,0.976,0.050569,0.701866,0.054752,-0.708399,img_70.jpg
18390,1280,720,635.3708,345.11157,995.1677,995.27124,2.721,-0.035,1.037,0.052432,0.696076,0.058023,-0.713696,img_71.jpg
18474,1280,720,635.3708,345.11157,995.1677,995.27124,2.716,-0.032,1.098,0.045918,0.697586,0.053004,-0.713061,img_72.jpg
18544,1280,720,635.3708,345.11157,995.1677,995.27124,2.714,-0.027,1.159,0.041090,0.697719,0.049241,-0.713495,img_73.jpg
18626,1280,720,635.3708,345.11157,995.1677,995.27124,2.715,-0.023,1.246,0.037460,0.695361,0.046919,-0.716148,img_74.jpg
18708,1280,720,635.3708,345.11157,995.1677,995.27124,2.721,-0.023,1.332,0.033096,0.697463,0.057255,-0.713563,img_75.jpg
18791,1280,720,635.3708,345.11157,995.1677,995.27124,2.728,-0.026,1.387,0.026230,0.698523,0.063329,-0.712297,img_76.jpg
18863,1280,720,635.3708,345.11157,995.1677,995.27124,2.739,-0.032,1.444,0.022524,0.698840,0.067076,-0.711770,img_77.jpg
18941,1280,720,635.3708,345.11157,995.1677,995.27124,2.752,-0.041,1.503,0.020220,0.703255,0.066719,-0.707511,img_78.jpg
19020,1280,720,635.3708,345.11157,995.1677,995.27124,2.775,-0.053,1.589,0.019594,0.705032,0.060079,-0.706354,img_79.jpg
19108,1280,720,635.3708,345.11157,995.1677,995.27124,2.802,-0.057,1.678,0.029419,0.720670,0.057323,-0.690277,img_80.jpg
19191,1280,720,635.3708,345.11157,995.1677,995.27124,2.817,-0.052,1.741,0.037219,0.723876,0.068077,-0.685554,img_81.jpg
19276,1280,720,635.3708,345.11157,995.1677,995.27124,2.825,-0.046,1.808,0.035855,0.736060,0.068051,-0.672532,img_82.jpg
19352,1280,720,635.3708,345.11157,995.1677,995.27124,2.835,-0.041,1.908,0.029034,0.749558,0.075359,-0.656994,img_83.jpg
19442,1280,720,635.3708,345.11157,995.1677,995.27124,2.842,-0.046,2.009,0.016231,0.759298,0.072553,-0.646482,img_84.jpg
19525,1280,720,635.3708,345.11157,995.1677,995.27124,2.845,-0.053,2.083,0.008696,0.760754,0.074506,-0.644691,img_85.jpg
19602,1280,720,635.3708,345.11157,995.1677,995.27124,2.844,-0.058,2.153,0.005546,0.762878,0.069058,-0.642820,img_86.jpg
19708,1280,720,635.3708,345.11157,995.1677,995.27124,2.836,-0.061,2.258,0.006316,0.764257,0.060598,-0.642028,img_87.jpg
19791,1280,720,635.3708,345.11157,995.1677,995.27124,2.829,-0.051,2.367,0.013949,0.770133,0.060621,-0.634843,img_88.jpg
19876,1280,720,635.3708,345.11157,995.1677,995.27124,2.826,-0.046,2.435,0.019661,0.769953,0.063028,-0.634676,img_89.jpg
19947,1280,720,635.3708,345.11157,995.1677,995.27124,2.823,-0.043,2.533,0.021978,0.769029,0.067724,-0.635236,img_90.jpg
20025,1280,720,635.3708,345.11157,995.1677,995.27124,2.825,-0.047,2.598,0.022473,0.772125,0.069285,-0.631283,img_91.jpg
20109,1280,720,635.3708,345.11157,995.1677,995.27124,2.830,-0.056,2.690,0.023065,0.774949,0.070111,-0.627699,img_92.jpg
20191,1280,720,635.3708,345.11157,995.1677,995.27124,2.837,-0.067,2.753,0.024979,0.775618,0.067652,-0.627069,img_93.jpg
20258,1280,720,635.3708,345.11157,995.1677,995.27124,2.850,-0.079,2.815,0.024755,0.777901,0.065944,-0.624426,img_94.jpg
20324,1280,720,635.3708,345.11157,995.1677,995.27124,2.867,-0.090,2.881,0.028307,0.778794,0.063243,-0.623441,img_95.jpg
20408,1280,720,635.3708,345.11157,995.1677,995.27124,2.898,-0.094,2.975,0.040662,0.784826,0.056679,-0.615778,img_96.jpg
20492,1280,720,635.3708,345.11157,995.1677,995.27124,2.915,-0.088,3.038,0.044681,0.789412,0.050048,-0.610187,img_97.jpg
20556,1280,720,635.3708,345.11157,995.1677,995.27124,2.930,-0.081,3.098,0.039059,0.792105,0.052539,-0.606864,img_98.jpg
20625,1280,720,635.3708,345.11157,995.1677,995.27124,2.945,-0.074,3.152,0.036809,0.786787,0.052873,-0.613853,img_99.jpg
20694,1280,720,635.3708,345.11157,995.1677,995.27124,2.962,-0.070,3.204,0.028653,0.782668,0.050188,-0.619751,img_100.jpg
20758,1280,720,635.3708,345.11157,995.1677,995.27124,2.977,-0.070,3.255,0.023273,0.778519,0.048022,-0.625349,img_101.jpg
20841,1280,720,635.3708,345.11157,995.1677,995.27124,2.992,-0.075,3.308,0.019017,0.772853,0.050991,-0.632247,img_102.jpg
20913,1280,720,635.3708,345.11157,995.1677,995.27124,3.016,-0.079,3.385,0.018778,0.765250,0.054222,-0.641170,img_103.jpg
20991,1280,720,635.3708,345.11157,995.1677,995.27124,3.031,-0.080,3.435,0.016506,0.758701,0.049565,-0.649341,img_104.jpg
21056,1280,720,635.3708,345.11157,995.1677,995.27124,3.044,-0.076,3.483,0.016015,0.749291,0.045481,-0.660484,img_105.jpg
21142,1280,720,635.3708,345.11157,995.1677,995.27124,3.066,-0.071,3.547,0.017834,0.738400,0.045441,-0.672594,img_106.jpg,marker_4.jpg,0.2683377,0.2683377,3.826,-0.151,3.661,-0.532166,0.475054,-0.463340,-0.463340
21209,1280,720,635.3708,345.11157,995.1677,995.27124,3.074,-0.070,3.566,0.017656,0.735537,0.045200,-0.675744,img_107.jpg
21277,1280,720,635.3708,345.11157,995.1677,995.27124,3.100,-0.064,3.612,0.013340,0.721041,0.051387,-0.690855,img_108.jpg
21360,1280,720,635.3708,345.11157,995.1677,995.27124,3.117,-0.062,3.636,0.013512,0.710102,0.052816,-0.701986,img_109.jpg
21425,1280,720,635.3708,345.11157,995.1677,995.27124,3.132,-0.063,3.654,0.015347,0.701726,0.052600,-0.710337,img_110.jpg
21495,1280,720,635.3708,345.11157,995.1677,995.27124,3.146,-0.065,3.672,0.015194,0.695899,0.050139,-0.716226,img_111.jpg
21562,1280,720,635.3708,345.11157,995.1677,995.27124,3.160,-0.065,3.688,0.014524,0.693048,0.051666,-0.718891,img_112.jpg
21628,1280,720,635.3708,345.11157,995.1677,995.27124,3.173,-0.064,3.702,0.012970,0.687461,0.052937,-0.724173,img_113.jpg
21699,1280,720,635.3708,345.11157,995.1677,995.27124,3.182,-0.063,3.713,0.014237,0.684631,0.047665,-0.727190,img_114.jpg
21775,1280,720,635.3708,345.11157,995.1677,995.27124,3.197,-0.064,3.735,0.015089,0.686065,0.049167,-0.725720,img_115.jpg
21843,1280,720,635.3708,345.11157,995.1677,995.27124,3.206,-0.066,3.753,0.013466,0.693959,0.052927,-0.717940,img_116.jpg,marker_4.jpg,0.2673636,0.2673636,3.827,-0.152,3.662,-0.524906,0.481620,-0.469834,-0.469834
21925,1280,720,635.3708,345.11157,995.1677,995.27124,3.217,-0.069,3.782,0.016452,0.706967,0.059729,-0.704528,img_117.jpg
21992,1280,720,635.3708,345.11157,995.1677,995.27124,3.221,-0.072,3.812,0.009534,0.721828,0.057837,-0.689585,img_118.jpg
22077,1280,720,635.3708,345.11157,995.1677,995.27124,3.221,-0.074,3.869,0.003689,0.738033,0.057741,-0.672279,img_119.jpg
22160,1280,720,635.3708,345.11157,995.1677,995.27124,3.213,-0.073,3.908,-0.007343,0.748852,0.046419,-0.661068,img_120.jpg
22242,1280,720,635.3708,345.11157,995.1677,995.27124,3.194,-0.076,3.975,-0.020800,0.758622,0.039272,-0.650014,img_121.jpg
22325,1280,720,635.3708,345.11157,995.1677,995.27124,3.175,-0.076,4.019,-0.025337,0.759074,0.031896,-0.649728,img_122.jpg
22391,1280,720,635.3708,345.11157,995.1677,995.27124,3.157,-0.076,4.066,-0.023219,0.759252,0.032023,-0.649594,img_123.jpg
22459,1280,720,635.3708,345.11157,995.1677,995.27124,3.136,-0.074,4.113,-0.022156,0.762252,0.035744,-0.645912,img_124.jpg
22542,1280,720,635.3708,345.11157,995.1677,995.27124,3.109,-0.075,4.184,-0.015091,0.771798,0.043865,-0.634174,img_125.jpg
22626,1280,720,635.3708,345.11157,995.1677,995.27124,3.092,-0.077,4.231,-0.012240,0.784085,0.047211,-0.618734,img_126.jpg
22698,1280,720,635.3708,345.11157,995.1677,995.27124,3.077,-0.078,4.278,-0.015836,0.800745,0.051735,-0.596557,img_127.jpg
22769,1280,720,635.3708,345.11157,995.1677,995.27124,3.062,-0.082,4.327,-0.016798,0.816793,0.056016,-0.573959,img_128.jpg
22840,1280,720,635.3708,345.11157,995.1677,995.27124,3.040,-0.093,4.407,-0.010827,0.842954,0.064756,-0.533965,img_129.jpg
22925,1280,720,635.3708,345.11157,995.1677,995.27124,3.029,-0.101,4.461,-0.005588,0.859493,0.075230,-0.505551,img_130.jpg
22993,1280,720,635.3708,345.11157,995.1677,995.27124,3.019,-0.110,4.515,0.000279,0.874617,0.081448,-0.477924,img_131.jpg
23056,1280,720,635.3708,345.11157,995.1677,995.27124,3.011,-0.121,4.572,0.009598,0.888154,0.090479,-0.450449,img_132.jpg
23142,1280,720,635.3708,345.11157,995.1677,995.27124,3.001,-0.135,4.655,0.021210,0.904594,0.095938,-0.414796,img_133.jpg
23226,1280,720,635.3708,345.11157,995.1677,995.27124,2.997,-0.145,4.709,0.021516,0.913776,0.105523,-0.391683,img_134.jpg
23293,1280,720,635.3708,345.11157,995.1677,995.27124,2.988,-0.149,4.765,0.022316,0.921147,0.119122,-0.369865,img_135.jpg
23359,1280,720,635.3708,345.11157,995.1677,995.27124,2.977,-0.153,4.817,0.015843,0.933006,0.124837,-0.337141,img_136.jpg
23443,1280,720,635.3708,345.11157,995.1677,995.27124,2.953,-0.162,4.890,0.016321,0.944845,0.144346,-0.293541,img_137.jpg
23526,1280,720,635.3708,345.11157,995.1677,995.27124,2.931,-0.168,4.930,0.013625,0.950924,0.157752,-0.265843,img_138.jpg
23593,1280,720,635.3708,345.11157,995.1677,995.27124,2.904,-0.174,4.969,0.009607,0.956481,0.168609,-0.237955,img_139.jpg
23661,1280,720,635.3708,345.11157,995.1677,995.27124,2.873,-0.180,5.000,0.004975,0.961098,0.177020,-0.211968,img_140.jpg
23729,1280,720,635.3708,345.11157,995.1677,995.27124,2.838,-0.184,5.023,0.000073,0.965473,0.182494,-0.185897,img_141.jpg
23801,1280,720,635.3708,345.11157,995.1677,995.27124,2.795,-0.192,5.048,-0.006459,0.967942,0.191770,-0.162081,img_142.jpg
23868,1280,720,635.3708,345.11157,995.1677,995.27124,2.750,-0.198,5.070,-0.012844,0.969271,0.200277,-0.142262,img_143.jpg
23936,1280,720,635.3708,345.11157,995.1677,995.27124,2.701,-0.202,5.090,-0.017186,0.970942,0.202791,-0.125901,img_144.jpg
23999,1280,720,635.3708,345.11157,995.1677,995.27124,2.650,-0.202,5.102,-0.021396,0.972142,0.202400,-0.116264,img_145.jpg
24067,1280,720,635.3708,345.11157,995.1677,995.27124,2.593,-0.201,5.115,-0.023316,0.973637,0.201450,-0.104432,img_146.jpg
24143,1280,720,635.3708,345.11157,995.1677,995.27124,2.513,-0.198,5.133,-0.022426,0.975755,0.200687,-0.084401,img_147.jpg
24209,1280,720,635.3708,345.11157,995.1677,995.27124,2.464,-0.193,5.140,-0.021150,0.977499,0.198590,-0.067897,img_148.jpg
24291,1280,720,635.3708,345.11157,995.1677,995.27124,2.420,-0.189,5.146,-0.020485,0.979480,0.193482,-0.052582,img_149.jpg
24353,1280,720,635.3708,345.11157,995.1677,995.27124,2.374,-0.189,5.161,-0.023086,0.980573,0.192811,-0.027696,img_150.jpg
24446,1280,720,635.3708,345.11157,995.1677,995.27124,2.319,-0.183,5.176,-0.033583,0.982115,0.185197,0.004954,img_151.jpg
24526,1280,720,635.3708,345.11157,995.1677,995.27124,2.281,-0.176,5.187,-0.036740,0.983568,0.175125,0.024005,img_152.jpg
24593,1280,720,635.3708,345.11157,995.1677,995.27124,2.248,-0.168,5.202,-0.038292,0.985747,0.159731,0.036360,img_153.jpg
24661,1280,720,635.3708,345.11157,995.1677,995.27124,2.218,-0.160,5.222,0.041035,-0.987976,-0.143106,-0.041728,img_154.jpg
24730,1280,720,635.3708,345.11157,995.1677,995.27124,2.193,-0.149,5.242,0.039694,-0.990438,-0.124192,-0.045099,img_155.jpg
24794,1280,720,635.3708,345.11157,995.1677,995.27124,2.173,-0.138,5.265,0.033577,-0.992655,-0.106467,-0.046616,img_156.jpg
24860,1280,720,635.3708,345.11157,995.1677,995.27124,2.151,-0.126,5.289,-0.027910,0.994225,0.094901,0.041609,img_157.jpg
24929,1280,720,635.3708,345.11157,995.1677,995.27124,2.132,-0.114,5.311,-0.020881,0.995703,0.081119,0.039498,img_158.jpg
24994,1280,720,635.3708,345.11157,995.1677,995.27124,2.114,-0.103,5.334,-0.014948,0.996824,0.069691,0.035519,img_159.jpg
25056,1280,720,635.3708,345.11157,995.1677,995.27124,2.096,-0.091,5.359,-0.009274,0.997167,0.065884,0.035098,img_160.jpg
25144,1280,720,635.3708,345.11157,995.1677,995.27124,2.074,-0.075,5.386,-0.004625,0.998575,0.042626,0.031765,img_161.jpg
25226,1280,720,635.3708,345.11157,995.1677,995.27124,2.059,-0.065,5.403,-0.006966,0.999143,0.033367,0.023498,img_162.jpg
25311,1280,720,635.3708,345.11157,995.1677,995.27124,2.042,-0.058,5.423,-0.007418,0.999556,0.026230,0.012027,img_163.jpg,marker_6.jpg,0.2727453,0.2727453,2.013,-0.279,6.207,-0.041447,0.722276,-0.688830,-0.688830
25393,1280,720,635.3708,345.11157,995.1677,995.27124,2.031,-0.055,5.429,-0.007653,0.999715,0.022046,0.004946,img_164.jpg
25456,1280,720,635.3708,345.11157,995.1677,995.27124,2.018,-0.054,5.436,-0.006931,0.999711,0.022951,0.001861,img_165.jpg
25543,1280,720,635.3708,345.11157,995.1677,995.27124,2.004,-0.054,5.438,-0.006926,0.999737,0.021777,-0.001835,img_166.jpg
25605,1280,720,635.3708,345.11157,995.1677,995.27124,1.992,-0.052,5.442,-0.007900,0.999614,0.024865,-0.009555,img_167.jpg
25676,1280,720,635.3708,345.11157,995.1677,995.27124,1.978,-0.053,5.448,-0.007325,0.999281,0.032518,-0.018087,img_168.jpg
25760,1280,720,635.3708,345.11157,995.1677,995.27124,1.969,-0.056,5.452,-0.008478,0.999089,0.035578,-0.021985,img_169.jpg
25821,1280,720,635.3708,345.11157,995.1677,995.27124,1.964,-0.059,5.458,-0.008090,0.998893,0.039405,-0.024378,img_170.jpg
25893,1280,720,635.3708,345.11157,995.1677,995.27124,1.958,-0.060,5.461,-0.009279,0.998738,0.040580,-0.028095,img_171.jpg
25956,1280,720,635.3708,345.11157,995.1677,995.27124,1.955,-0.059,5.462,-0.008890,0.998777,0.037903,-0.030463,img_172.jpg
26027,1280,720,635.3708,345.11157,995.1677,995.27124,1.952,-0.058,5.464,-0.008084,0.998807,0.035290,-0.032772,img_173.jpg,marker_6.jpg,0.27232173,0.27232173,2.011,-0.279,6.206,-0.027455,0.721313,-0.691251,-0.691251
26096,1280,720,635.3708,345.11157,995.1677,995.27124,1.949,-0.057,5.467,-0.006091,0.998873,0.033397,-0.033158,img_174.jpg
26163,1280,720,635.3708,345.11157,995.1677,995.27124,1.944,-0.060,5.470,-0.005588,0.998647,0.038224,-0.034824,img_175.jpg
26228,1280,720,635.3708,345.11157,995.1677,995.27124,1.936,-0.067,5.475,-0.007943,0.998136,0.048886,-0.035656,img_176.jpg
26302,1280,720,635.3708,345.11157,995.1677,995.27124,1.921,-0.077,5.478,-0.010133,0.997388,0.060779,-0.037688,img_177.jpg
26366,1280,720,635.3708,345.11157,995.1677,995.27124,1.900,-0.088,5.477,-0.007850,0.995996,0.076414,-0.045728,img_178.jpg
26434,1280,720,635.3708,345.11157,995.1677,995.27124,1.870,-0.098,5.470,-0.009733,0.995435,0.080955,-0.049609,img_179.jpg
26511,1280,720,635.3708,345.11157,995.1677,995.27124,1.829,-0.106,5.463,-0.021052,0.995233,0.079025,-0.053142,img_180.jpg
26593,1280,720,635.3708,345.11157,995.1677,995.27124,1.751,-0.120,5.447,-0.028603,0.995500,0.083701,-0.033988,img_181.jpg,marker_6.jpg,0.27647296,0.27647296,2.016,-0.277,6.202,-0.037002,0.718564,-0.693297,-0.693297
26661,1280,720,635.3708,345.11157,995.1677,995.27124,1.692,-0.129,5.433,-0.028543,0.995387,0.089806,-0.018021,img_182.jpg
26732,1280,720,635.3708,345.11157,995.1677,995.27124,1.628,-0.135,5.418,-0.027796,0.994742,0.098567,0.000431,img_183.jpg
26802,1280,720,635.3708,345.11157,995.1677,995.27124,1.562,-0.136,5.400,-0.024171,0.994044,0.104925,0.016844,img_184.jpg
26870,1280,720,635.3708,345.11157,995.1677,995.27124,1.463,-0.138,5.379,-0.023437,0.991633,0.120497,0.039942,img_185.jpg
26944,1280,720,635.3708,345.11157,995.1677,995.27124,1.396,-0.141,5.367,0.023323,-0.989793,-0.128508,-0.057024,img_186.jpg
27025,1280,720,635.3708,345.11157,995.1677,995.27124,1.333,-0.142,5.361,0.028110,-0.987515,-0.134836,-0.076445,img_187.jpg
27097,1280,720,635.3708,345.11157,995.1677,995.27124,1.271,-0.147,5.355,0.030987,-0.985070,-0.140011,-0.095259,img_188.jpg
27169,1280,720,635.3708,345.11157,995.1677,995.27124,1.209,-0.154,5.353,0.030540,-0.981873,-0.145100,-0.118066,img_189.jpg
27238,1280,720,635.3708,345.11157,995.1677,995.27124,1.108,-0.173,5.360,0.037730,-0.975636,-0.155831,-0.149760,img_190.jpg
27310,1280,720,635.3708,345.11157,995.1677,995.27124,1.072,-0.176,5.362,0.037862,-0.973598,-0.158578,-0.159771,img_191.jpg
27379,1280,720,635.3708,345.11157,995.1677,995.27124,0.966,-0.192,5.373,0.031693,-0.968347,-0.165085,-0.184518,img_192.jpg
27460,1280,720,635.3708,345.11157,995.1677,995.27124,0.899,-0.198,5.396,0.026907,-0.965028,-0.170878,-0.196973,img_193.jpg
27522,1280,720,635.3708,345.11157,995.1677,995.27124,0.833,-0.195,5.409,0.028901,-0.960903,-0.181380,-0.207201,img_194.jpg
27612,1280,720,635.3708,345.11157,995.1677,995.27124,0.732,-0.185,5.427,0.042431,-0.959059,-0.182255,-0.212575,img_195.jpg
27694,1280,720,635.3708,345.11157,995.1677,995.27124,0.658,-0.186,5.441,0.050871,-0.957093,-0.179349,-0.221852,img_196.jpg
27762,1280,720,635.3708,345.11157,995.1677,995.27124,0.595,-0.191,5.456,0.062912,-0.955294,-0.181573,-0.224693,img_197.jpg
27828,1280,720,635.3708,345.11157,995.1677,995.27124,0.530,-0.200,5.470,0.072311,-0.951815,-0.182179,-0.235861,img_198.jpg
27900,1280,720,635.3708,345.11157,995.1677,995.27124,0.430,-0.210,5.485,0.073952,-0.944587,-0.194338,-0.254008,img_199.jpg
27976,1280,720,635.3708,345.11157,995.1677,995.27124,0.360,-0.218,5.495,0.079191,-0.941904,-0.201727,-0.256616,img_200.jpg
28044,1280,720,635.3708,345.11157,995.1677,995.27124,0.297,-0.220,5.501,0.086038,-0.939564,-0.210418,-0.256011,img_201.jpg
28109,1280,720,635.3708,345.11157,995.1677,995.27124,0.228,-0.219,5.509,0.091643,-0.937644,-0.219760,-0.253239,img_202.jpg
28195,1280,720,635.3708,345.11157,995.1677,995.27124,0.165,-0.214,5.513,0.094244,-0.929924,-0.234524,-0.267131,img_203.jpg
28261,1280,720,635.3708,345.11157,995.1677,995.27124,0.101,-0.215,5.521,0.104560,-0.924017,-0.247411,-0.272118,img_204.jpg
28327,1280,720,635.3708,345.11157,995.1677,995.27124,0.031,-0.222,5.535,0.121439,-0.913412,-0.272344,-0.277054,img_205.jpg
28388,1280,720,635.3708,345.11157,995.1677,995.27124,-0.031,-0.231,5.549,0.131301,-0.902773,-0.295938,-0.283163,img_206.jpg
28462,1280,720,635.3708,345.11157,995.1677,995.27124,-0.091,-0.240,5.561,0.133283,-0.896347,-0.310256,-0.287297,img_207.jpg
28529,1280,720,635.3708,345.11157,995.1677,995.27124,-0.143,-0.248,5.573,0.133119,-0.894153,-0.316755,-0.287116,img_208.jpg
28594,1280,720,635.3708,345.11157,995.1677,995.27124,-0.198,-0.261,5.590,0.126382,-0.895145,-0.315254,-0.288717,img_209.jpg
28659,1280,720,635.3708,345.11157,995.1677,995.27124,-0.260,-0.268,5.608,0.122331,-0.896040,-0.313845,-0.289222,img_210.jpg
28744,1280,720,635.3708,345.11157,995.1677,995.27124,-0.346,-0.271,5.640,0.111663,-0.897501,-0.315244,-0.287479,img_211.jpg
28811,1280,720,635.3708,345.11157,995.1677,995.27124,-0.407,-0.268,5.659,0.111097,-0.890406,-0.327180,-0.296292,img_212.jpg
28893,1280,720,635.3708,345.11157,995.1677,995.27124,-0.469,-0.262,5.672,0.113945,-0.889734,-0.323697,-0.301014,img_213.jpg
28957,1280,720,635.3708,345.11157,995.1677,995.27124,-0.531,-0.260,5.683,0.124934,-0.884915,-0.322749,-0.311689,img_214.jpg
29028,1280,720,635.3708,345.11157,995.1677,995.27124,-0.588,-0.257,5.688,0.130751,-0.883696,-0.319854,-0.315720,img_215.jpg
29099,1280,720,635.3708,345.11157,995.1677,995.27124,-0.650,-0.259,5.698,0.132813,-0.884051,-0.313804,-0.319909,img_216.jpg
29165,1280,720,635.3708,345.11157,995.1677,995.27124,-0.716,-0.263,5.708,0.135772,-0.884563,-0.306960,-0.323868,img_217.jpg
29231,1280,720,635.3708,345.11157,995.1677,995.27124,-0.779,-0.266,5.715,0.128457,-0.888843,-0.296644,-0.324745,img_218.jpg
29306,1280,720,635.3708,345.11157,995.1677,995.27124,-0.848,-0.266,5.725,0.119114,-0.892949,-0.287604,-0.325173,img_219.jpg
29373,1280,720,635.3708,345.11157,995.1677,995.27124,-0.953,-0.258,5.729,0.115649,-0.898596,-0.275817,-0.321053,img_220.jpg
29444,1280,720,635.3708,345.11157,995.1677,995.27124,-1.024,-0.248,5.734,0.112535,-0.898147,-0.275737,-0.323478,img_221.jpg
29511,1280,720,635.3708,345.11157,995.1677,995.27124,-1.089,-0.237,5.742,0.107358,-0.903513,-0.262650,-0.321176,img_222.jpg
29595,1280,720,635.3708,345.11157,995.1677,995.27124,-1.151,-0.228,5.751,0.105906,-0.908882,-0.251275,-0.315560,img_223.jpg
29664,1280,720,635.3708,345.11157,995.1677,995.27124,-1.207,-0.221,5.764,0.100697,-0.914238,-0.243859,-0.307510,img_224.jpg
29731,1280,720,635.3708,345.11157,995.1677,995.27124,-1.257,-0.215,5.777,0.087516,-0.923375,-0.230063,-0.294602,img_225.jpg
29805,1280,720,635.3708,345.11157,995.1677,995.27124,-1.342,-0.215,5.808,0.070270,-0.935819,-0.209300,-0.274771,img_226.jpg
29876,1280,720,635.3708,345.11157,995.1677,995.27124,-1.394,-0.212,5.828,0.053979,-0.948516,-0.180816,-0.254381,img_227.jpg
29945,1280,720,635.3708,345.11157,995.1677,995.27124,-1.441,-0.206,5.853,0.035820,-0.960138,-0.153291,-0.230985,img_228.jpg
30027,1280,720,635.3708,345.11157,995.1677,995.27124,-1.493,-0.198,5.877,0.024716,-0.971681,-0.123398,-0.199996,img_229.jpg
30093,1280,720,635.3708,345.11157,995.1677,995.27124,-1.542,-0.184,5.901,0.025136,-0.976559,-0.121218,-0.176090,img_230.jpg
30157,1280,720,635.3708,345.11157,995.1677,995.27124,-1.583,-0.165,5.920,0.010884,-0.982586,-0.098348,-0.157269,img_231.jpg
30227,1280,720,635.3708,345.11157,995.1677,995.27124,-1.629,-0.152,5.936,0.009254,-0.985534,-0.086878,-0.145218,img_232.jpg
30299,1280,720,635.3708,345.11157,995.1677,995.27124,-1.666,-0.138,5.947,0.012796,-0.988859,-0.077777,-0.126276,img_233.jpg
30369,1280,720,635.3708,345.11157,995.1677,995.27124,-1.729,-0.125,5.967,0.011865,-0.991574,-0.069268,-0.108818,img_234.jpg
30445,1280,720,635.3708,345.11157,995.1677,995.27124,-1.769,-0.122,5.977,0.016006,-0.992327,-0.069574,-0.100947,img_235.jpg
30528,1280,720,635.3708,345.11157,995.1677,995.27124,-1.814,-0.119,5.989,0.016632,-0.994765,-0.065967,-0.076252,img_236.jpg
30588,1280,720,635.3708,345.11157,995.1677,995.27124,-1.844,-0.118,5.997,-0.009835,0.996443,0.063922,0.054033,img_237.jpg
30662,1280,720,635.3708,345.11157,995.1677,995.27124,-1.876,-0.113,6.001,-0.005193,0.997363,0.066244,0.029182,img_238.jpg
30732,1280,720,635.3708,345.11157,995.1677,995.27124,-1.902,-0.105,6.003,-0.000464,0.997912,0.063991,0.008786,img_239.jpg
30805,1280,720,635.3708,345.11157,995.1677,995.27124,-1.936,-0.095,6.004,0.005105,0.998167,0.058440,-0.014855,img_240.jpg
30876,1280,720,635.3708,345.11157,995.1677,995.27124,-1.957,-0.090,6.004,0.003283,0.998067,0.055371,-0.028043,img_241.jpg
30945,1280,720,635.3708,345.11157,995.1677,995.27124,-1.974,-0.084,6.004,-0.000040,0.997927,0.051543,-0.038533,img_242.jpg
31028,1280,720,635.3708,345.11157,995.1677,995.27124,-1.989,-0.081,6.004,-0.002392,0.997764,0.047074,-0.047386,img_243.jpg
31092,1280,720,635.3708,345.11157,995.1677,995.27124,-2.003,-0.078,6.002,-0.003670,0.997835,0.039245,-0.052650,img_244.jpg
31157,1280,720,635.3708,345.11157,995.1677,995.27124,-2.014,-0.076,6.002,-0.006592,0.997657,0.034263,-0.058844,img_245.jpg
31245,1280,720,635.3708,345.11157,995.1677,995.27124,-2.026,-0.076,6.004,-0.009061,0.997090,0.038554,-0.065134,img_246.jpg,marker_7.png,0.26361692,0.26361692,-1.917,-0.272,6.633,-0.049086,0.722196,-0.688340,-0.688340
31311,1280,720,635.3708,345.11157,995.1677,995.27124,-2.031,-0.077,6.006,-0.006706,0.996626,0.044147,-0.068870,img_247.jpg
31393,1280,720,635.3708,345.11157,995.1677,995.27124,-2.035,-0.078,6.007,-0.006408,0.996483,0.044116,-0.070950,img_248.jpg
31461,1280,720,635.3708,345.11157,995.1677,995.27124,-2.039,-0.078,6.008,-0.006363,0.996400,0.043016,-0.072770,img_249.jpg
31531,1280,720,635.3708,345.11157,995.1677,995.27124,-2.042,-0.078,6.008,-0.006392,0.996180,0.042226,-0.076171,img_250.jpg
31601,1280,720,635.3708,345.11157,995.1677,995.27124,-2.044,-0.078,6.010,-0.006257,0.996054,0.043099,-0.077324,img_251.jpg
31679,1280,720,635.3708,345.11157,995.1677,995.27124,-2.046,-0.079,6.011,-0.006088,0.995715,0.047559,-0.079079,img_252.jpg
31746,1280,720,635.3708,345.11157,995.1677,995.27124,-2.048,-0.081,6.014,-0.005873,0.995512,0.052751,-0.078354,img_253.jpg
31828,1280,720,635.3708,345.11157,995.1677,995.27124,-2.053,-0.087,6.019,-0.006739,0.994661,0.069398,-0.076081,img_254.jpg,marker_7.png,0.26472571,0.26472571,-1.917,-0.270,6.632,-0.051243,0.721949,-0.688719,-0.688719
31901,1280,720,635.3708,345.11157,995.1677,995.27124,-2.066,-0.101,6.029,-0.011284,0.993657,0.095120,-0.058918,img_255.jpg
31977,1280,720,635.3708,345.11157,995.1677,995.27124,-2.084,-0.115,6.038,-0.017522,0.992453,0.114371,-0.040613,img_256.jpg
32046,1280,720,635.3708,345.11157,995.1677,995.27124,-2.108,-0.132,6.046,-0.023723,0.990548,0.134870,-0.007835,img_257.jpg
32128,1280,720,635.3708,345.11157,995.1677,995.27124,-2.141,-0.154,6.055,-0.033143,0.985842,0.160363,0.036069,img_258.jpg
32196,1280,720,635.3708,345.11157,995.1677,995.27124,-2.177,-0.175,6.064,0.043729,-0.977614,-0.186158,-0.087767,img_259.jpg
32261,1280,720,635.3708,345.11157,995.1677,995.27124,-2.215,-0.189,6.066,0.051438,-0.970510,-0.192677,-0.135424,img_260.jpg
32329,1280,720,635.3708,345.11157,995.1677,995.27124,-2.255,-0.196,6.065,0.056505,-0.961598,-0.196565,-0.183029,img_261.jpg
32400,1280,720,635.3708,345.11157,995.1677,995.27124,-2.324,-0.201,6.063,0.063926,-0.946870,-0.195346,-0.247368,img_262.jpg
32477,1280,720,635.3708,345.11157,995.1677,995.27124,-2.374,-0.201,6.059,0.062952,-0.932877,-0.184584,-0.302830,img_263.jpg
32565,1280,720,635.3708,345.11157,995.1677,995.27124,-2.428,-0.202,6.050,0.065684,-0.920001,-0.173056,-0.345449,img_264.jpg
32637,1280,720,635.3708,345.11157,995.1677,995.27124,-2.507,-0.190,6.031,0.054699,-0.898538,-0.141825,-0.411732,img_265.jpg
32730,1280,720,635.3708,345.11157,995.1677,995.27124,-2.555,-0.175,6.020,0.046286,-0.888954,-0.121570,-0.439135,img_266.jpg
32794,1280,720,635.3708,345.11157,995.1677,995.27124,-2.599,-0.163,6.007,0.040752,-0.877773,-0.112908,-0.463795,img_267.jpg
32870,1280,720,635.3708,345.11157,995.1677,995.27124,-2.667,-0.145,5.980,0.034114,-0.863537,-0.095329,-0.494017,img_268.jpg
32945,1280,720,635.3708,345.11157,995.1677,995.27124,-2.713,-0.138,5.966,0.033028,-0.852060,-0.089217,-0.514726,img_269.jpg
33028,1280,720,635.3708,345.11157,995.1677,995.27124,-2.745,-0.127,5.950,0.031505,-0.837695,-0.084191,-0.538689,img_270.jpg
33097,1280,720,635.3708,345.11157,995.1677,995.27124,-2.780,-0.116,5.930,0.032057,-0.822147,-0.076726,-0.563169,img_271.jpg
33165,1280,720,635.3708,345.11157,995.1677,995.27124,-2.838,-0.104,5.901,0.033406,-0.801115,-0.067805,-0.593718,img_272.jpg
33248,1280,720,635.3708,345.11157,995.1677,995.27124,-2.872,-0.101,5.886,0.030534,-0.791140,-0.061543,-0.607765,img_273.jpg
33315,1280,720,635.3708,345.11157,995.1677,995.27124,-2.914,-0.095,5.866,0.026938,-0.781322,-0.061837,-0.620472,img_274.jpg
33379,1280,720,635.3708,345.11157,995.1677,995.27124,-2.945,-0.091,5.853,0.020335,-0.775912,-0.059922,-0.627659,img_275.jpg
33449,1280,720,635.3708,345.11157,995.1677,995.27124,-2.975,-0.086,5.841,0.012886,-0.768923,-0.057002,-0.636665,img_276.jpg
33530,1280,720,635.3708,345.11157,995.1677,995.27124,-3.020,-0.080,5.822,0.022742,-0.753629,-0.061138,-0.654055,img_277.jpg
33612,1280,720,635.3708,345.11157,995.1677,995.27124,-3.037,-0.076,5.808,0.026577,-0.742727,-0.059901,-0.666380,img_278.jpg
33697,1280,720,635.3708,345.11157,995.1677,995.27124,-3.058,-0.074,5.795,0.036534,-0.743263,-0.065806,-0.664752,img_279.jpg
33759,1280,720,635.3708,345.11157,995.1677,995.27124,-3.075,-0.072,5.783,0.038021,-0.740820,-0.069561,-0.667010,img_280.jpg
33825,1280,720,635.3708,345.11157,995.1677,995.27124,-3.085,-0.071,5.771,0.041597,-0.742454,-0.069382,-0.664994,img_281.jpg
33912,1280,720,635.3708,345.11157,995.1677,995.27124,-3.105,-0.071,5.754,0.045322,-0.740904,-0.071891,-0.666213,img_282.jpg
33977,1280,720,635.3708,345.11157,995.1677,995.27124,-3.113,-0.070,5.745,0.046752,-0.740654,-0.074217,-0.666136,img_283.jpg
34064,1280,720,635.3708,345.11157,995.1677,995.27124,-3.121,-0.070,5.737,0.048317,-0.741342,-0.072537,-0.665445,img_284.jpg
34131,1280,720,635.3708,345.11157,995.1677,995.27124,-3.127,-0.071,5.731,0.050355,-0.742995,-0.073204,-0.663373,img_285.jpg
34198,1280,720,635.3708,345.11157,995.1677,995.27124,-3.135,-0.072,5.728,0.049346,-0.747363,-0.076921,-0.658101,img_286.jpg
34280,1280,720,635.3708,345.11157,995.1677,995.27124,-3.139,-0.072,5.728,0.048875,-0.749890,-0.078178,-0.655107,img_287.jpg
34363,1280,720,635.3708,345.11157,995.1677,995.27124,-3.142,-0.073,5.727,0.049209,-0.751696,-0.077680,-0.653068,img_288.jpg,marker_8.jpg,0.2693298,0.2693298,-3.717,-0.229,5.839,-0.465462,-0.552070,0.531373,0.531373
34431,1280,720,635.3708,345.11157,995.1677,995.27124,-3.144,-0.073,5.727,0.051072,-0.754164,-0.078892,-0.649926,img_289.jpg
34504,1280,720,635.3708,345.11157,995.1677,995.27124,-3.147,-0.074,5.728,0.050634,-0.757142,-0.079664,-0.646395,img_290.jpg
34580,1280,720,635.3708,345.11157,995.1677,995.27124,-3.149,-0.075,5.731,0.050219,-0.760749,-0.080040,-0.642131,img_291.jpg
34646,1280,720,635.3708,345.11157,995.1677,995.27124,-3.150,-0.074,5.732,0.048065,-0.763016,-0.079624,-0.639654,img_292.jpg
34731,1280,720,635.3708,345.11157,995.1677,995.27124,-3.151,-0.074,5.733,0.046978,-0.765211,-0.079266,-0.637152,img_293.jpg
34795,1280,720,635.3708,345.11157,995.1677,995.27124,-3.153,-0.074,5.733,0.045677,-0.766446,-0.079705,-0.635705,img_294.jpg,marker_8.jpg,0.2620004,0.2620004,-3.704,-0.226,5.837,-0.461701,-0.558098,0.522471,0.522471
34869,1280,720,635.3708,345.11157,995.1677,995.27124,-3.155,-0.073,5.731,0.041801,-0.770807,-0.081311,-0.630474,img_295.jpg
34946,1280,720,635.3708,345.11157,995.1677,995.27124,-3.156,-0.074,5.726,0.045065,-0.774944,-0.083427,-0.624877,img_296.jpg
35030,1280,720,635.3708,345.11157,995.1677,995.27124,-3.158,-0.077,5.705,0.047105,-0.770524,-0.079999,-0.630614,img_297.jpg
35112,1280,720,635.3708,345.11157,995.1677,995.27124,-3.159,-0.079,5.680,0.051465,-0.764356,-0.079037,-0.637860,img_298.jpg
35196,1280,720,635.3708,345.11157,995.1677,995.27124,-3.159,-0.080,5.648,0.054653,-0.759809,-0.075537,-0.643426,img_299.jpg
35261,1280,720,635.3708,345.11157,995.1677,995.27124,-3.150,-0.078,5.590,0.054322,-0.756158,-0.061739,-0.649201,img_300.jpg
35347,1280,720,635.3708,345.11157,995.1677,995.27124,-3.142,-0.078,5.546,0.055287,-0.756212,-0.056799,-0.649508,img_301.jpg
35414,1280,720,635.3708,345.11157,995.1677,995.27124,-3.131,-0.078,5.500,0.053831,-0.760684,-0.053044,-0.644708,img_302.jpg
35485,1280,720,635.3708,345.11157,995.1677,995.27124,-3.120,-0.076,5.449,0.057148,-0.763890,-0.053701,-0.640565,img_303.jpg
35556,1280,720,635.3708,345.11157,995.1677,995.27124,-3.109,-0.072,5.398,0.061363,-0.767213,-0.053779,-0.636182,img_304.jpg
35630,1280,720,635.3708,345.11157,995.1677,995.27124,-3.096,-0.066,5.323,0.063462,-0.773535,-0.057375,-0.627953,img_305.jpg
35714,1280,720,635.3708,345.11157,995.1677,995.27124,-3.089,-0.063,5.276,0.062275,-0.772024,-0.061146,-0.629573,img_306.jpg
35796,1280,720,635.3708,345.11157,995.1677,995.27124,-3.086,-0.061,5.225,0.062392,-0.765906,-0.057243,-0.637353,img_307.jpg
35862,1280,720,635.3708,345.11157,995.1677,995.27124,-3.089,-0.059,5.147,0.062693,-0.758541,-0.046651,-0.646922,img_308.jpg
35948,1280,720,635.3708,345.11157,995.1677,995.27124,-3.097,-0.061,5.092,0.062845,-0.751397,-0.041278,-0.655553,img_309.jpg
36029,1280,720,635.3708,345.11157,995.1677,995.27124,-3.106,-0.066,5.037,0.058306,-0.741145,-0.039661,-0.667632,img_310.jpg
36100,1280,720,635.3708,345.11157,995.1677,995.27124,-3.122,-0.073,4.978,0.057905,-0.730822,-0.043849,-0.678692,img_311.jpg
36173,1280,720,635.3708,345.11157,995.1677,995.27124,-3.149,-0.081,4.884,0.062669,-0.721974,-0.049360,-0.687306,img_312.jpg
36248,1280,720,635.3708,345.11157,995.1677,995.27124,-3.165,-0.078,4.822,0.064429,-0.717157,-0.051398,-0.692021,img_313.jpg
36320,1280,720,635.3708,345.11157,995.1677,995.27124,-3.180,-0.068,4.764,0.064287,-0.712230,-0.056902,-0.696676,img_314.jpg
36395,1280,720,635.3708,345.11157,995.1677,995.27124,-3.196,-0.053,4.685,0.049990,-0.707474,-0.052832,-0.702987,img_315.jpg
36481,1280,720,635.3708,345.11157,995.1677,995.27124,-3.210,-0.047,4.627,0.052495,-0.708448,-0.048320,-0.702148,img_316.jpg
36561,1280,720,635.3708,345.11157,995.1677,995.27124,-3.222,-0.040,4.552,0.047603,-0.702509,-0.047690,-0.708478,img_317.jpg
36631,1280,720,635.3708,345.11157,995.1677,995.27124,-3.228,-0.039,4.503,0.042006,-0.703857,-0.043850,-0.707741,img_318.jpg
36718,1280,720,635.3708,345.11157,995.1677,995.27124,-3.235,-0.039,4.454,0.033681,-0.702472,-0.038593,-0.709866,img_319.jpg
36791,1280,720,635.3708,345.11157,995.1677,995.27124,-3.235,-0.039,4.408,0.026918,-0.707321,-0.044181,-0.704997,img_320.jpg
36876,1280,720,635.3708,345.11157,995.1677,995.27124,-3.244,-0.036,4.337,0.040259,-0.720159,-0.060143,-0.690024,img_321.jpg
36964,1280,720,635.3708,345.11157,995.1677,995.27124,-3.249,-0.031,4.278,0.038292,-0.732594,-0.062344,-0.676722,img_322.jpg
37047,1280,720,635.3708,345.11157,995.1677,995.27124,-3.250,-0.029,4.251,0.032287,-0.741537,-0.064160,-0.667056,img_323.jpg
37112,1280,720,635.3708,345.11157,995.1677,995.27124,-3.252,-0.027,4.227,0.029504,-0.745969,-0.063842,-0.662257,img_324.jpg
37195,1280,720,635.3708,345.11157,995.1677,995.27124,-3.258,-0.025,4.197,0.031312,-0.753841,-0.062136,-0.653362,img_325.jpg
37264,1280,720,635.3708,345.11157,995.1677,995.27124,-3.262,-0.025,4.182,0.028395,-0.759281,-0.062268,-0.647155,img_326.jpg,marker_9.jpg,0.27368683,0.27368683,-3.962,-0.168,4.326,-0.455197,-0.562208,0.536595,0.536595
37349,1280,720,635.3708,345.11157,995.1677,995.27124,-3.269,-0.025,4.172,0.031039,-0.767019,-0.062430,-0.637826,img_327.jpg
37428,1280,720,635.3708,345.11157,995.1677,995.27124,-3.277,-0.025,4.162,0.029700,-0.775572,-0.062406,-0.627465,img_328.jpg
37514,1280,720,635.3708,345.11157,995.1677,995.27124,-3.281,-0.024,4.158,0.028262,-0.781459,-0.063393,-0.620085,img_329.jpg
37590,1280,720,635.3708,345.11157,995.1677,995.27124,-3.287,-0.023,4.154,0.027577,-0.785160,-0.060750,-0.615689,img_330.jpg
37668,1280,720,635.3708,345.11157,995.1677,995.27124,-3.296,-0.022,4.148,0.031773,-0.789688,-0.058698,-0.609868,img_331.jpg
37765,1280,720,635.3708,345.11157,995.1677,995.27124,-3.304,-0.022,4.141,0.031779,-0.791593,-0.060344,-0.607230,img_332.jpg
37847,1280,720,635.3708,345.11157,995.1677,995.27124,-3.313,-0.024,4.133,0.036767,-0.787338,-0.064105,-0.612077,img_333.jpg
37931,1280,720,635.3708,345.11157,995.1677,995.27124,-3.326,-0.027,4.113,0.037298,-0.773030,-0.064161,-0.630013,img_334.jpg,marker_9.jpg,0.27421743,0.27421743,-3.965,-0.168,4.324,-0.465035,-0.554473,0.529731,0.529731
38014,1280,720,635.3708,345.11157,995.1677,995.27124,-3.334,-0.029,4.091,0.043237,-0.764256,-0.063464,-0.640324,img_335.jpg
38092,1280,720,635.3708,345.11157,995.1677,995.27124,-3.339,-0.029,4.067,0.044438,-0.759729,-0.063755,-0.645580,img_336.jpg
38167,1280,720,635.3708,345.11157,995.1677,995.27124,-3.347,-0.028,4.019,0.047499,-0.756260,-0.057646,-0.649994,img_337.jpg
38249,1280,720,635.3708,345.11157,995.1677,995.27124,-3.349,-0.030,3.980,0.051076,-0.752274,-0.051395,-0.654854,img_338.jpg
38332,1280,720,635.3708,345.11157,995.1677,995.27124,-3.353,-0.031,3.909,0.051087,-0.744043,-0.043584,-0.664749,img_339.jpg
38413,1280,720,635.3708,345.11157,995.1677,995.27124,-3.355,-0.031,3.854,0.049538,-0.737589,-0.041033,-0.672179,img_340.jpg
38485,1280,720,635.3708,345.11157,995.1677,995.27124,-3.354,-0.029,3.794,0.048532,-0.733122,-0.037684,-0.677316,img_341.jpg
38558,1280,720,635.3708,345.11157,995.1677,995.27124,-3.353,-0.026,3.734,0.046536,-0.720260,-0.040393,-0.690962,img_342.jpg
38629,1280,720,635.3708,345.11157,995.1677,995.27124,-3.354,-0.022,3.675,0.047232,-0.710196,-0.043879,-0.701046,img_343.jpg
38713,1280,720,635.3708,345.11157,995.1677,995.27124,-3.355,-0.020,3.589,0.055435,-0.695712,-0.053483,-0.714179,img_344.jpg
38797,1280,720,635.3708,345.11157,995.1677,995.27124,-3.357,-0.017,3.504,0.061061,-0.684798,-0.047858,-0.724591,img_345.jpg
38878,1280,720,635.3708,345.11157,995.1677,995.27124,-3.361,-0.016,3.447,0.067333,-0.677447,-0.044458,-0.731133,img_346.jpg
38950,1280,720,635.3708,345.11157,995.1677,995.27124,-3.366,-0.016,3.393,0.069525,-0.673074,-0.041204,-0.735146,img_347.jpg
39026,1280,720,635.3708,345.11157,995.1677,995.27124,-3.371,-0.020,3.336,0.066230,-0.668913,-0.039251,-0.739343,img_348.jpg
39105,1280,720,635.3708,345.11157,995.1677,995.27124,-3.388,-0.028,3.254,0.057862,-0.663825,-0.040498,-0.744546,img_349.jpg
39179,1280,720,635.3708,345.11157,995.1677,995.27124,-3.404,-0.031,3.199,0.049803,-0.658466,-0.045513,-0.749580,img_350.jpg
39249,1280,720,635.3708,345.11157,995.1677,995.27124,-3.420,-0.031,3.143,0.043959,-0.654893,-0.049102,-0.752843,img_351.jpg
39317,1280,720,635.3708,345.11157,995.1677,995.27124,-3.442,-0.025,3.089,0.044720,-0.646796,-0.055360,-0.759335,img_352.jpg
39387,1280,720,635.3708,345.11157,995.1677,995.27124,-3.458,-0.013,3.036,0.042641,-0.646646,-0.051862,-0.759829,img_353.jpg
39454,1280,720,635.3708,345.11157,995.1677,995.27124,-3.472,-0.002,2.990,0.041603,-0.644744,-0.046429,-0.761852,img_354.jpg
39524,1280,720,635.3708,345.11157,995.1677,995.27124,-3.487,0.004,2.940,0.047422,-0.650496,-0.040694,-0.756934,img_355.jpg
39599,1280,720,635.3708,345.11157,995.1677,995.27124,-3.508,0.010,2.874,0.044417,-0.656204,-0.037100,-0.752361,img_356.jpg
39679,1280,720,635.3708,345.11157,995.1677,995.27124,-3.521,0.011,2.830,0.043638,-0.662661,-0.035001,-0.746828,img_357.jpg
39751,1280,720,635.3708,345.11157,995.1677,995.27124,-3.535,0.008,2.792,0.046200,-0.668675,-0.037025,-0.741194,img_358.jpg,marker_10.jpg,0.3051258,0.3051258,-4.272,-0.103,2.554,-0.393836,-0.593025,0.574725,0.574725
39824,1280,720,635.3708,345.11157,995.1677,995.27124,-3.538,0.005,2.758,0.042828,-0.677570,-0.041081,-0.733060,img_359.jpg
39892,1280,720,635.3708,345.11157,995.1677,995.27124,-3.546,0.010,2.700,0.030991,-0.692962,-0.045791,-0.718851,img_360.jpg
39981,1280,720,635.3708,345.11157,995.1677,995.27124,-3.550,0.016,2.661,0.029746,-0.703751,-0.047100,-0.708259,img_361.jpg
40047,1280,720,635.3708,345.11157,995.1677,995.27124,-3.551,0.023,2.629,0.028773,-0.711458,-0.045426,-0.700668,img_362.jpg
40131,1280,720,635.3708,345.11157,995.1677,995.27124,-3.555,0.030,2.588,0.027093,-0.724854,-0.046894,-0.686771,img_363.jpg
40212,1280,720,635.3708,345.11157,995.1677,995.27124,-3.559,0.031,2.565,0.030305,-0.730135,-0.047679,-0.680964,img_364.jpg
40289,1280,720,635.3708,345.11157,995.1677,995.27124,-3.562,0.034,2.547,0.031417,-0.737958,-0.047155,-0.672464,img_365.jpg,marker_10.jpg,0.26399568,0.26399568,-4.226,-0.103,2.586,-0.454303,-0.554499,0.534757,0.534757
40363,1280,720,635.3708,345.11157,995.1677,995.27124,-3.565,0.035,2.527,0.025601,-0.746990,-0.047646,-0.662632,img_366.jpg
40448,1280,720,635.3708,345.11157,995.1677,995.27124,-3.569,0.034,2.516,0.027953,-0.749806,-0.047089,-0.659388,img_367.jpg
40515,1280,720,635.3708,345.11157,995.1677,995.27124,-3.573,0.033,2.502,0.032670,-0.749003,-0.046801,-0.660104,img_368.jpg
40586,1280,720,635.3708,345.11157,995.1677,995.27124,-3.575,0.032,2.485,0.034517,-0.744159,-0.050217,-0.665217,img_369.jpg
40655,1280,720,635.3708,345.11157,995.1677,995.27124,-3.574,0.032,2.467,0.033566,-0.736678,-0.051273,-0.673462,img_370.jpg
40722,1280,720,635.3708,345.11157,995.1677,995.27124,-3.573,0.032,2.442,0.035700,-0.725791,-0.046172,-0.685435,img_371.jpg
40815,1280,720,635.3708,345.11157,995.1677,995.27124,-3.573,0.030,2.399,0.040984,-0.699939,-0.045739,-0.711558,img_372.jpg
40882,1280,720,635.3708,345.11157,995.1677,995.27124,-3.574,0.028,2.366,0.045672,-0.678246,-0.049484,-0.731743,img_373.jpg
40956,1280,720,635.3708,345.11157,995.1677,995.27124,-3.575,0.025,2.331,0.049677,-0.651604,-0.048444,-0.755379,img_374.jpg
41025,1280,720,635.3708,345.11157,995.1677,995.27124,-3.576,0.023,2.271,0.055068,-0.605717,-0.046589,-0.792404,img_375.jpg
41114,1280,720,635.3708,345.11157,995.1677,995.27124,-3.577,0.021,2.228,0.057860,-0.577406,-0.046534,-0.813074,img_376.jpg
41187,1280,720,635.3708,345.11157,995.1677,995.27124,-3.578,0.018,2.185,0.057708,-0.547029,-0.049349,-0.833663,img_377.jpg
41255,1280,720,635.3708,345.11157,995.1677,995.27124,-3.579,0.017,2.140,0.058171,-0.521409,-0.051676,-0.849752,img_378.jpg
41331,1280,720,635.3708,345.11157,995.1677,995.27124,-3.582,0.020,2.078,0.047809,-0.487720,-0.050290,-0.870238,img_379.jpg
41415,1280,720,635.3708,345.11157,995.1677,995.27124,-3.581,0.022,2.035,0.040545,-0.464307,-0.047678,-0.883460,img_380.jpg
41491,1280,720,635.3708,345.11157,995.1677,995.27124,-3.577,0.031,1.996,0.042505,-0.436123,-0.048232,-0.897588,img_381.jpg
41564,1280,720,635.3708,345.11157,995.1677,995.27124,-3.562,0.040,1.933,0.042614,-0.381624,-0.035561,-0.922650,img_382.jpg
41651,1280,720,635.3708,345.11157,995.1677,995.27124,-3.541,0.046,1.893,0.046271,-0.341914,-0.028450,-0.938160,img_383.jpg
41718,1280,720,635.3708,345.11157,995.1677,995.27124,-3.518,0.048,1.852,0.050693,-0.302429,-0.023446,-0.951534,img_384.jpg
41798,1280,720,635.3708,345.11157,995.1677,995.27124,-3.479,0.054,1.803,0.046210,-0.249998,-0.017695,-0.966981,img_385.jpg
41882,1280,720,635.3708,345.11157,995.1677,995.27124,-3.448,0.058,1.776,0.043002,-0.220927,-0.011396,-0.974275,img_386.jpg
41948,1280,720,635.3708,345.11157,995.1677,995.27124,-3.417,0.054,1.736,0.044887,-0.196431,-0.004983,-0.979477,img_387.jpg
42020,1280,720,635.3708,345.11157,995.1677,995.27124,-3.386,0.055,1.714,0.049613,-0.180357,0.000272,-0.982349,img_388.jpg
42095,1280,720,635.3708,345.11157,995.1677,995.27124,-3.334,0.055,1.683,0.051001,-0.156886,0.008044,-0.986266,img_389.jpg
42180,1280,720,635.3708,345.11157,995.1677,995.27124,-3.307,0.057,1.675,0.044357,-0.149153,-0.002409,-0.987816,img_390.jpg
42243,1280,720,635.3708,345.11157,995.1677,995.27124,-3.283,0.059,1.665,0.036615,-0.141975,-0.010959,-0.989132,img_391.jpg
42315,1280,720,635.3708,345.11157,995.1677,995.27124,-3.265,0.062,1.657,0.035225,-0.141993,-0.016149,-0.989109,img_392.jpg
42391,1280,720,635.3708,345.11157,995.1677,995.27124,-3.247,0.066,1.647,0.033295,-0.147085,-0.019861,-0.988364,img_393.jpg
42457,1280,720,635.3708,345.11157,995.1677,995.27124,-3.234,0.066,1.640,0.035021,-0.147391,-0.022233,-0.988208,img_394.jpg
42533,1280,720,635.3708,345.11157,995.1677,995.27124,-3.231,0.064,1.635,0.039749,-0.142104,-0.020136,-0.988848,img_395.jpg
42615,1280,720,635.3708,345.11157,995.1677,995.27124,-3.229,0.062,1.628,0.045126,-0.136481,-0.016668,-0.989474,img_396.jpg
42683,1280,720,635.3708,345.11157,995.1677,995.27124,-3.231,0.059,1.622,0.050885,-0.130690,-0.011862,-0.990046,img_397.jpg
42753,1280,720,635.3708,345.11157,995.1677,995.27124,-3.232,0.057,1.615,0.055858,-0.120318,-0.012158,-0.991088,img_398.jpg
42825,1280,720,635.3708,345.11157,995.1677,995.27124,-3.238,0.057,1.608,0.056142,-0.114443,-0.015877,-0.991715,img_399.jpg
42899,1280,720,635.3708,345.11157,995.1677,995.27124,-3.241,0.058,1.604,0.055301,-0.116010,-0.011522,-0.991640,img_400.jpg
42982,1280,720,635.3708,345.11157,995.1677,995.27124,-3.243,0.058,1.600,0.053750,-0.112620,-0.008910,-0.992143,img_401.jpg
43049,1280,720,635.3708,345.11157,995.1677,995.27124,-3.244,0.057,1.595,0.053976,-0.113762,-0.007403,-0.992013,img_402.jpg
43121,1280,720,635.3708,345.11157,995.1677,995.27124,-3.241,0.058,1.592,0.053880,-0.113836,-0.012992,-0.991952,img_403.jpg
43216,1280,720,635.3708,345.11157,995.1677,995.27124,-3.237,0.058,1.591,0.051816,-0.116765,-0.015809,-0.991681,img_404.jpg
43283,1280,720,635.3708,345.11157,995.1677,995.27124,-3.228,0.059,1.591,0.049695,-0.119153,-0.015999,-0.991502,img_405.jpg
43354,1280,720,635.3708,345.11157,995.1677,995.27124,-3.217,0.059,1.592,0.048108,-0.119464,-0.015908,-0.991545,img_406.jpg
43428,1280,720,635.3708,345.11157,995.1677,995.27124,-3.195,0.057,1.594,0.055021,-0.134384,-0.009197,-0.989358,img_407.jpg
43500,1280,720,635.3708,345.11157,995.1677,995.27124,-3.178,0.056,1.598,0.052543,-0.139934,-0.011096,-0.988704,img_408.jpg
43581,1280,720,635.3708,345.11157,995.1677,995.27124,-3.163,0.054,1.602,0.051983,-0.143931,-0.016099,-0.988090,img_409.jpg
43646,1280,720,635.3708,345.11157,995.1677,995.27124,-3.150,0.053,1.606,0.053241,-0.140936,-0.022273,-0.988335,img_410.jpg
43735,1280,720,635.3708,345.11157,995.1677,995.27124,-3.129,0.049,1.610,0.062817,-0.152056,-0.019562,-0.986180,img_411.jpg,marker_11.jpg,0.26609132,0.26609132,-3.408,-0.097,0.935,-0.702460,-0.066293,0.072843,0.072843
43816,1280,720,635.3708,345.11157,995.1677,995.27124,-3.117,0.048,1.614,0.065976,-0.156128,-0.017947,-0.985368,img_412.jpg
43899,1280,720,635.3708,345.11157,995.1677,995.27124,-3.101,0.048,1.619,0.072090,-0.167076,-0.018464,-0.983132,img_413.jpg,marker_11.jpg,0.26083007,0.26083007,-3.404,-0.096,0.947,-0.708513,-0.070038,0.079385,0.079385
43980,1280,720,635.3708,345.11157,995.1677,995.27124,-3.093,0.049,1.622,0.074263,-0.171735,-0.017452,-0.982185,img_414.jpg
44050,1280,720,635.3708,345.11157,995.1677,995.27124,-3.088,0.049,1.627,0.070636,-0.171039,-0.016447,-0.982591,img_415.jpg
44117,1280,720,635.3708,345.11157,995.1677,995.27124,-3.085,0.049,1.628,0.070561,-0.169785,-0.014191,-0.982849,img_416.jpg
44197,1280,720,635.3708,345.11157,995.1677,995.27124,-3.087,0.051,1.627,0.066354,-0.165863,-0.011093,-0.983851,img_417.jpg
44283,1280,720,635.3708,345.11157,995.1677,995.27124,-3.089,0.053,1.626,0.063880,-0.166337,-0.009762,-0.983949,img_418.jpg
44351,1280,720,635.3708,345.11157,995.1677,995.27124,-3.088,0.055,1.627,0.061270,-0.172804,-0.005773,-0.983032,img_419.jpg
44425,1280,720,635.3708,345.11157,995.1677,995.27124,-3.074,0.057,1.634,0.059334,-0.186279,-0.000200,-0.980704,img_420.jpg
44499,1280,720,635.3708,345.11157,995.1677,995.27124,-3.054,0.057,1.643,0.058220,-0.201241,-0.001011,-0.977810,img_421.jpg
44581,1280,720,635.3708,345.11157,995.1677,995.27124,-3.028,0.053,1.655,0.065525,-0.220340,-0.001634,-0.973218,img_422.jpg
44648,1280,720,635.3708,345.11157,995.1677,995.27124,-2.997,0.049,1.665,0.074175,-0.212482,-0.008759,-0.974306,img_423.jpg
44717,1280,720,635.3708,345.11157,995.1677,995.27124,-2.959,0.046,1.677,0.079237,-0.211432,-0.011759,-0.974105,img_424.jpg
44793,1280,720,635.3708,345.11157,995.1677,995.27124,-2.890,0.043,1.692,0.096089,-0.187869,-0.009237,-0.977439,img_425.jpg
44880,1280,720,635.3708,345.11157,995.1677,995.27124,-2.839,0.041,1.703,0.096501,-0.161604,-0.010122,-0.982074,img_426.jpg
44952,1280,720,635.3708,345.11157,995.1677,995.27124,-2.787,0.037,1.712,0.100318,-0.126604,-0.012799,-0.986785,img_427.jpg
45021,1280,720,635.3708,345.11157,995.1677,995.27124,-2.703,0.030,1.717,0.109564,-0.073229,-0.003186,-0.991273,img_428.jpg
45099,1280,720,635.3708,345.11157,995.1677,995.27124,-2.647,0.025,1.717,0.110775,-0.041154,0.002202,-0.992991,img_429.jpg
45183,1280,720,635.3708,345.11157,995.1677,995.27124,-2.588,0.017,1.716,0.109600,-0.010479,0.008518,-0.993884,img_430.jpg
45255,1280,720,635.3708,345.11157,995.1677,995.27124,-2.530,0.008,1.710,0.107442,0.014018,0.010811,-0.994054,img_431.jpg
45333,1280,720,635.3708,345.11157,995.1677,995.27124,-2.445,-0.002,1.696,0.103024,0.033176,0.002348,-0.994123,img_432.jpg
45416,1280,720,635.3708,345.11157,995.1677,995.27124,-2.390,-0.006,1.684,0.099884,0.040401,-0.006911,-0.994155,img_433.jpg
45484,1280,720,635.3708,345.11157,995.1677,995.27124,-2.328,-0.005,1.670,0.098937,0.051797,-0.009334,-0.993701,img_434.jpg
45562,1280,720,635.3708,345.11157,995.1677,995.27124,-2.221,0.003,1.650,0.119785,0.070581,-0.001065,-0.990287,img_435.jpg
45653,1280,720,635.3708,345.11157,995.1677,995.27124,-2.151,0.010,1.642,0.121918,0.078068,-0.001731,-0.989464,img_436.jpg
45721,1280,720,635.3708,345.11157,995.1677,995.27124,-2.054,0.022,1.640,0.115884,0.084953,0.015990,-0.989494,img_437.jpg
45800,1280,720,635.3708,345.11157,995.1677,995.27124,-1.996,0.029,1.645,0.105484,0.080396,0.020179,-0.990960,img_438.jpg
45885,1280,720,635.3708,345.11157,995.1677,995.27124,-1.938,0.034,1.651,0.094998,0.075591,0.018844,-0.992425,img_439.jpg
45950,1280,720,635.3708,345.11157,995.1677,995.27124,-1.879,0.036,1.661,0.085112,0.069247,0.015618,-0.993839,img_440.jpg
46019,1280,720,635.3708,345.11157,995.1677,995.27124,-1.787,0.037,1.679,0.071738,0.050937,0.012044,-0.996049,img_441.jpg
46100,1280,720,635.3708,345.11157,995.1677,995.27124,-1.724,0.038,1.691,0.066795,0.043347,0.006599,-0.996803,img_442.jpg
46183,1280,720,635.3708,345.11157,995.1677,995.27124,-1.662,0.044,1.700,0.076926,0.048739,0.005789,-0.995828,img_443.jpg
46250,1280,720,635.3708,345.11157,995.1677,995.27124,-1.579,0.060,1.717,0.078184,0.040127,-0.001162,-0.996130,img_444.jpg
46338,1280,720,635.3708,345.11157,995.1677,995.27124,-1.530,0.069,1.721,0.081450,0.029633,-0.000703,-0.996237,img_445.jpg
46417,1280,720,635.3708,345.11157,995.1677,995.27124,-1.483,0.076,1.724,0.081990,0.019173,-0.001050,-0.996448,img_446.jpg
46480,1280,720,635.3708,345.11157,995.1677,995.27124,-1.450,0.077,1.725,0.085873,0.009682,-0.000216,-0.996259,img_447.jpg
46556,1280,720,635.3708,345.11157,995.1677,995.27124,-1.416,0.077,1.725,0.082996,-0.001246,0.002148,-0.996547,img_448.jpg
46627,1280,720,635.3708,345.11157,995.1677,995.27124,-1.392,0.075,1.725,0.075655,-0.021124,0.006759,-0.996887,img_449.jpg
46700,1280,720,635.3708,345.11157,995.1677,995.27124,-1.379,0.073,1.724,0.068701,-0.032423,0.004369,-0.997101,img_450.jpg
46782,1280,720,635.3708,345.11157,995.1677,995.27124,-1.364,0.072,1.723,0.062815,-0.040181,-0.000204,-0.997216,img_451.jpg
46852,1280,720,635.3708,345.11157,995.1677,995.27124,-1.350,0.072,1.720,0.056295,-0.051240,-0.004647,-0.997088,img_452.jpg
46923,1280,720,635.3708,345.11157,995.1677,995.27124,-1.334,0.072,1.716,0.051366,-0.062064,-0.009463,-0.996705,img_453.jpg,marker_12.jpg,0.27805945,0.27805945,-1.422,-0.123,0.993,-0.715776,-0.091126,0.067046,0.067046
46999,1280,720,635.3708,345.11157,995.1677,995.27124,-1.317,0.072,1.708,0.051352,-0.070212,-0.010227,-0.996157,img_454.jpg
47084,1280,720,635.3708,345.11157,995.1677,995.27124,-1.308,0.072,1.709,0.044937,-0.077693,-0.010130,-0.995913,img_455.jpg
47152,1280,720,635.3708,345.11157,995.1677,995.27124,-1.297,0.070,1.710,0.051917,-0.088399,-0.006214,-0.994712,img_456.jpg
47223,1280,720,635.3708,345.11157,995.1677,995.27124,-1.281,0.071,1.717,0.046967,-0.090125,-0.008761,-0.994784,img_457.jpg
47300,1280,720,635.3708,345.11157,995.1677,995.27124,-1.268,0.073,1.724,0.041554,-0.098798,-0.008263,-0.994205,img_458.jpg
47382,1280,720,635.3708,345.11157,995.1677,995.27124,-1.257,0.076,1.730,0.042634,-0.101085,-0.009768,-0.993916,img_459.jpg
47448,1280,720,635.3708,345.11157,995.1677,995.27124,-1.247,0.079,1.737,0.040687,-0.099964,-0.010891,-0.994099,img_460.jpg
47538,1280,720,635.3708,345.11157,995.1677,995.27124,-1.234,0.082,1.745,0.039410,-0.099259,-0.010489,-0.994226,img_461.jpg,marker_12.jpg,0.27661023,0.27661023,-1.421,-0.121,0.995,-0.716777,-0.087501,0.063064,0.063064
47617,1280,720,635.3708,345.11157,995.1677,995.27124,-1.226,0.081,1.750,0.043096,-0.101499,-0.009970,-0.993852,img_462.jpg
47692,1280,720,635.3708,345.11157,995.1677,995.27124,-1.216,0.080,1.755,0.044991,-0.110436,-0.010562,-0.992808,img_463.jpg
