time,sizeX,sizeY,p_x,p_y,f_x,f_y,pos_X,pos_Y,pos_Z,q_x,q_y,q_z,q_w,marker_ID,marker_x,marker_y,marker_z,marker_qx,marker_qy,marker_qz,marker_qw,marker_ID,marker_x,marker_y,marker_z,marker_qx,marker_qy,marker_qz,marker_qw,marker_ID,marker_x,marker_y,marker_z,marker_qx,marker_qy,marker_qz,marker_qw,
13015,1280,720,631.94293,353.39117,986.8637,986.74805,0.320,-0.197,1.125,0.004074,-0.023503,0.007042,-0.999691,img_1.jpg
13093,1280,720,631.94293,353.39117,986.8637,986.74805,0.321,-0.197,1.126,0.004524,-0.023371,0.007108,-0.999691,img_2.jpg
13178,1280,720,631.94293,353.39117,986.8637,986.74805,0.321,-0.197,1.129,0.006754,-0.021682,0.006683,-0.999720,img_3.jpg
13260,1280,720,631.94293,353.39117,986.8637,986.74805,0.324,-0.197,1.129,0.008482,-0.022305,0.007210,-0.999689,img_4.jpg,marker_1.jpg,0.26791075,0.26791075,0.278,-0.212,0.479,-0.716652,0.004908,0.001489,0.001489
13339,1280,720,631.94293,353.39117,986.8637,986.74805,0.325,-0.197,1.130,0.009722,-0.023404,0.007272,-0.999652,img_5.jpg
13428,1280,720,631.94293,353.39117,986.8637,986.74805,0.329,-0.193,1.134,0.011596,-0.026952,0.006135,-0.999551,img_6.jpg
13505,1280,720,631.94293,353.39117,986.8637,986.74805,0.330,-0.193,1.137,0.010700,-0.028001,0.005561,-0.999535,img_7.jpg
13592,1280,720,631.94293,353.39117,986.8637,986.74805,0.332,-0.192,1.137,0.012092,-0.028561,0.005463,-0.999504,img_8.jpg
13658,1280,720,631.94293,353.39117,986.8637,986.74805,0.333,-0.192,1.137,0.016513,-0.029852,0.005671,-0.999402,img_9.jpg
13731,1280,720,631.94293,353.39117,986.8637,986.74805,0.334,-0.191,1.136,0.020516,-0.029327,0.004822,-0.999348,img_10.jpg
13801,1280,720,631.94293,353.39117,986.8637,986.74805,0.332,-0.191,1.134,0.025759,-0.026992,0.004351,-0.999294,img_11.jpg
13873,1280,720,631.94293,353.39117,986.8637,986.74805,0.331,-0.191,1.132,0.031488,-0.026512,0.002899,-0.999148,img_12.jpg,marker_1.jpg,0.26815158,0.26815158,0.278,-0.211,0.479,-0.709596,0.007727,-0.001361,-0.001361
13957,1280,720,631.94293,353.39117,986.8637,986.74805,0.328,-0.194,1.129,0.041298,-0.029128,0.003489,-0.998716,img_13.jpg
14027,1280,720,631.94293,353.39117,986.8637,986.74805,0.328,-0.196,1.125,0.054420,-0.023553,0.003442,-0.998234,img_14.jpg
14099,1280,720,631.94293,353.39117,986.8637,986.74805,0.332,-0.198,1.125,0.058234,-0.026721,0.007599,-0.997916,img_15.jpg
14193,1280,720,631.94293,353.39117,986.8637,986.74805,0.345,-0.197,1.129,0.064582,-0.015889,0.005940,-0.997768,img_16.jpg
14261,1280,720,631.94293,353.39117,986.8637,986.74805,0.360,-0.197,1.133,0.061173,-0.007068,0.010885,-0.998043,img_17.jpg
14330,1280,720,631.94293,353.39117,986.8637,986.74805,0.384,-0.195,1.141,0.055820,0.002492,0.016634,-0.998299,img_18.jpg
14402,1280,720,631.94293,353.39117,986.8637,986.74805,0.414,-0.194,1.146,0.053525,0.010991,0.024523,-0.998205,img_19.jpg
14471,1280,720,631.94293,353.39117,986.8637,986.74805,0.452,-0.197,1.156,0.051221,0.020034,0.027684,-0.998103,img_20.jpg
14540,1280,720,631.94293,353.39117,986.8637,986.74805,0.519,-0.199,1.178,0.051332,0.022438,0.032549,-0.997899,img_21.jpg
14627,1280,720,631.94293,353.39117,986.8637,986.74805,0.575,-0.197,1.196,0.047271,0.017313,0.035713,-0.998093,img_22.jpg
14700,1280,720,631.94293,353.39117,986.8637,986.74805,0.630,-0.192,1.217,0.042602,0.012408,0.034816,-0.998408,img_23.jpg
14778,1280,720,631.94293,353.39117,986.8637,986.74805,0.708,-0.181,1.248,0.049851,0.010591,0.029628,-0.998261,img_24.jpg
14859,1280,720,631.94293,353.39117,986.8637,986.74805,0.756,-0.174,1.269,0.049776,0.010156,0.023967,-0.998421,img_25.jpg
14946,1280,720,631.94293,353.39117,986.8637,986.74805,0.824,-0.167,1.291,0.059921,0.007715,0.019504,-0.997983,img_26.jpg
15028,1280,720,631.94293,353.39117,986.8637,986.74805,0.869,-0.166,1.301,0.072748,-0.001383,0.023589,-0.997070,img_27.jpg
15111,1280,720,631.94293,353.39117,986.8637,986.74805,0.940,-0.167,1.312,0.078795,0.014741,0.034205,-0.996195,img_28.jpg
15193,1280,720,631.94293,353.39117,986.8637,986.74805,0.990,-0.168,1.314,0.081721,0.042150,0.037911,-0.995042,img_29.jpg
15263,1280,720,631.94293,353.39117,986.8637,986.74805,1.040,-0.170,1.316,0.078101,0.075068,0.037899,-0.993393,img_30.jpg
15338,1280,720,631.94293,353.39117,986.8637,986.74805,1.092,-0.172,1.314,0.077092,0.101753,0.036117,-0.991160,img_31.jpg
15409,1280,720,631.94293,353.39117,986.8637,986.74805,1.173,-0.172,1.307,0.073965,0.131446,0.031078,-0.988072,img_32.jpg
15493,1280,720,631.94293,353.39117,986.8637,986.74805,1.227,-0.170,1.296,0.076589,0.143408,0.030921,-0.986211,img_33.jpg
15562,1280,720,631.94293,353.39117,986.8637,986.74805,1.281,-0.164,1.283,0.077767,0.159853,0.029952,-0.983617,img_34.jpg
15631,1280,720,631.94293,353.39117,986.8637,986.74805,1.336,-0.155,1.267,0.085468,0.182963,0.029859,-0.978942,img_35.jpg
15710,1280,720,631.94293,353.39117,986.8637,986.74805,1.415,-0.144,1.251,0.081644,0.198447,0.034142,-0.976108,img_36.jpg
15794,1280,720,631.94293,353.39117,986.8637,986.74805,1.467,-0.141,1.238,0.085189,0.207798,0.042732,-0.973518,img_37.jpg
15859,1280,720,631.94293,353.39117,986.8637,986.74805,1.518,-0.139,1.225,0.089325,0.218581,0.048274,-0.970522,img_38.jpg
15930,1280,720,631.94293,353.39117,986.8637,986.74805,1.572,-0.138,1.212,0.087740,0.226817,0.053060,-0.968525,img_39.jpg
16003,1280,720,631.94293,353.39117,986.8637,986.74805,1.652,-0.141,1.191,0.084760,0.248273,0.056371,-0.963327,img_40.jpg
16077,1280,720,631.94293,353.39117,986.8637,986.74805,1.710,-0.142,1.178,0.081098,0.265016,0.053553,-0.959334,img_41.jpg
16159,1280,720,631.94293,353.39117,986.8637,986.74805,1.769,-0.140,1.168,0.072607,0.280817,0.050044,-0.955702,img_42.jpg
16226,1280,720,631.94293,353.39117,986.8637,986.74805,1.827,-0.137,1.156,0.068498,0.293517,0.052545,-0.952048,img_43.jpg
16307,1280,720,631.94293,353.39117,986.8637,986.74805,1.885,-0.129,1.145,0.063177,0.311045,0.051870,-0.946873,img_44.jpg
16390,1280,720,631.94293,353.39117,986.8637,986.74805,1.964,-0.113,1.129,0.050697,0.340128,0.042568,-0.938046,img_45.jpg
16479,1280,720,631.94293,353.39117,986.8637,986.74805,2.032,-0.099,1.111,0.044385,0.370950,0.036619,-0.926868,img_46.jpg
16559,1280,720,631.94293,353.39117,986.8637,986.74805,2.074,-0.091,1.099,0.040487,0.394200,0.034645,-0.917479,img_47.jpg
16634,1280,720,631.94293,353.39117,986.8637,986.74805,2.127,-0.086,1.082,0.038675,0.417029,0.032608,-0.907484,img_48.jpg
16708,1280,720,631.94293,353.39117,986.8637,986.74805,2.186,-0.081,1.057,0.037777,0.449472,0.028114,-0.892053,img_49.jpg
16795,1280,720,631.94293,353.39117,986.8637,986.74805,2.225,-0.082,1.036,0.038839,0.468301,0.027282,-0.882293,img_50.jpg
16868,1280,720,631.94293,353.39117,986.8637,986.74805,2.265,-0.085,1.014,0.039737,0.487280,0.028391,-0.871879,img_51.jpg
16952,1280,720,631.94293,353.39117,986.8637,986.74805,2.323,-0.087,0.976,0.042960,0.513528,0.028056,-0.856537,img_52.jpg
17045,1280,720,631.94293,353.39117,986.8637,986.74805,2.378,-0.086,0.938,0.036034,0.541919,0.024164,-0.839310,img_53.jpg
17128,1280,720,631.94293,353.39117,986.8637,986.74805,2.417,-0.084,0.913,0.047444,0.564848,0.030733,-0.823257,img_54.jpg
17206,1280,720,631.94293,353.39117,986.8637,986.74805,2.468,-0.077,0.884,0.052222,0.599016,0.042523,-0.797900,img_55.jpg
17294,1280,720,631.94293,353.39117,986.8637,986.74805,2.501,-0.076,0.869,0.052602,0.617810,0.054468,-0.782673,img_56.jpg
17377,1280,720,631.94293,353.39117,986.8637,986.74805,2.554,-0.077,0.846,0.061701,0.641438,0.063389,-0.762058,img_57.jpg
17461,1280,720,631.94293,353.39117,986.8637,986.74805,2.577,-0.076,0.834,0.058681,0.653000,0.059606,-0.752725,img_58.jpg
17537,1280,720,631.94293,353.39117,986.8637,986.74805,2.599,-0.077,0.822,0.056949,0.656985,0.060212,-0.749334,img_59.jpg
17615,1280,720,631.94293,353.39117,986.8637,986.74805,2.630,-0.079,0.806,0.053326,0.655223,0.059226,-0.751220,img_60.jpg
17694,1280,720,631.94293,353.39117,986.8637,986.74805,2.644,-0.079,0.797,0.055660,0.653882,0.060252,-0.752137,img_61.jpg
17774,1280,720,631.94293,353.39117,986.8637,986.74805,2.658,-0.080,0.789,0.055629,0.655732,0.060424,-0.750513,img_62.jpg
17861,1280,720,631.94293,353.39117,986.8637,986.74805,2.673,-0.082,0.782,0.057409,0.657073,0.061219,-0.749141,img_63.jpg
17938,1280,720,631.94293,353.39117,986.8637,986.74805,2.683,-0.083,0.777,0.058330,0.659903,0.062798,-0.746446,img_64.jpg
18028,1280,720,631.94293,353.39117,986.8637,986.74805,2.691,-0.084,0.776,0.058456,0.661253,0.065261,-0.745029,img_65.jpg
18101,1280,720,631.94293,353.39117,986.8637,986.74805,2.697,-0.084,0.775,0.058565,0.662934,0.065500,-0.743504,img_66.jpg
18179,1280,720,631.94293,353.39117,986.8637,986.74805,2.701,-0.084,0.774,0.056789,0.663793,0.065843,-0.742845,img_67.jpg
18261,1280,720,631.94293,353.39117,986.8637,986.74805,2.704,-0.084,0.775,0.056169,0.664602,0.066131,-0.742143,img_68.jpg
18329,1280,720,631.94293,353.39117,986.8637,986.74805,2.706,-0.084,0.774,0.056532,0.664552,0.065969,-0.742174,img_69.jpg
18406,1280,720,631.94293,353.39117,986.8637,986.74805,2.707,-0.083,0.774,0.056294,0.663672,0.065668,-0.743007,img_70.jpg
18478,1280,720,631.94293,353.39117,986.8637,986.74805,2.708,-0.083,0.774,0.056205,0.662345,0.066090,-0.744159,img_71.jpg
18560,1280,720,631.94293,353.39117,986.8637,986.74805,2.708,-0.083,0.774,0.055296,0.661539,0.065726,-0.744975,img_72.jpg
18632,1280,720,631.94293,353.39117,986.8637,986.74805,2.709,-0.083,0.775,0.055539,0.660930,0.065849,-0.745487,img_73.jpg
18702,1280,720,631.94293,353.39117,986.8637,986.74805,2.709,-0.083,0.775,0.053940,0.658893,0.064757,-0.747501,img_74.jpg
18794,1280,720,631.94293,353.39117,986.8637,986.74805,2.709,-0.083,0.776,0.050666,0.656321,0.063693,-0.750079,img_75.jpg
18862,1280,720,631.94293,353.39117,986.8637,986.74805,2.708,-0.082,0.777,0.049947,0.655373,0.063526,-0.750970,img_76.jpg
18938,1280,720,631.94293,353.39117,986.8637,986.74805,2.706,-0.081,0.777,0.047664,0.655001,0.062383,-0.751538,img_77.jpg
19028,1280,720,631.94293,353.39117,986.8637,986.74805,2.705,-0.081,0.777,0.046992,0.655016,0.061113,-0.751672,img_78.jpg
19097,1280,720,631.94293,353.39117,986.8637,986.74805,2.705,-0.080,0.778,0.045829,0.654291,0.059961,-0.752468,img_79.jpg
19175,1280,720,631.94293,353.39117,986.8637,986.74805,2.704,-0.079,0.777,0.045326,0.654232,0.058993,-0.752626,img_80.jpg
19261,1280,720,631.94293,353.39117,986.8637,986.74805,2.703,-0.079,0.778,0.044661,0.654334,0.058580,-0.752609,img_81.jpg
19333,1280,720,631.94293,353.39117,986.8637,986.74805,2.703,-0.078,0.778,0.044111,0.654272,0.057819,-0.752754,img_82.jpg
19411,1280,720,631.94293,353.39117,986.8637,986.74805,2.701,-0.077,0.779,0.042438,0.655215,0.055572,-0.752200,img_83.jpg
19495,1280,720,631.94293,353.39117,986.8637,986.74805,2.701,-0.077,0.780,0.041688,0.655518,0.055188,-0.752006,img_84.jpg
19571,1280,720,631.94293,353.39117,986.8637,986.74805,2.699,-0.076,0.780,0.040225,0.657991,0.053485,-0.750046,img_85.jpg
19661,1280,720,631.94293,353.39117,986.8637,986.74805,2.700,-0.076,0.780,0.039681,0.660611,0.052956,-0.747806,img_86.jpg
19734,1280,720,631.94293,353.39117,986.8637,986.74805,2.700,-0.075,0.778,0.040916,0.669604,0.051720,-0.739785,img_87.jpg
19828,1280,720,631.94293,353.39117,986.8637,986.74805,2.700,-0.075,0.776,0.042653,0.673486,0.052835,-0.736074,img_88.jpg
19897,1280,720,631.94293,353.39117,986.8637,986.74805,2.701,-0.075,0.773,0.045449,0.678430,0.054346,-0.731242,img_89.jpg
19977,1280,720,631.94293,353.39117,986.8637,986.74805,2.702,-0.074,0.766,0.047583,0.683432,0.057820,-0.726164,img_90.jpg
20063,1280,720,631.94293,353.39117,986.8637,986.74805,2.704,-0.074,0.761,0.048624,0.686490,0.058940,-0.723114,img_91.jpg
20140,1280,720,631.94293,353.39117,986.8637,986.74805,2.704,-0.074,0.752,0.048893,0.686795,0.058335,-0.722855,img_92.jpg
20228,1280,720,631.94293,353.39117,986.8637,986.74805,2.704,-0.075,0.747,0.049179,0.684546,0.058296,-0.724969,img_93.jpg
20294,1280,720,631.94293,353.39117,986.8637,986.74805,2.704,-0.075,0.742,0.049353,0.682193,0.058598,-0.727148,img_94.jpg
20364,1280,720,631.94293,353.39117,986.8637,986.74805,2.704,-0.075,0.737,0.049332,0.679999,0.058792,-0.729185,img_95.jpg
20432,1280,720,631.94293,353.39117,986.8637,986.74805,2.705,-0.075,0.733,0.048317,0.677933,0.057671,-0.731263,img_96.jpg
20500,1280,720,631.94293,353.39117,986.8637,986.74805,2.706,-0.075,0.726,0.046773,0.676644,0.054841,-0.732774,img_97.jpg
20577,1280,720,631.94293,353.39117,986.8637,986.74805,2.708,-0.076,0.723,0.044678,0.676504,0.052440,-0.733210,img_98.jpg
20662,1280,720,631.94293,353.39117,986.8637,986.74805,2.710,-0.076,0.721,0.043000,0.676987,0.051085,-0.732960,img_99.jpg,marker_3.jpg,0.2586788,0.2586788,3.406,-0.186,0.672,-0.517823,0.499677,-0.469363,-0.469363
20731,1280,720,631.94293,353.39117,986.8637,986.74805,2.711,-0.077,0.720,0.039767,0.678189,0.049136,-0.732164,img_100.jpg
20803,1280,720,631.94293,353.39117,986.8637,986.74805,2.716,-0.079,0.718,0.035092,0.679503,0.046959,-0.731327,img_101.jpg
20879,1280,720,631.94293,353.39117,986.8637,986.74805,2.720,-0.082,0.718,0.032084,0.678611,0.045647,-0.732376,img_102.jpg
20961,1280,720,631.94293,353.39117,986.8637,986.74805,2.723,-0.085,0.716,0.029486,0.678278,0.043586,-0.732919,img_103.jpg
21036,1280,720,631.94293,353.39117,986.8637,986.74805,2.731,-0.089,0.715,0.027517,0.676842,0.044866,-0.734244,img_104.jpg
21130,1280,720,631.94293,353.39117,986.8637,986.74805,2.736,-0.092,0.715,0.030713,0.677503,0.047292,-0.733355,img_105.jpg,marker_3.jpg,0.26048285,0.26048285,3.409,-0.187,0.671,-0.517473,0.501852,-0.474058,-0.474058
21207,1280,720,631.94293,353.39117,986.8637,986.74805,2.739,-0.094,0.717,0.033855,0.677290,0.050407,-0.733206,img_106.jpg
21295,1280,720,631.94293,353.39117,986.8637,986.74805,2.740,-0.094,0.721,0.036664,0.674944,0.053348,-0.735024,img_107.jpg
21370,1280,720,631.94293,353.39117,986.8637,986.74805,2.738,-0.094,0.729,0.040760,0.668600,0.053512,-0.740573,img_108.jpg
21461,1280,720,631.94293,353.39117,986.8637,986.74805,2.738,-0.094,0.736,0.043070,0.663009,0.055134,-0.745335,img_109.jpg
21534,1280,720,631.94293,353.39117,986.8637,986.74805,2.731,-0.093,0.757,0.046409,0.652858,0.060675,-0.753619,img_110.jpg
21628,1280,720,631.94293,353.39117,986.8637,986.74805,2.727,-0.093,0.777,0.046345,0.649486,0.062861,-0.756352,img_111.jpg
21701,1280,720,631.94293,353.39117,986.8637,986.74805,2.725,-0.092,0.801,0.048298,0.653353,0.066095,-0.752614,img_112.jpg
21785,1280,720,631.94293,353.39117,986.8637,986.74805,2.722,-0.092,0.850,0.041489,0.662860,0.070257,-0.744285,img_113.jpg,marker_3.jpg,0.26579452,0.26579452,3.420,-0.188,0.671,-0.512794,0.504785,-0.479298,-0.479298
21860,1280,720,631.94293,353.39117,986.8637,986.74805,2.723,-0.091,0.889,0.041627,0.663935,0.070396,-0.743305,img_114.jpg
21941,1280,720,631.94293,353.39117,986.8637,986.74805,2.729,-0.090,0.958,0.051822,0.668673,0.070592,-0.738382,img_115.jpg
22030,1280,720,631.94293,353.39117,986.8637,986.74805,2.730,-0.089,1.010,0.050396,0.671040,0.068684,-0.736511,img_116.jpg
22112,1280,720,631.94293,353.39117,986.8637,986.74805,2.730,-0.085,1.096,0.046650,0.674676,0.071511,-0.733159,img_117.jpg
22195,1280,720,631.94293,353.39117,986.8637,986.74805,2.728,-0.080,1.156,0.046853,0.679613,0.071746,-0.728548,img_118.jpg
22274,1280,720,631.94293,353.39117,986.8637,986.74805,2.725,-0.073,1.245,0.046326,0.677457,0.074200,-0.730343,img_119.jpg
22361,1280,720,631.94293,353.39117,986.8637,986.74805,2.726,-0.070,1.302,0.052487,0.671384,0.075340,-0.735400,img_120.jpg
22433,1280,720,631.94293,353.39117,986.8637,986.74805,2.729,-0.070,1.358,0.055318,0.669901,0.077842,-0.736283,img_121.jpg
22509,1280,720,631.94293,353.39117,986.8637,986.74805,2.738,-0.071,1.443,0.050915,0.675944,0.085735,-0.730176,img_122.jpg
22597,1280,720,631.94293,353.39117,986.8637,986.74805,2.744,-0.073,1.495,0.046147,0.677855,0.086669,-0.728610,img_123.jpg
22672,1280,720,631.94293,353.39117,986.8637,986.74805,2.760,-0.080,1.576,0.041664,0.683420,0.093771,-0.722778,img_124.jpg
22761,1280,720,631.94293,353.39117,986.8637,986.74805,2.772,-0.086,1.629,0.039731,0.686532,0.092397,-0.720110,img_125.jpg
22831,1280,720,631.94293,353.39117,986.8637,986.74805,2.787,-0.094,1.685,0.043159,0.692714,0.091096,-0.714133,img_126.jpg
22905,1280,720,631.94293,353.39117,986.8637,986.74805,2.810,-0.101,1.773,0.041848,0.706325,0.083383,-0.701713,img_127.jpg
22999,1280,720,631.94293,353.39117,986.8637,986.74805,2.826,-0.101,1.834,0.045084,0.715624,0.077732,-0.692681,img_128.jpg
23076,1280,720,631.94293,353.39117,986.8637,986.74805,2.841,-0.094,1.924,0.042678,0.727289,0.074246,-0.680968,img_129.jpg
23161,1280,720,631.94293,353.39117,986.8637,986.74805,2.850,-0.088,1.990,0.039797,0.738443,0.079260,-0.668458,img_130.jpg
23243,1280,720,631.94293,353.39117,986.8637,986.74805,2.863,-0.083,2.089,0.030990,0.749851,0.077280,-0.656347,img_131.jpg
23330,1280,720,631.94293,353.39117,986.8637,986.74805,2.870,-0.085,2.158,0.022478,0.756204,0.078678,-0.649199,img_132.jpg
23405,1280,720,631.94293,353.39117,986.8637,986.74805,2.881,-0.093,2.262,0.016912,0.761372,0.081176,-0.642990,img_133.jpg
23513,1280,720,631.94293,353.39117,986.8637,986.74805,2.886,-0.096,2.370,0.018946,0.765533,0.082345,-0.637824,img_134.jpg
23612,1280,720,631.94293,353.39117,986.8637,986.74805,2.886,-0.087,2.477,0.023684,0.764645,0.079193,-0.639129,img_135.jpg
23695,1280,720,631.94293,353.39117,986.8637,986.74805,2.891,-0.079,2.543,0.033259,0.769146,0.079916,-0.633183,img_136.jpg
23775,1280,720,631.94293,353.39117,986.8637,986.74805,2.899,-0.072,2.638,0.035245,0.763063,0.079415,-0.640457,img_137.jpg
23861,1280,720,631.94293,353.39117,986.8637,986.74805,2.909,-0.071,2.697,0.034583,0.762274,0.085969,-0.640587,img_138.jpg
23939,1280,720,631.94293,353.39117,986.8637,986.74805,2.928,-0.078,2.785,0.034272,0.762513,0.085853,-0.640335,img_139.jpg
24030,1280,720,631.94293,353.39117,986.8637,986.74805,2.942,-0.087,2.846,0.034918,0.762998,0.085505,-0.639769,img_140.jpg
24099,1280,720,631.94293,353.39117,986.8637,986.74805,2.967,-0.101,2.941,0.034943,0.766218,0.076177,-0.637092,img_141.jpg
24196,1280,720,631.94293,353.39117,986.8637,986.74805,2.985,-0.107,3.006,0.033764,0.767416,0.069124,-0.636518,img_142.jpg
24263,1280,720,631.94293,353.39117,986.8637,986.74805,3.019,-0.105,3.107,0.039223,0.775554,0.081284,-0.624796,img_143.jpg
24347,1280,720,631.94293,353.39117,986.8637,986.74805,3.036,-0.096,3.170,0.034315,0.780957,0.072116,-0.619458,img_144.jpg
24418,1280,720,631.94293,353.39117,986.8637,986.74805,3.054,-0.091,3.235,0.029782,0.785847,0.077453,-0.612829,img_145.jpg
24496,1280,720,631.94293,353.39117,986.8637,986.74805,3.075,-0.084,3.320,0.022366,0.783937,0.072539,-0.616182,img_146.jpg
24579,1280,720,631.94293,353.39117,986.8637,986.74805,3.087,-0.084,3.376,0.017826,0.780031,0.065570,-0.622041,img_147.jpg
24666,1280,720,631.94293,353.39117,986.8637,986.74805,3.102,-0.085,3.449,0.017444,0.780079,0.050657,-0.623383,img_148.jpg
24748,1280,720,631.94293,353.39117,986.8637,986.74805,3.110,-0.087,3.498,0.020930,0.780279,0.040560,-0.623765,img_149.jpg
24832,1280,720,631.94293,353.39117,986.8637,986.74805,3.122,-0.088,3.565,0.020343,0.771818,0.042193,-0.634116,img_150.jpg,marker_4.jpg,0.27770436,0.27770436,3.931,-0.181,3.767,-0.537675,0.465263,-0.458952,-0.458952
24906,1280,720,631.94293,353.39117,986.8637,986.74805,3.135,-0.083,3.634,0.027985,0.758723,0.047244,-0.649094,img_151.jpg
24996,1280,720,631.94293,353.39117,986.8637,986.74805,3.142,-0.078,3.673,0.028590,0.749078,0.040999,-0.660593,img_152.jpg
25073,1280,720,631.94293,353.39117,986.8637,986.74805,3.158,-0.072,3.721,0.028994,0.730868,0.039629,-0.680750,img_153.jpg
25163,1280,720,631.94293,353.39117,986.8637,986.74805,3.172,-0.070,3.760,0.025422,0.717995,0.044655,-0.694149,img_154.jpg
25245,1280,720,631.94293,353.39117,986.8637,986.74805,3.182,-0.071,3.778,0.025663,0.714274,0.043676,-0.698030,img_155.jpg
25329,1280,720,631.94293,353.39117,986.8637,986.74805,3.191,-0.073,3.796,0.022763,0.708190,0.046082,-0.704148,img_156.jpg,marker_4.jpg,0.26660287,0.26660287,3.928,-0.179,3.770,-0.526726,0.476008,-0.474585,-0.474585
25399,1280,720,631.94293,353.39117,986.8637,986.74805,3.205,-0.073,3.817,0.017371,0.699381,0.047844,-0.712934,img_157.jpg
25496,1280,720,631.94293,353.39117,986.8637,986.74805,3.215,-0.073,3.825,0.017185,0.693969,0.048907,-0.718136,img_158.jpg
25565,1280,720,631.94293,353.39117,986.8637,986.74805,3.229,-0.073,3.838,0.022075,0.685445,0.049582,-0.726099,img_159.jpg
25646,1280,720,631.94293,353.39117,986.8637,986.74805,3.236,-0.074,3.854,0.019103,0.685569,0.056238,-0.725581,img_160.jpg
25732,1280,720,631.94293,353.39117,986.8637,986.74805,3.246,-0.080,3.894,0.010123,0.703082,0.069731,-0.707610,img_161.jpg
25815,1280,720,631.94293,353.39117,986.8637,986.74805,3.253,-0.084,3.931,0.006633,0.713686,0.078129,-0.696064,img_162.jpg
25896,1280,720,631.94293,353.39117,986.8637,986.74805,3.262,-0.088,3.974,0.008257,0.726926,0.085001,-0.681385,img_163.jpg
25976,1280,720,631.94293,353.39117,986.8637,986.74805,3.267,-0.093,4.045,0.002221,0.745004,0.082682,-0.661912,img_164.jpg
26061,1280,720,631.94293,353.39117,986.8637,986.74805,3.269,-0.098,4.098,-0.001992,0.755956,0.085934,-0.648955,img_165.jpg
26146,1280,720,631.94293,353.39117,986.8637,986.74805,3.267,-0.105,4.182,-0.003543,0.774935,0.082630,-0.626607,img_166.jpg
26232,1280,720,631.94293,353.39117,986.8637,986.74805,3.260,-0.109,4.279,-0.005586,0.791764,0.082932,-0.605145,img_167.jpg
26315,1280,720,631.94293,353.39117,986.8637,986.74805,3.252,-0.108,4.347,-0.002425,0.803579,0.082506,-0.589447,img_168.jpg
26417,1280,720,631.94293,353.39117,986.8637,986.74805,3.239,-0.102,4.447,0.010703,0.822574,0.074348,-0.563675,img_169.jpg
26515,1280,720,631.94293,353.39117,986.8637,986.74805,3.227,-0.098,4.538,0.021361,0.838842,0.084058,-0.537421,img_170.jpg
26597,1280,720,631.94293,353.39117,986.8637,986.74805,3.215,-0.097,4.590,0.022259,0.854150,0.088215,-0.512007,img_171.jpg
26675,1280,720,631.94293,353.39117,986.8637,986.74805,3.194,-0.100,4.672,0.020843,0.877758,0.099941,-0.468100,img_172.jpg
26762,1280,720,631.94293,353.39117,986.8637,986.74805,3.180,-0.108,4.728,0.020847,0.891549,0.107289,-0.439540,img_173.jpg
26840,1280,720,631.94293,353.39117,986.8637,986.74805,3.162,-0.118,4.803,0.022108,0.909784,0.117915,-0.397368,img_174.jpg
26931,1280,720,631.94293,353.39117,986.8637,986.74805,3.150,-0.134,4.881,0.027369,0.922847,0.129801,-0.361602,img_175.jpg
27015,1280,720,631.94293,353.39117,986.8637,986.74805,3.146,-0.145,4.930,0.032724,0.931254,0.133213,-0.337563,img_176.jpg
27096,1280,720,631.94293,353.39117,986.8637,986.74805,3.136,-0.156,4.984,0.035141,0.939356,0.136332,-0.312713,img_177.jpg
27179,1280,720,631.94293,353.39117,986.8637,986.74805,3.120,-0.160,5.059,0.039522,0.948680,0.142423,-0.279570,img_178.jpg
27256,1280,720,631.94293,353.39117,986.8637,986.74805,3.111,-0.164,5.107,0.039528,0.954580,0.147537,-0.255829,img_179.jpg
27335,1280,720,631.94293,353.39117,986.8637,986.74805,3.093,-0.167,5.167,0.034968,0.960353,0.160309,-0.225389,img_180.jpg
27414,1280,720,631.94293,353.39117,986.8637,986.74805,3.076,-0.170,5.204,0.031417,0.963836,0.167177,-0.205148,img_181.jpg
27496,1280,720,631.94293,353.39117,986.8637,986.74805,3.045,-0.175,5.249,0.024070,0.968105,0.175431,-0.177252,img_182.jpg
27580,1280,720,631.94293,353.39117,986.8637,986.74805,3.017,-0.181,5.275,0.017812,0.969951,0.184589,-0.157496,img_183.jpg
27662,1280,720,631.94293,353.39117,986.8637,986.74805,2.970,-0.186,5.305,0.008316,0.971752,0.198799,-0.126918,img_184.jpg
27747,1280,720,631.94293,353.39117,986.8637,986.74805,2.933,-0.189,5.326,0.003874,0.973127,0.206024,-0.102780,img_185.jpg
27819,1280,720,631.94293,353.39117,986.8637,986.74805,2.888,-0.192,5.344,-0.002460,0.974539,0.209798,-0.079066,img_186.jpg
27887,1280,720,631.94293,353.39117,986.8637,986.74805,2.840,-0.201,5.356,-0.008954,0.974560,0.216375,-0.057739,img_187.jpg
27961,1280,720,631.94293,353.39117,986.8637,986.74805,2.761,-0.207,5.370,-0.016936,0.973310,0.226617,-0.032021,img_188.jpg
28047,1280,720,631.94293,353.39117,986.8637,986.74805,2.708,-0.212,5.378,-0.017917,0.973015,0.229382,-0.017443,img_189.jpg
28127,1280,720,631.94293,353.39117,986.8637,986.74805,2.659,-0.215,5.386,-0.016865,0.971805,0.235012,-0.008936,img_190.jpg
28203,1280,720,631.94293,353.39117,986.8637,986.74805,2.576,-0.214,5.395,-0.016304,0.969005,0.246356,0.008466,img_191.jpg
28296,1280,720,631.94293,353.39117,986.8637,986.74805,2.498,-0.206,5.397,-0.014359,0.970015,0.241394,0.024357,img_192.jpg
28380,1280,720,631.94293,353.39117,986.8637,986.74805,2.447,-0.202,5.405,-0.013811,0.971554,0.233618,0.036251,img_193.jpg
28454,1280,720,631.94293,353.39117,986.8637,986.74805,2.402,-0.196,5.411,-0.015820,0.972729,0.225198,0.053229,img_194.jpg
28529,1280,720,631.94293,353.39117,986.8637,986.74805,2.346,-0.179,5.421,-0.023972,0.978756,0.191975,0.067874,img_195.jpg
28615,1280,720,631.94293,353.39117,986.8637,986.74805,2.323,-0.168,5.431,-0.026080,0.982706,0.168181,0.072961,img_196.jpg
28687,1280,720,631.94293,353.39117,986.8637,986.74805,2.298,-0.160,5.458,-0.026132,0.986281,0.145749,0.072963,img_197.jpg
28761,1280,720,631.94293,353.39117,986.8637,986.74805,2.258,-0.147,5.474,-0.021270,0.989091,0.122848,0.078456,img_198.jpg
28847,1280,720,631.94293,353.39117,986.8637,986.74805,2.232,-0.138,5.491,-0.016577,0.990893,0.109926,0.075983,img_199.jpg
28912,1280,720,631.94293,353.39117,986.8637,986.74805,2.212,-0.133,5.511,-0.008754,0.992126,0.101703,0.072562,img_200.jpg
28983,1280,720,631.94293,353.39117,986.8637,986.74805,2.192,-0.126,5.534,-0.000715,0.992058,0.100383,0.075793,img_201.jpg
29049,1280,720,631.94293,353.39117,986.8637,986.74805,2.175,-0.122,5.556,0.006084,0.992578,0.092276,0.078970,img_202.jpg
29118,1280,720,631.94293,353.39117,986.8637,986.74805,2.158,-0.117,5.572,0.004331,0.993046,0.088410,0.077620,img_203.jpg
29192,1280,720,631.94293,353.39117,986.8637,986.74805,2.138,-0.114,5.584,-0.000594,0.994167,0.084333,0.067235,img_204.jpg
29260,1280,720,631.94293,353.39117,986.8637,986.74805,2.120,-0.108,5.596,-0.003597,0.995481,0.079261,0.052176,img_205.jpg
29346,1280,720,631.94293,353.39117,986.8637,986.74805,2.108,-0.108,5.604,-0.008797,0.996056,0.080146,0.037031,img_206.jpg
29410,1280,720,631.94293,353.39117,986.8637,986.74805,2.097,-0.108,5.611,-0.007418,0.996032,0.083243,0.030580,img_207.jpg
29481,1280,720,631.94293,353.39117,986.8637,986.74805,2.090,-0.105,5.612,-0.006715,0.996156,0.083610,0.025251,img_208.jpg,marker_6.jpg,0.27160925,0.27160925,2.066,-0.252,6.314,-0.031031,0.718366,-0.693996,-0.693996
29555,1280,720,631.94293,353.39117,986.8637,986.74805,2.080,-0.104,5.615,-0.008595,0.996240,0.083064,0.023072,img_209.jpg
29623,1280,720,631.94293,353.39117,986.8637,986.74805,2.073,-0.103,5.616,-0.009404,0.996284,0.083574,0.018603,img_210.jpg
29692,1280,720,631.94293,353.39117,986.8637,986.74805,2.068,-0.101,5.617,-0.009212,0.996225,0.085316,0.013097,img_211.jpg
29765,1280,720,631.94293,353.39117,986.8637,986.74805,2.061,-0.100,5.617,-0.009233,0.996308,0.085099,0.006592,img_212.jpg
29847,1280,720,631.94293,353.39117,986.8637,986.74805,2.055,-0.099,5.621,-0.008667,0.996405,0.084220,0.003015,img_213.jpg
29913,1280,720,631.94293,353.39117,986.8637,986.74805,2.051,-0.099,5.621,-0.008072,0.996332,0.085185,0.000884,img_214.jpg
29988,1280,720,631.94293,353.39117,986.8637,986.74805,2.047,-0.099,5.619,-0.008166,0.996246,0.086182,-0.000855,img_215.jpg
30064,1280,720,631.94293,353.39117,986.8637,986.74805,2.037,-0.102,5.616,-0.010122,0.995800,0.090976,-0.001561,img_216.jpg,marker_6.jpg,0.2724147,0.2724147,2.067,-0.247,6.312,-0.030779,0.716845,-0.695683,-0.695683
30146,1280,720,631.94293,353.39117,986.8637,986.74805,2.025,-0.110,5.613,-0.011830,0.994418,0.104812,0.002848,img_217.jpg
30210,1280,720,631.94293,353.39117,986.8637,986.74805,2.004,-0.125,5.610,-0.017552,0.991785,0.125764,0.015447,img_218.jpg
30281,1280,720,631.94293,353.39117,986.8637,986.74805,1.973,-0.144,5.605,-0.025681,0.988065,0.148506,0.031857,img_219.jpg
30347,1280,720,631.94293,353.39117,986.8637,986.74805,1.933,-0.163,5.599,-0.035536,0.983445,0.170679,0.049425,img_220.jpg
30415,1280,720,631.94293,353.39117,986.8637,986.74805,1.884,-0.178,5.589,-0.046128,0.979637,0.183104,0.068243,img_221.jpg
30483,1280,720,631.94293,353.39117,986.8637,986.74805,1.830,-0.188,5.573,-0.048759,0.976564,0.188129,0.092478,img_222.jpg
30564,1280,720,631.94293,353.39117,986.8637,986.74805,1.773,-0.193,5.552,-0.048035,0.974469,0.188414,0.112261,img_223.jpg
30630,1280,720,631.94293,353.39117,986.8637,986.74805,1.684,-0.197,5.521,-0.052958,0.966916,0.208000,0.137856,img_224.jpg
30716,1280,720,631.94293,353.39117,986.8637,986.74805,1.626,-0.196,5.501,-0.056101,0.963650,0.216144,0.146672,img_225.jpg
30784,1280,720,631.94293,353.39117,986.8637,986.74805,1.571,-0.192,5.479,-0.051020,0.960973,0.223538,0.154783,img_226.jpg
30847,1280,720,631.94293,353.39117,986.8637,986.74805,1.513,-0.189,5.461,-0.045968,0.958398,0.231729,0.160194,img_227.jpg
30917,1280,720,631.94293,353.39117,986.8637,986.74805,1.456,-0.188,5.448,-0.052972,0.955030,0.237514,0.169410,img_228.jpg
30985,1280,720,631.94293,353.39117,986.8637,986.74805,1.398,-0.195,5.440,-0.061092,0.951940,0.240772,0.179187,img_229.jpg
31058,1280,720,631.94293,353.39117,986.8637,986.74805,1.337,-0.201,5.440,-0.062994,0.949253,0.241046,0.191958,img_230.jpg
31128,1280,720,631.94293,353.39117,986.8637,986.74805,1.241,-0.213,5.440,-0.063685,0.945234,0.239162,0.212787,img_231.jpg
31215,1280,720,631.94293,353.39117,986.8637,986.74805,1.173,-0.223,5.450,0.058734,-0.943161,-0.238040,-0.224353,img_232.jpg
31286,1280,720,631.94293,353.39117,986.8637,986.74805,1.105,-0.229,5.460,0.054094,-0.941921,-0.237392,-0.231310,img_233.jpg
31355,1280,720,631.94293,353.39117,986.8637,986.74805,1.035,-0.231,5.470,0.048120,-0.939112,-0.241193,-0.239957,img_234.jpg
31424,1280,720,631.94293,353.39117,986.8637,986.74805,0.962,-0.229,5.484,0.051641,-0.932182,-0.252688,-0.254007,img_235.jpg
31500,1280,720,631.94293,353.39117,986.8637,986.74805,0.852,-0.225,5.499,0.067156,-0.925423,-0.252850,-0.274132,img_236.jpg
31581,1280,720,631.94293,353.39117,986.8637,986.74805,0.782,-0.223,5.507,0.079630,-0.920903,-0.252008,-0.286513,img_237.jpg
31653,1280,720,631.94293,353.39117,986.8637,986.74805,0.717,-0.224,5.512,0.091957,-0.918287,-0.250475,-0.292499,img_238.jpg
31719,1280,720,631.94293,353.39117,986.8637,986.74805,0.646,-0.227,5.519,0.100848,-0.917244,-0.244025,-0.298235,img_239.jpg
31788,1280,720,631.94293,353.39117,986.8637,986.74805,0.579,-0.229,5.522,0.103243,-0.915317,-0.239599,-0.306803,img_240.jpg
31860,1280,720,631.94293,353.39117,986.8637,986.74805,0.471,-0.231,5.533,0.104606,-0.913532,-0.235021,-0.315089,img_241.jpg
31948,1280,720,631.94293,353.39117,986.8637,986.74805,0.399,-0.226,5.539,0.109970,-0.911668,-0.236299,-0.317697,img_242.jpg
32019,1280,720,631.94293,353.39117,986.8637,986.74805,0.328,-0.221,5.546,0.117609,-0.905571,-0.248378,-0.323138,img_243.jpg
32092,1280,720,631.94293,353.39117,986.8637,986.74805,0.224,-0.217,5.559,0.124631,-0.899414,-0.252487,-0.334324,img_244.jpg
32164,1280,720,631.94293,353.39117,986.8637,986.74805,0.155,-0.221,5.572,0.133595,-0.892011,-0.264129,-0.341622,img_245.jpg
32247,1280,720,631.94293,353.39117,986.8637,986.74805,0.090,-0.224,5.583,0.138377,-0.885649,-0.274886,-0.347729,img_246.jpg
32310,1280,720,631.94293,353.39117,986.8637,986.74805,0.026,-0.230,5.590,0.137460,-0.880153,-0.282028,-0.356224,img_247.jpg
32381,1280,720,631.94293,353.39117,986.8637,986.74805,-0.031,-0.240,5.602,0.137837,-0.876276,-0.287075,-0.361565,img_248.jpg
32456,1280,720,631.94293,353.39117,986.8637,986.74805,-0.133,-0.252,5.625,0.131323,-0.873739,-0.283506,-0.372772,img_249.jpg
32549,1280,720,631.94293,353.39117,986.8637,986.74805,-0.205,-0.255,5.638,0.130467,-0.872538,-0.280691,-0.377979,img_250.jpg
32634,1280,720,631.94293,353.39117,986.8637,986.74805,-0.314,-0.255,5.662,0.126201,-0.864681,-0.287183,-0.392335,img_251.jpg
32715,1280,720,631.94293,353.39117,986.8637,986.74805,-0.382,-0.248,5.679,0.131473,-0.858486,-0.291309,-0.401068,img_252.jpg
32791,1280,720,631.94293,353.39117,986.8637,986.74805,-0.452,-0.239,5.692,0.134710,-0.857534,-0.281743,-0.408791,img_253.jpg
32882,1280,720,631.94293,353.39117,986.8637,986.74805,-0.555,-0.235,5.708,0.143558,-0.854890,-0.271714,-0.418002,img_254.jpg
32950,1280,720,631.94293,353.39117,986.8637,986.74805,-0.617,-0.238,5.716,0.148231,-0.853478,-0.266629,-0.422506,img_255.jpg
33022,1280,720,631.94293,353.39117,986.8637,986.74805,-0.687,-0.243,5.723,0.151810,-0.853067,-0.259662,-0.426387,img_256.jpg
33096,1280,720,631.94293,353.39117,986.8637,986.74805,-0.787,-0.244,5.727,0.144628,-0.857179,-0.251335,-0.425626,img_257.jpg
33182,1280,720,631.94293,353.39117,986.8637,986.74805,-0.861,-0.242,5.735,0.145131,-0.861765,-0.250446,-0.416624,img_258.jpg
33252,1280,720,631.94293,353.39117,986.8637,986.74805,-0.935,-0.234,5.738,0.146777,-0.867282,-0.246479,-0.406849,img_259.jpg
33321,1280,720,631.94293,353.39117,986.8637,986.74805,-1.038,-0.214,5.743,0.143678,-0.873697,-0.236435,-0.400135,img_260.jpg
33400,1280,720,631.94293,353.39117,986.8637,986.74805,-1.105,-0.205,5.756,0.141059,-0.882889,-0.224928,-0.387319,img_261.jpg
33482,1280,720,631.94293,353.39117,986.8637,986.74805,-1.159,-0.194,5.773,0.135517,-0.891646,-0.221742,-0.370720,img_262.jpg
33544,1280,720,631.94293,353.39117,986.8637,986.74805,-1.211,-0.187,5.792,0.124641,-0.905762,-0.215125,-0.343192,img_263.jpg
33633,1280,720,631.94293,353.39117,986.8637,986.74805,-1.287,-0.183,5.826,0.100130,-0.920963,-0.210355,-0.312334,img_264.jpg
33717,1280,720,631.94293,353.39117,986.8637,986.74805,-1.344,-0.186,5.857,0.079474,-0.933304,-0.200108,-0.287374,img_265.jpg
33786,1280,720,631.94293,353.39117,986.8637,986.74805,-1.393,-0.179,5.878,0.056204,-0.945950,-0.177221,-0.265730,img_266.jpg
33859,1280,720,631.94293,353.39117,986.8637,986.74805,-1.470,-0.165,5.913,0.037233,-0.960152,-0.151610,-0.231813,img_267.jpg
33931,1280,720,631.94293,353.39117,986.8637,986.74805,-1.516,-0.153,5.934,-0.030711,0.964869,0.143742,0.217770,img_268.jpg
34017,1280,720,631.94293,353.39117,986.8637,986.74805,-1.559,-0.144,5.952,-0.023507,0.967767,0.133274,0.212399,img_269.jpg
34085,1280,720,631.94293,353.39117,986.8637,986.74805,-1.602,-0.137,5.968,-0.028869,0.971531,0.130192,0.195816,img_270.jpg
34158,1280,720,631.94293,353.39117,986.8637,986.74805,-1.658,-0.125,5.985,-0.024526,0.978736,0.122492,0.162696,img_271.jpg
34230,1280,720,631.94293,353.39117,986.8637,986.74805,-1.692,-0.122,5.996,-0.020383,0.983332,0.118404,0.136465,img_272.jpg
34318,1280,720,631.94293,353.39117,986.8637,986.74805,-1.724,-0.119,6.001,-0.014828,0.987312,0.113081,0.110493,img_273.jpg
34393,1280,720,631.94293,353.39117,986.8637,986.74805,-1.761,-0.116,6.009,-0.008703,0.990953,0.103401,0.085120,img_274.jpg,marker_7.png,0.26846412,0.26846412,-1.874,-0.234,6.657,-0.041322,0.722758,-0.688549,-0.688549
34465,1280,720,631.94293,353.39117,986.8637,986.74805,-1.810,-0.109,6.017,-0.005868,0.993199,0.104692,0.050603,img_275.jpg
34547,1280,720,631.94293,353.39117,986.8637,986.74805,-1.837,-0.103,6.017,-0.004226,0.994438,0.101062,0.029366,img_276.jpg
34619,1280,720,631.94293,353.39117,986.8637,986.74805,-1.860,-0.096,6.015,-0.002050,0.995296,0.096072,0.012326,img_277.jpg
34694,1280,720,631.94293,353.39117,986.8637,986.74805,-1.890,-0.090,6.019,-0.000715,0.995609,0.092994,-0.010674,img_278.jpg
34782,1280,720,631.94293,353.39117,986.8637,986.74805,-1.907,-0.089,6.021,-0.003078,0.995437,0.093515,-0.018755,img_279.jpg
34852,1280,720,631.94293,353.39117,986.8637,986.74805,-1.919,-0.087,6.022,-0.001782,0.995373,0.092172,-0.027075,img_280.jpg
34931,1280,720,631.94293,353.39117,986.8637,986.74805,-1.930,-0.087,6.022,-0.000340,0.995181,0.092825,-0.031605,img_281.jpg
35016,1280,720,631.94293,353.39117,986.8637,986.74805,-1.948,-0.095,6.029,-0.010108,0.994050,0.104680,-0.028371,img_282.jpg,marker_7.png,0.27137837,0.27137837,-1.885,-0.240,6.673,-0.031859,0.720670,-0.691666,-0.691666
35087,1280,720,631.94293,353.39117,986.8637,986.74805,-1.963,-0.106,6.038,-0.014057,0.991883,0.125740,-0.012611,img_283.jpg
35169,1280,720,631.94293,353.39117,986.8637,986.74805,-1.992,-0.131,6.046,-0.023454,0.986654,0.160163,0.017657,img_284.jpg
35247,1280,720,631.94293,353.39117,986.8637,986.74805,-2.016,-0.152,6.048,-0.033784,0.982301,0.179132,0.043062,img_285.jpg
35335,1280,720,631.94293,353.39117,986.8637,986.74805,-2.055,-0.180,6.055,-0.047461,0.972697,0.208614,0.089931,img_286.jpg
35418,1280,720,631.94293,353.39117,986.8637,986.74805,-2.084,-0.194,6.057,-0.054849,0.965318,0.222522,0.125049,img_287.jpg
35493,1280,720,631.94293,353.39117,986.8637,986.74805,-2.133,-0.212,6.055,-0.065850,0.951726,0.233594,0.187924,img_288.jpg
35583,1280,720,631.94293,353.39117,986.8637,986.74805,-2.174,-0.224,6.047,0.076641,-0.937045,-0.247502,-0.234126,img_289.jpg
35668,1280,720,631.94293,353.39117,986.8637,986.74805,-2.236,-0.230,6.042,0.087187,-0.919102,-0.255420,-0.287073,img_290.jpg
35767,1280,720,631.94293,353.39117,986.8637,986.74805,-2.307,-0.228,6.031,0.099720,-0.904162,-0.241576,-0.337917,img_291.jpg
35866,1280,720,631.94293,353.39117,986.8637,986.74805,-2.379,-0.216,6.017,0.101323,-0.893677,-0.218310,-0.378702,img_292.jpg
35966,1280,720,631.94293,353.39117,986.8637,986.74805,-2.451,-0.193,5.997,0.091141,-0.878994,-0.191986,-0.426854,img_293.jpg
36048,1280,720,631.94293,353.39117,986.8637,986.74805,-2.497,-0.174,5.977,0.078989,-0.867935,-0.169780,-0.460026,img_294.jpg
36124,1280,720,631.94293,353.39117,986.8637,986.74805,-2.566,-0.152,5.949,0.062890,-0.854043,-0.139028,-0.497319,img_295.jpg
36217,1280,720,631.94293,353.39117,986.8637,986.74805,-2.617,-0.147,5.929,0.060837,-0.839908,-0.129792,-0.523457,img_296.jpg
36294,1280,720,631.94293,353.39117,986.8637,986.74805,-2.687,-0.129,5.890,0.058462,-0.820863,-0.111191,-0.557137,img_297.jpg
36383,1280,720,631.94293,353.39117,986.8637,986.74805,-2.721,-0.119,5.870,0.059718,-0.807918,-0.100596,-0.577567,img_298.jpg
36463,1280,720,631.94293,353.39117,986.8637,986.74805,-2.780,-0.104,5.837,0.053622,-0.788861,-0.083606,-0.606493,img_299.jpg
36548,1280,720,631.94293,353.39117,986.8637,986.74805,-2.813,-0.095,5.819,0.043797,-0.778452,-0.071435,-0.622086,img_300.jpg
36623,1280,720,631.94293,353.39117,986.8637,986.74805,-2.839,-0.087,5.807,0.035068,-0.768311,-0.063251,-0.635978,img_301.jpg
36700,1280,720,631.94293,353.39117,986.8637,986.74805,-2.885,-0.084,5.796,0.043835,-0.754524,-0.070591,-0.650991,img_302.jpg
36783,1280,720,631.94293,353.39117,986.8637,986.74805,-2.912,-0.081,5.787,0.043348,-0.741093,-0.075244,-0.665763,img_303.jpg
36862,1280,720,631.94293,353.39117,986.8637,986.74805,-2.944,-0.080,5.772,0.045479,-0.734050,-0.072831,-0.673645,img_304.jpg
36947,1280,720,631.94293,353.39117,986.8637,986.74805,-2.964,-0.077,5.763,0.048820,-0.731043,-0.070859,-0.676884,img_305.jpg
37022,1280,720,631.94293,353.39117,986.8637,986.74805,-2.979,-0.076,5.754,0.050495,-0.728387,-0.067513,-0.679959,img_306.jpg
37101,1280,720,631.94293,353.39117,986.8637,986.74805,-2.997,-0.074,5.738,0.055711,-0.730001,-0.068386,-0.677731,img_307.jpg
37183,1280,720,631.94293,353.39117,986.8637,986.74805,-3.002,-0.073,5.732,0.055780,-0.734243,-0.069679,-0.672994,img_308.jpg
37259,1280,720,631.94293,353.39117,986.8637,986.74805,-3.008,-0.073,5.721,0.052324,-0.741460,-0.067364,-0.665553,img_309.jpg
37351,1280,720,631.94293,353.39117,986.8637,986.74805,-3.010,-0.071,5.712,0.052242,-0.747624,-0.067417,-0.658623,img_310.jpg,marker_8.jpg,0.27158397,0.27158397,-3.672,-0.213,5.822,-0.466847,-0.540857,0.538943,0.538943
37423,1280,720,631.94293,353.39117,986.8637,986.74805,-3.011,-0.069,5.699,0.049688,-0.755222,-0.066480,-0.650194,img_311.jpg
37500,1280,720,631.94293,353.39117,986.8637,986.74805,-3.016,-0.067,5.687,0.050243,-0.757576,-0.065833,-0.647472,img_312.jpg
37583,1280,720,631.94293,353.39117,986.8637,986.74805,-3.018,-0.067,5.680,0.051381,-0.760157,-0.065510,-0.644384,img_313.jpg
37658,1280,720,631.94293,353.39117,986.8637,986.74805,-3.019,-0.068,5.672,0.051895,-0.763279,-0.066410,-0.640548,img_314.jpg
37751,1280,720,631.94293,353.39117,986.8637,986.74805,-3.022,-0.070,5.671,0.053156,-0.765201,-0.065345,-0.638257,img_315.jpg
37826,1280,720,631.94293,353.39117,986.8637,986.74805,-3.020,-0.070,5.663,0.052713,-0.770245,-0.063538,-0.632382,img_316.jpg
37916,1280,720,631.94293,353.39117,986.8637,986.74805,-3.015,-0.073,5.650,0.056130,-0.770721,-0.058329,-0.632010,img_317.jpg
37983,1280,720,631.94293,353.39117,986.8637,986.74805,-3.010,-0.077,5.623,0.063301,-0.766093,-0.057151,-0.637047,img_318.jpg,marker_8.jpg,0.26690522,0.26690522,-3.661,-0.211,5.822,-0.474137,-0.536432,0.527569,0.527569
38066,1280,720,631.94293,353.39117,986.8637,986.74805,-3.001,-0.085,5.570,0.067615,-0.755681,-0.063164,-0.648371,img_319.jpg
38148,1280,720,631.94293,353.39117,986.8637,986.74805,-2.990,-0.088,5.526,0.071027,-0.748867,-0.062466,-0.655936,img_320.jpg
38236,1280,720,631.94293,353.39117,986.8637,986.74805,-2.971,-0.092,5.452,0.084333,-0.761312,-0.061707,-0.639910,img_321.jpg
38317,1280,720,631.94293,353.39117,986.8637,986.74805,-2.960,-0.094,5.406,0.086603,-0.751753,-0.068399,-0.650145,img_322.jpg
38380,1280,720,631.94293,353.39117,986.8637,986.74805,-2.947,-0.095,5.356,0.087826,-0.736197,-0.065963,-0.667795,img_323.jpg
38457,1280,720,631.94293,353.39117,986.8637,986.74805,-2.941,-0.098,5.302,0.100172,-0.724770,-0.065047,-0.678559,img_324.jpg
38544,1280,720,631.94293,353.39117,986.8637,986.74805,-2.937,-0.101,5.218,0.111314,-0.699246,-0.055434,-0.703983,img_325.jpg
38638,1280,720,631.94293,353.39117,986.8637,986.74805,-2.942,-0.108,5.133,0.115614,-0.678569,-0.052919,-0.723448,img_326.jpg
38718,1280,720,631.94293,353.39117,986.8637,986.74805,-2.948,-0.115,5.073,0.115542,-0.670506,-0.054728,-0.730806,img_327.jpg
38793,1280,720,631.94293,353.39117,986.8637,986.74805,-2.962,-0.123,4.987,0.102604,-0.656098,-0.067742,-0.744593,img_328.jpg
38885,1280,720,631.94293,353.39117,986.8637,986.74805,-2.973,-0.124,4.929,0.092425,-0.648407,-0.077589,-0.751669,img_329.jpg
38965,1280,720,631.94293,353.39117,986.8637,986.74805,-2.992,-0.113,4.844,0.088029,-0.634038,-0.087127,-0.763319,img_330.jpg
39048,1280,720,631.94293,353.39117,986.8637,986.74805,-3.000,-0.100,4.789,0.077957,-0.632508,-0.085191,-0.765897,img_331.jpg
39128,1280,720,631.94293,353.39117,986.8637,986.74805,-3.017,-0.087,4.713,0.082765,-0.631562,-0.079703,-0.766764,img_332.jpg
39215,1280,720,631.94293,353.39117,986.8637,986.74805,-3.026,-0.080,4.664,0.077730,-0.629866,-0.069770,-0.769649,img_333.jpg
39295,1280,720,631.94293,353.39117,986.8637,986.74805,-3.039,-0.073,4.596,0.055569,-0.623864,-0.058360,-0.777367,img_334.jpg
39384,1280,720,631.94293,353.39117,986.8637,986.74805,-3.048,-0.071,4.556,0.044126,-0.626307,-0.059381,-0.776058,img_335.jpg
39459,1280,720,631.94293,353.39117,986.8637,986.74805,-3.057,-0.067,4.494,0.036858,-0.641437,-0.054099,-0.764378,img_336.jpg
39552,1280,720,631.94293,353.39117,986.8637,986.74805,-3.061,-0.061,4.453,0.030354,-0.646644,-0.049057,-0.760608,img_337.jpg
39624,1280,720,631.94293,353.39117,986.8637,986.74805,-3.067,-0.050,4.399,0.021082,-0.653414,-0.047001,-0.755246,img_338.jpg
39720,1280,720,631.94293,353.39117,986.8637,986.74805,-3.072,-0.043,4.368,0.020518,-0.666011,-0.051236,-0.743897,img_339.jpg
39799,1280,720,631.94293,353.39117,986.8637,986.74805,-3.079,-0.036,4.333,0.023830,-0.688449,-0.052289,-0.723005,img_340.jpg,marker_9.jpg,0.280285,0.280285,-3.851,-0.172,4.303,-0.459374,-0.551679,0.536145,0.536145
39884,1280,720,631.94293,353.39117,986.8637,986.74805,-3.084,-0.035,4.314,0.024727,-0.699901,-0.047426,-0.712234,img_341.jpg
39966,1280,720,631.94293,353.39117,986.8637,986.74805,-3.094,-0.038,4.291,0.031479,-0.713695,-0.049203,-0.698017,img_342.jpg
40051,1280,720,631.94293,353.39117,986.8637,986.74805,-3.101,-0.039,4.279,0.034602,-0.720419,-0.046777,-0.691094,img_343.jpg
40132,1280,720,631.94293,353.39117,986.8637,986.74805,-3.110,-0.041,4.266,0.032325,-0.728589,-0.047439,-0.682541,img_344.jpg
40217,1280,720,631.94293,353.39117,986.8637,986.74805,-3.119,-0.042,4.257,0.036341,-0.732076,-0.048755,-0.678503,img_345.jpg
40296,1280,720,631.94293,353.39117,986.8637,986.74805,-3.127,-0.040,4.248,0.031878,-0.740616,-0.049021,-0.669379,img_346.jpg,marker_9.jpg,0.2691888,0.2691888,-3.847,-0.170,4.305,-0.472610,-0.540916,0.522194,0.522194
40382,1280,720,631.94293,353.39117,986.8637,986.74805,-3.133,-0.040,4.239,0.034696,-0.744937,-0.049444,-0.664394,img_347.jpg
40456,1280,720,631.94293,353.39117,986.8637,986.74805,-3.142,-0.043,4.227,0.045281,-0.742257,-0.050709,-0.666657,img_348.jpg
40533,1280,720,631.94293,353.39117,986.8637,986.74805,-3.158,-0.050,4.196,0.054083,-0.725067,-0.057786,-0.684115,img_349.jpg
40619,1280,720,631.94293,353.39117,986.8637,986.74805,-3.170,-0.055,4.167,0.060210,-0.710487,-0.063156,-0.698280,img_350.jpg
40694,1280,720,631.94293,353.39117,986.8637,986.74805,-3.179,-0.062,4.114,0.068964,-0.689701,-0.066392,-0.717739,img_351.jpg
40784,1280,720,631.94293,353.39117,986.8637,986.74805,-3.187,-0.068,4.068,0.074225,-0.681951,-0.062394,-0.724942,img_352.jpg
40863,1280,720,631.94293,353.39117,986.8637,986.74805,-3.196,-0.077,3.991,0.084135,-0.668723,-0.054944,-0.736690,img_353.jpg
40951,1280,720,631.94293,353.39117,986.8637,986.74805,-3.198,-0.082,3.934,0.080434,-0.663097,-0.046127,-0.742768,img_354.jpg
41023,1280,720,631.94293,353.39117,986.8637,986.74805,-3.197,-0.084,3.871,0.076480,-0.652444,-0.037260,-0.753047,img_355.jpg
41100,1280,720,631.94293,353.39117,986.8637,986.74805,-3.195,-0.086,3.768,0.082564,-0.640515,-0.029619,-0.762920,img_356.jpg
41185,1280,720,631.94293,353.39117,986.8637,986.74805,-3.193,-0.085,3.701,0.091385,-0.629173,-0.038641,-0.770906,img_357.jpg
41275,1280,720,631.94293,353.39117,986.8637,986.74805,-3.187,-0.078,3.608,0.087431,-0.618819,-0.053085,-0.778846,img_358.jpg
41356,1280,720,631.94293,353.39117,986.8637,986.74805,-3.185,-0.074,3.518,0.089801,-0.608356,-0.057463,-0.786471,img_359.jpg
41448,1280,720,631.94293,353.39117,986.8637,986.74805,-3.188,-0.071,3.460,0.094181,-0.601132,-0.056562,-0.791563,img_360.jpg
41520,1280,720,631.94293,353.39117,986.8637,986.74805,-3.196,-0.069,3.376,0.093722,-0.601309,-0.050282,-0.791906,img_361.jpg
41615,1280,720,631.94293,353.39117,986.8637,986.74805,-3.204,-0.069,3.323,0.090825,-0.602516,-0.047416,-0.791503,img_362.jpg
41691,1280,720,631.94293,353.39117,986.8637,986.74805,-3.215,-0.072,3.269,0.084076,-0.603746,-0.046551,-0.791363,img_363.jpg
41770,1280,720,631.94293,353.39117,986.8637,986.74805,-3.236,-0.075,3.193,0.070606,-0.605767,-0.053124,-0.790720,img_364.jpg
41852,1280,720,631.94293,353.39117,986.8637,986.74805,-3.257,-0.073,3.112,0.061455,-0.601787,-0.059452,-0.794066,img_365.jpg
41936,1280,720,631.94293,353.39117,986.8637,986.74805,-3.269,-0.064,3.056,0.058406,-0.601600,-0.062949,-0.794169,img_366.jpg
42020,1280,720,631.94293,353.39117,986.8637,986.74805,-3.278,-0.054,3.001,0.041215,-0.604485,-0.052401,-0.793822,img_367.jpg
42093,1280,720,631.94293,353.39117,986.8637,986.74805,-3.296,-0.044,2.925,0.046480,-0.607925,-0.040482,-0.791599,img_368.jpg
42184,1280,720,631.94293,353.39117,986.8637,986.74805,-3.309,-0.040,2.853,0.051900,-0.617866,-0.026556,-0.784120,img_369.jpg
42268,1280,720,631.94293,353.39117,986.8637,986.74805,-3.317,-0.040,2.807,0.054643,-0.624139,-0.023255,-0.779053,img_370.jpg
42337,1280,720,631.94293,353.39117,986.8637,986.74805,-3.320,-0.039,2.764,0.050557,-0.635682,-0.022243,-0.769973,img_371.jpg
42418,1280,720,631.94293,353.39117,986.8637,986.74805,-3.324,-0.038,2.720,0.047881,-0.648123,-0.024834,-0.759623,img_372.jpg
42492,1280,720,631.94293,353.39117,986.8637,986.74805,-3.327,-0.034,2.657,0.047993,-0.666572,-0.028445,-0.743350,img_373.jpg
42585,1280,720,631.94293,353.39117,986.8637,986.74805,-3.330,-0.028,2.615,0.050656,-0.677228,-0.033294,-0.733272,img_374.jpg
42658,1280,720,631.94293,353.39117,986.8637,986.74805,-3.331,-0.016,2.560,0.043727,-0.696117,-0.032120,-0.715875,img_375.jpg
42751,1280,720,631.94293,353.39117,986.8637,986.74805,-3.331,-0.011,2.519,0.041271,-0.713639,-0.033640,-0.698487,img_376.jpg
42836,1280,720,631.94293,353.39117,986.8637,986.74805,-3.334,-0.010,2.496,0.044544,-0.720979,-0.032370,-0.690765,img_377.jpg,marker_10.jpg,0.27311742,0.27311742,-4.082,-0.132,2.531,-0.466546,-0.540001,0.528428,0.528428
42918,1280,720,631.94293,353.39117,986.8637,986.74805,-3.336,-0.011,2.476,0.047902,-0.729199,-0.030450,-0.681943,img_378.jpg
43001,1280,720,631.94293,353.39117,986.8637,986.74805,-3.341,-0.012,2.455,0.043026,-0.739821,-0.038181,-0.670341,img_379.jpg
43074,1280,720,631.94293,353.39117,986.8637,986.74805,-3.344,-0.013,2.444,0.036187,-0.745781,-0.038056,-0.664118,img_380.jpg
43156,1280,720,631.94293,353.39117,986.8637,986.74805,-3.348,-0.013,2.428,0.034442,-0.752914,-0.038186,-0.656107,img_381.jpg
43236,1280,720,631.94293,353.39117,986.8637,986.74805,-3.350,-0.012,2.418,0.034114,-0.755268,-0.039020,-0.653363,img_382.jpg
43322,1280,720,631.94293,353.39117,986.8637,986.74805,-3.348,-0.014,2.398,0.032580,-0.753308,-0.038179,-0.655750,img_383.jpg,marker_10.jpg,0.26953286,0.26953286,-4.079,-0.132,2.534,-0.470991,-0.535158,0.518889,0.518889
43420,1280,720,631.94293,353.39117,986.8637,986.74805,-3.347,-0.018,2.362,0.041726,-0.726910,-0.030429,-0.684789,img_384.jpg
43504,1280,720,631.94293,353.39117,986.8637,986.74805,-3.349,-0.022,2.331,0.048952,-0.700323,-0.032285,-0.711414,img_385.jpg
43586,1280,720,631.94293,353.39117,986.8637,986.74805,-3.351,-0.027,2.279,0.058139,-0.660269,-0.034057,-0.748001,img_386.jpg
43684,1280,720,631.94293,353.39117,986.8637,986.74805,-3.354,-0.031,2.244,0.063016,-0.626945,-0.037828,-0.775589,img_387.jpg
43766,1280,720,631.94293,353.39117,986.8637,986.74805,-3.358,-0.036,2.188,0.068033,-0.577130,-0.044203,-0.812613,img_388.jpg
43849,1280,720,631.94293,353.39117,986.8637,986.74805,-3.362,-0.040,2.127,0.074021,-0.518085,-0.048292,-0.850751,img_389.jpg
43935,1280,720,631.94293,353.39117,986.8637,986.74805,-3.368,-0.042,2.085,0.082694,-0.467804,-0.051001,-0.878476,img_390.jpg
44012,1280,720,631.94293,353.39117,986.8637,986.74805,-3.371,-0.039,2.045,0.071378,-0.414209,-0.044766,-0.906274,img_391.jpg
44103,1280,720,631.94293,353.39117,986.8637,986.74805,-3.372,-0.028,1.989,0.053469,-0.352108,-0.037101,-0.933694,img_392.jpg
44183,1280,720,631.94293,353.39117,986.8637,986.74805,-3.370,-0.017,1.954,0.046397,-0.319051,-0.034718,-0.945964,img_393.jpg
44264,1280,720,631.94293,353.39117,986.8637,986.74805,-3.365,-0.005,1.902,0.045954,-0.273685,-0.028027,-0.960312,img_394.jpg
44351,1280,720,631.94293,353.39117,986.8637,986.74805,-3.348,0.002,1.848,0.044298,-0.226846,-0.017360,-0.972768,img_395.jpg
44433,1280,720,631.94293,353.39117,986.8637,986.74805,-3.333,0.006,1.819,0.044807,-0.200471,-0.011960,-0.978601,img_396.jpg
44522,1280,720,631.94293,353.39117,986.8637,986.74805,-3.310,0.008,1.793,0.038090,-0.175953,-0.007699,-0.983631,img_397.jpg
44601,1280,720,631.94293,353.39117,986.8637,986.74805,-3.277,0.009,1.751,0.040527,-0.144005,-0.003878,-0.988739,img_398.jpg
44686,1280,720,631.94293,353.39117,986.8637,986.74805,-3.252,0.007,1.725,0.043631,-0.126873,-0.002367,-0.990956,img_399.jpg
44768,1280,720,631.94293,353.39117,986.8637,986.74805,-3.210,0.004,1.694,0.047465,-0.111060,-0.001631,-0.992678,img_400.jpg
44846,1280,720,631.94293,353.39117,986.8637,986.74805,-3.180,0.004,1.680,0.046649,-0.108668,-0.002715,-0.992979,img_401.jpg
44936,1280,720,631.94293,353.39117,986.8637,986.74805,-3.138,0.007,1.660,0.046935,-0.105879,-0.006626,-0.993249,img_402.jpg
45016,1280,720,631.94293,353.39117,986.8637,986.74805,-3.111,0.008,1.650,0.049675,-0.103846,-0.007577,-0.993323,img_403.jpg
45104,1280,720,631.94293,353.39117,986.8637,986.74805,-3.077,0.010,1.639,0.050142,-0.098597,-0.012682,-0.993782,img_404.jpg
45179,1280,720,631.94293,353.39117,986.8637,986.74805,-3.058,0.008,1.632,0.054399,-0.101496,-0.013155,-0.993260,img_405.jpg
45268,1280,720,631.94293,353.39117,986.8637,986.74805,-3.036,0.007,1.621,0.057565,-0.103293,-0.009815,-0.992935,img_406.jpg,marker_11.jpg,0.27387434,0.27387434,-3.168,-0.148,0.916,-0.710213,-0.051590,0.075339,0.075339
45345,1280,720,631.94293,353.39117,986.8637,986.74805,-3.025,0.008,1.614,0.055237,-0.103064,-0.007081,-0.993115,img_407.jpg
45424,1280,720,631.94293,353.39117,986.8637,986.74805,-3.015,0.009,1.607,0.053794,-0.102459,-0.001606,-0.993280,img_408.jpg
45503,1280,720,631.94293,353.39117,986.8637,986.74805,-3.011,0.009,1.601,0.051004,-0.101061,0.001821,-0.993570,img_409.jpg
45580,1280,720,631.94293,353.39117,986.8637,986.74805,-3.008,0.009,1.597,0.053965,-0.099968,-0.000201,-0.993526,img_410.jpg
45660,1280,720,631.94293,353.39117,986.8637,986.74805,-3.005,0.009,1.594,0.054412,-0.099793,-0.002018,-0.993517,img_411.jpg
45753,1280,720,631.94293,353.39117,986.8637,986.74805,-3.000,0.007,1.589,0.056178,-0.099321,0.004582,-0.993458,img_412.jpg,marker_11.jpg,0.26962957,0.26962957,-3.169,-0.146,0.920,-0.704081,-0.056030,0.075684,0.075684
45834,1280,720,631.94293,353.39117,986.8637,986.74805,-2.991,0.005,1.589,0.058299,-0.101890,0.005191,-0.993072,img_413.jpg
45909,1280,720,631.94293,353.39117,986.8637,986.74805,-2.975,0.002,1.589,0.060626,-0.099490,0.004547,-0.993180,img_414.jpg
45985,1280,720,631.94293,353.39117,986.8637,986.74805,-2.939,-0.002,1.591,0.062025,-0.092241,0.006653,-0.993781,img_415.jpg
46069,1280,720,631.94293,353.39117,986.8637,986.74805,-2.909,-0.007,1.593,0.065143,-0.087948,0.017444,-0.993840,img_416.jpg
46140,1280,720,631.94293,353.39117,986.8637,986.74805,-2.869,-0.011,1.597,0.065752,-0.076111,0.027325,-0.994554,img_417.jpg
46225,1280,720,631.94293,353.39117,986.8637,986.74805,-2.793,-0.018,1.606,0.065026,-0.071881,0.028459,-0.994884,img_418.jpg
46322,1280,720,631.94293,353.39117,986.8637,986.74805,-2.699,-0.025,1.623,0.060435,-0.057928,0.027580,-0.996108,img_419.jpg
46405,1280,720,631.94293,353.39117,986.8637,986.74805,-2.631,-0.027,1.634,0.063144,-0.050051,0.017095,-0.996602,img_420.jpg
46483,1280,720,631.94293,353.39117,986.8637,986.74805,-2.534,-0.026,1.649,0.087632,-0.039891,0.010153,-0.995302,img_421.jpg
46571,1280,720,631.94293,353.39117,986.8637,986.74805,-2.476,-0.025,1.660,0.092499,-0.033264,0.004479,-0.995147,img_422.jpg
46655,1280,720,631.94293,353.39117,986.8637,986.74805,-2.398,-0.026,1.672,0.096507,-0.016360,-0.003595,-0.995191,img_423.jpg
46754,1280,720,631.94293,353.39117,986.8637,986.74805,-2.326,-0.028,1.675,0.099579,0.003926,-0.002531,-0.995019,img_424.jpg
46834,1280,720,631.94293,353.39117,986.8637,986.74805,-2.279,-0.031,1.674,0.099726,0.011171,-0.001853,-0.994951,img_425.jpg
46913,1280,720,631.94293,353.39117,986.8637,986.74805,-2.213,-0.038,1.667,0.097493,0.017029,-0.008796,-0.995052,img_426.jpg
47006,1280,720,631.94293,353.39117,986.8637,986.74805,-2.171,-0.043,1.661,0.089623,0.016769,-0.016025,-0.995706,img_427.jpg
47086,1280,720,631.94293,353.39117,986.8637,986.74805,-2.106,-0.042,1.655,0.072825,0.012215,-0.023537,-0.996992,img_428.jpg
47170,1280,720,631.94293,353.39117,986.8637,986.74805,-2.065,-0.038,1.644,0.075108,0.015886,-0.024450,-0.996749,img_429.jpg
47249,1280,720,631.94293,353.39117,986.8637,986.74805,-2.005,-0.029,1.636,0.075063,0.026244,-0.034540,-0.996235,img_430.jpg
47337,1280,720,631.94293,353.39117,986.8637,986.74805,-1.968,-0.024,1.631,0.088475,0.020355,-0.033596,-0.995304,img_431.jpg
47419,1280,720,631.94293,353.39117,986.8637,986.74805,-1.909,-0.016,1.631,0.092593,0.014422,-0.023886,-0.995313,img_432.jpg
47503,1280,720,631.94293,353.39117,986.8637,986.74805,-1.867,-0.011,1.638,0.080006,0.011109,-0.019897,-0.996534,img_433.jpg
47569,1280,720,631.94293,353.39117,986.8637,986.74805,-1.822,-0.010,1.648,0.075359,0.010581,-0.016956,-0.996956,img_434.jpg
47650,1280,720,631.94293,353.39117,986.8637,986.74805,-1.739,-0.012,1.669,0.067828,0.017937,-0.009465,-0.997491,img_435.jpg
47740,1280,720,631.94293,353.39117,986.8637,986.74805,-1.682,-0.016,1.692,0.058092,0.014745,-0.004936,-0.998190,img_436.jpg
47818,1280,720,631.94293,353.39117,986.8637,986.74805,-1.619,-0.016,1.713,0.055947,0.005275,-0.003324,-0.998414,img_437.jpg
47905,1280,720,631.94293,353.39117,986.8637,986.74805,-1.534,-0.007,1.744,0.067395,0.002900,-0.016592,-0.997584,img_438.jpg
47985,1280,720,631.94293,353.39117,986.8637,986.74805,-1.462,0.009,1.776,0.070453,-0.013720,-0.016788,-0.997279,img_439.jpg
48070,1280,720,631.94293,353.39117,986.8637,986.74805,-1.420,0.016,1.795,0.066723,-0.016160,-0.015870,-0.997514,img_440.jpg
48151,1280,720,631.94293,353.39117,986.8637,986.74805,-1.364,0.018,1.825,0.067262,-0.018228,-0.012732,-0.997488,img_441.jpg
48239,1280,720,631.94293,353.39117,986.8637,986.74805,-1.329,0.015,1.840,0.068005,-0.014877,-0.012953,-0.997490,img_442.jpg
48322,1280,720,631.94293,353.39117,986.8637,986.74805,-1.285,0.003,1.866,0.066192,-0.005214,-0.014684,-0.997685,img_443.jpg
48405,1280,720,631.94293,353.39117,986.8637,986.74805,-1.261,-0.004,1.882,0.068744,-0.007202,-0.014422,-0.997504,img_444.jpg
48483,1280,720,631.94293,353.39117,986.8637,986.74805,-1.226,-0.010,1.909,0.072856,-0.011635,-0.016374,-0.997140,img_445.jpg
48570,1280,720,631.94293,353.39117,986.8637,986.74805,-1.206,-0.010,1.923,0.084856,-0.006079,-0.023800,-0.996090,img_446.jpg
48647,1280,720,631.94293,353.39117,986.8637,986.74805,-1.174,-0.005,1.944,0.079117,-0.008299,-0.018266,-0.996663,img_447.jpg
48737,1280,720,631.94293,353.39117,986.8637,986.74805,-1.156,-0.002,1.954,0.077206,-0.018393,-0.013822,-0.996750,img_448.jpg
48819,1280,720,631.94293,353.39117,986.8637,986.74805,-1.139,0.001,1.962,0.074786,-0.028348,-0.010429,-0.996742,img_449.jpg,marker_12.jpg,0.27580592,0.27580592,-1.172,-0.176,1.107,-0.710584,-0.064808,0.046650,0.046650
48904,1280,720,631.94293,353.39117,986.8637,986.74805,-1.114,0.005,1.967,0.071367,-0.039620,-0.006571,-0.996641,img_450.jpg
48975,1280,720,631.94293,353.39117,986.8637,986.74805,-1.099,0.007,1.969,0.070431,-0.049284,-0.004729,-0.996287,img_451.jpg
49056,1280,720,631.94293,353.39117,986.8637,986.74805,-1.078,0.009,1.970,0.075092,-0.060279,-0.006415,-0.995332,img_452.jpg
49138,1280,720,631.94293,353.39117,986.8637,986.74805,-1.066,0.009,1.973,0.072175,-0.062751,-0.007338,-0.995389,img_453.jpg
49218,1280,720,631.94293,353.39117,986.8637,986.74805,-1.051,0.009,1.979,0.070684,-0.070507,-0.008396,-0.994968,img_454.jpg
49304,1280,720,631.94293,353.39117,986.8637,986.74805,-1.044,0.009,1.981,0.070826,-0.074433,-0.008133,-0.994674,img_455.jpg,marker_12.jpg,0.27405506,0.27405506,-1.172,-0.176,1.110,-0.715582,-0.061414,0.041632,0.041632
49389,1280,720,631.94293,353.39117,986.8637,986.74805,-1.037,0.008,1.982,0.073345,-0.078621,-0.008187,-0.994169,img_456.jpg
49488,1280,720,631.94293,353.39117,986.8637,986.74805,-1.033,0.007,1.984,0.076036,-0.084110,-0.008901,-0.993511,img_457.jpg
