time,sizeX,sizeY,p_x,p_y,f_x,f_y,pos_X,pos_Y,pos_Z,q_x,q_y,q_z,q_w,marker_ID,marker_x,marker_y,marker_z,marker_qx,marker_qy,marker_qz,marker_qw,marker_ID,marker_x,marker_y,marker_z,marker_qx,marker_qy,marker_qz,marker_qw,marker_ID,marker_x,marker_y,marker_z,marker_qx,marker_qy,marker_qz,marker_qw,
14573,1280,720,631.94293,353.39117,986.8637,986.74805,0.528,-0.158,0.996,0.079501,-0.015178,-0.000629,-0.996719,img_1.jpg,marker_1.jpg,0.27598408,0.27598408,0.504,-0.242,0.430,-0.711188,0.002897,-0.004023,-0.004023
14671,1280,720,631.94293,353.39117,986.8637,986.74805,0.529,-0.158,0.996,0.081435,-0.014593,-0.000186,-0.996572,img_2.jpg
14744,1280,720,631.94293,353.39117,986.8637,986.74805,0.530,-0.157,0.997,0.080961,-0.014204,0.000121,-0.996616,img_3.jpg
14820,1280,720,631.94293,353.39117,986.8637,986.74805,0.533,-0.157,0.998,0.081676,-0.013943,0.000680,-0.996561,img_4.jpg
14921,1280,720,631.94293,353.39117,986.8637,986.74805,0.539,-0.156,1.002,0.082633,-0.015246,0.001366,-0.996462,img_5.jpg
15002,1280,720,631.94293,353.39117,986.8637,986.74805,0.542,-0.155,1.005,0.082592,-0.018478,0.001128,-0.996412,img_6.jpg
15090,1280,720,631.94293,353.39117,986.8637,986.74805,0.547,-0.154,1.009,0.083219,-0.022438,0.001941,-0.996277,img_7.jpg
15161,1280,720,631.94293,353.39117,986.8637,986.74805,0.551,-0.153,1.014,0.082436,-0.027168,0.003775,-0.996219,img_8.jpg
15233,1280,720,631.94293,353.39117,986.8637,986.74805,0.556,-0.151,1.026,0.080938,-0.032944,0.004662,-0.996164,img_9.jpg,marker_1.jpg,0.2737729,0.2737729,0.504,-0.241,0.433,-0.707756,-0.009411,0.009832,0.009832
15319,1280,720,631.94293,353.39117,986.8637,986.74805,0.557,-0.149,1.037,0.076435,-0.030221,0.005154,-0.996603,img_10.jpg
15391,1280,720,631.94293,353.39117,986.8637,986.74805,0.558,-0.148,1.056,0.072685,-0.025415,0.007465,-0.997003,img_11.jpg
15485,1280,720,631.94293,353.39117,986.8637,986.74805,0.558,-0.147,1.069,0.071126,-0.022564,0.007366,-0.997185,img_12.jpg
15555,1280,720,631.94293,353.39117,986.8637,986.74805,0.559,-0.147,1.090,0.072002,-0.015089,0.004814,-0.997279,img_13.jpg
15636,1280,720,631.94293,353.39117,986.8637,986.74805,0.562,-0.148,1.103,0.079772,-0.004656,0.003930,-0.996795,img_14.jpg
15720,1280,720,631.94293,353.39117,986.8637,986.74805,0.570,-0.150,1.116,0.087431,-0.003223,0.007742,-0.996135,img_15.jpg,marker_1.jpg,0.27788934,0.27788934,0.503,-0.242,0.427,-0.706538,-0.002708,0.003170,0.003170
15802,1280,720,631.94293,353.39117,986.8637,986.74805,0.588,-0.153,1.135,0.103363,-0.008236,0.016966,-0.994465,img_16.jpg
15885,1280,720,631.94293,353.39117,986.8637,986.74805,0.605,-0.152,1.149,0.107453,-0.013564,0.021919,-0.993876,img_17.jpg
15955,1280,720,631.94293,353.39117,986.8637,986.74805,0.637,-0.148,1.174,0.098698,-0.014453,0.027471,-0.994633,img_18.jpg
16036,1280,720,631.94293,353.39117,986.8637,986.74805,0.665,-0.145,1.189,0.091522,-0.009419,0.029267,-0.995328,img_19.jpg
16118,1280,720,631.94293,353.39117,986.8637,986.74805,0.699,-0.144,1.203,0.087039,-0.009454,0.030149,-0.995704,img_20.jpg
16189,1280,720,631.94293,353.39117,986.8637,986.74805,0.738,-0.144,1.218,0.087582,-0.008578,0.028678,-0.995707,img_21.jpg
16268,1280,720,631.94293,353.39117,986.8637,986.74805,0.808,-0.139,1.245,0.090321,-0.013549,0.026785,-0.995460,img_22.jpg
16354,1280,720,631.94293,353.39117,986.8637,986.74805,0.856,-0.134,1.266,0.094252,-0.022874,0.024989,-0.994972,img_23.jpg
16426,1280,720,631.94293,353.39117,986.8637,986.74805,0.925,-0.126,1.294,0.100508,-0.026747,0.017182,-0.994428,img_24.jpg
16518,1280,720,631.94293,353.39117,986.8637,986.74805,0.969,-0.121,1.311,0.106792,-0.037615,0.020106,-0.993366,img_25.jpg
16584,1280,720,631.94293,353.39117,986.8637,986.74805,1.011,-0.118,1.326,0.109045,-0.034236,0.017865,-0.993287,img_26.jpg
16663,1280,720,631.94293,353.39117,986.8637,986.74805,1.075,-0.115,1.344,0.108206,-0.015373,0.020054,-0.993807,img_27.jpg
16753,1280,720,631.94293,353.39117,986.8637,986.74805,1.120,-0.117,1.351,0.104549,0.002331,0.024020,-0.994227,img_28.jpg
16832,1280,720,631.94293,353.39117,986.8637,986.74805,1.187,-0.120,1.355,0.105058,0.023039,0.026389,-0.993849,img_29.jpg
16918,1280,720,631.94293,353.39117,986.8637,986.74805,1.231,-0.124,1.354,0.105451,0.037659,0.024498,-0.993409,img_30.jpg
16991,1280,720,631.94293,353.39117,986.8637,986.74805,1.301,-0.129,1.347,0.107407,0.049395,0.018839,-0.992809,img_31.jpg
17068,1280,720,631.94293,353.39117,986.8637,986.74805,1.348,-0.131,1.340,0.106166,0.049181,0.013061,-0.993046,img_32.jpg
17152,1280,720,631.94293,353.39117,986.8637,986.74805,1.427,-0.128,1.328,0.099593,0.057274,0.005780,-0.993362,img_33.jpg
17236,1280,720,631.94293,353.39117,986.8637,986.74805,1.481,-0.123,1.316,0.102909,0.070020,0.002830,-0.992219,img_34.jpg
17319,1280,720,631.94293,353.39117,986.8637,986.74805,1.538,-0.117,1.308,0.101002,0.085901,0.001306,-0.991170,img_35.jpg
17383,1280,720,631.94293,353.39117,986.8637,986.74805,1.594,-0.114,1.299,0.102905,0.107498,0.002971,-0.988861,img_36.jpg
17459,1280,720,631.94293,353.39117,986.8637,986.74805,1.676,-0.111,1.287,0.102819,0.127038,0.011084,-0.986492,img_37.jpg
17535,1280,720,631.94293,353.39117,986.8637,986.74805,1.729,-0.110,1.279,0.098486,0.136448,0.015030,-0.985625,img_38.jpg
17618,1280,720,631.94293,353.39117,986.8637,986.74805,1.785,-0.111,1.271,0.096265,0.144651,0.020482,-0.984576,img_39.jpg
17689,1280,720,631.94293,353.39117,986.8637,986.74805,1.869,-0.114,1.258,0.093474,0.153153,0.026610,-0.983412,img_40.jpg
17769,1280,720,631.94293,353.39117,986.8637,986.74805,1.926,-0.114,1.251,0.087997,0.158744,0.027448,-0.983007,img_41.jpg
17853,1280,720,631.94293,353.39117,986.8637,986.74805,2.008,-0.109,1.244,0.077679,0.170128,0.023655,-0.982071,img_42.jpg
17935,1280,720,631.94293,353.39117,986.8637,986.74805,2.067,-0.103,1.236,0.078856,0.185440,0.026966,-0.979115,img_43.jpg
18002,1280,720,631.94293,353.39117,986.8637,986.74805,2.125,-0.097,1.229,0.078966,0.198077,0.031140,-0.976504,img_44.jpg
18078,1280,720,631.94293,353.39117,986.8637,986.74805,2.176,-0.092,1.220,0.079552,0.217336,0.029983,-0.972388,img_45.jpg
18169,1280,720,631.94293,353.39117,986.8637,986.74805,2.253,-0.090,1.201,0.087040,0.244473,0.033880,-0.965147,img_46.jpg
18254,1280,720,631.94293,353.39117,986.8637,986.74805,2.297,-0.089,1.187,0.088693,0.263080,0.034638,-0.960064,img_47.jpg
18337,1280,720,631.94293,353.39117,986.8637,986.74805,2.369,-0.093,1.163,0.090355,0.290526,0.034260,-0.951975,img_48.jpg
18419,1280,720,631.94293,353.39117,986.8637,986.74805,2.439,-0.099,1.135,0.091205,0.315721,0.037038,-0.943732,img_49.jpg
18502,1280,720,631.94293,353.39117,986.8637,986.74805,2.487,-0.105,1.114,0.087388,0.333167,0.040077,-0.937954,img_50.jpg
18586,1280,720,631.94293,353.39117,986.8637,986.74805,2.533,-0.108,1.092,0.081014,0.351197,0.038905,-0.931979,img_51.jpg
18658,1280,720,631.94293,353.39117,986.8637,986.74805,2.599,-0.107,1.051,0.066686,0.395683,0.029682,-0.915482,img_52.jpg
18737,1280,720,631.94293,353.39117,986.8637,986.74805,2.643,-0.101,1.020,0.065562,0.436292,0.027382,-0.896996,img_53.jpg
18808,1280,720,631.94293,353.39117,986.8637,986.74805,2.687,-0.094,0.990,0.063587,0.478327,0.025507,-0.875505,img_54.jpg
18883,1280,720,631.94293,353.39117,986.8637,986.74805,2.725,-0.090,0.962,0.064222,0.513449,0.030970,-0.855153,img_55.jpg
18949,1280,720,631.94293,353.39117,986.8637,986.74805,2.761,-0.087,0.938,0.062185,0.535460,0.037662,-0.841426,img_56.jpg
19036,1280,720,631.94293,353.39117,986.8637,986.74805,2.811,-0.087,0.907,0.063195,0.560600,0.044403,-0.824477,img_57.jpg
19119,1280,720,631.94293,353.39117,986.8637,986.74805,2.840,-0.088,0.892,0.055654,0.589353,0.045638,-0.804663,img_58.jpg
19193,1280,720,631.94293,353.39117,986.8637,986.74805,2.884,-0.096,0.872,0.055001,0.633197,0.057505,-0.769889,img_59.jpg
19287,1280,720,631.94293,353.39117,986.8637,986.74805,2.903,-0.099,0.862,0.057038,0.648949,0.061469,-0.756197,img_60.jpg
19360,1280,720,631.94293,353.39117,986.8637,986.74805,2.924,-0.103,0.848,0.055249,0.659080,0.054707,-0.748043,img_61.jpg
19438,1280,720,631.94293,353.39117,986.8637,986.74805,2.936,-0.105,0.841,0.053760,0.656461,0.053211,-0.750558,img_62.jpg
19536,1280,720,631.94293,353.39117,986.8637,986.74805,2.947,-0.106,0.833,0.056215,0.656851,0.049782,-0.750272,img_63.jpg
19602,1280,720,631.94293,353.39117,986.8637,986.74805,2.952,-0.105,0.830,0.056388,0.659302,0.046196,-0.748337,img_64.jpg
19677,1280,720,631.94293,353.39117,986.8637,986.74805,2.956,-0.104,0.830,0.056828,0.659413,0.043230,-0.748382,img_65.jpg
19753,1280,720,631.94293,353.39117,986.8637,986.74805,2.962,-0.101,0.832,0.057244,0.658120,0.041033,-0.749611,img_66.jpg
19837,1280,720,631.94293,353.39117,986.8637,986.74805,2.967,-0.100,0.835,0.057634,0.655723,0.042340,-0.751607,img_67.jpg
19912,1280,720,631.94293,353.39117,986.8637,986.74805,2.969,-0.099,0.840,0.056412,0.653641,0.042435,-0.753506,img_68.jpg
19986,1280,720,631.94293,353.39117,986.8637,986.74805,2.969,-0.096,0.855,0.051867,0.648743,0.043482,-0.757992,img_69.jpg
20069,1280,720,631.94293,353.39117,986.8637,986.74805,2.968,-0.095,0.869,0.051580,0.644850,0.045482,-0.761209,img_70.jpg
20139,1280,720,631.94293,353.39117,986.8637,986.74805,2.968,-0.092,0.883,0.052560,0.643836,0.047022,-0.761907,img_71.jpg,marker_3.jpg,0.273313,0.273313,3.689,-0.203,0.723,-0.506892,0.496451,-0.484720,-0.484720
20210,1280,720,631.94293,353.39117,986.8637,986.74805,2.968,-0.090,0.897,0.061251,0.640160,0.048618,-0.764251,img_72.jpg
20292,1280,720,631.94293,353.39117,986.8637,986.74805,2.964,-0.086,0.925,0.064898,0.624135,0.052115,-0.776871,img_73.jpg
20371,1280,720,631.94293,353.39117,986.8637,986.74805,2.960,-0.084,0.945,0.063569,0.615541,0.057388,-0.783438,img_74.jpg
20447,1280,720,631.94293,353.39117,986.8637,986.74805,2.957,-0.083,0.963,0.065265,0.610908,0.059025,-0.786796,img_75.jpg,marker_3.jpg,0.26864472,0.26864472,3.678,-0.203,0.724,-0.507520,0.497163,-0.488505,-0.488505
20525,1280,720,631.94293,353.39117,986.8637,986.74805,2.956,-0.082,0.979,0.073110,0.601853,0.053485,-0.793453,img_76.jpg
20603,1280,720,631.94293,353.39117,986.8637,986.74805,2.957,-0.082,0.984,0.076247,0.601027,0.047227,-0.794181,img_77.jpg
20676,1280,720,631.94293,353.39117,986.8637,986.74805,2.961,-0.082,0.991,0.074555,0.594860,0.050062,-0.798798,img_78.jpg
20745,1280,720,631.94293,353.39117,986.8637,986.74805,2.968,-0.082,1.001,0.073258,0.587606,0.052823,-0.804091,img_79.jpg
20811,1280,720,631.94293,353.39117,986.8637,986.74805,2.971,-0.080,1.014,0.065036,0.575950,0.049783,-0.813372,img_80.jpg
20885,1280,720,631.94293,353.39117,986.8637,986.74805,2.979,-0.080,1.042,0.048185,0.569769,0.049180,-0.818916,img_81.jpg
20970,1280,720,631.94293,353.39117,986.8637,986.74805,2.988,-0.082,1.068,0.048101,0.578823,0.051042,-0.812431,img_82.jpg
21039,1280,720,631.94293,353.39117,986.8637,986.74805,2.999,-0.085,1.099,0.053699,0.594190,0.056513,-0.800538,img_83.jpg,marker_3.jpg,0.27238235,0.27238235,3.674,-0.202,0.725,-0.501822,0.501942,-0.500286,-0.500286
21119,1280,720,631.94293,353.39117,986.8637,986.74805,3.013,-0.086,1.157,0.061080,0.620088,0.061742,-0.779710,img_84.jpg
21204,1280,720,631.94293,353.39117,986.8637,986.74805,3.018,-0.088,1.204,0.064276,0.636012,0.063972,-0.766332,img_85.jpg
21274,1280,720,631.94293,353.39117,986.8637,986.74805,3.021,-0.091,1.259,0.059123,0.654049,0.066049,-0.751240,img_86.jpg
21345,1280,720,631.94293,353.39117,986.8637,986.74805,3.018,-0.095,1.319,0.056852,0.661238,0.070569,-0.744683,img_87.jpg
21440,1280,720,631.94293,353.39117,986.8637,986.74805,3.006,-0.092,1.412,0.055251,0.671785,0.067742,-0.735571,img_88.jpg
21520,1280,720,631.94293,353.39117,986.8637,986.74805,2.995,-0.084,1.504,0.058534,0.665940,0.070533,-0.740353,img_89.jpg
21604,1280,720,631.94293,353.39117,986.8637,986.74805,2.987,-0.079,1.561,0.064625,0.666372,0.072862,-0.739231,img_90.jpg
21679,1280,720,631.94293,353.39117,986.8637,986.74805,2.981,-0.078,1.617,0.063298,0.675850,0.070058,-0.730966,img_91.jpg
21772,1280,720,631.94293,353.39117,986.8637,986.74805,2.978,-0.079,1.694,0.063869,0.690240,0.074725,-0.716872,img_92.jpg
21846,1280,720,631.94293,353.39117,986.8637,986.74805,2.979,-0.082,1.752,0.067084,0.695761,0.077347,-0.710939,img_93.jpg
21925,1280,720,631.94293,353.39117,986.8637,986.74805,2.985,-0.089,1.838,0.066020,0.706903,0.074714,-0.700248,img_94.jpg
22004,1280,720,631.94293,353.39117,986.8637,986.74805,2.994,-0.096,1.898,0.065426,0.712374,0.083437,-0.693744,img_95.jpg
22085,1280,720,631.94293,353.39117,986.8637,986.74805,3.005,-0.104,1.960,0.066079,0.719549,0.087656,-0.685711,img_96.jpg
22158,1280,720,631.94293,353.39117,986.8637,986.74805,3.024,-0.113,2.056,0.072048,0.734749,0.091292,-0.668295,img_97.jpg
22238,1280,720,631.94293,353.39117,986.8637,986.74805,3.036,-0.114,2.122,0.077774,0.745522,0.094155,-0.655197,img_98.jpg
22322,1280,720,631.94293,353.39117,986.8637,986.74805,3.052,-0.104,2.225,0.083326,0.760206,0.099711,-0.636554,img_99.jpg
22402,1280,720,631.94293,353.39117,986.8637,986.74805,3.059,-0.096,2.293,0.077766,0.774344,0.098378,-0.620214,img_100.jpg
22486,1280,720,631.94293,353.39117,986.8637,986.74805,3.064,-0.092,2.361,0.070248,0.782036,0.103234,-0.610597,img_101.jpg
22573,1280,720,631.94293,353.39117,986.8637,986.74805,3.073,-0.089,2.463,0.055731,0.790864,0.105557,-0.600238,img_102.jpg
22656,1280,720,631.94293,353.39117,986.8637,986.74805,3.075,-0.090,2.531,0.048118,0.794277,0.105800,-0.596335,img_103.jpg
22739,1280,720,631.94293,353.39117,986.8637,986.74805,3.076,-0.092,2.635,0.040506,0.796168,0.101208,-0.595175,img_104.jpg
22821,1280,720,631.94293,353.39117,986.8637,986.74805,3.070,-0.088,2.740,0.035646,0.795344,0.094668,-0.597658,img_105.jpg
22904,1280,720,631.94293,353.39117,986.8637,986.74805,3.066,-0.078,2.805,0.037583,0.796051,0.088711,-0.597512,img_106.jpg
22985,1280,720,631.94293,353.39117,986.8637,986.74805,3.060,-0.063,2.903,0.039237,0.798804,0.075762,-0.595511,img_107.jpg
23070,1280,720,631.94293,353.39117,986.8637,986.74805,3.059,-0.055,2.965,0.036298,0.797941,0.072959,-0.597201,img_108.jpg
23136,1280,720,631.94293,353.39117,986.8637,986.74805,3.064,-0.050,3.028,0.035119,0.800293,0.071134,-0.594338,img_109.jpg
23208,1280,720,631.94293,353.39117,986.8637,986.74805,3.072,-0.049,3.084,0.034218,0.802932,0.071484,-0.590779,img_110.jpg
23288,1280,720,631.94293,353.39117,986.8637,986.74805,3.085,-0.054,3.170,0.033243,0.803211,0.074498,-0.590082,img_111.jpg
23370,1280,720,631.94293,353.39117,986.8637,986.74805,3.097,-0.058,3.222,0.034586,0.802961,0.066220,-0.591331,img_112.jpg
23444,1280,720,631.94293,353.39117,986.8637,986.74805,3.113,-0.063,3.272,0.037920,0.802943,0.057295,-0.592083,img_113.jpg
23525,1280,720,631.94293,353.39117,986.8637,986.74805,3.139,-0.067,3.348,0.040339,0.801114,0.051818,-0.594898,img_114.jpg
23604,1280,720,631.94293,353.39117,986.8637,986.74805,3.158,-0.061,3.399,0.044075,0.806047,0.057191,-0.587432,img_115.jpg
23685,1280,720,631.94293,353.39117,986.8637,986.74805,3.176,-0.052,3.472,0.040015,0.810471,0.044976,-0.582677,img_116.jpg
23771,1280,720,631.94293,353.39117,986.8637,986.74805,3.187,-0.047,3.521,0.034107,0.807774,0.053211,-0.586095,img_117.jpg
23845,1280,720,631.94293,353.39117,986.8637,986.74805,3.200,-0.046,3.566,0.034427,0.804707,0.052833,-0.590314,img_118.jpg
23922,1280,720,631.94293,353.39117,986.8637,986.74805,3.215,-0.045,3.620,0.030786,0.791521,0.049487,-0.608357,img_119.jpg
24004,1280,720,631.94293,353.39117,986.8637,986.74805,3.229,-0.047,3.655,0.030060,0.782913,0.043522,-0.619879,img_120.jpg
24079,1280,720,631.94293,353.39117,986.8637,986.74805,3.237,-0.046,3.692,0.027152,0.771632,0.038283,-0.634335,img_121.jpg,marker_4.jpg,0.27826947,0.27826947,4.009,-0.118,3.907,-0.521020,0.470181,-0.485710,-0.485710
24153,1280,720,631.94293,353.39117,986.8637,986.74805,3.244,-0.042,3.750,0.018741,0.753235,0.034854,-0.656560,img_122.jpg
24240,1280,720,631.94293,353.39117,986.8637,986.74805,3.251,-0.036,3.786,0.020859,0.742201,0.041038,-0.668594,img_123.jpg
24315,1280,720,631.94293,353.39117,986.8637,986.74805,3.256,-0.030,3.834,0.021620,0.730773,0.035853,-0.681336,img_124.jpg
24403,1280,720,631.94293,353.39117,986.8637,986.74805,3.257,-0.027,3.862,0.023964,0.720007,0.032480,-0.692792,img_125.jpg
24480,1280,720,631.94293,353.39117,986.8637,986.74805,3.263,-0.027,3.901,0.027153,0.701880,0.032451,-0.711037,img_126.jpg
24571,1280,720,631.94293,353.39117,986.8637,986.74805,3.270,-0.026,3.925,0.028960,0.691896,0.037560,-0.720438,img_127.jpg,marker_4.jpg,0.27294016,0.27294016,4.012,-0.124,3.899,-0.503162,0.488844,-0.503362,-0.503362
24646,1280,720,631.94293,353.39117,986.8637,986.74805,3.276,-0.028,3.953,0.027020,0.684135,0.047241,-0.727322,img_128.jpg
24723,1280,720,631.94293,353.39117,986.8637,986.74805,3.286,-0.034,4.007,0.024488,0.684731,0.054663,-0.726331,img_129.jpg
24805,1280,720,631.94293,353.39117,986.8637,986.74805,3.292,-0.039,4.046,0.022549,0.694828,0.053359,-0.716839,img_130.jpg
24883,1280,720,631.94293,353.39117,986.8637,986.74805,3.308,-0.051,4.119,0.024000,0.714956,0.058549,-0.696300,img_131.jpg
24969,1280,720,631.94293,353.39117,986.8637,986.74805,3.319,-0.059,4.173,0.031518,0.730927,0.063111,-0.678800,img_132.jpg
25042,1280,720,631.94293,353.39117,986.8637,986.74805,3.328,-0.063,4.227,0.038905,0.744478,0.060847,-0.663729,img_133.jpg
25137,1280,720,631.94293,353.39117,986.8637,986.74805,3.337,-0.062,4.308,0.049261,0.768301,0.050827,-0.636163,img_134.jpg
25221,1280,720,631.94293,353.39117,986.8637,986.74805,3.350,-0.058,4.392,0.057392,0.794613,0.060681,-0.601344,img_135.jpg
25322,1280,720,631.94293,353.39117,986.8637,986.74805,3.354,-0.054,4.475,0.045277,0.817973,0.071013,-0.569059,img_136.jpg
25404,1280,720,631.94293,353.39117,986.8637,986.74805,3.354,-0.052,4.525,0.042621,0.829635,0.077123,-0.551309,img_137.jpg
25491,1280,720,631.94293,353.39117,986.8637,986.74805,3.347,-0.053,4.598,0.036924,0.844473,0.075409,-0.528975,img_138.jpg
25588,1280,720,631.94293,353.39117,986.8637,986.74805,3.335,-0.055,4.673,0.030529,0.852452,0.079534,-0.515817,img_139.jpg
25668,1280,720,631.94293,353.39117,986.8637,986.74805,3.324,-0.057,4.720,0.031216,0.860102,0.080532,-0.502757,img_140.jpg
25738,1280,720,631.94293,353.39117,986.8637,986.74805,3.310,-0.054,4.767,0.031732,0.868984,0.081570,-0.487039,img_141.jpg
25821,1280,720,631.94293,353.39117,986.8637,986.74805,3.289,-0.055,4.846,0.027837,0.886215,0.104531,-0.450468,img_142.jpg
25885,1280,720,631.94293,353.39117,986.8637,986.74805,3.270,-0.056,4.888,0.023291,0.897815,0.103784,-0.427335,img_143.jpg
25972,1280,720,631.94293,353.39117,986.8637,986.74805,3.257,-0.062,4.931,0.026740,0.904967,0.115002,-0.408772,img_144.jpg
26045,1280,720,631.94293,353.39117,986.8637,986.74805,3.244,-0.068,4.973,0.024079,0.913714,0.129421,-0.384444,img_145.jpg
26115,1280,720,631.94293,353.39117,986.8637,986.74805,3.218,-0.082,5.034,0.021039,0.927701,0.150446,-0.341020,img_146.jpg
26204,1280,720,631.94293,353.39117,986.8637,986.74805,3.198,-0.089,5.073,0.020856,0.936279,0.159215,-0.312407,img_147.jpg
26276,1280,720,631.94293,353.39117,986.8637,986.74805,3.179,-0.099,5.108,0.019790,0.944056,0.168561,-0.282762,img_148.jpg
26341,1280,720,631.94293,353.39117,986.8637,986.74805,3.158,-0.111,5.144,0.018267,0.950506,0.179939,-0.252640,img_149.jpg
26413,1280,720,631.94293,353.39117,986.8637,986.74805,3.134,-0.125,5.179,0.019108,0.957022,0.193616,-0.215073,img_150.jpg
26487,1280,720,631.94293,353.39117,986.8637,986.74805,3.093,-0.141,5.224,0.023357,0.963846,0.213278,-0.158010,img_151.jpg
26569,1280,720,631.94293,353.39117,986.8637,986.74805,3.060,-0.148,5.248,0.018259,0.966092,0.225843,-0.123804,img_152.jpg
26641,1280,720,631.94293,353.39117,986.8637,986.74805,3.025,-0.155,5.270,0.007140,0.966384,0.239195,-0.094006,img_153.jpg
26709,1280,720,631.94293,353.39117,986.8637,986.74805,2.988,-0.160,5.289,-0.005154,0.967167,0.245729,-0.064645,img_154.jpg
26785,1280,720,631.94293,353.39117,986.8637,986.74805,2.950,-0.165,5.306,-0.013893,0.967115,0.251035,-0.038432,img_155.jpg
26855,1280,720,631.94293,353.39117,986.8637,986.74805,2.880,-0.174,5.320,-0.030183,0.965581,0.258293,-0.005162,img_156.jpg
26939,1280,720,631.94293,353.39117,986.8637,986.74805,2.831,-0.176,5.323,-0.037224,0.965391,0.257779,0.013614,img_157.jpg
27009,1280,720,631.94293,353.39117,986.8637,986.74805,2.780,-0.180,5.323,-0.043396,0.965255,0.256207,0.027521,img_158.jpg
27084,1280,720,631.94293,353.39117,986.8637,986.74805,2.708,-0.177,5.315,-0.048876,0.966731,0.247769,0.040662,img_159.jpg
27169,1280,720,631.94293,353.39117,986.8637,986.74805,2.659,-0.174,5.312,-0.046060,0.965489,0.250856,0.052730,img_160.jpg
27238,1280,720,631.94293,353.39117,986.8637,986.74805,2.610,-0.169,5.308,-0.043084,0.966262,0.246218,0.062116,img_161.jpg
27308,1280,720,631.94293,353.39117,986.8637,986.74805,2.561,-0.162,5.306,-0.042574,0.966998,0.240567,0.072321,img_162.jpg
27382,1280,720,631.94293,353.39117,986.8637,986.74805,2.513,-0.157,5.308,-0.042343,0.967948,0.233149,0.083215,img_163.jpg
27451,1280,720,631.94293,353.39117,986.8637,986.74805,2.454,-0.145,5.307,-0.041913,0.968785,0.219117,0.108107,img_164.jpg
27538,1280,720,631.94293,353.39117,986.8637,986.74805,2.415,-0.131,5.310,-0.042546,0.969688,0.207901,0.121128,img_165.jpg
27606,1280,720,631.94293,353.39117,986.8637,986.74805,2.370,-0.116,5.315,-0.042722,0.971789,0.193106,0.128499,img_166.jpg
27671,1280,720,631.94293,353.39117,986.8637,986.74805,2.334,-0.107,5.324,-0.045201,0.973926,0.178784,0.132145,img_167.jpg
27741,1280,720,631.94293,353.39117,986.8637,986.74805,2.304,-0.096,5.336,-0.045910,0.976644,0.162972,0.132288,img_168.jpg
27815,1280,720,631.94293,353.39117,986.8637,986.74805,2.266,-0.083,5.361,-0.039651,0.980761,0.140190,0.129934,img_169.jpg
27888,1280,720,631.94293,353.39117,986.8637,986.74805,2.246,-0.073,5.382,-0.030572,0.984047,0.122832,0.125020,img_170.jpg
27970,1280,720,631.94293,353.39117,986.8637,986.74805,2.224,-0.063,5.401,-0.021325,0.987294,0.102819,0.119266,img_171.jpg
28046,1280,720,631.94293,353.39117,986.8637,986.74805,2.206,-0.051,5.425,-0.011545,0.990083,0.082651,0.113014,img_172.jpg
28117,1280,720,631.94293,353.39117,986.8637,986.74805,2.176,-0.036,5.459,-0.001902,0.992099,0.068327,0.105199,img_173.jpg
28205,1280,720,631.94293,353.39117,986.8637,986.74805,2.160,-0.026,5.482,0.005344,0.992731,0.060116,0.104129,img_174.jpg,marker_6.jpg,0.28070137,0.28070137,1.973,-0.166,6.290,-0.024337,0.720291,-0.693076,-0.693076
28270,1280,720,631.94293,353.39117,986.8637,986.74805,2.144,-0.020,5.497,0.003005,0.993614,0.051686,0.100258,img_175.jpg
28333,1280,720,631.94293,353.39117,986.8637,986.74805,2.128,-0.017,5.514,-0.005751,0.994688,0.053274,0.087887,img_176.jpg
28421,1280,720,631.94293,353.39117,986.8637,986.74805,2.108,-0.015,5.531,-0.009025,0.995734,0.052944,0.075030,img_177.jpg
28489,1280,720,631.94293,353.39117,986.8637,986.74805,2.094,-0.014,5.539,-0.008257,0.996402,0.051918,0.066474,img_178.jpg
28573,1280,720,631.94293,353.39117,986.8637,986.74805,2.082,-0.014,5.548,-0.006111,0.996948,0.054411,0.055642,img_179.jpg
28647,1280,720,631.94293,353.39117,986.8637,986.74805,2.062,-0.014,5.559,-0.006582,0.997470,0.058255,0.040216,img_180.jpg
28744,1280,720,631.94293,353.39117,986.8637,986.74805,2.051,-0.013,5.568,-0.008473,0.997650,0.058396,0.034818,img_181.jpg
28839,1280,720,631.94293,353.39117,986.8637,986.74805,2.035,-0.014,5.574,-0.007706,0.997809,0.059462,0.027980,img_182.jpg,marker_6.jpg,0.27105114,0.27105114,1.983,-0.166,6.272,0.004043,0.699594,-0.714516,-0.714516
28913,1280,720,631.94293,353.39117,986.8637,986.74805,2.017,-0.020,5.578,-0.006285,0.996953,0.074462,0.022364,img_183.jpg
29005,1280,720,631.94293,353.39117,986.8637,986.74805,2.000,-0.030,5.577,-0.010624,0.995292,0.094033,0.020961,img_184.jpg
29074,1280,720,631.94293,353.39117,986.8637,986.74805,1.978,-0.045,5.574,-0.016003,0.992712,0.116497,0.026372,img_185.jpg
29148,1280,720,631.94293,353.39117,986.8637,986.74805,1.928,-0.070,5.556,-0.030958,0.989202,0.138143,0.037921,img_186.jpg
29241,1280,720,631.94293,353.39117,986.8637,986.74805,1.887,-0.084,5.536,-0.041385,0.986535,0.148891,0.053555,img_187.jpg
29313,1280,720,631.94293,353.39117,986.8637,986.74805,1.815,-0.102,5.497,-0.049151,0.982766,0.162084,0.074057,img_188.jpg
29405,1280,720,631.94293,353.39117,986.8637,986.74805,1.759,-0.108,5.469,-0.048675,0.980266,0.168479,0.091237,img_189.jpg
29479,1280,720,631.94293,353.39117,986.8637,986.74805,1.680,-0.115,5.420,-0.050128,0.974066,0.188814,0.114162,img_190.jpg
29569,1280,720,631.94293,353.39117,986.8637,986.74805,1.628,-0.120,5.392,-0.049009,0.970409,0.199319,0.127184,img_191.jpg
29636,1280,720,631.94293,353.39117,986.8637,986.74805,1.578,-0.125,5.367,-0.048984,0.967090,0.206303,0.140628,img_192.jpg
29720,1280,720,631.94293,353.39117,986.8637,986.74805,1.503,-0.132,5.338,-0.055211,0.960613,0.218314,0.162828,img_193.jpg
29805,1280,720,631.94293,353.39117,986.8637,986.74805,1.453,-0.136,5.324,-0.060730,0.956892,0.219713,0.179986,img_194.jpg
29876,1280,720,631.94293,353.39117,986.8637,986.74805,1.373,-0.146,5.307,-0.064431,0.952627,0.217651,0.202433,img_195.jpg
29974,1280,720,631.94293,353.39117,986.8637,986.74805,1.314,-0.148,5.307,-0.066325,0.949609,0.217802,0.215421,img_196.jpg
30067,1280,720,631.94293,353.39117,986.8637,986.74805,1.227,-0.155,5.309,-0.059323,0.946818,0.211925,0.234745,img_197.jpg
30155,1280,720,631.94293,353.39117,986.8637,986.74805,1.134,-0.157,5.314,-0.044401,0.944264,0.201398,0.256580,img_198.jpg
30239,1280,720,631.94293,353.39117,986.8637,986.74805,1.066,-0.155,5.322,-0.046422,0.937930,0.210565,0.271652,img_199.jpg
30308,1280,720,631.94293,353.39117,986.8637,986.74805,1.004,-0.148,5.329,-0.048157,0.934952,0.210806,0.281258,img_200.jpg
30386,1280,720,631.94293,353.39117,986.8637,986.74805,0.944,-0.141,5.331,-0.055776,0.932660,0.206008,0.290854,img_201.jpg
30451,1280,720,631.94293,353.39117,986.8637,986.74805,0.857,-0.138,5.335,-0.068511,0.931928,0.198514,0.295651,img_202.jpg
30539,1280,720,631.94293,353.39117,986.8637,986.74805,0.798,-0.140,5.340,-0.076348,0.929794,0.195849,0.302153,img_203.jpg
30612,1280,720,631.94293,353.39117,986.8637,986.74805,0.702,-0.146,5.343,-0.090252,0.926404,0.193230,0.310310,img_204.jpg
30689,1280,720,631.94293,353.39117,986.8637,986.74805,0.633,-0.152,5.345,-0.091195,0.925881,0.188875,0.314250,img_205.jpg
30770,1280,720,631.94293,353.39117,986.8637,986.74805,0.566,-0.154,5.347,-0.092036,0.925102,0.187470,0.317128,img_206.jpg
30841,1280,720,631.94293,353.39117,986.8637,986.74805,0.495,-0.150,5.347,-0.094943,0.925177,0.188065,0.315699,img_207.jpg
30910,1280,720,631.94293,353.39117,986.8637,986.74805,0.399,-0.139,5.352,-0.093592,0.922079,0.204264,0.315100,img_208.jpg
31005,1280,720,631.94293,353.39117,986.8637,986.74805,0.343,-0.134,5.358,-0.089595,0.923281,0.199536,0.315770,img_209.jpg
31071,1280,720,631.94293,353.39117,986.8637,986.74805,0.284,-0.134,5.366,-0.093097,0.921515,0.205536,0.316067,img_210.jpg
31146,1280,720,631.94293,353.39117,986.8637,986.74805,0.224,-0.138,5.379,-0.099113,0.919325,0.212123,0.316262,img_211.jpg
31239,1280,720,631.94293,353.39117,986.8637,986.74805,0.134,-0.150,5.399,-0.100763,0.916600,0.220315,0.318046,img_212.jpg
31311,1280,720,631.94293,353.39117,986.8637,986.74805,0.072,-0.160,5.415,-0.100260,0.914389,0.225760,0.320739,img_213.jpg
31392,1280,720,631.94293,353.39117,986.8637,986.74805,-0.024,-0.176,5.442,-0.094831,0.911773,0.226615,0.329125,img_214.jpg
31470,1280,720,631.94293,353.39117,986.8637,986.74805,-0.089,-0.182,5.459,-0.089466,0.909711,0.227794,0.335457,img_215.jpg
31557,1280,720,631.94293,353.39117,986.8637,986.74805,-0.199,-0.183,5.480,-0.097397,0.894145,0.252355,0.356842,img_216.jpg
31640,1280,720,631.94293,353.39117,986.8637,986.74805,-0.257,-0.174,5.482,-0.100535,0.891747,0.247779,0.365083,img_217.jpg
31715,1280,720,631.94293,353.39117,986.8637,986.74805,-0.348,-0.171,5.492,-0.111555,0.886580,0.246591,0.375132,img_218.jpg
31805,1280,720,631.94293,353.39117,986.8637,986.74805,-0.411,-0.175,5.496,-0.124404,0.883033,0.252303,0.375660,img_219.jpg
31878,1280,720,631.94293,353.39117,986.8637,986.74805,-0.502,-0.187,5.504,-0.132456,0.879598,0.253884,0.379876,img_220.jpg
31955,1280,720,631.94293,353.39117,986.8637,986.74805,-0.562,-0.197,5.509,-0.132892,0.879576,0.254726,0.379210,img_221.jpg
32040,1280,720,631.94293,353.39117,986.8637,986.74805,-0.630,-0.210,5.518,-0.135353,0.879999,0.257370,0.375555,img_222.jpg
32116,1280,720,631.94293,353.39117,986.8637,986.74805,-0.728,-0.209,5.513,-0.140013,0.882095,0.257149,0.369024,img_223.jpg
32188,1280,720,631.94293,353.39117,986.8637,986.74805,-0.790,-0.203,5.511,-0.137113,0.881178,0.256958,0.372421,img_224.jpg
32270,1280,720,631.94293,353.39117,986.8637,986.74805,-0.850,-0.194,5.507,-0.128691,0.884615,0.245892,0.374743,img_225.jpg
32346,1280,720,631.94293,353.39117,986.8637,986.74805,-0.909,-0.187,5.505,-0.128051,0.884992,0.244579,0.374932,img_226.jpg
32438,1280,720,631.94293,353.39117,986.8637,986.74805,-1.001,-0.178,5.509,-0.129622,0.888252,0.238102,0.370830,img_227.jpg
32507,1280,720,631.94293,353.39117,986.8637,986.74805,-1.059,-0.178,5.515,-0.124644,0.890154,0.234957,0.369980,img_228.jpg
32588,1280,720,631.94293,353.39117,986.8637,986.74805,-1.113,-0.178,5.521,-0.116549,0.895936,0.224791,0.364944,img_229.jpg
32661,1280,720,631.94293,353.39117,986.8637,986.74805,-1.195,-0.178,5.535,-0.095309,0.909259,0.199167,0.352841,img_230.jpg
32757,1280,720,631.94293,353.39117,986.8637,986.74805,-1.274,-0.173,5.549,-0.061757,0.930263,0.153577,0.327431,img_231.jpg
32840,1280,720,631.94293,353.39117,986.8637,986.74805,-1.331,-0.168,5.562,-0.047159,0.940423,0.133032,0.309328,img_232.jpg
32915,1280,720,631.94293,353.39117,986.8637,986.74805,-1.409,-0.154,5.583,-0.034453,0.948501,0.125465,0.288820,img_233.jpg
33005,1280,720,631.94293,353.39117,986.8637,986.74805,-1.456,-0.142,5.593,-0.031355,0.950781,0.121431,0.283348,img_234.jpg
33082,1280,720,631.94293,353.39117,986.8637,986.74805,-1.533,-0.132,5.609,-0.031099,0.956512,0.120464,0.263830,img_235.jpg
33153,1280,720,631.94293,353.39117,986.8637,986.74805,-1.580,-0.130,5.619,-0.030928,0.961512,0.113511,0.248301,img_236.jpg
33242,1280,720,631.94293,353.39117,986.8637,986.74805,-1.628,-0.126,5.633,-0.030667,0.967584,0.102118,0.228939,img_237.jpg
33313,1280,720,631.94293,353.39117,986.8637,986.74805,-1.697,-0.120,5.650,-0.022404,0.977404,0.082133,0.193478,img_238.jpg
33405,1280,720,631.94293,353.39117,986.8637,986.74805,-1.741,-0.112,5.657,-0.020370,0.982797,0.073445,0.168226,img_239.jpg
33481,1280,720,631.94293,353.39117,986.8637,986.74805,-1.800,-0.100,5.668,-0.022309,0.988507,0.075411,0.129106,img_240.jpg
33573,1280,720,631.94293,353.39117,986.8637,986.74805,-1.836,-0.093,5.676,-0.018940,0.991925,0.072820,0.102091,img_241.jpg,marker_7.png,0.2672717,0.2672717,-2.007,-0.209,6.306,-0.009232,0.705774,-0.708348,-0.708348
33651,1280,720,631.94293,353.39117,986.8637,986.74805,-1.878,-0.086,5.688,-0.015706,0.995293,0.072787,0.062030,img_242.jpg
33740,1280,720,631.94293,353.39117,986.8637,986.74805,-1.906,-0.085,5.700,-0.019297,0.995959,0.075396,0.044820,img_243.jpg
33810,1280,720,631.94293,353.39117,986.8637,986.74805,-1.926,-0.087,5.709,-0.021659,0.996237,0.077051,0.033265,img_244.jpg
33883,1280,720,631.94293,353.39117,986.8637,986.74805,-1.941,-0.087,5.719,-0.018094,0.996442,0.077794,0.026926,img_245.jpg
33962,1280,720,631.94293,353.39117,986.8637,986.74805,-1.963,-0.088,5.730,-0.014843,0.996975,0.073417,0.020755,img_246.jpg
34039,1280,720,631.94293,353.39117,986.8637,986.74805,-1.975,-0.088,5.738,-0.017111,0.997016,0.074149,0.012993,img_247.jpg
34110,1280,720,631.94293,353.39117,986.8637,986.74805,-1.988,-0.087,5.744,-0.009093,0.997176,0.074231,0.006903,img_248.jpg
34205,1280,720,631.94293,353.39117,986.8637,986.74805,-1.996,-0.088,5.744,-0.010216,0.997229,0.073642,0.002612,img_249.jpg,marker_7.png,0.26711076,0.26711076,-2.009,-0.213,6.310,-0.011241,0.704480,-0.709629,-0.709629
34274,1280,720,631.94293,353.39117,986.8637,986.74805,-2.003,-0.088,5.744,-0.012671,0.997134,0.074579,0.001241,img_250.jpg
34347,1280,720,631.94293,353.39117,986.8637,986.74805,-2.015,-0.091,5.742,-0.017741,0.996676,0.079372,0.004766,img_251.jpg
34422,1280,720,631.94293,353.39117,986.8637,986.74805,-2.025,-0.096,5.740,-0.021409,0.995881,0.087027,0.013744,img_252.jpg
34505,1280,720,631.94293,353.39117,986.8637,986.74805,-2.038,-0.107,5.736,-0.028670,0.994035,0.101602,0.027362,img_253.jpg
34589,1280,720,631.94293,353.39117,986.8637,986.74805,-2.068,-0.131,5.731,-0.041881,0.988529,0.129571,0.065327,img_254.jpg
34670,1280,720,631.94293,353.39117,986.8637,986.74805,-2.095,-0.148,5.728,-0.051820,0.981825,0.151943,0.101235,img_255.jpg
34749,1280,720,631.94293,353.39117,986.8637,986.74805,-2.137,-0.169,5.717,-0.064440,0.969188,0.175301,0.160595,img_256.jpg
34840,1280,720,631.94293,353.39117,986.8637,986.74805,-2.165,-0.180,5.709,-0.068940,0.958974,0.186315,0.202244,img_257.jpg
34914,1280,720,631.94293,353.39117,986.8637,986.74805,-2.207,-0.192,5.693,-0.074495,0.941835,0.195729,0.262847,img_258.jpg
35005,1280,720,631.94293,353.39117,986.8637,986.74805,-2.237,-0.195,5.679,-0.080551,0.931884,0.192832,0.296511,img_259.jpg
35086,1280,720,631.94293,353.39117,986.8637,986.74805,-2.287,-0.193,5.656,-0.084535,0.913591,0.190291,0.349278,img_260.jpg
35172,1280,720,631.94293,353.39117,986.8637,986.74805,-2.321,-0.189,5.647,-0.083190,0.904251,0.184863,0.375814,img_261.jpg
35255,1280,720,631.94293,353.39117,986.8637,986.74805,-2.381,-0.181,5.625,-0.085217,0.885325,0.172824,0.423167,img_262.jpg
35337,1280,720,631.94293,353.39117,986.8637,986.74805,-2.425,-0.177,5.606,-0.091705,0.873763,0.169422,0.446570,img_263.jpg
35428,1280,720,631.94293,353.39117,986.8637,986.74805,-2.487,-0.164,5.576,-0.086594,0.862453,0.150077,0.475555,img_264.jpg
35527,1280,720,631.94293,353.39117,986.8637,986.74805,-2.554,-0.150,5.545,-0.084571,0.846660,0.144919,0.504989,img_265.jpg
35622,1280,720,631.94293,353.39117,986.8637,986.74805,-2.610,-0.135,5.515,-0.072766,0.833985,0.129048,0.531527,img_266.jpg
35707,1280,720,631.94293,353.39117,986.8637,986.74805,-2.653,-0.127,5.493,-0.068236,0.827892,0.123801,0.542781,img_267.jpg
35773,1280,720,631.94293,353.39117,986.8637,986.74805,-2.705,-0.120,5.463,-0.068866,0.816378,0.120047,0.560691,img_268.jpg
35856,1280,720,631.94293,353.39117,986.8637,986.74805,-2.743,-0.121,5.450,-0.070003,0.807708,0.115497,0.573906,img_269.jpg
35939,1280,720,631.94293,353.39117,986.8637,986.74805,-2.779,-0.118,5.428,-0.071211,0.797144,0.111596,0.589098,img_270.jpg
36012,1280,720,631.94293,353.39117,986.8637,986.74805,-2.834,-0.119,5.397,-0.073954,0.782765,0.103951,0.609101,img_271.jpg
36106,1280,720,631.94293,353.39117,986.8637,986.74805,-2.873,-0.121,5.381,-0.073606,0.774181,0.099372,0.620766,img_272.jpg
36173,1280,720,631.94293,353.39117,986.8637,986.74805,-2.926,-0.121,5.356,-0.068405,0.761298,0.087781,0.638781,img_273.jpg
36257,1280,720,631.94293,353.39117,986.8637,986.74805,-2.956,-0.118,5.342,-0.061267,0.748995,0.076167,0.655326,img_274.jpg
36340,1280,720,631.94293,353.39117,986.8637,986.74805,-2.984,-0.113,5.329,-0.061990,0.737237,0.068087,0.669331,img_275.jpg
36413,1280,720,631.94293,353.39117,986.8637,986.74805,-3.019,-0.109,5.313,-0.065271,0.723609,0.058592,0.684614,img_276.jpg
36506,1280,720,631.94293,353.39117,986.8637,986.74805,-3.035,-0.103,5.306,-0.064437,0.717611,0.059297,0.690916,img_277.jpg
36578,1280,720,631.94293,353.39117,986.8637,986.74805,-3.048,-0.098,5.300,-0.061017,0.709897,0.059563,0.699125,img_278.jpg
36652,1280,720,631.94293,353.39117,986.8637,986.74805,-3.066,-0.097,5.292,-0.061750,0.709583,0.057472,0.699554,img_279.jpg
36739,1280,720,631.94293,353.39117,986.8637,986.74805,-3.081,-0.097,5.286,-0.062031,0.709362,0.057784,0.699727,img_280.jpg
36811,1280,720,631.94293,353.39117,986.8637,986.74805,-3.095,-0.098,5.279,-0.062402,0.708541,0.058132,0.700497,img_281.jpg
36906,1280,720,631.94293,353.39117,986.8637,986.74805,-3.100,-0.098,5.272,-0.062868,0.708760,0.058001,0.700245,img_282.jpg
36989,1280,720,631.94293,353.39117,986.8637,986.74805,-3.100,-0.097,5.270,-0.061961,0.709171,0.056785,0.700009,img_283.jpg
37070,1280,720,631.94293,353.39117,986.8637,986.74805,-3.102,-0.096,5.264,-0.064770,0.709613,0.059578,0.699074,img_284.jpg
37158,1280,720,631.94293,353.39117,986.8637,986.74805,-3.104,-0.094,5.257,-0.067267,0.711320,0.060504,0.697021,img_285.jpg
37238,1280,720,631.94293,353.39117,986.8637,986.74805,-3.103,-0.093,5.251,-0.069550,0.714596,0.061304,0.693367,img_286.jpg
37319,1280,720,631.94293,353.39117,986.8637,986.74805,-3.096,-0.092,5.240,-0.067274,0.719167,0.058536,0.689092,img_287.jpg
37407,1280,720,631.94293,353.39117,986.8637,986.74805,-3.091,-0.092,5.231,-0.066721,0.724251,0.056768,0.683949,img_288.jpg,marker_8.jpg,0.26049882,0.26049882,-3.679,-0.229,5.302,0.491586,0.506442,-0.508230,-0.508230
37487,1280,720,631.94293,353.39117,986.8637,986.74805,-3.084,-0.093,5.212,-0.069863,0.731594,0.058101,0.675658,img_289.jpg
37573,1280,720,631.94293,353.39117,986.8637,986.74805,-3.079,-0.095,5.198,-0.069567,0.736346,0.061351,0.670217,img_290.jpg
37654,1280,720,631.94293,353.39117,986.8637,986.74805,-3.066,-0.100,5.175,-0.070004,0.745662,0.063782,0.659560,img_291.jpg
37739,1280,720,631.94293,353.39117,986.8637,986.74805,-3.060,-0.102,5.159,-0.072591,0.749665,0.065396,0.654566,img_292.jpg
37812,1280,720,631.94293,353.39117,986.8637,986.74805,-3.050,-0.101,5.139,-0.071857,0.754101,0.067685,0.649297,img_293.jpg
37907,1280,720,631.94293,353.39117,986.8637,986.74805,-3.044,-0.100,5.118,-0.076773,0.758613,0.069407,0.643269,img_294.jpg,marker_8.jpg,0.26748672,0.26748672,-3.699,-0.231,5.301,0.494688,0.502809,-0.510349,-0.510349
37989,1280,720,631.94293,353.39117,986.8637,986.74805,-3.040,-0.098,5.106,-0.080857,0.761164,0.069905,0.639691,img_295.jpg
38089,1280,720,631.94293,353.39117,986.8637,986.74805,-3.032,-0.100,5.086,-0.073511,0.764878,0.065266,0.636631,img_296.jpg
38157,1280,720,631.94293,353.39117,986.8637,986.74805,-3.028,-0.104,5.068,-0.072593,0.769248,0.061953,0.631783,img_297.jpg
38236,1280,720,631.94293,353.39117,986.8637,986.74805,-3.025,-0.111,5.042,-0.079752,0.771498,0.071581,0.627142,img_298.jpg
38311,1280,720,631.94293,353.39117,986.8637,986.74805,-3.018,-0.119,4.993,-0.080836,0.767610,0.088293,0.629639,img_299.jpg
38407,1280,720,631.94293,353.39117,986.8637,986.74805,-3.000,-0.129,4.932,-0.079092,0.756513,0.083044,0.643845,img_300.jpg
38487,1280,720,631.94293,353.39117,986.8637,986.74805,-2.987,-0.137,4.880,-0.085969,0.748386,0.073999,0.653493,img_301.jpg
38569,1280,720,631.94293,353.39117,986.8637,986.74805,-2.974,-0.141,4.825,-0.090271,0.740939,0.067814,0.662014,img_302.jpg
38676,1280,720,631.94293,353.39117,986.8637,986.74805,-2.939,-0.135,4.709,-0.090437,0.732136,0.069540,0.671537,img_303.jpg
38758,1280,720,631.94293,353.39117,986.8637,986.74805,-2.921,-0.130,4.652,-0.084597,0.723963,0.077355,0.680248,img_304.jpg
38842,1280,720,631.94293,353.39117,986.8637,986.74805,-2.903,-0.122,4.569,-0.086351,0.713847,0.092319,0.688799,img_305.jpg
38924,1280,720,631.94293,353.39117,986.8637,986.74805,-2.892,-0.119,4.514,-0.085920,0.704726,0.090519,0.698416,img_306.jpg
39028,1280,720,631.94293,353.39117,986.8637,986.74805,-2.881,-0.119,4.429,-0.091407,0.686958,0.082710,0.716165,img_307.jpg
39107,1280,720,631.94293,353.39117,986.8637,986.74805,-2.880,-0.122,4.354,-0.095091,0.678109,0.079395,0.724446,img_308.jpg
39190,1280,720,631.94293,353.39117,986.8637,986.74805,-2.886,-0.123,4.309,-0.091912,0.671726,0.078576,0.730864,img_309.jpg
39267,1280,720,631.94293,353.39117,986.8637,986.74805,-2.897,-0.128,4.241,-0.088632,0.662592,0.074612,0.739966,img_310.jpg
39356,1280,720,631.94293,353.39117,986.8637,986.74805,-2.910,-0.132,4.195,-0.088148,0.660531,0.070126,0.742301,img_311.jpg
39444,1280,720,631.94293,353.39117,986.8637,986.74805,-2.925,-0.134,4.157,-0.077283,0.656891,0.068979,0.746836,img_312.jpg
39521,1280,720,631.94293,353.39117,986.8637,986.74805,-2.953,-0.132,4.098,-0.078466,0.650736,0.073142,0.751689,img_313.jpg
39606,1280,720,631.94293,353.39117,986.8637,986.74805,-2.967,-0.126,4.062,-0.073891,0.649810,0.071106,0.753148,img_314.jpg
39682,1280,720,631.94293,353.39117,986.8637,986.74805,-2.984,-0.119,4.011,-0.066986,0.651060,0.063171,0.753421,img_315.jpg
39773,1280,720,631.94293,353.39117,986.8637,986.74805,-3.003,-0.114,3.966,-0.066445,0.653038,0.060060,0.752010,img_316.jpg
39857,1280,720,631.94293,353.39117,986.8637,986.74805,-3.011,-0.113,3.939,-0.066374,0.653984,0.058624,0.751307,img_317.jpg
39930,1280,720,631.94293,353.39117,986.8637,986.74805,-3.019,-0.111,3.916,-0.066253,0.653961,0.056995,0.751464,img_318.jpg
40004,1280,720,631.94293,353.39117,986.8637,986.74805,-3.023,-0.111,3.892,-0.066774,0.654015,0.055269,0.751499,img_319.jpg
40083,1280,720,631.94293,353.39117,986.8637,986.74805,-3.026,-0.109,3.856,-0.065721,0.656619,0.054948,0.749342,img_320.jpg
40173,1280,720,631.94293,353.39117,986.8637,986.74805,-3.026,-0.107,3.834,-0.062021,0.661713,0.052545,0.745338,img_321.jpg,marker_9.jpg,0.2737702,0.2737702,-3.735,-0.238,3.765,0.492289,0.510309,-0.513111,-0.513111
40251,1280,720,631.94293,353.39117,986.8637,986.74805,-3.023,-0.105,3.805,-0.061682,0.670771,0.050555,0.737364,img_322.jpg
40339,1280,720,631.94293,353.39117,986.8637,986.74805,-3.016,-0.103,3.781,-0.060623,0.679019,0.050319,0.729881,img_323.jpg
40427,1280,720,631.94293,353.39117,986.8637,986.74805,-3.010,-0.103,3.766,-0.061243,0.685031,0.049421,0.724251,img_324.jpg
40506,1280,720,631.94293,353.39117,986.8637,986.74805,-2.999,-0.103,3.742,-0.062533,0.694011,0.049966,0.715501,img_325.jpg
40589,1280,720,631.94293,353.39117,986.8637,986.74805,-2.991,-0.103,3.727,-0.063481,0.700670,0.048530,0.708997,img_326.jpg
40659,1280,720,631.94293,353.39117,986.8637,986.74805,-2.983,-0.104,3.713,-0.067199,0.710458,0.049954,0.698740,img_327.jpg
40739,1280,720,631.94293,353.39117,986.8637,986.74805,-2.975,-0.105,3.702,-0.062668,0.717430,0.051999,0.691855,img_328.jpg
40806,1280,720,631.94293,353.39117,986.8637,986.74805,-2.968,-0.110,3.683,-0.068590,0.726018,0.050869,0.682353,img_329.jpg,marker_9.jpg,0.26914945,0.26914945,-3.732,-0.238,3.766,0.493879,0.505472,-0.508574,-0.508574
40889,1280,720,631.94293,353.39117,986.8637,986.74805,-2.965,-0.113,3.663,-0.072043,0.727035,0.048841,0.681061,img_330.jpg
40954,1280,720,631.94293,353.39117,986.8637,986.74805,-2.965,-0.117,3.637,-0.073751,0.724684,0.046919,0.683515,img_331.jpg
41027,1280,720,631.94293,353.39117,986.8637,986.74805,-2.966,-0.123,3.605,-0.075656,0.719952,0.042664,0.688567,img_332.jpg
41099,1280,720,631.94293,353.39117,986.8637,986.74805,-2.969,-0.131,3.566,-0.078559,0.710724,0.042163,0.697798,img_333.jpg
41171,1280,720,631.94293,353.39117,986.8637,986.74805,-2.975,-0.141,3.519,-0.081063,0.696084,0.045644,0.711908,img_334.jpg
41254,1280,720,631.94293,353.39117,986.8637,986.74805,-2.985,-0.150,3.438,-0.080559,0.672444,0.050458,0.734019,img_335.jpg
41342,1280,720,631.94293,353.39117,986.8637,986.74805,-2.993,-0.151,3.351,-0.074792,0.653699,0.054715,0.751059,img_336.jpg
41425,1280,720,631.94293,353.39117,986.8637,986.74805,-3.006,-0.148,3.294,-0.078337,0.643294,0.060361,0.759206,img_337.jpg
41503,1280,720,631.94293,353.39117,986.8637,986.74805,-3.018,-0.142,3.239,-0.080908,0.631201,0.066352,0.768529,img_338.jpg
41588,1280,720,631.94293,353.39117,986.8637,986.74805,-3.029,-0.136,3.159,-0.083806,0.616309,0.059940,0.780735,img_339.jpg
41674,1280,720,631.94293,353.39117,986.8637,986.74805,-3.036,-0.138,3.105,-0.092519,0.606025,0.054590,0.788159,img_340.jpg
41751,1280,720,631.94293,353.39117,986.8637,986.74805,-3.042,-0.140,3.028,-0.094635,0.592819,0.048045,0.798312,img_341.jpg
41842,1280,720,631.94293,353.39117,986.8637,986.74805,-3.044,-0.147,2.949,-0.095519,0.588257,0.040852,0.801973,img_342.jpg
41924,1280,720,631.94293,353.39117,986.8637,986.74805,-3.045,-0.152,2.894,-0.092864,0.590132,0.039395,0.800980,img_343.jpg
41992,1280,720,631.94293,353.39117,986.8637,986.74805,-3.041,-0.156,2.840,-0.088396,0.592723,0.038395,0.799619,img_344.jpg
42078,1280,720,631.94293,353.39117,986.8637,986.74805,-3.033,-0.155,2.754,-0.088923,0.604337,0.034671,0.790991,img_345.jpg
42153,1280,720,631.94293,353.39117,986.8637,986.74805,-3.028,-0.151,2.700,-0.090647,0.602384,0.042948,0.791879,img_346.jpg
42231,1280,720,631.94293,353.39117,986.8637,986.74805,-3.020,-0.144,2.652,-0.086781,0.600249,0.047645,0.793663,img_347.jpg
42304,1280,720,631.94293,353.39117,986.8637,986.74805,-3.014,-0.138,2.577,-0.083811,0.606073,0.044240,0.789743,img_348.jpg
42389,1280,720,631.94293,353.39117,986.8637,986.74805,-3.013,-0.134,2.526,-0.083659,0.608997,0.042069,0.787626,img_349.jpg
42461,1280,720,631.94293,353.39117,986.8637,986.74805,-3.013,-0.133,2.485,-0.085102,0.613806,0.039239,0.783875,img_350.jpg
42541,1280,720,631.94293,353.39117,986.8637,986.74805,-3.016,-0.134,2.434,-0.083176,0.619969,0.037941,0.779282,img_351.jpg
42625,1280,720,631.94293,353.39117,986.8637,986.74805,-3.018,-0.135,2.401,-0.078584,0.624981,0.035356,0.775870,img_352.jpg
42707,1280,720,631.94293,353.39117,986.8637,986.74805,-3.024,-0.142,2.351,-0.072335,0.632635,0.032810,0.770366,img_353.jpg
42791,1280,720,631.94293,353.39117,986.8637,986.74805,-3.028,-0.147,2.318,-0.065045,0.634022,0.036627,0.769703,img_354.jpg
42860,1280,720,631.94293,353.39117,986.8637,986.74805,-3.035,-0.150,2.284,-0.061519,0.633853,0.043290,0.769787,img_355.jpg
42934,1280,720,631.94293,353.39117,986.8637,986.74805,-3.046,-0.150,2.229,-0.067411,0.626857,0.051716,0.774488,img_356.jpg
43023,1280,720,631.94293,353.39117,986.8637,986.74805,-3.050,-0.145,2.200,-0.055817,0.628173,0.049017,0.774520,img_357.jpg
43092,1280,720,631.94293,353.39117,986.8637,986.74805,-3.052,-0.142,2.168,-0.059080,0.636487,0.042019,0.767872,img_358.jpg
43165,1280,720,631.94293,353.39117,986.8637,986.74805,-3.055,-0.141,2.139,-0.063459,0.643980,0.035716,0.761569,img_359.jpg
43243,1280,720,631.94293,353.39117,986.8637,986.74805,-3.061,-0.140,2.101,-0.064286,0.654739,0.029407,0.752542,img_360.jpg
43323,1280,720,631.94293,353.39117,986.8637,986.74805,-3.066,-0.139,2.075,-0.066128,0.663151,0.026882,0.745074,img_361.jpg,marker_10.jpg,0.27647364,0.27647364,-3.770,-0.260,1.969,0.482401,0.505445,-0.514481,-0.514481
43393,1280,720,631.94293,353.39117,986.8637,986.74805,-3.069,-0.140,2.052,-0.062779,0.670176,0.026915,0.739052,img_362.jpg
43487,1280,720,631.94293,353.39117,986.8637,986.74805,-3.071,-0.142,2.016,-0.060101,0.681243,0.031124,0.728922,img_363.jpg
43555,1280,720,631.94293,353.39117,986.8637,986.74805,-3.070,-0.142,1.992,-0.060172,0.688624,0.032923,0.721867,img_364.jpg
43642,1280,720,631.94293,353.39117,986.8637,986.74805,-3.067,-0.139,1.959,-0.057784,0.699598,0.033673,0.711400,img_365.jpg
43725,1280,720,631.94293,353.39117,986.8637,986.74805,-3.064,-0.135,1.941,-0.055066,0.706251,0.037007,0.704846,img_366.jpg
43795,1280,720,631.94293,353.39117,986.8637,986.74805,-3.059,-0.132,1.923,-0.054054,0.712333,0.038228,0.698712,img_367.jpg,marker_10.jpg,0.27459133,0.27459133,-3.769,-0.259,1.971,0.489639,0.500650,-0.510021,-0.510021
43871,1280,720,631.94293,353.39117,986.8637,986.74805,-3.048,-0.131,1.889,-0.060214,0.706399,0.037287,0.704262,img_368.jpg
43958,1280,720,631.94293,353.39117,986.8637,986.74805,-3.039,-0.133,1.860,-0.061516,0.691398,0.035231,0.718988,img_369.jpg
44031,1280,720,631.94293,353.39117,986.8637,986.74805,-3.029,-0.135,1.827,-0.060881,0.670172,0.034276,0.738910,img_370.jpg
44105,1280,720,631.94293,353.39117,986.8637,986.74805,-3.016,-0.139,1.775,-0.068601,0.630121,0.036213,0.772613,img_371.jpg
44190,1280,720,631.94293,353.39117,986.8637,986.74805,-3.007,-0.141,1.741,-0.072454,0.601736,0.035916,0.794590,img_372.jpg
44273,1280,720,631.94293,353.39117,986.8637,986.74805,-2.992,-0.144,1.689,-0.079387,0.560827,0.033264,0.823446,img_373.jpg
44354,1280,720,631.94293,353.39117,986.8637,986.74805,-2.984,-0.148,1.655,-0.085914,0.532697,0.031385,0.841349,img_374.jpg
44432,1280,720,631.94293,353.39117,986.8637,986.74805,-2.977,-0.152,1.622,-0.093053,0.502392,0.029788,0.859102,img_375.jpg
44510,1280,720,631.94293,353.39117,986.8637,986.74805,-2.968,-0.158,1.572,0.098016,-0.451048,-0.033252,-0.886478,img_376.jpg
44607,1280,720,631.94293,353.39117,986.8637,986.74805,-2.957,-0.163,1.521,0.103059,-0.408059,-0.036336,-0.906392,img_377.jpg
44691,1280,720,631.94293,353.39117,986.8637,986.74805,-2.951,-0.163,1.488,0.102301,-0.372418,-0.035506,-0.921726,img_378.jpg
44772,1280,720,631.94293,353.39117,986.8637,986.74805,-2.940,-0.161,1.436,0.099110,-0.327824,-0.030931,-0.939017,img_379.jpg
44854,1280,720,631.94293,353.39117,986.8637,986.74805,-2.931,-0.158,1.403,0.099065,-0.300209,-0.030384,-0.948229,img_380.jpg
44934,1280,720,631.94293,353.39117,986.8637,986.74805,-2.921,-0.155,1.373,0.096871,-0.271144,-0.030063,-0.957180,img_381.jpg
45013,1280,720,631.94293,353.39117,986.8637,986.74805,-2.901,-0.152,1.331,0.095322,-0.223428,-0.024799,-0.969731,img_382.jpg
45109,1280,720,631.94293,353.39117,986.8637,986.74805,-2.877,-0.156,1.290,0.097749,-0.179486,-0.015875,-0.978764,img_383.jpg
45191,1280,720,631.94293,353.39117,986.8637,986.74805,-2.860,-0.156,1.269,0.099922,-0.153322,-0.011562,-0.983043,img_384.jpg
45290,1280,720,631.94293,353.39117,986.8637,986.74805,-2.830,-0.154,1.241,0.094543,-0.115405,-0.011312,-0.988744,img_385.jpg
45371,1280,720,631.94293,353.39117,986.8637,986.74805,-2.806,-0.152,1.223,0.091653,-0.094020,-0.007967,-0.991311,img_386.jpg
45454,1280,720,631.94293,353.39117,986.8637,986.74805,-2.769,-0.149,1.200,0.082472,-0.063166,-0.004668,-0.994579,img_387.jpg
45533,1280,720,631.94293,353.39117,986.8637,986.74805,-2.746,-0.146,1.190,0.075070,-0.044497,-0.002579,-0.996182,img_388.jpg
45614,1280,720,631.94293,353.39117,986.8637,986.74805,-2.716,-0.144,1.174,0.076560,-0.027357,-0.004931,-0.996677,img_389.jpg
45710,1280,720,631.94293,353.39117,986.8637,986.74805,-2.690,-0.141,1.161,0.076879,-0.023603,-0.006676,-0.996739,img_390.jpg
45791,1280,720,631.94293,353.39117,986.8637,986.74805,-2.681,-0.141,1.156,0.075614,-0.022417,-0.006259,-0.996866,img_391.jpg
45876,1280,720,631.94293,353.39117,986.8637,986.74805,-2.671,-0.143,1.147,0.076813,-0.019684,-0.002822,-0.996847,img_392.jpg
45954,1280,720,631.94293,353.39117,986.8637,986.74805,-2.668,-0.145,1.141,0.078511,-0.017893,-0.001521,-0.996752,img_393.jpg
46030,1280,720,631.94293,353.39117,986.8637,986.74805,-2.664,-0.147,1.137,0.078342,-0.015700,-0.001682,-0.996802,img_394.jpg
46106,1280,720,631.94293,353.39117,986.8637,986.74805,-2.664,-0.146,1.135,0.076525,-0.014168,-0.002119,-0.996965,img_395.jpg
46191,1280,720,631.94293,353.39117,986.8637,986.74805,-2.663,-0.146,1.131,0.073593,-0.008624,-0.001169,-0.997250,img_396.jpg
46267,1280,720,631.94293,353.39117,986.8637,986.74805,-2.661,-0.147,1.128,0.074045,-0.003191,0.002405,-0.997247,img_397.jpg
46358,1280,720,631.94293,353.39117,986.8637,986.74805,-2.664,-0.147,1.126,0.073943,-0.000009,0.002540,-0.997259,img_398.jpg
46440,1280,720,631.94293,353.39117,986.8637,986.74805,-2.665,-0.147,1.124,0.074228,0.006032,0.002756,-0.997219,img_399.jpg
46524,1280,720,631.94293,353.39117,986.8637,986.74805,-2.666,-0.146,1.124,0.076719,0.013236,0.008835,-0.996926,img_400.jpg
46596,1280,720,631.94293,353.39117,986.8637,986.74805,-2.665,-0.146,1.125,0.074109,0.018325,0.009282,-0.997039,img_401.jpg
46679,1280,720,631.94293,353.39117,986.8637,986.74805,-2.659,-0.148,1.127,0.075535,0.022310,0.009066,-0.996852,img_402.jpg
46757,1280,720,631.94293,353.39117,986.8637,986.74805,-2.651,-0.149,1.129,0.077577,0.020975,0.011906,-0.996695,img_403.jpg
46823,1280,720,631.94293,353.39117,986.8637,986.74805,-2.641,-0.149,1.138,0.074342,0.014691,0.008710,-0.997087,img_404.jpg
46904,1280,720,631.94293,353.39117,986.8637,986.74805,-2.624,-0.148,1.154,0.067328,-0.001363,0.008010,-0.997698,img_405.jpg
46991,1280,720,631.94293,353.39117,986.8637,986.74805,-2.608,-0.146,1.161,0.074056,-0.009796,0.010643,-0.997149,img_406.jpg
47082,1280,720,631.94293,353.39117,986.8637,986.74805,-2.587,-0.143,1.173,0.071859,-0.020685,0.013742,-0.997106,img_407.jpg
47176,1280,720,631.94293,353.39117,986.8637,986.74805,-2.574,-0.142,1.182,0.071647,-0.024184,0.008777,-0.997098,img_408.jpg
47254,1280,720,631.94293,353.39117,986.8637,986.74805,-2.569,-0.144,1.186,0.071189,-0.029590,0.009616,-0.996977,img_409.jpg,marker_11.jpg,0.27414656,0.27414656,-2.665,-0.313,0.462,-0.699851,-0.015987,0.028028,0.028028
47336,1280,720,631.94293,353.39117,986.8637,986.74805,-2.568,-0.145,1.186,0.073869,-0.031748,0.007615,-0.996733,img_410.jpg
47427,1280,720,631.94293,353.39117,986.8637,986.74805,-2.571,-0.143,1.185,0.073096,-0.031014,0.006448,-0.996822,img_411.jpg,marker_11.jpg,0.27297616,0.27297616,-2.670,-0.315,0.458,-0.696309,-0.013499,0.020882,0.020882
47507,1280,720,631.94293,353.39117,986.8637,986.74805,-2.575,-0.141,1.185,0.068466,-0.035969,0.006636,-0.996983,img_412.jpg
47590,1280,720,631.94293,353.39117,986.8637,986.74805,-2.577,-0.139,1.183,0.067857,-0.034568,0.009106,-0.997054,img_413.jpg
47670,1280,720,631.94293,353.39117,986.8637,986.74805,-2.578,-0.139,1.181,0.068825,-0.035023,0.009045,-0.996973,img_414.jpg
47757,1280,720,631.94293,353.39117,986.8637,986.74805,-2.577,-0.139,1.179,0.069911,-0.038216,0.009969,-0.996771,img_415.jpg
47831,1280,720,631.94293,353.39117,986.8637,986.74805,-2.568,-0.140,1.186,0.073032,-0.044510,0.014689,-0.996228,img_416.jpg
47924,1280,720,631.94293,353.39117,986.8637,986.74805,-2.552,-0.142,1.195,0.074263,-0.049665,0.020171,-0.995797,img_417.jpg
47998,1280,720,631.94293,353.39117,986.8637,986.74805,-2.528,-0.144,1.208,0.077249,-0.055882,0.023141,-0.995175,img_418.jpg
48078,1280,720,631.94293,353.39117,986.8637,986.74805,-2.481,-0.148,1.232,0.086261,-0.073589,0.027579,-0.993168,img_419.jpg
48158,1280,720,631.94293,353.39117,986.8637,986.74805,-2.443,-0.150,1.247,0.095504,-0.082835,0.028836,-0.991557,img_420.jpg
48240,1280,720,631.94293,353.39117,986.8637,986.74805,-2.377,-0.154,1.273,0.102028,-0.080044,0.031101,-0.991068,img_421.jpg
48324,1280,720,631.94293,353.39117,986.8637,986.74805,-2.329,-0.156,1.289,0.100852,-0.067399,0.034859,-0.992004,img_422.jpg
48398,1280,720,631.94293,353.39117,986.8637,986.74805,-2.281,-0.160,1.302,0.106024,-0.049168,0.034972,-0.992531,img_423.jpg,marker_11.jpg,0.2750894,0.2750894,-2.671,-0.316,0.451,-0.693459,-0.010491,0.016624,0.016624
48482,1280,720,631.94293,353.39117,986.8637,986.74805,-2.205,-0.164,1.319,0.102021,-0.016617,0.031370,-0.994149,img_424.jpg
48575,1280,720,631.94293,353.39117,986.8637,986.74805,-2.124,-0.172,1.333,0.104812,0.018600,0.029947,-0.993867,img_425.jpg
48655,1280,720,631.94293,353.39117,986.8637,986.74805,-2.068,-0.180,1.340,0.106043,0.041091,0.025458,-0.993186,img_426.jpg
48741,1280,720,631.94293,353.39117,986.8637,986.74805,-1.982,-0.191,1.342,0.110827,0.070524,0.013749,-0.991239,img_427.jpg
48826,1280,720,631.94293,353.39117,986.8637,986.74805,-1.923,-0.192,1.341,0.112673,0.087783,0.007893,-0.989715,img_428.jpg
48910,1280,720,631.94293,353.39117,986.8637,986.74805,-1.836,-0.186,1.340,0.123522,0.105198,0.005167,-0.986737,img_429.jpg
49010,1280,720,631.94293,353.39117,986.8637,986.74805,-1.757,-0.173,1.348,0.122218,0.123269,0.004688,-0.984807,img_430.jpg
49091,1280,720,631.94293,353.39117,986.8637,986.74805,-1.703,-0.165,1.357,0.119761,0.131304,0.012844,-0.983998,img_431.jpg
49174,1280,720,631.94293,353.39117,986.8637,986.74805,-1.624,-0.158,1.375,0.111071,0.143395,0.012883,-0.983329,img_432.jpg
49255,1280,720,631.94293,353.39117,986.8637,986.74805,-1.567,-0.157,1.391,0.103962,0.152261,0.012810,-0.982774,img_433.jpg
49335,1280,720,631.94293,353.39117,986.8637,986.74805,-1.473,-0.162,1.415,0.099198,0.162582,0.015999,-0.981565,img_434.jpg
49427,1280,720,631.94293,353.39117,986.8637,986.74805,-1.406,-0.162,1.431,0.096940,0.169144,0.013001,-0.980726,img_435.jpg
49504,1280,720,631.94293,353.39117,986.8637,986.74805,-1.316,-0.154,1.461,0.090404,0.168440,0.005396,-0.981543,img_436.jpg
49607,1280,720,631.94293,353.39117,986.8637,986.74805,-1.237,-0.138,1.490,0.090393,0.148304,-0.005261,-0.984788,img_437.jpg
49687,1280,720,631.94293,353.39117,986.8637,986.74805,-1.190,-0.131,1.509,0.090942,0.138138,-0.009057,-0.986187,img_438.jpg
49776,1280,720,631.94293,353.39117,986.8637,986.74805,-1.130,-0.126,1.534,0.098221,0.125840,-0.005582,-0.987160,img_439.jpg
49874,1280,720,631.94293,353.39117,986.8637,986.74805,-1.074,-0.135,1.555,0.107641,0.117329,-0.003117,-0.987237,img_440.jpg
49954,1280,720,631.94293,353.39117,986.8637,986.74805,-1.043,-0.144,1.576,0.109646,0.104811,-0.004466,-0.988419,img_441.jpg
50028,1280,720,631.94293,353.39117,986.8637,986.74805,-1.007,-0.151,1.614,0.091943,0.092004,-0.014416,-0.991400,img_442.jpg
50112,1280,720,631.94293,353.39117,986.8637,986.74805,-0.982,-0.152,1.642,0.079908,0.085688,-0.026755,-0.992752,img_443.jpg
50208,1280,720,631.94293,353.39117,986.8637,986.74805,-0.948,-0.150,1.672,0.085805,0.081035,-0.037970,-0.992285,img_444.jpg
50291,1280,720,631.94293,353.39117,986.8637,986.74805,-0.924,-0.145,1.688,0.088641,0.074209,-0.040055,-0.992488,img_445.jpg
50377,1280,720,631.94293,353.39117,986.8637,986.74805,-0.886,-0.136,1.706,0.090720,0.064208,-0.034367,-0.993210,img_446.jpg,marker_12.jpg,0.2794064,0.2794064,-0.703,-0.304,0.892,-0.700549,-0.031197,0.005714,0.005714
50458,1280,720,631.94293,353.39117,986.8637,986.74805,-0.863,-0.132,1.714,0.092816,0.051211,-0.026641,-0.994009,img_447.jpg
50538,1280,720,631.94293,353.39117,986.8637,986.74805,-0.830,-0.127,1.723,0.082734,0.042462,-0.024575,-0.995363,img_448.jpg
50625,1280,720,631.94293,353.39117,986.8637,986.74805,-0.808,-0.123,1.725,0.076317,0.030126,-0.019774,-0.996432,img_449.jpg
50706,1280,720,631.94293,353.39117,986.8637,986.74805,-0.774,-0.118,1.721,0.071296,0.017662,-0.010521,-0.997243,img_450.jpg
50805,1280,720,631.94293,353.39117,986.8637,986.74805,-0.740,-0.112,1.718,0.064323,0.004998,-0.002679,-0.997913,img_451.jpg
50892,1280,720,631.94293,353.39117,986.8637,986.74805,-0.719,-0.108,1.717,0.057883,-0.001186,0.001605,-0.998321,img_452.jpg
50976,1280,720,631.94293,353.39117,986.8637,986.74805,-0.700,-0.106,1.715,0.055187,-0.004811,0.002237,-0.998462,img_453.jpg
51057,1280,720,631.94293,353.39117,986.8637,986.74805,-0.675,-0.106,1.711,0.058787,-0.015037,0.000515,-0.998157,img_454.jpg,marker_12.jpg,0.27558398,0.27558398,-0.705,-0.303,0.894,-0.704923,-0.026065,-0.002387,-0.002387
51146,1280,720,631.94293,353.39117,986.8637,986.74805,-0.655,-0.107,1.710,0.056862,-0.025082,-0.003383,-0.998061,img_455.jpg
51242,1280,720,631.94293,353.39117,986.8637,986.74805,-0.641,-0.108,1.710,0.058405,-0.035524,-0.007939,-0.997629,img_456.jpg
51327,1280,720,631.94293,353.39117,986.8637,986.74805,-0.632,-0.109,1.709,0.061078,-0.041369,-0.010634,-0.997219,img_457.jpg
51412,1280,720,631.94293,353.39117,986.8637,986.74805,-0.621,-0.110,1.709,0.061918,-0.049845,-0.014103,-0.996736,img_458.jpg
