time,sizeX,sizeY,p_x,p_y,f_x,f_y,pos_X,pos_Y,pos_Z,q_x,q_y,q_z,q_w,marker_ID,marker_x,marker_y,marker_z,marker_qx,marker_qy,marker_qz,marker_qw,marker_ID,marker_x,marker_y,marker_z,marker_qx,marker_qy,marker_qz,marker_qw,marker_ID,marker_x,marker_y,marker_z,marker_qx,marker_qy,marker_qz,marker_qw,
19033,1280,720,635.3708,345.11157,995.1677,995.27124,0.359,0.128,0.868,0.039450,0.003563,0.007246,-0.999189,img_1.jpg
19135,1280,720,635.3708,345.11157,995.1677,995.27124,0.363,0.129,0.868,0.037117,0.002170,0.008762,-0.999270,img_2.jpg
19217,1280,720,635.3708,345.11157,995.1677,995.27124,0.367,0.129,0.869,0.036467,0.001551,0.009105,-0.999292,img_3.jpg,marker_1.jpg,0.2984464,0.2984464,0.329,0.089,0.163,-0.700366,0.001266,-0.002491,-0.002491
19297,1280,720,635.3708,345.11157,995.1677,995.27124,0.371,0.130,0.871,0.037149,-0.000216,0.010815,-0.999251,img_4.jpg
19383,1280,720,635.3708,345.11157,995.1677,995.27124,0.374,0.131,0.874,0.036595,-0.002065,0.009557,-0.999282,img_5.jpg
19453,1280,720,635.3708,345.11157,995.1677,995.27124,0.377,0.132,0.878,0.036622,-0.006802,0.008718,-0.999268,img_6.jpg
19566,1280,720,635.3708,345.11157,995.1677,995.27124,0.381,0.134,0.883,0.040680,-0.014062,0.008812,-0.999034,img_7.jpg
19649,1280,720,635.3708,345.11157,995.1677,995.27124,0.382,0.136,0.887,0.042987,-0.016830,0.009868,-0.998885,img_8.jpg
19725,1280,720,635.3708,345.11157,995.1677,995.27124,0.382,0.138,0.893,0.041082,-0.015574,0.009601,-0.998988,img_9.jpg
19816,1280,720,635.3708,345.11157,995.1677,995.27124,0.381,0.138,0.899,0.040662,-0.015882,0.009973,-0.998997,img_10.jpg
19888,1280,720,635.3708,345.11157,995.1677,995.27124,0.380,0.138,0.904,0.038835,-0.016245,0.010001,-0.999064,img_11.jpg,marker_1.jpg,0.29603916,0.29603916,0.328,0.089,0.167,-0.700863,0.004886,-0.006145,-0.006145
19965,1280,720,635.3708,345.11157,995.1677,995.27124,0.380,0.137,0.910,0.034433,-0.010246,0.005930,-0.999337,img_12.jpg
20051,1280,720,635.3708,345.11157,995.1677,995.27124,0.387,0.135,0.911,0.043285,-0.008613,0.006083,-0.999007,img_13.jpg
20125,1280,720,635.3708,345.11157,995.1677,995.27124,0.397,0.134,0.916,0.045626,-0.003087,0.012360,-0.998877,img_14.jpg
20197,1280,720,635.3708,345.11157,995.1677,995.27124,0.427,0.134,0.922,0.053965,0.012447,0.023092,-0.998198,img_15.jpg
20284,1280,720,635.3708,345.11157,995.1677,995.27124,0.453,0.136,0.930,0.047032,0.022066,0.025632,-0.998321,img_16.jpg
20359,1280,720,635.3708,345.11157,995.1677,995.27124,0.499,0.140,0.947,0.034889,0.041497,0.034125,-0.997946,img_17.jpg
20450,1280,720,635.3708,345.11157,995.1677,995.27124,0.538,0.141,0.960,0.033831,0.051350,0.041012,-0.997265,img_18.jpg
20526,1280,720,635.3708,345.11157,995.1677,995.27124,0.607,0.139,0.982,0.033771,0.059960,0.040574,-0.996804,img_19.jpg
20616,1280,720,635.3708,345.11157,995.1677,995.27124,0.656,0.138,1.000,0.042349,0.057840,0.030043,-0.996975,img_20.jpg
20686,1280,720,635.3708,345.11157,995.1677,995.27124,0.707,0.140,1.025,0.044929,0.046307,0.026042,-0.997577,img_21.jpg
20761,1280,720,635.3708,345.11157,995.1677,995.27124,0.785,0.145,1.059,0.061062,0.036917,0.024306,-0.997155,img_22.jpg
20849,1280,720,635.3708,345.11157,995.1677,995.27124,0.835,0.148,1.079,0.073818,0.037039,0.025994,-0.996245,img_23.jpg
20925,1280,720,635.3708,345.11157,995.1677,995.27124,0.903,0.153,1.103,0.079492,0.040752,0.022128,-0.995756,img_24.jpg
21000,1280,720,635.3708,345.11157,995.1677,995.27124,0.948,0.155,1.112,0.086183,0.052931,0.023505,-0.994595,img_25.jpg
21084,1280,720,635.3708,345.11157,995.1677,995.27124,0.996,0.155,1.114,0.089103,0.070242,0.026618,-0.993186,img_26.jpg
21157,1280,720,635.3708,345.11157,995.1677,995.27124,1.071,0.151,1.115,0.093161,0.086886,0.038591,-0.991102,img_27.jpg
21233,1280,720,635.3708,345.11157,995.1677,995.27124,1.126,0.145,1.109,0.098639,0.101097,0.040251,-0.989156,img_28.jpg
21316,1280,720,635.3708,345.11157,995.1677,995.27124,1.178,0.142,1.106,0.095209,0.114561,0.035842,-0.988194,img_29.jpg
21388,1280,720,635.3708,345.11157,995.1677,995.27124,1.235,0.141,1.100,0.095538,0.129046,0.034299,-0.986430,img_30.jpg
21460,1280,720,635.3708,345.11157,995.1677,995.27124,1.326,0.140,1.086,0.094978,0.152382,0.033131,-0.983189,img_31.jpg
21549,1280,720,635.3708,345.11157,995.1677,995.27124,1.392,0.141,1.075,0.091987,0.167104,0.027091,-0.981265,img_32.jpg
21618,1280,720,635.3708,345.11157,995.1677,995.27124,1.458,0.146,1.060,0.098343,0.189404,0.031531,-0.976453,img_33.jpg
21698,1280,720,635.3708,345.11157,995.1677,995.27124,1.554,0.159,1.042,0.098256,0.220211,0.042837,-0.969545,img_34.jpg
21783,1280,720,635.3708,345.11157,995.1677,995.27124,1.617,0.167,1.034,0.092004,0.226935,0.059090,-0.967752,img_35.jpg
21861,1280,720,635.3708,345.11157,995.1677,995.27124,1.701,0.178,1.016,0.082601,0.245734,0.064277,-0.963670,img_36.jpg
21951,1280,720,635.3708,345.11157,995.1677,995.27124,1.750,0.185,0.998,0.078676,0.257772,0.064820,-0.960813,img_37.jpg
22033,1280,720,635.3708,345.11157,995.1677,995.27124,1.840,0.180,0.971,0.069512,0.269327,0.064673,-0.958357,img_38.jpg
22116,1280,720,635.3708,345.11157,995.1677,995.27124,1.895,0.177,0.949,0.065622,0.278571,0.057945,-0.956418,img_39.jpg
22191,1280,720,635.3708,345.11157,995.1677,995.27124,1.990,0.173,0.919,0.059826,0.293708,0.057676,-0.952276,img_40.jpg
22267,1280,720,635.3708,345.11157,995.1677,995.27124,2.053,0.176,0.901,0.057546,0.309086,0.059648,-0.947416,img_41.jpg
22368,1280,720,635.3708,345.11157,995.1677,995.27124,2.145,0.185,0.874,0.054263,0.338345,0.063300,-0.937321,img_42.jpg
22450,1280,720,635.3708,345.11157,995.1677,995.27124,2.196,0.195,0.856,0.054364,0.361653,0.058210,-0.928904,img_43.jpg
22524,1280,720,635.3708,345.11157,995.1677,995.27124,2.270,0.203,0.823,0.054372,0.394767,0.048915,-0.915866,img_44.jpg
22600,1280,720,635.3708,345.11157,995.1677,995.27124,2.319,0.202,0.800,0.056961,0.412879,0.049131,-0.907674,img_45.jpg
22685,1280,720,635.3708,345.11157,995.1677,995.27124,2.353,0.204,0.781,0.056070,0.434158,0.041164,-0.898147,img_46.jpg
22759,1280,720,635.3708,345.11157,995.1677,995.27124,2.418,0.197,0.743,0.051249,0.467218,0.039380,-0.881777,img_47.jpg
22833,1280,720,635.3708,345.11157,995.1677,995.27124,2.456,0.194,0.718,0.049490,0.489570,0.038756,-0.869695,img_48.jpg
22917,1280,720,635.3708,345.11157,995.1677,995.27124,2.498,0.189,0.690,0.045843,0.516915,0.037709,-0.853976,img_49.jpg
22983,1280,720,635.3708,345.11157,995.1677,995.27124,2.534,0.191,0.664,0.043305,0.539907,0.038160,-0.839743,img_50.jpg
23068,1280,720,635.3708,345.11157,995.1677,995.27124,2.581,0.198,0.637,0.043958,0.575733,0.043234,-0.815310,img_51.jpg
23150,1280,720,635.3708,345.11157,995.1677,995.27124,2.613,0.203,0.619,0.044948,0.600506,0.038261,-0.797439,img_52.jpg
23218,1280,720,635.3708,345.11157,995.1677,995.27124,2.653,0.205,0.595,0.046263,0.619960,0.040539,-0.782219,img_53.jpg
23301,1280,720,635.3708,345.11157,995.1677,995.27124,2.675,0.205,0.585,0.046117,0.627869,0.041153,-0.775861,img_54.jpg
23384,1280,720,635.3708,345.11157,995.1677,995.27124,2.695,0.202,0.576,0.047643,0.634825,0.039882,-0.770154,img_55.jpg
23451,1280,720,635.3708,345.11157,995.1677,995.27124,2.718,0.201,0.563,0.049149,0.637494,0.039467,-0.767872,img_56.jpg
23531,1280,720,635.3708,345.11157,995.1677,995.27124,2.738,0.198,0.551,0.051536,0.643055,0.035144,-0.763276,img_57.jpg
23617,1280,720,635.3708,345.11157,995.1677,995.27124,2.753,0.197,0.542,0.052845,0.645423,0.035434,-0.761171,img_58.jpg
23685,1280,720,635.3708,345.11157,995.1677,995.27124,2.766,0.193,0.534,0.059692,0.647696,0.037733,-0.758619,img_59.jpg
23767,1280,720,635.3708,345.11157,995.1677,995.27124,2.777,0.191,0.527,0.061999,0.647867,0.036201,-0.758363,img_60.jpg
23837,1280,720,635.3708,345.11157,995.1677,995.27124,2.783,0.189,0.525,0.062340,0.650016,0.035740,-0.756515,img_61.jpg
23914,1280,720,635.3708,345.11157,995.1677,995.27124,2.787,0.189,0.523,0.062339,0.652434,0.032818,-0.754564,img_62.jpg
24000,1280,720,635.3708,345.11157,995.1677,995.27124,2.795,0.187,0.524,0.062944,0.655511,0.036437,-0.751675,img_63.jpg
24069,1280,720,635.3708,345.11157,995.1677,995.27124,2.799,0.186,0.525,0.063494,0.658149,0.035499,-0.749366,img_64.jpg
24151,1280,720,635.3708,345.11157,995.1677,995.27124,2.804,0.185,0.526,0.064885,0.659548,0.037642,-0.747910,img_65.jpg
24219,1280,720,635.3708,345.11157,995.1677,995.27124,2.811,0.183,0.529,0.067286,0.660075,0.041422,-0.747033,img_66.jpg
24301,1280,720,635.3708,345.11157,995.1677,995.27124,2.815,0.183,0.529,0.067816,0.659071,0.040885,-0.747900,img_67.jpg
24372,1280,720,635.3708,345.11157,995.1677,995.27124,2.819,0.183,0.528,0.068132,0.657648,0.039360,-0.749205,img_68.jpg
24443,1280,720,635.3708,345.11157,995.1677,995.27124,2.825,0.183,0.529,0.067386,0.657962,0.041627,-0.748874,img_69.jpg
24535,1280,720,635.3708,345.11157,995.1677,995.27124,2.835,0.183,0.529,0.063891,0.661914,0.043962,-0.745557,img_70.jpg
24606,1280,720,635.3708,345.11157,995.1677,995.27124,2.842,0.183,0.529,0.062916,0.664406,0.044397,-0.743394,img_71.jpg,marker_3.jpg,0.27657562,0.27657562,3.543,0.101,0.443,-0.478406,0.523488,-0.511353,-0.511353
24684,1280,720,635.3708,345.11157,995.1677,995.27124,2.850,0.182,0.528,0.062925,0.667005,0.045118,-0.741019,img_72.jpg
24761,1280,720,635.3708,345.11157,995.1677,995.27124,2.858,0.181,0.526,0.061845,0.668760,0.044728,-0.739550,img_73.jpg,marker_3.jpg,0.27657562,0.27657562,3.548,0.099,0.437,-0.521735,0.485086,-0.482192,-0.482192
24850,1280,720,635.3708,345.11157,995.1677,995.27124,2.864,0.182,0.523,0.060364,0.669444,0.044125,-0.739090,img_74.jpg
24925,1280,720,635.3708,345.11157,995.1677,995.27124,2.873,0.183,0.517,0.057649,0.669280,0.041120,-0.739629,img_75.jpg
25001,1280,720,635.3708,345.11157,995.1677,995.27124,2.882,0.184,0.512,0.056571,0.670035,0.040681,-0.739053,img_76.jpg
25085,1280,720,635.3708,345.11157,995.1677,995.27124,2.888,0.184,0.510,0.055019,0.669736,0.042429,-0.739342,img_77.jpg
25162,1280,720,635.3708,345.11157,995.1677,995.27124,2.892,0.185,0.515,0.052317,0.668500,0.053768,-0.739918,img_78.jpg
25251,1280,720,635.3708,345.11157,995.1677,995.27124,2.893,0.183,0.525,0.054561,0.672286,0.055276,-0.736206,img_79.jpg,marker_3.jpg,0.271613,0.271613,3.533,0.100,0.439,-0.509053,0.497114,-0.481262,-0.481262
25332,1280,720,635.3708,345.11157,995.1677,995.27124,2.892,0.179,0.554,0.062564,0.676828,0.058033,-0.731178,img_80.jpg
25418,1280,720,635.3708,345.11157,995.1677,995.27124,2.892,0.178,0.580,0.067486,0.680334,0.057645,-0.727508,img_81.jpg
25492,1280,720,635.3708,345.11157,995.1677,995.27124,2.891,0.176,0.610,0.070778,0.681733,0.063806,-0.725369,img_82.jpg
25570,1280,720,635.3708,345.11157,995.1677,995.27124,2.884,0.180,0.668,0.069060,0.691676,0.061560,-0.716258,img_83.jpg
25650,1280,720,635.3708,345.11157,995.1677,995.27124,2.880,0.185,0.715,0.063117,0.697949,0.061293,-0.710723,img_84.jpg
25731,1280,720,635.3708,345.11157,995.1677,995.27124,2.871,0.191,0.799,0.055192,0.705825,0.067118,-0.703036,img_85.jpg
25817,1280,720,635.3708,345.11157,995.1677,995.27124,2.867,0.193,0.860,0.058231,0.711190,0.063379,-0.697711,img_86.jpg
25893,1280,720,635.3708,345.11157,995.1677,995.27124,2.860,0.199,0.958,0.057573,0.706165,0.070562,-0.702167,img_87.jpg
25984,1280,720,635.3708,345.11157,995.1677,995.27124,2.853,0.208,1.054,0.065065,0.699190,0.070589,-0.708461,img_88.jpg
26070,1280,720,635.3708,345.11157,995.1677,995.27124,2.847,0.212,1.117,0.063250,0.698636,0.053471,-0.710667,img_89.jpg
26169,1280,720,635.3708,345.11157,995.1677,995.27124,2.848,0.219,1.200,0.062542,0.696697,0.045799,-0.713165,img_90.jpg
26251,1280,720,635.3708,345.11157,995.1677,995.27124,2.853,0.219,1.284,0.058699,0.700842,0.038272,-0.709866,img_91.jpg
26352,1280,720,635.3708,345.11157,995.1677,995.27124,2.862,0.214,1.345,0.056165,0.707171,0.032079,-0.704078,img_92.jpg
26425,1280,720,635.3708,345.11157,995.1677,995.27124,2.884,0.205,1.441,0.054591,0.717372,0.036426,-0.693593,img_93.jpg
26518,1280,720,635.3708,345.11157,995.1677,995.27124,2.913,0.199,1.543,0.055239,0.728964,0.027574,-0.681762,img_94.jpg
26602,1280,720,635.3708,345.11157,995.1677,995.27124,2.930,0.201,1.612,0.058871,0.737407,0.021660,-0.672530,img_95.jpg
26686,1280,720,635.3708,345.11157,995.1677,995.27124,2.953,0.208,1.722,0.060140,0.751556,0.036754,-0.655894,img_96.jpg
26769,1280,720,635.3708,345.11157,995.1677,995.27124,2.964,0.213,1.795,0.059331,0.766289,0.040132,-0.638491,img_97.jpg
26852,1280,720,635.3708,345.11157,995.1677,995.27124,2.971,0.217,1.865,0.052428,0.778937,0.040928,-0.623565,img_98.jpg
26933,1280,720,635.3708,345.11157,995.1677,995.27124,2.979,0.217,1.972,0.037432,0.794217,0.035846,-0.605420,img_99.jpg
27008,1280,720,635.3708,345.11157,995.1677,995.27124,2.985,0.213,2.047,0.031745,0.801455,0.040017,-0.595870,img_100.jpg
27102,1280,720,635.3708,345.11157,995.1677,995.27124,2.986,0.207,2.163,0.035377,0.808683,0.029752,-0.586425,img_101.jpg
27175,1280,720,635.3708,345.11157,995.1677,995.27124,2.983,0.210,2.238,0.036032,0.809102,0.025788,-0.585996,img_102.jpg
27253,1280,720,635.3708,345.11157,995.1677,995.27124,2.987,0.220,2.351,0.041087,0.801763,0.048166,-0.594280,img_103.jpg
27335,1280,720,635.3708,345.11157,995.1677,995.27124,2.988,0.226,2.414,0.048086,0.799403,0.039492,-0.597564,img_104.jpg
27411,1280,720,635.3708,345.11157,995.1677,995.27124,2.993,0.230,2.479,0.050367,0.797695,0.041262,-0.599535,img_105.jpg
27483,1280,720,635.3708,345.11157,995.1677,995.27124,3.000,0.232,2.541,0.049223,0.792307,0.055951,-0.605555,img_106.jpg
27569,1280,720,635.3708,345.11157,995.1677,995.27124,3.020,0.227,2.629,0.058219,0.789757,0.057332,-0.607953,img_107.jpg
27652,1280,720,635.3708,345.11157,995.1677,995.27124,3.034,0.222,2.689,0.059777,0.783735,0.051257,-0.616083,img_108.jpg
27723,1280,720,635.3708,345.11157,995.1677,995.27124,3.061,0.212,2.783,0.066692,0.780535,0.051548,-0.619403,img_109.jpg
27818,1280,720,635.3708,345.11157,995.1677,995.27124,3.087,0.206,2.873,0.074586,0.778362,0.041431,-0.621992,img_110.jpg
27901,1280,720,635.3708,345.11157,995.1677,995.27124,3.108,0.208,2.933,0.080851,0.779282,0.054098,-0.619077,img_111.jpg
27969,1280,720,635.3708,345.11157,995.1677,995.27124,3.124,0.215,2.991,0.080601,0.780165,0.052591,-0.618127,img_112.jpg
28052,1280,720,635.3708,345.11157,995.1677,995.27124,3.141,0.222,3.084,0.076879,0.783726,0.056674,-0.613719,img_113.jpg
28118,1280,720,635.3708,345.11157,995.1677,995.27124,3.156,0.225,3.136,0.071547,0.783290,0.057167,-0.614873,img_114.jpg
28201,1280,720,635.3708,345.11157,995.1677,995.27124,3.171,0.227,3.190,0.063328,0.778564,0.059081,-0.621560,img_115.jpg
28264,1280,720,635.3708,345.11157,995.1677,995.27124,3.184,0.226,3.242,0.059562,0.771662,0.057279,-0.630642,img_116.jpg
28335,1280,720,635.3708,345.11157,995.1677,995.27124,3.198,0.224,3.296,0.061454,0.763030,0.051810,-0.641346,img_117.jpg,marker_4.jpg,0.2852939,0.2852939,4.036,0.172,3.597,-0.526844,0.464482,-0.473996,-0.473996
28405,1280,720,635.3708,345.11157,995.1677,995.27124,3.210,0.225,3.348,0.058924,0.753291,0.050049,-0.653128,img_118.jpg
28470,1280,720,635.3708,345.11157,995.1677,995.27124,3.220,0.227,3.399,0.050369,0.738946,0.055739,-0.669563,img_119.jpg
28535,1280,720,635.3708,345.11157,995.1677,995.27124,3.229,0.232,3.448,0.052388,0.729286,0.050284,-0.680345,img_120.jpg
28606,1280,720,635.3708,345.11157,995.1677,995.27124,3.241,0.240,3.495,0.052648,0.717476,0.056583,-0.692282,img_121.jpg
28670,1280,720,635.3708,345.11157,995.1677,995.27124,3.248,0.249,3.533,0.050373,0.706849,0.045386,-0.704107,img_122.jpg
28738,1280,720,635.3708,345.11157,995.1677,995.27124,3.257,0.255,3.566,0.045953,0.695965,0.036937,-0.715652,img_123.jpg
28811,1280,720,635.3708,345.11157,995.1677,995.27124,3.270,0.258,3.595,0.045111,0.686134,0.038862,-0.725035,img_124.jpg
28881,1280,720,635.3708,345.11157,995.1677,995.27124,3.290,0.260,3.632,0.044292,0.668255,0.041458,-0.741455,img_125.jpg,marker_4.jpg,0.27636108,0.27636108,4.034,0.172,3.591,-0.513542,0.474792,-0.479774,-0.479774
28953,1280,720,635.3708,345.11157,995.1677,995.27124,3.302,0.259,3.653,0.041808,0.659252,0.040105,-0.749687,img_126.jpg
29036,1280,720,635.3708,345.11157,995.1677,995.27124,3.315,0.258,3.676,0.038707,0.655133,0.035691,-0.753677,img_127.jpg
29099,1280,720,635.3708,345.11157,995.1677,995.27124,3.330,0.256,3.703,0.033818,0.651330,0.039406,-0.757016,img_128.jpg
29169,1280,720,635.3708,345.11157,995.1677,995.27124,3.346,0.254,3.729,0.034607,0.653899,0.041026,-0.754675,img_129.jpg
29238,1280,720,635.3708,345.11157,995.1677,995.27124,3.356,0.252,3.753,0.041157,0.665196,0.043986,-0.744235,img_130.jpg
29309,1280,720,635.3708,345.11157,995.1677,995.27124,3.378,0.247,3.798,0.047170,0.678141,0.043959,-0.732098,img_131.jpg
29378,1280,720,635.3708,345.11157,995.1677,995.27124,3.388,0.245,3.839,0.050083,0.693215,0.052431,-0.717074,img_132.jpg
29446,1280,720,635.3708,345.11157,995.1677,995.27124,3.395,0.244,3.885,0.047842,0.706194,0.063235,-0.703565,img_133.jpg
29535,1280,720,635.3708,345.11157,995.1677,995.27124,3.400,0.240,3.960,0.043308,0.732361,0.068536,-0.676072,img_134.jpg
29602,1280,720,635.3708,345.11157,995.1677,995.27124,3.402,0.234,4.016,0.038991,0.746882,0.081863,-0.658746,img_135.jpg
29668,1280,720,635.3708,345.11157,995.1677,995.27124,3.401,0.227,4.074,0.040690,0.760834,0.088198,-0.641636,img_136.jpg
29738,1280,720,635.3708,345.11157,995.1677,995.27124,3.397,0.220,4.132,0.040987,0.771539,0.087886,-0.628748,img_137.jpg
29810,1280,720,635.3708,345.11157,995.1677,995.27124,3.390,0.218,4.193,0.036655,0.776922,0.090830,-0.621932,img_138.jpg
29875,1280,720,635.3708,345.11157,995.1677,995.27124,3.385,0.217,4.252,0.032143,0.783906,0.083578,-0.614389,img_139.jpg
29952,1280,720,635.3708,345.11157,995.1677,995.27124,3.386,0.216,4.345,0.039746,0.797221,0.106445,-0.592898,img_140.jpg
30036,1280,720,635.3708,345.11157,995.1677,995.27124,3.382,0.219,4.397,0.048734,0.805253,0.096589,-0.582979,img_141.jpg
30098,1280,720,635.3708,345.11157,995.1677,995.27124,3.379,0.220,4.451,0.051323,0.814512,0.094337,-0.570120,img_142.jpg
30168,1280,720,635.3708,345.11157,995.1677,995.27124,3.380,0.217,4.506,0.049465,0.824738,0.111635,-0.552175,img_143.jpg
30237,1280,720,635.3708,345.11157,995.1677,995.27124,3.380,0.214,4.557,0.047895,0.833872,0.119586,-0.536714,img_144.jpg
30304,1280,720,635.3708,345.11157,995.1677,995.27124,3.381,0.210,4.605,0.048613,0.843930,0.124807,-0.519463,img_145.jpg
30372,1280,720,635.3708,345.11157,995.1677,995.27124,3.381,0.203,4.655,0.044660,0.851975,0.134648,-0.503998,img_146.jpg
30440,1280,720,635.3708,345.11157,995.1677,995.27124,3.382,0.195,4.704,0.041990,0.860639,0.143788,-0.486685,img_147.jpg
30514,1280,720,635.3708,345.11157,995.1677,995.27124,3.384,0.185,4.758,0.042471,0.867959,0.151780,-0.470963,img_148.jpg
30575,1280,720,635.3708,345.11157,995.1677,995.27124,3.386,0.175,4.809,0.046980,0.875818,0.159270,-0.453176,img_149.jpg
30639,1280,720,635.3708,345.11157,995.1677,995.27124,3.389,0.167,4.857,0.055800,0.883339,0.159391,-0.437256,img_150.jpg
30714,1280,720,635.3708,345.11157,995.1677,995.27124,3.395,0.159,4.907,0.058859,0.888985,0.172341,-0.420166,img_151.jpg
30786,1280,720,635.3708,345.11157,995.1677,995.27124,3.394,0.153,4.976,0.063805,0.898786,0.188624,-0.390555,img_152.jpg
30870,1280,720,635.3708,345.11157,995.1677,995.27124,3.385,0.149,5.016,0.062844,0.906148,0.197472,-0.368716,img_153.jpg
30937,1280,720,635.3708,345.11157,995.1677,995.27124,3.375,0.143,5.051,0.053702,0.910430,0.217345,-0.347842,img_154.jpg
31004,1280,720,635.3708,345.11157,995.1677,995.27124,3.361,0.133,5.083,0.055116,0.915530,0.229653,-0.325617,img_155.jpg
31074,1280,720,635.3708,345.11157,995.1677,995.27124,3.344,0.120,5.114,0.052216,0.919039,0.243592,-0.305456,img_156.jpg
31142,1280,720,635.3708,345.11157,995.1677,995.27124,3.319,0.106,5.142,0.048959,0.922469,0.257037,-0.283877,img_157.jpg
31219,1280,720,635.3708,345.11157,995.1677,995.27124,3.277,0.086,5.174,0.042600,0.927703,0.275533,-0.248262,img_158.jpg
31302,1280,720,635.3708,345.11157,995.1677,995.27124,3.238,0.075,5.195,0.025962,0.929107,0.290359,-0.227546,img_159.jpg
31370,1280,720,635.3708,345.11157,995.1677,995.27124,3.197,0.067,5.211,0.018154,0.932656,0.295273,-0.206487,img_160.jpg
31438,1280,720,635.3708,345.11157,995.1677,995.27124,3.150,0.058,5.227,0.007852,0.934253,0.304201,-0.185934,img_161.jpg
31508,1280,720,635.3708,345.11157,995.1677,995.27124,3.100,0.047,5.239,0.001003,0.935680,0.310339,-0.167905,img_162.jpg
31573,1280,720,635.3708,345.11157,995.1677,995.27124,3.048,0.040,5.248,0.000666,0.936740,0.313919,-0.154831,img_163.jpg
31652,1280,720,635.3708,345.11157,995.1677,995.27124,2.966,0.030,5.256,0.003795,0.938938,0.314257,-0.140087,img_164.jpg
31736,1280,720,635.3708,345.11157,995.1677,995.27124,2.915,0.023,5.263,-0.000801,0.937058,0.323888,-0.130452,img_165.jpg
31804,1280,720,635.3708,345.11157,995.1677,995.27124,2.859,0.022,5.264,0.003254,0.937388,0.328574,-0.115465,img_166.jpg
31871,1280,720,635.3708,345.11157,995.1677,995.27124,2.801,0.021,5.265,0.003041,0.938598,0.329000,-0.103841,img_167.jpg
31943,1280,720,635.3708,345.11157,995.1677,995.27124,2.746,0.022,5.269,0.001064,0.940900,0.327830,-0.085056,img_168.jpg
32016,1280,720,635.3708,345.11157,995.1677,995.27124,2.661,0.028,5.275,-0.019700,0.943646,0.326676,-0.049267,img_169.jpg
32102,1280,720,635.3708,345.11157,995.1677,995.27124,2.607,0.031,5.281,-0.035531,0.944984,0.324246,-0.024626,img_170.jpg
32166,1280,720,635.3708,345.11157,995.1677,995.27124,2.567,0.038,5.287,-0.040643,0.947069,0.318447,-0.000706,img_171.jpg
32253,1280,720,635.3708,345.11157,995.1677,995.27124,2.502,0.046,5.304,-0.037744,0.951733,0.303041,0.030749,img_172.jpg
32336,1280,720,635.3708,345.11157,995.1677,995.27124,2.466,0.053,5.319,-0.036673,0.954812,0.290924,0.048509,img_173.jpg
32404,1280,720,635.3708,345.11157,995.1677,995.27124,2.431,0.065,5.334,-0.027240,0.960555,0.270190,0.059919,img_174.jpg
32470,1280,720,635.3708,345.11157,995.1677,995.27124,2.405,0.076,5.351,-0.008866,0.964733,0.252528,0.073765,img_175.jpg
32554,1280,720,635.3708,345.11157,995.1677,995.27124,2.371,0.099,5.374,0.009666,0.967763,0.236102,0.087160,img_176.jpg
32636,1280,720,635.3708,345.11157,995.1677,995.27124,2.356,0.114,5.387,0.013796,0.971911,0.218657,0.085953,img_177.jpg
32700,1280,720,635.3708,345.11157,995.1677,995.27124,2.337,0.130,5.401,0.008375,0.975242,0.203610,0.085883,img_178.jpg
32787,1280,720,635.3708,345.11157,995.1677,995.27124,2.302,0.157,5.420,0.004034,0.982093,0.170704,0.079611,img_179.jpg
32853,1280,720,635.3708,345.11157,995.1677,995.27124,2.281,0.175,5.427,0.003118,0.987055,0.144446,0.069627,img_180.jpg
32936,1280,720,635.3708,345.11157,995.1677,995.27124,2.257,0.197,5.432,0.006402,0.991390,0.116237,0.059952,img_181.jpg
33005,1280,720,635.3708,345.11157,995.1677,995.27124,2.236,0.216,5.435,0.002855,0.994518,0.095054,0.043481,img_182.jpg
33074,1280,720,635.3708,345.11157,995.1677,995.27124,2.214,0.231,5.439,0.005997,0.996216,0.077443,0.038994,img_183.jpg
33140,1280,720,635.3708,345.11157,995.1677,995.27124,2.198,0.243,5.440,0.010159,0.997666,0.063578,0.022747,img_184.jpg
33210,1280,720,635.3708,345.11157,995.1677,995.27124,2.174,0.257,5.446,0.011321,0.998554,0.052429,0.003534,img_185.jpg,marker_6.jpg,0.27784032,0.27784032,2.172,0.137,6.145,-0.026841,0.712624,-0.700666,-0.700666
33286,1280,720,635.3708,345.11157,995.1677,995.27124,2.162,0.263,5.450,0.010371,0.998821,0.045771,-0.012404,img_186.jpg
33353,1280,720,635.3708,345.11157,995.1677,995.27124,2.152,0.265,5.448,0.012570,0.998747,0.041693,-0.024652,img_187.jpg
33436,1280,720,635.3708,345.11157,995.1677,995.27124,2.147,0.264,5.458,0.014700,0.998652,0.040364,-0.029127,img_188.jpg
33499,1280,720,635.3708,345.11157,995.1677,995.27124,2.140,0.266,5.459,0.009250,0.998432,0.040937,-0.037031,img_189.jpg
33570,1280,720,635.3708,345.11157,995.1677,995.27124,2.138,0.266,5.461,0.012024,0.998632,0.033939,-0.037918,img_190.jpg
33654,1280,720,635.3708,345.11157,995.1677,995.27124,2.135,0.267,5.462,0.010548,0.998672,0.032050,-0.038931,img_191.jpg,marker_6.jpg,0.26674205,0.26674205,2.169,0.135,6.139,-0.000926,0.696813,-0.717097,-0.717097
33736,1280,720,635.3708,345.11157,995.1677,995.27124,2.132,0.265,5.464,0.010719,0.998515,0.036899,-0.038620,img_192.jpg
33803,1280,720,635.3708,345.11157,995.1677,995.27124,2.129,0.263,5.464,0.016983,0.998631,0.036230,-0.033701,img_193.jpg
33869,1280,720,635.3708,345.11157,995.1677,995.27124,2.121,0.256,5.466,0.011502,0.997859,0.052785,-0.036869,img_194.jpg
33934,1280,720,635.3708,345.11157,995.1677,995.27124,2.110,0.242,5.464,0.011114,0.996576,0.074718,-0.033607,img_195.jpg
34012,1280,720,635.3708,345.11157,995.1677,995.27124,2.094,0.220,5.461,0.014763,0.994265,0.101606,-0.029935,img_196.jpg
34085,1280,720,635.3708,345.11157,995.1677,995.27124,2.055,0.187,5.455,0.008351,0.990296,0.136150,-0.026581,img_197.jpg
34171,1280,720,635.3708,345.11157,995.1677,995.27124,2.021,0.165,5.450,0.001853,0.987892,0.153740,-0.020721,img_198.jpg
34245,1280,720,635.3708,345.11157,995.1677,995.27124,1.956,0.138,5.436,-0.011384,0.983758,0.178958,-0.008043,img_199.jpg,marker_6.jpg,0.29593948,0.29593948,2.177,0.137,6.171,0.021951,0.769038,-0.638821,-0.638821
34336,1280,720,635.3708,345.11157,995.1677,995.27124,1.903,0.121,5.421,-0.014759,0.980687,0.195008,0.002688,img_200.jpg
34410,1280,720,635.3708,345.11157,995.1677,995.27124,1.811,0.100,5.394,-0.026521,0.972204,0.231917,0.018187,img_201.jpg
34503,1280,720,635.3708,345.11157,995.1677,995.27124,1.748,0.090,5.375,-0.025145,0.965370,0.256942,0.037532,img_202.jpg
34575,1280,720,635.3708,345.11157,995.1677,995.27124,1.685,0.082,5.355,-0.028978,0.959235,0.276310,0.051789,img_203.jpg
34650,1280,720,635.3708,345.11157,995.1677,995.27124,1.595,0.077,5.330,-0.021549,0.954582,0.286108,0.080319,img_204.jpg
34736,1280,720,635.3708,345.11157,995.1677,995.27124,1.534,0.072,5.321,-0.026144,0.950237,0.295022,0.096582,img_205.jpg
34806,1280,720,635.3708,345.11157,995.1677,995.27124,1.472,0.068,5.312,-0.033132,0.947045,0.297433,0.116371,img_206.jpg
34873,1280,720,635.3708,345.11157,995.1677,995.27124,1.412,0.068,5.310,-0.040417,0.947132,0.290256,0.130610,img_207.jpg
34944,1280,720,635.3708,345.11157,995.1677,995.27124,1.320,0.065,5.318,-0.043613,0.946098,0.282284,0.152681,img_208.jpg
35020,1280,720,635.3708,345.11157,995.1677,995.27124,1.262,0.067,5.330,-0.036241,0.946662,0.275209,0.163642,img_209.jpg
35103,1280,720,635.3708,345.11157,995.1677,995.27124,1.200,0.069,5.343,-0.026662,0.947197,0.268710,0.172923,img_210.jpg
35179,1280,720,635.3708,345.11157,995.1677,995.27124,1.135,0.068,5.363,-0.020657,0.948052,0.263590,0.176893,img_211.jpg
35256,1280,720,635.3708,345.11157,995.1677,995.27124,1.031,0.068,5.391,-0.030467,0.938928,0.282620,0.193941,img_212.jpg
35337,1280,720,635.3708,345.11157,995.1677,995.27124,0.962,0.068,5.401,-0.036896,0.933587,0.285664,0.213188,img_213.jpg
35422,1280,720,635.3708,345.11157,995.1677,995.27124,0.862,0.065,5.414,0.061423,-0.925731,-0.289301,-0.235699,img_214.jpg
35503,1280,720,635.3708,345.11157,995.1677,995.27124,0.793,0.059,5.424,0.074536,-0.921419,-0.289559,-0.248168,img_215.jpg
35584,1280,720,635.3708,345.11157,995.1677,995.27124,0.723,0.055,5.427,0.084337,-0.917641,-0.289686,-0.258659,img_216.jpg
35659,1280,720,635.3708,345.11157,995.1677,995.27124,0.619,0.051,5.434,0.088796,-0.917401,-0.281827,-0.266581,img_217.jpg
35737,1280,720,635.3708,345.11157,995.1677,995.27124,0.549,0.048,5.438,0.091618,-0.916631,-0.279437,-0.270757,img_218.jpg
35813,1280,720,635.3708,345.11157,995.1677,995.27124,0.438,0.052,5.447,0.102706,-0.913150,-0.285134,-0.272594,img_219.jpg
35887,1280,720,635.3708,345.11157,995.1677,995.27124,0.366,0.058,5.453,0.111339,-0.909125,-0.292773,-0.274553,img_220.jpg
35972,1280,720,635.3708,345.11157,995.1677,995.27124,0.296,0.060,5.459,0.112905,-0.906369,-0.295627,-0.279915,img_221.jpg
36046,1280,720,635.3708,345.11157,995.1677,995.27124,0.197,0.052,5.480,0.131605,-0.894951,-0.318054,-0.283875,img_222.jpg
36120,1280,720,635.3708,345.11157,995.1677,995.27124,0.138,0.048,5.491,0.127481,-0.892549,-0.323095,-0.287602,img_223.jpg
36205,1280,720,635.3708,345.11157,995.1677,995.27124,0.077,0.039,5.507,0.122918,-0.890195,-0.330120,-0.288903,img_224.jpg
36287,1280,720,635.3708,345.11157,995.1677,995.27124,-0.012,0.025,5.531,0.114391,-0.888384,-0.334635,-0.292759,img_225.jpg
36372,1280,720,635.3708,345.11157,995.1677,995.27124,-0.068,0.021,5.543,0.105572,-0.889118,-0.332729,-0.295998,img_226.jpg
36448,1280,720,635.3708,345.11157,995.1677,995.27124,-0.166,0.017,5.569,0.090337,-0.888624,-0.335814,-0.299026,img_227.jpg
36537,1280,720,635.3708,345.11157,995.1677,995.27124,-0.231,0.016,5.587,0.098015,-0.881732,-0.348012,-0.303033,img_228.jpg
36612,1280,720,635.3708,345.11157,995.1677,995.27124,-0.328,0.027,5.606,0.108349,-0.885232,-0.332691,-0.306500,img_229.jpg
36704,1280,720,635.3708,345.11157,995.1677,995.27124,-0.394,0.026,5.623,0.119272,-0.879033,-0.336314,-0.316178,img_230.jpg
36773,1280,720,635.3708,345.11157,995.1677,995.27124,-0.462,0.025,5.637,0.123548,-0.878029,-0.332045,-0.321788,img_231.jpg
36844,1280,720,635.3708,345.11157,995.1677,995.27124,-0.565,0.019,5.656,0.128582,-0.878925,-0.325432,-0.324117,img_232.jpg
36939,1280,720,635.3708,345.11157,995.1677,995.27124,-0.625,0.017,5.664,0.125351,-0.883162,-0.318875,-0.320360,img_233.jpg
37009,1280,720,635.3708,345.11157,995.1677,995.27124,-0.721,0.016,5.670,0.114921,-0.892906,-0.305826,-0.309810,img_234.jpg
37088,1280,720,635.3708,345.11157,995.1677,995.27124,-0.795,0.017,5.676,0.119580,-0.895737,-0.305607,-0.299935,img_235.jpg
37171,1280,720,635.3708,345.11157,995.1677,995.27124,-0.865,0.022,5.676,0.114325,-0.892575,-0.316827,-0.299766,img_236.jpg
37238,1280,720,635.3708,345.11157,995.1677,995.27124,-0.931,0.032,5.679,0.110105,-0.894855,-0.317154,-0.294150,img_237.jpg
37317,1280,720,635.3708,345.11157,995.1677,995.27124,-1.026,0.040,5.692,0.108832,-0.893844,-0.318947,-0.295757,img_238.jpg
37403,1280,720,635.3708,345.11157,995.1677,995.27124,-1.087,0.051,5.702,0.111761,-0.900452,-0.307775,-0.286304,img_239.jpg
37477,1280,720,635.3708,345.11157,995.1677,995.27124,-1.168,0.073,5.719,0.093598,-0.917019,-0.278286,-0.269948,img_240.jpg
37555,1280,720,635.3708,345.11157,995.1677,995.27124,-1.224,0.090,5.732,0.077187,-0.929944,-0.251224,-0.257163,img_241.jpg
37637,1280,720,635.3708,345.11157,995.1677,995.27124,-1.276,0.109,5.745,0.057704,-0.942307,-0.224120,-0.241862,img_242.jpg
37713,1280,720,635.3708,345.11157,995.1677,995.27124,-1.349,0.141,5.773,-0.021557,0.957730,0.186972,0.217554,img_243.jpg
37803,1280,720,635.3708,345.11157,995.1677,995.27124,-1.402,0.160,5.794,-0.025713,0.960581,0.185852,0.205139,img_244.jpg
37871,1280,720,635.3708,345.11157,995.1677,995.27124,-1.445,0.182,5.808,-0.014263,0.966322,0.168221,0.194218,img_245.jpg
37943,1280,720,635.3708,345.11157,995.1677,995.27124,-1.490,0.201,5.823,-0.008602,0.969490,0.157987,0.187234,img_246.jpg
38022,1280,720,635.3708,345.11157,995.1677,995.27124,-1.556,0.229,5.843,-0.011349,0.977537,0.128128,0.166960,img_247.jpg
38105,1280,720,635.3708,345.11157,995.1677,995.27124,-1.595,0.242,5.860,-0.000643,0.982045,0.111261,0.152344,img_248.jpg
38186,1280,720,635.3708,345.11157,995.1677,995.27124,-1.647,0.259,5.878,0.010013,0.989179,0.085184,0.119030,img_249.jpg
38274,1280,720,635.3708,345.11157,995.1677,995.27124,-1.683,0.271,5.883,0.015916,0.992867,0.071223,0.094284,img_250.jpg
38350,1280,720,635.3708,345.11157,995.1677,995.27124,-1.734,0.286,5.890,0.022824,0.996806,0.055505,0.052696,img_251.jpg
38438,1280,720,635.3708,345.11157,995.1677,995.27124,-1.765,0.293,5.895,0.023446,0.997330,0.062198,0.030239,img_252.jpg
38521,1280,720,635.3708,345.11157,995.1677,995.27124,-1.805,0.303,5.894,0.034985,0.998100,0.050434,0.005469,img_253.jpg
38603,1280,720,635.3708,345.11157,995.1677,995.27124,-1.830,0.308,5.896,0.028289,0.998547,0.043088,-0.015729,img_254.jpg,marker_7.png,0.26845747,0.26845747,-1.814,0.149,6.523,-0.037389,0.720774,-0.691004,-0.691004
38684,1280,720,635.3708,345.11157,995.1677,995.27124,-1.855,0.314,5.903,0.019504,0.998428,0.038932,-0.035302,img_255.jpg
38773,1280,720,635.3708,345.11157,995.1677,995.27124,-1.864,0.314,5.908,0.017929,0.997874,0.041337,-0.047098,img_256.jpg
38848,1280,720,635.3708,345.11157,995.1677,995.27124,-1.881,0.312,5.911,0.018034,0.997757,0.036034,-0.053455,img_257.jpg
38938,1280,720,635.3708,345.11157,995.1677,995.27124,-1.892,0.311,5.914,0.011333,0.997625,0.041223,-0.054003,img_258.jpg
39020,1280,720,635.3708,345.11157,995.1677,995.27124,-1.898,0.308,5.918,0.010563,0.996802,0.049355,-0.061958,img_259.jpg
39105,1280,720,635.3708,345.11157,995.1677,995.27124,-1.899,0.309,5.917,0.012538,0.996942,0.045631,-0.062181,img_260.jpg,marker_7.png,0.26784486,0.26784486,-1.812,0.151,6.519,-0.031484,0.710059,-0.702718,-0.702718
39185,1280,720,635.3708,345.11157,995.1677,995.27124,-1.906,0.302,5.920,0.000052,0.996592,0.056155,-0.060430,img_261.jpg
39271,1280,720,635.3708,345.11157,995.1677,995.27124,-1.913,0.289,5.925,0.000902,0.996215,0.072469,-0.047993,img_262.jpg
39341,1280,720,635.3708,345.11157,995.1677,995.27124,-1.929,0.269,5.932,-0.001805,0.995544,0.090754,-0.025565,img_263.jpg
39425,1280,720,635.3708,345.11157,995.1677,995.27124,-1.970,0.232,5.942,-0.015729,0.990844,0.131192,0.027761,img_264.jpg
39520,1280,720,635.3708,345.11157,995.1677,995.27124,-2.027,0.192,5.949,-0.034223,0.979231,0.176178,0.094322,img_265.jpg
39605,1280,720,635.3708,345.11157,995.1677,995.27124,-2.069,0.173,5.949,-0.036277,0.970192,0.194676,0.139685,img_266.jpg
39676,1280,720,635.3708,345.11157,995.1677,995.27124,-2.142,0.160,5.944,-0.055909,0.959845,0.198183,0.190514,img_267.jpg
39755,1280,720,635.3708,345.11157,995.1677,995.27124,-2.194,0.153,5.940,0.066622,-0.952307,-0.200231,-0.220408,img_268.jpg
39838,1280,720,635.3708,345.11157,995.1677,995.27124,-2.253,0.150,5.934,0.071238,-0.945048,-0.197231,-0.250820,img_269.jpg
39918,1280,720,635.3708,345.11157,995.1677,995.27124,-2.342,0.158,5.919,0.075326,-0.934969,-0.183122,-0.294321,img_270.jpg
40005,1280,720,635.3708,345.11157,995.1677,995.27124,-2.402,0.174,5.900,0.064474,-0.924477,-0.166539,-0.336822,img_271.jpg
40079,1280,720,635.3708,345.11157,995.1677,995.27124,-2.488,0.206,5.871,0.064060,-0.911726,-0.140980,-0.380496,img_272.jpg
40173,1280,720,635.3708,345.11157,995.1677,995.27124,-2.538,0.223,5.849,0.049080,-0.901369,-0.121003,-0.412896,img_273.jpg
40248,1280,720,635.3708,345.11157,995.1677,995.27124,-2.614,0.250,5.813,0.042291,-0.879634,-0.101553,-0.462755,img_274.jpg
40338,1280,720,635.3708,345.11157,995.1677,995.27124,-2.662,0.263,5.791,0.041820,-0.863296,-0.090635,-0.494729,img_275.jpg
40416,1280,720,635.3708,345.11157,995.1677,995.27124,-2.726,0.276,5.758,0.043743,-0.840675,-0.077596,-0.534164,img_276.jpg
40505,1280,720,635.3708,345.11157,995.1677,995.27124,-2.755,0.279,5.743,0.043817,-0.825736,-0.073322,-0.557551,img_277.jpg
40572,1280,720,635.3708,345.11157,995.1677,995.27124,-2.791,0.282,5.727,0.038565,-0.813016,-0.069537,-0.576786,img_278.jpg
40644,1280,720,635.3708,345.11157,995.1677,995.27124,-2.848,0.281,5.712,0.033024,-0.797925,-0.066387,-0.598179,img_279.jpg
40721,1280,720,635.3708,345.11157,995.1677,995.27124,-2.878,0.285,5.701,0.029132,-0.789328,-0.057008,-0.610625,img_280.jpg
40805,1280,720,635.3708,345.11157,995.1677,995.27124,-2.914,0.290,5.688,0.033953,-0.780628,-0.053907,-0.621740,img_281.jpg
40870,1280,720,635.3708,345.11157,995.1677,995.27124,-2.942,0.295,5.679,0.033154,-0.769415,-0.053851,-0.635612,img_282.jpg
40941,1280,720,635.3708,345.11157,995.1677,995.27124,-2.979,0.305,5.658,0.027881,-0.754212,-0.051324,-0.654029,img_283.jpg
41022,1280,720,635.3708,345.11157,995.1677,995.27124,-2.992,0.310,5.645,0.032083,-0.747154,-0.049771,-0.662008,img_284.jpg
41105,1280,720,635.3708,345.11157,995.1677,995.27124,-3.007,0.312,5.634,0.033246,-0.741001,-0.047782,-0.668977,img_285.jpg
41174,1280,720,635.3708,345.11157,995.1677,995.27124,-3.021,0.313,5.622,0.032992,-0.737113,-0.046070,-0.673389,img_286.jpg
41248,1280,720,635.3708,345.11157,995.1677,995.27124,-3.035,0.312,5.606,0.039465,-0.734858,-0.046163,-0.675497,img_287.jpg
41319,1280,720,635.3708,345.11157,995.1677,995.27124,-3.050,0.311,5.589,0.043931,-0.735773,-0.046747,-0.674184,img_288.jpg,marker_8.jpg,0.27690613,0.27690613,-3.628,0.170,5.666,-0.471386,-0.528570,0.545690,0.545690
41404,1280,720,635.3708,345.11157,995.1677,995.27124,-3.057,0.311,5.582,0.043381,-0.737106,-0.048000,-0.672673,img_289.jpg
41474,1280,720,635.3708,345.11157,995.1677,995.27124,-3.065,0.312,5.566,0.048280,-0.739486,-0.045187,-0.669916,img_290.jpg
41557,1280,720,635.3708,345.11157,995.1677,995.27124,-3.069,0.308,5.569,0.049844,-0.741984,-0.046267,-0.666960,img_291.jpg
41655,1280,720,635.3708,345.11157,995.1677,995.27124,-3.072,0.305,5.564,0.050326,-0.746080,-0.050107,-0.662059,img_292.jpg
41739,1280,720,635.3708,345.11157,995.1677,995.27124,-3.073,0.303,5.563,0.051513,-0.748796,-0.053326,-0.658641,img_293.jpg
41823,1280,720,635.3708,345.11157,995.1677,995.27124,-3.074,0.301,5.561,0.051474,-0.752673,-0.054883,-0.654081,img_294.jpg
41905,1280,720,635.3708,345.11157,995.1677,995.27124,-3.075,0.298,5.552,0.055305,-0.752372,-0.056303,-0.653993,img_295.jpg
41987,1280,720,635.3708,345.11157,995.1677,995.27124,-3.076,0.294,5.540,0.063219,-0.747287,-0.060212,-0.658741,img_296.jpg,marker_8.jpg,0.27323863,0.27323863,-3.619,0.170,5.671,-0.475634,-0.527597,0.535261,0.535261
42062,1280,720,635.3708,345.11157,995.1677,995.27124,-3.075,0.288,5.521,0.071885,-0.740617,-0.064613,-0.664940,img_297.jpg
42139,1280,720,635.3708,345.11157,995.1677,995.27124,-3.069,0.284,5.468,0.068079,-0.737867,-0.064372,-0.668412,img_298.jpg
42222,1280,720,635.3708,345.11157,995.1677,995.27124,-3.058,0.282,5.425,0.072118,-0.740196,-0.059668,-0.665844,img_299.jpg
42299,1280,720,635.3708,345.11157,995.1677,995.27124,-3.045,0.276,5.377,0.072766,-0.745350,-0.062460,-0.659740,img_300.jpg
42390,1280,720,635.3708,345.11157,995.1677,995.27124,-3.021,0.265,5.295,0.065210,-0.745643,-0.070788,-0.659358,img_301.jpg
42473,1280,720,635.3708,345.11157,995.1677,995.27124,-3.006,0.263,5.230,0.077619,-0.741513,-0.076130,-0.662071,img_302.jpg
42551,1280,720,635.3708,345.11157,995.1677,995.27124,-2.980,0.264,5.134,0.088897,-0.741833,-0.078836,-0.659974,img_303.jpg
42639,1280,720,635.3708,345.11157,995.1677,995.27124,-2.958,0.265,5.050,0.086902,-0.728035,-0.086162,-0.674529,img_304.jpg
42722,1280,720,635.3708,345.11157,995.1677,995.27124,-2.947,0.266,4.991,0.088227,-0.711140,-0.084485,-0.692357,img_305.jpg
42801,1280,720,635.3708,345.11157,995.1677,995.27124,-2.940,0.264,4.934,0.081726,-0.697305,-0.080882,-0.707492,img_306.jpg
42888,1280,720,635.3708,345.11157,995.1677,995.27124,-2.939,0.255,4.848,0.080114,-0.674477,-0.077731,-0.729809,img_307.jpg
42973,1280,720,635.3708,345.11157,995.1677,995.27124,-2.945,0.249,4.788,0.079734,-0.659553,-0.077517,-0.743386,img_308.jpg
43043,1280,720,635.3708,345.11157,995.1677,995.27124,-2.963,0.246,4.698,0.072175,-0.643355,-0.074917,-0.758467,img_309.jpg
43122,1280,720,635.3708,345.11157,995.1677,995.27124,-2.978,0.251,4.641,0.062936,-0.635952,-0.073046,-0.765682,img_310.jpg
43193,1280,720,635.3708,345.11157,995.1677,995.27124,-2.993,0.258,4.585,0.048029,-0.628754,-0.076298,-0.772360,img_311.jpg
43273,1280,720,635.3708,345.11157,995.1677,995.27124,-3.014,0.267,4.532,0.054265,-0.624854,-0.081432,-0.774585,img_312.jpg
43344,1280,720,635.3708,345.11157,995.1677,995.27124,-3.039,0.283,4.458,0.043022,-0.618552,-0.078252,-0.780654,img_313.jpg
43421,1280,720,635.3708,345.11157,995.1677,995.27124,-3.057,0.292,4.410,0.054739,-0.620375,-0.062829,-0.779866,img_314.jpg
43507,1280,720,635.3708,345.11157,995.1677,995.27124,-3.076,0.298,4.366,0.051644,-0.621135,-0.053214,-0.780188,img_315.jpg
43581,1280,720,635.3708,345.11157,995.1677,995.27124,-3.100,0.303,4.315,0.047177,-0.637853,-0.044385,-0.767429,img_316.jpg
43656,1280,720,635.3708,345.11157,995.1677,995.27124,-3.113,0.303,4.274,0.043171,-0.646462,-0.043397,-0.760487,img_317.jpg
43739,1280,720,635.3708,345.11157,995.1677,995.27124,-3.119,0.305,4.238,0.048922,-0.664339,-0.036714,-0.744925,img_318.jpg,marker_9.jpg,0.27251926,0.27251926,-3.789,0.186,4.151,-0.455284,-0.545621,0.552905,0.552905
43815,1280,720,635.3708,345.11157,995.1677,995.27124,-3.126,0.307,4.187,0.047672,-0.680386,-0.036634,-0.730384,img_319.jpg
43887,1280,720,635.3708,345.11157,995.1677,995.27124,-3.130,0.310,4.158,0.051718,-0.698007,-0.042056,-0.712981,img_320.jpg
43963,1280,720,635.3708,345.11157,995.1677,995.27124,-3.132,0.312,4.126,0.046900,-0.712290,-0.041665,-0.699076,img_321.jpg
44056,1280,720,635.3708,345.11157,995.1677,995.27124,-3.134,0.313,4.090,0.048632,-0.730077,-0.042348,-0.680316,img_322.jpg
44139,1280,720,635.3708,345.11157,995.1677,995.27124,-3.133,0.313,4.071,0.048030,-0.738691,-0.041910,-0.671023,img_323.jpg
44216,1280,720,635.3708,345.11157,995.1677,995.27124,-3.130,0.312,4.036,0.052413,-0.749243,-0.040801,-0.658956,img_324.jpg
44306,1280,720,635.3708,345.11157,995.1677,995.27124,-3.128,0.304,3.998,0.055900,-0.750747,-0.046091,-0.656604,img_325.jpg
44390,1280,720,635.3708,345.11157,995.1677,995.27124,-3.131,0.294,3.972,0.072886,-0.757148,-0.053524,-0.646954,img_326.jpg,marker_9.jpg,0.2728068,0.2728068,-3.802,0.183,4.145,-0.470422,-0.534543,0.530287,0.530287
44473,1280,720,635.3708,345.11157,995.1677,995.27124,-3.133,0.280,3.923,0.079296,-0.752718,-0.061644,-0.650637,img_327.jpg
44559,1280,720,635.3708,345.11157,995.1677,995.27124,-3.137,0.270,3.880,0.089761,-0.742575,-0.063639,-0.660663,img_328.jpg
44637,1280,720,635.3708,345.11157,995.1677,995.27124,-3.145,0.259,3.828,0.098825,-0.727154,-0.068324,-0.675879,img_329.jpg
44722,1280,720,635.3708,345.11157,995.1677,995.27124,-3.160,0.243,3.749,0.103268,-0.707677,-0.076389,-0.694762,img_330.jpg
44804,1280,720,635.3708,345.11157,995.1677,995.27124,-3.174,0.235,3.661,0.100331,-0.689493,-0.078166,-0.713038,img_331.jpg
44890,1280,720,635.3708,345.11157,995.1677,995.27124,-3.185,0.232,3.598,0.096869,-0.677345,-0.081326,-0.724711,img_332.jpg
44974,1280,720,635.3708,345.11157,995.1677,995.27124,-3.199,0.233,3.535,0.091716,-0.662217,-0.093636,-0.737759,img_333.jpg
45051,1280,720,635.3708,345.11157,995.1677,995.27124,-3.223,0.238,3.444,0.106688,-0.643110,-0.105172,-0.750977,img_334.jpg
45144,1280,720,635.3708,345.11157,995.1677,995.27124,-3.230,0.250,3.353,0.092573,-0.618360,-0.097025,-0.774369,img_335.jpg
45241,1280,720,635.3708,345.11157,995.1677,995.27124,-3.232,0.253,3.283,0.104670,-0.607362,-0.078017,-0.783626,img_336.jpg
45323,1280,720,635.3708,345.11157,995.1677,995.27124,-3.231,0.258,3.192,0.095602,-0.591167,-0.063684,-0.798327,img_337.jpg
45404,1280,720,635.3708,345.11157,995.1677,995.27124,-3.230,0.257,3.128,0.097151,-0.586084,-0.048681,-0.802931,img_338.jpg
45481,1280,720,635.3708,345.11157,995.1677,995.27124,-3.229,0.256,3.034,0.079017,-0.583569,-0.047830,-0.806794,img_339.jpg
45557,1280,720,635.3708,345.11157,995.1677,995.27124,-3.226,0.259,2.970,0.072588,-0.587758,-0.042602,-0.804647,img_340.jpg
45629,1280,720,635.3708,345.11157,995.1677,995.27124,-3.224,0.264,2.902,0.073026,-0.597054,-0.036987,-0.798013,img_341.jpg
45696,1280,720,635.3708,345.11157,995.1677,995.27124,-3.225,0.274,2.842,0.068941,-0.604487,-0.045220,-0.792337,img_342.jpg
45772,1280,720,635.3708,345.11157,995.1677,995.27124,-3.228,0.283,2.791,0.067356,-0.611977,-0.048026,-0.786537,img_343.jpg
45845,1280,720,635.3708,345.11157,995.1677,995.27124,-3.235,0.294,2.714,0.072311,-0.626508,-0.053649,-0.774197,img_344.jpg
45923,1280,720,635.3708,345.11157,995.1677,995.27124,-3.247,0.296,2.675,0.077496,-0.638535,-0.048553,-0.764140,img_345.jpg
45996,1280,720,635.3708,345.11157,995.1677,995.27124,-3.252,0.299,2.641,0.070266,-0.646043,-0.049322,-0.758458,img_346.jpg
46065,1280,720,635.3708,345.11157,995.1677,995.27124,-3.265,0.295,2.605,0.066979,-0.649371,-0.047538,-0.756023,img_347.jpg
46134,1280,720,635.3708,345.11157,995.1677,995.27124,-3.279,0.292,2.549,0.063522,-0.651791,-0.040827,-0.754630,img_348.jpg,marker_10.jpg,0.27977434,0.27977434,-4.053,0.180,2.373,-0.443932,-0.546530,0.544418,0.544418
46223,1280,720,635.3708,345.11157,995.1677,995.27124,-3.287,0.291,2.517,0.060707,-0.657854,-0.037034,-0.749781,img_349.jpg
46305,1280,720,635.3708,345.11157,995.1677,995.27124,-3.308,0.289,2.475,0.061865,-0.669652,-0.034186,-0.739304,img_350.jpg
46393,1280,720,635.3708,345.11157,995.1677,995.27124,-3.323,0.287,2.451,0.052307,-0.672328,-0.038107,-0.737419,img_351.jpg
46458,1280,720,635.3708,345.11157,995.1677,995.27124,-3.337,0.284,2.425,0.045909,-0.679305,-0.045757,-0.730988,img_352.jpg
46528,1280,720,635.3708,345.11157,995.1677,995.27124,-3.355,0.283,2.396,0.053081,-0.684437,-0.052253,-0.725258,img_353.jpg
46601,1280,720,635.3708,345.11157,995.1677,995.27124,-3.373,0.284,2.354,0.053100,-0.688186,-0.050529,-0.721822,img_354.jpg
46673,1280,720,635.3708,345.11157,995.1677,995.27124,-3.384,0.283,2.324,0.058787,-0.686565,-0.047821,-0.723109,img_355.jpg
46758,1280,720,635.3708,345.11157,995.1677,995.27124,-3.393,0.282,2.293,0.069939,-0.683806,-0.049127,-0.724641,img_356.jpg,marker_10.jpg,0.2736417,0.2736417,-4.041,0.181,2.374,-0.466222,-0.528281,0.538027,0.538027
46830,1280,720,635.3708,345.11157,995.1677,995.27124,-3.401,0.282,2.261,0.065517,-0.676041,-0.050787,-0.732187,img_357.jpg
46905,1280,720,635.3708,345.11157,995.1677,995.27124,-3.410,0.276,2.196,0.079949,-0.653619,-0.042946,-0.751363,img_358.jpg
46988,1280,720,635.3708,345.11157,995.1677,995.27124,-3.414,0.267,2.143,0.091046,-0.626284,-0.042086,-0.773116,img_359.jpg
47057,1280,720,635.3708,345.11157,995.1677,995.27124,-3.414,0.258,2.084,0.091326,-0.589756,-0.046227,-0.801069,img_360.jpg
47142,1280,720,635.3708,345.11157,995.1677,995.27124,-3.408,0.250,1.991,0.095625,-0.543692,-0.043752,-0.832671,img_361.jpg
47223,1280,720,635.3708,345.11157,995.1677,995.27124,-3.400,0.248,1.933,0.094034,-0.516540,-0.044197,-0.849936,img_362.jpg
47306,1280,720,635.3708,345.11157,995.1677,995.27124,-3.385,0.250,1.851,0.088491,-0.472275,-0.042138,-0.875985,img_363.jpg
47389,1280,720,635.3708,345.11157,995.1677,995.27124,-3.373,0.254,1.797,0.092948,-0.443446,-0.039303,-0.890602,img_364.jpg
47456,1280,720,635.3708,345.11157,995.1677,995.27124,-3.356,0.258,1.747,0.077538,-0.408332,-0.043779,-0.908480,img_365.jpg
47540,1280,720,635.3708,345.11157,995.1677,995.27124,-3.326,0.266,1.679,0.074169,-0.368410,-0.038455,-0.925902,img_366.jpg
47624,1280,720,635.3708,345.11157,995.1677,995.27124,-3.304,0.269,1.638,0.079543,-0.342913,-0.031420,-0.935466,img_367.jpg
47690,1280,720,635.3708,345.11157,995.1677,995.27124,-3.284,0.271,1.602,0.086904,-0.315499,-0.024759,-0.944614,img_368.jpg
47759,1280,720,635.3708,345.11157,995.1677,995.27124,-3.260,0.273,1.571,0.089964,-0.290260,-0.019697,-0.952506,img_369.jpg
47842,1280,720,635.3708,345.11157,995.1677,995.27124,-3.230,0.272,1.526,0.085465,-0.247660,-0.018420,-0.964894,img_370.jpg
47921,1280,720,635.3708,345.11157,995.1677,995.27124,-3.211,0.274,1.501,0.088219,-0.219777,-0.014842,-0.971440,img_371.jpg
47996,1280,720,635.3708,345.11157,995.1677,995.27124,-3.195,0.274,1.474,0.083495,-0.196407,-0.011776,-0.976890,img_372.jpg
48066,1280,720,635.3708,345.11157,995.1677,995.27124,-3.174,0.278,1.446,0.079279,-0.167331,-0.014677,-0.982599,img_373.jpg
48140,1280,720,635.3708,345.11157,995.1677,995.27124,-3.162,0.278,1.430,0.067597,-0.141861,-0.019805,-0.987377,img_374.jpg
48223,1280,720,635.3708,345.11157,995.1677,995.27124,-3.149,0.281,1.414,0.060283,-0.118281,-0.017209,-0.990999,img_375.jpg
48307,1280,720,635.3708,345.11157,995.1677,995.27124,-3.129,0.288,1.394,0.060839,-0.093721,-0.009317,-0.993694,img_376.jpg
48406,1280,720,635.3708,345.11157,995.1677,995.27124,-3.119,0.293,1.380,0.056175,-0.078949,-0.009958,-0.995245,img_377.jpg
48491,1280,720,635.3708,345.11157,995.1677,995.27124,-3.109,0.295,1.375,0.053688,-0.072315,-0.008735,-0.995898,img_378.jpg
48573,1280,720,635.3708,345.11157,995.1677,995.27124,-3.101,0.293,1.368,0.056792,-0.061023,-0.007242,-0.996493,img_379.jpg
48658,1280,720,635.3708,345.11157,995.1677,995.27124,-3.094,0.289,1.361,0.059233,-0.052012,-0.009533,-0.996843,img_380.jpg
48733,1280,720,635.3708,345.11157,995.1677,995.27124,-3.085,0.285,1.353,0.062688,-0.047917,-0.009039,-0.996841,img_381.jpg
48818,1280,720,635.3708,345.11157,995.1677,995.27124,-3.067,0.282,1.346,0.066560,-0.043108,-0.006758,-0.996828,img_382.jpg
48908,1280,720,635.3708,345.11157,995.1677,995.27124,-3.044,0.279,1.341,0.070830,-0.043329,0.000887,-0.996547,img_383.jpg
48989,1280,720,635.3708,345.11157,995.1677,995.27124,-3.027,0.277,1.340,0.072695,-0.052438,0.005377,-0.995960,img_384.jpg
49065,1280,720,635.3708,345.11157,995.1677,995.27124,-3.009,0.277,1.341,0.072943,-0.062445,0.008171,-0.995346,img_385.jpg
49140,1280,720,635.3708,345.11157,995.1677,995.27124,-2.975,0.272,1.343,0.079005,-0.093141,0.016004,-0.992384,img_386.jpg
49241,1280,720,635.3708,345.11157,995.1677,995.27124,-2.933,0.268,1.355,0.087688,-0.128356,0.018842,-0.987664,img_387.jpg
49324,1280,720,635.3708,345.11157,995.1677,995.27124,-2.903,0.266,1.368,0.087821,-0.143688,0.006420,-0.985698,img_388.jpg,marker_11.jpg,0.27250895,0.27250895,-3.144,0.120,0.733,-0.698959,-0.055174,0.074891,0.074891
49404,1280,720,635.3708,345.11157,995.1677,995.27124,-2.862,0.266,1.386,0.096026,-0.167094,-0.005183,-0.981240,img_389.jpg
49491,1280,720,635.3708,345.11157,995.1677,995.27124,-2.839,0.268,1.400,0.092763,-0.184223,-0.013886,-0.978399,img_390.jpg
49569,1280,720,635.3708,345.11157,995.1677,995.27124,-2.818,0.269,1.411,0.091942,-0.197272,-0.020880,-0.975804,img_391.jpg
49650,1280,720,635.3708,345.11157,995.1677,995.27124,-2.784,0.272,1.431,0.084581,-0.213403,-0.024727,-0.972982,img_392.jpg
49724,1280,720,635.3708,345.11157,995.1677,995.27124,-2.755,0.272,1.441,0.082137,-0.220422,-0.020866,-0.971716,img_393.jpg
49799,1280,720,635.3708,345.11157,995.1677,995.27124,-2.703,0.267,1.447,0.087358,-0.225260,-0.012272,-0.970297,img_394.jpg,marker_11.jpg,0.2725685,0.2725685,-3.143,0.122,0.737,-0.699446,-0.041089,0.050205,0.050205
49874,1280,720,635.3708,345.11157,995.1677,995.27124,-2.661,0.261,1.450,0.087868,-0.224845,-0.012208,-0.970348,img_395.jpg
49959,1280,720,635.3708,345.11157,995.1677,995.27124,-2.615,0.255,1.450,0.086044,-0.221128,-0.016547,-0.971301,img_396.jpg
50039,1280,720,635.3708,345.11157,995.1677,995.27124,-2.528,0.241,1.439,0.085212,-0.197320,-0.025801,-0.976288,img_397.jpg
50124,1280,720,635.3708,345.11157,995.1677,995.27124,-2.465,0.232,1.424,0.094736,-0.178440,-0.027844,-0.978984,img_398.jpg
50207,1280,720,635.3708,345.11157,995.1677,995.27124,-2.365,0.225,1.398,0.096800,-0.138896,-0.042277,-0.984657,img_399.jpg
50289,1280,720,635.3708,345.11157,995.1677,995.27124,-2.298,0.226,1.379,0.097068,-0.117734,-0.045807,-0.987228,img_400.jpg
50368,1280,720,635.3708,345.11157,995.1677,995.27124,-2.199,0.235,1.354,0.110307,-0.096178,-0.036962,-0.988542,img_401.jpg
50459,1280,720,635.3708,345.11157,995.1677,995.27124,-2.141,0.243,1.346,0.106574,-0.071214,-0.041877,-0.990867,img_402.jpg
50532,1280,720,635.3708,345.11157,995.1677,995.27124,-2.055,0.254,1.335,0.112915,-0.056268,-0.017648,-0.991853,img_403.jpg
50624,1280,720,635.3708,345.11157,995.1677,995.27124,-2.006,0.254,1.328,0.108732,-0.045888,-0.020969,-0.992790,img_404.jpg
50700,1280,720,635.3708,345.11157,995.1677,995.27124,-1.933,0.249,1.325,0.099988,-0.052988,-0.021041,-0.993354,img_405.jpg
50791,1280,720,635.3708,345.11157,995.1677,995.27124,-1.879,0.244,1.325,0.095239,-0.069117,-0.022219,-0.992803,img_406.jpg
50870,1280,720,635.3708,345.11157,995.1677,995.27124,-1.803,0.243,1.330,0.090916,-0.088349,-0.028574,-0.991520,img_407.jpg
50958,1280,720,635.3708,345.11157,995.1677,995.27124,-1.754,0.246,1.343,0.079380,-0.106281,-0.039887,-0.990360,img_408.jpg
51030,1280,720,635.3708,345.11157,995.1677,995.27124,-1.706,0.252,1.361,0.062556,-0.106466,-0.036491,-0.991675,img_409.jpg
51113,1280,720,635.3708,345.11157,995.1677,995.27124,-1.639,0.259,1.383,0.064823,-0.116881,-0.020234,-0.990822,img_410.jpg
51189,1280,720,635.3708,345.11157,995.1677,995.27124,-1.601,0.259,1.402,0.069041,-0.128353,-0.015802,-0.989196,img_411.jpg
51266,1280,720,635.3708,345.11157,995.1677,995.27124,-1.548,0.253,1.434,0.065607,-0.132310,-0.020880,-0.988814,img_412.jpg
51341,1280,720,635.3708,345.11157,995.1677,995.27124,-1.514,0.249,1.456,0.063414,-0.131926,-0.021389,-0.988998,img_413.jpg
51424,1280,720,635.3708,345.11157,995.1677,995.27124,-1.478,0.245,1.482,0.062575,-0.127400,-0.021052,-0.989652,img_414.jpg
51505,1280,720,635.3708,345.11157,995.1677,995.27124,-1.422,0.242,1.525,0.054458,-0.111661,-0.028005,-0.991858,img_415.jpg
51589,1280,720,635.3708,345.11157,995.1677,995.27124,-1.386,0.244,1.551,0.058911,-0.100679,-0.034900,-0.992560,img_416.jpg
51665,1280,720,635.3708,345.11157,995.1677,995.27124,-1.349,0.249,1.577,0.060321,-0.088549,-0.041942,-0.993359,img_417.jpg
51744,1280,720,635.3708,345.11157,995.1677,995.27124,-1.296,0.259,1.612,0.057576,-0.079997,-0.041682,-0.994258,img_418.jpg
51841,1280,720,635.3708,345.11157,995.1677,995.27124,-1.243,0.269,1.636,0.052413,-0.074676,-0.033915,-0.995252,img_419.jpg
51924,1280,720,635.3708,345.11157,995.1677,995.27124,-1.211,0.274,1.645,0.049118,-0.074509,-0.026777,-0.995650,img_420.jpg
52008,1280,720,635.3708,345.11157,995.1677,995.27124,-1.161,0.274,1.653,0.051292,-0.076144,-0.019285,-0.995590,img_421.jpg
52090,1280,720,635.3708,345.11157,995.1677,995.27124,-1.128,0.273,1.654,0.053043,-0.078569,-0.019609,-0.995303,img_422.jpg
52176,1280,720,635.3708,345.11157,995.1677,995.27124,-1.085,0.272,1.651,0.063975,-0.087149,-0.019526,-0.993947,img_423.jpg,marker_12.jpg,0.28298354,0.28298354,-1.162,0.080,0.901,-0.706994,-0.085666,0.078369,0.078369
52260,1280,720,635.3708,345.11157,995.1677,995.27124,-1.060,0.272,1.653,0.062039,-0.099009,-0.016666,-0.993011,img_424.jpg
52343,1280,720,635.3708,345.11157,995.1677,995.27124,-1.033,0.271,1.655,0.062808,-0.111775,-0.018821,-0.991568,img_425.jpg
52441,1280,720,635.3708,345.11157,995.1677,995.27124,-1.014,0.269,1.654,0.068599,-0.118677,-0.019031,-0.990378,img_426.jpg
52525,1280,720,635.3708,345.11157,995.1677,995.27124,-1.003,0.269,1.657,0.068956,-0.123931,-0.016121,-0.989761,img_427.jpg
52602,1280,720,635.3708,345.11157,995.1677,995.27124,-0.993,0.267,1.660,0.067357,-0.123061,-0.013493,-0.990019,img_428.jpg
52692,1280,720,635.3708,345.11157,995.1677,995.27124,-0.986,0.267,1.661,0.064679,-0.119656,-0.008836,-0.990667,img_429.jpg,marker_12.jpg,0.2693765,0.2693765,-1.160,0.088,0.927,-0.700387,-0.069414,0.050085,0.050085
52770,1280,720,635.3708,345.11157,995.1677,995.27124,-0.983,0.269,1.663,0.067195,-0.117787,-0.005455,-0.990748,img_430.jpg
52860,1280,720,635.3708,345.11157,995.1677,995.27124,-0.985,0.269,1.666,0.064383,-0.118198,-0.010307,-0.990847,img_431.jpg
52933,1280,720,635.3708,345.11157,995.1677,995.27124,-0.986,0.267,1.668,0.066239,-0.118665,-0.010263,-0.990669,img_432.jpg
53025,1280,720,635.3708,345.11157,995.1677,995.27124,-0.986,0.265,1.668,0.067821,-0.119257,-0.009294,-0.990501,img_433.jpg
53099,1280,720,635.3708,345.11157,995.1677,995.27124,-0.985,0.262,1.669,0.067521,-0.117715,-0.009965,-0.990699,img_434.jpg
53190,1280,720,635.3708,345.11157,995.1677,995.27124,-0.983,0.260,1.669,0.067707,-0.116942,-0.005688,-0.990812,img_435.jpg
53266,1280,720,635.3708,345.11157,995.1677,995.27124,-0.982,0.258,1.672,0.070817,-0.119379,-0.007235,-0.990294,img_436.jpg
53360,1280,720,635.3708,345.11157,995.1677,995.27124,-0.982,0.259,1.675,0.066838,-0.119907,-0.010274,-0.990480,img_437.jpg,marker_12.jpg,0.27454522,0.27454522,-1.165,0.085,0.912,-0.704960,-0.063501,0.047570,0.047570
53439,1280,720,635.3708,345.11157,995.1677,995.27124,-0.983,0.259,1.680,0.066677,-0.119776,-0.010513,-0.990504,img_438.jpg
53525,1280,720,635.3708,345.11157,995.1677,995.27124,-0.983,0.258,1.681,0.067006,-0.118665,-0.010055,-0.990620,img_439.jpg
53603,1280,720,635.3708,345.11157,995.1677,995.27124,-0.982,0.259,1.683,0.067369,-0.121399,-0.009328,-0.990271,img_440.jpg
53692,1280,720,635.3708,345.11157,995.1677,995.27124,-0.982,0.259,1.684,0.065009,-0.122056,-0.009510,-0.990346,img_441.jpg
53767,1280,720,635.3708,345.11157,995.1677,995.27124,-0.982,0.258,1.686,0.063648,-0.121595,-0.012858,-0.990454,img_442.jpg
