time,sizeX,sizeY,p_x,p_y,f_x,f_y,pos_X,pos_Y,pos_Z,q_x,q_y,q_z,q_w,marker_ID,marker_x,marker_y,marker_z,marker_qx,marker_qy,marker_qz,marker_qw,marker_ID,marker_x,marker_y,marker_z,marker_qx,marker_qy,marker_qz,marker_qw,marker_ID,marker_x,marker_y,marker_z,marker_qx,marker_qy,marker_qz,marker_qw,
20881,1280,720,635.3708,345.11157,995.1677,995.27124,0.436,-0.143,0.930,0.055482,-0.051092,0.001788,-0.997150,img_1.jpg
20963,1280,720,635.3708,345.11157,995.1677,995.27124,0.436,-0.143,0.929,0.056662,-0.050924,0.001032,-0.997093,img_2.jpg
21037,1280,720,635.3708,345.11157,995.1677,995.27124,0.437,-0.142,0.930,0.052374,-0.051494,0.001605,-0.997298,img_3.jpg
21114,1280,720,635.3708,345.11157,995.1677,995.27124,0.438,-0.141,0.929,0.053484,-0.051379,0.001776,-0.997245,img_4.jpg
21197,1280,720,635.3708,345.11157,995.1677,995.27124,0.438,-0.141,0.927,0.052719,-0.051765,-0.000661,-0.997267,img_5.jpg,marker_1.jpg,0.26746,0.26746,0.361,-0.192,0.342,-0.702741,0.000473,0.000143,0.000143
21270,1280,720,635.3708,345.11157,995.1677,995.27124,0.440,-0.141,0.925,0.053303,-0.055246,-0.000506,-0.997049,img_6.jpg
21360,1280,720,635.3708,345.11157,995.1677,995.27124,0.444,-0.142,0.922,0.054178,-0.058841,-0.000687,-0.996796,img_7.jpg
21447,1280,720,635.3708,345.11157,995.1677,995.27124,0.446,-0.141,0.922,0.054244,-0.060973,-0.002400,-0.996662,img_8.jpg
21517,1280,720,635.3708,345.11157,995.1677,995.27124,0.451,-0.140,0.924,0.056187,-0.066400,-0.002873,-0.996206,img_9.jpg
21597,1280,720,635.3708,345.11157,995.1677,995.27124,0.452,-0.136,0.930,0.053721,-0.071115,-0.006013,-0.996002,img_10.jpg
21671,1280,720,635.3708,345.11157,995.1677,995.27124,0.454,-0.135,0.939,0.051821,-0.077992,-0.006957,-0.995582,img_11.jpg
21749,1280,720,635.3708,345.11157,995.1677,995.27124,0.461,-0.137,0.950,0.069058,-0.085941,-0.002576,-0.993901,img_12.jpg
21831,1280,720,635.3708,345.11157,995.1677,995.27124,0.469,-0.137,0.960,0.076227,-0.091485,-0.004000,-0.992877,img_13.jpg,marker_1.jpg,0.26671922,0.26671922,0.360,-0.192,0.341,-0.699000,0.000822,0.002885,0.002885
21902,1280,720,635.3708,345.11157,995.1677,995.27124,0.485,-0.136,0.971,0.076958,-0.085285,-0.007650,-0.993351,img_14.jpg
21980,1280,720,635.3708,345.11157,995.1677,995.27124,0.529,-0.134,0.985,0.082199,-0.078421,0.004221,-0.993517,img_15.jpg
22064,1280,720,635.3708,345.11157,995.1677,995.27124,0.568,-0.136,0.995,0.086416,-0.067963,0.014505,-0.993832,img_16.jpg
22138,1280,720,635.3708,345.11157,995.1677,995.27124,0.617,-0.141,1.004,0.092437,-0.061757,0.032237,-0.993279,img_17.jpg
22212,1280,720,635.3708,345.11157,995.1677,995.27124,0.698,-0.148,1.011,0.101172,-0.047919,0.041713,-0.992838,img_18.jpg
22297,1280,720,635.3708,345.11157,995.1677,995.27124,0.758,-0.150,1.015,0.104167,-0.044297,0.040969,-0.992728,img_19.jpg
22369,1280,720,635.3708,345.11157,995.1677,995.27124,0.823,-0.148,1.021,0.105633,-0.042588,0.040955,-0.992648,img_20.jpg
22446,1280,720,635.3708,345.11157,995.1677,995.27124,0.924,-0.139,1.031,0.116997,-0.034485,0.036515,-0.991861,img_21.jpg
22530,1280,720,635.3708,345.11157,995.1677,995.27124,0.995,-0.132,1.044,0.119254,-0.024009,0.031978,-0.992058,img_22.jpg
22614,1280,720,635.3708,345.11157,995.1677,995.27124,1.101,-0.125,1.057,0.133086,-0.007676,0.032393,-0.990545,img_23.jpg
22697,1280,720,635.3708,345.11157,995.1677,995.27124,1.168,-0.122,1.063,0.132938,0.012852,0.029031,-0.990616,img_24.jpg
22780,1280,720,635.3708,345.11157,995.1677,995.27124,1.265,-0.121,1.059,0.149490,0.038038,0.037936,-0.987303,img_25.jpg
22864,1280,720,635.3708,345.11157,995.1677,995.27124,1.329,-0.121,1.053,0.143954,0.054469,0.043445,-0.987129,img_26.jpg
22936,1280,720,635.3708,345.11157,995.1677,995.27124,1.392,-0.123,1.044,0.142031,0.072776,0.049133,-0.985960,img_27.jpg
23016,1280,720,635.3708,345.11157,995.1677,995.27124,1.485,-0.128,1.020,0.133248,0.098880,0.048839,-0.984928,img_28.jpg
23099,1280,720,635.3708,345.11157,995.1677,995.27124,1.544,-0.132,1.002,0.127695,0.117144,0.042767,-0.983942,img_29.jpg
23181,1280,720,635.3708,345.11157,995.1677,995.27124,1.639,-0.128,0.972,0.125113,0.147395,0.031826,-0.980616,img_30.jpg
23264,1280,720,635.3708,345.11157,995.1677,995.27124,1.701,-0.122,0.949,0.131101,0.165984,0.033839,-0.976789,img_31.jpg
23334,1280,720,635.3708,345.11157,995.1677,995.27124,1.763,-0.112,0.924,0.123821,0.184529,0.034440,-0.974388,img_32.jpg
23410,1280,720,635.3708,345.11157,995.1677,995.27124,1.823,-0.106,0.903,0.120971,0.202359,0.038518,-0.971048,img_33.jpg
23492,1280,720,635.3708,345.11157,995.1677,995.27124,1.900,-0.097,0.865,0.112797,0.228636,0.040723,-0.966097,img_34.jpg
23581,1280,720,635.3708,345.11157,995.1677,995.27124,1.990,-0.094,0.827,0.101579,0.259071,0.042321,-0.959569,img_35.jpg
23665,1280,720,635.3708,345.11157,995.1677,995.27124,2.050,-0.092,0.800,0.095148,0.281333,0.040798,-0.954009,img_36.jpg
23735,1280,720,635.3708,345.11157,995.1677,995.27124,2.116,-0.093,0.771,0.087950,0.301927,0.036774,-0.948553,img_37.jpg
23806,1280,720,635.3708,345.11157,995.1677,995.27124,2.208,-0.088,0.731,0.076280,0.328816,0.041915,-0.940375,img_38.jpg
23898,1280,720,635.3708,345.11157,995.1677,995.27124,2.271,-0.084,0.702,0.075847,0.349511,0.044136,-0.932814,img_39.jpg
23967,1280,720,635.3708,345.11157,995.1677,995.27124,2.325,-0.079,0.675,0.076423,0.372403,0.040778,-0.924020,img_40.jpg
24044,1280,720,635.3708,345.11157,995.1677,995.27124,2.401,-0.071,0.636,0.080711,0.406803,0.043171,-0.908919,img_41.jpg
24132,1280,720,635.3708,345.11157,995.1677,995.27124,2.449,-0.068,0.607,0.082446,0.435478,0.041146,-0.895471,img_42.jpg
24203,1280,720,635.3708,345.11157,995.1677,995.27124,2.498,-0.067,0.582,0.081077,0.459837,0.045564,-0.883120,img_43.jpg
24279,1280,720,635.3708,345.11157,995.1677,995.27124,2.564,-0.070,0.545,0.081026,0.497725,0.044612,-0.862389,img_44.jpg
24365,1280,720,635.3708,345.11157,995.1677,995.27124,2.608,-0.076,0.520,0.073756,0.522438,0.035752,-0.848729,img_45.jpg
24444,1280,720,635.3708,345.11157,995.1677,995.27124,2.669,-0.084,0.479,0.075963,0.550059,0.044741,-0.830459,img_46.jpg
24532,1280,720,635.3708,345.11157,995.1677,995.27124,2.701,-0.084,0.451,0.071833,0.568056,0.044277,-0.818652,img_47.jpg
24606,1280,720,635.3708,345.11157,995.1677,995.27124,2.739,-0.081,0.427,0.071278,0.583577,0.051254,-0.807299,img_48.jpg
24699,1280,720,635.3708,345.11157,995.1677,995.27124,2.774,-0.079,0.405,0.069735,0.606322,0.052557,-0.790411,img_49.jpg
24768,1280,720,635.3708,345.11157,995.1677,995.27124,2.796,-0.079,0.393,0.070228,0.616717,0.053589,-0.782212,img_50.jpg
24846,1280,720,635.3708,345.11157,995.1677,995.27124,2.827,-0.080,0.382,0.069867,0.629676,0.054509,-0.771787,img_51.jpg
24932,1280,720,635.3708,345.11157,995.1677,995.27124,2.860,-0.082,0.371,0.068168,0.634112,0.059447,-0.767933,img_52.jpg
25016,1280,720,635.3708,345.11157,995.1677,995.27124,2.890,-0.086,0.361,0.072600,0.640841,0.058699,-0.761976,img_53.jpg
25099,1280,720,635.3708,345.11157,995.1677,995.27124,2.904,-0.087,0.357,0.071003,0.643399,0.058340,-0.759996,img_54.jpg
25171,1280,720,635.3708,345.11157,995.1677,995.27124,2.920,-0.087,0.353,0.070277,0.644539,0.060406,-0.758934,img_55.jpg
25249,1280,720,635.3708,345.11157,995.1677,995.27124,2.932,-0.088,0.348,0.071308,0.645074,0.057679,-0.758596,img_56.jpg
25332,1280,720,635.3708,345.11157,995.1677,995.27124,2.941,-0.088,0.346,0.071635,0.645399,0.058175,-0.758251,img_57.jpg
25402,1280,720,635.3708,345.11157,995.1677,995.27124,2.949,-0.089,0.346,0.070632,0.645691,0.059992,-0.757955,img_58.jpg
25484,1280,720,635.3708,345.11157,995.1677,995.27124,2.956,-0.090,0.346,0.071786,0.645764,0.061209,-0.757687,img_59.jpg
25566,1280,720,635.3708,345.11157,995.1677,995.27124,2.961,-0.091,0.344,0.072808,0.645913,0.059356,-0.757610,img_60.jpg
25649,1280,720,635.3708,345.11157,995.1677,995.27124,2.963,-0.091,0.345,0.072005,0.644217,0.059672,-0.759104,img_61.jpg
25732,1280,720,635.3708,345.11157,995.1677,995.27124,2.964,-0.090,0.346,0.071308,0.643353,0.059878,-0.759886,img_62.jpg
25804,1280,720,635.3708,345.11157,995.1677,995.27124,2.966,-0.090,0.347,0.069854,0.643123,0.058538,-0.760320,img_63.jpg
25899,1280,720,635.3708,345.11157,995.1677,995.27124,2.965,-0.090,0.348,0.070126,0.643737,0.056979,-0.759894,img_64.jpg
25968,1280,720,635.3708,345.11157,995.1677,995.27124,2.968,-0.089,0.349,0.070047,0.644941,0.055677,-0.758976,img_65.jpg
26065,1280,720,635.3708,345.11157,995.1677,995.27124,2.969,-0.089,0.350,0.069668,0.645144,0.056220,-0.758798,img_66.jpg
26138,1280,720,635.3708,345.11157,995.1677,995.27124,2.970,-0.090,0.351,0.069266,0.645957,0.056980,-0.758086,img_67.jpg
26217,1280,720,635.3708,345.11157,995.1677,995.27124,2.972,-0.090,0.351,0.069319,0.646792,0.057496,-0.757330,img_68.jpg
26299,1280,720,635.3708,345.11157,995.1677,995.27124,2.970,-0.090,0.350,0.070258,0.647071,0.057548,-0.757002,img_69.jpg
26373,1280,720,635.3708,345.11157,995.1677,995.27124,2.970,-0.090,0.350,0.070134,0.648146,0.058595,-0.756012,img_70.jpg
26465,1280,720,635.3708,345.11157,995.1677,995.27124,2.969,-0.089,0.350,0.068766,0.648343,0.058278,-0.755993,img_71.jpg
26543,1280,720,635.3708,345.11157,995.1677,995.27124,2.969,-0.088,0.349,0.067349,0.648974,0.058713,-0.755546,img_72.jpg
26634,1280,720,635.3708,345.11157,995.1677,995.27124,2.969,-0.087,0.349,0.067051,0.649516,0.057849,-0.755173,img_73.jpg
26710,1280,720,635.3708,345.11157,995.1677,995.27124,2.967,-0.087,0.348,0.068340,0.648688,0.057762,-0.755776,img_74.jpg
26799,1280,720,635.3708,345.11157,995.1677,995.27124,2.967,-0.087,0.348,0.067838,0.648396,0.057399,-0.756100,img_75.jpg
26876,1280,720,635.3708,345.11157,995.1677,995.27124,2.966,-0.087,0.347,0.068460,0.648148,0.057354,-0.756259,img_76.jpg
26966,1280,720,635.3708,345.11157,995.1677,995.27124,2.966,-0.086,0.347,0.067392,0.648515,0.058739,-0.755934,img_77.jpg
27049,1280,720,635.3708,345.11157,995.1677,995.27124,2.965,-0.085,0.347,0.065889,0.648847,0.058349,-0.755812,img_78.jpg
27132,1280,720,635.3708,345.11157,995.1677,995.27124,2.964,-0.084,0.347,0.065252,0.648700,0.058269,-0.756000,img_79.jpg
27202,1280,720,635.3708,345.11157,995.1677,995.27124,2.962,-0.083,0.346,0.063820,0.648102,0.057447,-0.756697,img_80.jpg
27300,1280,720,635.3708,345.11157,995.1677,995.27124,2.960,-0.083,0.346,0.063752,0.648043,0.057728,-0.756732,img_81.jpg,marker_3.jpg,0.26235706,0.26235706,3.546,-0.196,0.247,-0.543847,0.464860,-0.466051,-0.466051
27383,1280,720,635.3708,345.11157,995.1677,995.27124,2.958,-0.083,0.345,0.063851,0.648325,0.057526,-0.756498,img_82.jpg
27466,1280,720,635.3708,345.11157,995.1677,995.27124,2.957,-0.083,0.343,0.064848,0.648465,0.058302,-0.756234,img_83.jpg
27538,1280,720,635.3708,345.11157,995.1677,995.27124,2.955,-0.085,0.340,0.065030,0.650146,0.059882,-0.754649,img_84.jpg
27618,1280,720,635.3708,345.11157,995.1677,995.27124,2.955,-0.087,0.335,0.069096,0.655915,0.064664,-0.748880,img_85.jpg
27696,1280,720,635.3708,345.11157,995.1677,995.27124,2.956,-0.089,0.330,0.074103,0.658238,0.068209,-0.746042,img_86.jpg
27769,1280,720,635.3708,345.11157,995.1677,995.27124,2.956,-0.091,0.322,0.079000,0.656644,0.068363,-0.746929,img_87.jpg,marker_3.jpg,0.26788357,0.26788357,3.561,-0.199,0.244,-0.541007,0.469046,-0.452414,-0.452414
27850,1280,720,635.3708,345.11157,995.1677,995.27124,2.957,-0.092,0.319,0.078773,0.655029,0.070296,-0.748192,img_88.jpg
27925,1280,720,635.3708,345.11157,995.1677,995.27124,2.958,-0.093,0.319,0.077192,0.651656,0.076775,-0.750661,img_89.jpg
28000,1280,720,635.3708,345.11157,995.1677,995.27124,2.959,-0.095,0.326,0.076595,0.650491,0.084992,-0.750847,img_90.jpg
28084,1280,720,635.3708,345.11157,995.1677,995.27124,2.959,-0.102,0.345,0.084261,0.664530,0.073537,-0.738846,img_91.jpg
28167,1280,720,635.3708,345.11157,995.1677,995.27124,2.961,-0.106,0.370,0.097163,0.664865,0.086065,-0.735600,img_92.jpg
28245,1280,720,635.3708,345.11157,995.1677,995.27124,2.959,-0.111,0.420,0.101360,0.667989,0.089962,-0.731727,img_93.jpg
28335,1280,720,635.3708,345.11157,995.1677,995.27124,2.955,-0.112,0.464,0.097146,0.669342,0.092600,-0.730732,img_94.jpg
28405,1280,720,635.3708,345.11157,995.1677,995.27124,2.953,-0.113,0.513,0.094399,0.665255,0.103528,-0.733353,img_95.jpg
28486,1280,720,635.3708,345.11157,995.1677,995.27124,2.950,-0.114,0.599,0.098672,0.671029,0.105180,-0.727270,img_96.jpg
28566,1280,720,635.3708,345.11157,995.1677,995.27124,2.950,-0.113,0.665,0.097557,0.672784,0.113475,-0.724546,img_97.jpg
28644,1280,720,635.3708,345.11157,995.1677,995.27124,2.957,-0.109,0.769,0.099934,0.666531,0.126092,-0.727909,img_98.jpg
28734,1280,720,635.3708,345.11157,995.1677,995.27124,2.960,-0.105,0.840,0.096013,0.663372,0.128245,-0.730940,img_99.jpg
28810,1280,720,635.3708,345.11157,995.1677,995.27124,2.967,-0.100,0.939,0.100783,0.663948,0.124112,-0.730488,img_100.jpg
28901,1280,720,635.3708,345.11157,995.1677,995.27124,2.975,-0.097,1.001,0.103921,0.672429,0.124867,-0.722113,img_101.jpg
28978,1280,720,635.3708,345.11157,995.1677,995.27124,2.988,-0.092,1.098,0.092054,0.683463,0.123822,-0.713493,img_102.jpg
29066,1280,720,635.3708,345.11157,995.1677,995.27124,3.001,-0.093,1.162,0.087770,0.692260,0.121463,-0.705917,img_103.jpg
29143,1280,720,635.3708,345.11157,995.1677,995.27124,3.025,-0.098,1.256,0.085249,0.707344,0.107608,-0.693410,img_104.jpg
29234,1280,720,635.3708,345.11157,995.1677,995.27124,3.044,-0.102,1.323,0.083443,0.715045,0.104784,-0.686126,img_105.jpg
29303,1280,720,635.3708,345.11157,995.1677,995.27124,3.074,-0.100,1.422,0.083573,0.723121,0.104179,-0.677685,img_106.jpg
29401,1280,720,635.3708,345.11157,995.1677,995.27124,3.094,-0.093,1.488,0.083487,0.719146,0.116897,-0.679849,img_107.jpg
29476,1280,720,635.3708,345.11157,995.1677,995.27124,3.114,-0.083,1.589,0.075156,0.732535,0.118536,-0.666103,img_108.jpg
29568,1280,720,635.3708,345.11157,995.1677,995.27124,3.132,-0.078,1.696,0.059820,0.747400,0.117980,-0.651072,img_109.jpg
29651,1280,720,635.3708,345.11157,995.1677,995.27124,3.142,-0.081,1.770,0.048207,0.755443,0.116241,-0.643017,img_110.jpg
29739,1280,720,635.3708,345.11157,995.1677,995.27124,3.149,-0.087,1.847,0.044432,0.760238,0.117514,-0.637381,img_111.jpg
29815,1280,720,635.3708,345.11157,995.1677,995.27124,3.161,-0.092,1.968,0.051606,0.769821,0.105346,-0.627387,img_112.jpg
29919,1280,720,635.3708,345.11157,995.1677,995.27124,3.168,-0.086,2.091,0.059081,0.769808,0.107564,-0.626367,img_113.jpg
29993,1280,720,635.3708,345.11157,995.1677,995.27124,3.177,-0.081,2.171,0.065637,0.765488,0.116847,-0.629338,img_114.jpg
30077,1280,720,635.3708,345.11157,995.1677,995.27124,3.188,-0.077,2.283,0.070176,0.766952,0.113030,-0.627761,img_115.jpg
30167,1280,720,635.3708,345.11157,995.1677,995.27124,3.206,-0.078,2.392,0.068537,0.763064,0.128439,-0.629714,img_116.jpg
30252,1280,720,635.3708,345.11157,995.1677,995.27124,3.220,-0.085,2.463,0.076320,0.767809,0.122531,-0.624204,img_117.jpg
30336,1280,720,635.3708,345.11157,995.1677,995.27124,3.236,-0.092,2.530,0.077661,0.767808,0.119212,-0.624682,img_118.jpg
30434,1280,720,635.3708,345.11157,995.1677,995.27124,3.269,-0.103,2.667,0.079155,0.766923,0.102700,-0.628503,img_119.jpg
30519,1280,720,635.3708,345.11157,995.1677,995.27124,3.288,-0.107,2.734,0.084805,0.770705,0.086732,-0.625539,img_120.jpg
30594,1280,720,635.3708,345.11157,995.1677,995.27124,3.309,-0.107,2.789,0.098791,0.775431,0.084497,-0.617905,img_121.jpg
30664,1280,720,635.3708,345.11157,995.1677,995.27124,3.329,-0.103,2.853,0.103337,0.779460,0.084444,-0.612072,img_122.jpg
30744,1280,720,635.3708,345.11157,995.1677,995.27124,3.360,-0.096,2.941,0.098722,0.773988,0.093665,-0.618404,img_123.jpg
30835,1280,720,635.3708,345.11157,995.1677,995.27124,3.396,-0.092,3.029,0.080191,0.760714,0.085127,-0.638465,img_124.jpg
30920,1280,720,635.3708,345.11157,995.1677,995.27124,3.419,-0.097,3.084,0.076744,0.754106,0.080808,-0.647229,img_125.jpg
30997,1280,720,635.3708,345.11157,995.1677,995.27124,3.444,-0.101,3.132,0.080498,0.746122,0.075750,-0.656570,img_126.jpg
31086,1280,720,635.3708,345.11157,995.1677,995.27124,3.482,-0.101,3.209,0.076566,0.730989,0.064268,-0.675028,img_127.jpg
31160,1280,720,635.3708,345.11157,995.1677,995.27124,3.508,-0.098,3.254,0.079597,0.720875,0.059530,-0.685900,img_128.jpg
31233,1280,720,635.3708,345.11157,995.1677,995.27124,3.543,-0.089,3.307,0.077665,0.709755,0.056689,-0.697855,img_129.jpg
31320,1280,720,635.3708,345.11157,995.1677,995.27124,3.562,-0.083,3.332,0.071979,0.695435,0.052131,-0.713072,img_130.jpg
31397,1280,720,635.3708,345.11157,995.1677,995.27124,3.586,-0.077,3.359,0.068079,0.686136,0.052990,-0.722340,img_131.jpg,marker_4.jpg,0.26595375,0.26595375,4.310,-0.174,3.335,-0.529387,0.462895,-0.458893,-0.458893
31473,1280,720,635.3708,345.11157,995.1677,995.27124,3.614,-0.074,3.385,0.064870,0.671069,0.050870,-0.736797,img_132.jpg
31567,1280,720,635.3708,345.11157,995.1677,995.27124,3.638,-0.075,3.406,0.063752,0.663292,0.038217,-0.744661,img_133.jpg
31652,1280,720,635.3708,345.11157,995.1677,995.27124,3.654,-0.076,3.416,0.063496,0.659717,0.041584,-0.747672,img_134.jpg
31736,1280,720,635.3708,345.11157,995.1677,995.27124,3.677,-0.076,3.426,0.063009,0.650944,0.042597,-0.755307,img_135.jpg
31819,1280,720,635.3708,345.11157,995.1677,995.27124,3.690,-0.077,3.431,0.065550,0.646445,0.041146,-0.759025,img_136.jpg
31891,1280,720,635.3708,345.11157,995.1677,995.27124,3.702,-0.077,3.439,0.064133,0.639156,0.048398,-0.764869,img_137.jpg
31971,1280,720,635.3708,345.11157,995.1677,995.27124,3.718,-0.081,3.464,0.062834,0.645361,0.056780,-0.759169,img_138.jpg
32052,1280,720,635.3708,345.11157,995.1677,995.27124,3.730,-0.087,3.492,0.062807,0.658382,0.069428,-0.746838,img_139.jpg,marker_4.jpg,0.275469,0.275469,4.327,-0.178,3.333,-0.534045,0.460682,-0.456033,-0.456033
32135,1280,720,635.3708,345.11157,995.1677,995.27124,3.743,-0.095,3.532,0.064029,0.672067,0.084036,-0.732915,img_140.jpg
32209,1280,720,635.3708,345.11157,995.1677,995.27124,3.752,-0.101,3.595,0.065652,0.694866,0.091643,-0.710248,img_141.jpg
32302,1280,720,635.3708,345.11157,995.1677,995.27124,3.750,-0.104,3.672,0.054717,0.718833,0.096630,-0.686257,img_142.jpg
32385,1280,720,635.3708,345.11157,995.1677,995.27124,3.746,-0.108,3.730,0.049768,0.733998,0.101296,-0.669709,img_143.jpg
32458,1280,720,635.3708,345.11157,995.1677,995.27124,3.739,-0.110,3.791,0.048103,0.749708,0.095253,-0.653108,img_144.jpg
32536,1280,720,635.3708,345.11157,995.1677,995.27124,3.727,-0.112,3.887,0.054061,0.768514,0.088882,-0.631320,img_145.jpg
32620,1280,720,635.3708,345.11157,995.1677,995.27124,3.720,-0.111,3.952,0.053124,0.776010,0.102628,-0.620043,img_146.jpg
32702,1280,720,635.3708,345.11157,995.1677,995.27124,3.708,-0.107,4.038,0.063819,0.793086,0.096987,-0.597942,img_147.jpg
32785,1280,720,635.3708,345.11157,995.1677,995.27124,3.706,-0.105,4.095,0.064071,0.802336,0.110693,-0.583009,img_148.jpg
32861,1280,720,635.3708,345.11157,995.1677,995.27124,3.704,-0.104,4.150,0.062231,0.814807,0.117597,-0.564258,img_149.jpg
32932,1280,720,635.3708,345.11157,995.1677,995.27124,3.699,-0.103,4.202,0.060049,0.827328,0.123143,-0.544755,img_150.jpg
33005,1280,720,635.3708,345.11157,995.1677,995.27124,3.700,-0.110,4.284,0.057974,0.844278,0.135570,-0.515223,img_151.jpg
33106,1280,720,635.3708,345.11157,995.1677,995.27124,3.705,-0.122,4.369,0.051185,0.858510,0.147154,-0.488556,img_152.jpg
33186,1280,720,635.3708,345.11157,995.1677,995.27124,3.711,-0.131,4.425,0.048696,0.867356,0.153809,-0.470813,img_153.jpg
33263,1280,720,635.3708,345.11157,995.1677,995.27124,3.718,-0.138,4.474,0.053460,0.878425,0.148692,-0.451001,img_154.jpg
33340,1280,720,635.3708,345.11157,995.1677,995.27124,3.729,-0.145,4.552,0.048588,0.891181,0.166114,-0.419335,img_155.jpg
33441,1280,720,635.3708,345.11157,995.1677,995.27124,3.739,-0.151,4.592,0.049496,0.899689,0.179432,-0.394860,img_156.jpg
33529,1280,720,635.3708,345.11157,995.1677,995.27124,3.732,-0.163,4.664,0.046133,0.911351,0.208042,-0.352178,img_157.jpg
33619,1280,720,635.3708,345.11157,995.1677,995.27124,3.705,-0.180,4.731,0.036303,0.923957,0.235039,-0.299571,img_158.jpg
33703,1280,720,635.3708,345.11157,995.1677,995.27124,3.660,-0.192,4.788,0.021683,0.935476,0.251178,-0.247637,img_159.jpg
33785,1280,720,635.3708,345.11157,995.1677,995.27124,3.624,-0.203,4.822,0.012500,0.942504,0.257671,-0.212454,img_160.jpg
33864,1280,720,635.3708,345.11157,995.1677,995.27124,3.582,-0.207,4.850,0.005360,0.948502,0.261501,-0.178697,img_161.jpg
33944,1280,720,635.3708,345.11157,995.1677,995.27124,3.512,-0.210,4.885,-0.011270,0.956451,0.257892,-0.136258,img_162.jpg
34037,1280,720,635.3708,345.11157,995.1677,995.27124,3.432,-0.208,4.905,-0.023149,0.963107,0.249898,-0.097157,img_163.jpg
34121,1280,720,635.3708,345.11157,995.1677,995.27124,3.375,-0.207,4.925,-0.028635,0.966546,0.242422,-0.078742,img_164.jpg
34195,1280,720,635.3708,345.11157,995.1677,995.27124,3.313,-0.205,4.940,-0.022996,0.970705,0.230698,-0.063091,img_165.jpg
34271,1280,720,635.3708,345.11157,995.1677,995.27124,3.215,-0.200,4.963,-0.026443,0.973543,0.222396,-0.045324,img_166.jpg
34351,1280,720,635.3708,345.11157,995.1677,995.27124,3.146,-0.192,4.976,-0.025738,0.974834,0.219066,-0.032351,img_167.jpg
34426,1280,720,635.3708,345.11157,995.1677,995.27124,3.086,-0.186,4.988,-0.014574,0.976735,0.213510,-0.013759,img_168.jpg
34499,1280,720,635.3708,345.11157,995.1677,995.27124,3.006,-0.178,5.011,-0.009560,0.979532,0.201046,0.002394,img_169.jpg
34588,1280,720,635.3708,345.11157,995.1677,995.27124,2.954,-0.169,5.026,-0.006611,0.981843,0.188414,0.020983,img_170.jpg
34671,1280,720,635.3708,345.11157,995.1677,995.27124,2.920,-0.158,5.038,-0.011114,0.983214,0.179648,0.029882,img_171.jpg
34748,1280,720,635.3708,345.11157,995.1677,995.27124,2.854,-0.143,5.066,-0.013742,0.986680,0.157501,0.038317,img_172.jpg
34837,1280,720,635.3708,345.11157,995.1677,995.27124,2.814,-0.131,5.099,-0.015326,0.989731,0.136264,0.040367,img_173.jpg
34920,1280,720,635.3708,345.11157,995.1677,995.27124,2.791,-0.118,5.124,-0.011426,0.991760,0.120701,0.041380,img_174.jpg
34989,1280,720,635.3708,345.11157,995.1677,995.27124,2.768,-0.104,5.145,0.000122,0.994127,0.098997,0.043716,img_175.jpg
35067,1280,720,635.3708,345.11157,995.1677,995.27124,2.738,-0.089,5.182,0.007189,0.995455,0.082921,0.046286,img_176.jpg
35152,1280,720,635.3708,345.11157,995.1677,995.27124,2.722,-0.077,5.201,0.013733,0.996894,0.062577,0.045807,img_177.jpg
35228,1280,720,635.3708,345.11157,995.1677,995.27124,2.713,-0.069,5.219,0.012992,0.997693,0.052831,0.040613,img_178.jpg
35301,1280,720,635.3708,345.11157,995.1677,995.27124,2.696,-0.054,5.245,0.009569,0.998747,0.041433,0.026382,img_179.jpg
35386,1280,720,635.3708,345.11157,995.1677,995.27124,2.690,-0.048,5.258,0.008594,0.999321,0.033924,0.011511,img_180.jpg
35461,1280,720,635.3708,345.11157,995.1677,995.27124,2.674,-0.043,5.281,0.004405,0.999501,0.030831,-0.005287,img_181.jpg
35536,1280,720,635.3708,345.11157,995.1677,995.27124,2.667,-0.041,5.296,0.004620,0.999439,0.030519,-0.012974,img_182.jpg
35622,1280,720,635.3708,345.11157,995.1677,995.27124,2.666,-0.040,5.304,0.008270,0.999348,0.028606,-0.020394,img_183.jpg,marker_6.jpg,0.26218006,0.26218006,2.690,-0.222,5.963,-0.030067,0.695470,-0.716254,-0.716254
35697,1280,720,635.3708,345.11157,995.1677,995.27124,2.652,-0.040,5.310,0.007287,0.999000,0.031897,-0.030466,img_184.jpg
35786,1280,720,635.3708,345.11157,995.1677,995.27124,2.649,-0.038,5.316,0.007697,0.998802,0.032561,-0.035701,img_185.jpg
35861,1280,720,635.3708,345.11157,995.1677,995.27124,2.638,-0.037,5.319,0.005660,0.998567,0.032472,-0.042151,img_186.jpg
35937,1280,720,635.3708,345.11157,995.1677,995.27124,2.632,-0.036,5.320,0.004299,0.998444,0.031554,-0.045773,img_187.jpg
36023,1280,720,635.3708,345.11157,995.1677,995.27124,2.630,-0.035,5.321,0.005816,0.998337,0.031167,-0.048155,img_188.jpg
36100,1280,720,635.3708,345.11157,995.1677,995.27124,2.623,-0.033,5.318,0.005621,0.998082,0.031983,-0.052699,img_189.jpg
36187,1280,720,635.3708,345.11157,995.1677,995.27124,2.619,-0.032,5.317,0.003989,0.998039,0.032872,-0.053114,img_190.jpg
36268,1280,720,635.3708,345.11157,995.1677,995.27124,2.603,-0.040,5.315,-0.002168,0.997266,0.048316,-0.055878,img_191.jpg,marker_6.jpg,0.26606253,0.26606253,2.696,-0.217,5.972,-0.053198,0.712440,-0.696609,-0.696609
36353,1280,720,635.3708,345.11157,995.1677,995.27124,2.585,-0.049,5.310,0.000538,0.996455,0.059330,-0.059644,img_192.jpg
36423,1280,720,635.3708,345.11157,995.1677,995.27124,2.557,-0.056,5.300,-0.011880,0.994859,0.069992,-0.072220,img_193.jpg
36500,1280,720,635.3708,345.11157,995.1677,995.27124,2.504,-0.066,5.276,-0.020932,0.993992,0.068929,-0.082411,img_194.jpg
36587,1280,720,635.3708,345.11157,995.1677,995.27124,2.457,-0.075,5.257,-0.026132,0.993793,0.067537,-0.084451,img_195.jpg
36664,1280,720,635.3708,345.11157,995.1677,995.27124,2.370,-0.086,5.223,-0.023140,0.994543,0.067977,-0.075690,img_196.jpg
36753,1280,720,635.3708,345.11157,995.1677,995.27124,2.304,-0.093,5.205,-0.025028,0.994198,0.080188,-0.067184,img_197.jpg
36838,1280,720,635.3708,345.11157,995.1677,995.27124,2.205,-0.100,5.177,-0.017932,0.993707,0.098608,-0.050016,img_198.jpg
36922,1280,720,635.3708,345.11157,995.1677,995.27124,2.138,-0.107,5.163,-0.014040,0.992811,0.114495,-0.031957,img_199.jpg
37000,1280,720,635.3708,345.11157,995.1677,995.27124,2.035,-0.121,5.157,-0.024113,0.988876,0.146638,0.006362,img_200.jpg
37087,1280,720,635.3708,345.11157,995.1677,995.27124,1.968,-0.134,5.150,-0.030280,0.986873,0.155861,0.029531,img_201.jpg
37154,1280,720,635.3708,345.11157,995.1677,995.27124,1.899,-0.146,5.148,-0.032188,0.984583,0.162480,0.056229,img_202.jpg
37233,1280,720,635.3708,345.11157,995.1677,995.27124,1.791,-0.166,5.151,-0.037637,0.980404,0.169965,0.092217,img_203.jpg
37320,1280,720,635.3708,345.11157,995.1677,995.27124,1.718,-0.176,5.156,-0.032755,0.977712,0.173140,0.114147,img_204.jpg
37402,1280,720,635.3708,345.11157,995.1677,995.27124,1.609,-0.185,5.169,-0.022409,0.973418,0.179391,0.140622,img_205.jpg
37488,1280,720,635.3708,345.11157,995.1677,995.27124,1.549,-0.178,5.194,-0.021859,0.967170,0.195442,0.160954,img_206.jpg
37567,1280,720,635.3708,345.11157,995.1677,995.27124,1.437,-0.181,5.223,-0.032509,0.958184,0.214671,0.186395,img_207.jpg
37652,1280,720,635.3708,345.11157,995.1677,995.27124,1.365,-0.188,5.239,-0.042830,0.947311,0.235603,0.212739,img_208.jpg
37727,1280,720,635.3708,345.11157,995.1677,995.27124,1.289,-0.198,5.254,-0.056344,0.941825,0.242755,0.225525,img_209.jpg
37803,1280,720,635.3708,345.11157,995.1677,995.27124,1.183,-0.216,5.277,-0.079861,0.935839,0.250507,0.234677,img_210.jpg
37886,1280,720,635.3708,345.11157,995.1677,995.27124,1.109,-0.229,5.292,-0.086851,0.933220,0.254194,0.238629,img_211.jpg
37970,1280,720,635.3708,345.11157,995.1677,995.27124,0.998,-0.236,5.309,-0.080116,0.932557,0.255575,0.242074,img_212.jpg
38056,1280,720,635.3708,345.11157,995.1677,995.27124,0.931,-0.231,5.320,-0.084724,0.932870,0.259137,0.235422,img_213.jpg
38130,1280,720,635.3708,345.11157,995.1677,995.27124,0.825,-0.221,5.333,-0.069297,0.930552,0.263697,0.244408,img_214.jpg
38204,1280,720,635.3708,345.11157,995.1677,995.27124,0.752,-0.212,5.338,-0.070401,0.930225,0.259858,0.249399,img_215.jpg
38287,1280,720,635.3708,345.11157,995.1677,995.27124,0.680,-0.210,5.353,-0.083249,0.925556,0.266889,0.255315,img_216.jpg
38356,1280,720,635.3708,345.11157,995.1677,995.27124,0.611,-0.213,5.367,-0.093233,0.924407,0.272860,0.249654,img_217.jpg
38432,1280,720,635.3708,345.11157,995.1677,995.27124,0.511,-0.225,5.393,-0.079449,0.923879,0.279324,0.249225,img_218.jpg
38522,1280,720,635.3708,345.11157,995.1677,995.27124,0.452,-0.234,5.411,-0.072979,0.924026,0.280978,0.248802,img_219.jpg
38604,1280,720,635.3708,345.11157,995.1677,995.27124,0.355,-0.241,5.441,-0.055365,0.927542,0.273013,0.249127,img_220.jpg
38687,1280,720,635.3708,345.11157,995.1677,995.27124,0.283,-0.243,5.464,-0.048742,0.921031,0.285155,0.260791,img_221.jpg
38760,1280,720,635.3708,345.11157,995.1677,995.27124,0.176,-0.234,5.489,-0.067133,0.914156,0.290699,0.274420,img_222.jpg
38837,1280,720,635.3708,345.11157,995.1677,995.27124,0.104,-0.228,5.504,-0.081596,0.909874,0.291239,0.283993,img_223.jpg
38922,1280,720,635.3708,345.11157,995.1677,995.27124,0.043,-0.222,5.513,-0.082836,0.909913,0.280034,0.294579,img_224.jpg
39004,1280,720,635.3708,345.11157,995.1677,995.27124,-0.059,-0.224,5.536,-0.089146,0.910788,0.273302,0.296353,img_225.jpg
39087,1280,720,635.3708,345.11157,995.1677,995.27124,-0.129,-0.227,5.548,-0.086270,0.912295,0.271129,0.294558,img_226.jpg
39169,1280,720,635.3708,345.11157,995.1677,995.27124,-0.234,-0.226,5.564,-0.076878,0.915646,0.269998,0.287721,img_227.jpg
39256,1280,720,635.3708,345.11157,995.1677,995.27124,-0.305,-0.225,5.578,-0.075285,0.919074,0.271463,0.275577,img_228.jpg
39330,1280,720,635.3708,345.11157,995.1677,995.27124,-0.373,-0.218,5.589,-0.065340,0.918652,0.278802,0.272173,img_229.jpg
39406,1280,720,635.3708,345.11157,995.1677,995.27124,-0.468,-0.209,5.608,-0.061742,0.923643,0.277241,0.257310,img_230.jpg
39505,1280,720,635.3708,345.11157,995.1677,995.27124,-0.552,-0.201,5.637,-0.069497,0.927483,0.284075,0.232911,img_231.jpg
39588,1280,720,635.3708,345.11157,995.1677,995.27124,-0.603,-0.197,5.658,-0.058649,0.934175,0.277685,0.216260,img_232.jpg
39665,1280,720,635.3708,345.11157,995.1677,995.27124,-0.684,-0.193,5.694,-0.038219,0.945530,0.260883,0.190924,img_233.jpg
39753,1280,720,635.3708,345.11157,995.1677,995.27124,-0.736,-0.190,5.722,-0.023618,0.953304,0.244895,0.175157,img_234.jpg
39829,1280,720,635.3708,345.11157,995.1677,995.27124,-0.811,-0.179,5.769,-0.007992,0.965480,0.221603,0.136664,img_235.jpg
39922,1280,720,635.3708,345.11157,995.1677,995.27124,-0.852,-0.159,5.801,-0.006407,0.973321,0.198756,0.114459,img_236.jpg
39996,1280,720,635.3708,345.11157,995.1677,995.27124,-0.911,-0.125,5.839,0.001638,0.981450,0.165033,0.097552,img_237.jpg
40087,1280,720,635.3708,345.11157,995.1677,995.27124,-0.953,-0.103,5.861,0.001087,0.987409,0.136988,0.079101,img_238.jpg
40164,1280,720,635.3708,345.11157,995.1677,995.27124,-1.014,-0.081,5.898,0.011086,0.992772,0.106260,0.054681,img_239.jpg
40254,1280,720,635.3708,345.11157,995.1677,995.27124,-1.052,-0.065,5.920,0.018023,0.995556,0.085357,0.035451,img_240.jpg
40327,1280,720,635.3708,345.11157,995.1677,995.27124,-1.103,-0.049,5.947,0.034438,0.997791,0.056404,0.006726,img_241.jpg
40406,1280,720,635.3708,345.11157,995.1677,995.27124,-1.138,-0.038,5.967,0.031604,0.998292,0.045779,-0.017848,img_242.jpg
40487,1280,720,635.3708,345.11157,995.1677,995.27124,-1.177,-0.025,5.985,0.027131,0.997995,0.049254,-0.029042,img_243.jpg
40567,1280,720,635.3708,345.11157,995.1677,995.27124,-1.225,-0.022,6.000,0.022831,0.997292,0.046430,-0.052258,img_244.jpg
40653,1280,720,635.3708,345.11157,995.1677,995.27124,-1.250,-0.020,6.010,0.019022,0.996300,0.043980,-0.071343,img_245.jpg
40728,1280,720,635.3708,345.11157,995.1677,995.27124,-1.275,-0.014,6.021,0.005986,0.994842,0.047312,-0.089525,img_246.jpg
40806,1280,720,635.3708,345.11157,995.1677,995.27124,-1.286,-0.015,6.031,0.007661,0.994322,0.042954,-0.097058,img_247.jpg
40888,1280,720,635.3708,345.11157,995.1677,995.27124,-1.296,-0.016,6.037,0.010650,0.994160,0.040800,-0.099339,img_248.jpg
40965,1280,720,635.3708,345.11157,995.1677,995.27124,-1.310,-0.017,6.048,0.005761,0.993437,0.045346,-0.104852,img_249.jpg,marker_7.png,0.26610172,0.26610172,-1.184,-0.176,6.669,-0.053524,0.715140,-0.693992,-0.693992
41053,1280,720,635.3708,345.11157,995.1677,995.27124,-1.314,-0.017,6.052,0.008502,0.992671,0.047540,-0.110781,img_250.jpg
41130,1280,720,635.3708,345.11157,995.1677,995.27124,-1.320,-0.017,6.057,0.010425,0.992328,0.045052,-0.114660,img_251.jpg
41223,1280,720,635.3708,345.11157,995.1677,995.27124,-1.322,-0.018,6.060,0.006703,0.992075,0.046593,-0.116499,img_252.jpg
41298,1280,720,635.3708,345.11157,995.1677,995.27124,-1.323,-0.017,6.061,0.009237,0.991903,0.045427,-0.118238,img_253.jpg
41389,1280,720,635.3708,345.11157,995.1677,995.27124,-1.326,-0.016,6.064,0.007979,0.992061,0.044919,-0.117187,img_254.jpg
41466,1280,720,635.3708,345.11157,995.1677,995.27124,-1.328,-0.015,6.065,0.010882,0.992235,0.043879,-0.115873,img_255.jpg,marker_7.png,0.26629475,0.26629475,-1.184,-0.177,6.669,-0.062315,0.712526,-0.695251,-0.695251
41555,1280,720,635.3708,345.11157,995.1677,995.27124,-1.334,-0.018,6.066,0.006766,0.992008,0.050609,-0.115380,img_256.jpg
41634,1280,720,635.3708,345.11157,995.1677,995.27124,-1.351,-0.038,6.069,-0.004397,0.991879,0.077946,-0.100405,img_257.jpg
41723,1280,720,635.3708,345.11157,995.1677,995.27124,-1.371,-0.061,6.072,-0.007817,0.992691,0.099929,-0.067222,img_258.jpg
41795,1280,720,635.3708,345.11157,995.1677,995.27124,-1.420,-0.092,6.082,-0.015983,0.989860,0.141018,0.005938,img_259.jpg
41888,1280,720,635.3708,345.11157,995.1677,995.27124,-1.456,-0.110,6.086,-0.022473,0.983963,0.167186,0.057968,img_260.jpg
41958,1280,720,635.3708,345.11157,995.1677,995.27124,-1.515,-0.126,6.082,-0.022821,0.973012,0.184261,0.137021,img_261.jpg
42038,1280,720,635.3708,345.11157,995.1677,995.27124,-1.561,-0.129,6.077,-0.034273,0.964323,0.187752,0.183453,img_262.jpg
42123,1280,720,635.3708,345.11157,995.1677,995.27124,-1.614,-0.131,6.067,-0.047878,0.953468,0.184840,0.233326,img_263.jpg
42199,1280,720,635.3708,345.11157,995.1677,995.27124,-1.694,-0.129,6.051,-0.054705,0.935747,0.179810,0.298419,img_264.jpg
42289,1280,720,635.3708,345.11157,995.1677,995.27124,-1.751,-0.123,6.037,-0.056581,0.925895,0.167745,0.333735,img_265.jpg
42369,1280,720,635.3708,345.11157,995.1677,995.27124,-1.834,-0.104,6.009,-0.043058,0.912756,0.134955,0.383157,img_266.jpg
42455,1280,720,635.3708,345.11157,995.1677,995.27124,-1.884,-0.090,5.989,-0.042315,0.903986,0.121132,0.407856,img_267.jpg
42533,1280,720,635.3708,345.11157,995.1677,995.27124,-1.966,-0.073,5.957,-0.042111,0.888357,0.106982,0.444526,img_268.jpg
42625,1280,720,635.3708,345.11157,995.1677,995.27124,-2.017,-0.065,5.943,0.032753,-0.875026,-0.101750,-0.472127,img_269.jpg
42711,1280,720,635.3708,345.11157,995.1677,995.27124,-2.082,-0.049,5.915,0.030984,-0.853288,-0.093918,-0.511976,img_270.jpg
42807,1280,720,635.3708,345.11157,995.1677,995.27124,-2.147,-0.032,5.882,0.033428,-0.833141,-0.078515,-0.546437,img_271.jpg
42890,1280,720,635.3708,345.11157,995.1677,995.27124,-2.189,-0.027,5.868,0.034425,-0.817750,-0.072199,-0.569989,img_272.jpg
42971,1280,720,635.3708,345.11157,995.1677,995.27124,-2.243,-0.016,5.849,0.028767,-0.801508,-0.059943,-0.594277,img_273.jpg
43055,1280,720,635.3708,345.11157,995.1677,995.27124,-2.283,-0.011,5.839,0.024903,-0.792308,-0.053472,-0.607263,img_274.jpg
43130,1280,720,635.3708,345.11157,995.1677,995.27124,-2.330,-0.005,5.832,0.018635,-0.780463,-0.045168,-0.623290,img_275.jpg
43207,1280,720,635.3708,345.11157,995.1677,995.27124,-2.351,-0.005,5.835,0.020100,-0.774493,-0.043344,-0.630775,img_276.jpg
43287,1280,720,635.3708,345.11157,995.1677,995.27124,-2.374,-0.002,5.833,0.017435,-0.769927,-0.039110,-0.636693,img_277.jpg
43357,1280,720,635.3708,345.11157,995.1677,995.27124,-2.409,0.002,5.825,0.027711,-0.767906,-0.043810,-0.638462,img_278.jpg
43453,1280,720,635.3708,345.11157,995.1677,995.27124,-2.434,0.001,5.822,0.029210,-0.769735,-0.044257,-0.636157,img_279.jpg
43541,1280,720,635.3708,345.11157,995.1677,995.27124,-2.445,0.001,5.822,0.033663,-0.773286,-0.044170,-0.631621,img_280.jpg
43624,1280,720,635.3708,345.11157,995.1677,995.27124,-2.457,0.000,5.822,0.039853,-0.776420,-0.047001,-0.627196,img_281.jpg
43701,1280,720,635.3708,345.11157,995.1677,995.27124,-2.467,-0.002,5.824,0.040748,-0.780758,-0.047737,-0.621674,img_282.jpg
43789,1280,720,635.3708,345.11157,995.1677,995.27124,-2.473,-0.004,5.826,0.042257,-0.781462,-0.051757,-0.620365,img_283.jpg
43865,1280,720,635.3708,345.11157,995.1677,995.27124,-2.479,-0.004,5.828,0.043637,-0.781949,-0.054684,-0.619404,img_284.jpg
43939,1280,720,635.3708,345.11157,995.1677,995.27124,-2.484,-0.003,5.829,0.045769,-0.782157,-0.053042,-0.619130,img_285.jpg
44021,1280,720,635.3708,345.11157,995.1677,995.27124,-2.488,-0.004,5.830,0.048775,-0.782539,-0.054593,-0.618282,img_286.jpg
44099,1280,720,635.3708,345.11157,995.1677,995.27124,-2.490,-0.007,5.835,0.049827,-0.782841,-0.055078,-0.617774,img_287.jpg
44172,1280,720,635.3708,345.11157,995.1677,995.27124,-2.491,-0.009,5.837,0.051849,-0.783290,-0.056992,-0.616863,img_288.jpg
44253,1280,720,635.3708,345.11157,995.1677,995.27124,-2.492,-0.010,5.839,0.051279,-0.783581,-0.057602,-0.616485,img_289.jpg
44341,1280,720,635.3708,345.11157,995.1677,995.27124,-2.493,-0.010,5.841,0.048446,-0.783674,-0.057425,-0.616612,img_290.jpg
44423,1280,720,635.3708,345.11157,995.1677,995.27124,-2.494,-0.011,5.843,0.047737,-0.784054,-0.059240,-0.616012,img_291.jpg
44506,1280,720,635.3708,345.11157,995.1677,995.27124,-2.495,-0.013,5.844,0.049279,-0.784415,-0.060147,-0.615343,img_292.jpg
44589,1280,720,635.3708,345.11157,995.1677,995.27124,-2.497,-0.013,5.843,0.050109,-0.784112,-0.061126,-0.615566,img_293.jpg
44670,1280,720,635.3708,345.11157,995.1677,995.27124,-2.500,-0.015,5.843,0.052928,-0.784379,-0.063982,-0.614698,img_294.jpg
44757,1280,720,635.3708,345.11157,995.1677,995.27124,-2.500,-0.017,5.844,0.051099,-0.784591,-0.065503,-0.614422,img_295.jpg
44838,1280,720,635.3708,345.11157,995.1677,995.27124,-2.501,-0.018,5.844,0.050977,-0.784920,-0.066733,-0.613880,img_296.jpg
44926,1280,720,635.3708,345.11157,995.1677,995.27124,-2.504,-0.019,5.845,0.051731,-0.784792,-0.067082,-0.613942,img_297.jpg
45009,1280,720,635.3708,345.11157,995.1677,995.27124,-2.506,-0.021,5.846,0.051748,-0.784955,-0.068721,-0.613552,img_298.jpg
45090,1280,720,635.3708,345.11157,995.1677,995.27124,-2.509,-0.024,5.847,0.053391,-0.784431,-0.072337,-0.613665,img_299.jpg
45172,1280,720,635.3708,345.11157,995.1677,995.27124,-2.511,-0.026,5.847,0.054002,-0.784600,-0.073328,-0.613277,img_300.jpg
45250,1280,720,635.3708,345.11157,995.1677,995.27124,-2.511,-0.026,5.847,0.052018,-0.784345,-0.073030,-0.613811,img_301.jpg
45323,1280,720,635.3708,345.11157,995.1677,995.27124,-2.512,-0.027,5.847,0.048355,-0.783620,-0.072551,-0.615091,img_302.jpg
45408,1280,720,635.3708,345.11157,995.1677,995.27124,-2.513,-0.027,5.847,0.049080,-0.783202,-0.071880,-0.615646,img_303.jpg
45506,1280,720,635.3708,345.11157,995.1677,995.27124,-2.513,-0.028,5.847,0.043148,-0.780663,-0.066502,-0.619904,img_304.jpg
45578,1280,720,635.3708,345.11157,995.1677,995.27124,-2.512,-0.032,5.849,0.037538,-0.779228,-0.061156,-0.622619,img_305.jpg
45657,1280,720,635.3708,345.11157,995.1677,995.27124,-2.510,-0.039,5.852,0.033633,-0.778880,-0.057598,-0.623617,img_306.jpg
45739,1280,720,635.3708,345.11157,995.1677,995.27124,-2.509,-0.043,5.853,0.033402,-0.780484,-0.053660,-0.621973,img_307.jpg
45812,1280,720,635.3708,345.11157,995.1677,995.27124,-2.505,-0.046,5.853,0.031800,-0.780366,-0.050309,-0.622484,img_308.jpg
45892,1280,720,635.3708,345.11157,995.1677,995.27124,-2.499,-0.048,5.854,0.027441,-0.778986,-0.044923,-0.624828,img_309.jpg
45973,1280,720,635.3708,345.11157,995.1677,995.27124,-2.495,-0.049,5.853,0.032471,-0.780804,-0.044209,-0.622363,img_310.jpg,marker_8.jpg,0.27214897,0.27214897,-3.048,-0.150,5.983,-0.472436,-0.535549,0.543379,0.543379
46052,1280,720,635.3708,345.11157,995.1677,995.27124,-2.488,-0.050,5.852,0.040181,-0.783375,-0.045090,-0.618608,img_311.jpg
46140,1280,720,635.3708,345.11157,995.1677,995.27124,-2.481,-0.051,5.851,0.040857,-0.784024,-0.046305,-0.617651,img_312.jpg
46219,1280,720,635.3708,345.11157,995.1677,995.27124,-2.476,-0.051,5.850,0.041763,-0.784481,-0.046728,-0.616978,img_313.jpg
46299,1280,720,635.3708,345.11157,995.1677,995.27124,-2.468,-0.050,5.848,0.046482,-0.784987,-0.046204,-0.616035,img_314.jpg,marker_8.jpg,0.280602,0.280602,-3.067,-0.154,5.988,-0.474506,-0.534661,0.535587,0.535587
46390,1280,720,635.3708,345.11157,995.1677,995.27124,-2.460,-0.049,5.846,0.043344,-0.783668,-0.045566,-0.617988,img_315.jpg
46474,1280,720,635.3708,345.11157,995.1677,995.27124,-2.457,-0.048,5.845,0.042623,-0.783118,-0.046698,-0.618650,img_316.jpg
46548,1280,720,635.3708,345.11157,995.1677,995.27124,-2.454,-0.048,5.843,0.041741,-0.782328,-0.048714,-0.619554,img_317.jpg
46624,1280,720,635.3708,345.11157,995.1677,995.27124,-2.453,-0.048,5.834,0.044920,-0.782586,-0.056797,-0.618317,img_318.jpg
46707,1280,720,635.3708,345.11157,995.1677,995.27124,-2.454,-0.049,5.821,0.052690,-0.784756,-0.061215,-0.614520,img_319.jpg
46779,1280,720,635.3708,345.11157,995.1677,995.27124,-2.453,-0.050,5.802,0.058773,-0.788809,-0.062452,-0.608627,img_320.jpg
46858,1280,720,635.3708,345.11157,995.1677,995.27124,-2.450,-0.050,5.759,0.075614,-0.795475,-0.062896,-0.597951,img_321.jpg
46940,1280,720,635.3708,345.11157,995.1677,995.27124,-2.444,-0.049,5.719,0.078815,-0.794715,-0.053529,-0.599458,img_322.jpg,marker_8.jpg,0.27451542,0.27451542,-3.048,-0.150,5.983,-0.456970,-0.547823,0.543833,0.543833
47019,1280,720,635.3708,345.11157,995.1677,995.27124,-2.437,-0.051,5.671,0.081706,-0.797059,-0.048165,-0.596407,img_323.jpg
47104,1280,720,635.3708,345.11157,995.1677,995.27124,-2.426,-0.054,5.587,0.080857,-0.797295,-0.043168,-0.596589,img_324.jpg
47190,1280,720,635.3708,345.11157,995.1677,995.27124,-2.416,-0.055,5.524,0.075777,-0.796786,-0.048420,-0.597533,img_325.jpg
47272,1280,720,635.3708,345.11157,995.1677,995.27124,-2.399,-0.049,5.427,0.065680,-0.793804,-0.068421,-0.600733,img_326.jpg
47346,1280,720,635.3708,345.11157,995.1677,995.27124,-2.390,-0.043,5.361,0.061372,-0.790883,-0.081363,-0.603422,img_327.jpg
47440,1280,720,635.3708,345.11157,995.1677,995.27124,-2.378,-0.034,5.263,0.067405,-0.781507,-0.087511,-0.614040,img_328.jpg
47525,1280,720,635.3708,345.11157,995.1677,995.27124,-2.382,-0.034,5.165,0.075401,-0.759133,-0.093758,-0.639720,img_329.jpg
47608,1280,720,635.3708,345.11157,995.1677,995.27124,-2.387,-0.037,5.096,0.077983,-0.748147,-0.089683,-0.652803,img_330.jpg
47684,1280,720,635.3708,345.11157,995.1677,995.27124,-2.400,-0.047,4.992,0.079428,-0.730354,-0.086676,-0.672875,img_331.jpg
47774,1280,720,635.3708,345.11157,995.1677,995.27124,-2.411,-0.052,4.924,0.070178,-0.718660,-0.088349,-0.686147,img_332.jpg
47849,1280,720,635.3708,345.11157,995.1677,995.27124,-2.424,-0.053,4.860,0.061667,-0.714521,-0.088309,-0.691273,img_333.jpg
47933,1280,720,635.3708,345.11157,995.1677,995.27124,-2.451,-0.049,4.771,0.052958,-0.699808,-0.090296,-0.706619,img_334.jpg
48026,1280,720,635.3708,345.11157,995.1677,995.27124,-2.483,-0.035,4.696,0.051043,-0.686242,-0.078614,-0.721309,img_335.jpg
48109,1280,720,635.3708,345.11157,995.1677,995.27124,-2.502,-0.027,4.649,0.055362,-0.686073,-0.072541,-0.721787,img_336.jpg
48188,1280,720,635.3708,345.11157,995.1677,995.27124,-2.521,-0.020,4.605,0.054760,-0.686753,-0.064856,-0.721918,img_337.jpg
48262,1280,720,635.3708,345.11157,995.1677,995.27124,-2.546,-0.015,4.540,0.048537,-0.700448,-0.059182,-0.709588,img_338.jpg
48358,1280,720,635.3708,345.11157,995.1677,995.27124,-2.572,-0.013,4.484,0.045542,-0.717794,-0.055871,-0.692514,img_339.jpg
48442,1280,720,635.3708,345.11157,995.1677,995.27124,-2.589,-0.011,4.443,0.042372,-0.726434,-0.057135,-0.683545,img_340.jpg
48544,1280,720,635.3708,345.11157,995.1677,995.27124,-2.611,-0.009,4.405,0.049077,-0.743006,-0.068656,-0.663943,img_341.jpg
48627,1280,720,635.3708,345.11157,995.1677,995.27124,-2.631,-0.008,4.378,0.042836,-0.756936,-0.065270,-0.648809,img_342.jpg
48728,1280,720,635.3708,345.11157,995.1677,995.27124,-2.645,-0.008,4.366,0.047555,-0.764181,-0.063073,-0.640146,img_343.jpg
48804,1280,720,635.3708,345.11157,995.1677,995.27124,-2.661,-0.008,4.353,0.040227,-0.775251,-0.062804,-0.627234,img_344.jpg
48891,1280,720,635.3708,345.11157,995.1677,995.27124,-2.674,-0.009,4.343,0.035925,-0.780761,-0.061476,-0.620759,img_345.jpg,marker_9.jpg,0.26854008,0.26854008,-3.352,-0.122,4.484,-0.451521,-0.557530,0.544297,0.544297
48972,1280,720,635.3708,345.11157,995.1677,995.27124,-2.690,-0.008,4.337,0.038476,-0.788176,-0.061233,-0.611186,img_346.jpg
49047,1280,720,635.3708,345.11157,995.1677,995.27124,-2.701,-0.009,4.334,0.039501,-0.791244,-0.065860,-0.606659,img_347.jpg
49124,1280,720,635.3708,345.11157,995.1677,995.27124,-2.712,-0.011,4.318,0.034569,-0.790339,-0.067867,-0.607918,img_348.jpg
49207,1280,720,635.3708,345.11157,995.1677,995.27124,-2.719,-0.013,4.302,0.044335,-0.790806,-0.069999,-0.606432,img_349.jpg
49282,1280,720,635.3708,345.11157,995.1677,995.27124,-2.730,-0.012,4.281,0.043212,-0.791966,-0.070397,-0.604952,img_350.jpg
49372,1280,720,635.3708,345.11157,995.1677,995.27124,-2.737,-0.007,4.253,0.041046,-0.801797,-0.066159,-0.592503,img_351.jpg,marker_9.jpg,0.26858968,0.26858968,-3.351,-0.121,4.482,-0.445282,-0.558843,0.551274,0.551274
49457,1280,720,635.3708,345.11157,995.1677,995.27124,-2.743,-0.004,4.220,0.046733,-0.816843,-0.058974,-0.571932,img_352.jpg
49539,1280,720,635.3708,345.11157,995.1677,995.27124,-2.747,-0.003,4.187,0.050896,-0.825763,-0.054394,-0.559077,img_353.jpg
49614,1280,720,635.3708,345.11157,995.1677,995.27124,-2.748,0.000,4.140,0.044239,-0.826846,-0.045968,-0.558798,img_354.jpg
49688,1280,720,635.3708,345.11157,995.1677,995.27124,-2.755,0.002,4.049,0.046633,-0.822289,-0.043958,-0.565450,img_355.jpg
49774,1280,720,635.3708,345.11157,995.1677,995.27124,-2.759,0.001,3.986,0.043445,-0.815150,-0.055850,-0.574912,img_356.jpg
49856,1280,720,635.3708,345.11157,995.1677,995.27124,-2.760,0.000,3.885,0.043347,-0.803072,-0.073384,-0.589756,img_357.jpg
49939,1280,720,635.3708,345.11157,995.1677,995.27124,-2.760,0.001,3.817,0.038900,-0.789933,-0.076753,-0.607126,img_358.jpg
50020,1280,720,635.3708,345.11157,995.1677,995.27124,-2.764,0.001,3.751,0.041713,-0.774305,-0.076236,-0.626818,img_359.jpg
50099,1280,720,635.3708,345.11157,995.1677,995.27124,-2.776,-0.003,3.658,0.059667,-0.749933,-0.078563,-0.654117,img_360.jpg
50192,1280,720,635.3708,345.11157,995.1677,995.27124,-2.786,-0.010,3.572,0.056178,-0.725135,-0.079822,-0.681654,img_361.jpg
50274,1280,720,635.3708,345.11157,995.1677,995.27124,-2.792,-0.014,3.512,0.063462,-0.710858,-0.075992,-0.696333,img_362.jpg
50356,1280,720,635.3708,345.11157,995.1677,995.27124,-2.806,-0.022,3.424,0.060237,-0.692650,-0.077783,-0.714533,img_363.jpg
50439,1280,720,635.3708,345.11157,995.1677,995.27124,-2.818,-0.022,3.368,0.055210,-0.685000,-0.076377,-0.722422,img_364.jpg
50522,1280,720,635.3708,345.11157,995.1677,995.27124,-2.838,-0.021,3.287,0.044847,-0.676696,-0.077367,-0.730811,img_365.jpg
50609,1280,720,635.3708,345.11157,995.1677,995.27124,-2.851,-0.019,3.230,0.035242,-0.671727,-0.083400,-0.735245,img_366.jpg
50689,1280,720,635.3708,345.11157,995.1677,995.27124,-2.878,-0.013,3.146,0.041985,-0.656300,-0.093346,-0.747525,img_367.jpg
50774,1280,720,635.3708,345.11157,995.1677,995.27124,-2.891,-0.005,3.090,0.044002,-0.650686,-0.080228,-0.753814,img_368.jpg
50850,1280,720,635.3708,345.11157,995.1677,995.27124,-2.905,0.003,3.039,0.051155,-0.649941,-0.066675,-0.755324,img_369.jpg
50942,1280,720,635.3708,345.11157,995.1677,995.27124,-2.925,0.009,2.973,0.047808,-0.659517,-0.055821,-0.748088,img_370.jpg
51030,1280,720,635.3708,345.11157,995.1677,995.27124,-2.945,0.007,2.907,0.044717,-0.672977,-0.047280,-0.736795,img_371.jpg
51125,1280,720,635.3708,345.11157,995.1677,995.27124,-2.959,0.009,2.841,0.034491,-0.687419,-0.041465,-0.724256,img_372.jpg
51211,1280,720,635.3708,345.11157,995.1677,995.27124,-2.967,0.009,2.800,0.032050,-0.700006,-0.040072,-0.712291,img_373.jpg,marker_10.jpg,0.27931598,0.27931598,-3.736,-0.098,2.741,-0.412944,-0.573752,0.569795,0.569795
51299,1280,720,635.3708,345.11157,995.1677,995.27124,-2.988,0.010,2.742,0.029294,-0.714269,-0.047418,-0.697648,img_374.jpg
51375,1280,720,635.3708,345.11157,995.1677,995.27124,-2.998,0.016,2.706,0.032998,-0.725118,-0.051397,-0.685911,img_375.jpg
51454,1280,720,635.3708,345.11157,995.1677,995.27124,-3.011,0.021,2.665,0.032370,-0.741750,-0.053210,-0.667778,img_376.jpg
51543,1280,720,635.3708,345.11157,995.1677,995.27124,-3.015,0.023,2.649,0.031259,-0.755696,-0.051953,-0.652110,img_377.jpg
51624,1280,720,635.3708,345.11157,995.1677,995.27124,-3.023,0.022,2.627,0.033316,-0.769855,-0.050747,-0.635326,img_378.jpg
51708,1280,720,635.3708,345.11157,995.1677,995.27124,-3.029,0.020,2.613,0.029774,-0.773045,-0.050986,-0.631598,img_379.jpg,marker_10.jpg,0.26663303,0.26663303,-3.720,-0.102,2.740,-0.441281,-0.553651,0.554270,0.554270
51786,1280,720,635.3708,345.11157,995.1677,995.27124,-3.040,0.019,2.590,0.033619,-0.774939,-0.051496,-0.629037,img_380.jpg
51875,1280,720,635.3708,345.11157,995.1677,995.27124,-3.044,0.018,2.571,0.033819,-0.768316,-0.052079,-0.637051,img_381.jpg
51948,1280,720,635.3708,345.11157,995.1677,995.27124,-3.054,0.013,2.526,0.042991,-0.745079,-0.053638,-0.663425,img_382.jpg
52045,1280,720,635.3708,345.11157,995.1677,995.27124,-3.060,0.010,2.490,0.045283,-0.718838,-0.056791,-0.691373,img_383.jpg
52129,1280,720,635.3708,345.11157,995.1677,995.27124,-3.057,0.005,2.435,0.029975,-0.660132,-0.059950,-0.748153,img_384.jpg
52227,1280,720,635.3708,345.11157,995.1677,995.27124,-3.052,0.001,2.374,0.031249,-0.606487,-0.055152,-0.792562,img_385.jpg
52310,1280,720,635.3708,345.11157,995.1677,995.27124,-3.051,-0.002,2.332,0.038707,-0.571884,-0.051089,-0.817827,img_386.jpg
52391,1280,720,635.3708,345.11157,995.1677,995.27124,-3.048,-0.004,2.266,0.047845,-0.515638,-0.044605,-0.854306,img_387.jpg
52492,1280,720,635.3708,345.11157,995.1677,995.27124,-3.045,-0.005,2.202,0.050988,-0.465168,-0.036988,-0.882978,img_388.jpg
52575,1280,720,635.3708,345.11157,995.1677,995.27124,-3.041,-0.004,2.160,0.050804,-0.432774,-0.032678,-0.899476,img_389.jpg
52655,1280,720,635.3708,345.11157,995.1677,995.27124,-3.038,0.002,2.100,0.045946,-0.378768,-0.027873,-0.923930,img_390.jpg
52743,1280,720,635.3708,345.11157,995.1677,995.27124,-3.030,0.008,2.060,0.043657,-0.337904,-0.025710,-0.939816,img_391.jpg
52820,1280,720,635.3708,345.11157,995.1677,995.27124,-3.021,0.012,2.022,0.038249,-0.292074,-0.029457,-0.955177,img_392.jpg
52914,1280,720,635.3708,345.11157,995.1677,995.27124,-3.006,0.019,1.973,0.035444,-0.233392,-0.035239,-0.971097,img_393.jpg
52991,1280,720,635.3708,345.11157,995.1677,995.27124,-2.987,0.018,1.917,0.036792,-0.186306,-0.030587,-0.981326,img_394.jpg
53092,1280,720,635.3708,345.11157,995.1677,995.27124,-2.959,0.019,1.875,0.035179,-0.150446,-0.023445,-0.987714,img_395.jpg
53192,1280,720,635.3708,345.11157,995.1677,995.27124,-2.924,0.018,1.830,0.037138,-0.129452,-0.011680,-0.990821,img_396.jpg
53276,1280,720,635.3708,345.11157,995.1677,995.27124,-2.898,0.018,1.806,0.041629,-0.121346,-0.002113,-0.991735,img_397.jpg
53359,1280,720,635.3708,345.11157,995.1677,995.27124,-2.864,0.018,1.771,0.045046,-0.117860,0.001183,-0.992007,img_398.jpg
53440,1280,720,635.3708,345.11157,995.1677,995.27124,-2.847,0.018,1.754,0.045454,-0.117164,-0.001111,-0.992071,img_399.jpg
53526,1280,720,635.3708,345.11157,995.1677,995.27124,-2.829,0.016,1.733,0.052584,-0.123727,-0.004066,-0.990914,img_400.jpg
53614,1280,720,635.3708,345.11157,995.1677,995.27124,-2.820,0.014,1.719,0.051022,-0.125614,-0.007526,-0.990738,img_401.jpg
53693,1280,720,635.3708,345.11157,995.1677,995.27124,-2.810,0.009,1.699,0.061947,-0.131604,-0.003578,-0.989358,img_402.jpg
53775,1280,720,635.3708,345.11157,995.1677,995.27124,-2.806,0.007,1.689,0.070661,-0.133373,0.000835,-0.988543,img_403.jpg
53855,1280,720,635.3708,345.11157,995.1677,995.27124,-2.802,0.004,1.681,0.071503,-0.131653,0.001941,-0.988712,img_404.jpg
53943,1280,720,635.3708,345.11157,995.1677,995.27124,-2.801,0.003,1.678,0.072334,-0.129718,0.002741,-0.988905,img_405.jpg
54021,1280,720,635.3708,345.11157,995.1677,995.27124,-2.800,0.004,1.676,0.073244,-0.128095,0.003621,-0.989047,img_406.jpg
54109,1280,720,635.3708,345.11157,995.1677,995.27124,-2.803,0.004,1.675,0.074034,-0.125807,0.000534,-0.989288,img_407.jpg
54186,1280,720,635.3708,345.11157,995.1677,995.27124,-2.806,0.002,1.674,0.076147,-0.122024,0.000571,-0.989602,img_408.jpg,marker_11.jpg,0.26049447,0.26049447,-2.963,-0.142,1.083,-0.692895,-0.100537,0.121717,0.121717
54276,1280,720,635.3708,345.11157,995.1677,995.27124,-2.810,0.000,1.675,0.074395,-0.118338,-0.003530,-0.990176,img_409.jpg
54350,1280,720,635.3708,345.11157,995.1677,995.27124,-2.811,-0.001,1.675,0.076393,-0.116339,-0.003545,-0.990261,img_410.jpg
54441,1280,720,635.3708,345.11157,995.1677,995.27124,-2.810,-0.002,1.676,0.074665,-0.114823,-0.005355,-0.990562,img_411.jpg
54516,1280,720,635.3708,345.11157,995.1677,995.27124,-2.810,-0.003,1.676,0.073628,-0.112287,-0.006474,-0.990923,img_412.jpg
54592,1280,720,635.3708,345.11157,995.1677,995.27124,-2.806,-0.005,1.673,0.076506,-0.112056,-0.007960,-0.990720,img_413.jpg
54693,1280,720,635.3708,345.11157,995.1677,995.27124,-2.798,-0.005,1.672,0.074030,-0.114617,-0.009497,-0.990602,img_414.jpg,marker_11.jpg,0.2619738,0.2619738,-2.976,-0.142,1.083,-0.697706,-0.107992,0.134214,0.134214
54776,1280,720,635.3708,345.11157,995.1677,995.27124,-2.792,-0.004,1.671,0.072046,-0.118110,-0.010533,-0.990327,img_415.jpg
54855,1280,720,635.3708,345.11157,995.1677,995.27124,-2.778,-0.001,1.673,0.067890,-0.125379,-0.008598,-0.989746,img_416.jpg
54943,1280,720,635.3708,345.11157,995.1677,995.27124,-2.769,-0.002,1.676,0.062060,-0.134507,-0.011753,-0.988898,img_417.jpg
55017,1280,720,635.3708,345.11157,995.1677,995.27124,-2.741,-0.014,1.679,0.083719,-0.156225,-0.009756,-0.984119,img_418.jpg
55112,1280,720,635.3708,345.11157,995.1677,995.27124,-2.710,-0.024,1.682,0.096192,-0.160551,-0.007033,-0.982304,img_419.jpg
55183,1280,720,635.3708,345.11157,995.1677,995.27124,-2.640,-0.038,1.693,0.104049,-0.165708,-0.003239,-0.980665,img_420.jpg
55276,1280,720,635.3708,345.11157,995.1677,995.27124,-2.581,-0.048,1.700,0.112916,-0.166431,0.006904,-0.979542,img_421.jpg
55358,1280,720,635.3708,345.11157,995.1677,995.27124,-2.481,-0.061,1.717,0.119792,-0.153793,0.003223,-0.980810,img_422.jpg
55440,1280,720,635.3708,345.11157,995.1677,995.27124,-2.408,-0.064,1.729,0.128750,-0.155871,0.010809,-0.979291,img_423.jpg
55519,1280,720,635.3708,345.11157,995.1677,995.27124,-2.306,-0.056,1.747,0.138195,-0.154071,0.009987,-0.978297,img_424.jpg
55615,1280,720,635.3708,345.11157,995.1677,995.27124,-2.240,-0.049,1.761,0.142369,-0.151765,0.002490,-0.978107,img_425.jpg
55691,1280,720,635.3708,345.11157,995.1677,995.27124,-2.143,-0.038,1.779,0.143207,-0.135877,-0.002563,-0.980318,img_426.jpg
55776,1280,720,635.3708,345.11157,995.1677,995.27124,-2.079,-0.035,1.788,0.134019,-0.114935,-0.009042,-0.984250,img_427.jpg
55860,1280,720,635.3708,345.11157,995.1677,995.27124,-1.981,-0.041,1.792,0.133148,-0.095948,-0.018601,-0.986266,img_428.jpg
55940,1280,720,635.3708,345.11157,995.1677,995.27124,-1.915,-0.052,1.791,0.132524,-0.092314,-0.012771,-0.986789,img_429.jpg
56018,1280,720,635.3708,345.11157,995.1677,995.27124,-1.816,-0.072,1.781,0.137408,-0.087897,-0.022724,-0.986345,img_430.jpg
56114,1280,720,635.3708,345.11157,995.1677,995.27124,-1.753,-0.079,1.775,0.140593,-0.086046,-0.028398,-0.985912,img_431.jpg
56198,1280,720,635.3708,345.11157,995.1677,995.27124,-1.662,-0.076,1.769,0.140587,-0.079867,-0.043257,-0.985893,img_432.jpg
56296,1280,720,635.3708,345.11157,995.1677,995.27124,-1.573,-0.062,1.766,0.136956,-0.065037,-0.054630,-0.986929,img_433.jpg
56377,1280,720,635.3708,345.11157,995.1677,995.27124,-1.509,-0.050,1.768,0.133212,-0.054523,-0.042334,-0.988681,img_434.jpg
56462,1280,720,635.3708,345.11157,995.1677,995.27124,-1.411,-0.038,1.771,0.097538,-0.037228,-0.031651,-0.994032,img_435.jpg
56560,1280,720,635.3708,345.11157,995.1677,995.27124,-1.313,-0.033,1.775,0.072986,-0.030143,-0.013384,-0.996788,img_436.jpg
56643,1280,720,635.3708,345.11157,995.1677,995.27124,-1.250,-0.029,1.779,0.061953,-0.036454,-0.004379,-0.997404,img_437.jpg
56715,1280,720,635.3708,345.11157,995.1677,995.27124,-1.159,-0.021,1.786,0.049788,-0.039630,-0.020289,-0.997767,img_438.jpg
56813,1280,720,635.3708,345.11157,995.1677,995.27124,-1.095,-0.010,1.783,0.060588,-0.065631,-0.014266,-0.995901,img_439.jpg
56892,1280,720,635.3708,345.11157,995.1677,995.27124,-1.017,0.000,1.779,0.083995,-0.071765,-0.021551,-0.993645,img_440.jpg
56994,1280,720,635.3708,345.11157,995.1677,995.27124,-0.957,0.004,1.775,0.087544,-0.080631,-0.020272,-0.992685,img_441.jpg
57077,1280,720,635.3708,345.11157,995.1677,995.27124,-0.932,0.004,1.764,0.091719,-0.090217,-0.011313,-0.991625,img_442.jpg
57164,1280,720,635.3708,345.11157,995.1677,995.27124,-0.893,0.004,1.755,0.097193,-0.108573,-0.003882,-0.989318,img_443.jpg
57245,1280,720,635.3708,345.11157,995.1677,995.27124,-0.880,0.003,1.752,0.094118,-0.106163,-0.012074,-0.989811,img_444.jpg
57321,1280,720,635.3708,345.11157,995.1677,995.27124,-0.861,-0.001,1.742,0.104977,-0.108799,-0.026550,-0.988149,img_445.jpg
57411,1280,720,635.3708,345.11157,995.1677,995.27124,-0.851,-0.001,1.737,0.109097,-0.105970,-0.029129,-0.987937,img_446.jpg
57487,1280,720,635.3708,345.11157,995.1677,995.27124,-0.844,0.000,1.737,0.095899,-0.106557,-0.036845,-0.988985,img_447.jpg
57575,1280,720,635.3708,345.11157,995.1677,995.27124,-0.840,0.001,1.740,0.085347,-0.107983,-0.034171,-0.989893,img_448.jpg
57651,1280,720,635.3708,345.11157,995.1677,995.27124,-0.833,0.005,1.741,0.082148,-0.105473,-0.022184,-0.990775,img_449.jpg
57745,1280,720,635.3708,345.11157,995.1677,995.27124,-0.830,0.008,1.742,0.072381,-0.100027,-0.020221,-0.992143,img_450.jpg
57822,1280,720,635.3708,345.11157,995.1677,995.27124,-0.826,0.011,1.741,0.068206,-0.099911,-0.014325,-0.992552,img_451.jpg,marker_12.jpg,0.26586494,0.26586494,-1.011,-0.179,1.069,-0.711733,-0.089420,0.071384,0.071384
57914,1280,720,635.3708,345.11157,995.1677,995.27124,-0.825,0.013,1.744,0.059058,-0.101608,-0.016126,-0.992939,img_452.jpg
57997,1280,720,635.3708,345.11157,995.1677,995.27124,-0.823,0.014,1.750,0.051227,-0.103773,-0.019878,-0.993082,img_453.jpg
58077,1280,720,635.3708,345.11157,995.1677,995.27124,-0.820,0.015,1.755,0.047546,-0.105373,-0.021791,-0.993056,img_454.jpg
58177,1280,720,635.3708,345.11157,995.1677,995.27124,-0.817,0.015,1.760,0.048609,-0.108562,-0.022806,-0.992639,img_455.jpg
58262,1280,720,635.3708,345.11157,995.1677,995.27124,-0.816,0.014,1.761,0.050162,-0.108498,-0.023910,-0.992542,img_456.jpg
58341,1280,720,635.3708,345.11157,995.1677,995.27124,-0.814,0.014,1.764,0.051745,-0.112213,-0.021056,-0.992113,img_457.jpg,marker_12.jpg,0.26578334,0.26578334,-1.018,-0.173,1.062,-0.704734,-0.091118,0.075122,0.075122
58427,1280,720,635.3708,345.11157,995.1677,995.27124,-0.814,0.013,1.765,0.049571,-0.114796,-0.019444,-0.991961,img_458.jpg
58501,1280,720,635.3708,345.11157,995.1677,995.27124,-0.815,0.012,1.766,0.050512,-0.117742,-0.019029,-0.991576,img_459.jpg
58594,1280,720,635.3708,345.11157,995.1677,995.27124,-0.815,0.011,1.765,0.051946,-0.119528,-0.019079,-0.991287,img_460.jpg
58666,1280,720,635.3708,345.11157,995.1677,995.27124,-0.814,0.011,1.765,0.058369,-0.120220,-0.018420,-0.990859,img_461.jpg
58752,1280,720,635.3708,345.11157,995.1677,995.27124,-0.810,0.010,1.762,0.065875,-0.123779,-0.015279,-0.990003,img_462.jpg
