time,sizeX,sizeY,p_x,p_y,f_x,f_y,pos_X,pos_Y,pos_Z,q_x,q_y,q_z,q_w,marker_ID,marker_x,marker_y,marker_z,marker_qx,marker_qy,marker_qz,marker_qw,marker_ID,marker_x,marker_y,marker_z,marker_qx,marker_qy,marker_qz,marker_qw,marker_ID,marker_x,marker_y,marker_z,marker_qx,marker_qy,marker_qz,marker_qw,
14117,1280,720,631.94293,353.39117,986.8637,986.74805,0.282,-0.036,1.090,0.092185,-0.008231,0.005605,-0.995692,img_1.jpg
14220,1280,720,631.94293,353.39117,986.8637,986.74805,0.285,-0.035,1.091,0.087241,-0.010239,0.014253,-0.996033,img_2.jpg
14297,1280,720,631.94293,353.39117,986.8637,986.74805,0.283,-0.035,1.090,0.084049,-0.003692,0.009094,-0.996413,img_3.jpg
14386,1280,720,631.94293,353.39117,986.8637,986.74805,0.284,-0.035,1.089,0.087958,-0.004399,0.008429,-0.996079,img_4.jpg
14464,1280,720,631.94293,353.39117,986.8637,986.74805,0.284,-0.035,1.088,0.092487,-0.009160,0.008840,-0.995633,img_5.jpg
14536,1280,720,631.94293,353.39117,986.8637,986.74805,0.284,-0.035,1.089,0.091142,-0.010190,0.003397,-0.995780,img_6.jpg
14619,1280,720,631.94293,353.39117,986.8637,986.74805,0.284,-0.033,1.091,0.090894,-0.006595,0.003334,-0.995833,img_7.jpg
14688,1280,720,631.94293,353.39117,986.8637,986.74805,0.286,-0.032,1.095,0.084685,-0.016039,0.009314,-0.996235,img_8.jpg,marker_1.jpg,0.29913706,0.29913706,0.272,-0.142,0.463,-0.709177,-0.013215,0.023391,0.023391
14756,1280,720,631.94293,353.39117,986.8637,986.74805,0.288,-0.035,1.097,0.079940,-0.015096,0.015884,-0.996559,img_9.jpg
14826,1280,720,631.94293,353.39117,986.8637,986.74805,0.293,-0.045,1.094,0.096090,-0.009182,0.018831,-0.995152,img_10.jpg
14902,1280,720,631.94293,353.39117,986.8637,986.74805,0.304,-0.051,1.090,0.110997,0.011761,0.016560,-0.993613,img_11.jpg
14985,1280,720,631.94293,353.39117,986.8637,986.74805,0.322,-0.053,1.086,0.125266,0.026812,0.017997,-0.991598,img_12.jpg
15057,1280,720,631.94293,353.39117,986.8637,986.74805,0.360,-0.054,1.084,0.134967,0.046349,0.025136,-0.989446,img_13.jpg
15136,1280,720,631.94293,353.39117,986.8637,986.74805,0.395,-0.054,1.087,0.134560,0.062918,0.031236,-0.988413,img_14.jpg
15202,1280,720,631.94293,353.39117,986.8637,986.74805,0.429,-0.054,1.091,0.134722,0.079910,0.033869,-0.987075,img_15.jpg
15302,1280,720,631.94293,353.39117,986.8637,986.74805,0.482,-0.055,1.107,0.133252,0.082686,0.030462,-0.987157,img_16.jpg
15386,1280,720,631.94293,353.39117,986.8637,986.74805,0.520,-0.057,1.121,0.134713,0.091883,0.025537,-0.986285,img_17.jpg
15452,1280,720,631.94293,353.39117,986.8637,986.74805,0.562,-0.058,1.137,0.130664,0.095265,0.024583,-0.986533,img_18.jpg
15522,1280,720,631.94293,353.39117,986.8637,986.74805,0.610,-0.058,1.147,0.142528,0.086217,0.034425,-0.985427,img_19.jpg
15595,1280,720,631.94293,353.39117,986.8637,986.74805,0.680,-0.052,1.164,0.152138,0.080121,0.004475,-0.985096,img_20.jpg
15670,1280,720,631.94293,353.39117,986.8637,986.74805,0.732,-0.044,1.177,0.164706,0.076223,-0.002477,-0.983390,img_21.jpg
15755,1280,720,631.94293,353.39117,986.8637,986.74805,0.786,-0.034,1.189,0.177118,0.089132,0.002494,-0.980142,img_22.jpg
15838,1280,720,631.94293,353.39117,986.8637,986.74805,0.864,-0.018,1.209,0.167938,0.070680,0.016914,-0.983115,img_23.jpg
15920,1280,720,631.94293,353.39117,986.8637,986.74805,0.907,-0.011,1.222,0.164878,0.077675,0.013114,-0.983163,img_24.jpg
16000,1280,720,631.94293,353.39117,986.8637,986.74805,0.983,-0.006,1.234,0.157702,0.101220,0.016031,-0.982155,img_25.jpg
16087,1280,720,631.94293,353.39117,986.8637,986.74805,1.034,-0.003,1.240,0.151882,0.118099,0.021322,-0.981086,img_26.jpg
16161,1280,720,631.94293,353.39117,986.8637,986.74805,1.120,-0.003,1.245,0.143323,0.148300,0.029901,-0.978045,img_27.jpg
16238,1280,720,631.94293,353.39117,986.8637,986.74805,1.177,-0.005,1.246,0.131970,0.169563,0.025121,-0.976320,img_28.jpg
16320,1280,720,631.94293,353.39117,986.8637,986.74805,1.232,-0.010,1.242,0.129916,0.185697,0.026047,-0.973632,img_29.jpg
16396,1280,720,631.94293,353.39117,986.8637,986.74805,1.315,-0.016,1.234,0.119061,0.210172,0.007712,-0.970357,img_30.jpg
16488,1280,720,631.94293,353.39117,986.8637,986.74805,1.377,-0.016,1.229,0.112429,0.222908,-0.004653,-0.968323,img_31.jpg
16570,1280,720,631.94293,353.39117,986.8637,986.74805,1.465,-0.003,1.220,0.102528,0.243774,-0.008057,-0.964364,img_32.jpg
16653,1280,720,631.94293,353.39117,986.8637,986.74805,1.523,0.012,1.215,0.096970,0.262732,0.000417,-0.959984,img_33.jpg
16727,1280,720,631.94293,353.39117,986.8637,986.74805,1.601,0.035,1.210,0.082451,0.304433,0.007043,-0.948932,img_34.jpg
16823,1280,720,631.94293,353.39117,986.8637,986.74805,1.652,0.047,1.207,0.073720,0.333591,0.015337,-0.939706,img_35.jpg
16891,1280,720,631.94293,353.39117,986.8637,986.74805,1.703,0.054,1.198,0.072386,0.353702,0.015319,-0.932427,img_36.jpg
16970,1280,720,631.94293,353.39117,986.8637,986.74805,1.780,0.054,1.182,0.073991,0.378982,0.013826,-0.922338,img_37.jpg
17055,1280,720,631.94293,353.39117,986.8637,986.74805,1.833,0.052,1.173,0.071028,0.396862,0.013001,-0.915034,img_38.jpg
17124,1280,720,631.94293,353.39117,986.8637,986.74805,1.915,0.046,1.164,0.062932,0.414358,0.015280,-0.907807,img_39.jpg
17204,1280,720,631.94293,353.39117,986.8637,986.74805,1.971,0.046,1.158,0.058362,0.426717,0.018848,-0.902303,img_40.jpg
17287,1280,720,631.94293,353.39117,986.8637,986.74805,2.026,0.047,1.152,0.051039,0.438784,0.017778,-0.896966,img_41.jpg
17357,1280,720,631.94293,353.39117,986.8637,986.74805,2.107,0.053,1.140,0.045422,0.458519,0.022937,-0.887227,img_42.jpg
17438,1280,720,631.94293,353.39117,986.8637,986.74805,2.157,0.057,1.127,0.047213,0.467810,0.026552,-0.882168,img_43.jpg
17521,1280,720,631.94293,353.39117,986.8637,986.74805,2.201,0.060,1.111,0.048306,0.480323,0.020978,-0.875509,img_44.jpg
17591,1280,720,631.94293,353.39117,986.8637,986.74805,2.247,0.061,1.096,0.049081,0.499928,0.015099,-0.864543,img_45.jpg
17672,1280,720,631.94293,353.39117,986.8637,986.74805,2.311,0.057,1.074,0.058607,0.526022,0.024014,-0.848109,img_46.jpg
17755,1280,720,631.94293,353.39117,986.8637,986.74805,2.362,0.053,1.057,0.066595,0.543328,0.025099,-0.836499,img_47.jpg
17826,1280,720,631.94293,353.39117,986.8637,986.74805,2.418,0.044,1.033,0.071710,0.566410,0.027275,-0.820545,img_48.jpg
17921,1280,720,631.94293,353.39117,986.8637,986.74805,2.459,0.039,1.013,0.072793,0.582060,0.028734,-0.809371,img_49.jpg
17991,1280,720,631.94293,353.39117,986.8637,986.74805,2.500,0.031,0.991,0.075391,0.596420,0.029970,-0.798562,img_50.jpg
18068,1280,720,631.94293,353.39117,986.8637,986.74805,2.559,0.023,0.955,0.072419,0.617312,0.024443,-0.782997,img_51.jpg
18155,1280,720,631.94293,353.39117,986.8637,986.74805,2.598,0.020,0.931,0.076295,0.626803,0.033403,-0.774714,img_52.jpg
18223,1280,720,631.94293,353.39117,986.8637,986.74805,2.632,0.021,0.908,0.078442,0.638535,0.034725,-0.764797,img_53.jpg,marker_3.jpg,0.2578143,0.2578143,3.372,-0.082,0.810,-0.488671,0.507492,-0.506570,-0.506570
18307,1280,720,631.94293,353.39117,986.8637,986.74805,2.676,0.024,0.878,0.075535,0.650255,0.036647,-0.755063,img_54.jpg
18389,1280,720,631.94293,353.39117,986.8637,986.74805,2.706,0.025,0.860,0.076143,0.654888,0.041736,-0.750721,img_55.jpg
18467,1280,720,631.94293,353.39117,986.8637,986.74805,2.734,0.024,0.844,0.075575,0.661984,0.041674,-0.744532,img_56.jpg
18558,1280,720,631.94293,353.39117,986.8637,986.74805,2.766,0.024,0.831,0.075398,0.667175,0.046034,-0.739644,img_57.jpg
18640,1280,720,631.94293,353.39117,986.8637,986.74805,2.792,0.022,0.824,0.079009,0.673473,0.048718,-0.733361,img_58.jpg
18722,1280,720,631.94293,353.39117,986.8637,986.74805,2.817,0.020,0.817,0.084583,0.677546,0.048067,-0.729018,img_59.jpg
18806,1280,720,631.94293,353.39117,986.8637,986.74805,2.827,0.019,0.816,0.087130,0.679080,0.048125,-0.727284,img_60.jpg
18888,1280,720,631.94293,353.39117,986.8637,986.74805,2.839,0.021,0.822,0.086573,0.676459,0.055832,-0.729240,img_61.jpg,marker_3.jpg,0.26038578,0.26038578,3.399,-0.086,0.792,-0.486452,0.509431,-0.500116,-0.500116
18973,1280,720,631.94293,353.39117,986.8637,986.74805,2.845,0.025,0.829,0.084722,0.672752,0.065224,-0.732101,img_62.jpg
19047,1280,720,631.94293,353.39117,986.8637,986.74805,2.845,0.027,0.840,0.083112,0.668554,0.066577,-0.736000,img_63.jpg
19139,1280,720,631.94293,353.39117,986.8637,986.74805,2.846,0.027,0.862,0.090272,0.658288,0.073150,-0.743745,img_64.jpg
19222,1280,720,631.94293,353.39117,986.8637,986.74805,2.846,0.027,0.902,0.087811,0.657614,0.069098,-0.745023,img_65.jpg
19305,1280,720,631.94293,353.39117,986.8637,986.74805,2.851,0.027,0.940,0.083756,0.661643,0.069325,-0.741895,img_66.jpg
19367,1280,720,631.94293,353.39117,986.8637,986.74805,2.851,0.028,0.987,0.076523,0.669583,0.067644,-0.735681,img_67.jpg
19440,1280,720,631.94293,353.39117,986.8637,986.74805,2.847,0.030,1.041,0.069237,0.675669,0.068066,-0.730784,img_68.jpg
19523,1280,720,631.94293,353.39117,986.8637,986.74805,2.843,0.035,1.128,0.063758,0.683359,0.062594,-0.724595,img_69.jpg
19605,1280,720,631.94293,353.39117,986.8637,986.74805,2.840,0.040,1.187,0.067994,0.687176,0.063046,-0.720549,img_70.jpg
19673,1280,720,631.94293,353.39117,986.8637,986.74805,2.835,0.045,1.245,0.068577,0.689554,0.060560,-0.718433,img_71.jpg
19742,1280,720,631.94293,353.39117,986.8637,986.74805,2.830,0.051,1.300,0.071349,0.686609,0.057556,-0.721224,img_72.jpg
19813,1280,720,631.94293,353.39117,986.8637,986.74805,2.826,0.055,1.348,0.077315,0.687655,0.053181,-0.719947,img_73.jpg
19884,1280,720,631.94293,353.39117,986.8637,986.74805,2.824,0.059,1.395,0.079123,0.696942,0.039112,-0.711676,img_74.jpg
19963,1280,720,631.94293,353.39117,986.8637,986.74805,2.830,0.065,1.470,0.071314,0.707402,0.044550,-0.701792,img_75.jpg
20039,1280,720,631.94293,353.39117,986.8637,986.74805,2.835,0.067,1.519,0.061623,0.713816,0.053862,-0.695534,img_76.jpg
20110,1280,720,631.94293,353.39117,986.8637,986.74805,2.843,0.065,1.566,0.054328,0.718651,0.058938,-0.690736,img_77.jpg
20188,1280,720,631.94293,353.39117,986.8637,986.74805,2.865,0.058,1.642,0.051105,0.722675,0.067453,-0.685988,img_78.jpg
20273,1280,720,631.94293,353.39117,986.8637,986.74805,2.882,0.055,1.694,0.051939,0.723531,0.061093,-0.685619,img_79.jpg
20343,1280,720,631.94293,353.39117,986.8637,986.74805,2.901,0.055,1.746,0.056963,0.726499,0.057369,-0.682395,img_80.jpg
20413,1280,720,631.94293,353.39117,986.8637,986.74805,2.922,0.060,1.799,0.062268,0.742585,0.055479,-0.664540,img_81.jpg
20492,1280,720,631.94293,353.39117,986.8637,986.74805,2.952,0.074,1.883,0.063662,0.748280,0.075822,-0.655953,img_82.jpg
20572,1280,720,631.94293,353.39117,986.8637,986.74805,2.967,0.084,1.939,0.053031,0.763891,0.072202,-0.639097,img_83.jpg
20658,1280,720,631.94293,353.39117,986.8637,986.74805,2.990,0.094,2.022,0.041633,0.779678,0.072911,-0.620527,img_84.jpg
20740,1280,720,631.94293,353.39117,986.8637,986.74805,3.002,0.097,2.078,0.036959,0.781270,0.066038,-0.619588,img_85.jpg
20823,1280,720,631.94293,353.39117,986.8637,986.74805,3.015,0.094,2.158,0.031808,0.781296,0.053649,-0.621036,img_86.jpg
20907,1280,720,631.94293,353.39117,986.8637,986.74805,3.025,0.093,2.215,0.037136,0.786143,0.042738,-0.615446,img_87.jpg
20980,1280,720,631.94293,353.39117,986.8637,986.74805,3.033,0.093,2.278,0.035708,0.789695,0.037795,-0.611292,img_88.jpg
21062,1280,720,631.94293,353.39117,986.8637,986.74805,3.044,0.101,2.374,0.033593,0.784876,0.038164,-0.617564,img_89.jpg
21159,1280,720,631.94293,353.39117,986.8637,986.74805,3.055,0.109,2.432,0.032121,0.777615,0.049131,-0.625995,img_90.jpg
21234,1280,720,631.94293,353.39117,986.8637,986.74805,3.065,0.122,2.508,0.033841,0.770728,0.049491,-0.634337,img_91.jpg
21325,1280,720,631.94293,353.39117,986.8637,986.74805,3.072,0.126,2.556,0.033290,0.768900,0.053494,-0.636257,img_92.jpg
21401,1280,720,631.94293,353.39117,986.8637,986.74805,3.086,0.129,2.618,0.033079,0.767744,0.066845,-0.636402,img_93.jpg
21495,1280,720,631.94293,353.39117,986.8637,986.74805,3.099,0.127,2.684,0.037526,0.768084,0.062004,-0.636234,img_94.jpg
21572,1280,720,631.94293,353.39117,986.8637,986.74805,3.110,0.125,2.728,0.038272,0.768806,0.059705,-0.635537,img_95.jpg
21660,1280,720,631.94293,353.39117,986.8637,986.74805,3.129,0.123,2.797,0.037389,0.769497,0.051382,-0.635481,img_96.jpg
21742,1280,720,631.94293,353.39117,986.8637,986.74805,3.143,0.124,2.842,0.037049,0.771923,0.040906,-0.633316,img_97.jpg
21824,1280,720,631.94293,353.39117,986.8637,986.74805,3.167,0.130,2.907,0.036408,0.774854,0.037813,-0.629957,img_98.jpg
21907,1280,720,631.94293,353.39117,986.8637,986.74805,3.184,0.136,2.951,0.044352,0.778631,0.028904,-0.625245,img_99.jpg
21980,1280,720,631.94293,353.39117,986.8637,986.74805,3.200,0.142,2.994,0.043365,0.781694,0.027030,-0.621566,img_100.jpg
22053,1280,720,631.94293,353.39117,986.8637,986.74805,3.217,0.145,3.035,0.040974,0.779013,0.034701,-0.624704,img_101.jpg
22128,1280,720,631.94293,353.39117,986.8637,986.74805,3.246,0.146,3.089,0.045890,0.775139,0.024189,-0.629657,img_102.jpg
22207,1280,720,631.94293,353.39117,986.8637,986.74805,3.264,0.145,3.127,0.045772,0.768057,0.026330,-0.638201,img_103.jpg
22285,1280,720,631.94293,353.39117,986.8637,986.74805,3.295,0.137,3.176,0.058758,0.755940,0.021712,-0.651637,img_104.jpg
22374,1280,720,631.94293,353.39117,986.8637,986.74805,3.313,0.134,3.215,0.064854,0.746390,0.019680,-0.662049,img_105.jpg
22459,1280,720,631.94293,353.39117,986.8637,986.74805,3.334,0.132,3.266,0.065003,0.732087,0.018113,-0.677860,img_106.jpg
22540,1280,720,631.94293,353.39117,986.8637,986.74805,3.347,0.137,3.300,0.063232,0.723877,0.022920,-0.686643,img_107.jpg
22607,1280,720,631.94293,353.39117,986.8637,986.74805,3.355,0.142,3.330,0.061339,0.719672,0.013101,-0.691475,img_108.jpg
22685,1280,720,631.94293,353.39117,986.8637,986.74805,3.369,0.142,3.368,0.065950,0.715240,0.012089,-0.695655,img_109.jpg
22774,1280,720,631.94293,353.39117,986.8637,986.74805,3.381,0.142,3.388,0.076461,0.711563,0.016062,-0.698265,img_110.jpg
22857,1280,720,631.94293,353.39117,986.8637,986.74805,3.398,0.137,3.412,0.098558,0.705891,0.000869,-0.701429,img_111.jpg
22942,1280,720,631.94293,353.39117,986.8637,986.74805,3.410,0.138,3.421,0.113598,0.708275,0.003022,-0.696730,img_112.jpg
23018,1280,720,631.94293,353.39117,986.8637,986.74805,3.431,0.130,3.443,0.120199,0.703625,0.001320,-0.700330,img_113.jpg
23106,1280,720,631.94293,353.39117,986.8637,986.74805,3.442,0.126,3.459,0.123289,0.695876,0.001445,-0.707499,img_114.jpg
23190,1280,720,631.94293,353.39117,986.8637,986.74805,3.450,0.118,3.487,0.119696,0.698368,-0.011425,-0.705567,img_115.jpg
23273,1280,720,631.94293,353.39117,986.8637,986.74805,3.452,0.111,3.511,0.115459,0.704547,-0.011319,-0.700110,img_116.jpg
23340,1280,720,631.94293,353.39117,986.8637,986.74805,3.455,0.102,3.546,0.116648,0.713540,0.000493,-0.690836,img_117.jpg
23423,1280,720,631.94293,353.39117,986.8637,986.74805,3.452,0.080,3.615,0.119720,0.743170,0.031447,-0.657554,img_118.jpg
23506,1280,720,631.94293,353.39117,986.8637,986.74805,3.444,0.061,3.669,0.121349,0.772235,0.064479,-0.620299,img_119.jpg
23590,1280,720,631.94293,353.39117,986.8637,986.74805,3.429,0.039,3.727,0.119601,0.807800,0.107562,-0.567085,img_120.jpg
23661,1280,720,631.94293,353.39117,986.8637,986.74805,3.382,-0.001,3.814,0.103902,0.856566,0.170903,-0.475701,img_121.jpg
23741,1280,720,631.94293,353.39117,986.8637,986.74805,3.333,-0.027,3.863,0.088732,0.884355,0.205615,-0.409592,img_122.jpg
23809,1280,720,631.94293,353.39117,986.8637,986.74805,3.274,-0.056,3.906,0.073439,0.904095,0.243921,-0.343106,img_123.jpg
23877,1280,720,631.94293,353.39117,986.8637,986.74805,3.274,-0.056,3.906,0.073439,0.904095,0.243921,-0.343106,img_124.jpg
23944,1280,720,631.94293,353.39117,986.8637,986.74805,3.274,-0.056,3.906,0.073439,0.904095,0.243921,-0.343106,img_125.jpg
24023,1280,720,631.94293,353.39117,986.8637,986.74805,3.274,-0.056,3.906,0.073439,0.904095,0.243921,-0.343106,img_126.jpg
24106,1280,720,631.94293,353.39117,986.8637,986.74805,3.274,-0.056,3.906,0.073439,0.904095,0.243921,-0.343106,img_127.jpg
24174,1280,720,631.94293,353.39117,986.8637,986.74805,3.274,-0.056,3.906,0.073439,0.904095,0.243921,-0.343106,img_128.jpg
24239,1280,720,631.94293,353.39117,986.8637,986.74805,3.274,-0.056,3.906,0.073439,0.904095,0.243921,-0.343106,img_129.jpg
24309,1280,720,631.94293,353.39117,986.8637,986.74805,3.274,-0.056,3.906,0.073439,0.904095,0.243921,-0.343106,img_130.jpg
24382,1280,720,631.94293,353.39117,986.8637,986.74805,3.274,-0.056,3.906,0.073439,0.904095,0.243921,-0.343106,img_131.jpg
24449,1280,720,631.94293,353.39117,986.8637,986.74805,3.274,-0.056,3.906,0.073439,0.904095,0.243921,-0.343106,img_132.jpg
24521,1280,720,631.94293,353.39117,986.8637,986.74805,3.274,-0.056,3.906,0.073439,0.904095,0.243921,-0.343106,img_133.jpg
24606,1280,720,631.94293,353.39117,986.8637,986.74805,3.274,-0.056,3.906,0.073439,0.904095,0.243921,-0.343106,img_134.jpg
24677,1280,720,631.94293,353.39117,986.8637,986.74805,3.274,-0.056,3.906,0.073439,0.904095,0.243921,-0.343106,img_135.jpg
24744,1280,720,631.94293,353.39117,986.8637,986.74805,3.274,-0.056,3.906,0.073439,0.904095,0.243921,-0.343106,img_136.jpg
24814,1280,720,631.94293,353.39117,986.8637,986.74805,3.274,-0.056,3.906,0.073439,0.904095,0.243921,-0.343106,img_137.jpg
24890,1280,720,631.94293,353.39117,986.8637,986.74805,3.274,-0.056,3.906,0.073439,0.904095,0.243921,-0.343106,img_138.jpg
24973,1280,720,631.94293,353.39117,986.8637,986.74805,3.274,-0.056,3.906,0.073439,0.904095,0.243921,-0.343106,img_139.jpg
25037,1280,720,631.94293,353.39117,986.8637,986.74805,3.274,-0.056,3.906,0.073439,0.904095,0.243921,-0.343106,img_140.jpg
25123,1280,720,631.94293,353.39117,986.8637,986.74805,3.274,-0.056,3.906,0.073439,0.904095,0.243921,-0.343106,img_141.jpg
25207,1280,720,631.94293,353.39117,986.8637,986.74805,3.274,-0.056,3.906,0.073439,0.904095,0.243921,-0.343106,img_142.jpg
25277,1280,720,631.94293,353.39117,986.8637,986.74805,3.274,-0.056,3.906,0.073439,0.904095,0.243921,-0.343106,img_143.jpg
25344,1280,720,631.94293,353.39117,986.8637,986.74805,3.274,-0.056,3.906,0.073439,0.904095,0.243921,-0.343106,img_144.jpg
25413,1280,720,631.94293,353.39117,986.8637,986.74805,3.274,-0.056,3.906,0.073439,0.904095,0.243921,-0.343106,img_145.jpg
25490,1280,720,631.94293,353.39117,986.8637,986.74805,3.274,-0.056,3.906,0.073439,0.904095,0.243921,-0.343106,img_146.jpg
25558,1280,720,631.94293,353.39117,986.8637,986.74805,3.274,-0.056,3.906,0.073439,0.904095,0.243921,-0.343106,img_147.jpg
25623,1280,720,631.94293,353.39117,986.8637,986.74805,3.274,-0.056,3.906,0.073439,0.904095,0.243921,-0.343106,img_148.jpg
25707,1280,720,631.94293,353.39117,986.8637,986.74805,3.274,-0.056,3.906,0.073439,0.904095,0.243921,-0.343106,img_149.jpg
25775,1280,720,631.94293,353.39117,986.8637,986.74805,3.274,-0.056,3.906,0.073439,0.904095,0.243921,-0.343106,img_150.jpg
25845,1280,720,631.94293,353.39117,986.8637,986.74805,3.274,-0.056,3.906,0.073439,0.904095,0.243921,-0.343106,img_151.jpg
25913,1280,720,631.94293,353.39117,986.8637,986.74805,3.274,-0.056,3.906,0.073439,0.904095,0.243921,-0.343106,img_152.jpg
25987,1280,720,631.94293,353.39117,986.8637,986.74805,3.274,-0.056,3.906,0.073439,0.904095,0.243921,-0.343106,img_153.jpg
26073,1280,720,631.94293,353.39117,986.8637,986.74805,3.274,-0.056,3.906,0.073439,0.904095,0.243921,-0.343106,img_154.jpg
26138,1280,720,631.94293,353.39117,986.8637,986.74805,3.274,-0.056,3.906,0.073439,0.904095,0.243921,-0.343106,img_155.jpg
26224,1280,720,631.94293,353.39117,986.8637,986.74805,3.274,-0.056,3.906,0.073439,0.904095,0.243921,-0.343106,img_156.jpg
26307,1280,720,631.94293,353.39117,986.8637,986.74805,3.274,-0.056,3.906,0.073439,0.904095,0.243921,-0.343106,img_157.jpg
26392,1280,720,631.94293,353.39117,986.8637,986.74805,3.274,-0.056,3.906,0.073439,0.904095,0.243921,-0.343106,img_158.jpg
26474,1280,720,631.94293,353.39117,986.8637,986.74805,3.274,-0.056,3.906,0.073439,0.904095,0.243921,-0.343106,img_159.jpg
26539,1280,720,631.94293,353.39117,986.8637,986.74805,3.274,-0.056,3.906,0.073439,0.904095,0.243921,-0.343106,img_160.jpg
26624,1280,720,631.94293,353.39117,986.8637,986.74805,3.274,-0.056,3.906,0.073439,0.904095,0.243921,-0.343106,img_161.jpg
26707,1280,720,631.94293,353.39117,986.8637,986.74805,3.274,-0.056,3.906,0.073439,0.904095,0.243921,-0.343106,img_162.jpg
26776,1280,720,631.94293,353.39117,986.8637,986.74805,3.274,-0.056,3.906,0.073439,0.904095,0.243921,-0.343106,img_163.jpg
26844,1280,720,631.94293,353.39117,986.8637,986.74805,3.274,-0.056,3.906,0.073439,0.904095,0.243921,-0.343106,img_164.jpg
26913,1280,720,631.94293,353.39117,986.8637,986.74805,3.274,-0.056,3.906,0.073439,0.904095,0.243921,-0.343106,img_165.jpg
26987,1280,720,631.94293,353.39117,986.8637,986.74805,3.274,-0.056,3.906,0.073439,0.904095,0.243921,-0.343106,img_166.jpg
27074,1280,720,631.94293,353.39117,986.8637,986.74805,3.274,-0.056,3.906,0.073439,0.904095,0.243921,-0.343106,img_167.jpg
27140,1280,720,631.94293,353.39117,986.8637,986.74805,3.274,-0.056,3.906,0.073439,0.904095,0.243921,-0.343106,img_168.jpg
27210,1280,720,631.94293,353.39117,986.8637,986.74805,3.274,-0.056,3.906,0.073439,0.904095,0.243921,-0.343106,img_169.jpg
27285,1280,720,631.94293,353.39117,986.8637,986.74805,3.274,-0.056,3.906,0.073439,0.904095,0.243921,-0.343106,img_170.jpg
27358,1280,720,631.94293,353.39117,986.8637,986.74805,3.274,-0.056,3.906,0.073439,0.904095,0.243921,-0.343106,img_171.jpg
27441,1280,720,631.94293,353.39117,986.8637,986.74805,3.274,-0.056,3.906,0.073439,0.904095,0.243921,-0.343106,img_172.jpg
27506,1280,720,631.94293,353.39117,986.8637,986.74805,3.274,-0.056,3.906,0.073439,0.904095,0.243921,-0.343106,img_173.jpg
27578,1280,720,631.94293,353.39117,986.8637,986.74805,3.274,-0.056,3.906,0.073439,0.904095,0.243921,-0.343106,img_174.jpg
27643,1280,720,631.94293,353.39117,986.8637,986.74805,3.274,-0.056,3.906,0.073439,0.904095,0.243921,-0.343106,img_175.jpg
27711,1280,720,631.94293,353.39117,986.8637,986.74805,3.274,-0.056,3.906,0.073439,0.904095,0.243921,-0.343106,img_176.jpg
27779,1280,720,631.94293,353.39117,986.8637,986.74805,3.274,-0.056,3.906,0.073439,0.904095,0.243921,-0.343106,img_177.jpg
27858,1280,720,631.94293,353.39117,986.8637,986.74805,3.274,-0.056,3.906,0.073439,0.904095,0.243921,-0.343106,img_178.jpg
27924,1280,720,631.94293,353.39117,986.8637,986.74805,3.274,-0.056,3.906,0.073439,0.904095,0.243921,-0.343106,img_179.jpg
28007,1280,720,631.94293,353.39117,986.8637,986.74805,3.274,-0.056,3.906,0.073439,0.904095,0.243921,-0.343106,img_180.jpg
28077,1280,720,631.94293,353.39117,986.8637,986.74805,3.274,-0.056,3.906,0.073439,0.904095,0.243921,-0.343106,img_181.jpg
28146,1280,720,631.94293,353.39117,986.8637,986.74805,3.274,-0.056,3.906,0.073439,0.904095,0.243921,-0.343106,img_182.jpg
28215,1280,720,631.94293,353.39117,986.8637,986.74805,3.274,-0.056,3.906,0.073439,0.904095,0.243921,-0.343106,img_183.jpg
28291,1280,720,631.94293,353.39117,986.8637,986.74805,3.274,-0.056,3.906,0.073439,0.904095,0.243921,-0.343106,img_184.jpg
28374,1280,720,631.94293,353.39117,986.8637,986.74805,3.274,-0.056,3.906,0.073439,0.904095,0.243921,-0.343106,img_185.jpg
28441,1280,720,631.94293,353.39117,986.8637,986.74805,3.274,-0.056,3.906,0.073439,0.904095,0.243921,-0.343106,img_186.jpg
28508,1280,720,631.94293,353.39117,986.8637,986.74805,3.274,-0.056,3.906,0.073439,0.904095,0.243921,-0.343106,img_187.jpg
28579,1280,720,631.94293,353.39117,986.8637,986.74805,3.274,-0.056,3.906,0.073439,0.904095,0.243921,-0.343106,img_188.jpg
28646,1280,720,631.94293,353.39117,986.8637,986.74805,3.274,-0.056,3.906,0.073439,0.904095,0.243921,-0.343106,img_189.jpg
28724,1280,720,631.94293,353.39117,986.8637,986.74805,3.274,-0.056,3.906,0.073439,0.904095,0.243921,-0.343106,img_190.jpg
28791,1280,720,631.94293,353.39117,986.8637,986.74805,3.274,-0.056,3.906,0.073439,0.904095,0.243921,-0.343106,img_191.jpg
28858,1280,720,631.94293,353.39117,986.8637,986.74805,3.274,-0.056,3.906,0.073439,0.904095,0.243921,-0.343106,img_192.jpg
28924,1280,720,631.94293,353.39117,986.8637,986.74805,3.274,-0.056,3.906,0.073439,0.904095,0.243921,-0.343106,img_193.jpg
29007,1280,720,631.94293,353.39117,986.8637,986.74805,3.274,-0.056,3.906,0.073439,0.904095,0.243921,-0.343106,img_194.jpg
29071,1280,720,631.94293,353.39117,986.8637,986.74805,3.274,-0.056,3.906,0.073439,0.904095,0.243921,-0.343106,img_195.jpg
29141,1280,720,631.94293,353.39117,986.8637,986.74805,3.274,-0.056,3.906,0.073439,0.904095,0.243921,-0.343106,img_196.jpg
29207,1280,720,631.94293,353.39117,986.8637,986.74805,3.274,-0.056,3.906,0.073439,0.904095,0.243921,-0.343106,img_197.jpg
29273,1280,720,631.94293,353.39117,986.8637,986.74805,3.274,-0.056,3.906,0.073439,0.904095,0.243921,-0.343106,img_198.jpg
29333,1280,720,631.94293,353.39117,986.8637,986.74805,3.274,-0.056,3.906,0.073439,0.904095,0.243921,-0.343106,img_199.jpg
29407,1280,720,631.94293,353.39117,986.8637,986.74805,3.274,-0.056,3.906,0.073439,0.904095,0.243921,-0.343106,img_200.jpg
29470,1280,720,631.94293,353.39117,986.8637,986.74805,3.274,-0.056,3.906,0.073439,0.904095,0.243921,-0.343106,img_201.jpg
29541,1280,720,631.94293,353.39117,986.8637,986.74805,3.274,-0.056,3.906,0.073439,0.904095,0.243921,-0.343106,img_202.jpg
29602,1280,720,631.94293,353.39117,986.8637,986.74805,3.274,-0.056,3.906,0.073439,0.904095,0.243921,-0.343106,img_203.jpg
29674,1280,720,631.94293,353.39117,986.8637,986.74805,3.274,-0.056,3.906,0.073439,0.904095,0.243921,-0.343106,img_204.jpg
29732,1280,720,631.94293,353.39117,986.8637,986.74805,3.274,-0.056,3.906,0.073439,0.904095,0.243921,-0.343106,img_205.jpg
29807,1280,720,631.94293,353.39117,986.8637,986.74805,3.274,-0.056,3.906,0.073439,0.904095,0.243921,-0.343106,img_206.jpg
29870,1280,720,631.94293,353.39117,986.8637,986.74805,3.274,-0.056,3.906,0.073439,0.904095,0.243921,-0.343106,img_207.jpg
29941,1280,720,631.94293,353.39117,986.8637,986.74805,3.274,-0.056,3.906,0.073439,0.904095,0.243921,-0.343106,img_208.jpg
30002,1280,720,631.94293,353.39117,986.8637,986.74805,3.274,-0.056,3.906,0.073439,0.904095,0.243921,-0.343106,img_209.jpg
30074,1280,720,631.94293,353.39117,986.8637,986.74805,3.274,-0.056,3.906,0.073439,0.904095,0.243921,-0.343106,img_210.jpg
30133,1280,720,631.94293,353.39117,986.8637,986.74805,3.274,-0.056,3.906,0.073439,0.904095,0.243921,-0.343106,img_211.jpg
30208,1280,720,631.94293,353.39117,986.8637,986.74805,3.274,-0.056,3.906,0.073439,0.904095,0.243921,-0.343106,img_212.jpg
30271,1280,720,631.94293,353.39117,986.8637,986.74805,3.274,-0.056,3.906,0.073439,0.904095,0.243921,-0.343106,img_213.jpg
30341,1280,720,631.94293,353.39117,986.8637,986.74805,3.274,-0.056,3.906,0.073439,0.904095,0.243921,-0.343106,img_214.jpg
30404,1280,720,631.94293,353.39117,986.8637,986.74805,3.274,-0.056,3.906,0.073439,0.904095,0.243921,-0.343106,img_215.jpg
30491,1280,720,631.94293,353.39117,986.8637,986.74805,3.274,-0.056,3.906,0.073439,0.904095,0.243921,-0.343106,img_216.jpg
30557,1280,720,631.94293,353.39117,986.8637,986.74805,3.274,-0.056,3.906,0.073439,0.904095,0.243921,-0.343106,img_217.jpg
30625,1280,720,631.94293,353.39117,986.8637,986.74805,3.274,-0.056,3.906,0.073439,0.904095,0.243921,-0.343106,img_218.jpg
30691,1280,720,631.94293,353.39117,986.8637,986.74805,3.274,-0.056,3.906,0.073439,0.904095,0.243921,-0.343106,img_219.jpg
30758,1280,720,631.94293,353.39117,986.8637,986.74805,3.274,-0.056,3.906,0.073439,0.904095,0.243921,-0.343106,img_220.jpg
30824,1280,720,631.94293,353.39117,986.8637,986.74805,3.274,-0.056,3.906,0.073439,0.904095,0.243921,-0.343106,img_221.jpg
30891,1280,720,631.94293,353.39117,986.8637,986.74805,3.274,-0.056,3.906,0.073439,0.904095,0.243921,-0.343106,img_222.jpg
30975,1280,720,631.94293,353.39117,986.8637,986.74805,3.274,-0.056,3.906,0.073439,0.904095,0.243921,-0.343106,img_223.jpg
31039,1280,720,631.94293,353.39117,986.8637,986.74805,3.274,-0.056,3.906,0.073439,0.904095,0.243921,-0.343106,img_224.jpg
31125,1280,720,631.94293,353.39117,986.8637,986.74805,3.274,-0.056,3.906,0.073439,0.904095,0.243921,-0.343106,img_225.jpg
31208,1280,720,631.94293,353.39117,986.8637,986.74805,3.274,-0.056,3.906,0.073439,0.904095,0.243921,-0.343106,img_226.jpg
31273,1280,720,631.94293,353.39117,986.8637,986.74805,3.328,0.130,3.432,0.056687,0.779664,0.071049,-0.619567,img_227.jpg
31341,1280,720,631.94293,353.39117,986.8637,986.74805,3.331,0.129,3.427,0.057229,0.784600,0.070936,-0.613267,img_228.jpg
31409,1280,720,631.94293,353.39117,986.8637,986.74805,3.316,0.133,3.433,0.051632,0.789187,0.069057,-0.608070,img_229.jpg
31472,1280,720,631.94293,353.39117,986.8637,986.74805,3.321,0.134,3.428,0.051456,0.799778,0.056696,-0.595393,img_230.jpg
31559,1280,720,631.94293,353.39117,986.8637,986.74805,3.316,0.132,3.430,0.053205,0.804566,0.059607,-0.588465,img_231.jpg
31621,1280,720,631.94293,353.39117,986.8637,986.74805,3.312,0.133,3.436,0.051760,0.806452,0.065881,-0.585335,img_232.jpg
31692,1280,720,631.94293,353.39117,986.8637,986.74805,3.306,0.134,3.443,0.050279,0.806901,0.068192,-0.584579,img_233.jpg
31760,1280,720,631.94293,353.39117,986.8637,986.74805,3.297,0.135,3.455,0.044797,0.807842,0.071730,-0.583301,img_234.jpg
31824,1280,720,631.94293,353.39117,986.8637,986.74805,3.289,0.134,3.471,0.039525,0.810499,0.070987,-0.580078,img_235.jpg
31891,1280,720,631.94293,353.39117,986.8637,986.74805,3.281,0.134,3.490,0.033967,0.813477,0.067829,-0.576628,img_236.jpg
31976,1280,720,631.94293,353.39117,986.8637,986.74805,3.274,0.134,3.516,0.027793,0.813022,0.073155,-0.576950,img_237.jpg
32036,1280,720,631.94293,353.39117,986.8637,986.74805,3.265,0.134,3.544,0.025528,0.815638,0.072977,-0.573373,img_238.jpg
32109,1280,720,631.94293,353.39117,986.8637,986.74805,3.254,0.136,3.572,0.023634,0.813398,0.069955,-0.577003,img_239.jpg
32179,1280,720,631.94293,353.39117,986.8637,986.74805,3.235,0.138,3.616,0.026578,0.808646,0.064645,-0.584129,img_240.jpg
32258,1280,720,631.94293,353.39117,986.8637,986.74805,3.224,0.140,3.645,0.031491,0.806985,0.064401,-0.586204,img_241.jpg
32326,1280,720,631.94293,353.39117,986.8637,986.74805,3.212,0.143,3.677,0.032036,0.802795,0.069152,-0.591364,img_242.jpg
32409,1280,720,631.94293,353.39117,986.8637,986.74805,3.200,0.147,3.710,0.033194,0.801591,0.066076,-0.593283,img_243.jpg
32470,1280,720,631.94293,353.39117,986.8637,986.74805,3.188,0.150,3.743,0.034676,0.803390,0.063160,-0.591078,img_244.jpg
32543,1280,720,631.94293,353.39117,986.8637,986.74805,3.177,0.153,3.776,0.034096,0.807287,0.056880,-0.586421,img_245.jpg
32609,1280,720,631.94293,353.39117,986.8637,986.74805,3.172,0.156,3.812,0.030853,0.811042,0.060747,-0.581007,img_246.jpg
32683,1280,720,631.94293,353.39117,986.8637,986.74805,3.164,0.158,3.862,0.023224,0.813181,0.065965,-0.577795,img_247.jpg
32759,1280,720,631.94293,353.39117,986.8637,986.74805,3.161,0.159,3.894,0.023614,0.816112,0.060652,-0.574217,img_248.jpg
32826,1280,720,631.94293,353.39117,986.8637,986.74805,3.161,0.158,3.928,0.027503,0.816687,0.052148,-0.574062,img_249.jpg
32909,1280,720,631.94293,353.39117,986.8637,986.74805,3.166,0.156,3.973,0.043396,0.818151,0.037331,-0.572147,img_250.jpg
32992,1280,720,631.94293,353.39117,986.8637,986.74805,3.165,0.155,4.012,0.048881,0.818420,0.038039,-0.571273,img_251.jpg
33059,1280,720,631.94293,353.39117,986.8637,986.74805,3.170,0.156,4.046,0.056971,0.823226,0.039514,-0.563464,img_252.jpg
33126,1280,720,631.94293,353.39117,986.8637,986.74805,3.174,0.162,4.081,0.063498,0.830066,0.038221,-0.552718,img_253.jpg
33209,1280,720,631.94293,353.39117,986.8637,986.74805,3.172,0.170,4.134,0.055445,0.833578,0.040176,-0.548142,img_254.jpg
33293,1280,720,631.94293,353.39117,986.8637,986.74805,3.174,0.174,4.172,0.049176,0.830630,0.048034,-0.552566,img_255.jpg
33359,1280,720,631.94293,353.39117,986.8637,986.74805,3.171,0.174,4.203,0.050535,0.831810,0.042066,-0.551152,img_256.jpg
33427,1280,720,631.94293,353.39117,986.8637,986.74805,3.169,0.173,4.235,0.049038,0.826148,0.046112,-0.559417,img_257.jpg
33510,1280,720,631.94293,353.39117,986.8637,986.74805,3.158,0.171,4.282,0.049296,0.818593,0.041545,-0.570745,img_258.jpg
33576,1280,720,631.94293,353.39117,986.8637,986.74805,3.145,0.172,4.311,0.045658,0.812687,0.038913,-0.579604,img_259.jpg
33660,1280,720,631.94293,353.39117,986.8637,986.74805,3.131,0.174,4.339,0.043169,0.805079,0.034733,-0.590574,img_260.jpg,marker_10.jpg,0.2786167,0.2786167,3.684,0.097,4.520,-0.478344,0.512157,-0.525812,-0.525812
33743,1280,720,631.94293,353.39117,986.8637,986.74805,3.115,0.179,4.377,0.042566,0.792732,0.037174,-0.606945,img_261.jpg
33827,1280,720,631.94293,353.39117,986.8637,986.74805,3.106,0.182,4.398,0.042804,0.784669,0.039524,-0.617171,img_262.jpg
33895,1280,720,631.94293,353.39117,986.8637,986.74805,3.099,0.183,4.419,0.044112,0.778129,0.041923,-0.625150,img_263.jpg
33962,1280,720,631.94293,353.39117,986.8637,986.74805,3.094,0.184,4.439,0.045139,0.770612,0.046803,-0.633979,img_264.jpg
34044,1280,720,631.94293,353.39117,986.8637,986.74805,3.086,0.181,4.466,0.046629,0.766048,0.048294,-0.639269,img_265.jpg
34127,1280,720,631.94293,353.39117,986.8637,986.74805,3.085,0.180,4.485,0.045224,0.762589,0.052688,-0.643146,img_266.jpg
34190,1280,720,631.94293,353.39117,986.8637,986.74805,3.087,0.180,4.505,0.042893,0.761238,0.056088,-0.644617,img_267.jpg
34277,1280,720,631.94293,353.39117,986.8637,986.74805,3.090,0.180,4.530,0.040497,0.763753,0.058537,-0.641572,img_268.jpg,marker_10.jpg,0.27650067,0.27650067,3.688,0.100,4.514,-0.479552,0.512095,-0.524722,-0.524722
34339,1280,720,631.94293,353.39117,986.8637,986.74805,3.095,0.179,4.555,0.037443,0.765784,0.065127,-0.638696,img_269.jpg
34410,1280,720,631.94293,353.39117,986.8637,986.74805,3.105,0.178,4.582,0.038023,0.768401,0.070917,-0.634889,img_270.jpg
34479,1280,720,631.94293,353.39117,986.8637,986.74805,3.114,0.174,4.626,0.042849,0.782264,0.067017,-0.617848,img_271.jpg
34560,1280,720,631.94293,353.39117,986.8637,986.74805,3.123,0.174,4.662,0.044141,0.796540,0.064336,-0.599531,img_272.jpg
34622,1280,720,631.94293,353.39117,986.8637,986.74805,3.130,0.176,4.700,0.046985,0.819527,0.056985,-0.568261,img_273.jpg
34710,1280,720,631.94293,353.39117,986.8637,986.74805,3.138,0.184,4.768,0.045321,0.856501,0.058023,-0.510866,img_274.jpg
34793,1280,720,631.94293,353.39117,986.8637,986.74805,3.141,0.190,4.814,0.057084,0.890953,0.053404,-0.447316,img_275.jpg
34864,1280,720,631.94293,353.39117,986.8637,986.74805,3.139,0.196,4.862,0.058023,0.917104,0.051593,-0.391015,img_276.jpg
34930,1280,720,631.94293,353.39117,986.8637,986.74805,3.130,0.200,4.911,0.050725,0.938687,0.053571,-0.336786,img_277.jpg
34998,1280,720,631.94293,353.39117,986.8637,986.74805,3.122,0.202,4.958,0.043516,0.955004,0.057226,-0.287748,img_278.jpg
35069,1280,720,631.94293,353.39117,986.8637,986.74805,3.111,0.203,4.998,0.043448,0.968682,0.056292,-0.237904,img_279.jpg
35136,1280,720,631.94293,353.39117,986.8637,986.74805,3.094,0.204,5.035,0.038417,0.978438,0.058527,-0.194316,img_280.jpg
35202,1280,720,631.94293,353.39117,986.8637,986.74805,3.077,0.207,5.069,0.035466,0.985827,0.062221,-0.151709,img_281.jpg
35273,1280,720,631.94293,353.39117,986.8637,986.74805,3.047,0.214,5.103,0.033872,0.992998,0.059157,-0.096475,img_282.jpg
35344,1280,720,631.94293,353.39117,986.8637,986.74805,3.029,0.218,5.125,0.032691,0.995515,0.059498,-0.065894,img_283.jpg
35427,1280,720,631.94293,353.39117,986.8637,986.74805,3.015,0.223,5.138,0.034210,0.997133,0.058425,-0.033812,img_284.jpg
35487,1280,720,631.94293,353.39117,986.8637,986.74805,2.999,0.221,5.166,0.027576,0.997659,0.062102,-0.007703,img_285.jpg
35560,1280,720,631.94293,353.39117,986.8637,986.74805,2.982,0.223,5.182,0.024687,0.997620,0.061614,0.018687,img_286.jpg
35625,1280,720,631.94293,353.39117,986.8637,986.74805,2.974,0.220,5.201,0.021926,0.996952,0.061910,0.042100,img_287.jpg
35711,1280,720,631.94293,353.39117,986.8637,986.74805,2.961,0.222,5.217,0.020453,0.995838,0.059784,0.065684,img_288.jpg
35780,1280,720,631.94293,353.39117,986.8637,986.74805,2.937,0.221,5.231,0.013592,0.993020,0.058113,0.101735,img_289.jpg
35861,1280,720,631.94293,353.39117,986.8637,986.74805,2.918,0.220,5.235,0.013579,0.990071,0.055332,0.128504,img_290.jpg
35928,1280,720,631.94293,353.39117,986.8637,986.74805,2.898,0.220,5.240,0.010046,0.987550,0.056241,0.146565,img_291.jpg
36011,1280,720,631.94293,353.39117,986.8637,986.74805,2.870,0.223,5.241,0.006557,0.984573,0.051164,0.167200,img_292.jpg
36095,1280,720,631.94293,353.39117,986.8637,986.74805,2.847,0.222,5.243,-0.000981,0.983020,0.050937,0.176285,img_293.jpg
36178,1280,720,631.94293,353.39117,986.8637,986.74805,2.821,0.219,5.245,-0.007177,0.982463,0.053492,0.178476,img_294.jpg
36241,1280,720,631.94293,353.39117,986.8637,986.74805,2.775,0.213,5.250,-0.016042,0.982911,0.056527,0.174453,img_295.jpg
36312,1280,720,631.94293,353.39117,986.8637,986.74805,2.741,0.210,5.258,-0.014366,0.983208,0.053526,0.173872,img_296.jpg
36395,1280,720,631.94293,353.39117,986.8637,986.74805,2.702,0.208,5.271,-0.014471,0.985078,0.052495,0.163265,img_297.jpg
36457,1280,720,631.94293,353.39117,986.8637,986.74805,2.665,0.203,5.283,-0.018019,0.987758,0.054436,0.145075,img_298.jpg
36529,1280,720,631.94293,353.39117,986.8637,986.74805,2.624,0.199,5.298,-0.018669,0.990254,0.055871,0.126206,img_299.jpg
36599,1280,720,631.94293,353.39117,986.8637,986.74805,2.586,0.194,5.317,-0.021633,0.993350,0.061032,0.095202,img_300.jpg
36662,1280,720,631.94293,353.39117,986.8637,986.74805,2.557,0.190,5.334,-0.018043,0.995292,0.070017,0.064541,img_301.jpg
36725,1280,720,631.94293,353.39117,986.8637,986.74805,2.534,0.189,5.349,-0.012742,0.996398,0.071025,0.044539,img_302.jpg,marker_11.jpg,0.27061498,0.27061498,2.452,0.102,5.875,0.018509,0.697445,-0.715565,-0.715565
36812,1280,720,631.94293,353.39117,986.8637,986.74805,2.507,0.193,5.368,-0.012041,0.996210,0.083066,0.022825,img_303.jpg
36878,1280,720,631.94293,353.39117,986.8637,986.74805,2.496,0.198,5.373,-0.009755,0.996402,0.083171,0.013049,img_304.jpg
36961,1280,720,631.94293,353.39117,986.8637,986.74805,2.488,0.203,5.369,-0.002537,0.996938,0.077785,0.007550,img_305.jpg
37023,1280,720,631.94293,353.39117,986.8637,986.74805,2.485,0.206,5.364,0.003531,0.996974,0.077631,0.002004,img_306.jpg
37095,1280,720,631.94293,353.39117,986.8637,986.74805,2.480,0.208,5.359,0.005736,0.996950,0.077813,-0.001846,img_307.jpg
37168,1280,720,631.94293,353.39117,986.8637,986.74805,2.474,0.208,5.353,0.006171,0.996802,0.079358,-0.007118,img_308.jpg
37245,1280,720,631.94293,353.39117,986.8637,986.74805,2.462,0.203,5.348,0.003916,0.996319,0.084495,-0.013931,img_309.jpg
37312,1280,720,631.94293,353.39117,986.8637,986.74805,2.455,0.200,5.344,0.000193,0.995887,0.087510,-0.023454,img_310.jpg,marker_11.jpg,0.2675928,0.2675928,2.460,0.101,5.874,0.025028,0.692438,-0.719779,-0.719779
37395,1280,720,631.94293,353.39117,986.8637,986.74805,2.447,0.197,5.339,-0.000477,0.996040,0.084938,-0.026279,img_311.jpg
37460,1280,720,631.94293,353.39117,986.8637,986.74805,2.438,0.196,5.329,-0.000179,0.996916,0.075613,-0.021002,img_312.jpg
37529,1280,720,631.94293,353.39117,986.8637,986.74805,2.425,0.193,5.315,-0.003273,0.997177,0.072863,-0.017822,img_313.jpg
37598,1280,720,631.94293,353.39117,986.8637,986.74805,2.408,0.191,5.298,-0.005020,0.997191,0.074032,-0.010189,img_314.jpg
37661,1280,720,631.94293,353.39117,986.8637,986.74805,2.388,0.192,5.270,-0.007269,0.997383,0.071134,-0.010674,img_315.jpg
37727,1280,720,631.94293,353.39117,986.8637,986.74805,2.366,0.191,5.234,-0.006867,0.997342,0.071445,-0.012548,img_316.jpg
37812,1280,720,631.94293,353.39117,986.8637,986.74805,2.335,0.193,5.179,0.003349,0.997113,0.073539,-0.018615,img_317.jpg
37879,1280,720,631.94293,353.39117,986.8637,986.74805,2.316,0.193,5.144,0.011453,0.996532,0.078501,-0.025090,img_318.jpg,marker_11.jpg,0.26764432,0.26764432,2.457,0.103,5.878,0.022738,0.697702,-0.714728,-0.714728
37962,1280,720,631.94293,353.39117,986.8637,986.74805,2.293,0.197,5.109,0.017101,0.996910,0.072654,-0.024476,img_319.jpg
38025,1280,720,631.94293,353.39117,986.8637,986.74805,2.265,0.198,5.084,0.016201,0.996801,0.073461,-0.027002,img_320.jpg
38096,1280,720,631.94293,353.39117,986.8637,986.74805,2.233,0.197,5.064,0.014712,0.996768,0.075811,-0.022115,img_321.jpg
38166,1280,720,631.94293,353.39117,986.8637,986.74805,2.194,0.196,5.045,0.012140,0.996834,0.076403,-0.018373,img_322.jpg
38229,1280,720,631.94293,353.39117,986.8637,986.74805,2.151,0.195,5.028,0.011805,0.996863,0.076796,-0.015058,img_323.jpg
38294,1280,720,631.94293,353.39117,986.8637,986.74805,2.099,0.194,5.011,0.012703,0.997246,0.072508,-0.009047,img_324.jpg
38379,1280,720,631.94293,353.39117,986.8637,986.74805,2.001,0.192,4.990,0.011868,0.997637,0.065327,0.017688,img_325.jpg
38463,1280,720,631.94293,353.39117,986.8637,986.74805,1.923,0.186,4.979,0.009313,0.996372,0.075393,0.038356,img_326.jpg
38526,1280,720,631.94293,353.39117,986.8637,986.74805,1.840,0.179,4.965,0.010384,0.994962,0.075395,0.065251,img_327.jpg
38613,1280,720,631.94293,353.39117,986.8637,986.74805,1.715,0.172,4.941,-0.002355,0.991458,0.094343,0.090032,img_328.jpg
38696,1280,720,631.94293,353.39117,986.8637,986.74805,1.645,0.171,4.921,0.002852,0.990038,0.092852,0.105807,img_329.jpg
38766,1280,720,631.94293,353.39117,986.8637,986.74805,1.582,0.173,4.902,0.001905,0.988088,0.095115,0.120960,img_330.jpg
38831,1280,720,631.94293,353.39117,986.8637,986.74805,1.526,0.179,4.881,-0.001563,0.986470,0.093261,0.134819,img_331.jpg
38901,1280,720,631.94293,353.39117,986.8637,986.74805,1.478,0.186,4.860,-0.002762,0.984368,0.085890,0.153740,img_332.jpg
38971,1280,720,631.94293,353.39117,986.8637,986.74805,1.413,0.196,4.840,-0.008635,0.979965,0.079722,0.182316,img_333.jpg
39047,1280,720,631.94293,353.39117,986.8637,986.74805,1.375,0.201,4.829,-0.005074,0.975966,0.071306,0.205865,img_334.jpg
39114,1280,720,631.94293,353.39117,986.8637,986.74805,1.332,0.205,4.818,-0.011249,0.971559,0.068012,0.226540,img_335.jpg
39196,1280,720,631.94293,353.39117,986.8637,986.74805,1.294,0.208,4.817,-0.020025,0.967862,0.068998,0.241002,img_336.jpg
39265,1280,720,631.94293,353.39117,986.8637,986.74805,1.265,0.211,4.816,0.025530,-0.966357,-0.070086,-0.246151,img_337.jpg
39333,1280,720,631.94293,353.39117,986.8637,986.74805,1.234,0.215,4.813,0.018613,-0.968155,-0.058963,-0.242598,img_338.jpg
39399,1280,720,631.94293,353.39117,986.8637,986.74805,1.200,0.219,4.827,-0.016379,0.971320,0.053149,0.231181,img_339.jpg
39465,1280,720,631.94293,353.39117,986.8637,986.74805,1.157,0.217,4.843,-0.013623,0.970348,0.051872,0.235688,img_340.jpg
39533,1280,720,631.94293,353.39117,986.8637,986.74805,1.127,0.219,4.858,-0.005169,0.968937,0.056959,0.240604,img_341.jpg
39599,1280,720,631.94293,353.39117,986.8637,986.74805,1.087,0.222,4.874,0.002711,0.965923,0.069755,0.249238,img_342.jpg
39670,1280,720,631.94293,353.39117,986.8637,986.74805,1.054,0.225,4.881,0.013662,0.965310,0.073913,0.250056,img_343.jpg
39735,1280,720,631.94293,353.39117,986.8637,986.74805,1.027,0.224,4.887,0.015322,0.963296,0.080403,0.255659,img_344.jpg
39805,1280,720,631.94293,353.39117,986.8637,986.74805,0.990,0.225,4.881,0.005297,0.964380,0.080550,0.251902,img_345.jpg
39880,1280,720,631.94293,353.39117,986.8637,986.74805,0.973,0.225,4.868,0.001742,0.966598,0.073490,0.245530,img_346.jpg
39964,1280,720,631.94293,353.39117,986.8637,986.74805,0.948,0.222,4.856,-0.002155,0.969463,0.066911,0.235921,img_347.jpg
40025,1280,720,631.94293,353.39117,986.8637,986.74805,0.922,0.219,4.840,-0.004133,0.973335,0.056536,0.222274,img_348.jpg
40097,1280,720,631.94293,353.39117,986.8637,986.74805,0.887,0.216,4.824,-0.008595,0.977852,0.053217,0.202236,img_349.jpg
40169,1280,720,631.94293,353.39117,986.8637,986.74805,0.853,0.212,4.808,-0.001559,0.981511,0.049524,0.184879,img_350.jpg
40236,1280,720,631.94293,353.39117,986.8637,986.74805,0.819,0.209,4.789,-0.001812,0.985391,0.050943,0.162502,img_351.jpg
40306,1280,720,631.94293,353.39117,986.8637,986.74805,0.771,0.208,4.759,-0.006452,0.990283,0.060855,0.124879,img_352.jpg
40380,1280,720,631.94293,353.39117,986.8637,986.74805,0.743,0.209,4.742,-0.013129,0.991842,0.081226,0.097366,img_353.jpg
40464,1280,720,631.94293,353.39117,986.8637,986.74805,0.722,0.214,4.728,-0.006962,0.992408,0.084677,0.088926,img_354.jpg
40528,1280,720,631.94293,353.39117,986.8637,986.74805,0.705,0.214,4.711,-0.008035,0.993232,0.088964,0.074232,img_355.jpg
40598,1280,720,631.94293,353.39117,986.8637,986.74805,0.685,0.215,4.700,-0.005954,0.993875,0.088194,0.066328,img_356.jpg
40671,1280,720,631.94293,353.39117,986.8637,986.74805,0.670,0.216,4.691,-0.004517,0.994288,0.088411,0.059625,img_357.jpg
40736,1280,720,631.94293,353.39117,986.8637,986.74805,0.658,0.216,4.685,-0.000906,0.994743,0.086724,0.054442,img_358.jpg
40803,1280,720,631.94293,353.39117,986.8637,986.74805,0.645,0.214,4.673,0.004227,0.996713,0.067176,0.045078,img_359.jpg,marker_12.jpg,0.26728046,0.26728046,0.587,0.085,5.234,0.049884,0.695871,-0.715913,-0.715913
40882,1280,720,631.94293,353.39117,986.8637,986.74805,0.642,0.211,4.671,0.014123,0.995283,0.085993,0.042626,img_360.jpg
40947,1280,720,631.94293,353.39117,986.8637,986.74805,0.632,0.209,4.670,0.012611,0.994992,0.092441,0.035859,img_361.jpg
41015,1280,720,631.94293,353.39117,986.8637,986.74805,0.624,0.208,4.663,0.010898,0.995674,0.085412,0.034919,img_362.jpg
41098,1280,720,631.94293,353.39117,986.8637,986.74805,0.621,0.206,4.658,0.010219,0.996030,0.078750,0.040218,img_363.jpg
41162,1280,720,631.94293,353.39117,986.8637,986.74805,0.618,0.204,4.655,0.007491,0.995820,0.081261,0.041030,img_364.jpg
41248,1280,720,631.94293,353.39117,986.8637,986.74805,0.613,0.203,4.647,0.008841,0.996255,0.073276,0.045030,img_365.jpg
41331,1280,720,631.94293,353.39117,986.8637,986.74805,0.610,0.203,4.646,0.003927,0.996092,0.077743,0.041727,img_366.jpg
41395,1280,720,631.94293,353.39117,986.8637,986.74805,0.608,0.204,4.644,0.003150,0.996215,0.077579,0.039079,img_367.jpg,marker_12.jpg,0.26705495,0.26705495,0.590,0.085,5.232,0.042326,0.695919,-0.716488,-0.716488
41481,1280,720,631.94293,353.39117,986.8637,986.74805,0.607,0.205,4.640,0.003213,0.996469,0.076527,0.034405,img_368.jpg
41550,1280,720,631.94293,353.39117,986.8637,986.74805,0.607,0.205,4.639,0.002778,0.996322,0.079628,0.031545,img_369.jpg
41633,1280,720,631.94293,353.39117,986.8637,986.74805,0.607,0.206,4.638,0.001507,0.996087,0.083846,0.027888,img_370.jpg
41699,1280,720,631.94293,353.39117,986.8637,986.74805,0.606,0.207,4.637,-0.002236,0.996088,0.082621,0.031267,img_371.jpg
41767,1280,720,631.94293,353.39117,986.8637,986.74805,0.605,0.207,4.636,-0.010004,0.996282,0.081784,0.025152,img_372.jpg
41846,1280,720,631.94293,353.39117,986.8637,986.74805,0.603,0.206,4.636,-0.011198,0.996116,0.084356,0.022631,img_373.jpg
