time,sizeX,sizeY,p_x,p_y,f_x,f_y,pos_X,pos_Y,pos_Z,q_x,q_y,q_z,q_w,marker_ID,marker_x,marker_y,marker_z,marker_qx,marker_qy,marker_qz,marker_qw,marker_ID,marker_x,marker_y,marker_z,marker_qx,marker_qy,marker_qz,marker_qw,marker_ID,marker_x,marker_y,marker_z,marker_qx,marker_qy,marker_qz,marker_qw,
12202,1280,720,631.94293,353.39117,986.8637,986.74805,0.467,-0.108,0.902,0.079469,-0.004610,-0.006575,-0.996805,img_1.jpg
12277,1280,720,631.94293,353.39117,986.8637,986.74805,0.469,-0.108,0.903,0.076711,-0.005666,-0.003017,-0.997033,img_2.jpg,marker_1.jpg,0.28216895,0.28216895,0.462,-0.182,0.362,-0.708127,-0.007249,0.008158,0.008158
12354,1280,720,631.94293,353.39117,986.8637,986.74805,0.470,-0.108,0.902,0.082597,-0.005642,-0.007483,-0.996539,img_3.jpg
12453,1280,720,631.94293,353.39117,986.8637,986.74805,0.476,-0.108,0.901,0.083568,-0.017137,-0.005981,-0.996337,img_4.jpg
12536,1280,720,631.94293,353.39117,986.8637,986.74805,0.484,-0.107,0.901,0.081619,-0.027903,-0.007960,-0.996241,img_5.jpg
12606,1280,720,631.94293,353.39117,986.8637,986.74805,0.493,-0.107,0.900,0.077751,-0.041787,-0.011825,-0.996027,img_6.jpg
12686,1280,720,631.94293,353.39117,986.8637,986.74805,0.513,-0.106,0.899,0.075499,-0.062272,-0.010327,-0.995146,img_7.jpg
12772,1280,720,631.94293,353.39117,986.8637,986.74805,0.529,-0.104,0.901,0.078924,-0.068894,-0.015473,-0.994377,img_8.jpg,marker_1.jpg,0.27773815,0.27773815,0.461,-0.180,0.369,-0.709736,-0.005947,0.005747,0.005747
12853,1280,720,631.94293,353.39117,986.8637,986.74805,0.559,-0.099,0.912,0.080778,-0.072446,-0.014504,-0.993990,img_9.jpg
12936,1280,720,631.94293,353.39117,986.8637,986.74805,0.583,-0.094,0.927,0.073569,-0.068624,-0.012632,-0.994846,img_10.jpg
13006,1280,720,631.94293,353.39117,986.8637,986.74805,0.612,-0.092,0.946,0.060358,-0.055764,-0.017312,-0.996468,img_11.jpg
13071,1280,720,631.94293,353.39117,986.8637,986.74805,0.643,-0.090,0.965,0.052753,-0.045697,-0.019750,-0.997366,img_12.jpg
13135,1280,720,631.94293,353.39117,986.8637,986.74805,0.677,-0.090,0.987,0.043375,-0.029232,-0.022362,-0.998381,img_13.jpg
13206,1280,720,631.94293,353.39117,986.8637,986.74805,0.710,-0.091,1.005,0.059814,-0.014752,-0.014514,-0.997995,img_14.jpg
13287,1280,720,631.94293,353.39117,986.8637,986.74805,0.758,-0.094,1.034,0.085928,-0.005573,-0.013965,-0.996188,img_15.jpg
13370,1280,720,631.94293,353.39117,986.8637,986.74805,0.790,-0.092,1.056,0.077590,0.010933,-0.031958,-0.996413,img_16.jpg
13453,1280,720,631.94293,353.39117,986.8637,986.74805,0.829,-0.090,1.075,0.077154,0.024325,-0.029321,-0.996291,img_17.jpg
13521,1280,720,631.94293,353.39117,986.8637,986.74805,0.889,-0.084,1.098,0.073286,0.049052,-0.025024,-0.995790,img_18.jpg
13602,1280,720,631.94293,353.39117,986.8637,986.74805,0.932,-0.080,1.112,0.069659,0.066146,-0.024278,-0.995079,img_19.jpg
13671,1280,720,631.94293,353.39117,986.8637,986.74805,0.978,-0.077,1.122,0.068902,0.079321,-0.016148,-0.994334,img_20.jpg
13753,1280,720,631.94293,353.39117,986.8637,986.74805,1.057,-0.074,1.135,0.063922,0.106767,-0.006829,-0.992204,img_21.jpg
13837,1280,720,631.94293,353.39117,986.8637,986.74805,1.114,-0.074,1.144,0.061719,0.127313,-0.007312,-0.989913,img_22.jpg
13903,1280,720,631.94293,353.39117,986.8637,986.74805,1.174,-0.074,1.155,0.061506,0.138688,-0.007081,-0.988399,img_23.jpg
13970,1280,720,631.94293,353.39117,986.8637,986.74805,1.237,-0.074,1.166,0.059824,0.147723,-0.005291,-0.987204,img_24.jpg
14033,1280,720,631.94293,353.39117,986.8637,986.74805,1.298,-0.073,1.178,0.051572,0.151741,-0.009386,-0.987029,img_25.jpg
14109,1280,720,631.94293,353.39117,986.8637,986.74805,1.360,-0.070,1.187,0.060083,0.153448,-0.008152,-0.986295,img_26.jpg
14187,1280,720,631.94293,353.39117,986.8637,986.74805,1.417,-0.067,1.192,0.066703,0.156398,-0.008283,-0.985404,img_27.jpg
14257,1280,720,631.94293,353.39117,986.8637,986.74805,1.467,-0.063,1.193,0.078091,0.170751,-0.005978,-0.982197,img_28.jpg
14328,1280,720,631.94293,353.39117,986.8637,986.74805,1.553,-0.062,1.193,0.084199,0.189005,0.010870,-0.978299,img_29.jpg
14404,1280,720,631.94293,353.39117,986.8637,986.74805,1.607,-0.065,1.192,0.090048,0.199434,0.025201,-0.975440,img_30.jpg
14469,1280,720,631.94293,353.39117,986.8637,986.74805,1.657,-0.068,1.190,0.088313,0.220543,0.026667,-0.971005,img_31.jpg
14555,1280,720,631.94293,353.39117,986.8637,986.74805,1.725,-0.072,1.178,0.086198,0.248623,0.029233,-0.964314,img_32.jpg
14637,1280,720,631.94293,353.39117,986.8637,986.74805,1.775,-0.074,1.168,0.084285,0.264863,0.032158,-0.960057,img_33.jpg
14720,1280,720,631.94293,353.39117,986.8637,986.74805,1.824,-0.076,1.153,0.077184,0.288533,0.025231,-0.954020,img_34.jpg
14783,1280,720,631.94293,353.39117,986.8637,986.74805,1.876,-0.075,1.133,0.075006,0.308501,0.017445,-0.948102,img_35.jpg
14849,1280,720,631.94293,353.39117,986.8637,986.74805,1.928,-0.070,1.113,0.074452,0.331285,0.016131,-0.940450,img_36.jpg
14921,1280,720,631.94293,353.39117,986.8637,986.74805,2.009,-0.058,1.088,0.077429,0.357136,0.029110,-0.930382,img_37.jpg
15003,1280,720,631.94293,353.39117,986.8637,986.74805,2.057,-0.051,1.076,0.069663,0.377046,0.028796,-0.923122,img_38.jpg
15067,1280,720,631.94293,353.39117,986.8637,986.74805,2.104,-0.046,1.065,0.065947,0.397816,0.033730,-0.914470,img_39.jpg
15158,1280,720,631.94293,353.39117,986.8637,986.74805,2.182,-0.044,1.047,0.057572,0.426569,0.042271,-0.901631,img_40.jpg
15238,1280,720,631.94293,353.39117,986.8637,986.74805,2.232,-0.044,1.036,0.054468,0.443711,0.047469,-0.893253,img_41.jpg
15308,1280,720,631.94293,353.39117,986.8637,986.74805,2.283,-0.045,1.025,0.047856,0.458993,0.044675,-0.886025,img_42.jpg
15376,1280,720,631.94293,353.39117,986.8637,986.74805,2.335,-0.045,1.011,0.039204,0.471760,0.038376,-0.880019,img_43.jpg
15445,1280,720,631.94293,353.39117,986.8637,986.74805,2.385,-0.042,1.000,0.031660,0.480259,0.035490,-0.875837,img_44.jpg
15521,1280,720,631.94293,353.39117,986.8637,986.74805,2.437,-0.039,0.990,0.027602,0.491140,0.034777,-0.869948,img_45.jpg
15584,1280,720,631.94293,353.39117,986.8637,986.74805,2.488,-0.035,0.980,0.030618,0.502371,0.041001,-0.863136,img_46.jpg
15655,1280,720,631.94293,353.39117,986.8637,986.74805,2.558,-0.027,0.967,0.030254,0.516066,0.040099,-0.855075,img_47.jpg
15738,1280,720,631.94293,353.39117,986.8637,986.74805,2.605,-0.025,0.957,0.033050,0.529242,0.042661,-0.846753,img_48.jpg
15798,1280,720,631.94293,353.39117,986.8637,986.74805,2.645,-0.023,0.949,0.036448,0.541857,0.049960,-0.838192,img_49.jpg
15873,1280,720,631.94293,353.39117,986.8637,986.74805,2.694,-0.024,0.937,0.037980,0.555659,0.052073,-0.828908,img_50.jpg
15941,1280,720,631.94293,353.39117,986.8637,986.74805,2.738,-0.025,0.925,0.042295,0.571569,0.048672,-0.818017,img_51.jpg
16009,1280,720,631.94293,353.39117,986.8637,986.74805,2.776,-0.030,0.912,0.046592,0.588137,0.051233,-0.805791,img_52.jpg
16088,1280,720,631.94293,353.39117,986.8637,986.74805,2.830,-0.037,0.890,0.050336,0.607333,0.060116,-0.790569,img_53.jpg
16172,1280,720,631.94293,353.39117,986.8637,986.74805,2.867,-0.039,0.868,0.050253,0.617960,0.057609,-0.782484,img_54.jpg
16236,1280,720,631.94293,353.39117,986.8637,986.74805,2.902,-0.039,0.843,0.044727,0.627602,0.053757,-0.775388,img_55.jpg
16322,1280,720,631.94293,353.39117,986.8637,986.74805,2.949,-0.037,0.809,0.038311,0.645418,0.053894,-0.760962,img_56.jpg
16388,1280,720,631.94293,353.39117,986.8637,986.74805,2.978,-0.037,0.786,0.043846,0.655448,0.048237,-0.752422,img_57.jpg,marker_3.jpg,0.26558316,0.26558316,3.577,-0.128,0.732,-0.516580,0.502401,-0.491523,-0.491523
16473,1280,720,631.94293,353.39117,986.8637,986.74805,3.000,-0.034,0.771,0.045772,0.665117,0.049183,-0.743711,img_58.jpg
16557,1280,720,631.94293,353.39117,986.8637,986.74805,3.022,-0.032,0.758,0.044486,0.673362,0.051118,-0.736201,img_59.jpg
16632,1280,720,631.94293,353.39117,986.8637,986.74805,3.061,-0.031,0.738,0.043209,0.685145,0.047817,-0.725550,img_60.jpg
16722,1280,720,631.94293,353.39117,986.8637,986.74805,3.088,-0.033,0.729,0.044367,0.692249,0.056387,-0.718083,img_61.jpg
16806,1280,720,631.94293,353.39117,986.8637,986.74805,3.100,-0.035,0.725,0.047435,0.697330,0.054036,-0.713134,img_62.jpg
16886,1280,720,631.94293,353.39117,986.8637,986.74805,3.112,-0.035,0.721,0.050059,0.699941,0.054125,-0.710386,img_63.jpg
16962,1280,720,631.94293,353.39117,986.8637,986.74805,3.122,-0.033,0.720,0.051660,0.702273,0.054182,-0.707961,img_64.jpg
17039,1280,720,631.94293,353.39117,986.8637,986.74805,3.124,-0.033,0.721,0.053115,0.703549,0.052437,-0.706716,img_65.jpg,marker_3.jpg,0.26450393,0.26450393,3.581,-0.130,0.725,-0.508732,0.509617,-0.491838,-0.491838
17120,1280,720,631.94293,353.39117,986.8637,986.74805,3.126,-0.034,0.728,0.054868,0.706269,0.056788,-0.703526,img_66.jpg
17207,1280,720,631.94293,353.39117,986.8637,986.74805,3.127,-0.033,0.737,0.056863,0.706892,0.060315,-0.702448,img_67.jpg
17280,1280,720,631.94293,353.39117,986.8637,986.74805,3.123,-0.033,0.751,0.056636,0.707879,0.060418,-0.701462,img_68.jpg
17373,1280,720,631.94293,353.39117,986.8637,986.74805,3.114,-0.033,0.785,0.054221,0.704996,0.067128,-0.703942,img_69.jpg
17441,1280,720,631.94293,353.39117,986.8637,986.74805,3.108,-0.033,0.816,0.054000,0.701556,0.078544,-0.706212,img_70.jpg
17521,1280,720,631.94293,353.39117,986.8637,986.74805,3.095,-0.034,0.873,0.046640,0.704859,0.080271,-0.703246,img_71.jpg
17606,1280,720,631.94293,353.39117,986.8637,986.74805,3.086,-0.033,0.916,0.041677,0.704785,0.082078,-0.703423,img_72.jpg
17679,1280,720,631.94293,353.39117,986.8637,986.74805,3.076,-0.033,0.966,0.036402,0.705277,0.081002,-0.703348,img_73.jpg
17757,1280,720,631.94293,353.39117,986.8637,986.74805,3.055,-0.034,1.052,0.028018,0.704950,0.076323,-0.704582,img_74.jpg
17842,1280,720,631.94293,353.39117,986.8637,986.74805,3.043,-0.034,1.113,0.032177,0.711212,0.082995,-0.697319,img_75.jpg
17916,1280,720,631.94293,353.39117,986.8637,986.74805,3.023,-0.034,1.204,0.039522,0.718736,0.077295,-0.689842,img_76.jpg
18007,1280,720,631.94293,353.39117,986.8637,986.74805,3.011,-0.035,1.263,0.045321,0.719143,0.079851,-0.688769,img_77.jpg
18087,1280,720,631.94293,353.39117,986.8637,986.74805,2.997,-0.038,1.339,0.050339,0.728710,0.073716,-0.678980,img_78.jpg
18176,1280,720,631.94293,353.39117,986.8637,986.74805,2.992,-0.038,1.386,0.047256,0.733856,0.072696,-0.673749,img_79.jpg
18250,1280,720,631.94293,353.39117,986.8637,986.74805,2.992,-0.039,1.432,0.044431,0.740150,0.073601,-0.666923,img_80.jpg
18331,1280,720,631.94293,353.39117,986.8637,986.74805,2.999,-0.044,1.503,0.043320,0.753607,0.075174,-0.651574,img_81.jpg
18424,1280,720,631.94293,353.39117,986.8637,986.74805,3.015,-0.053,1.579,0.048315,0.767355,0.068570,-0.635712,img_82.jpg
18506,1280,720,631.94293,353.39117,986.8637,986.74805,3.031,-0.059,1.632,0.054719,0.775620,0.064464,-0.625511,img_83.jpg
18580,1280,720,631.94293,353.39117,986.8637,986.74805,3.048,-0.062,1.685,0.061530,0.782179,0.063141,-0.616785,img_84.jpg
18657,1280,720,631.94293,353.39117,986.8637,986.74805,3.071,-0.053,1.771,0.057245,0.788432,0.079639,-0.607253,img_85.jpg
18742,1280,720,631.94293,353.39117,986.8637,986.74805,3.081,-0.045,1.826,0.044566,0.797047,0.071259,-0.598040,img_86.jpg
18814,1280,720,631.94293,353.39117,986.8637,986.74805,3.091,-0.043,1.885,0.031660,0.806031,0.084324,-0.584980,img_87.jpg
18901,1280,720,631.94293,353.39117,986.8637,986.74805,3.103,-0.043,1.971,0.020777,0.820560,0.079242,-0.565659,img_88.jpg
18994,1280,720,631.94293,353.39117,986.8637,986.74805,3.109,-0.046,2.058,0.007489,0.828108,0.081484,-0.554565,img_89.jpg
19074,1280,720,631.94293,353.39117,986.8637,986.74805,3.111,-0.050,2.112,0.007094,0.833181,0.072731,-0.548151,img_90.jpg
19146,1280,720,631.94293,353.39117,986.8637,986.74805,3.112,-0.051,2.171,0.013429,0.836583,0.060121,-0.544365,img_91.jpg
19227,1280,720,631.94293,353.39117,986.8637,986.74805,3.108,-0.045,2.266,0.005537,0.828617,0.054279,-0.557152,img_92.jpg
19306,1280,720,631.94293,353.39117,986.8637,986.74805,3.111,-0.038,2.331,0.006729,0.825860,0.058378,-0.560805,img_93.jpg
19376,1280,720,631.94293,353.39117,986.8637,986.74805,3.112,-0.031,2.391,0.008866,0.823672,0.058174,-0.564005,img_94.jpg
19447,1280,720,631.94293,353.39117,986.8637,986.74805,3.117,-0.027,2.447,0.006350,0.822313,0.050630,-0.566744,img_95.jpg
19520,1280,720,631.94293,353.39117,986.8637,986.74805,3.129,-0.024,2.501,0.002791,0.815948,0.063778,-0.574590,img_96.jpg
19607,1280,720,631.94293,353.39117,986.8637,986.74805,3.145,-0.022,2.578,-0.000882,0.812516,0.065780,-0.579214,img_97.jpg
19682,1280,720,631.94293,353.39117,986.8637,986.74805,3.160,-0.024,2.627,-0.002268,0.809001,0.064861,-0.584213,img_98.jpg
19756,1280,720,631.94293,353.39117,986.8637,986.74805,3.186,-0.030,2.701,0.000421,0.807690,0.059602,-0.586588,img_99.jpg
19841,1280,720,631.94293,353.39117,986.8637,986.74805,3.207,-0.033,2.749,0.008321,0.810450,0.048006,-0.583779,img_100.jpg
19919,1280,720,631.94293,353.39117,986.8637,986.74805,3.245,-0.035,2.827,0.020998,0.813303,0.027533,-0.580809,img_101.jpg
20009,1280,720,631.94293,353.39117,986.8637,986.74805,3.279,-0.035,2.883,0.031555,0.812364,0.045483,-0.580517,img_102.jpg
20078,1280,720,631.94293,353.39117,986.8637,986.74805,3.305,-0.030,2.932,0.036708,0.816054,0.035801,-0.575696,img_103.jpg
20147,1280,720,631.94293,353.39117,986.8637,986.74805,3.327,-0.025,2.981,0.029161,0.813524,0.044027,-0.579129,img_104.jpg
20241,1280,720,631.94293,353.39117,986.8637,986.74805,3.360,-0.021,3.048,0.017199,0.812978,0.042668,-0.580474,img_105.jpg
20307,1280,720,631.94293,353.39117,986.8637,986.74805,3.381,-0.021,3.091,0.012679,0.810495,0.037573,-0.584401,img_106.jpg
20383,1280,720,631.94293,353.39117,986.8637,986.74805,3.400,-0.025,3.130,0.011856,0.801843,0.044096,-0.595788,img_107.jpg
20460,1280,720,631.94293,353.39117,986.8637,986.74805,3.433,-0.029,3.194,0.020695,0.793920,0.036250,-0.606588,img_108.jpg
20540,1280,720,631.94293,353.39117,986.8637,986.74805,3.453,-0.031,3.235,0.023743,0.785860,0.038485,-0.616749,img_109.jpg
20616,1280,720,631.94293,353.39117,986.8637,986.74805,3.471,-0.031,3.275,0.024176,0.777043,0.042793,-0.627526,img_110.jpg
20689,1280,720,631.94293,353.39117,986.8637,986.74805,3.499,-0.026,3.322,0.025770,0.760705,0.050577,-0.646611,img_111.jpg
20775,1280,720,631.94293,353.39117,986.8637,986.74805,3.515,-0.022,3.350,0.020977,0.747190,0.054175,-0.662067,img_112.jpg
20859,1280,720,631.94293,353.39117,986.8637,986.74805,3.538,-0.021,3.382,0.018861,0.734306,0.048941,-0.676790,img_113.jpg
20941,1280,720,631.94293,353.39117,986.8637,986.74805,3.553,-0.023,3.396,0.024390,0.721261,0.057257,-0.689862,img_114.jpg
21025,1280,720,631.94293,353.39117,986.8637,986.74805,3.562,-0.026,3.404,0.027493,0.711951,0.045441,-0.700218,img_115.jpg
21109,1280,720,631.94293,353.39117,986.8637,986.74805,3.566,-0.021,3.413,0.024324,0.709231,0.043967,-0.703183,img_116.jpg
21183,1280,720,631.94293,353.39117,986.8637,986.74805,3.574,-0.021,3.419,0.021730,0.699868,0.044115,-0.712577,img_117.jpg
21275,1280,720,631.94293,353.39117,986.8637,986.74805,3.576,-0.023,3.415,0.027644,0.689137,0.045994,-0.722641,img_118.jpg
21348,1280,720,631.94293,353.39117,986.8637,986.74805,3.581,-0.025,3.412,0.032527,0.685802,0.038636,-0.726033,img_119.jpg
21428,1280,720,631.94293,353.39117,986.8637,986.74805,3.588,-0.024,3.407,0.033241,0.681501,0.039195,-0.730010,img_120.jpg
21509,1280,720,631.94293,353.39117,986.8637,986.74805,3.591,-0.023,3.403,0.032471,0.681083,0.034521,-0.730671,img_121.jpg
21581,1280,720,631.94293,353.39117,986.8637,986.74805,3.594,-0.023,3.402,0.031787,0.680495,0.034156,-0.731266,img_122.jpg
21657,1280,720,631.94293,353.39117,986.8637,986.74805,3.597,-0.022,3.399,0.031505,0.681405,0.033754,-0.730449,img_123.jpg
21742,1280,720,631.94293,353.39117,986.8637,986.74805,3.598,-0.021,3.398,0.031066,0.682215,0.031810,-0.729798,img_124.jpg
21821,1280,720,631.94293,353.39117,986.8637,986.74805,3.599,-0.021,3.398,0.030524,0.682592,0.032866,-0.729422,img_125.jpg
21897,1280,720,631.94293,353.39117,986.8637,986.74805,3.602,-0.021,3.397,0.030982,0.684106,0.033586,-0.727950,img_126.jpg
21975,1280,720,631.94293,353.39117,986.8637,986.74805,3.602,-0.021,3.396,0.031272,0.683839,0.034827,-0.728130,img_127.jpg
22057,1280,720,631.94293,353.39117,986.8637,986.74805,3.602,-0.021,3.395,0.030108,0.684168,0.035855,-0.727820,img_128.jpg
22142,1280,720,631.94293,353.39117,986.8637,986.74805,3.601,-0.020,3.394,0.029634,0.685842,0.036364,-0.726237,img_129.jpg
22219,1280,720,631.94293,353.39117,986.8637,986.74805,3.599,-0.019,3.393,0.028202,0.687964,0.037984,-0.724201,img_130.jpg
22309,1280,720,631.94293,353.39117,986.8637,986.74805,3.596,-0.018,3.392,0.027158,0.688394,0.037732,-0.723846,img_131.jpg
22385,1280,720,631.94293,353.39117,986.8637,986.74805,3.594,-0.020,3.391,0.028727,0.690887,0.037847,-0.721400,img_132.jpg
22476,1280,720,631.94293,353.39117,986.8637,986.74805,3.591,-0.020,3.390,0.029656,0.691903,0.037751,-0.720393,img_133.jpg
22548,1280,720,631.94293,353.39117,986.8637,986.74805,3.590,-0.020,3.390,0.029498,0.693765,0.037247,-0.718632,img_134.jpg
22643,1280,720,631.94293,353.39117,986.8637,986.74805,3.589,-0.020,3.389,0.029679,0.694485,0.035567,-0.718014,img_135.jpg
22714,1280,720,631.94293,353.39117,986.8637,986.74805,3.590,-0.020,3.386,0.029550,0.697019,0.027552,-0.715914,img_136.jpg
22808,1280,720,631.94293,353.39117,986.8637,986.74805,3.595,-0.021,3.385,0.031017,0.698532,0.027818,-0.714365,img_137.jpg
22881,1280,720,631.94293,353.39117,986.8637,986.74805,3.598,-0.021,3.383,0.030787,0.696732,0.028162,-0.716117,img_138.jpg
22960,1280,720,631.94293,353.39117,986.8637,986.74805,3.598,-0.020,3.381,0.031028,0.696288,0.026516,-0.716601,img_139.jpg
23043,1280,720,631.94293,353.39117,986.8637,986.74805,3.597,-0.019,3.380,0.029796,0.695113,0.027619,-0.717751,img_140.jpg
23116,1280,720,631.94293,353.39117,986.8637,986.74805,3.595,-0.017,3.378,0.026795,0.694699,0.028068,-0.718253,img_141.jpg
23209,1280,720,631.94293,353.39117,986.8637,986.74805,3.594,-0.017,3.378,0.026550,0.695778,0.029950,-0.717141,img_142.jpg
23293,1280,720,631.94293,353.39117,986.8637,986.74805,3.594,-0.018,3.377,0.029903,0.698726,0.032552,-0.714023,img_143.jpg
23377,1280,720,631.94293,353.39117,986.8637,986.74805,3.593,-0.019,3.376,0.030250,0.699750,0.034858,-0.712895,img_144.jpg
23459,1280,720,631.94293,353.39117,986.8637,986.74805,3.592,-0.019,3.375,0.028357,0.700964,0.037802,-0.711630,img_145.jpg
23544,1280,720,631.94293,353.39117,986.8637,986.74805,3.591,-0.018,3.373,0.028172,0.703027,0.037621,-0.709609,img_146.jpg
23623,1280,720,631.94293,353.39117,986.8637,986.74805,3.590,-0.019,3.369,0.029148,0.708143,0.034782,-0.704609,img_147.jpg
23711,1280,720,631.94293,353.39117,986.8637,986.74805,3.591,-0.019,3.365,0.031234,0.714388,0.029807,-0.698417,img_148.jpg
23797,1280,720,631.94293,353.39117,986.8637,986.74805,3.596,-0.023,3.357,0.041359,0.716322,0.029058,-0.695936,img_149.jpg
23878,1280,720,631.94293,353.39117,986.8637,986.74805,3.601,-0.028,3.350,0.052721,0.715405,0.029412,-0.696097,img_150.jpg
23953,1280,720,631.94293,353.39117,986.8637,986.74805,3.609,-0.041,3.342,0.074407,0.712552,0.040223,-0.696503,img_151.jpg
24043,1280,720,631.94293,353.39117,986.8637,986.74805,3.605,-0.047,3.343,0.062543,0.699717,0.042591,-0.710402,img_152.jpg
24114,1280,720,631.94293,353.39117,986.8637,986.74805,3.581,-0.046,3.346,0.046641,0.707021,0.036923,-0.704686,img_153.jpg
24193,1280,720,631.94293,353.39117,986.8637,986.74805,3.564,-0.048,3.353,0.047501,0.718318,0.033133,-0.693301,img_154.jpg
24276,1280,720,631.94293,353.39117,986.8637,986.74805,3.538,-0.051,3.368,0.043610,0.733302,0.039604,-0.677346,img_155.jpg
24347,1280,720,631.94293,353.39117,986.8637,986.74805,3.484,-0.062,3.406,0.030227,0.765910,0.052298,-0.640105,img_156.jpg
24426,1280,720,631.94293,353.39117,986.8637,986.74805,3.437,-0.075,3.439,0.023423,0.792961,0.069872,-0.604800,img_157.jpg
24510,1280,720,631.94293,353.39117,986.8637,986.74805,3.381,-0.093,3.477,0.018627,0.824822,0.092619,-0.557443,img_158.jpg
24577,1280,720,631.94293,353.39117,986.8637,986.74805,3.315,-0.112,3.517,0.015476,0.852455,0.119068,-0.508826,img_159.jpg
24648,1280,720,631.94293,353.39117,986.8637,986.74805,3.202,-0.139,3.570,0.011044,0.889613,0.148154,-0.431876,img_160.jpg
24726,1280,720,631.94293,353.39117,986.8637,986.74805,3.124,-0.157,3.600,0.006761,0.907514,0.175768,-0.381416,img_161.jpg
24810,1280,720,631.94293,353.39117,986.8637,986.74805,3.047,-0.174,3.630,0.002827,0.921587,0.203242,-0.330701,img_162.jpg
24872,1280,720,631.94293,353.39117,986.8637,986.74805,2.969,-0.193,3.659,-0.007539,0.930619,0.237298,-0.278534,img_163.jpg
24960,1280,720,631.94293,353.39117,986.8637,986.74805,2.848,-0.231,3.702,-0.031878,0.935875,0.294796,-0.190307,img_164.jpg
25043,1280,720,631.94293,353.39117,986.8637,986.74805,2.765,-0.266,3.728,-0.054707,0.934371,0.326075,-0.132790,img_165.jpg
25114,1280,720,631.94293,353.39117,986.8637,986.74805,2.765,-0.266,3.728,-0.054707,0.934371,0.326075,-0.132790,img_166.jpg
25183,1280,720,631.94293,353.39117,986.8637,986.74805,2.765,-0.266,3.728,-0.054707,0.934371,0.326075,-0.132790,img_167.jpg
25260,1280,720,631.94293,353.39117,986.8637,986.74805,2.765,-0.266,3.728,-0.054707,0.934371,0.326075,-0.132790,img_168.jpg
25343,1280,720,631.94293,353.39117,986.8637,986.74805,2.765,-0.266,3.728,-0.054707,0.934371,0.326075,-0.132790,img_169.jpg
25413,1280,720,631.94293,353.39117,986.8637,986.74805,2.765,-0.266,3.728,-0.054707,0.934371,0.326075,-0.132790,img_170.jpg
25494,1280,720,631.94293,353.39117,986.8637,986.74805,2.765,-0.266,3.728,-0.054707,0.934371,0.326075,-0.132790,img_171.jpg
25561,1280,720,631.94293,353.39117,986.8637,986.74805,2.765,-0.266,3.728,-0.054707,0.934371,0.326075,-0.132790,img_172.jpg
25631,1280,720,631.94293,353.39117,986.8637,986.74805,2.765,-0.266,3.728,-0.054707,0.934371,0.326075,-0.132790,img_173.jpg
25705,1280,720,631.94293,353.39117,986.8637,986.74805,2.765,-0.266,3.728,-0.054707,0.934371,0.326075,-0.132790,img_174.jpg
25777,1280,720,631.94293,353.39117,986.8637,986.74805,2.765,-0.266,3.728,-0.054707,0.934371,0.326075,-0.132790,img_175.jpg
25846,1280,720,631.94293,353.39117,986.8637,986.74805,2.765,-0.266,3.728,-0.054707,0.934371,0.326075,-0.132790,img_176.jpg
25916,1280,720,631.94293,353.39117,986.8637,986.74805,2.765,-0.266,3.728,-0.054707,0.934371,0.326075,-0.132790,img_177.jpg
25989,1280,720,631.94293,353.39117,986.8637,986.74805,2.765,-0.266,3.728,-0.054707,0.934371,0.326075,-0.132790,img_178.jpg
26061,1280,720,631.94293,353.39117,986.8637,986.74805,2.765,-0.266,3.728,-0.054707,0.934371,0.326075,-0.132790,img_179.jpg
26126,1280,720,631.94293,353.39117,986.8637,986.74805,2.765,-0.266,3.728,-0.054707,0.934371,0.326075,-0.132790,img_180.jpg
26190,1280,720,631.94293,353.39117,986.8637,986.74805,2.765,-0.266,3.728,-0.054707,0.934371,0.326075,-0.132790,img_181.jpg
26261,1280,720,631.94293,353.39117,986.8637,986.74805,2.765,-0.266,3.728,-0.054707,0.934371,0.326075,-0.132790,img_182.jpg
26344,1280,720,631.94293,353.39117,986.8637,986.74805,2.765,-0.266,3.728,-0.054707,0.934371,0.326075,-0.132790,img_183.jpg
26427,1280,720,631.94293,353.39117,986.8637,986.74805,2.765,-0.266,3.728,-0.054707,0.934371,0.326075,-0.132790,img_184.jpg
26494,1280,720,631.94293,353.39117,986.8637,986.74805,2.765,-0.266,3.728,-0.054707,0.934371,0.326075,-0.132790,img_185.jpg
26561,1280,720,631.94293,353.39117,986.8637,986.74805,2.765,-0.266,3.728,-0.054707,0.934371,0.326075,-0.132790,img_186.jpg
26626,1280,720,631.94293,353.39117,986.8637,986.74805,2.765,-0.266,3.728,-0.054707,0.934371,0.326075,-0.132790,img_187.jpg
26696,1280,720,631.94293,353.39117,986.8637,986.74805,2.765,-0.266,3.728,-0.054707,0.934371,0.326075,-0.132790,img_188.jpg
26778,1280,720,631.94293,353.39117,986.8637,986.74805,2.765,-0.266,3.728,-0.054707,0.934371,0.326075,-0.132790,img_189.jpg
26843,1280,720,631.94293,353.39117,986.8637,986.74805,2.765,-0.266,3.728,-0.054707,0.934371,0.326075,-0.132790,img_190.jpg
26915,1280,720,631.94293,353.39117,986.8637,986.74805,2.765,-0.266,3.728,-0.054707,0.934371,0.326075,-0.132790,img_191.jpg
26994,1280,720,631.94293,353.39117,986.8637,986.74805,2.765,-0.266,3.728,-0.054707,0.934371,0.326075,-0.132790,img_192.jpg
27054,1280,720,631.94293,353.39117,986.8637,986.74805,2.765,-0.266,3.728,-0.054707,0.934371,0.326075,-0.132790,img_193.jpg
27143,1280,720,631.94293,353.39117,986.8637,986.74805,2.765,-0.266,3.728,-0.054707,0.934371,0.326075,-0.132790,img_194.jpg
27227,1280,720,631.94293,353.39117,986.8637,986.74805,2.765,-0.266,3.728,-0.054707,0.934371,0.326075,-0.132790,img_195.jpg
27297,1280,720,631.94293,353.39117,986.8637,986.74805,2.765,-0.266,3.728,-0.054707,0.934371,0.326075,-0.132790,img_196.jpg
27362,1280,720,631.94293,353.39117,986.8637,986.74805,2.765,-0.266,3.728,-0.054707,0.934371,0.326075,-0.132790,img_197.jpg
27431,1280,720,631.94293,353.39117,986.8637,986.74805,2.765,-0.266,3.728,-0.054707,0.934371,0.326075,-0.132790,img_198.jpg
27502,1280,720,631.94293,353.39117,986.8637,986.74805,2.765,-0.266,3.728,-0.054707,0.934371,0.326075,-0.132790,img_199.jpg
27568,1280,720,631.94293,353.39117,986.8637,986.74805,2.765,-0.266,3.728,-0.054707,0.934371,0.326075,-0.132790,img_200.jpg
27643,1280,720,631.94293,353.39117,986.8637,986.74805,2.765,-0.266,3.728,-0.054707,0.934371,0.326075,-0.132790,img_201.jpg
27727,1280,720,631.94293,353.39117,986.8637,986.74805,2.765,-0.266,3.728,-0.054707,0.934371,0.326075,-0.132790,img_202.jpg
27793,1280,720,631.94293,353.39117,986.8637,986.74805,2.765,-0.266,3.728,-0.054707,0.934371,0.326075,-0.132790,img_203.jpg
27858,1280,720,631.94293,353.39117,986.8637,986.74805,2.765,-0.266,3.728,-0.054707,0.934371,0.326075,-0.132790,img_204.jpg
27943,1280,720,631.94293,353.39117,986.8637,986.74805,2.765,-0.266,3.728,-0.054707,0.934371,0.326075,-0.132790,img_205.jpg
28027,1280,720,631.94293,353.39117,986.8637,986.74805,2.765,-0.266,3.728,-0.054707,0.934371,0.326075,-0.132790,img_206.jpg
28093,1280,720,631.94293,353.39117,986.8637,986.74805,2.765,-0.266,3.728,-0.054707,0.934371,0.326075,-0.132790,img_207.jpg
28157,1280,720,631.94293,353.39117,986.8637,986.74805,2.765,-0.266,3.728,-0.054707,0.934371,0.326075,-0.132790,img_208.jpg
28244,1280,720,631.94293,353.39117,986.8637,986.74805,2.765,-0.266,3.728,-0.054707,0.934371,0.326075,-0.132790,img_209.jpg
28316,1280,720,631.94293,353.39117,986.8637,986.74805,2.765,-0.266,3.728,-0.054707,0.934371,0.326075,-0.132790,img_210.jpg
28394,1280,720,631.94293,353.39117,986.8637,986.74805,2.765,-0.266,3.728,-0.054707,0.934371,0.326075,-0.132790,img_211.jpg
28457,1280,720,631.94293,353.39117,986.8637,986.74805,2.765,-0.266,3.728,-0.054707,0.934371,0.326075,-0.132790,img_212.jpg
28544,1280,720,631.94293,353.39117,986.8637,986.74805,2.765,-0.266,3.728,-0.054707,0.934371,0.326075,-0.132790,img_213.jpg
28614,1280,720,631.94293,353.39117,986.8637,986.74805,2.765,-0.266,3.728,-0.054707,0.934371,0.326075,-0.132790,img_214.jpg
28680,1280,720,631.94293,353.39117,986.8637,986.74805,2.765,-0.266,3.728,-0.054707,0.934371,0.326075,-0.132790,img_215.jpg
28761,1280,720,631.94293,353.39117,986.8637,986.74805,2.765,-0.266,3.728,-0.054707,0.934371,0.326075,-0.132790,img_216.jpg
28829,1280,720,631.94293,353.39117,986.8637,986.74805,2.765,-0.266,3.728,-0.054707,0.934371,0.326075,-0.132790,img_217.jpg
28901,1280,720,631.94293,353.39117,986.8637,986.74805,2.765,-0.266,3.728,-0.054707,0.934371,0.326075,-0.132790,img_218.jpg
28978,1280,720,631.94293,353.39117,986.8637,986.74805,2.765,-0.266,3.728,-0.054707,0.934371,0.326075,-0.132790,img_219.jpg
29062,1280,720,631.94293,353.39117,986.8637,986.74805,2.765,-0.266,3.728,-0.054707,0.934371,0.326075,-0.132790,img_220.jpg
29129,1280,720,631.94293,353.39117,986.8637,986.74805,2.765,-0.266,3.728,-0.054707,0.934371,0.326075,-0.132790,img_221.jpg
29201,1280,720,631.94293,353.39117,986.8637,986.74805,2.765,-0.266,3.728,-0.054707,0.934371,0.326075,-0.132790,img_222.jpg
29269,1280,720,631.94293,353.39117,986.8637,986.74805,2.765,-0.266,3.728,-0.054707,0.934371,0.326075,-0.132790,img_223.jpg
29362,1280,720,631.94293,353.39117,986.8637,986.74805,2.765,-0.266,3.728,-0.054707,0.934371,0.326075,-0.132790,img_224.jpg
29427,1280,720,631.94293,353.39117,986.8637,986.74805,2.765,-0.266,3.728,-0.054707,0.934371,0.326075,-0.132790,img_225.jpg
29499,1280,720,631.94293,353.39117,986.8637,986.74805,2.765,-0.266,3.728,-0.054707,0.934371,0.326075,-0.132790,img_226.jpg
29566,1280,720,631.94293,353.39117,986.8637,986.74805,2.765,-0.266,3.728,-0.054707,0.934371,0.326075,-0.132790,img_227.jpg
29644,1280,720,631.94293,353.39117,986.8637,986.74805,2.765,-0.266,3.728,-0.054707,0.934371,0.326075,-0.132790,img_228.jpg
29728,1280,720,631.94293,353.39117,986.8637,986.74805,2.765,-0.266,3.728,-0.054707,0.934371,0.326075,-0.132790,img_229.jpg
29798,1280,720,631.94293,353.39117,986.8637,986.74805,2.765,-0.266,3.728,-0.054707,0.934371,0.326075,-0.132790,img_230.jpg
29863,1280,720,631.94293,353.39117,986.8637,986.74805,2.765,-0.266,3.728,-0.054707,0.934371,0.326075,-0.132790,img_231.jpg
29934,1280,720,631.94293,353.39117,986.8637,986.74805,2.765,-0.266,3.728,-0.054707,0.934371,0.326075,-0.132790,img_232.jpg
30008,1280,720,631.94293,353.39117,986.8637,986.74805,2.765,-0.266,3.728,-0.054707,0.934371,0.326075,-0.132790,img_233.jpg
30078,1280,720,631.94293,353.39117,986.8637,986.74805,2.765,-0.266,3.728,-0.054707,0.934371,0.326075,-0.132790,img_234.jpg
30142,1280,720,631.94293,353.39117,986.8637,986.74805,2.765,-0.266,3.728,-0.054707,0.934371,0.326075,-0.132790,img_235.jpg
30228,1280,720,631.94293,353.39117,986.8637,986.74805,2.765,-0.266,3.728,-0.054707,0.934371,0.326075,-0.132790,img_236.jpg
30294,1280,720,631.94293,353.39117,986.8637,986.74805,2.765,-0.266,3.728,-0.054707,0.934371,0.326075,-0.132790,img_237.jpg
30365,1280,720,631.94293,353.39117,986.8637,986.74805,2.765,-0.266,3.728,-0.054707,0.934371,0.326075,-0.132790,img_238.jpg
30438,1280,720,631.94293,353.39117,986.8637,986.74805,2.765,-0.266,3.728,-0.054707,0.934371,0.326075,-0.132790,img_239.jpg
30513,1280,720,631.94293,353.39117,986.8637,986.74805,2.765,-0.266,3.728,-0.054707,0.934371,0.326075,-0.132790,img_240.jpg
30594,1280,720,631.94293,353.39117,986.8637,986.74805,2.765,-0.266,3.728,-0.054707,0.934371,0.326075,-0.132790,img_241.jpg
30668,1280,720,631.94293,353.39117,986.8637,986.74805,3.614,-0.032,3.356,0.017553,0.745558,0.035673,-0.665253,img_242.jpg
30762,1280,720,631.94293,353.39117,986.8637,986.74805,3.631,-0.037,3.357,0.020221,0.746579,0.039765,-0.663800,img_243.jpg
30845,1280,720,631.94293,353.39117,986.8637,986.74805,3.632,-0.038,3.353,0.020664,0.747464,0.040015,-0.662774,img_244.jpg
30928,1280,720,631.94293,353.39117,986.8637,986.74805,3.624,-0.035,3.353,0.021787,0.748834,0.047783,-0.660674,img_245.jpg
31011,1280,720,631.94293,353.39117,986.8637,986.74805,3.637,-0.035,3.352,0.022602,0.749961,0.042189,-0.659748,img_246.jpg
31096,1280,720,631.94293,353.39117,986.8637,986.74805,3.639,-0.036,3.351,0.023965,0.751439,0.042767,-0.657979,img_247.jpg
31179,1280,720,631.94293,353.39117,986.8637,986.74805,3.642,-0.036,3.350,0.024670,0.753321,0.043310,-0.655761,img_248.jpg
31249,1280,720,631.94293,353.39117,986.8637,986.74805,3.646,-0.037,3.350,0.024830,0.755611,0.046451,-0.652900,img_249.jpg
31346,1280,720,631.94293,353.39117,986.8637,986.74805,3.651,-0.038,3.349,0.027443,0.758745,0.045903,-0.649189,img_250.jpg
31428,1280,720,631.94293,353.39117,986.8637,986.74805,3.655,-0.038,3.350,0.027473,0.759570,0.046164,-0.648203,img_251.jpg
31505,1280,720,631.94293,353.39117,986.8637,986.74805,3.658,-0.038,3.349,0.027819,0.760344,0.046345,-0.647268,img_252.jpg
31575,1280,720,631.94293,353.39117,986.8637,986.74805,3.663,-0.038,3.349,0.026599,0.760830,0.048754,-0.646570,img_253.jpg
31662,1280,720,631.94293,353.39117,986.8637,986.74805,3.666,-0.038,3.348,0.026367,0.761037,0.050266,-0.646221,img_254.jpg
31732,1280,720,631.94293,353.39117,986.8637,986.74805,3.664,-0.039,3.347,0.026886,0.761665,0.051546,-0.645357,img_255.jpg
31799,1280,720,631.94293,353.39117,986.8637,986.74805,3.660,-0.038,3.348,0.027203,0.764397,0.051880,-0.642079,img_256.jpg
31868,1280,720,631.94293,353.39117,986.8637,986.74805,3.653,-0.037,3.348,0.025874,0.771007,0.044093,-0.634772,img_257.jpg
31938,1280,720,631.94293,353.39117,986.8637,986.74805,3.641,-0.035,3.349,0.026811,0.772350,0.040792,-0.633319,img_258.jpg
32012,1280,720,631.94293,353.39117,986.8637,986.74805,3.626,-0.031,3.349,0.024221,0.773354,0.041888,-0.632126,img_259.jpg
32096,1280,720,631.94293,353.39117,986.8637,986.74805,3.616,-0.029,3.348,0.022215,0.773861,0.042614,-0.631529,img_260.jpg
32168,1280,720,631.94293,353.39117,986.8637,986.74805,3.607,-0.028,3.344,0.022440,0.776687,0.035478,-0.628486,img_261.jpg
32240,1280,720,631.94293,353.39117,986.8637,986.74805,3.598,-0.028,3.339,0.024165,0.777483,0.032649,-0.627591,img_262.jpg
32329,1280,720,631.94293,353.39117,986.8637,986.74805,3.596,-0.028,3.337,0.025594,0.778465,0.036005,-0.626132,img_263.jpg
32397,1280,720,631.94293,353.39117,986.8637,986.74805,3.593,-0.029,3.337,0.026661,0.778545,0.039421,-0.625782,img_264.jpg
32472,1280,720,631.94293,353.39117,986.8637,986.74805,3.590,-0.031,3.338,0.027675,0.777179,0.042869,-0.627208,img_265.jpg
32553,1280,720,631.94293,353.39117,986.8637,986.74805,3.585,-0.032,3.345,0.024686,0.776053,0.050162,-0.628185,img_266.jpg
32629,1280,720,631.94293,353.39117,986.8637,986.74805,3.577,-0.033,3.349,0.023524,0.775361,0.052273,-0.628912,img_267.jpg
32707,1280,720,631.94293,353.39117,986.8637,986.74805,3.567,-0.035,3.357,0.022294,0.771671,0.051205,-0.633565,img_268.jpg
32796,1280,720,631.94293,353.39117,986.8637,986.74805,3.563,-0.036,3.364,0.022998,0.770551,0.053345,-0.634725,img_269.jpg
32867,1280,720,631.94293,353.39117,986.8637,986.74805,3.560,-0.036,3.371,0.022455,0.767446,0.059265,-0.637973,img_270.jpg
32942,1280,720,631.94293,353.39117,986.8637,986.74805,3.555,-0.037,3.378,0.024908,0.764949,0.055819,-0.641184,img_271.jpg
33030,1280,720,631.94293,353.39117,986.8637,986.74805,3.559,-0.041,3.385,0.028202,0.764455,0.055745,-0.641643,img_272.jpg
33108,1280,720,631.94293,353.39117,986.8637,986.74805,3.575,-0.057,3.398,0.038696,0.762934,0.070733,-0.641429,img_273.jpg
33197,1280,720,631.94293,353.39117,986.8637,986.74805,3.590,-0.069,3.407,0.049348,0.764908,0.075264,-0.637821,img_274.jpg
33268,1280,720,631.94293,353.39117,986.8637,986.74805,3.605,-0.080,3.418,0.052822,0.765216,0.076429,-0.637035,img_275.jpg
33347,1280,720,631.94293,353.39117,986.8637,986.74805,3.632,-0.096,3.436,0.062234,0.765313,0.074745,-0.636267,img_276.jpg
33431,1280,720,631.94293,353.39117,986.8637,986.74805,3.655,-0.104,3.450,0.066191,0.761526,0.079794,-0.639789,img_277.jpg
33514,1280,720,631.94293,353.39117,986.8637,986.74805,3.695,-0.112,3.464,0.071678,0.759389,0.075861,-0.642212,img_278.jpg
33597,1280,720,631.94293,353.39117,986.8637,986.74805,3.722,-0.113,3.472,0.076132,0.755911,0.072008,-0.646234,img_279.jpg
33673,1280,720,631.94293,353.39117,986.8637,986.74805,3.762,-0.115,3.478,0.074062,0.749338,0.069492,-0.654353,img_280.jpg
33764,1280,720,631.94293,353.39117,986.8637,986.74805,3.786,-0.114,3.480,0.071523,0.742249,0.066701,-0.662950,img_281.jpg
33831,1280,720,631.94293,353.39117,986.8637,986.74805,3.808,-0.114,3.483,0.068085,0.737249,0.067659,-0.668768,img_282.jpg
33912,1280,720,631.94293,353.39117,986.8637,986.74805,3.836,-0.123,3.490,0.069136,0.735880,0.074703,-0.669418,img_283.jpg
33998,1280,720,631.94293,353.39117,986.8637,986.74805,3.849,-0.133,3.500,0.077523,0.736149,0.081861,-0.667363,img_284.jpg
34071,1280,720,631.94293,353.39117,986.8637,986.74805,3.859,-0.145,3.513,0.086066,0.737448,0.084440,-0.664555,img_285.jpg
34148,1280,720,631.94293,353.39117,986.8637,986.74805,3.864,-0.163,3.539,0.094137,0.739535,0.091280,-0.660223,img_286.jpg
34231,1280,720,631.94293,353.39117,986.8637,986.74805,3.863,-0.178,3.560,0.103181,0.742779,0.099652,-0.653990,img_287.jpg
34306,1280,720,631.94293,353.39117,986.8637,986.74805,3.858,-0.205,3.593,0.122565,0.747401,0.110776,-0.643504,img_288.jpg
34397,1280,720,631.94293,353.39117,986.8637,986.74805,3.854,-0.227,3.619,0.138354,0.748981,0.125941,-0.635629,img_289.jpg
34469,1280,720,631.94293,353.39117,986.8637,986.74805,3.843,-0.245,3.647,0.149457,0.753416,0.135700,-0.625790,img_290.jpg
34543,1280,720,631.94293,353.39117,986.8637,986.74805,3.818,-0.271,3.703,0.159008,0.761385,0.167830,-0.605675,img_291.jpg
34631,1280,720,631.94293,353.39117,986.8637,986.74805,3.792,-0.286,3.745,0.162724,0.762257,0.192211,-0.596273,img_292.jpg
34707,1280,720,631.94293,353.39117,986.8637,986.74805,3.747,-0.302,3.806,0.173308,0.766758,0.197277,-0.585771,img_293.jpg
34797,1280,720,631.94293,353.39117,986.8637,986.74805,3.720,-0.315,3.853,0.178489,0.769245,0.207591,-0.577329,img_294.jpg
34868,1280,720,631.94293,353.39117,986.8637,986.74805,3.694,-0.324,3.901,0.179773,0.772867,0.212730,-0.570179,img_295.jpg
34943,1280,720,631.94293,353.39117,986.8637,986.74805,3.658,-0.335,3.971,0.184884,0.778982,0.224744,-0.555424,img_296.jpg
35031,1280,720,631.94293,353.39117,986.8637,986.74805,3.635,-0.339,4.016,0.188518,0.783788,0.234614,-0.543225,img_297.jpg
35104,1280,720,631.94293,353.39117,986.8637,986.74805,3.614,-0.342,4.057,0.187859,0.791066,0.242150,-0.529421,img_298.jpg
35180,1280,720,631.94293,353.39117,986.8637,986.74805,3.586,-0.340,4.115,0.181853,0.804902,0.247034,-0.507973,img_299.jpg
35266,1280,720,631.94293,353.39117,986.8637,986.74805,3.577,-0.340,4.155,0.177535,0.814680,0.249462,-0.492490,img_300.jpg
35342,1280,720,631.94293,353.39117,986.8637,986.74805,3.562,-0.342,4.215,0.172004,0.829406,0.254664,-0.466526,img_301.jpg
35431,1280,720,631.94293,353.39117,986.8637,986.74805,3.558,-0.346,4.255,0.168954,0.838060,0.260264,-0.448745,img_302.jpg
35504,1280,720,631.94293,353.39117,986.8637,986.74805,3.555,-0.350,4.319,0.168925,0.853117,0.257026,-0.421419,img_303.jpg
35598,1280,720,631.94293,353.39117,986.8637,986.74805,3.552,-0.349,4.365,0.165920,0.864671,0.255253,-0.399575,img_304.jpg
35669,1280,720,631.94293,353.39117,986.8637,986.74805,3.546,-0.349,4.415,0.156340,0.875114,0.261860,-0.375716,img_305.jpg
35744,1280,720,631.94293,353.39117,986.8637,986.74805,3.537,-0.345,4.481,0.148295,0.892685,0.265440,-0.332661,img_306.jpg
35832,1280,720,631.94293,353.39117,986.8637,986.74805,3.530,-0.340,4.522,0.137441,0.904362,0.262730,-0.306940,img_307.jpg
35907,1280,720,631.94293,353.39117,986.8637,986.74805,3.513,-0.335,4.576,0.117617,0.920009,0.264455,-0.264222,img_308.jpg
35998,1280,720,631.94293,353.39117,986.8637,986.74805,3.495,-0.328,4.604,0.101677,0.930901,0.260252,-0.235274,img_309.jpg
36071,1280,720,631.94293,353.39117,986.8637,986.74805,3.466,-0.326,4.646,0.085924,0.942108,0.264645,-0.187117,img_310.jpg
36149,1280,720,631.94293,353.39117,986.8637,986.74805,3.443,-0.330,4.673,0.079992,0.946153,0.273704,-0.153241,img_311.jpg
36226,1280,720,631.94293,353.39117,986.8637,986.74805,3.417,-0.337,4.699,0.073267,0.950398,0.278067,-0.118556,img_312.jpg
36303,1280,720,631.94293,353.39117,986.8637,986.74805,3.368,-0.337,4.723,0.053446,0.956341,0.279307,-0.067405,img_313.jpg
36399,1280,720,631.94293,353.39117,986.8637,986.74805,3.333,-0.335,4.732,0.040277,0.958926,0.278108,-0.038654,img_314.jpg
36469,1280,720,631.94293,353.39117,986.8637,986.74805,3.274,-0.334,4.739,0.024489,0.960110,0.278550,0.000410,img_315.jpg
36550,1280,720,631.94293,353.39117,986.8637,986.74805,3.231,-0.331,4.726,0.018309,0.960139,0.277603,0.027097,img_316.jpg
36632,1280,720,631.94293,353.39117,986.8637,986.74805,3.168,-0.333,4.707,0.010569,0.958648,0.278127,0.059397,img_317.jpg
36715,1280,720,631.94293,353.39117,986.8637,986.74805,3.125,-0.337,4.696,0.002656,0.957565,0.278519,0.074095,img_318.jpg
36791,1280,720,631.94293,353.39117,986.8637,986.74805,3.082,-0.337,4.681,-0.002123,0.957237,0.276754,0.084261,img_319.jpg
36883,1280,720,631.94293,353.39117,986.8637,986.74805,3.017,-0.333,4.651,-0.013750,0.958641,0.269651,0.090033,img_320.jpg
36952,1280,720,631.94293,353.39117,986.8637,986.74805,2.975,-0.330,4.631,-0.020693,0.959578,0.265640,0.090647,img_321.jpg
37033,1280,720,631.94293,353.39117,986.8637,986.74805,2.912,-0.323,4.601,-0.028144,0.959783,0.263248,0.093407,img_322.jpg
37116,1280,720,631.94293,353.39117,986.8637,986.74805,2.872,-0.317,4.583,-0.026656,0.961026,0.259179,0.092434,img_323.jpg
37191,1280,720,631.94293,353.39117,986.8637,986.74805,2.829,-0.312,4.566,-0.027695,0.959774,0.266020,0.085441,img_324.jpg
37270,1280,720,631.94293,353.39117,986.8637,986.74805,2.768,-0.302,4.543,-0.021580,0.959486,0.270749,0.074943,img_325.jpg
37350,1280,720,631.94293,353.39117,986.8637,986.74805,2.724,-0.296,4.531,-0.024266,0.960014,0.267944,0.077396,img_326.jpg
37425,1280,720,631.94293,353.39117,986.8637,986.74805,2.677,-0.295,4.524,-0.024988,0.960493,0.264104,0.084132,img_327.jpg
37516,1280,720,631.94293,353.39117,986.8637,986.74805,2.607,-0.297,4.515,-0.017795,0.960682,0.262253,0.089424,img_328.jpg
37600,1280,720,631.94293,353.39117,986.8637,986.74805,2.561,-0.297,4.511,-0.009224,0.960762,0.263685,0.085570,img_329.jpg
37675,1280,720,631.94293,353.39117,986.8637,986.74805,2.486,-0.290,4.504,-0.006799,0.960044,0.271711,0.066655,img_330.jpg
37751,1280,720,631.94293,353.39117,986.8637,986.74805,2.428,-0.283,4.498,-0.029789,0.957783,0.280609,0.054990,img_331.jpg
37833,1280,720,631.94293,353.39117,986.8637,986.74805,2.381,-0.270,4.489,-0.013297,0.960954,0.269997,0.059098,img_332.jpg
37908,1280,720,631.94293,353.39117,986.8637,986.74805,2.294,-0.254,4.468,-0.017785,0.961568,0.264969,0.069730,img_333.jpg
38000,1280,720,631.94293,353.39117,986.8637,986.74805,2.235,-0.247,4.451,-0.021301,0.961021,0.262518,0.084075,img_334.jpg
38070,1280,720,631.94293,353.39117,986.8637,986.74805,2.149,-0.244,4.415,-0.021818,0.961043,0.254091,0.106577,img_335.jpg
38151,1280,720,631.94293,353.39117,986.8637,986.74805,2.086,-0.245,4.382,-0.037234,0.959584,0.250545,0.122636,img_336.jpg
38233,1280,720,631.94293,353.39117,986.8637,986.74805,2.021,-0.247,4.343,0.037892,-0.958446,-0.244850,-0.141399,img_337.jpg
38312,1280,720,631.94293,353.39117,986.8637,986.74805,1.922,-0.250,4.283,0.049317,-0.953133,-0.247752,-0.166504,img_338.jpg
38400,1280,720,631.94293,353.39117,986.8637,986.74805,1.858,-0.252,4.245,0.046049,-0.946528,-0.255416,-0.191641,img_339.jpg
38469,1280,720,631.94293,353.39117,986.8637,986.74805,1.800,-0.255,4.210,0.040461,-0.938246,-0.265298,-0.218343,img_340.jpg
38544,1280,720,631.94293,353.39117,986.8637,986.74805,1.728,-0.258,4.171,0.042636,-0.932631,-0.271287,-0.234062,img_341.jpg
38633,1280,720,631.94293,353.39117,986.8637,986.74805,1.683,-0.263,4.152,0.047479,-0.926524,-0.279514,-0.247330,img_342.jpg
38708,1280,720,631.94293,353.39117,986.8637,986.74805,1.619,-0.274,4.120,0.051579,-0.919683,-0.283393,-0.266855,img_343.jpg
38800,1280,720,631.94293,353.39117,986.8637,986.74805,1.571,-0.286,4.113,0.053580,-0.911834,-0.299538,-0.275618,img_344.jpg
38878,1280,720,631.94293,353.39117,986.8637,986.74805,1.507,-0.300,4.104,0.071352,-0.904293,-0.315317,-0.278816,img_345.jpg
38969,1280,720,631.94293,353.39117,986.8637,986.74805,1.457,-0.311,4.100,0.071561,-0.900452,-0.324739,-0.280376,img_346.jpg
39045,1280,720,631.94293,353.39117,986.8637,986.74805,1.386,-0.328,4.101,0.067686,-0.898841,-0.332128,-0.277840,img_347.jpg
39134,1280,720,631.94293,353.39117,986.8637,986.74805,1.344,-0.342,4.101,0.063046,-0.894639,-0.343041,-0.279228,img_348.jpg
39200,1280,720,631.94293,353.39117,986.8637,986.74805,1.284,-0.351,4.103,0.068189,-0.880749,-0.372205,-0.284773,img_349.jpg
39283,1280,720,631.94293,353.39117,986.8637,986.74805,1.251,-0.353,4.104,0.068568,-0.876530,-0.382749,-0.283719,img_350.jpg
39353,1280,720,631.94293,353.39117,986.8637,986.74805,1.220,-0.353,4.106,0.075438,-0.874550,-0.392849,-0.274118,img_351.jpg
39432,1280,720,631.94293,353.39117,986.8637,986.74805,1.193,-0.354,4.106,0.087718,-0.878189,-0.392080,-0.259544,img_352.jpg
39507,1280,720,631.94293,353.39117,986.8637,986.74805,1.165,-0.352,4.111,0.089561,-0.877111,-0.404827,-0.242426,img_353.jpg
39601,1280,720,631.94293,353.39117,986.8637,986.74805,1.146,-0.348,4.112,0.085263,-0.882578,-0.410120,-0.213511,img_354.jpg
39686,1280,720,631.94293,353.39117,986.8637,986.74805,1.128,-0.347,4.111,0.087428,-0.886162,-0.410831,-0.195681,img_355.jpg
39761,1280,720,631.94293,353.39117,986.8637,986.74805,1.110,-0.349,4.110,0.082689,-0.886070,-0.418642,-0.181054,img_356.jpg
39837,1280,720,631.94293,353.39117,986.8637,986.74805,1.084,-0.349,4.102,0.080459,-0.886962,-0.426166,-0.158766,img_357.jpg
