time,sizeX,sizeY,p_x,p_y,f_x,f_y,pos_X,pos_Y,pos_Z,q_x,q_y,q_z,q_w,marker_ID,marker_x,marker_y,marker_z,marker_qx,marker_qy,marker_qz,marker_qw,marker_ID,marker_x,marker_y,marker_z,marker_qx,marker_qy,marker_qz,marker_qw,marker_ID,marker_x,marker_y,marker_z,marker_qx,marker_qy,marker_qz,marker_qw,
13142,1280,720,631.94293,353.39117,986.8637,986.74805,0.303,-0.040,1.044,0.104307,0.071111,0.002717,-0.991996,img_1.jpg
13232,1280,720,631.94293,353.39117,986.8637,986.74805,0.307,-0.039,1.046,0.101990,0.068185,0.007710,-0.992416,img_2.jpg
13311,1280,720,631.94293,353.39117,986.8637,986.74805,0.310,-0.037,1.048,0.100012,0.066717,0.006966,-0.992723,img_3.jpg
13389,1280,720,631.94293,353.39117,986.8637,986.74805,0.314,-0.037,1.051,0.095064,0.065343,0.001368,-0.993323,img_4.jpg,marker_1.jpg,0.27416813,0.27416813,0.395,-0.154,0.524,-0.709216,0.004970,-0.011916,-0.011916
13463,1280,720,631.94293,353.39117,986.8637,986.74805,0.323,-0.037,1.053,0.092483,0.057585,-0.000293,-0.994048,img_5.jpg
13560,1280,720,631.94293,353.39117,986.8637,986.74805,0.335,-0.038,1.057,0.088304,0.054800,-0.002423,-0.994582,img_6.jpg
13643,1280,720,631.94293,353.39117,986.8637,986.74805,0.345,-0.039,1.062,0.085777,0.059897,-0.011935,-0.994441,img_7.jpg
13710,1280,720,631.94293,353.39117,986.8637,986.74805,0.356,-0.043,1.068,0.079044,0.081832,-0.034803,-0.992897,img_8.jpg
13793,1280,720,631.94293,353.39117,986.8637,986.74805,0.373,-0.050,1.074,0.085991,0.089458,-0.034158,-0.991684,img_9.jpg
13853,1280,720,631.94293,353.39117,986.8637,986.74805,0.393,-0.058,1.080,0.102896,0.103824,-0.029700,-0.988813,img_10.jpg
13927,1280,720,631.94293,353.39117,986.8637,986.74805,0.412,-0.061,1.093,0.104619,0.109160,-0.026659,-0.988144,img_11.jpg
13995,1280,720,631.94293,353.39117,986.8637,986.74805,0.434,-0.059,1.111,0.096946,0.111443,-0.017627,-0.988874,img_12.jpg
14058,1280,720,631.94293,353.39117,986.8637,986.74805,0.460,-0.057,1.128,0.097366,0.117572,-0.003629,-0.988273,img_13.jpg
14126,1280,720,631.94293,353.39117,986.8637,986.74805,0.486,-0.055,1.148,0.091027,0.130056,0.002867,-0.987315,img_14.jpg
14195,1280,720,631.94293,353.39117,986.8637,986.74805,0.518,-0.054,1.170,0.084606,0.140100,0.008076,-0.986483,img_15.jpg
14265,1280,720,631.94293,353.39117,986.8637,986.74805,0.572,-0.054,1.209,0.076376,0.160638,-0.005252,-0.984040,img_16.jpg
14342,1280,720,631.94293,353.39117,986.8637,986.74805,0.615,-0.056,1.236,0.080311,0.161634,-0.008775,-0.983538,img_17.jpg
14410,1280,720,631.94293,353.39117,986.8637,986.74805,0.661,-0.053,1.267,0.084117,0.155642,-0.005953,-0.984208,img_18.jpg
14493,1280,720,631.94293,353.39117,986.8637,986.74805,0.707,-0.048,1.295,0.091042,0.152718,-0.005907,-0.984050,img_19.jpg
14560,1280,720,631.94293,353.39117,986.8637,986.74805,0.752,-0.041,1.323,0.103894,0.146892,-0.002635,-0.983678,img_20.jpg
14629,1280,720,631.94293,353.39117,986.8637,986.74805,0.813,-0.027,1.364,0.111230,0.131729,0.001791,-0.985024,img_21.jpg
14711,1280,720,631.94293,353.39117,986.8637,986.74805,0.847,-0.017,1.390,0.108606,0.122041,0.000377,-0.986565,img_22.jpg
14777,1280,720,631.94293,353.39117,986.8637,986.74805,0.877,-0.009,1.404,0.104586,0.121767,-0.004271,-0.987024,img_23.jpg
14844,1280,720,631.94293,353.39117,986.8637,986.74805,0.912,-0.004,1.420,0.100262,0.134343,-0.006528,-0.985828,img_24.jpg
14911,1280,720,631.94293,353.39117,986.8637,986.74805,0.951,-0.001,1.435,0.096797,0.146671,-0.000490,-0.984438,img_25.jpg
14994,1280,720,631.94293,353.39117,986.8637,986.74805,0.992,0.000,1.449,0.095698,0.159790,0.003174,-0.982496,img_26.jpg
15057,1280,720,631.94293,353.39117,986.8637,986.74805,1.034,0.000,1.461,0.094283,0.175025,-0.002408,-0.980036,img_27.jpg
15144,1280,720,631.94293,353.39117,986.8637,986.74805,1.107,-0.004,1.472,0.099387,0.203946,-0.012168,-0.973848,img_28.jpg
15211,1280,720,631.94293,353.39117,986.8637,986.74805,1.162,-0.007,1.479,0.106695,0.230437,-0.022956,-0.966948,img_29.jpg
15277,1280,720,631.94293,353.39117,986.8637,986.74805,1.218,-0.007,1.489,0.111569,0.249387,-0.032515,-0.961406,img_30.jpg
15360,1280,720,631.94293,353.39117,986.8637,986.74805,1.298,-0.003,1.495,0.124905,0.273550,-0.042292,-0.952775,img_31.jpg
15427,1280,720,631.94293,353.39117,986.8637,986.74805,1.346,0.004,1.497,0.122643,0.288636,-0.050542,-0.948205,img_32.jpg
15494,1280,720,631.94293,353.39117,986.8637,986.74805,1.396,0.010,1.499,0.121609,0.297710,-0.036273,-0.946184,img_33.jpg
15580,1280,720,631.94293,353.39117,986.8637,986.74805,1.441,0.014,1.495,0.118581,0.306639,-0.030947,-0.943903,img_34.jpg
15643,1280,720,631.94293,353.39117,986.8637,986.74805,1.487,0.016,1.490,0.116680,0.312308,-0.024616,-0.942467,img_35.jpg
15712,1280,720,631.94293,353.39117,986.8637,986.74805,1.533,0.016,1.483,0.113982,0.316940,-0.017164,-0.941415,img_36.jpg
15795,1280,720,631.94293,353.39117,986.8637,986.74805,1.611,0.013,1.475,0.109706,0.325566,-0.010396,-0.939076,img_37.jpg
15861,1280,720,631.94293,353.39117,986.8637,986.74805,1.663,0.012,1.469,0.105356,0.331029,-0.011146,-0.937655,img_38.jpg
15944,1280,720,631.94293,353.39117,986.8637,986.74805,1.717,0.012,1.463,0.102257,0.340648,-0.008656,-0.934574,img_39.jpg
16007,1280,720,631.94293,353.39117,986.8637,986.74805,1.773,0.015,1.458,0.093632,0.347406,-0.008889,-0.932986,img_40.jpg
16078,1280,720,631.94293,353.39117,986.8637,986.74805,1.827,0.021,1.452,0.085546,0.359732,-0.014429,-0.929014,img_41.jpg
16161,1280,720,631.94293,353.39117,986.8637,986.74805,1.908,0.034,1.444,0.078745,0.383343,-0.017647,-0.920074,img_42.jpg
16228,1280,720,631.94293,353.39117,986.8637,986.74805,1.954,0.044,1.434,0.070593,0.397791,-0.025702,-0.914395,img_43.jpg
16312,1280,720,631.94293,353.39117,986.8637,986.74805,2.000,0.052,1.423,0.069225,0.408262,-0.020868,-0.909997,img_44.jpg
16381,1280,720,631.94293,353.39117,986.8637,986.74805,2.044,0.058,1.407,0.067722,0.425379,-0.022380,-0.902200,img_45.jpg
16462,1280,720,631.94293,353.39117,986.8637,986.74805,2.087,0.058,1.392,0.069680,0.438366,-0.018437,-0.895902,img_46.jpg
16530,1280,720,631.94293,353.39117,986.8637,986.74805,2.153,0.054,1.370,0.069730,0.467310,-0.019669,-0.881120,img_47.jpg
16612,1280,720,631.94293,353.39117,986.8637,986.74805,2.195,0.051,1.355,0.067277,0.488698,-0.017513,-0.869679,img_48.jpg
16674,1280,720,631.94293,353.39117,986.8637,986.74805,2.239,0.051,1.339,0.060468,0.512813,-0.018215,-0.856174,img_49.jpg
16761,1280,720,631.94293,353.39117,986.8637,986.74805,2.301,0.055,1.317,0.054882,0.549215,-0.015036,-0.833742,img_50.jpg
16845,1280,720,631.94293,353.39117,986.8637,986.74805,2.344,0.059,1.305,0.057035,0.576121,-0.008545,-0.815327,img_51.jpg
16913,1280,720,631.94293,353.39117,986.8637,986.74805,2.377,0.063,1.295,0.051304,0.599304,-0.013618,-0.798760,img_52.jpg
16995,1280,720,631.94293,353.39117,986.8637,986.74805,2.435,0.062,1.289,0.047725,0.627280,0.008707,-0.777281,img_53.jpg
17062,1280,720,631.94293,353.39117,986.8637,986.74805,2.474,0.057,1.287,0.049355,0.647423,0.015216,-0.760379,img_54.jpg
17144,1280,720,631.94293,353.39117,986.8637,986.74805,2.514,0.052,1.286,0.051726,0.664757,0.016986,-0.745073,img_55.jpg
17206,1280,720,631.94293,353.39117,986.8637,986.74805,2.556,0.049,1.287,0.051297,0.677982,0.019828,-0.733019,img_56.jpg
17278,1280,720,631.94293,353.39117,986.8637,986.74805,2.601,0.048,1.288,0.045305,0.686941,0.017249,-0.725095,img_57.jpg
17362,1280,720,631.94293,353.39117,986.8637,986.74805,2.660,0.046,1.295,0.038129,0.701966,0.018227,-0.710956,img_58.jpg
17428,1280,720,631.94293,353.39117,986.8637,986.74805,2.678,0.044,1.299,0.036359,0.705466,0.020841,-0.707503,img_59.jpg
17493,1280,720,631.94293,353.39117,986.8637,986.74805,2.730,0.043,1.305,0.039834,0.714788,0.033580,-0.697398,img_60.jpg
17579,1280,720,631.94293,353.39117,986.8637,986.74805,2.761,0.043,1.306,0.037601,0.717866,0.032459,-0.694407,img_61.jpg
17641,1280,720,631.94293,353.39117,986.8637,986.74805,2.790,0.042,1.305,0.037410,0.727989,0.024876,-0.684116,img_62.jpg
17712,1280,720,631.94293,353.39117,986.8637,986.74805,2.814,0.042,1.304,0.040919,0.732337,0.034141,-0.678854,img_63.jpg
17782,1280,720,631.94293,353.39117,986.8637,986.74805,2.840,0.043,1.303,0.039580,0.737799,0.040489,-0.672641,img_64.jpg
17847,1280,720,631.94293,353.39117,986.8637,986.74805,2.866,0.044,1.299,0.038758,0.742261,0.037628,-0.667930,img_65.jpg
17913,1280,720,631.94293,353.39117,986.8637,986.74805,2.885,0.044,1.295,0.037763,0.745499,0.035283,-0.664500,img_66.jpg
17982,1280,720,631.94293,353.39117,986.8637,986.74805,2.907,0.043,1.290,0.039616,0.747280,0.039212,-0.662167,img_67.jpg,marker_3.jpg,0.27060425,0.27060425,3.459,-0.028,1.356,-0.451111,0.534734,-0.546320,-0.546320
18063,1280,720,631.94293,353.39117,986.8637,986.74805,2.935,0.041,1.279,0.043713,0.748236,0.039921,-0.660786,img_68.jpg
18146,1280,720,631.94293,353.39117,986.8637,986.74805,2.953,0.040,1.271,0.049329,0.748580,0.039043,-0.660053,img_69.jpg
18208,1280,720,631.94293,353.39117,986.8637,986.74805,2.971,0.040,1.264,0.051225,0.748986,0.040609,-0.659354,img_70.jpg,marker_3.jpg,0.26515096,0.26515096,3.459,-0.030,1.354,-0.463597,0.524841,-0.548557,-0.548557
18279,1280,720,631.94293,353.39117,986.8637,986.74805,2.985,0.040,1.258,0.050910,0.753319,0.036879,-0.654644,img_71.jpg
18348,1280,720,631.94293,353.39117,986.8637,986.74805,2.996,0.037,1.255,0.052510,0.757659,0.038112,-0.649418,img_72.jpg
18414,1280,720,631.94293,353.39117,986.8637,986.74805,3.004,0.036,1.253,0.049451,0.766501,0.028729,-0.639691,img_73.jpg
18479,1280,720,631.94293,353.39117,986.8637,986.74805,3.012,0.034,1.252,0.054862,0.767666,0.031189,-0.637736,img_74.jpg
18551,1280,720,631.94293,353.39117,986.8637,986.74805,3.017,0.032,1.255,0.059296,0.767527,0.039538,-0.637042,img_75.jpg
18617,1280,720,631.94293,353.39117,986.8637,986.74805,3.016,0.032,1.262,0.059672,0.765938,0.047707,-0.638359,img_76.jpg
18684,1280,720,631.94293,353.39117,986.8637,986.74805,3.009,0.033,1.276,0.060070,0.767373,0.051263,-0.636320,img_77.jpg
18755,1280,720,631.94293,353.39117,986.8637,986.74805,3.001,0.034,1.296,0.061800,0.764725,0.055230,-0.639004,img_78.jpg
18819,1280,720,631.94293,353.39117,986.8637,986.74805,2.992,0.038,1.320,0.061822,0.764906,0.051550,-0.639093,img_79.jpg
18883,1280,720,631.94293,353.39117,986.8637,986.74805,2.983,0.042,1.351,0.056779,0.766594,0.055378,-0.637216,img_80.jpg,marker_3.jpg,0.27322316,0.27322316,3.466,-0.032,1.354,-0.463506,0.526637,-0.544089,-0.544089
18956,1280,720,631.94293,353.39117,986.8637,986.74805,2.972,0.046,1.387,0.050528,0.771441,0.053144,-0.632061,img_81.jpg
19021,1280,720,631.94293,353.39117,986.8637,986.74805,2.962,0.048,1.428,0.041075,0.781594,0.048421,-0.620548,img_82.jpg
19083,1280,720,631.94293,353.39117,986.8637,986.74805,2.951,0.049,1.475,0.033455,0.790855,0.050045,-0.609036,img_83.jpg
19153,1280,720,631.94293,353.39117,986.8637,986.74805,2.941,0.051,1.526,0.027340,0.795736,0.048663,-0.603066,img_84.jpg
19217,1280,720,631.94293,353.39117,986.8637,986.74805,2.927,0.054,1.579,0.022510,0.797694,0.047400,-0.600775,img_85.jpg
19283,1280,720,631.94293,353.39117,986.8637,986.74805,2.907,0.063,1.633,0.016190,0.798233,0.034563,-0.601139,img_86.jpg
19349,1280,720,631.94293,353.39117,986.8637,986.74805,2.883,0.073,1.691,0.008762,0.802803,0.026761,-0.595579,img_87.jpg
19414,1280,720,631.94293,353.39117,986.8637,986.74805,2.862,0.081,1.751,0.009048,0.806519,0.036889,-0.589986,img_88.jpg
19482,1280,720,631.94293,353.39117,986.8637,986.74805,2.841,0.086,1.806,0.013377,0.806224,0.043135,-0.589884,img_89.jpg
19553,1280,720,631.94293,353.39117,986.8637,986.74805,2.826,0.089,1.859,0.016850,0.809609,0.048589,-0.584712,img_90.jpg
19624,1280,720,631.94293,353.39117,986.8637,986.74805,2.806,0.090,1.929,0.020769,0.811217,0.060501,-0.581236,img_91.jpg
19697,1280,720,631.94293,353.39117,986.8637,986.74805,2.797,0.087,1.968,0.023951,0.813826,0.054990,-0.578005,img_92.jpg
19780,1280,720,631.94293,353.39117,986.8637,986.74805,2.792,0.082,2.005,0.034061,0.817344,0.052290,-0.572760,img_93.jpg
19845,1280,720,631.94293,353.39117,986.8637,986.74805,2.788,0.077,2.047,0.036938,0.822118,0.052322,-0.565703,img_94.jpg
19912,1280,720,631.94293,353.39117,986.8637,986.74805,2.786,0.072,2.090,0.040352,0.822795,0.047336,-0.564924,img_95.jpg
19998,1280,720,631.94293,353.39117,986.8637,986.74805,2.787,0.066,2.165,0.045109,0.824650,0.035431,-0.562727,img_96.jpg
20064,1280,720,631.94293,353.39117,986.8637,986.74805,2.790,0.064,2.223,0.046725,0.826230,0.037806,-0.560118,img_97.jpg
20147,1280,720,631.94293,353.39117,986.8637,986.74805,2.794,0.063,2.283,0.050453,0.831102,0.037063,-0.552586,img_98.jpg
20211,1280,720,631.94293,353.39117,986.8637,986.74805,2.801,0.064,2.346,0.058506,0.835332,0.048427,-0.544475,img_99.jpg
20298,1280,720,631.94293,353.39117,986.8637,986.74805,2.805,0.072,2.438,0.070351,0.847901,0.049491,-0.523130,img_100.jpg
20363,1280,720,631.94293,353.39117,986.8637,986.74805,2.803,0.079,2.499,0.061081,0.852721,0.056821,-0.515662,img_101.jpg
20448,1280,720,631.94293,353.39117,986.8637,986.74805,2.802,0.088,2.554,0.051512,0.858304,0.050628,-0.508033,img_102.jpg
20513,1280,720,631.94293,353.39117,986.8637,986.74805,2.799,0.093,2.612,0.039216,0.861278,0.049411,-0.504204,img_103.jpg
20598,1280,720,631.94293,353.39117,986.8637,986.74805,2.792,0.091,2.704,0.025821,0.860678,0.053460,-0.505677,img_104.jpg
20681,1280,720,631.94293,353.39117,986.8637,986.74805,2.785,0.090,2.764,0.027248,0.861179,0.042314,-0.505805,img_105.jpg
20743,1280,720,631.94293,353.39117,986.8637,986.74805,2.776,0.091,2.827,0.027535,0.858452,0.038482,-0.510707,img_106.jpg
20816,1280,720,631.94293,353.39117,986.8637,986.74805,2.768,0.099,2.888,0.029462,0.854938,0.035422,-0.516680,img_107.jpg
20885,1280,720,631.94293,353.39117,986.8637,986.74805,2.761,0.112,2.956,0.034142,0.853571,0.037834,-0.518477,img_108.jpg
20955,1280,720,631.94293,353.39117,986.8637,986.74805,2.753,0.125,3.014,0.041255,0.852864,0.025975,-0.519853,img_109.jpg
21023,1280,720,631.94293,353.39117,986.8637,986.74805,2.747,0.139,3.066,0.039479,0.849602,0.020941,-0.525528,img_110.jpg
21090,1280,720,631.94293,353.39117,986.8637,986.74805,2.747,0.149,3.113,0.038013,0.847994,0.022372,-0.528168,img_111.jpg
21161,1280,720,631.94293,353.39117,986.8637,986.74805,2.750,0.156,3.178,0.036486,0.845241,0.020591,-0.532740,img_112.jpg
21232,1280,720,631.94293,353.39117,986.8637,986.74805,2.754,0.157,3.221,0.037451,0.844034,0.017900,-0.534681,img_113.jpg
21316,1280,720,631.94293,353.39117,986.8637,986.74805,2.764,0.156,3.258,0.035112,0.843043,0.018965,-0.536364,img_114.jpg
21382,1280,720,631.94293,353.39117,986.8637,986.74805,2.771,0.160,3.304,0.033181,0.840765,0.013339,-0.540217,img_115.jpg
21447,1280,720,631.94293,353.39117,986.8637,986.74805,2.783,0.166,3.347,0.035746,0.838768,0.003023,-0.543306,img_116.jpg
21516,1280,720,631.94293,353.39117,986.8637,986.74805,2.796,0.173,3.391,0.040792,0.837937,-0.007235,-0.544192,img_117.jpg
21599,1280,720,631.94293,353.39117,986.8637,986.74805,2.819,0.183,3.455,0.053794,0.839715,-0.011280,-0.540238,img_118.jpg
21682,1280,720,631.94293,353.39117,986.8637,986.74805,2.836,0.190,3.496,0.063730,0.840783,-0.015881,-0.537374,img_119.jpg
21749,1280,720,631.94293,353.39117,986.8637,986.74805,2.848,0.195,3.536,0.060519,0.840744,-0.011715,-0.537913,img_120.jpg
21814,1280,720,631.94293,353.39117,986.8637,986.74805,2.864,0.200,3.573,0.052464,0.840585,-0.006012,-0.539100,img_121.jpg
21882,1280,720,631.94293,353.39117,986.8637,986.74805,2.876,0.203,3.611,0.044767,0.838231,-0.005029,-0.543452,img_122.jpg
21944,1280,720,631.94293,353.39117,986.8637,986.74805,2.888,0.205,3.652,0.034588,0.836002,-0.001612,-0.547633,img_123.jpg
22016,1280,720,631.94293,353.39117,986.8637,986.74805,2.900,0.206,3.691,0.029711,0.834648,0.003739,-0.549969,img_124.jpg
22085,1280,720,631.94293,353.39117,986.8637,986.74805,2.910,0.206,3.726,0.029068,0.834565,0.000899,-0.550141,img_125.jpg
22148,1280,720,631.94293,353.39117,986.8637,986.74805,2.919,0.207,3.761,0.026374,0.831400,-0.000578,-0.555049,img_126.jpg
22218,1280,720,631.94293,353.39117,986.8637,986.74805,2.927,0.209,3.793,0.022724,0.827761,-0.000346,-0.560620,img_127.jpg
22286,1280,720,631.94293,353.39117,986.8637,986.74805,2.933,0.211,3.820,0.024340,0.825343,-0.009557,-0.564026,img_128.jpg
22350,1280,720,631.94293,353.39117,986.8637,986.74805,2.936,0.215,3.846,0.023008,0.820838,-0.011878,-0.570574,img_129.jpg
22420,1280,720,631.94293,353.39117,986.8637,986.74805,2.940,0.218,3.874,0.022418,0.816185,-0.002731,-0.577349,img_130.jpg
22500,1280,720,631.94293,353.39117,986.8637,986.74805,2.942,0.219,3.908,0.028618,0.810127,-0.004128,-0.585541,img_131.jpg
22582,1280,720,631.94293,353.39117,986.8637,986.74805,2.944,0.218,3.925,0.030088,0.808727,-0.005249,-0.587391,img_132.jpg
22650,1280,720,631.94293,353.39117,986.8637,986.74805,2.947,0.217,3.943,0.026446,0.808108,-0.000170,-0.588441,img_133.jpg
22715,1280,720,631.94293,353.39117,986.8637,986.74805,2.953,0.218,3.957,0.024130,0.805800,0.006956,-0.591655,img_134.jpg
22780,1280,720,631.94293,353.39117,986.8637,986.74805,2.955,0.219,3.967,0.022509,0.804575,0.005847,-0.593396,img_135.jpg
22866,1280,720,631.94293,353.39117,986.8637,986.74805,2.959,0.219,3.980,0.017302,0.802097,0.007032,-0.596902,img_136.jpg
22950,1280,720,631.94293,353.39117,986.8637,986.74805,2.968,0.217,3.987,0.021747,0.806603,0.010852,-0.590594,img_137.jpg
23016,1280,720,631.94293,353.39117,986.8637,986.74805,2.976,0.213,3.990,0.029745,0.805066,0.016677,-0.592205,img_138.jpg
23087,1280,720,631.94293,353.39117,986.8637,986.74805,2.989,0.209,3.993,0.035867,0.800565,0.018102,-0.597897,img_139.jpg
23165,1280,720,631.94293,353.39117,986.8637,986.74805,3.000,0.206,3.994,0.041032,0.800390,0.015745,-0.597866,img_140.jpg
23249,1280,720,631.94293,353.39117,986.8637,986.74805,3.010,0.203,3.998,0.045709,0.799475,0.020005,-0.598623,img_141.jpg
23312,1280,720,631.94293,353.39117,986.8637,986.74805,3.021,0.199,4.005,0.053046,0.801215,0.021631,-0.595628,img_142.jpg
23381,1280,720,631.94293,353.39117,986.8637,986.74805,3.032,0.195,4.016,0.062725,0.804927,0.030409,-0.589266,img_143.jpg
23449,1280,720,631.94293,353.39117,986.8637,986.74805,3.040,0.186,4.033,0.080002,0.815046,0.044212,-0.572141,img_144.jpg
23514,1280,720,631.94293,353.39117,986.8637,986.74805,3.033,0.177,4.053,0.068847,0.820223,0.036663,-0.566701,img_145.jpg
23575,1280,720,631.94293,353.39117,986.8637,986.74805,3.018,0.168,4.076,0.071472,0.827100,0.043543,-0.555789,img_146.jpg
23648,1280,720,631.94293,353.39117,986.8637,986.74805,2.997,0.157,4.103,0.065183,0.839189,0.057779,-0.536819,img_147.jpg
23712,1280,720,631.94293,353.39117,986.8637,986.74805,2.962,0.141,4.139,0.047119,0.856669,0.081811,-0.507154,img_148.jpg
23782,1280,720,631.94293,353.39117,986.8637,986.74805,2.917,0.121,4.176,0.030903,0.877179,0.110311,-0.466298,img_149.jpg
23845,1280,720,631.94293,353.39117,986.8637,986.74805,2.860,0.097,4.212,0.017095,0.897619,0.139225,-0.417858,img_150.jpg
23916,1280,720,631.94293,353.39117,986.8637,986.74805,2.790,0.067,4.244,0.004008,0.915643,0.165663,-0.366247,img_151.jpg
23976,1280,720,631.94293,353.39117,986.8637,986.74805,2.712,0.034,4.272,-0.007347,0.925832,0.197908,-0.321891,img_152.jpg
24048,1280,720,631.94293,353.39117,986.8637,986.74805,2.626,0.000,4.295,-0.018969,0.933236,0.233072,-0.272741,img_153.jpg
24108,1280,720,631.94293,353.39117,986.8637,986.74805,2.533,-0.031,4.314,-0.034013,0.937607,0.263799,-0.223932,img_154.jpg
24182,1280,720,631.94293,353.39117,986.8637,986.74805,2.438,-0.055,4.327,-0.047170,0.943107,0.281853,-0.169948,img_155.jpg
24244,1280,720,631.94293,353.39117,986.8637,986.74805,2.347,-0.074,4.335,-0.060114,0.949153,0.284735,-0.120091,img_156.jpg
24316,1280,720,631.94293,353.39117,986.8637,986.74805,2.264,-0.087,4.340,-0.080632,0.949149,0.293298,-0.081189,img_157.jpg
24379,1280,720,631.94293,353.39117,986.8637,986.74805,2.189,-0.097,4.344,-0.098252,0.946169,0.306616,-0.033112,img_158.jpg
24449,1280,720,631.94293,353.39117,986.8637,986.74805,2.189,-0.097,4.344,-0.098252,0.946169,0.306616,-0.033112,img_159.jpg
24511,1280,720,631.94293,353.39117,986.8637,986.74805,2.189,-0.097,4.344,-0.098252,0.946169,0.306616,-0.033112,img_160.jpg
24582,1280,720,631.94293,353.39117,986.8637,986.74805,2.189,-0.097,4.344,-0.098252,0.946169,0.306616,-0.033112,img_161.jpg
24649,1280,720,631.94293,353.39117,986.8637,986.74805,2.189,-0.097,4.344,-0.098252,0.946169,0.306616,-0.033112,img_162.jpg
24712,1280,720,631.94293,353.39117,986.8637,986.74805,2.189,-0.097,4.344,-0.098252,0.946169,0.306616,-0.033112,img_163.jpg
24782,1280,720,631.94293,353.39117,986.8637,986.74805,2.189,-0.097,4.344,-0.098252,0.946169,0.306616,-0.033112,img_164.jpg
24866,1280,720,631.94293,353.39117,986.8637,986.74805,2.189,-0.097,4.344,-0.098252,0.946169,0.306616,-0.033112,img_165.jpg
24932,1280,720,631.94293,353.39117,986.8637,986.74805,2.189,-0.097,4.344,-0.098252,0.946169,0.306616,-0.033112,img_166.jpg
25000,1280,720,631.94293,353.39117,986.8637,986.74805,2.189,-0.097,4.344,-0.098252,0.946169,0.306616,-0.033112,img_167.jpg
25083,1280,720,631.94293,353.39117,986.8637,986.74805,2.189,-0.097,4.344,-0.098252,0.946169,0.306616,-0.033112,img_168.jpg
25166,1280,720,631.94293,353.39117,986.8637,986.74805,2.189,-0.097,4.344,-0.098252,0.946169,0.306616,-0.033112,img_169.jpg
25226,1280,720,631.94293,353.39117,986.8637,986.74805,2.189,-0.097,4.344,-0.098252,0.946169,0.306616,-0.033112,img_170.jpg
25300,1280,720,631.94293,353.39117,986.8637,986.74805,2.189,-0.097,4.344,-0.098252,0.946169,0.306616,-0.033112,img_171.jpg
25365,1280,720,631.94293,353.39117,986.8637,986.74805,2.189,-0.097,4.344,-0.098252,0.946169,0.306616,-0.033112,img_172.jpg
25433,1280,720,631.94293,353.39117,986.8637,986.74805,2.189,-0.097,4.344,-0.098252,0.946169,0.306616,-0.033112,img_173.jpg
25500,1280,720,631.94293,353.39117,986.8637,986.74805,2.189,-0.097,4.344,-0.098252,0.946169,0.306616,-0.033112,img_174.jpg
25565,1280,720,631.94293,353.39117,986.8637,986.74805,2.189,-0.097,4.344,-0.098252,0.946169,0.306616,-0.033112,img_175.jpg
25633,1280,720,631.94293,353.39117,986.8637,986.74805,2.189,-0.097,4.344,-0.098252,0.946169,0.306616,-0.033112,img_176.jpg
25700,1280,720,631.94293,353.39117,986.8637,986.74805,2.189,-0.097,4.344,-0.098252,0.946169,0.306616,-0.033112,img_177.jpg
25766,1280,720,631.94293,353.39117,986.8637,986.74805,2.189,-0.097,4.344,-0.098252,0.946169,0.306616,-0.033112,img_178.jpg
25833,1280,720,631.94293,353.39117,986.8637,986.74805,2.189,-0.097,4.344,-0.098252,0.946169,0.306616,-0.033112,img_179.jpg
25899,1280,720,631.94293,353.39117,986.8637,986.74805,2.189,-0.097,4.344,-0.098252,0.946169,0.306616,-0.033112,img_180.jpg
25966,1280,720,631.94293,353.39117,986.8637,986.74805,2.189,-0.097,4.344,-0.098252,0.946169,0.306616,-0.033112,img_181.jpg
26032,1280,720,631.94293,353.39117,986.8637,986.74805,2.189,-0.097,4.344,-0.098252,0.946169,0.306616,-0.033112,img_182.jpg
26100,1280,720,631.94293,353.39117,986.8637,986.74805,2.189,-0.097,4.344,-0.098252,0.946169,0.306616,-0.033112,img_183.jpg
26166,1280,720,631.94293,353.39117,986.8637,986.74805,2.189,-0.097,4.344,-0.098252,0.946169,0.306616,-0.033112,img_184.jpg
26234,1280,720,631.94293,353.39117,986.8637,986.74805,2.189,-0.097,4.344,-0.098252,0.946169,0.306616,-0.033112,img_185.jpg
26300,1280,720,631.94293,353.39117,986.8637,986.74805,2.189,-0.097,4.344,-0.098252,0.946169,0.306616,-0.033112,img_186.jpg
26366,1280,720,631.94293,353.39117,986.8637,986.74805,2.189,-0.097,4.344,-0.098252,0.946169,0.306616,-0.033112,img_187.jpg
26432,1280,720,631.94293,353.39117,986.8637,986.74805,2.189,-0.097,4.344,-0.098252,0.946169,0.306616,-0.033112,img_188.jpg
26500,1280,720,631.94293,353.39117,986.8637,986.74805,2.189,-0.097,4.344,-0.098252,0.946169,0.306616,-0.033112,img_189.jpg
26566,1280,720,631.94293,353.39117,986.8637,986.74805,2.189,-0.097,4.344,-0.098252,0.946169,0.306616,-0.033112,img_190.jpg
26633,1280,720,631.94293,353.39117,986.8637,986.74805,2.189,-0.097,4.344,-0.098252,0.946169,0.306616,-0.033112,img_191.jpg
26700,1280,720,631.94293,353.39117,986.8637,986.74805,2.189,-0.097,4.344,-0.098252,0.946169,0.306616,-0.033112,img_192.jpg
26766,1280,720,631.94293,353.39117,986.8637,986.74805,2.189,-0.097,4.344,-0.098252,0.946169,0.306616,-0.033112,img_193.jpg
26833,1280,720,631.94293,353.39117,986.8637,986.74805,2.189,-0.097,4.344,-0.098252,0.946169,0.306616,-0.033112,img_194.jpg
26891,1280,720,631.94293,353.39117,986.8637,986.74805,2.189,-0.097,4.344,-0.098252,0.946169,0.306616,-0.033112,img_195.jpg
26966,1280,720,631.94293,353.39117,986.8637,986.74805,2.189,-0.097,4.344,-0.098252,0.946169,0.306616,-0.033112,img_196.jpg
27033,1280,720,631.94293,353.39117,986.8637,986.74805,2.189,-0.097,4.344,-0.098252,0.946169,0.306616,-0.033112,img_197.jpg
27100,1280,720,631.94293,353.39117,986.8637,986.74805,2.189,-0.097,4.344,-0.098252,0.946169,0.306616,-0.033112,img_198.jpg
27166,1280,720,631.94293,353.39117,986.8637,986.74805,2.189,-0.097,4.344,-0.098252,0.946169,0.306616,-0.033112,img_199.jpg
27233,1280,720,631.94293,353.39117,986.8637,986.74805,2.189,-0.097,4.344,-0.098252,0.946169,0.306616,-0.033112,img_200.jpg
27290,1280,720,631.94293,353.39117,986.8637,986.74805,2.189,-0.097,4.344,-0.098252,0.946169,0.306616,-0.033112,img_201.jpg
27366,1280,720,631.94293,353.39117,986.8637,986.74805,2.189,-0.097,4.344,-0.098252,0.946169,0.306616,-0.033112,img_202.jpg
27429,1280,720,631.94293,353.39117,986.8637,986.74805,2.189,-0.097,4.344,-0.098252,0.946169,0.306616,-0.033112,img_203.jpg
27500,1280,720,631.94293,353.39117,986.8637,986.74805,2.189,-0.097,4.344,-0.098252,0.946169,0.306616,-0.033112,img_204.jpg
27566,1280,720,631.94293,353.39117,986.8637,986.74805,2.189,-0.097,4.344,-0.098252,0.946169,0.306616,-0.033112,img_205.jpg
27633,1280,720,631.94293,353.39117,986.8637,986.74805,2.189,-0.097,4.344,-0.098252,0.946169,0.306616,-0.033112,img_206.jpg
27700,1280,720,631.94293,353.39117,986.8637,986.74805,2.189,-0.097,4.344,-0.098252,0.946169,0.306616,-0.033112,img_207.jpg
27766,1280,720,631.94293,353.39117,986.8637,986.74805,2.189,-0.097,4.344,-0.098252,0.946169,0.306616,-0.033112,img_208.jpg
27831,1280,720,631.94293,353.39117,986.8637,986.74805,2.189,-0.097,4.344,-0.098252,0.946169,0.306616,-0.033112,img_209.jpg
27901,1280,720,631.94293,353.39117,986.8637,986.74805,2.189,-0.097,4.344,-0.098252,0.946169,0.306616,-0.033112,img_210.jpg
27966,1280,720,631.94293,353.39117,986.8637,986.74805,2.189,-0.097,4.344,-0.098252,0.946169,0.306616,-0.033112,img_211.jpg
28033,1280,720,631.94293,353.39117,986.8637,986.74805,2.189,-0.097,4.344,-0.098252,0.946169,0.306616,-0.033112,img_212.jpg
28100,1280,720,631.94293,353.39117,986.8637,986.74805,2.189,-0.097,4.344,-0.098252,0.946169,0.306616,-0.033112,img_213.jpg
28166,1280,720,631.94293,353.39117,986.8637,986.74805,2.189,-0.097,4.344,-0.098252,0.946169,0.306616,-0.033112,img_214.jpg
28233,1280,720,631.94293,353.39117,986.8637,986.74805,2.189,-0.097,4.344,-0.098252,0.946169,0.306616,-0.033112,img_215.jpg
28289,1280,720,631.94293,353.39117,986.8637,986.74805,2.189,-0.097,4.344,-0.098252,0.946169,0.306616,-0.033112,img_216.jpg
28367,1280,720,631.94293,353.39117,986.8637,986.74805,2.189,-0.097,4.344,-0.098252,0.946169,0.306616,-0.033112,img_217.jpg
28426,1280,720,631.94293,353.39117,986.8637,986.74805,2.189,-0.097,4.344,-0.098252,0.946169,0.306616,-0.033112,img_218.jpg
28501,1280,720,631.94293,353.39117,986.8637,986.74805,2.189,-0.097,4.344,-0.098252,0.946169,0.306616,-0.033112,img_219.jpg
28560,1280,720,631.94293,353.39117,986.8637,986.74805,2.189,-0.097,4.344,-0.098252,0.946169,0.306616,-0.033112,img_220.jpg
28633,1280,720,631.94293,353.39117,986.8637,986.74805,2.189,-0.097,4.344,-0.098252,0.946169,0.306616,-0.033112,img_221.jpg
28688,1280,720,631.94293,353.39117,986.8637,986.74805,2.189,-0.097,4.344,-0.098252,0.946169,0.306616,-0.033112,img_222.jpg
28767,1280,720,631.94293,353.39117,986.8637,986.74805,2.189,-0.097,4.344,-0.098252,0.946169,0.306616,-0.033112,img_223.jpg
28827,1280,720,631.94293,353.39117,986.8637,986.74805,2.189,-0.097,4.344,-0.098252,0.946169,0.306616,-0.033112,img_224.jpg
28901,1280,720,631.94293,353.39117,986.8637,986.74805,2.189,-0.097,4.344,-0.098252,0.946169,0.306616,-0.033112,img_225.jpg
28960,1280,720,631.94293,353.39117,986.8637,986.74805,2.189,-0.097,4.344,-0.098252,0.946169,0.306616,-0.033112,img_226.jpg
29033,1280,720,631.94293,353.39117,986.8637,986.74805,2.189,-0.097,4.344,-0.098252,0.946169,0.306616,-0.033112,img_227.jpg
29088,1280,720,631.94293,353.39117,986.8637,986.74805,2.189,-0.097,4.344,-0.098252,0.946169,0.306616,-0.033112,img_228.jpg
29167,1280,720,631.94293,353.39117,986.8637,986.74805,2.189,-0.097,4.344,-0.098252,0.946169,0.306616,-0.033112,img_229.jpg
29226,1280,720,631.94293,353.39117,986.8637,986.74805,2.189,-0.097,4.344,-0.098252,0.946169,0.306616,-0.033112,img_230.jpg
29301,1280,720,631.94293,353.39117,986.8637,986.74805,2.189,-0.097,4.344,-0.098252,0.946169,0.306616,-0.033112,img_231.jpg
29367,1280,720,631.94293,353.39117,986.8637,986.74805,2.189,-0.097,4.344,-0.098252,0.946169,0.306616,-0.033112,img_232.jpg
29434,1280,720,631.94293,353.39117,986.8637,986.74805,2.189,-0.097,4.344,-0.098252,0.946169,0.306616,-0.033112,img_233.jpg
29501,1280,720,631.94293,353.39117,986.8637,986.74805,2.189,-0.097,4.344,-0.098252,0.946169,0.306616,-0.033112,img_234.jpg
29565,1280,720,631.94293,353.39117,986.8637,986.74805,2.189,-0.097,4.344,-0.098252,0.946169,0.306616,-0.033112,img_235.jpg
29634,1280,720,631.94293,353.39117,986.8637,986.74805,2.189,-0.097,4.344,-0.098252,0.946169,0.306616,-0.033112,img_236.jpg
29701,1280,720,631.94293,353.39117,986.8637,986.74805,2.189,-0.097,4.344,-0.098252,0.946169,0.306616,-0.033112,img_237.jpg
29767,1280,720,631.94293,353.39117,986.8637,986.74805,2.189,-0.097,4.344,-0.098252,0.946169,0.306616,-0.033112,img_238.jpg
29833,1280,720,631.94293,353.39117,986.8637,986.74805,2.189,-0.097,4.344,-0.098252,0.946169,0.306616,-0.033112,img_239.jpg
29889,1280,720,631.94293,353.39117,986.8637,986.74805,2.189,-0.097,4.344,-0.098252,0.946169,0.306616,-0.033112,img_240.jpg
29967,1280,720,631.94293,353.39117,986.8637,986.74805,2.189,-0.097,4.344,-0.098252,0.946169,0.306616,-0.033112,img_241.jpg
30028,1280,720,631.94293,353.39117,986.8637,986.74805,2.189,-0.097,4.344,-0.098252,0.946169,0.306616,-0.033112,img_242.jpg
30101,1280,720,631.94293,353.39117,986.8637,986.74805,2.189,-0.097,4.344,-0.098252,0.946169,0.306616,-0.033112,img_243.jpg
30167,1280,720,631.94293,353.39117,986.8637,986.74805,2.189,-0.097,4.344,-0.098252,0.946169,0.306616,-0.033112,img_244.jpg
30234,1280,720,631.94293,353.39117,986.8637,986.74805,2.189,-0.097,4.344,-0.098252,0.946169,0.306616,-0.033112,img_245.jpg
30293,1280,720,631.94293,353.39117,986.8637,986.74805,2.189,-0.097,4.344,-0.098252,0.946169,0.306616,-0.033112,img_246.jpg
30367,1280,720,631.94293,353.39117,986.8637,986.74805,2.189,-0.097,4.344,-0.098252,0.946169,0.306616,-0.033112,img_247.jpg
30429,1280,720,631.94293,353.39117,986.8637,986.74805,2.189,-0.097,4.344,-0.098252,0.946169,0.306616,-0.033112,img_248.jpg
30502,1280,720,631.94293,353.39117,986.8637,986.74805,2.189,-0.097,4.344,-0.098252,0.946169,0.306616,-0.033112,img_249.jpg
30584,1280,720,631.94293,353.39117,986.8637,986.74805,2.189,-0.097,4.344,-0.098252,0.946169,0.306616,-0.033112,img_250.jpg
30651,1280,720,631.94293,353.39117,986.8637,986.74805,2.189,-0.097,4.344,-0.098252,0.946169,0.306616,-0.033112,img_251.jpg
30718,1280,720,631.94293,353.39117,986.8637,986.74805,2.189,-0.097,4.344,-0.098252,0.946169,0.306616,-0.033112,img_252.jpg
30784,1280,720,631.94293,353.39117,986.8637,986.74805,2.189,-0.097,4.344,-0.098252,0.946169,0.306616,-0.033112,img_253.jpg
30851,1280,720,631.94293,353.39117,986.8637,986.74805,2.189,-0.097,4.344,-0.098252,0.946169,0.306616,-0.033112,img_254.jpg
30918,1280,720,631.94293,353.39117,986.8637,986.74805,2.189,-0.097,4.344,-0.098252,0.946169,0.306616,-0.033112,img_255.jpg
31001,1280,720,631.94293,353.39117,986.8637,986.74805,2.189,-0.097,4.344,-0.098252,0.946169,0.306616,-0.033112,img_256.jpg
31062,1280,720,631.94293,353.39117,986.8637,986.74805,2.189,-0.097,4.344,-0.098252,0.946169,0.306616,-0.033112,img_257.jpg
31134,1280,720,631.94293,353.39117,986.8637,986.74805,2.189,-0.097,4.344,-0.098252,0.946169,0.306616,-0.033112,img_258.jpg
31218,1280,720,631.94293,353.39117,986.8637,986.74805,2.189,-0.097,4.344,-0.098252,0.946169,0.306616,-0.033112,img_259.jpg
31284,1280,720,631.94293,353.39117,986.8637,986.74805,2.189,-0.097,4.344,-0.098252,0.946169,0.306616,-0.033112,img_260.jpg
31368,1280,720,631.94293,353.39117,986.8637,986.74805,3.043,0.177,3.994,0.040201,0.843150,0.041226,-0.534586,img_261.jpg
31431,1280,720,631.94293,353.39117,986.8637,986.74805,3.039,0.177,3.998,0.032293,0.841563,0.050397,-0.536833,img_262.jpg
31502,1280,720,631.94293,353.39117,986.8637,986.74805,3.038,0.177,3.998,0.034431,0.847785,0.048347,-0.527009,img_263.jpg
31571,1280,720,631.94293,353.39117,986.8637,986.74805,3.036,0.176,4.000,0.038000,0.854191,0.046768,-0.516456,img_264.jpg
31637,1280,720,631.94293,353.39117,986.8637,986.74805,3.043,0.173,4.000,0.042050,0.859088,0.049551,-0.507686,img_265.jpg
31705,1280,720,631.94293,353.39117,986.8637,986.74805,3.040,0.170,4.000,0.047848,0.862415,0.049128,-0.501535,img_266.jpg
31776,1280,720,631.94293,353.39117,986.8637,986.74805,3.036,0.170,4.005,0.050689,0.862160,0.051970,-0.501407,img_267.jpg
31839,1280,720,631.94293,353.39117,986.8637,986.74805,3.027,0.172,4.011,0.047294,0.862259,0.051053,-0.501663,img_268.jpg
31906,1280,720,631.94293,353.39117,986.8637,986.74805,3.019,0.174,4.019,0.042329,0.862799,0.050060,-0.501278,img_269.jpg
31980,1280,720,631.94293,353.39117,986.8637,986.74805,3.004,0.176,4.038,0.034223,0.861074,0.050832,-0.504774,img_270.jpg
32052,1280,720,631.94293,353.39117,986.8637,986.74805,2.993,0.178,4.054,0.030028,0.859053,0.050204,-0.508533,img_271.jpg
32135,1280,720,631.94293,353.39117,986.8637,986.74805,2.980,0.179,4.072,0.025837,0.853838,0.053668,-0.517119,img_272.jpg
32202,1280,720,631.94293,353.39117,986.8637,986.74805,2.967,0.181,4.091,0.026408,0.849457,0.051717,-0.524453,img_273.jpg
32269,1280,720,631.94293,353.39117,986.8637,986.74805,2.953,0.183,4.109,0.027752,0.842684,0.050876,-0.535280,img_274.jpg
32343,1280,720,631.94293,353.39117,986.8637,986.74805,2.937,0.185,4.126,0.030302,0.834332,0.047901,-0.548340,img_275.jpg
32419,1280,720,631.94293,353.39117,986.8637,986.74805,2.912,0.188,4.151,0.036289,0.821411,0.047168,-0.567224,img_276.jpg
32502,1280,720,631.94293,353.39117,986.8637,986.74805,2.895,0.190,4.170,0.039296,0.815371,0.046452,-0.575733,img_277.jpg
32588,1280,720,631.94293,353.39117,986.8637,986.74805,2.867,0.191,4.201,0.043472,0.811234,0.043802,-0.581456,img_278.jpg
32669,1280,720,631.94293,353.39117,986.8637,986.74805,2.849,0.192,4.224,0.044136,0.811665,0.040998,-0.581008,img_279.jpg
32743,1280,720,631.94293,353.39117,986.8637,986.74805,2.833,0.192,4.250,0.044532,0.814792,0.044660,-0.576313,img_280.jpg
32819,1280,720,631.94293,353.39117,986.8637,986.74805,2.805,0.195,4.294,0.036992,0.822435,0.053047,-0.565171,img_281.jpg
32904,1280,720,631.94293,353.39117,986.8637,986.74805,2.785,0.200,4.322,0.034107,0.830172,0.049145,-0.554289,img_282.jpg
32986,1280,720,631.94293,353.39117,986.8637,986.74805,2.756,0.205,4.370,0.030899,0.838765,0.057908,-0.540523,img_283.jpg
33069,1280,720,631.94293,353.39117,986.8637,986.74805,2.738,0.209,4.401,0.030901,0.846423,0.050519,-0.529208,img_284.jpg
33144,1280,720,631.94293,353.39117,986.8637,986.74805,2.721,0.212,4.437,0.033954,0.851192,0.042155,-0.522056,img_285.jpg
33218,1280,720,631.94293,353.39117,986.8637,986.74805,2.700,0.217,4.492,0.039714,0.857469,0.048020,-0.510749,img_286.jpg
33304,1280,720,631.94293,353.39117,986.8637,986.74805,2.685,0.224,4.532,0.043193,0.863523,0.048561,-0.500104,img_287.jpg
33376,1280,720,631.94293,353.39117,986.8637,986.74805,2.667,0.234,4.569,0.036366,0.871039,0.039032,-0.488309,img_288.jpg
33453,1280,720,631.94293,353.39117,986.8637,986.74805,2.649,0.242,4.623,0.020586,0.872946,0.047173,-0.485094,img_289.jpg
33536,1280,720,631.94293,353.39117,986.8637,986.74805,2.635,0.243,4.652,0.016533,0.872672,0.039589,-0.486419,img_290.jpg
33606,1280,720,631.94293,353.39117,986.8637,986.74805,2.624,0.242,4.682,0.010722,0.864029,0.046491,-0.501176,img_291.jpg
33685,1280,720,631.94293,353.39117,986.8637,986.74805,2.607,0.242,4.720,0.014911,0.856019,0.037655,-0.515356,img_292.jpg
33771,1280,720,631.94293,353.39117,986.8637,986.74805,2.598,0.243,4.734,0.018966,0.850311,0.033745,-0.524855,img_293.jpg
33843,1280,720,631.94293,353.39117,986.8637,986.74805,2.583,0.243,4.759,0.021970,0.842608,0.043192,-0.536343,img_294.jpg
33920,1280,720,631.94293,353.39117,986.8637,986.74805,2.572,0.245,4.771,0.026559,0.839040,0.039983,-0.541949,img_295.jpg
34005,1280,720,631.94293,353.39117,986.8637,986.74805,2.565,0.247,4.778,0.030095,0.834577,0.038859,-0.548694,img_296.jpg,marker_10.jpg,0.27675536,0.27675536,2.999,0.158,5.003,-0.377698,0.574668,-0.622066,-0.622066
34082,1280,720,631.94293,353.39117,986.8637,986.74805,2.554,0.249,4.785,0.033235,0.827295,0.040805,-0.559297,img_297.jpg
34170,1280,720,631.94293,353.39117,986.8637,986.74805,2.545,0.249,4.791,0.033894,0.823356,0.041638,-0.564979,img_298.jpg
34244,1280,720,631.94293,353.39117,986.8637,986.74805,2.535,0.249,4.793,0.034419,0.820261,0.041469,-0.569445,img_299.jpg
34311,1280,720,631.94293,353.39117,986.8637,986.74805,2.526,0.248,4.795,0.033876,0.819215,0.043290,-0.570846,img_300.jpg
34379,1280,720,631.94293,353.39117,986.8637,986.74805,2.511,0.249,4.801,0.035000,0.818734,0.044601,-0.571368,img_301.jpg
34470,1280,720,631.94293,353.39117,986.8637,986.74805,2.498,0.250,4.808,0.035733,0.820945,0.043414,-0.568232,img_302.jpg,marker_10.jpg,0.27326614,0.27326614,3.001,0.158,4.995,-0.373105,0.581613,-0.619779,-0.619779
34542,1280,720,631.94293,353.39117,986.8637,986.74805,2.483,0.251,4.819,0.034466,0.826058,0.041552,-0.560993,img_303.jpg
34612,1280,720,631.94293,353.39117,986.8637,986.74805,2.469,0.252,4.833,0.032138,0.834185,0.043784,-0.548804,img_304.jpg
34689,1280,720,631.94293,353.39117,986.8637,986.74805,2.449,0.250,4.860,0.028159,0.849245,0.045979,-0.525239,img_305.jpg
34771,1280,720,631.94293,353.39117,986.8637,986.74805,2.436,0.249,4.881,0.027617,0.860847,0.045595,-0.506064,img_306.jpg
34854,1280,720,631.94293,353.39117,986.8637,986.74805,2.422,0.246,4.904,0.024962,0.872155,0.049689,-0.486059,img_307.jpg
34925,1280,720,631.94293,353.39117,986.8637,986.74805,2.402,0.245,4.943,0.020105,0.888911,0.054207,-0.454416,img_308.jpg
35005,1280,720,631.94293,353.39117,986.8637,986.74805,2.388,0.246,4.967,0.016924,0.899990,0.054654,-0.432139,img_309.jpg
35080,1280,720,631.94293,353.39117,986.8637,986.74805,2.365,0.247,5.014,0.010463,0.915154,0.054428,-0.399277,img_310.jpg
35171,1280,720,631.94293,353.39117,986.8637,986.74805,2.349,0.248,5.049,0.006565,0.924547,0.057056,-0.376715,img_311.jpg
35243,1280,720,631.94293,353.39117,986.8637,986.74805,2.333,0.246,5.084,0.007786,0.933563,0.055979,-0.353930,img_312.jpg
35315,1280,720,631.94293,353.39117,986.8637,986.74805,2.320,0.245,5.122,0.010758,0.942271,0.053879,-0.330313,img_313.jpg
35391,1280,720,631.94293,353.39117,986.8637,986.74805,2.299,0.248,5.182,0.015294,0.954654,0.054731,-0.292245,img_314.jpg
35488,1280,720,631.94293,353.39117,986.8637,986.74805,2.270,0.254,5.241,0.018660,0.967809,0.059134,-0.243927,img_315.jpg
35571,1280,720,631.94293,353.39117,986.8637,986.74805,2.247,0.260,5.278,0.023114,0.976588,0.056864,-0.206175,img_316.jpg
35648,1280,720,631.94293,353.39117,986.8637,986.74805,2.210,0.267,5.327,0.024308,0.986862,0.055303,-0.149848,img_317.jpg
35738,1280,720,631.94293,353.39117,986.8637,986.74805,2.178,0.269,5.359,0.019730,0.991411,0.057132,-0.115980,img_318.jpg
35808,1280,720,631.94293,353.39117,986.8637,986.74805,2.143,0.272,5.382,0.012766,0.995114,0.057806,-0.079022,img_319.jpg
35882,1280,720,631.94293,353.39117,986.8637,986.74805,2.083,0.275,5.412,0.002741,0.998444,0.046139,-0.031185,img_320.jpg
35971,1280,720,631.94293,353.39117,986.8637,986.74805,2.041,0.276,5.427,-0.001388,0.999269,0.038063,-0.003182,img_321.jpg
36046,1280,720,631.94293,353.39117,986.8637,986.74805,1.971,0.273,5.442,-0.005936,0.998677,0.037145,0.035075,img_322.jpg
36138,1280,720,631.94293,353.39117,986.8637,986.74805,1.923,0.271,5.442,-0.003026,0.997841,0.026209,0.060138,img_323.jpg
36210,1280,720,631.94293,353.39117,986.8637,986.74805,1.869,0.268,5.452,-0.004603,0.996648,0.021800,0.078712,img_324.jpg
36288,1280,720,631.94293,353.39117,986.8637,986.74805,1.794,0.265,5.460,-0.010414,0.994072,0.021423,0.106085,img_325.jpg
36372,1280,720,631.94293,353.39117,986.8637,986.74805,1.757,0.267,5.461,-0.014850,0.993050,0.022565,0.114549,img_326.jpg
36451,1280,720,631.94293,353.39117,986.8637,986.74805,1.707,0.270,5.456,-0.013472,0.991018,0.023440,0.130966,img_327.jpg
36538,1280,720,631.94293,353.39117,986.8637,986.74805,1.674,0.268,5.452,-0.009680,0.988935,0.023022,0.146235,img_328.jpg
36614,1280,720,631.94293,353.39117,986.8637,986.74805,1.633,0.267,5.447,0.008294,-0.986218,-0.024415,-0.163427,img_329.jpg
36689,1280,720,631.94293,353.39117,986.8637,986.74805,1.613,0.265,5.446,0.009491,-0.984364,-0.027265,-0.173763,img_330.jpg
36772,1280,720,631.94293,353.39117,986.8637,986.74805,1.597,0.262,5.448,0.013956,-0.982302,-0.033430,-0.183767,img_331.jpg
36846,1280,720,631.94293,353.39117,986.8637,986.74805,1.584,0.259,5.448,0.015841,-0.980529,-0.035981,-0.192398,img_332.jpg
36916,1280,720,631.94293,353.39117,986.8637,986.74805,1.569,0.256,5.449,0.019648,-0.977651,-0.037524,-0.205921,img_333.jpg
36990,1280,720,631.94293,353.39117,986.8637,986.74805,1.565,0.254,5.452,0.027918,-0.976562,-0.045423,-0.208528,img_334.jpg
37073,1280,720,631.94293,353.39117,986.8637,986.74805,1.568,0.254,5.459,0.029178,-0.975496,-0.051445,-0.211918,img_335.jpg
37141,1280,720,631.94293,353.39117,986.8637,986.74805,1.568,0.254,5.458,0.030900,-0.975122,-0.054386,-0.212661,img_336.jpg
37222,1280,720,631.94293,353.39117,986.8637,986.74805,1.574,0.251,5.463,0.033814,-0.974474,-0.056863,-0.214529,img_337.jpg
37306,1280,720,631.94293,353.39117,986.8637,986.74805,1.577,0.248,5.461,0.034625,-0.973291,-0.060175,-0.218825,img_338.jpg
37375,1280,720,631.94293,353.39117,986.8637,986.74805,1.577,0.247,5.462,0.040215,-0.971945,-0.064039,-0.222721,img_339.jpg
37473,1280,720,631.94293,353.39117,986.8637,986.74805,1.577,0.248,5.460,0.039157,-0.970538,-0.063623,-0.229073,img_340.jpg
37539,1280,720,631.94293,353.39117,986.8637,986.74805,1.576,0.249,5.460,0.036484,-0.969393,-0.064120,-0.234168,img_341.jpg
37610,1280,720,631.94293,353.39117,986.8637,986.74805,1.576,0.249,5.460,0.036957,-0.968262,-0.067378,-0.237832,img_342.jpg
37680,1280,720,631.94293,353.39117,986.8637,986.74805,1.577,0.247,5.463,0.032702,-0.965925,-0.072451,-0.246312,img_343.jpg
37756,1280,720,631.94293,353.39117,986.8637,986.74805,1.578,0.246,5.463,0.033988,-0.964584,-0.079039,-0.249349,img_344.jpg
37839,1280,720,631.94293,353.39117,986.8637,986.74805,1.581,0.243,5.461,0.030293,-0.963449,-0.080944,-0.253567,img_345.jpg
37902,1280,720,631.94293,353.39117,986.8637,986.74805,1.580,0.242,5.456,0.027457,-0.962398,-0.080169,-0.258086,img_346.jpg
37974,1280,720,631.94293,353.39117,986.8637,986.74805,1.571,0.240,5.437,0.036104,-0.962130,-0.074811,-0.259628,img_347.jpg
38056,1280,720,631.94293,353.39117,986.8637,986.74805,1.565,0.239,5.423,0.036957,-0.961769,-0.069274,-0.262366,img_348.jpg
38116,1280,720,631.94293,353.39117,986.8637,986.74805,1.557,0.238,5.408,0.038736,-0.964812,-0.065488,-0.251693,img_349.jpg
38192,1280,720,631.94293,353.39117,986.8637,986.74805,1.548,0.239,5.393,0.042253,-0.968527,-0.061246,-0.237529,img_350.jpg
38260,1280,720,631.94293,353.39117,986.8637,986.74805,1.540,0.240,5.375,0.040389,-0.972628,-0.059232,-0.221033,img_351.jpg,marker_11.jpg,0.2841249,0.2841249,1.347,0.124,5.884,-0.120352,-0.668290,0.718494,0.718494
38340,1280,720,631.94293,353.39117,986.8637,986.74805,1.534,0.239,5.356,0.035579,-0.977411,-0.061232,-0.199130,img_352.jpg
38403,1280,720,631.94293,353.39117,986.8637,986.74805,1.528,0.236,5.336,0.025309,-0.980912,-0.067320,-0.180661,img_353.jpg
38490,1280,720,631.94293,353.39117,986.8637,986.74805,1.517,0.233,5.304,0.018455,-0.985397,-0.071260,-0.153540,img_354.jpg
38557,1280,720,631.94293,353.39117,986.8637,986.74805,1.509,0.232,5.284,-0.022440,0.987297,0.077433,0.136913,img_355.jpg,marker_11.jpg,0.2795413,0.2795413,1.346,0.126,5.884,-0.145956,-0.674816,0.700807,0.700807
38639,1280,720,631.94293,353.39117,986.8637,986.74805,1.502,0.232,5.264,-0.022703,0.988337,0.079999,0.127570,img_356.jpg
38702,1280,720,631.94293,353.39117,986.8637,986.74805,1.495,0.233,5.239,-0.020589,0.989561,0.079428,0.118477,img_357.jpg
38791,1280,720,631.94293,353.39117,986.8637,986.74805,1.477,0.237,5.194,-0.023847,0.990737,0.074860,0.110758,img_358.jpg
38873,1280,720,631.94293,353.39117,986.8637,986.74805,1.462,0.237,5.164,-0.026604,0.991149,0.076197,0.105399,img_359.jpg
38944,1280,720,631.94293,353.39117,986.8637,986.74805,1.436,0.235,5.117,-0.027457,0.991500,0.075034,0.102688,img_360.jpg
39023,1280,720,631.94293,353.39117,986.8637,986.74805,1.413,0.232,5.084,-0.031565,0.991231,0.075690,0.103612,img_361.jpg
39090,1280,720,631.94293,353.39117,986.8637,986.74805,1.386,0.228,5.048,-0.033898,0.991279,0.071754,0.105206,img_362.jpg
39174,1280,720,631.94293,353.39117,986.8637,986.74805,1.355,0.221,5.012,-0.026740,0.990673,0.071094,0.113129,img_363.jpg,marker_11.jpg,0.27987942,0.27987942,1.350,0.128,5.881,-0.163185,-0.677582,0.692223,0.692223
39246,1280,720,631.94293,353.39117,986.8637,986.74805,1.303,0.202,4.958,-0.032863,0.989593,0.086687,0.110051,img_364.jpg
39323,1280,720,631.94293,353.39117,986.8637,986.74805,1.264,0.189,4.922,-0.041849,0.987531,0.101337,0.112966,img_365.jpg
39392,1280,720,631.94293,353.39117,986.8637,986.74805,1.225,0.177,4.889,-0.036452,0.985611,0.107924,0.124882,img_366.jpg
39473,1280,720,631.94293,353.39117,986.8637,986.74805,1.178,0.168,4.850,0.031255,-0.982534,-0.112962,-0.144530,img_367.jpg
39541,1280,720,631.94293,353.39117,986.8637,986.74805,1.107,0.160,4.790,0.018144,-0.978954,-0.118476,-0.165179,img_368.jpg
39623,1280,720,631.94293,353.39117,986.8637,986.74805,1.059,0.161,4.750,0.022328,-0.977167,-0.124972,-0.170377,img_369.jpg
39691,1280,720,631.94293,353.39117,986.8637,986.74805,1.015,0.166,4.712,0.021587,-0.975859,-0.118638,-0.182093,img_370.jpg
39773,1280,720,631.94293,353.39117,986.8637,986.74805,0.975,0.171,4.674,0.023019,-0.972132,-0.108062,-0.206764,img_371.jpg
39839,1280,720,631.94293,353.39117,986.8637,986.74805,0.932,0.174,4.632,0.034317,-0.968098,-0.099344,-0.227463,img_372.jpg
39907,1280,720,631.94293,353.39117,986.8637,986.74805,0.891,0.175,4.588,0.035307,-0.963118,-0.089824,-0.251173,img_373.jpg
39976,1280,720,631.94293,353.39117,986.8637,986.74805,0.834,0.175,4.512,0.046090,-0.959099,-0.069310,-0.270556,img_374.jpg
40057,1280,720,631.94293,353.39117,986.8637,986.74805,0.801,0.175,4.456,0.050584,-0.957025,-0.060639,-0.279048,img_375.jpg
40141,1280,720,631.94293,353.39117,986.8637,986.74805,0.771,0.173,4.398,0.041887,-0.954522,-0.056958,-0.289636,img_376.jpg
40202,1280,720,631.94293,353.39117,986.8637,986.74805,0.738,0.173,4.345,0.044339,-0.954258,-0.065856,-0.288250,img_377.jpg
40274,1280,720,631.94293,353.39117,986.8637,986.74805,0.686,0.182,4.274,0.026170,-0.950518,-0.080604,-0.298886,img_378.jpg
40357,1280,720,631.94293,353.39117,986.8637,986.74805,0.647,0.191,4.231,0.020198,-0.949928,-0.077171,-0.302116,img_379.jpg
40441,1280,720,631.94293,353.39117,986.8637,986.74805,0.602,0.201,4.193,0.023733,-0.948442,-0.072052,-0.307739,img_380.jpg
40509,1280,720,631.94293,353.39117,986.8637,986.74805,0.562,0.206,4.160,0.027522,-0.948153,-0.064507,-0.309979,img_381.jpg
40581,1280,720,631.94293,353.39117,986.8637,986.74805,0.499,0.202,4.117,0.029072,-0.948061,-0.066338,-0.309733,img_382.jpg
40657,1280,720,631.94293,353.39117,986.8637,986.74805,0.457,0.197,4.100,0.032797,-0.949551,-0.070442,-0.303834,img_383.jpg
40742,1280,720,631.94293,353.39117,986.8637,986.74805,0.398,0.194,4.085,0.037819,-0.948359,-0.070402,-0.306968,img_384.jpg
40824,1280,720,631.94293,353.39117,986.8637,986.74805,0.356,0.191,4.076,0.042471,-0.946537,-0.078240,-0.310069,img_385.jpg
40885,1280,720,631.94293,353.39117,986.8637,986.74805,0.318,0.189,4.069,0.041735,-0.943651,-0.084507,-0.317239,img_386.jpg
40960,1280,720,631.94293,353.39117,986.8637,986.74805,0.279,0.187,4.057,0.022568,-0.939484,-0.081936,-0.331885,img_387.jpg,marker_12.jpg,0.28198612,0.28198612,-0.169,0.044,4.571,-0.162167,-0.669004,0.712402,0.712402
41042,1280,720,631.94293,353.39117,986.8637,986.74805,0.249,0.186,4.040,0.029738,-0.943712,-0.084129,-0.318505,img_388.jpg
41107,1280,720,631.94293,353.39117,986.8637,986.74805,0.228,0.183,4.031,0.024155,-0.947760,-0.084968,-0.306510,img_389.jpg
41176,1280,720,631.94293,353.39117,986.8637,986.74805,0.218,0.180,4.021,0.024448,-0.955414,-0.085586,-0.281534,img_390.jpg
41258,1280,720,631.94293,353.39117,986.8637,986.74805,0.202,0.180,4.012,0.024884,-0.959438,-0.086989,-0.267005,img_391.jpg
41322,1280,720,631.94293,353.39117,986.8637,986.74805,0.189,0.183,4.001,0.028708,-0.965980,-0.085184,-0.242493,img_392.jpg
41392,1280,720,631.94293,353.39117,986.8637,986.74805,0.178,0.186,3.991,0.030271,-0.968569,-0.082522,-0.232698,img_393.jpg
41462,1280,720,631.94293,353.39117,986.8637,986.74805,0.169,0.188,3.980,0.028906,-0.971841,-0.079666,-0.219871,img_394.jpg
41541,1280,720,631.94293,353.39117,986.8637,986.74805,0.159,0.188,3.967,0.027257,-0.974223,-0.078577,-0.209697,img_395.jpg,marker_12.jpg,0.27032262,0.27032262,-0.159,0.044,4.565,-0.169068,-0.675682,0.698013,0.698013
41628,1280,720,631.94293,353.39117,986.8637,986.74805,0.153,0.188,3.960,0.023559,-0.975025,-0.075689,-0.207469,img_396.jpg
41708,1280,720,631.94293,353.39117,986.8637,986.74805,0.148,0.191,3.955,0.018254,-0.975652,-0.072471,-0.206197,img_397.jpg
41775,1280,720,631.94293,353.39117,986.8637,986.74805,0.141,0.192,3.946,0.009828,-0.974528,-0.064097,-0.214686,img_398.jpg
41858,1280,720,631.94293,353.39117,986.8637,986.74805,0.137,0.193,3.939,0.007683,-0.974114,-0.055484,-0.219006,img_399.jpg
41923,1280,720,631.94293,353.39117,986.8637,986.74805,0.133,0.193,3.934,0.003323,-0.973808,-0.057170,-0.220044,img_400.jpg
41994,1280,720,631.94293,353.39117,986.8637,986.74805,0.131,0.193,3.930,0.003131,-0.975390,-0.054575,-0.213604,img_401.jpg
42064,1280,720,631.94293,353.39117,986.8637,986.74805,0.130,0.194,3.927,0.004083,-0.975821,-0.056959,-0.210978,img_402.jpg
42129,1280,720,631.94293,353.39117,986.8637,986.74805,0.128,0.194,3.923,0.007186,-0.977091,-0.052591,-0.206096,img_403.jpg,marker_12.jpg,0.26670128,0.26670128,-0.154,0.046,4.554,-0.171376,-0.675083,0.699040,0.699040
42208,1280,720,631.94293,353.39117,986.8637,986.74805,0.125,0.194,3.918,0.009530,-0.977664,-0.049461,-0.204049,img_404.jpg
42279,1280,720,631.94293,353.39117,986.8637,986.74805,0.120,0.195,3.913,0.012204,-0.977541,-0.051850,-0.203902,img_405.jpg
42359,1280,720,631.94293,353.39117,986.8637,986.74805,0.119,0.197,3.910,0.011184,-0.978027,-0.050428,-0.201977,img_406.jpg
42425,1280,720,631.94293,353.39117,986.8637,986.74805,0.118,0.198,3.906,0.008930,-0.978342,-0.048790,-0.200966,img_407.jpg
42492,1280,720,631.94293,353.39117,986.8637,986.74805,0.117,0.200,3.903,0.009739,-0.978784,-0.046541,-0.199303,img_408.jpg
42559,1280,720,631.94293,353.39117,986.8637,986.74805,0.115,0.202,3.900,0.012751,-0.978837,-0.043995,-0.199447,img_409.jpg
42634,1280,720,631.94293,353.39117,986.8637,986.74805,0.110,0.202,3.895,0.014276,-0.979349,-0.044843,-0.196623,img_410.jpg
