time,sizeX,sizeY,p_x,p_y,f_x,f_y,pos_X,pos_Y,pos_Z,q_x,q_y,q_z,q_w,marker_ID,marker_x,marker_y,marker_z,marker_qx,marker_qy,marker_qz,marker_qw,marker_ID,marker_x,marker_y,marker_z,marker_qx,marker_qy,marker_qz,marker_qw,marker_ID,marker_x,marker_y,marker_z,marker_qx,marker_qy,marker_qz,marker_qw,
14622,1280,720,631.94293,353.39117,986.8637,986.74805,0.574,1.138,6.389,0.108996,-0.003789,0.014797,-0.993925,img_1.jpg
14711,1280,720,631.94293,353.39117,986.8637,986.74805,0.576,1.139,6.392,0.108322,-0.007229,0.018895,-0.993910,img_2.jpg,marker_1.jpg,0.2661658,0.2661658,0.566,1.012,5.863,-0.709015,0.007747,-0.009656,-0.009656
14798,1280,720,631.94293,353.39117,986.8637,986.74805,0.577,1.139,6.396,0.104304,-0.012027,0.010055,-0.994422,img_3.jpg
14882,1280,720,631.94293,353.39117,986.8637,986.74805,0.577,1.141,6.401,0.100111,-0.012576,0.005177,-0.994883,img_4.jpg
14964,1280,720,631.94293,353.39117,986.8637,986.74805,0.573,1.140,6.415,0.101028,-0.026998,-0.004237,-0.994508,img_5.jpg
15048,1280,720,631.94293,353.39117,986.8637,986.74805,0.570,1.137,6.424,0.097996,-0.007978,-0.016813,-0.995013,img_6.jpg
15133,1280,720,631.94293,353.39117,986.8637,986.74805,0.570,1.132,6.435,0.103409,-0.001220,-0.012110,-0.994564,img_7.jpg,marker_1.jpg,0.26679525,0.26679525,0.561,1.012,5.856,-0.706441,0.017893,-0.019302,-0.019302
15214,1280,720,631.94293,353.39117,986.8637,986.74805,0.570,1.129,6.446,0.113720,-0.007249,-0.010810,-0.993428,img_8.jpg
15297,1280,720,631.94293,353.39117,986.8637,986.74805,0.574,1.127,6.457,0.104817,-0.007177,-0.009667,-0.994419,img_9.jpg
15370,1280,720,631.94293,353.39117,986.8637,986.74805,0.591,1.123,6.471,0.113660,0.011978,0.000841,-0.993447,img_10.jpg
15447,1280,720,631.94293,353.39117,986.8637,986.74805,0.608,1.121,6.484,0.111236,0.027958,0.007080,-0.993376,img_11.jpg
15530,1280,720,631.94293,353.39117,986.8637,986.74805,0.629,1.118,6.498,0.111214,0.047676,0.012812,-0.992570,img_12.jpg
15615,1280,720,631.94293,353.39117,986.8637,986.74805,0.672,1.117,6.523,0.107393,0.075218,0.017566,-0.991212,img_13.jpg
15698,1280,720,631.94293,353.39117,986.8637,986.74805,0.726,1.116,6.556,0.104921,0.098897,0.027474,-0.989170,img_14.jpg
15781,1280,720,631.94293,353.39117,986.8637,986.74805,0.766,1.115,6.577,0.111817,0.106537,0.021967,-0.987757,img_15.jpg
15864,1280,720,631.94293,353.39117,986.8637,986.74805,0.809,1.115,6.606,0.110881,0.123712,0.014740,-0.985994,img_16.jpg
15933,1280,720,631.94293,353.39117,986.8637,986.74805,0.855,1.117,6.635,0.107085,0.137527,0.015481,-0.984571,img_17.jpg
16000,1280,720,631.94293,353.39117,986.8637,986.74805,0.903,1.120,6.664,0.111112,0.159398,0.013426,-0.980850,img_18.jpg
16067,1280,720,631.94293,353.39117,986.8637,986.74805,0.970,1.128,6.708,0.107985,0.177645,0.008336,-0.978117,img_19.jpg
16147,1280,720,631.94293,353.39117,986.8637,986.74805,1.015,1.131,6.732,0.112804,0.195641,0.007185,-0.974140,img_20.jpg
16230,1280,720,631.94293,353.39117,986.8637,986.74805,1.057,1.136,6.753,0.115491,0.214705,0.013250,-0.969736,img_21.jpg
16299,1280,720,631.94293,353.39117,986.8637,986.74805,1.101,1.141,6.770,0.122692,0.225100,0.019883,-0.966375,img_22.jpg
16369,1280,720,631.94293,353.39117,986.8637,986.74805,1.168,1.142,6.791,0.130506,0.255959,0.032429,-0.957289,img_23.jpg
16448,1280,720,631.94293,353.39117,986.8637,986.74805,1.206,1.143,6.797,0.131840,0.274781,0.033425,-0.951838,img_24.jpg
16530,1280,720,631.94293,353.39117,986.8637,986.74805,1.247,1.143,6.802,0.131224,0.295589,0.035774,-0.945583,img_25.jpg
16594,1280,720,631.94293,353.39117,986.8637,986.74805,1.292,1.143,6.805,0.126300,0.307580,0.033702,-0.942500,img_26.jpg
16664,1280,720,631.94293,353.39117,986.8637,986.74805,1.336,1.143,6.802,0.126774,0.318871,0.030173,-0.938797,img_27.jpg
16735,1280,720,631.94293,353.39117,986.8637,986.74805,1.406,1.141,6.791,0.125677,0.336159,0.012735,-0.933295,img_28.jpg
16814,1280,720,631.94293,353.39117,986.8637,986.74805,1.459,1.142,6.782,0.131335,0.345879,0.009833,-0.928990,img_29.jpg
16899,1280,720,631.94293,353.39117,986.8637,986.74805,1.508,1.142,6.772,0.132518,0.363324,0.003655,-0.922183,img_30.jpg
16968,1280,720,631.94293,353.39117,986.8637,986.74805,1.584,1.138,6.759,0.148905,0.392750,0.009661,-0.907459,img_31.jpg
17047,1280,720,631.94293,353.39117,986.8637,986.74805,1.632,1.138,6.754,0.151465,0.409304,0.021151,-0.899490,img_32.jpg
17113,1280,720,631.94293,353.39117,986.8637,986.74805,1.679,1.138,6.750,0.149161,0.420470,0.033837,-0.894321,img_33.jpg
17197,1280,720,631.94293,353.39117,986.8637,986.74805,1.727,1.138,6.745,0.142677,0.430434,0.040097,-0.890372,img_34.jpg
17258,1280,720,631.94293,353.39117,986.8637,986.74805,1.780,1.134,6.736,0.137020,0.445282,0.049727,-0.883446,img_35.jpg
17347,1280,720,631.94293,353.39117,986.8637,986.74805,1.854,1.131,6.732,0.134181,0.465230,0.054722,-0.873248,img_36.jpg
17413,1280,720,631.94293,353.39117,986.8637,986.74805,1.905,1.133,6.730,0.125011,0.469656,0.049021,-0.872578,img_37.jpg
17481,1280,720,631.94293,353.39117,986.8637,986.74805,1.955,1.139,6.732,0.109101,0.473688,0.044526,-0.872774,img_38.jpg
17566,1280,720,631.94293,353.39117,986.8637,986.74805,2.014,1.144,6.732,0.091569,0.475241,0.045200,-0.873910,img_39.jpg
17628,1280,720,631.94293,353.39117,986.8637,986.74805,2.066,1.152,6.732,0.082768,0.476801,0.044747,-0.873961,img_40.jpg
17714,1280,720,631.94293,353.39117,986.8637,986.74805,2.122,1.162,6.730,0.081053,0.480968,0.051657,-0.871454,img_41.jpg
17777,1280,720,631.94293,353.39117,986.8637,986.74805,2.197,1.173,6.722,0.070999,0.492618,0.040111,-0.866417,img_42.jpg
17847,1280,720,631.94293,353.39117,986.8637,986.74805,2.242,1.176,6.712,0.073012,0.500216,0.039336,-0.861920,img_43.jpg
17916,1280,720,631.94293,353.39117,986.8637,986.74805,2.286,1.177,6.705,0.071936,0.509569,0.041446,-0.856415,img_44.jpg
17997,1280,720,631.94293,353.39117,986.8637,986.74805,2.331,1.174,6.697,0.073657,0.517510,0.045909,-0.851264,img_45.jpg
18058,1280,720,631.94293,353.39117,986.8637,986.74805,2.376,1.170,6.691,0.074657,0.529447,0.046906,-0.843749,img_46.jpg
18147,1280,720,631.94293,353.39117,986.8637,986.74805,2.444,1.167,6.678,0.068086,0.546236,0.045169,-0.833637,img_47.jpg
18214,1280,720,631.94293,353.39117,986.8637,986.74805,2.487,1.167,6.666,0.062531,0.557707,0.042993,-0.826562,img_48.jpg
18281,1280,720,631.94293,353.39117,986.8637,986.74805,2.530,1.167,6.650,0.058400,0.570709,0.033083,-0.818404,img_49.jpg
18364,1280,720,631.94293,353.39117,986.8637,986.74805,2.598,1.170,6.625,0.060416,0.587916,0.032072,-0.806025,img_50.jpg
18430,1280,720,631.94293,353.39117,986.8637,986.74805,2.620,1.173,6.617,0.063914,0.593151,0.034143,-0.801823,img_51.jpg
18498,1280,720,631.94293,353.39117,986.8637,986.74805,2.656,1.177,6.603,0.061898,0.602962,0.030891,-0.794765,img_52.jpg
18566,1280,720,631.94293,353.39117,986.8637,986.74805,2.715,1.181,6.594,0.055936,0.616346,0.040776,-0.784427,img_53.jpg
18647,1280,720,631.94293,353.39117,986.8637,986.74805,2.748,1.181,6.591,0.055690,0.623069,0.045878,-0.778832,img_54.jpg
18730,1280,720,631.94293,353.39117,986.8637,986.74805,2.781,1.181,6.585,0.052853,0.627057,0.047630,-0.775718,img_55.jpg
18791,1280,720,631.94293,353.39117,986.8637,986.74805,2.814,1.180,6.581,0.050735,0.630045,0.055088,-0.772939,img_56.jpg
18863,1280,720,631.94293,353.39117,986.8637,986.74805,2.846,1.177,6.575,0.051453,0.633773,0.055481,-0.769809,img_57.jpg
18935,1280,720,631.94293,353.39117,986.8637,986.74805,2.879,1.174,6.572,0.051806,0.632419,0.056211,-0.770846,img_58.jpg
18999,1280,720,631.94293,353.39117,986.8637,986.74805,2.908,1.170,6.569,0.054116,0.631147,0.054787,-0.771831,img_59.jpg
19063,1280,720,631.94293,353.39117,986.8637,986.74805,2.940,1.164,6.566,0.064211,0.632390,0.061681,-0.769516,img_60.jpg
19138,1280,720,631.94293,353.39117,986.8637,986.74805,2.975,1.160,6.562,0.068599,0.628178,0.064925,-0.772315,img_61.jpg
19214,1280,720,631.94293,353.39117,986.8637,986.74805,2.995,1.159,6.560,0.066795,0.624470,0.063807,-0.775568,img_62.jpg
19281,1280,720,631.94293,353.39117,986.8637,986.74805,3.013,1.158,6.557,0.066967,0.621074,0.068361,-0.777887,img_63.jpg
19366,1280,720,631.94293,353.39117,986.8637,986.74805,3.030,1.161,6.552,0.066369,0.614972,0.071961,-0.782449,img_64.jpg
19428,1280,720,631.94293,353.39117,986.8637,986.74805,3.044,1.162,6.551,0.064150,0.614555,0.066395,-0.783453,img_65.jpg,marker_3.jpg,0.27278817,0.27278817,3.713,1.035,6.316,-0.474439,0.528313,-0.505583,-0.505583
19498,1280,720,631.94293,353.39117,986.8637,986.74805,3.062,1.160,6.553,0.063477,0.617034,0.067883,-0.781429,img_66.jpg
19568,1280,720,631.94293,353.39117,986.8637,986.74805,3.092,1.158,6.567,0.060807,0.628094,0.080560,-0.771564,img_67.jpg
19647,1280,720,631.94293,353.39117,986.8637,986.74805,3.111,1.159,6.572,0.063294,0.638258,0.084950,-0.762498,img_68.jpg
19730,1280,720,631.94293,353.39117,986.8637,986.74805,3.137,1.163,6.581,0.061087,0.653406,0.077284,-0.750571,img_69.jpg
19796,1280,720,631.94293,353.39117,986.8637,986.74805,3.149,1.162,6.590,0.060195,0.665030,0.075749,-0.740523,img_70.jpg
19863,1280,720,631.94293,353.39117,986.8637,986.74805,3.160,1.160,6.603,0.066038,0.676427,0.086394,-0.728438,img_71.jpg
19947,1280,720,631.94293,353.39117,986.8637,986.74805,3.168,1.157,6.620,0.067162,0.690299,0.088218,-0.714978,img_72.jpg
20013,1280,720,631.94293,353.39117,986.8637,986.74805,3.175,1.156,6.641,0.065479,0.705643,0.090395,-0.699721,img_73.jpg
20079,1280,720,631.94293,353.39117,986.8637,986.74805,3.182,1.158,6.666,0.062187,0.719627,0.088779,-0.685848,img_74.jpg
20164,1280,720,631.94293,353.39117,986.8637,986.74805,3.185,1.160,6.710,0.054621,0.739651,0.082718,-0.665650,img_75.jpg
20247,1280,720,631.94293,353.39117,986.8637,986.74805,3.185,1.160,6.743,0.047340,0.748296,0.082263,-0.656540,img_76.jpg
20329,1280,720,631.94293,353.39117,986.8637,986.74805,3.183,1.161,6.779,0.040899,0.755155,0.077942,-0.649610,img_77.jpg
20399,1280,720,631.94293,353.39117,986.8637,986.74805,3.177,1.161,6.837,0.037053,0.761342,0.068451,-0.643661,img_78.jpg
20482,1280,720,631.94293,353.39117,986.8637,986.74805,3.171,1.162,6.880,0.036356,0.765383,0.058342,-0.639894,img_79.jpg
20553,1280,720,631.94293,353.39117,986.8637,986.74805,3.166,1.163,6.925,0.039437,0.769254,0.058692,-0.635019,img_80.jpg
20625,1280,720,631.94293,353.39117,986.8637,986.74805,3.162,1.165,6.971,0.044199,0.771001,0.068512,-0.631593,img_81.jpg
20692,1280,720,631.94293,353.39117,986.8637,986.74805,3.157,1.167,7.016,0.050126,0.772323,0.078729,-0.628336,img_82.jpg
20761,1280,720,631.94293,353.39117,986.8637,986.74805,3.147,1.170,7.078,0.049401,0.779962,0.075402,-0.619301,img_83.jpg
20847,1280,720,631.94293,353.39117,986.8637,986.74805,3.141,1.171,7.116,0.043730,0.788180,0.077797,-0.608940,img_84.jpg
20914,1280,720,631.94293,353.39117,986.8637,986.74805,3.137,1.171,7.156,0.036004,0.795520,0.086625,-0.598622,img_85.jpg
20978,1280,720,631.94293,353.39117,986.8637,986.74805,3.135,1.170,7.198,0.029194,0.803488,0.089169,-0.587880,img_86.jpg
21065,1280,720,631.94293,353.39117,986.8637,986.74805,3.137,1.168,7.260,0.021315,0.812946,0.093677,-0.574359,img_87.jpg
21147,1280,720,631.94293,353.39117,986.8637,986.74805,3.140,1.166,7.302,0.016837,0.822785,0.089159,-0.561063,img_88.jpg
21230,1280,720,631.94293,353.39117,986.8637,986.74805,3.151,1.167,7.368,0.013860,0.835912,0.085396,-0.542002,img_89.jpg
21313,1280,720,631.94293,353.39117,986.8637,986.74805,3.161,1.170,7.410,0.015008,0.843740,0.080239,-0.530509,img_90.jpg
21382,1280,720,631.94293,353.39117,986.8637,986.74805,3.176,1.175,7.449,0.021092,0.852995,0.071544,-0.516561,img_91.jpg
21464,1280,720,631.94293,353.39117,986.8637,986.74805,3.196,1.182,7.507,0.025354,0.863886,0.074786,-0.497458,img_92.jpg
21547,1280,720,631.94293,353.39117,986.8637,986.74805,3.203,1.187,7.544,0.023031,0.872196,0.070823,-0.483455,img_93.jpg
21613,1280,720,631.94293,353.39117,986.8637,986.74805,3.211,1.189,7.584,0.018952,0.879335,0.071749,-0.470386,img_94.jpg
21679,1280,720,631.94293,353.39117,986.8637,986.74805,3.217,1.188,7.625,0.018316,0.883360,0.075693,-0.462180,img_95.jpg
21745,1280,720,631.94293,353.39117,986.8637,986.74805,3.222,1.186,7.665,0.016572,0.887818,0.075534,-0.453650,img_96.jpg
21831,1280,720,631.94293,353.39117,986.8637,986.74805,3.221,1.182,7.735,0.003167,0.889210,0.084262,-0.449662,img_97.jpg
21896,1280,720,631.94293,353.39117,986.8637,986.74805,3.220,1.179,7.760,0.000159,0.888821,0.087408,-0.449841,img_98.jpg
21960,1280,720,631.94293,353.39117,986.8637,986.74805,3.218,1.173,7.812,-0.001162,0.890064,0.087200,-0.447416,img_99.jpg
22047,1280,720,631.94293,353.39117,986.8637,986.74805,3.204,1.168,7.887,-0.007732,0.889094,0.084854,-0.449724,img_100.jpg
22108,1280,720,631.94293,353.39117,986.8637,986.74805,3.194,1.171,7.939,-0.009110,0.889419,0.081128,-0.449743,img_101.jpg
22182,1280,720,631.94293,353.39117,986.8637,986.74805,3.187,1.177,7.989,-0.006233,0.888287,0.087755,-0.450785,img_102.jpg
22263,1280,720,631.94293,353.39117,986.8637,986.74805,3.184,1.183,8.054,0.007981,0.887199,0.081063,-0.454141,img_103.jpg
22331,1280,720,631.94293,353.39117,986.8637,986.74805,3.183,1.185,8.093,0.010720,0.883378,0.076770,-0.462207,img_104.jpg
22413,1280,720,631.94293,353.39117,986.8637,986.74805,3.185,1.187,8.130,0.007738,0.879727,0.079131,-0.468784,img_105.jpg
22476,1280,720,631.94293,353.39117,986.8637,986.74805,3.189,1.186,8.166,0.006333,0.876067,0.082069,-0.475112,img_106.jpg
22547,1280,720,631.94293,353.39117,986.8637,986.74805,3.196,1.183,8.202,0.007444,0.873494,0.086175,-0.479089,img_107.jpg
22618,1280,720,631.94293,353.39117,986.8637,986.74805,3.203,1.180,8.240,0.008921,0.872037,0.086799,-0.481599,img_108.jpg
22684,1280,720,631.94293,353.39117,986.8637,986.74805,3.210,1.179,8.277,0.010082,0.871141,0.080932,-0.484212,img_109.jpg
22751,1280,720,631.94293,353.39117,986.8637,986.74805,3.221,1.177,8.316,0.012632,0.870942,0.076990,-0.485152,img_110.jpg
22822,1280,720,631.94293,353.39117,986.8637,986.74805,3.233,1.175,8.353,0.019609,0.871336,0.070181,-0.485246,img_111.jpg
22888,1280,720,631.94293,353.39117,986.8637,986.74805,3.247,1.175,8.389,0.026177,0.870480,0.072726,-0.486097,img_112.jpg
22964,1280,720,631.94293,353.39117,986.8637,986.74805,3.257,1.178,8.426,0.026654,0.867712,0.085609,-0.488914,img_113.jpg
23033,1280,720,631.94293,353.39117,986.8637,986.74805,3.271,1.184,8.472,0.024502,0.866807,0.074834,-0.492387,img_114.jpg
23114,1280,720,631.94293,353.39117,986.8637,986.74805,3.278,1.186,8.505,0.018519,0.862168,0.080971,-0.499767,img_115.jpg
23179,1280,720,631.94293,353.39117,986.8637,986.74805,3.283,1.186,8.536,0.019466,0.858492,0.079028,-0.506328,img_116.jpg
23263,1280,720,631.94293,353.39117,986.8637,986.74805,3.288,1.184,8.586,0.015753,0.849264,0.079388,-0.521729,img_117.jpg
23330,1280,720,631.94293,353.39117,986.8637,986.74805,3.289,1.180,8.617,0.015752,0.839538,0.078426,-0.537379,img_118.jpg
23413,1280,720,631.94293,353.39117,986.8637,986.74805,3.288,1.178,8.647,0.020336,0.830439,0.073034,-0.551928,img_119.jpg
23497,1280,720,631.94293,353.39117,986.8637,986.74805,3.275,1.180,8.686,0.022291,0.811851,0.065963,-0.579698,img_120.jpg
23563,1280,720,631.94293,353.39117,986.8637,986.74805,3.270,1.184,8.715,0.023883,0.799954,0.070453,-0.595432,img_121.jpg
23646,1280,720,631.94293,353.39117,986.8637,986.74805,3.264,1.187,8.741,0.025029,0.788956,0.071549,-0.609757,img_122.jpg
23709,1280,720,631.94293,353.39117,986.8637,986.74805,3.256,1.189,8.765,0.026659,0.778936,0.069729,-0.622645,img_123.jpg
23783,1280,720,631.94293,353.39117,986.8637,986.74805,3.249,1.191,8.787,0.028002,0.770972,0.069260,-0.632472,img_124.jpg
23856,1280,720,631.94293,353.39117,986.8637,986.74805,3.243,1.192,8.807,0.028015,0.763998,0.065970,-0.641226,img_125.jpg
23924,1280,720,631.94293,353.39117,986.8637,986.74805,3.239,1.193,8.826,0.029274,0.758102,0.063318,-0.648394,img_126.jpg
24013,1280,720,631.94293,353.39117,986.8637,986.74805,3.237,1.193,8.851,0.030013,0.749908,0.065243,-0.657632,img_127.jpg
24085,1280,720,631.94293,353.39117,986.8637,986.74805,3.236,1.193,8.864,0.030440,0.744059,0.062445,-0.664493,img_128.jpg
24153,1280,720,631.94293,353.39117,986.8637,986.74805,3.236,1.192,8.876,0.029537,0.738880,0.061601,-0.670365,img_129.jpg
24227,1280,720,631.94293,353.39117,986.8637,986.74805,3.240,1.192,8.892,0.027148,0.732205,0.066095,-0.677326,img_130.jpg
24297,1280,720,631.94293,353.39117,986.8637,986.74805,3.245,1.191,8.902,0.029732,0.730652,0.064515,-0.679044,img_131.jpg
24380,1280,720,631.94293,353.39117,986.8637,986.74805,3.251,1.190,8.914,0.033551,0.730790,0.059332,-0.679191,img_132.jpg
24449,1280,720,631.94293,353.39117,986.8637,986.74805,3.260,1.190,8.928,0.035827,0.730822,0.058741,-0.679091,img_133.jpg
24517,1280,720,631.94293,353.39117,986.8637,986.74805,3.268,1.189,8.941,0.039194,0.730438,0.055069,-0.679626,img_134.jpg
24586,1280,720,631.94293,353.39117,986.8637,986.74805,3.280,1.187,8.953,0.046874,0.728658,0.052378,-0.681261,img_135.jpg
24657,1280,720,631.94293,353.39117,986.8637,986.74805,3.292,1.186,8.963,0.054259,0.725054,0.051276,-0.684634,img_136.jpg
24725,1280,720,631.94293,353.39117,986.8637,986.74805,3.304,1.185,8.974,0.058857,0.721754,0.053862,-0.687536,img_137.jpg
24794,1280,720,631.94293,353.39117,986.8637,986.74805,3.323,1.182,8.988,0.064980,0.719728,0.063022,-0.688330,img_138.jpg
24880,1280,720,631.94293,353.39117,986.8637,986.74805,3.335,1.179,8.997,0.071883,0.718779,0.067654,-0.688195,img_139.jpg
24945,1280,720,631.94293,353.39117,986.8637,986.74805,3.344,1.177,9.005,0.078409,0.715318,0.071447,-0.690701,img_140.jpg
25017,1280,720,631.94293,353.39117,986.8637,986.74805,3.351,1.175,9.012,0.082046,0.712344,0.069430,-0.693552,img_141.jpg
25085,1280,720,631.94293,353.39117,986.8637,986.74805,3.356,1.172,9.022,0.082943,0.708506,0.074591,-0.696833,img_142.jpg
25153,1280,720,631.94293,353.39117,986.8637,986.74805,3.359,1.168,9.033,0.084092,0.705445,0.080748,-0.699110,img_143.jpg
25227,1280,720,631.94293,353.39117,986.8637,986.74805,3.358,1.165,9.046,0.085552,0.703887,0.079855,-0.700605,img_144.jpg
25295,1280,720,631.94293,353.39117,986.8637,986.74805,3.352,1.164,9.068,0.081733,0.699503,0.081850,-0.705206,img_145.jpg
25381,1280,720,631.94293,353.39117,986.8637,986.74805,3.341,1.167,9.082,0.076195,0.694215,0.077081,-0.711561,img_146.jpg
25451,1280,720,631.94293,353.39117,986.8637,986.74805,3.328,1.170,9.097,0.071548,0.686906,0.070115,-0.719809,img_147.jpg
25519,1280,720,631.94293,353.39117,986.8637,986.74805,3.313,1.172,9.113,0.069146,0.679500,0.065700,-0.727449,img_148.jpg
25588,1280,720,631.94293,353.39117,986.8637,986.74805,3.296,1.173,9.131,0.069553,0.674414,0.062860,-0.732377,img_149.jpg
25660,1280,720,631.94293,353.39117,986.8637,986.74805,3.273,1.171,9.161,0.073059,0.665067,0.064647,-0.740385,img_150.jpg
25730,1280,720,631.94293,353.39117,986.8637,986.74805,3.259,1.167,9.181,0.076403,0.657862,0.074549,-0.745535,img_151.jpg
25812,1280,720,631.94293,353.39117,986.8637,986.74805,3.246,1.162,9.201,0.080941,0.656220,0.079946,-0.745945,img_152.jpg
25877,1280,720,631.94293,353.39117,986.8637,986.74805,3.229,1.159,9.221,0.084284,0.657229,0.081777,-0.744486,img_153.jpg
25946,1280,720,631.94293,353.39117,986.8637,986.74805,3.212,1.157,9.242,0.084526,0.659414,0.084171,-0.742256,img_154.jpg
26017,1280,720,631.94293,353.39117,986.8637,986.74805,3.197,1.155,9.263,0.083257,0.662945,0.086736,-0.738952,img_155.jpg
26083,1280,720,631.94293,353.39117,986.8637,986.74805,3.184,1.152,9.285,0.081779,0.668468,0.092743,-0.733390,img_156.jpg
26147,1280,720,631.94293,353.39117,986.8637,986.74805,3.174,1.149,9.306,0.080760,0.677677,0.097705,-0.724352,img_157.jpg
26219,1280,720,631.94293,353.39117,986.8637,986.74805,3.166,1.146,9.329,0.077557,0.690044,0.104023,-0.712042,img_158.jpg
26284,1280,720,631.94293,353.39117,986.8637,986.74805,3.160,1.144,9.356,0.072209,0.703157,0.109992,-0.698754,img_159.jpg
26352,1280,720,631.94293,353.39117,986.8637,986.74805,3.155,1.142,9.382,0.067053,0.718027,0.115919,-0.683011,img_160.jpg
26425,1280,720,631.94293,353.39117,986.8637,986.74805,3.154,1.138,9.412,0.062271,0.733300,0.123132,-0.665757,img_161.jpg
26494,1280,720,631.94293,353.39117,986.8637,986.74805,3.153,1.131,9.455,0.059646,0.753464,0.135679,-0.640567,img_162.jpg
26581,1280,720,631.94293,353.39117,986.8637,986.74805,3.155,1.127,9.486,0.060465,0.767488,0.139637,-0.622743,img_163.jpg
26647,1280,720,631.94293,353.39117,986.8637,986.74805,3.162,1.124,9.516,0.061723,0.780862,0.143782,-0.604790,img_164.jpg
26718,1280,720,631.94293,353.39117,986.8637,986.74805,3.165,1.122,9.548,0.063574,0.793310,0.139771,-0.589137,img_165.jpg
26788,1280,720,631.94293,353.39117,986.8637,986.74805,3.171,1.123,9.582,0.065667,0.804412,0.132085,-0.575468,img_166.jpg
26856,1280,720,631.94293,353.39117,986.8637,986.74805,3.185,1.127,9.630,0.068927,0.818104,0.121498,-0.557847,img_167.jpg
26930,1280,720,631.94293,353.39117,986.8637,986.74805,3.194,1.133,9.663,0.069566,0.826217,0.114840,-0.547118,img_168.jpg
27012,1280,720,631.94293,353.39117,986.8637,986.74805,3.203,1.139,9.695,0.067895,0.835526,0.111981,-0.533617,img_169.jpg
27077,1280,720,631.94293,353.39117,986.8637,986.74805,3.209,1.148,9.724,0.064071,0.847163,0.102635,-0.517375,img_170.jpg
27163,1280,720,631.94293,353.39117,986.8637,986.74805,3.216,1.155,9.769,0.052407,0.860892,0.101767,-0.495743,img_171.jpg
27247,1280,720,631.94293,353.39117,986.8637,986.74805,3.217,1.158,9.798,0.046682,0.868873,0.103344,-0.481871,img_172.jpg
27316,1280,720,631.94293,353.39117,986.8637,986.74805,3.218,1.162,9.827,0.039872,0.875857,0.101939,-0.469992,img_173.jpg
27379,1280,720,631.94293,353.39117,986.8637,986.74805,3.217,1.166,9.854,0.032120,0.881809,0.099806,-0.459805,img_174.jpg
27444,1280,720,631.94293,353.39117,986.8637,986.74805,3.216,1.167,9.882,0.024952,0.885625,0.102091,-0.452354,img_175.jpg
27530,1280,720,631.94293,353.39117,986.8637,986.74805,3.213,1.166,9.927,0.018548,0.889231,0.105322,-0.444783,img_176.jpg
27596,1280,720,631.94293,353.39117,986.8637,986.74805,3.210,1.164,9.959,0.014067,0.890357,0.108595,-0.441897,img_177.jpg
27681,1280,720,631.94293,353.39117,986.8637,986.74805,3.204,1.164,9.990,0.011036,0.890496,0.107572,-0.441955,img_178.jpg
27751,1280,720,631.94293,353.39117,986.8637,986.74805,3.196,1.163,10.021,0.009136,0.891281,0.105386,-0.440942,img_179.jpg
27815,1280,720,631.94293,353.39117,986.8637,986.74805,3.188,1.162,10.055,0.005903,0.891226,0.106453,-0.440851,img_180.jpg
27886,1280,720,631.94293,353.39117,986.8637,986.74805,3.177,1.164,10.089,0.003121,0.892691,0.107336,-0.437688,img_181.jpg
27956,1280,720,631.94293,353.39117,986.8637,986.74805,3.156,1.171,10.148,-0.000920,0.896363,0.109656,-0.429545,img_182.jpg
28028,1280,720,631.94293,353.39117,986.8637,986.74805,3.141,1.175,10.187,-0.001518,0.899679,0.112536,-0.421795,img_183.jpg
28113,1280,720,631.94293,353.39117,986.8637,986.74805,3.125,1.176,10.223,0.002446,0.905758,0.111629,-0.408823,img_184.jpg
28173,1280,720,631.94293,353.39117,986.8637,986.74805,3.111,1.175,10.257,0.006821,0.912121,0.107960,-0.395390,img_185.jpg
28247,1280,720,631.94293,353.39117,986.8637,986.74805,3.099,1.175,10.284,0.006992,0.917491,0.111258,-0.381816,img_186.jpg
28313,1280,720,631.94293,353.39117,986.8637,986.74805,3.087,1.175,10.315,0.003319,0.921296,0.116995,-0.370830,img_187.jpg
28379,1280,720,631.94293,353.39117,986.8637,986.74805,3.075,1.174,10.348,0.001296,0.924108,0.121156,-0.362415,img_188.jpg
28442,1280,720,631.94293,353.39117,986.8637,986.74805,3.068,1.171,10.380,0.003189,0.927636,0.125500,-0.351754,img_189.jpg
28530,1280,720,631.94293,353.39117,986.8637,986.74805,3.059,1.166,10.432,0.002875,0.931533,0.131374,-0.339086,img_190.jpg
28596,1280,720,631.94293,353.39117,986.8637,986.74805,3.055,1.161,10.466,0.004134,0.933898,0.132827,-0.331926,img_191.jpg
28681,1280,720,631.94293,353.39117,986.8637,986.74805,3.056,1.156,10.504,0.006988,0.936016,0.134409,-0.325208,img_192.jpg
28750,1280,720,631.94293,353.39117,986.8637,986.74805,3.055,1.152,10.544,0.011987,0.938598,0.134937,-0.317303,img_193.jpg
28813,1280,720,631.94293,353.39117,986.8637,986.74805,3.057,1.149,10.585,0.018419,0.940877,0.133982,-0.310580,img_194.jpg
28881,1280,720,631.94293,353.39117,986.8637,986.74805,3.065,1.142,10.630,0.031731,0.943258,0.137117,-0.300760,img_195.jpg
28950,1280,720,631.94293,353.39117,986.8637,986.74805,3.075,1.134,10.680,0.037245,0.941865,0.158937,-0.293669,img_196.jpg
29012,1280,720,631.94293,353.39117,986.8637,986.74805,3.081,1.128,10.727,0.043405,0.944264,0.166493,-0.280644,img_197.jpg
29081,1280,720,631.94293,353.39117,986.8637,986.74805,3.083,1.123,10.772,0.039117,0.946449,0.175793,-0.267958,img_198.jpg
29153,1280,720,631.94293,353.39117,986.8637,986.74805,3.081,1.119,10.815,0.031956,0.947768,0.190116,-0.254106,img_199.jpg
29220,1280,720,631.94293,353.39117,986.8637,986.74805,3.076,1.117,10.850,0.035890,0.951199,0.192242,-0.238696,img_200.jpg
29287,1280,720,631.94293,353.39117,986.8637,986.74805,3.067,1.115,10.889,0.033349,0.953797,0.195169,-0.225984,img_201.jpg
29356,1280,720,631.94293,353.39117,986.8637,986.74805,3.047,1.113,10.943,0.020408,0.955563,0.206797,-0.209087,img_202.jpg
29431,1280,720,631.94293,353.39117,986.8637,986.74805,3.031,1.109,10.980,0.020567,0.957935,0.208063,-0.196590,img_203.jpg
29512,1280,720,631.94293,353.39117,986.8637,986.74805,3.011,1.103,11.018,0.017100,0.958723,0.214991,-0.185301,img_204.jpg
29576,1280,720,631.94293,353.39117,986.8637,986.74805,2.990,1.097,11.059,0.014119,0.960093,0.223051,-0.168135,img_205.jpg
29647,1280,720,631.94293,353.39117,986.8637,986.74805,2.966,1.096,11.096,0.014477,0.962339,0.221392,-0.157097,img_206.jpg
29717,1280,720,631.94293,353.39117,986.8637,986.74805,2.941,1.095,11.133,0.012739,0.963194,0.226659,-0.143947,img_207.jpg
29784,1280,720,631.94293,353.39117,986.8637,986.74805,2.915,1.092,11.168,0.008093,0.960810,0.244390,-0.130586,img_208.jpg
29852,1280,720,631.94293,353.39117,986.8637,986.74805,2.891,1.087,11.198,0.011241,0.960621,0.252812,-0.114751,img_209.jpg
29922,1280,720,631.94293,353.39117,986.8637,986.74805,2.865,1.078,11.228,0.014471,0.959732,0.263584,-0.096069,img_210.jpg
29986,1280,720,631.94293,353.39117,986.8637,986.74805,2.828,1.063,11.273,0.002202,0.955266,0.286736,-0.072426,img_211.jpg
30065,1280,720,631.94293,353.39117,986.8637,986.74805,2.808,1.055,11.304,-0.002671,0.953480,0.296190,-0.056041,img_212.jpg
30147,1280,720,631.94293,353.39117,986.8637,986.74805,2.783,1.046,11.331,-0.007399,0.951020,0.306794,-0.037207,img_213.jpg
30209,1280,720,631.94293,353.39117,986.8637,986.74805,2.757,1.035,11.358,-0.011123,0.948791,0.315297,-0.016121,img_214.jpg
30298,1280,720,631.94293,353.39117,986.8637,986.74805,2.716,1.014,11.405,-0.023206,0.942689,0.332388,0.017829,img_215.jpg
30380,1280,720,631.94293,353.39117,986.8637,986.74805,2.691,0.997,11.442,-0.027764,0.937298,0.344685,0.043514,img_216.jpg
30442,1280,720,631.94293,353.39117,986.8637,986.74805,2.666,0.985,11.475,-0.022772,0.934581,0.348317,0.068662,img_217.jpg
30530,1280,720,631.94293,353.39117,986.8637,986.74805,2.623,0.969,11.520,-0.028682,0.925589,0.362011,0.106823,img_218.jpg
30595,1280,720,631.94293,353.39117,986.8637,986.74805,2.596,0.962,11.542,0.036468,-0.918191,-0.371280,-0.133216,img_219.jpg
30681,1280,720,631.94293,353.39117,986.8637,986.74805,2.571,0.958,11.558,0.040163,-0.910988,-0.377610,-0.160927,img_220.jpg
30751,1280,720,631.94293,353.39117,986.8637,986.74805,2.543,0.958,11.566,0.052481,-0.903892,-0.381237,-0.186770,img_221.jpg
30828,1280,720,631.94293,353.39117,986.8637,986.74805,2.505,0.956,11.574,0.065383,-0.894910,-0.382174,-0.220916,img_222.jpg
30913,1280,720,631.94293,353.39117,986.8637,986.74805,2.477,0.955,11.572,0.075053,-0.887527,-0.383846,-0.243568,img_223.jpg
30981,1280,720,631.94293,353.39117,986.8637,986.74805,2.450,0.953,11.567,0.084179,-0.880359,-0.383765,-0.265718,img_224.jpg
31053,1280,720,631.94293,353.39117,986.8637,986.74805,2.424,0.955,11.556,0.093376,-0.873805,-0.381454,-0.286772,img_225.jpg
31120,1280,720,631.94293,353.39117,986.8637,986.74805,2.397,0.956,11.546,0.104518,-0.866720,-0.380448,-0.305175,img_226.jpg
31188,1280,720,631.94293,353.39117,986.8637,986.74805,2.371,0.956,11.532,0.108137,-0.863334,-0.377279,-0.317207,img_227.jpg
31257,1280,720,631.94293,353.39117,986.8637,986.74805,2.331,0.954,11.508,0.116435,-0.859389,-0.373978,-0.328685,img_228.jpg
31330,1280,720,631.94293,353.39117,986.8637,986.74805,2.303,0.954,11.488,0.123530,-0.859624,-0.369469,-0.330574,img_229.jpg
31412,1280,720,631.94293,353.39117,986.8637,986.74805,2.282,0.956,11.465,0.123651,-0.862537,-0.362770,-0.330359,img_230.jpg
31476,1280,720,631.94293,353.39117,986.8637,986.74805,2.262,0.958,11.439,0.123441,-0.866971,-0.356144,-0.326013,img_231.jpg
31547,1280,720,631.94293,353.39117,986.8637,986.74805,2.241,0.961,11.404,0.126462,-0.871158,-0.351171,-0.319014,img_232.jpg
31618,1280,720,631.94293,353.39117,986.8637,986.74805,2.209,0.962,11.339,0.140852,-0.872077,-0.352939,-0.308345,img_233.jpg
31697,1280,720,631.94293,353.39117,986.8637,986.74805,2.190,0.957,11.294,0.151807,-0.868601,-0.362262,-0.302081,img_234.jpg
31781,1280,720,631.94293,353.39117,986.8637,986.74805,2.175,0.951,11.255,0.151197,-0.866617,-0.373568,-0.294212,img_235.jpg
31848,1280,720,631.94293,353.39117,986.8637,986.74805,2.162,0.936,11.217,0.140897,-0.859239,-0.396835,-0.290480,img_236.jpg
31919,1280,720,631.94293,353.39117,986.8637,986.74805,2.143,0.913,11.185,0.141840,-0.834621,-0.439949,-0.299558,img_237.jpg
31995,1280,720,631.94293,353.39117,986.8637,986.74805,2.109,0.913,11.122,0.187790,-0.850987,-0.388840,-0.298931,img_238.jpg
32063,1280,720,631.94293,353.39117,986.8637,986.74805,2.082,0.908,11.083,0.207851,-0.833744,-0.394273,-0.325912,img_239.jpg
32127,1280,720,631.94293,353.39117,986.8637,986.74805,2.055,0.898,11.046,0.233460,-0.823931,-0.387418,-0.341382,img_240.jpg
32211,1280,720,631.94293,353.39117,986.8637,986.74805,2.023,0.884,11.004,0.261438,-0.806512,-0.385543,-0.364067,img_241.jpg
32267,1280,720,631.94293,353.39117,986.8637,986.74805,1.987,0.868,10.960,0.282016,-0.785852,-0.388309,-0.390025,img_242.jpg
32344,1280,720,631.94293,353.39117,986.8637,986.74805,1.946,0.853,10.916,0.298339,-0.765649,-0.392818,-0.412880,img_243.jpg
32405,1280,720,631.94293,353.39117,986.8637,986.74805,1.900,0.839,10.872,0.304789,-0.748833,-0.397715,-0.433791,img_244.jpg
32478,1280,720,631.94293,353.39117,986.8637,986.74805,1.849,0.826,10.829,0.310053,-0.734476,-0.402982,-0.449463,img_245.jpg
32538,1280,720,631.94293,353.39117,986.8637,986.74805,1.798,0.814,10.788,0.316185,-0.715093,-0.415166,-0.465087,img_246.jpg
32611,1280,720,631.94293,353.39117,986.8637,986.74805,1.750,0.806,10.743,0.335750,-0.694292,-0.425535,-0.473445,img_247.jpg
32668,1280,720,631.94293,353.39117,986.8637,986.74805,1.707,0.809,10.696,0.351712,-0.676036,-0.425540,-0.488047,img_248.jpg
32744,1280,720,631.94293,353.39117,986.8637,986.74805,1.667,0.818,10.650,0.359793,-0.666113,-0.410467,-0.508291,img_249.jpg
32807,1280,720,631.94293,353.39117,986.8637,986.74805,1.627,0.827,10.605,0.368723,-0.660978,-0.389498,-0.524827,img_250.jpg
32878,1280,720,631.94293,353.39117,986.8637,986.74805,1.585,0.832,10.564,0.377933,-0.652382,-0.374700,-0.539597,img_251.jpg
32938,1280,720,631.94293,353.39117,986.8637,986.74805,1.538,0.829,10.527,0.389247,-0.643719,-0.364775,-0.548682,img_252.jpg
33011,1280,720,631.94293,353.39117,986.8637,986.74805,1.538,0.829,10.527,0.389247,-0.643719,-0.364775,-0.548682,img_253.jpg
33067,1280,720,631.94293,353.39117,986.8637,986.74805,1.538,0.829,10.527,0.389247,-0.643719,-0.364775,-0.548682,img_254.jpg
33143,1280,720,631.94293,353.39117,986.8637,986.74805,1.538,0.829,10.527,0.389247,-0.643719,-0.364775,-0.548682,img_255.jpg
33204,1280,720,631.94293,353.39117,986.8637,986.74805,1.538,0.829,10.527,0.389247,-0.643719,-0.364775,-0.548682,img_256.jpg
33278,1280,720,631.94293,353.39117,986.8637,986.74805,1.538,0.829,10.527,0.389247,-0.643719,-0.364775,-0.548682,img_257.jpg
33337,1280,720,631.94293,353.39117,986.8637,986.74805,1.538,0.829,10.527,0.389247,-0.643719,-0.364775,-0.548682,img_258.jpg
33410,1280,720,631.94293,353.39117,986.8637,986.74805,1.538,0.829,10.527,0.389247,-0.643719,-0.364775,-0.548682,img_259.jpg
33466,1280,720,631.94293,353.39117,986.8637,986.74805,1.538,0.829,10.527,0.389247,-0.643719,-0.364775,-0.548682,img_260.jpg
33543,1280,720,631.94293,353.39117,986.8637,986.74805,1.538,0.829,10.527,0.389247,-0.643719,-0.364775,-0.548682,img_261.jpg
33603,1280,720,631.94293,353.39117,986.8637,986.74805,1.538,0.829,10.527,0.389247,-0.643719,-0.364775,-0.548682,img_262.jpg
33677,1280,720,631.94293,353.39117,986.8637,986.74805,1.538,0.829,10.527,0.389247,-0.643719,-0.364775,-0.548682,img_263.jpg
33738,1280,720,631.94293,353.39117,986.8637,986.74805,1.538,0.829,10.527,0.389247,-0.643719,-0.364775,-0.548682,img_264.jpg
33810,1280,720,631.94293,353.39117,986.8637,986.74805,1.538,0.829,10.527,0.389247,-0.643719,-0.364775,-0.548682,img_265.jpg
33866,1280,720,631.94293,353.39117,986.8637,986.74805,1.538,0.829,10.527,0.389247,-0.643719,-0.364775,-0.548682,img_266.jpg
33943,1280,720,631.94293,353.39117,986.8637,986.74805,1.538,0.829,10.527,0.389247,-0.643719,-0.364775,-0.548682,img_267.jpg
34004,1280,720,631.94293,353.39117,986.8637,986.74805,1.538,0.829,10.527,0.389247,-0.643719,-0.364775,-0.548682,img_268.jpg
34077,1280,720,631.94293,353.39117,986.8637,986.74805,1.538,0.829,10.527,0.389247,-0.643719,-0.364775,-0.548682,img_269.jpg
34137,1280,720,631.94293,353.39117,986.8637,986.74805,1.538,0.829,10.527,0.389247,-0.643719,-0.364775,-0.548682,img_270.jpg
34210,1280,720,631.94293,353.39117,986.8637,986.74805,1.538,0.829,10.527,0.389247,-0.643719,-0.364775,-0.548682,img_271.jpg
34267,1280,720,631.94293,353.39117,986.8637,986.74805,1.538,0.829,10.527,0.389247,-0.643719,-0.364775,-0.548682,img_272.jpg
34343,1280,720,631.94293,353.39117,986.8637,986.74805,1.538,0.829,10.527,0.389247,-0.643719,-0.364775,-0.548682,img_273.jpg
34405,1280,720,631.94293,353.39117,986.8637,986.74805,1.538,0.829,10.527,0.389247,-0.643719,-0.364775,-0.548682,img_274.jpg
34477,1280,720,631.94293,353.39117,986.8637,986.74805,1.538,0.829,10.527,0.389247,-0.643719,-0.364775,-0.548682,img_275.jpg
34536,1280,720,631.94293,353.39117,986.8637,986.74805,1.538,0.829,10.527,0.389247,-0.643719,-0.364775,-0.548682,img_276.jpg
34610,1280,720,631.94293,353.39117,986.8637,986.74805,1.538,0.829,10.527,0.389247,-0.643719,-0.364775,-0.548682,img_277.jpg
34666,1280,720,631.94293,353.39117,986.8637,986.74805,1.538,0.829,10.527,0.389247,-0.643719,-0.364775,-0.548682,img_278.jpg
34743,1280,720,631.94293,353.39117,986.8637,986.74805,1.538,0.829,10.527,0.389247,-0.643719,-0.364775,-0.548682,img_279.jpg
34806,1280,720,631.94293,353.39117,986.8637,986.74805,1.538,0.829,10.527,0.389247,-0.643719,-0.364775,-0.548682,img_280.jpg
34877,1280,720,631.94293,353.39117,986.8637,986.74805,1.538,0.829,10.527,0.389247,-0.643719,-0.364775,-0.548682,img_281.jpg
34937,1280,720,631.94293,353.39117,986.8637,986.74805,1.538,0.829,10.527,0.389247,-0.643719,-0.364775,-0.548682,img_282.jpg
35009,1280,720,631.94293,353.39117,986.8637,986.74805,1.538,0.829,10.527,0.389247,-0.643719,-0.364775,-0.548682,img_283.jpg
35067,1280,720,631.94293,353.39117,986.8637,986.74805,1.538,0.829,10.527,0.389247,-0.643719,-0.364775,-0.548682,img_284.jpg
35143,1280,720,631.94293,353.39117,986.8637,986.74805,1.538,0.829,10.527,0.389247,-0.643719,-0.364775,-0.548682,img_285.jpg
35209,1280,720,631.94293,353.39117,986.8637,986.74805,1.538,0.829,10.527,0.389247,-0.643719,-0.364775,-0.548682,img_286.jpg
35268,1280,720,631.94293,353.39117,986.8637,986.74805,1.538,0.829,10.527,0.389247,-0.643719,-0.364775,-0.548682,img_287.jpg
35343,1280,720,631.94293,353.39117,986.8637,986.74805,1.538,0.829,10.527,0.389247,-0.643719,-0.364775,-0.548682,img_288.jpg
35406,1280,720,631.94293,353.39117,986.8637,986.74805,1.538,0.829,10.527,0.389247,-0.643719,-0.364775,-0.548682,img_289.jpg
35477,1280,720,631.94293,353.39117,986.8637,986.74805,1.538,0.829,10.527,0.389247,-0.643719,-0.364775,-0.548682,img_290.jpg
35539,1280,720,631.94293,353.39117,986.8637,986.74805,1.538,0.829,10.527,0.389247,-0.643719,-0.364775,-0.548682,img_291.jpg
35609,1280,720,631.94293,353.39117,986.8637,986.74805,1.538,0.829,10.527,0.389247,-0.643719,-0.364775,-0.548682,img_292.jpg
35668,1280,720,631.94293,353.39117,986.8637,986.74805,1.538,0.829,10.527,0.389247,-0.643719,-0.364775,-0.548682,img_293.jpg
35742,1280,720,631.94293,353.39117,986.8637,986.74805,1.538,0.829,10.527,0.389247,-0.643719,-0.364775,-0.548682,img_294.jpg
35809,1280,720,631.94293,353.39117,986.8637,986.74805,1.538,0.829,10.527,0.389247,-0.643719,-0.364775,-0.548682,img_295.jpg
35867,1280,720,631.94293,353.39117,986.8637,986.74805,1.538,0.829,10.527,0.389247,-0.643719,-0.364775,-0.548682,img_296.jpg
35942,1280,720,631.94293,353.39117,986.8637,986.74805,1.538,0.829,10.527,0.389247,-0.643719,-0.364775,-0.548682,img_297.jpg
36004,1280,720,631.94293,353.39117,986.8637,986.74805,1.538,0.829,10.527,0.389247,-0.643719,-0.364775,-0.548682,img_298.jpg
36076,1280,720,631.94293,353.39117,986.8637,986.74805,1.538,0.829,10.527,0.389247,-0.643719,-0.364775,-0.548682,img_299.jpg
36136,1280,720,631.94293,353.39117,986.8637,986.74805,1.538,0.829,10.527,0.389247,-0.643719,-0.364775,-0.548682,img_300.jpg
36209,1280,720,631.94293,353.39117,986.8637,986.74805,1.538,0.829,10.527,0.389247,-0.643719,-0.364775,-0.548682,img_301.jpg
36267,1280,720,631.94293,353.39117,986.8637,986.74805,1.538,0.829,10.527,0.389247,-0.643719,-0.364775,-0.548682,img_302.jpg
36342,1280,720,631.94293,353.39117,986.8637,986.74805,1.538,0.829,10.527,0.389247,-0.643719,-0.364775,-0.548682,img_303.jpg
36403,1280,720,631.94293,353.39117,986.8637,986.74805,1.538,0.829,10.527,0.389247,-0.643719,-0.364775,-0.548682,img_304.jpg
36476,1280,720,631.94293,353.39117,986.8637,986.74805,1.538,0.829,10.527,0.389247,-0.643719,-0.364775,-0.548682,img_305.jpg
36537,1280,720,631.94293,353.39117,986.8637,986.74805,1.538,0.829,10.527,0.389247,-0.643719,-0.364775,-0.548682,img_306.jpg
36609,1280,720,631.94293,353.39117,986.8637,986.74805,1.538,0.829,10.527,0.389247,-0.643719,-0.364775,-0.548682,img_307.jpg
36666,1280,720,631.94293,353.39117,986.8637,986.74805,1.538,0.829,10.527,0.389247,-0.643719,-0.364775,-0.548682,img_308.jpg
36742,1280,720,631.94293,353.39117,986.8637,986.74805,1.538,0.829,10.527,0.389247,-0.643719,-0.364775,-0.548682,img_309.jpg
36805,1280,720,631.94293,353.39117,986.8637,986.74805,1.538,0.829,10.527,0.389247,-0.643719,-0.364775,-0.548682,img_310.jpg
36876,1280,720,631.94293,353.39117,986.8637,986.74805,1.538,0.829,10.527,0.389247,-0.643719,-0.364775,-0.548682,img_311.jpg
36935,1280,720,631.94293,353.39117,986.8637,986.74805,1.538,0.829,10.527,0.389247,-0.643719,-0.364775,-0.548682,img_312.jpg
37008,1280,720,631.94293,353.39117,986.8637,986.74805,1.538,0.829,10.527,0.389247,-0.643719,-0.364775,-0.548682,img_313.jpg
37066,1280,720,631.94293,353.39117,986.8637,986.74805,1.538,0.829,10.527,0.389247,-0.643719,-0.364775,-0.548682,img_314.jpg
37142,1280,720,631.94293,353.39117,986.8637,986.74805,1.538,0.829,10.527,0.389247,-0.643719,-0.364775,-0.548682,img_315.jpg
37203,1280,720,631.94293,353.39117,986.8637,986.74805,1.538,0.829,10.527,0.389247,-0.643719,-0.364775,-0.548682,img_316.jpg
37276,1280,720,631.94293,353.39117,986.8637,986.74805,1.538,0.829,10.527,0.389247,-0.643719,-0.364775,-0.548682,img_317.jpg
37334,1280,720,631.94293,353.39117,986.8637,986.74805,1.538,0.829,10.527,0.389247,-0.643719,-0.364775,-0.548682,img_318.jpg
37408,1280,720,631.94293,353.39117,986.8637,986.74805,1.538,0.829,10.527,0.389247,-0.643719,-0.364775,-0.548682,img_319.jpg
37465,1280,720,631.94293,353.39117,986.8637,986.74805,1.538,0.829,10.527,0.389247,-0.643719,-0.364775,-0.548682,img_320.jpg
37541,1280,720,631.94293,353.39117,986.8637,986.74805,1.538,0.829,10.527,0.389247,-0.643719,-0.364775,-0.548682,img_321.jpg
37603,1280,720,631.94293,353.39117,986.8637,986.74805,1.538,0.829,10.527,0.389247,-0.643719,-0.364775,-0.548682,img_322.jpg
37675,1280,720,631.94293,353.39117,986.8637,986.74805,1.538,0.829,10.527,0.389247,-0.643719,-0.364775,-0.548682,img_323.jpg
37734,1280,720,631.94293,353.39117,986.8637,986.74805,1.538,0.829,10.527,0.389247,-0.643719,-0.364775,-0.548682,img_324.jpg
37808,1280,720,631.94293,353.39117,986.8637,986.74805,1.538,0.829,10.527,0.389247,-0.643719,-0.364775,-0.548682,img_325.jpg
37868,1280,720,631.94293,353.39117,986.8637,986.74805,1.538,0.829,10.527,0.389247,-0.643719,-0.364775,-0.548682,img_326.jpg
37941,1280,720,631.94293,353.39117,986.8637,986.74805,1.538,0.829,10.527,0.389247,-0.643719,-0.364775,-0.548682,img_327.jpg
38004,1280,720,631.94293,353.39117,986.8637,986.74805,1.538,0.829,10.527,0.389247,-0.643719,-0.364775,-0.548682,img_328.jpg
38075,1280,720,631.94293,353.39117,986.8637,986.74805,1.538,0.829,10.527,0.389247,-0.643719,-0.364775,-0.548682,img_329.jpg
38133,1280,720,631.94293,353.39117,986.8637,986.74805,1.538,0.829,10.527,0.389247,-0.643719,-0.364775,-0.548682,img_330.jpg
38208,1280,720,631.94293,353.39117,986.8637,986.74805,1.538,0.829,10.527,0.389247,-0.643719,-0.364775,-0.548682,img_331.jpg
38270,1280,720,631.94293,353.39117,986.8637,986.74805,1.538,0.829,10.527,0.389247,-0.643719,-0.364775,-0.548682,img_332.jpg
38341,1280,720,631.94293,353.39117,986.8637,986.74805,1.538,0.829,10.527,0.389247,-0.643719,-0.364775,-0.548682,img_333.jpg
38410,1280,720,631.94293,353.39117,986.8637,986.74805,1.538,0.829,10.527,0.389247,-0.643719,-0.364775,-0.548682,img_334.jpg
38475,1280,720,631.94293,353.39117,986.8637,986.74805,1.538,0.829,10.527,0.389247,-0.643719,-0.364775,-0.548682,img_335.jpg
38538,1280,720,631.94293,353.39117,986.8637,986.74805,1.538,0.829,10.527,0.389247,-0.643719,-0.364775,-0.548682,img_336.jpg
38625,1280,720,631.94293,353.39117,986.8637,986.74805,1.538,0.829,10.527,0.389247,-0.643719,-0.364775,-0.548682,img_337.jpg
38692,1280,720,631.94293,353.39117,986.8637,986.74805,1.538,0.829,10.527,0.389247,-0.643719,-0.364775,-0.548682,img_338.jpg
38774,1280,720,631.94293,353.39117,986.8637,986.74805,1.538,0.829,10.527,0.389247,-0.643719,-0.364775,-0.548682,img_339.jpg
38837,1280,720,631.94293,353.39117,986.8637,986.74805,2.132,0.954,11.308,0.079831,-0.929164,-0.118031,-0.341101,img_340.jpg
38925,1280,720,631.94293,353.39117,986.8637,986.74805,2.107,0.953,11.344,0.061075,-0.931439,-0.101017,-0.344220,img_341.jpg
38992,1280,720,631.94293,353.39117,986.8637,986.74805,3.881,1.115,8.506,0.058600,0.756355,0.083391,-0.646173,img_342.jpg
39075,1280,720,631.94293,353.39117,986.8637,986.74805,3.891,1.113,8.507,0.059007,0.760182,0.080126,-0.642044,img_343.jpg
39142,1280,720,631.94293,353.39117,986.8637,986.74805,3.915,1.115,8.497,0.063368,0.777530,0.087548,-0.619489,img_344.jpg
39210,1280,720,631.94293,353.39117,986.8637,986.74805,3.926,1.112,8.501,0.061915,0.780613,0.087586,-0.615742,img_345.jpg
39284,1280,720,631.94293,353.39117,986.8637,986.74805,3.915,1.108,8.524,0.060149,0.763757,0.080076,-0.637687,img_346.jpg
39354,1280,720,631.94293,353.39117,986.8637,986.74805,3.927,1.108,8.515,0.058617,0.777166,0.081396,-0.621251,img_347.jpg
39425,1280,720,631.94293,353.39117,986.8637,986.74805,3.924,1.102,8.515,0.057277,0.780321,0.078557,-0.617777,img_348.jpg
39511,1280,720,631.94293,353.39117,986.8637,986.74805,3.933,1.100,8.521,0.059831,0.782915,0.079224,-0.614156,img_349.jpg
39580,1280,720,631.94293,353.39117,986.8637,986.74805,3.923,1.105,8.521,0.056176,0.784530,0.077125,-0.612707,img_350.jpg
39658,1280,720,631.94293,353.39117,986.8637,986.74805,3.906,1.110,8.518,0.054271,0.782999,0.077222,-0.614821,img_351.jpg
39742,1280,720,631.94293,353.39117,986.8637,986.74805,3.889,1.114,8.521,0.053752,0.781788,0.082581,-0.615710,img_352.jpg
39807,1280,720,631.94293,353.39117,986.8637,986.74805,3.886,1.111,8.526,0.051997,0.781741,0.080987,-0.616132,img_353.jpg
39892,1280,720,631.94293,353.39117,986.8637,986.74805,3.881,1.108,8.539,0.048110,0.778526,0.082820,-0.620261,img_354.jpg
39976,1280,720,631.94293,353.39117,986.8637,986.74805,3.878,1.109,8.549,0.043179,0.775344,0.086297,-0.624123,img_355.jpg
40040,1280,720,631.94293,353.39117,986.8637,986.74805,3.878,1.111,8.559,0.040997,0.774595,0.090484,-0.624608,img_356.jpg
40126,1280,720,631.94293,353.39117,986.8637,986.74805,3.876,1.112,8.573,0.038561,0.773378,0.093639,-0.625804,img_357.jpg
40193,1280,720,631.94293,353.39117,986.8637,986.74805,3.874,1.113,8.581,0.038261,0.773156,0.093526,-0.626114,img_358.jpg
40277,1280,720,631.94293,353.39117,986.8637,986.74805,3.872,1.112,8.588,0.038140,0.771904,0.093890,-0.627610,img_359.jpg
40345,1280,720,631.94293,353.39117,986.8637,986.74805,3.870,1.113,8.593,0.038367,0.772246,0.094090,-0.627145,img_360.jpg
40414,1280,720,631.94293,353.39117,986.8637,986.74805,3.868,1.113,8.597,0.037259,0.772960,0.092040,-0.626637,img_361.jpg
40481,1280,720,631.94293,353.39117,986.8637,986.74805,3.865,1.113,8.603,0.036139,0.771968,0.092217,-0.627897,img_362.jpg
40556,1280,720,631.94293,353.39117,986.8637,986.74805,3.862,1.113,8.611,0.033883,0.773055,0.093115,-0.626552,img_363.jpg
40642,1280,720,631.94293,353.39117,986.8637,986.74805,3.860,1.113,8.616,0.032920,0.774506,0.093341,-0.624776,img_364.jpg
40717,1280,720,631.94293,353.39117,986.8637,986.74805,3.858,1.114,8.620,0.031681,0.775999,0.093033,-0.623030,img_365.jpg
40785,1280,720,631.94293,353.39117,986.8637,986.74805,3.853,1.114,8.630,0.028440,0.776294,0.092962,-0.622829,img_366.jpg
40861,1280,720,631.94293,353.39117,986.8637,986.74805,3.851,1.115,8.634,0.027108,0.778398,0.092787,-0.620284,img_367.jpg
40943,1280,720,631.94293,353.39117,986.8637,986.74805,3.848,1.116,8.640,0.025831,0.778325,0.092575,-0.620462,img_368.jpg
41007,1280,720,631.94293,353.39117,986.8637,986.74805,3.844,1.117,8.646,0.024199,0.777713,0.092846,-0.621254,img_369.jpg
41092,1280,720,631.94293,353.39117,986.8637,986.74805,3.839,1.116,8.657,0.022718,0.777953,0.092799,-0.621017,img_370.jpg
41159,1280,720,631.94293,353.39117,986.8637,986.74805,3.837,1.116,8.663,0.023133,0.777935,0.095608,-0.620598,img_371.jpg
41244,1280,720,631.94293,353.39117,986.8637,986.74805,3.836,1.115,8.671,0.023378,0.776743,0.096254,-0.621980,img_372.jpg
41317,1280,720,631.94293,353.39117,986.8637,986.74805,3.835,1.113,8.683,0.025250,0.770787,0.105387,-0.627808,img_373.jpg
41391,1280,720,631.94293,353.39117,986.8637,986.74805,3.835,1.112,8.689,0.026249,0.769197,0.109374,-0.629034,img_374.jpg
41461,1280,720,631.94293,353.39117,986.8637,986.74805,3.834,1.111,8.696,0.028577,0.769310,0.109034,-0.628854,img_375.jpg
41545,1280,720,631.94293,353.39117,986.8637,986.74805,3.834,1.112,8.703,0.030328,0.769905,0.111188,-0.627665,img_376.jpg
41626,1280,720,631.94293,353.39117,986.8637,986.74805,3.833,1.113,8.705,0.031350,0.771242,0.109328,-0.626299,img_377.jpg
41708,1280,720,631.94293,353.39117,986.8637,986.74805,3.832,1.113,8.705,0.031292,0.771095,0.107433,-0.626811,img_378.jpg
41785,1280,720,631.94293,353.39117,986.8637,986.74805,3.832,1.113,8.700,0.033054,0.771283,0.104209,-0.627033,img_379.jpg
41878,1280,720,631.94293,353.39117,986.8637,986.74805,3.833,1.115,8.695,0.031715,0.771918,0.103130,-0.626499,img_380.jpg
41954,1280,720,631.94293,353.39117,986.8637,986.74805,3.836,1.115,8.683,0.029916,0.773569,0.106441,-0.623992,img_381.jpg
42043,1280,720,631.94293,353.39117,986.8637,986.74805,3.837,1.116,8.670,0.032215,0.775271,0.103023,-0.622337,img_382.jpg
42119,1280,720,631.94293,353.39117,986.8637,986.74805,3.838,1.120,8.648,0.033345,0.776634,0.100446,-0.620998,img_383.jpg
42210,1280,720,631.94293,353.39117,986.8637,986.74805,3.839,1.121,8.632,0.035489,0.780839,0.095372,-0.616389,img_384.jpg
42293,1280,720,631.94293,353.39117,986.8637,986.74805,3.842,1.122,8.603,0.039875,0.774682,0.093927,-0.624064,img_385.jpg
42377,1280,720,631.94293,353.39117,986.8637,986.74805,3.843,1.123,8.584,0.043287,0.770388,0.092470,-0.629347,img_386.jpg
42450,1280,720,631.94293,353.39117,986.8637,986.74805,3.847,1.124,8.558,0.045727,0.762172,0.093800,-0.638908,img_387.jpg
42544,1280,720,631.94293,353.39117,986.8637,986.74805,3.848,1.125,8.541,0.049113,0.759675,0.092613,-0.641798,img_388.jpg
42610,1280,720,631.94293,353.39117,986.8637,986.74805,3.850,1.125,8.519,0.056812,0.758222,0.089573,-0.643311,img_389.jpg
42694,1280,720,631.94293,353.39117,986.8637,986.74805,3.852,1.124,8.506,0.059361,0.757761,0.089016,-0.643700,img_390.jpg
42776,1280,720,631.94293,353.39117,986.8637,986.74805,3.854,1.122,8.497,0.061536,0.759470,0.089225,-0.641449,img_391.jpg
42849,1280,720,631.94293,353.39117,986.8637,986.74805,3.856,1.118,8.492,0.068364,0.763084,0.091160,-0.636175,img_392.jpg
42944,1280,720,631.94293,353.39117,986.8637,986.74805,3.858,1.117,8.494,0.069747,0.763949,0.089947,-0.635160,img_393.jpg
43012,1280,720,631.94293,353.39117,986.8637,986.74805,3.858,1.118,8.503,0.061361,0.763240,0.092240,-0.636547,img_394.jpg
43092,1280,720,631.94293,353.39117,986.8637,986.74805,3.857,1.116,8.513,0.057012,0.763480,0.093901,-0.636420,img_395.jpg
43177,1280,720,631.94293,353.39117,986.8637,986.74805,3.858,1.115,8.526,0.054309,0.766356,0.095089,-0.633014,img_396.jpg
43241,1280,720,631.94293,353.39117,986.8637,986.74805,3.857,1.115,8.544,0.050458,0.767893,0.097815,-0.631053,img_397.jpg
43319,1280,720,631.94293,353.39117,986.8637,986.74805,3.856,1.115,8.563,0.047414,0.769907,0.097636,-0.628858,img_398.jpg
43387,1280,720,631.94293,353.39117,986.8637,986.74805,3.851,1.115,8.597,0.044600,0.768029,0.095852,-0.631629,img_399.jpg
43477,1280,720,631.94293,353.39117,986.8637,986.74805,3.846,1.117,8.620,0.041517,0.767076,0.093541,-0.633341,img_400.jpg
43551,1280,720,631.94293,353.39117,986.8637,986.74805,3.839,1.119,8.646,0.039761,0.766157,0.090962,-0.634939,img_401.jpg
43623,1280,720,631.94293,353.39117,986.8637,986.74805,3.827,1.122,8.688,0.036852,0.759589,0.089348,-0.643183,img_402.jpg
43709,1280,720,631.94293,353.39117,986.8637,986.74805,3.818,1.124,8.714,0.035764,0.756216,0.087169,-0.647503,img_403.jpg
43783,1280,720,631.94293,353.39117,986.8637,986.74805,3.803,1.125,8.754,0.037296,0.745773,0.092456,-0.658699,img_404.jpg
43877,1280,720,631.94293,353.39117,986.8637,986.74805,3.793,1.125,8.777,0.041032,0.736540,0.097611,-0.668055,img_405.jpg
43952,1280,720,631.94293,353.39117,986.8637,986.74805,3.778,1.124,8.806,0.046517,0.728512,0.095014,-0.676815,img_406.jpg
44043,1280,720,631.94293,353.39117,986.8637,986.74805,3.770,1.122,8.824,0.049158,0.722520,0.100730,-0.682204,img_407.jpg
44119,1280,720,631.94293,353.39117,986.8637,986.74805,3.760,1.118,8.848,0.053737,0.711989,0.108604,-0.691657,img_408.jpg
44209,1280,720,631.94293,353.39117,986.8637,986.74805,3.755,1.117,8.864,0.055312,0.705459,0.115022,-0.697165,img_409.jpg
44287,1280,720,631.94293,353.39117,986.8637,986.74805,3.745,1.117,8.890,0.052753,0.701675,0.117857,-0.700699,img_410.jpg
44376,1280,720,631.94293,353.39117,986.8637,986.74805,3.738,1.120,8.910,0.050124,0.701202,0.122494,-0.700570,img_411.jpg
44446,1280,720,631.94293,353.39117,986.8637,986.74805,3.728,1.123,8.941,0.048875,0.706060,0.117534,-0.696618,img_412.jpg
44543,1280,720,631.94293,353.39117,986.8637,986.74805,3.724,1.122,8.980,0.053532,0.716301,0.112253,-0.686620,img_413.jpg
44626,1280,720,631.94293,353.39117,986.8637,986.74805,3.724,1.118,9.010,0.057731,0.724003,0.109618,-0.678580,img_414.jpg
44705,1280,720,631.94293,353.39117,986.8637,986.74805,3.725,1.113,9.044,0.065681,0.730909,0.107595,-0.670732,img_415.jpg
44794,1280,720,631.94293,353.39117,986.8637,986.74805,3.730,1.105,9.099,0.084262,0.739614,0.107226,-0.659070,img_416.jpg
44877,1280,720,631.94293,353.39117,986.8637,986.74805,3.737,1.105,9.137,0.093513,0.742073,0.112074,-0.654235,img_417.jpg
44953,1280,720,631.94293,353.39117,986.8637,986.74805,3.748,1.112,9.190,0.092161,0.745376,0.108714,-0.651232,img_418.jpg
45042,1280,720,631.94293,353.39117,986.8637,986.74805,3.752,1.120,9.224,0.082551,0.751180,0.104899,-0.646460,img_419.jpg
45123,1280,720,631.94293,353.39117,986.8637,986.74805,3.747,1.132,9.271,0.059555,0.761596,0.088081,-0.639270,img_420.jpg
45208,1280,720,631.94293,353.39117,986.8637,986.74805,3.746,1.138,9.300,0.049099,0.767880,0.079100,-0.633793,img_421.jpg
45287,1280,720,631.94293,353.39117,986.8637,986.74805,3.748,1.146,9.343,0.034388,0.769126,0.074099,-0.633854,img_422.jpg
45379,1280,720,631.94293,353.39117,986.8637,986.74805,3.748,1.147,9.369,0.026466,0.768803,0.076624,-0.634326,img_423.jpg
45450,1280,720,631.94293,353.39117,986.8637,986.74805,3.749,1.143,9.412,0.021174,0.768519,0.081349,-0.634281,img_424.jpg
45543,1280,720,631.94293,353.39117,986.8637,986.74805,3.746,1.140,9.442,0.022626,0.768183,0.081236,-0.634652,img_425.jpg
45615,1280,720,631.94293,353.39117,986.8637,986.74805,3.741,1.136,9.490,0.023479,0.766258,0.083994,-0.636586,img_426.jpg
45707,1280,720,631.94293,353.39117,986.8637,986.74805,3.734,1.135,9.522,0.022045,0.762593,0.082329,-0.641240,img_427.jpg
45783,1280,720,631.94293,353.39117,986.8637,986.74805,3.723,1.138,9.576,0.021946,0.759824,0.079249,-0.644908,img_428.jpg
45878,1280,720,631.94293,353.39117,986.8637,986.74805,3.709,1.142,9.640,0.016740,0.757036,0.094094,-0.646346,img_429.jpg
45961,1280,720,631.94293,353.39117,986.8637,986.74805,3.697,1.141,9.681,0.016501,0.757410,0.097161,-0.645459,img_430.jpg
46042,1280,720,631.94293,353.39117,986.8637,986.74805,3.689,1.127,9.739,0.035212,0.771414,0.106079,-0.626441,img_431.jpg
46125,1280,720,631.94293,353.39117,986.8637,986.74805,3.683,1.119,9.774,0.038069,0.778872,0.112942,-0.615754,img_432.jpg
46203,1280,720,631.94293,353.39117,986.8637,986.74805,3.674,1.115,9.808,0.034898,0.788447,0.122079,-0.601855,img_433.jpg
46285,1280,720,631.94293,353.39117,986.8637,986.74805,3.657,1.114,9.856,0.030632,0.803484,0.126237,-0.580981,img_434.jpg
46379,1280,720,631.94293,353.39117,986.8637,986.74805,3.640,1.115,9.902,0.024903,0.820516,0.128029,-0.556546,img_435.jpg
46461,1280,720,631.94293,353.39117,986.8637,986.74805,3.631,1.113,9.931,0.019258,0.830426,0.132738,-0.540743,img_436.jpg
46544,1280,720,631.94293,353.39117,986.8637,986.74805,3.621,1.109,9.975,0.012822,0.843957,0.140603,-0.517497,img_437.jpg
46626,1280,720,631.94293,353.39117,986.8637,986.74805,3.614,1.107,10.004,0.007888,0.852707,0.143651,-0.502189,img_438.jpg
46700,1280,720,631.94293,353.39117,986.8637,986.74805,3.610,1.106,10.033,0.004019,0.861898,0.143093,-0.486456,img_439.jpg
46774,1280,720,631.94293,353.39117,986.8637,986.74805,3.606,1.105,10.067,0.002985,0.871448,0.142962,-0.469182,img_440.jpg
46848,1280,720,631.94293,353.39117,986.8637,986.74805,3.603,1.103,10.122,0.010843,0.888391,0.137619,-0.437842,img_441.jpg
46943,1280,720,631.94293,353.39117,986.8637,986.74805,3.601,1.098,10.181,0.024291,0.907169,0.137047,-0.397080,img_442.jpg
47025,1280,720,631.94293,353.39117,986.8637,986.74805,3.598,1.097,10.221,0.028034,0.918232,0.139350,-0.369656,img_443.jpg
47115,1280,720,631.94293,353.39117,986.8637,986.74805,3.589,1.100,10.279,0.027686,0.934905,0.138266,-0.325683,img_444.jpg
47210,1280,720,631.94293,353.39117,986.8637,986.74805,3.571,1.105,10.332,0.015090,0.948591,0.145340,-0.280756,img_445.jpg
47293,1280,720,631.94293,353.39117,986.8637,986.74805,3.558,1.109,10.365,0.014641,0.958584,0.142127,-0.246376,img_446.jpg
47378,1280,720,631.94293,353.39117,986.8637,986.74805,3.541,1.114,10.395,0.010004,0.967130,0.139731,-0.212213,img_447.jpg
47456,1280,720,631.94293,353.39117,986.8637,986.74805,3.505,1.124,10.421,0.004647,0.977339,0.134563,-0.163342,img_448.jpg
47543,1280,720,631.94293,353.39117,986.8637,986.74805,3.472,1.128,10.446,-0.003421,0.982851,0.136439,-0.124002,img_449.jpg
47626,1280,720,631.94293,353.39117,986.8637,986.74805,3.455,1.131,10.459,-0.003874,0.985769,0.134001,-0.101427,img_450.jpg
47709,1280,720,631.94293,353.39117,986.8637,986.74805,3.425,1.134,10.471,-0.011442,0.989068,0.126857,-0.074303,img_451.jpg
47791,1280,720,631.94293,353.39117,986.8637,986.74805,3.403,1.134,10.474,-0.017284,0.990716,0.121464,-0.058562,img_452.jpg
47862,1280,720,631.94293,353.39117,986.8637,986.74805,3.372,1.137,10.478,-0.023048,0.992086,0.115473,-0.043604,img_453.jpg
47938,1280,720,631.94293,353.39117,986.8637,986.74805,3.345,1.140,10.478,-0.031992,0.992909,0.109612,-0.033060,img_454.jpg
48017,1280,720,631.94293,353.39117,986.8637,986.74805,3.306,1.143,10.480,-0.044071,0.993626,0.100191,-0.026957,img_455.jpg
48093,1280,720,631.94293,353.39117,986.8637,986.74805,3.283,1.144,10.481,-0.040881,0.994762,0.091007,-0.022241,img_456.jpg
48161,1280,720,631.94293,353.39117,986.8637,986.74805,3.259,1.142,10.482,-0.042582,0.994894,0.088623,-0.022794,img_457.jpg
48237,1280,720,631.94293,353.39117,986.8637,986.74805,3.234,1.142,10.482,-0.043196,0.994944,0.086647,-0.026691,img_458.jpg
48307,1280,720,631.94293,353.39117,986.8637,986.74805,3.211,1.140,10.479,-0.044238,0.994732,0.085696,-0.034756,img_459.jpg
48392,1280,720,631.94293,353.39117,986.8637,986.74805,3.180,1.135,10.470,-0.038542,0.993931,0.088504,-0.052755,img_460.jpg
48476,1280,720,631.94293,353.39117,986.8637,986.74805,3.160,1.133,10.463,-0.036358,0.993015,0.091612,-0.064854,img_461.jpg
48549,1280,720,631.94293,353.39117,986.8637,986.74805,3.127,1.134,10.450,-0.034997,0.991515,0.096406,-0.079866,img_462.jpg
48643,1280,720,631.94293,353.39117,986.8637,986.74805,3.095,1.136,10.436,-0.027660,0.991559,0.094063,-0.084840,img_463.jpg,marker_11.jpg,0.27395698,0.27395698,3.212,1.009,11.128,-0.038024,0.699789,-0.713246,-0.713246
48726,1280,720,631.94293,353.39117,986.8637,986.74805,3.073,1.137,10.429,-0.027979,0.991472,0.094861,-0.084864,img_464.jpg
48808,1280,720,631.94293,353.39117,986.8637,986.74805,3.049,1.136,10.424,-0.025204,0.991495,0.097263,-0.082719,img_465.jpg
48884,1280,720,631.94293,353.39117,986.8637,986.74805,3.015,1.133,10.419,-0.019793,0.991159,0.099022,-0.086061,img_466.jpg
48978,1280,720,631.94293,353.39117,986.8637,986.74805,2.975,1.129,10.416,-0.022204,0.990255,0.103840,-0.090105,img_467.jpg
49059,1280,720,631.94293,353.39117,986.8637,986.74805,2.949,1.125,10.416,-0.026983,0.988254,0.109115,-0.103534,img_468.jpg
49131,1280,720,631.94293,353.39117,986.8637,986.74805,2.926,1.117,10.418,-0.019785,0.986149,0.119049,-0.113779,img_469.jpg
49226,1280,720,631.94293,353.39117,986.8637,986.74805,2.886,1.102,10.422,0.000353,0.982979,0.131400,-0.128395,img_470.jpg,marker_11.jpg,0.27270663,0.27270663,3.215,1.013,11.123,-0.034352,0.702332,-0.711014,-0.711014
49307,1280,720,631.94293,353.39117,986.8637,986.74805,2.837,1.091,10.430,0.028794,0.983847,0.133928,-0.115237,img_471.jpg
49393,1280,720,631.94293,353.39117,986.8637,986.74805,2.800,1.087,10.435,0.042931,0.983679,0.141508,-0.102512,img_472.jpg
49473,1280,720,631.94293,353.39117,986.8637,986.74805,2.760,1.084,10.445,0.048442,0.981026,0.163739,-0.091820,img_473.jpg
49560,1280,720,631.94293,353.39117,986.8637,986.74805,2.703,1.080,10.451,0.058141,0.979864,0.175387,-0.075667,img_474.jpg
49643,1280,720,631.94293,353.39117,986.8637,986.74805,2.638,1.077,10.457,0.024189,0.978809,0.192081,-0.066736,img_475.jpg
49725,1280,720,631.94293,353.39117,986.8637,986.74805,2.592,1.076,10.456,0.014625,0.980849,0.188399,-0.047198,img_476.jpg
49801,1280,720,631.94293,353.39117,986.8637,986.74805,2.537,1.077,10.454,-0.005301,0.981157,0.190415,-0.032324,img_477.jpg
49895,1280,720,631.94293,353.39117,986.8637,986.74805,2.452,1.074,10.444,-0.023268,0.980630,0.194462,-0.002946,img_478.jpg
49969,1280,720,631.94293,353.39117,986.8637,986.74805,2.400,1.072,10.430,-0.004749,0.977849,0.208363,0.019350,img_479.jpg
50061,1280,720,631.94293,353.39117,986.8637,986.74805,2.316,1.077,10.395,-0.007046,0.975468,0.216737,0.037929,img_480.jpg
50137,1280,720,631.94293,353.39117,986.8637,986.74805,2.260,1.084,10.366,-0.011319,0.978522,0.199605,0.050235,img_481.jpg
50216,1280,720,631.94293,353.39117,986.8637,986.74805,2.174,1.097,10.332,-0.013782,0.975480,0.206099,0.075978,img_482.jpg
50309,1280,720,631.94293,353.39117,986.8637,986.74805,2.090,1.106,10.302,-0.027490,0.974296,0.204904,0.089478,img_483.jpg
50391,1280,720,631.94293,353.39117,986.8637,986.74805,2.040,1.111,10.289,0.043460,-0.973469,-0.201759,-0.098804,img_484.jpg
50464,1280,720,631.94293,353.39117,986.8637,986.74805,1.999,1.114,10.282,0.045453,-0.972936,-0.202434,-0.101735,img_485.jpg
50561,1280,720,631.94293,353.39117,986.8637,986.74805,1.939,1.114,10.274,0.053209,-0.972058,-0.204016,-0.103200,img_486.jpg
50635,1280,720,631.94293,353.39117,986.8637,986.74805,1.898,1.109,10.282,0.060982,-0.971166,-0.205309,-0.104720,img_487.jpg
50721,1280,720,631.94293,353.39117,986.8637,986.74805,1.831,1.105,10.283,0.062333,-0.972453,-0.199824,-0.102571,img_488.jpg
50810,1280,720,631.94293,353.39117,986.8637,986.74805,1.771,1.101,10.296,0.050438,-0.973187,-0.196682,-0.108067,img_489.jpg
50891,1280,720,631.94293,353.39117,986.8637,986.74805,1.730,1.098,10.307,0.044200,-0.971735,-0.204002,-0.110273,img_490.jpg
50965,1280,720,631.94293,353.39117,986.8637,986.74805,1.681,1.095,10.319,0.049117,-0.968470,-0.217544,-0.111034,img_491.jpg
51041,1280,720,631.94293,353.39117,986.8637,986.74805,1.630,1.097,10.330,0.036465,-0.970151,-0.207223,-0.120568,img_492.jpg
51126,1280,720,631.94293,353.39117,986.8637,986.74805,1.593,1.097,10.339,0.052664,-0.969578,-0.209269,-0.115553,img_493.jpg
51209,1280,720,631.94293,353.39117,986.8637,986.74805,1.542,1.094,10.347,0.052293,-0.970801,-0.205651,-0.111884,img_494.jpg
51292,1280,720,631.94293,353.39117,986.8637,986.74805,1.510,1.092,10.350,0.054109,-0.972643,-0.199867,-0.105316,img_495.jpg
51367,1280,720,631.94293,353.39117,986.8637,986.74805,1.478,1.089,10.352,0.055286,-0.973669,-0.200278,-0.093818,img_496.jpg
51445,1280,720,631.94293,353.39117,986.8637,986.74805,1.433,1.081,10.356,-0.041519,0.975167,0.202894,0.078482,img_497.jpg
