time,sizeX,sizeY,p_x,p_y,f_x,f_y,pos_X,pos_Y,pos_Z,q_x,q_y,q_z,q_w,marker_ID,marker_x,marker_y,marker_z,marker_qx,marker_qy,marker_qz,marker_qw,marker_ID,marker_x,marker_y,marker_z,marker_qx,marker_qy,marker_qz,marker_qw,marker_ID,marker_x,marker_y,marker_z,marker_qx,marker_qy,marker_qz,marker_qw,
12158,1280,720,631.94293,353.39117,986.8637,986.74805,0.454,-0.111,0.935,0.076773,-0.027599,-0.002549,-0.996663,img_1.jpg
12238,1280,720,631.94293,353.39117,986.8637,986.74805,0.454,-0.110,0.936,0.076255,-0.026070,-0.000615,-0.996747,img_2.jpg,marker_1.jpg,0.25529167,0.25529167,0.428,-0.198,0.395,-0.707942,-0.003440,0.004735,0.004735
12338,1280,720,631.94293,353.39117,986.8637,986.74805,0.453,-0.111,0.937,0.077635,-0.021503,-0.003920,-0.996742,img_3.jpg
12420,1280,720,631.94293,353.39117,986.8637,986.74805,0.453,-0.111,0.938,0.075284,-0.020241,-0.006538,-0.996935,img_4.jpg
12504,1280,720,631.94293,353.39117,986.8637,986.74805,0.455,-0.114,0.940,0.072111,-0.021810,-0.008224,-0.997124,img_5.jpg
12575,1280,720,631.94293,353.39117,986.8637,986.74805,0.463,-0.122,0.941,0.073047,-0.022685,-0.011639,-0.997003,img_6.jpg
12655,1280,720,631.94293,353.39117,986.8637,986.74805,0.473,-0.128,0.943,0.077021,-0.009834,-0.019930,-0.996782,img_7.jpg
12737,1280,720,631.94293,353.39117,986.8637,986.74805,0.489,-0.131,0.949,0.082799,-0.007337,-0.017392,-0.996388,img_8.jpg,marker_1.jpg,0.25808483,0.25808483,0.428,-0.198,0.395,-0.707316,-0.001540,0.006555,0.006555
12803,1280,720,631.94293,353.39117,986.8637,986.74805,0.508,-0.131,0.960,0.078273,-0.003695,-0.010557,-0.996869,img_9.jpg
12873,1280,720,631.94293,353.39117,986.8637,986.74805,0.530,-0.131,0.975,0.075108,0.005298,-0.006531,-0.997140,img_10.jpg
12940,1280,720,631.94293,353.39117,986.8637,986.74805,0.558,-0.131,0.991,0.071904,0.019081,-0.000424,-0.997229,img_11.jpg
13015,1280,720,631.94293,353.39117,986.8637,986.74805,0.591,-0.132,1.006,0.073210,0.018152,0.008443,-0.997116,img_12.jpg
13079,1280,720,631.94293,353.39117,986.8637,986.74805,0.625,-0.135,1.024,0.078262,0.011895,0.011592,-0.996794,img_13.jpg
13144,1280,720,631.94293,353.39117,986.8637,986.74805,0.660,-0.135,1.046,0.072062,0.008112,0.009346,-0.997323,img_14.jpg
13216,1280,720,631.94293,353.39117,986.8637,986.74805,0.717,-0.130,1.079,0.061013,0.000360,-0.000822,-0.998137,img_15.jpg
13287,1280,720,631.94293,353.39117,986.8637,986.74805,0.752,-0.125,1.100,0.056000,-0.001066,-0.009677,-0.998383,img_16.jpg
13354,1280,720,631.94293,353.39117,986.8637,986.74805,0.785,-0.118,1.115,0.061587,-0.002037,-0.016664,-0.997961,img_17.jpg
13437,1280,720,631.94293,353.39117,986.8637,986.74805,0.705,-0.054,1.174,0.098657,0.045782,-0.021307,-0.993839,img_18.jpg
13505,1280,720,631.94293,353.39117,986.8637,986.74805,0.715,-0.031,1.191,0.111710,0.069080,-0.019702,-0.991141,img_19.jpg,marker_1.jpg,0.25802672,0.25802672,0.397,-0.176,0.419,-0.708124,-0.010026,0.007959,0.007959
13572,1280,720,631.94293,353.39117,986.8637,986.74805,0.747,-0.028,1.203,0.112592,0.074014,-0.015082,-0.990766,img_20.jpg
13640,1280,720,631.94293,353.39117,986.8637,986.74805,0.788,-0.021,1.224,0.106309,0.085564,-0.011657,-0.990576,img_21.jpg
13721,1280,720,631.94293,353.39117,986.8637,986.74805,0.821,-0.019,1.231,0.098708,0.094569,-0.017055,-0.990466,img_22.jpg
13804,1280,720,631.94293,353.39117,986.8637,986.74805,0.857,-0.021,1.233,0.093252,0.105596,-0.020433,-0.989816,img_23.jpg
13882,1280,720,631.94293,353.39117,986.8637,986.74805,0.915,-0.021,1.234,0.091134,0.110662,-0.018755,-0.989493,img_24.jpg
13971,1280,720,631.94293,353.39117,986.8637,986.74805,0.958,-0.020,1.227,0.088663,0.117680,-0.022564,-0.988828,img_25.jpg
14042,1280,720,631.94293,353.39117,986.8637,986.74805,1.001,-0.016,1.224,0.091787,0.135807,-0.024522,-0.986169,img_26.jpg
14121,1280,720,631.94293,353.39117,986.8637,986.74805,1.069,-0.008,1.219,0.097986,0.163773,-0.021433,-0.981386,img_27.jpg
14203,1280,720,631.94293,353.39117,986.8637,986.74805,1.113,-0.003,1.220,0.092819,0.187972,-0.021065,-0.977552,img_28.jpg
14279,1280,720,631.94293,353.39117,986.8637,986.74805,1.180,0.002,1.224,0.092209,0.216175,-0.020422,-0.971776,img_29.jpg
14371,1280,720,631.94293,353.39117,986.8637,986.74805,1.225,0.004,1.226,0.095284,0.225584,-0.017380,-0.969397,img_30.jpg
14438,1280,720,631.94293,353.39117,986.8637,986.74805,1.273,0.004,1.229,0.095399,0.238980,-0.011580,-0.966258,img_31.jpg
14521,1280,720,631.94293,353.39117,986.8637,986.74805,1.351,0.001,1.237,0.094938,0.260958,-0.008574,-0.960632,img_32.jpg
14604,1280,720,631.94293,353.39117,986.8637,986.74805,1.403,-0.002,1.242,0.097279,0.272772,-0.008551,-0.957110,img_33.jpg
14679,1280,720,631.94293,353.39117,986.8637,986.74805,1.485,0.001,1.252,0.096049,0.290320,0.003040,-0.952092,img_34.jpg
14771,1280,720,631.94293,353.39117,986.8637,986.74805,1.539,0.006,1.257,0.091366,0.295474,0.008776,-0.950931,img_35.jpg
14841,1280,720,631.94293,353.39117,986.8637,986.74805,1.594,0.014,1.264,0.090515,0.303138,0.017897,-0.948469,img_36.jpg
14923,1280,720,631.94293,353.39117,986.8637,986.74805,1.671,0.025,1.267,0.087038,0.316979,0.017132,-0.944275,img_37.jpg
15007,1280,720,631.94293,353.39117,986.8637,986.74805,1.742,0.031,1.271,0.088199,0.338153,0.018539,-0.936766,img_38.jpg
15089,1280,720,631.94293,353.39117,986.8637,986.74805,1.786,0.033,1.271,0.091147,0.351723,0.023661,-0.931356,img_39.jpg
15171,1280,720,631.94293,353.39117,986.8637,986.74805,1.833,0.032,1.267,0.090564,0.366339,0.022149,-0.925799,img_40.jpg
15240,1280,720,631.94293,353.39117,986.8637,986.74805,1.879,0.031,1.266,0.093221,0.381307,0.019024,-0.919540,img_41.jpg
15322,1280,720,631.94293,353.39117,986.8637,986.74805,1.947,0.030,1.266,0.091783,0.407257,0.014139,-0.908580,img_42.jpg
15406,1280,720,631.94293,353.39117,986.8637,986.74805,1.991,0.027,1.258,0.090592,0.422636,0.016034,-0.901618,img_43.jpg
15481,1280,720,631.94293,353.39117,986.8637,986.74805,2.056,0.026,1.250,0.089443,0.444641,0.012469,-0.891145,img_44.jpg
15555,1280,720,631.94293,353.39117,986.8637,986.74805,2.096,0.025,1.239,0.090365,0.461096,0.004515,-0.882725,img_45.jpg
15639,1280,720,631.94293,353.39117,986.8637,986.74805,2.161,0.027,1.230,0.098684,0.489400,0.004238,-0.866448,img_46.jpg
15722,1280,720,631.94293,353.39117,986.8637,986.74805,2.202,0.030,1.226,0.089145,0.507778,0.004257,-0.856853,img_47.jpg
15805,1280,720,631.94293,353.39117,986.8637,986.74805,2.244,0.030,1.223,0.085272,0.529742,0.013506,-0.843753,img_48.jpg
15878,1280,720,631.94293,353.39117,986.8637,986.74805,2.310,0.027,1.217,0.085173,0.557249,0.029618,-0.825434,img_49.jpg
15956,1280,720,631.94293,353.39117,986.8637,986.74805,2.352,0.025,1.214,0.080975,0.572831,0.032585,-0.815013,img_50.jpg
16039,1280,720,631.94293,353.39117,986.8637,986.74805,2.416,0.021,1.209,0.078160,0.594655,0.029853,-0.799615,img_51.jpg
16139,1280,720,631.94293,353.39117,986.8637,986.74805,2.477,0.022,1.208,0.072073,0.613244,0.024456,-0.786218,img_52.jpg
16222,1280,720,631.94293,353.39117,986.8637,986.74805,2.520,0.025,1.209,0.065068,0.625964,0.023605,-0.776774,img_53.jpg
16311,1280,720,631.94293,353.39117,986.8637,986.74805,2.580,0.030,1.207,0.059645,0.639356,0.029087,-0.766042,img_54.jpg
16389,1280,720,631.94293,353.39117,986.8637,986.74805,2.617,0.034,1.204,0.054043,0.651917,0.019989,-0.756098,img_55.jpg
16474,1280,720,631.94293,353.39117,986.8637,986.74805,2.672,0.035,1.198,0.056938,0.668015,0.023524,-0.741593,img_56.jpg
16556,1280,720,631.94293,353.39117,986.8637,986.74805,2.707,0.035,1.192,0.059296,0.676064,0.033789,-0.733675,img_57.jpg
16627,1280,720,631.94293,353.39117,986.8637,986.74805,2.740,0.034,1.186,0.060634,0.685507,0.033699,-0.724754,img_58.jpg
16701,1280,720,631.94293,353.39117,986.8637,986.74805,2.768,0.031,1.178,0.065179,0.693199,0.033284,-0.717021,img_59.jpg
16772,1280,720,631.94293,353.39117,986.8637,986.74805,2.813,0.025,1.166,0.066942,0.699436,0.034899,-0.710697,img_60.jpg
16857,1280,720,631.94293,353.39117,986.8637,986.74805,2.850,0.022,1.154,0.070643,0.703507,0.036022,-0.706251,img_61.jpg
16930,1280,720,631.94293,353.39117,986.8637,986.74805,2.876,0.020,1.143,0.071817,0.707350,0.036682,-0.702248,img_62.jpg
17003,1280,720,631.94293,353.39117,986.8637,986.74805,2.899,0.018,1.134,0.076000,0.709677,0.043769,-0.699047,img_63.jpg
17091,1280,720,631.94293,353.39117,986.8637,986.74805,2.928,0.014,1.119,0.080265,0.712722,0.047495,-0.695219,img_64.jpg,marker_3.jpg,0.26620445,0.26620445,3.442,-0.049,1.159,-0.459896,0.512880,-0.539216,-0.539216
17167,1280,720,631.94293,353.39117,986.8637,986.74805,2.945,0.012,1.110,0.081295,0.717818,0.052709,-0.689457,img_65.jpg
17236,1280,720,631.94293,353.39117,986.8637,986.74805,2.959,0.013,1.104,0.076839,0.727333,0.048503,-0.680242,img_66.jpg
17323,1280,720,631.94293,353.39117,986.8637,986.74805,2.974,0.015,1.102,0.077878,0.732335,0.049858,-0.674637,img_67.jpg
17406,1280,720,631.94293,353.39117,986.8637,986.74805,2.982,0.017,1.105,0.080547,0.732270,0.050922,-0.674314,img_68.jpg
17489,1280,720,631.94293,353.39117,986.8637,986.74805,2.981,0.019,1.111,0.080254,0.722944,0.057915,-0.683781,img_69.jpg
17560,1280,720,631.94293,353.39117,986.8637,986.74805,2.976,0.021,1.121,0.079157,0.712269,0.060887,-0.694766,img_70.jpg,marker_3.jpg,0.26252124,0.26252124,3.439,-0.057,1.146,-0.465891,0.507031,-0.549399,-0.549399
17632,1280,720,631.94293,353.39117,986.8637,986.74805,2.969,0.024,1.135,0.077486,0.704612,0.058425,-0.702926,img_71.jpg
17712,1280,720,631.94293,353.39117,986.8637,986.74805,2.955,0.028,1.173,0.068378,0.706345,0.058287,-0.702142,img_72.jpg
17790,1280,720,631.94293,353.39117,986.8637,986.74805,2.943,0.032,1.209,0.059202,0.709140,0.062280,-0.699812,img_73.jpg
17860,1280,720,631.94293,353.39117,986.8637,986.74805,2.929,0.038,1.250,0.051348,0.711189,0.066833,-0.697931,img_74.jpg
17940,1280,720,631.94293,353.39117,986.8637,986.74805,2.903,0.048,1.314,0.039895,0.719245,0.060427,-0.690973,img_75.jpg
18005,1280,720,631.94293,353.39117,986.8637,986.74805,2.882,0.055,1.357,0.037321,0.716469,0.058106,-0.694193,img_76.jpg
18090,1280,720,631.94293,353.39117,986.8637,986.74805,2.862,0.063,1.402,0.036766,0.718415,0.058536,-0.692171,img_77.jpg
18175,1280,720,631.94293,353.39117,986.8637,986.74805,2.834,0.074,1.465,0.036142,0.710203,0.063772,-0.700170,img_78.jpg
18257,1280,720,631.94293,353.39117,986.8637,986.74805,2.811,0.078,1.504,0.034082,0.704634,0.064662,-0.705796,img_79.jpg
18325,1280,720,631.94293,353.39117,986.8637,986.74805,2.789,0.084,1.542,0.034998,0.703551,0.060304,-0.707216,img_80.jpg
18401,1280,720,631.94293,353.39117,986.8637,986.74805,2.773,0.089,1.579,0.036178,0.715718,0.051933,-0.695515,img_81.jpg
18477,1280,720,631.94293,353.39117,986.8637,986.74805,2.753,0.095,1.639,0.027513,0.730128,0.054831,-0.680551,img_82.jpg
18558,1280,720,631.94293,353.39117,986.8637,986.74805,2.744,0.097,1.681,0.023226,0.740684,0.055446,-0.669159,img_83.jpg
18635,1280,720,631.94293,353.39117,986.8637,986.74805,2.742,0.097,1.747,0.019519,0.756074,0.060408,-0.651400,img_84.jpg
18725,1280,720,631.94293,353.39117,986.8637,986.74805,2.743,0.097,1.791,0.020957,0.760368,0.058247,-0.646536,img_85.jpg
18792,1280,720,631.94293,353.39117,986.8637,986.74805,2.744,0.096,1.834,0.024756,0.764225,0.045971,-0.642833,img_86.jpg
18867,1280,720,631.94293,353.39117,986.8637,986.74805,2.748,0.099,1.883,0.026100,0.765972,0.038595,-0.641184,img_87.jpg
18942,1280,720,631.94293,353.39117,986.8637,986.74805,2.757,0.104,1.959,0.029126,0.770387,0.039679,-0.635674,img_88.jpg
19024,1280,720,631.94293,353.39117,986.8637,986.74805,2.763,0.109,2.013,0.035858,0.779295,0.045221,-0.623995,img_89.jpg
19100,1280,720,631.94293,353.39117,986.8637,986.74805,2.765,0.116,2.062,0.039662,0.788183,0.038372,-0.612962,img_90.jpg
19173,1280,720,631.94293,353.39117,986.8637,986.74805,2.764,0.124,2.113,0.034167,0.799222,0.034079,-0.599095,img_91.jpg
19247,1280,720,631.94293,353.39117,986.8637,986.74805,2.763,0.131,2.186,0.024870,0.807552,0.035927,-0.588176,img_92.jpg
19341,1280,720,631.94293,353.39117,986.8637,986.74805,2.758,0.136,2.267,0.015569,0.816126,0.033725,-0.576679,img_93.jpg
19424,1280,720,631.94293,353.39117,986.8637,986.74805,2.754,0.137,2.322,0.013310,0.821677,0.031942,-0.568902,img_94.jpg
19493,1280,720,631.94293,353.39117,986.8637,986.74805,2.748,0.137,2.385,0.014346,0.825146,0.025501,-0.564161,img_95.jpg
19580,1280,720,631.94293,353.39117,986.8637,986.74805,2.734,0.142,2.477,0.011317,0.828512,0.021525,-0.559444,img_96.jpg
19658,1280,720,631.94293,353.39117,986.8637,986.74805,2.722,0.151,2.537,0.010446,0.827050,0.014884,-0.561834,img_97.jpg
19731,1280,720,631.94293,353.39117,986.8637,986.74805,2.709,0.164,2.594,0.009888,0.826110,0.011517,-0.563305,img_98.jpg
19809,1280,720,631.94293,353.39117,986.8637,986.74805,2.697,0.176,2.652,0.011263,0.827702,0.006230,-0.561021,img_99.jpg
19891,1280,720,631.94293,353.39117,986.8637,986.74805,2.682,0.188,2.740,0.006371,0.832634,0.004514,-0.553769,img_100.jpg
19977,1280,720,631.94293,353.39117,986.8637,986.74805,2.675,0.196,2.825,0.000356,0.832921,0.018784,-0.553073,img_101.jpg
20060,1280,720,631.94293,353.39117,986.8637,986.74805,2.673,0.197,2.882,0.003245,0.838234,0.021252,-0.544886,img_102.jpg
20130,1280,720,631.94293,353.39117,986.8637,986.74805,2.671,0.195,2.939,0.002547,0.842000,0.026084,-0.538841,img_103.jpg
20203,1280,720,631.94293,353.39117,986.8637,986.74805,2.672,0.192,2.995,0.003568,0.845395,0.026580,-0.533468,img_104.jpg
20271,1280,720,631.94293,353.39117,986.8637,986.74805,2.674,0.188,3.053,0.009488,0.846516,0.022059,-0.531822,img_105.jpg
20359,1280,720,631.94293,353.39117,986.8637,986.74805,2.684,0.189,3.139,0.025820,0.847054,0.010215,-0.530781,img_106.jpg
20428,1280,720,631.94293,353.39117,986.8637,986.74805,2.692,0.198,3.197,0.031481,0.848560,0.016391,-0.527907,img_107.jpg
20511,1280,720,631.94293,353.39117,986.8637,986.74805,2.698,0.214,3.289,0.026544,0.854000,0.019305,-0.519238,img_108.jpg
20591,1280,720,631.94293,353.39117,986.8637,986.74805,2.701,0.220,3.350,0.018472,0.855956,0.032571,-0.515691,img_109.jpg
20670,1280,720,631.94293,353.39117,986.8637,986.74805,2.702,0.224,3.406,0.018464,0.858841,0.028557,-0.511112,img_110.jpg
20743,1280,720,631.94293,353.39117,986.8637,986.74805,2.702,0.228,3.489,0.012192,0.857025,0.023848,-0.514578,img_111.jpg
20825,1280,720,631.94293,353.39117,986.8637,986.74805,2.702,0.228,3.547,0.009164,0.853868,0.027135,-0.519701,img_112.jpg
20893,1280,720,631.94293,353.39117,986.8637,986.74805,2.700,0.227,3.604,0.013489,0.850525,0.021905,-0.525306,img_113.jpg
20967,1280,720,631.94293,353.39117,986.8637,986.74805,2.694,0.229,3.648,0.012850,0.847425,0.019050,-0.530417,img_114.jpg
21059,1280,720,631.94293,353.39117,986.8637,986.74805,2.684,0.241,3.728,0.012102,0.835627,0.013546,-0.548997,img_115.jpg
21128,1280,720,631.94293,353.39117,986.8637,986.74805,2.682,0.250,3.775,0.019243,0.831893,0.013737,-0.554432,img_116.jpg
21204,1280,720,631.94293,353.39117,986.8637,986.74805,2.679,0.259,3.818,0.025641,0.827923,0.003083,-0.560246,img_117.jpg,marker_4.jpg,0.29228276,0.29228276,3.331,0.217,4.283,-0.474152,0.487572,-0.527870,-0.527870
21280,1280,720,631.94293,353.39117,986.8637,986.74805,2.681,0.271,3.879,0.026407,0.818500,0.006362,-0.573863,img_118.jpg
21360,1280,720,631.94293,353.39117,986.8637,986.74805,2.684,0.277,3.921,0.028844,0.813064,0.008772,-0.581394,img_119.jpg
21433,1280,720,631.94293,353.39117,986.8637,986.74805,2.689,0.280,3.958,0.030103,0.808455,0.010838,-0.587688,img_120.jpg
21503,1280,720,631.94293,353.39117,986.8637,986.74805,2.695,0.280,3.991,0.032364,0.803691,0.010736,-0.594070,img_121.jpg
21577,1280,720,631.94293,353.39117,986.8637,986.74805,2.707,0.279,4.036,0.033333,0.794065,0.010401,-0.606829,img_122.jpg
21659,1280,720,631.94293,353.39117,986.8637,986.74805,2.718,0.280,4.063,0.038361,0.788546,0.006190,-0.613747,img_123.jpg
21729,1280,720,631.94293,353.39117,986.8637,986.74805,2.730,0.280,4.088,0.044519,0.784695,0.010304,-0.618196,img_124.jpg
21804,1280,720,631.94293,353.39117,986.8637,986.74805,2.743,0.281,4.118,0.052973,0.776874,0.010626,-0.627334,img_125.jpg,marker_4.jpg,0.27136225,0.27136225,3.317,0.217,4.271,-0.457529,0.495884,-0.558053,-0.558053
21892,1280,720,631.94293,353.39117,986.8637,986.74805,2.750,0.283,4.138,0.052385,0.769360,0.012549,-0.636540,img_126.jpg
21977,1280,720,631.94293,353.39117,986.8637,986.74805,2.758,0.284,4.166,0.054825,0.760421,0.013502,-0.646971,img_127.jpg
22059,1280,720,631.94293,353.39117,986.8637,986.74805,2.758,0.285,4.183,0.054198,0.755920,0.008036,-0.652367,img_128.jpg
22126,1280,720,631.94293,353.39117,986.8637,986.74805,2.754,0.285,4.202,0.050891,0.750460,0.012995,-0.658825,img_129.jpg
22199,1280,720,631.94293,353.39117,986.8637,986.74805,2.745,0.286,4.227,0.052696,0.741424,0.019455,-0.668682,img_130.jpg
22277,1280,720,631.94293,353.39117,986.8637,986.74805,2.737,0.287,4.240,0.054807,0.735926,0.020756,-0.674520,img_131.jpg
22360,1280,720,631.94293,353.39117,986.8637,986.74805,2.731,0.287,4.250,0.056741,0.729061,0.022559,-0.681719,img_132.jpg
22437,1280,720,631.94293,353.39117,986.8637,986.74805,2.726,0.288,4.258,0.056625,0.724212,0.020738,-0.686936,img_133.jpg,marker_4.jpg,0.26906243,0.26906243,3.314,0.217,4.268,-0.453280,0.502558,-0.560759,-0.560759
22525,1280,720,631.94293,353.39117,986.8637,986.74805,2.717,0.291,4.266,0.052896,0.717811,0.020192,-0.693932,img_134.jpg
22601,1280,720,631.94293,353.39117,986.8637,986.74805,2.712,0.291,4.274,0.053561,0.715521,0.022036,-0.696186,img_135.jpg
22676,1280,720,631.94293,353.39117,986.8637,986.74805,2.709,0.292,4.279,0.053631,0.714427,0.024270,-0.697230,img_136.jpg
22763,1280,720,631.94293,353.39117,986.8637,986.74805,2.706,0.292,4.282,0.053878,0.715429,0.024437,-0.696176,img_137.jpg
22835,1280,720,631.94293,353.39117,986.8637,986.74805,2.701,0.291,4.286,0.053465,0.716359,0.024685,-0.695242,img_138.jpg
22910,1280,720,631.94293,353.39117,986.8637,986.74805,2.699,0.291,4.287,0.053672,0.717648,0.025472,-0.693867,img_139.jpg,marker_4.jpg,0.26865384,0.26865384,3.314,0.217,4.267,-0.449966,0.505236,-0.560295,-0.560295
22992,1280,720,631.94293,353.39117,986.8637,986.74805,2.697,0.290,4.287,0.054282,0.718061,0.024505,-0.693427,img_140.jpg
23059,1280,720,631.94293,353.39117,986.8637,986.74805,2.696,0.290,4.287,0.054536,0.718182,0.024422,-0.693285,img_141.jpg
23130,1280,720,631.94293,353.39117,986.8637,986.74805,2.693,0.290,4.287,0.054310,0.718212,0.024189,-0.693280,img_142.jpg
23212,1280,720,631.94293,353.39117,986.8637,986.74805,2.689,0.288,4.286,0.052311,0.718337,0.027039,-0.693199,img_143.jpg
23293,1280,720,631.94293,353.39117,986.8637,986.74805,2.682,0.288,4.286,0.049354,0.716241,0.026709,-0.695594,img_144.jpg
23368,1280,720,631.94293,353.39117,986.8637,986.74805,2.677,0.288,4.285,0.044107,0.711362,0.026631,-0.700935,img_145.jpg
23444,1280,720,631.94293,353.39117,986.8637,986.74805,2.675,0.285,4.283,0.041173,0.703052,0.035280,-0.709068,img_146.jpg
23527,1280,720,631.94293,353.39117,986.8637,986.74805,2.674,0.283,4.284,0.033618,0.692033,0.052221,-0.719189,img_147.jpg,marker_4.jpg,0.26597455,0.26597455,3.312,0.217,4.269,-0.451650,0.506489,-0.559699,-0.559699
23603,1280,720,631.94293,353.39117,986.8637,986.74805,2.668,0.282,4.279,0.017113,0.686943,0.043320,-0.725218,img_148.jpg
23678,1280,720,631.94293,353.39117,986.8637,986.74805,2.666,0.286,4.256,-0.000513,0.675632,0.031262,-0.736576,img_149.jpg
23762,1280,720,631.94293,353.39117,986.8637,986.74805,2.671,0.290,4.231,-0.004408,0.670511,0.032128,-0.741190,img_150.jpg
23835,1280,720,631.94293,353.39117,986.8637,986.74805,2.689,0.294,4.186,0.002565,0.664713,0.023222,-0.746734,img_151.jpg
23927,1280,720,631.94293,353.39117,986.8637,986.74805,2.704,0.294,4.151,0.009623,0.666145,0.013969,-0.745630,img_152.jpg
24000,1280,720,631.94293,353.39117,986.8637,986.74805,2.726,0.292,4.114,0.014522,0.670731,0.009485,-0.741498,img_153.jpg
24083,1280,720,631.94293,353.39117,986.8637,986.74805,2.764,0.287,4.054,0.017066,0.682777,0.006269,-0.730400,img_154.jpg
24161,1280,720,631.94293,353.39117,986.8637,986.74805,2.792,0.285,4.015,0.011448,0.686262,0.019959,-0.726990,img_155.jpg
24237,1280,720,631.94293,353.39117,986.8637,986.74805,2.827,0.282,3.956,0.013899,0.692427,0.028448,-0.720793,img_156.jpg
24327,1280,720,631.94293,353.39117,986.8637,986.74805,2.846,0.282,3.919,0.020237,0.696729,0.020647,-0.716752,img_157.jpg
24394,1280,720,631.94293,353.39117,986.8637,986.74805,2.864,0.280,3.888,0.030651,0.702617,0.020644,-0.710608,img_158.jpg
24462,1280,720,631.94293,353.39117,986.8637,986.74805,2.878,0.278,3.863,0.039425,0.707159,0.025369,-0.705498,img_159.jpg
24533,1280,720,631.94293,353.39117,986.8637,986.74805,2.891,0.274,3.838,0.045769,0.713035,0.020749,-0.699326,img_160.jpg
24611,1280,720,631.94293,353.39117,986.8637,986.74805,2.902,0.269,3.815,0.054389,0.716631,0.016760,-0.695126,img_161.jpg
24693,1280,720,631.94293,353.39117,986.8637,986.74805,2.909,0.265,3.805,0.056714,0.720170,0.017408,-0.691257,img_162.jpg
24760,1280,720,631.94293,353.39117,986.8637,986.74805,2.915,0.263,3.797,0.054509,0.723536,0.013832,-0.687992,img_163.jpg
24830,1280,720,631.94293,353.39117,986.8637,986.74805,2.923,0.262,3.793,0.052580,0.721334,0.018785,-0.690334,img_164.jpg
24903,1280,720,631.94293,353.39117,986.8637,986.74805,2.934,0.260,3.786,0.056717,0.727753,0.004228,-0.683478,img_165.jpg
24977,1280,720,631.94293,353.39117,986.8637,986.74805,2.940,0.260,3.786,0.055899,0.729829,0.001542,-0.681339,img_166.jpg
25044,1280,720,631.94293,353.39117,986.8637,986.74805,2.946,0.261,3.789,0.053509,0.732065,0.003350,-0.679122,img_167.jpg
25127,1280,720,631.94293,353.39117,986.8637,986.74805,2.950,0.259,3.790,0.058773,0.735020,0.004289,-0.675480,img_168.jpg
25192,1280,720,631.94293,353.39117,986.8637,986.74805,2.952,0.255,3.791,0.066688,0.736313,0.001095,-0.673346,img_169.jpg
25264,1280,720,631.94293,353.39117,986.8637,986.74805,2.953,0.251,3.792,0.075205,0.741358,-0.002733,-0.666877,img_170.jpg
25330,1280,720,631.94293,353.39117,986.8637,986.74805,2.952,0.244,3.796,0.084232,0.747186,-0.003127,-0.659248,img_171.jpg
25410,1280,720,631.94293,353.39117,986.8637,986.74805,2.949,0.238,3.801,0.097121,0.761553,-0.003106,-0.640777,img_172.jpg
25493,1280,720,631.94293,353.39117,986.8637,986.74805,2.928,0.233,3.810,0.083702,0.751775,-0.007329,-0.654045,img_173.jpg
25562,1280,720,631.94293,353.39117,986.8637,986.74805,2.897,0.230,3.823,0.085597,0.763382,-0.015816,-0.640056,img_174.jpg
25631,1280,720,631.94293,353.39117,986.8637,986.74805,2.842,0.218,3.855,0.089161,0.786996,-0.005458,-0.610457,img_175.jpg
25710,1280,720,631.94293,353.39117,986.8637,986.74805,2.792,0.202,3.884,0.083250,0.806178,0.017136,-0.585536,img_176.jpg
25793,1280,720,631.94293,353.39117,986.8637,986.74805,2.732,0.184,3.920,0.066935,0.832741,0.047483,-0.547547,img_177.jpg
25860,1280,720,631.94293,353.39117,986.8637,986.74805,2.662,0.167,3.958,0.045160,0.861790,0.078705,-0.499083,img_178.jpg
25928,1280,720,631.94293,353.39117,986.8637,986.74805,2.585,0.150,3.993,0.026824,0.886985,0.107253,-0.448369,img_179.jpg
26001,1280,720,631.94293,353.39117,986.8637,986.74805,2.468,0.121,4.032,0.003745,0.916720,0.145604,-0.372034,img_180.jpg
26077,1280,720,631.94293,353.39117,986.8637,986.74805,2.393,0.100,4.053,-0.008848,0.931752,0.173033,-0.319091,img_181.jpg
26161,1280,720,631.94293,353.39117,986.8637,986.74805,2.321,0.079,4.075,-0.027563,0.940107,0.210040,-0.267062,img_182.jpg
26226,1280,720,631.94293,353.39117,986.8637,986.74805,2.250,0.057,4.095,-0.050771,0.944941,0.241461,-0.214953,img_183.jpg
26301,1280,720,631.94293,353.39117,986.8637,986.74805,2.142,0.019,4.128,-0.104697,0.942427,0.280806,-0.148386,img_184.jpg
26378,1280,720,631.94293,353.39117,986.8637,986.74805,2.069,-0.006,4.149,-0.137530,0.940522,0.293893,-0.100647,img_185.jpg
26461,1280,720,631.94293,353.39117,986.8637,986.74805,1.994,-0.029,4.171,-0.162440,0.934685,0.310587,-0.059267,img_186.jpg
26527,1280,720,631.94293,353.39117,986.8637,986.74805,1.994,-0.029,4.171,-0.162440,0.934685,0.310587,-0.059267,img_187.jpg
26610,1280,720,631.94293,353.39117,986.8637,986.74805,1.994,-0.029,4.171,-0.162440,0.934685,0.310587,-0.059267,img_188.jpg
26693,1280,720,631.94293,353.39117,986.8637,986.74805,1.994,-0.029,4.171,-0.162440,0.934685,0.310587,-0.059267,img_189.jpg
26777,1280,720,631.94293,353.39117,986.8637,986.74805,1.994,-0.029,4.171,-0.162440,0.934685,0.310587,-0.059267,img_190.jpg
26843,1280,720,631.94293,353.39117,986.8637,986.74805,1.994,-0.029,4.171,-0.162440,0.934685,0.310587,-0.059267,img_191.jpg
26927,1280,720,631.94293,353.39117,986.8637,986.74805,1.994,-0.029,4.171,-0.162440,0.934685,0.310587,-0.059267,img_192.jpg
26994,1280,720,631.94293,353.39117,986.8637,986.74805,1.994,-0.029,4.171,-0.162440,0.934685,0.310587,-0.059267,img_193.jpg
27078,1280,720,631.94293,353.39117,986.8637,986.74805,1.994,-0.029,4.171,-0.162440,0.934685,0.310587,-0.059267,img_194.jpg
27144,1280,720,631.94293,353.39117,986.8637,986.74805,1.994,-0.029,4.171,-0.162440,0.934685,0.310587,-0.059267,img_195.jpg
27227,1280,720,631.94293,353.39117,986.8637,986.74805,1.994,-0.029,4.171,-0.162440,0.934685,0.310587,-0.059267,img_196.jpg
27293,1280,720,631.94293,353.39117,986.8637,986.74805,1.994,-0.029,4.171,-0.162440,0.934685,0.310587,-0.059267,img_197.jpg
27359,1280,720,631.94293,353.39117,986.8637,986.74805,1.994,-0.029,4.171,-0.162440,0.934685,0.310587,-0.059267,img_198.jpg
27428,1280,720,631.94293,353.39117,986.8637,986.74805,1.994,-0.029,4.171,-0.162440,0.934685,0.310587,-0.059267,img_199.jpg
27503,1280,720,631.94293,353.39117,986.8637,986.74805,1.994,-0.029,4.171,-0.162440,0.934685,0.310587,-0.059267,img_200.jpg
27577,1280,720,631.94293,353.39117,986.8637,986.74805,1.994,-0.029,4.171,-0.162440,0.934685,0.310587,-0.059267,img_201.jpg
27661,1280,720,631.94293,353.39117,986.8637,986.74805,1.994,-0.029,4.171,-0.162440,0.934685,0.310587,-0.059267,img_202.jpg
27727,1280,720,631.94293,353.39117,986.8637,986.74805,1.994,-0.029,4.171,-0.162440,0.934685,0.310587,-0.059267,img_203.jpg
27810,1280,720,631.94293,353.39117,986.8637,986.74805,1.994,-0.029,4.171,-0.162440,0.934685,0.310587,-0.059267,img_204.jpg
27877,1280,720,631.94293,353.39117,986.8637,986.74805,1.994,-0.029,4.171,-0.162440,0.934685,0.310587,-0.059267,img_205.jpg
27943,1280,720,631.94293,353.39117,986.8637,986.74805,1.994,-0.029,4.171,-0.162440,0.934685,0.310587,-0.059267,img_206.jpg
28027,1280,720,631.94293,353.39117,986.8637,986.74805,1.994,-0.029,4.171,-0.162440,0.934685,0.310587,-0.059267,img_207.jpg
28096,1280,720,631.94293,353.39117,986.8637,986.74805,1.994,-0.029,4.171,-0.162440,0.934685,0.310587,-0.059267,img_208.jpg
28177,1280,720,631.94293,353.39117,986.8637,986.74805,1.994,-0.029,4.171,-0.162440,0.934685,0.310587,-0.059267,img_209.jpg
28244,1280,720,631.94293,353.39117,986.8637,986.74805,1.994,-0.029,4.171,-0.162440,0.934685,0.310587,-0.059267,img_210.jpg
28327,1280,720,631.94293,353.39117,986.8637,986.74805,1.994,-0.029,4.171,-0.162440,0.934685,0.310587,-0.059267,img_211.jpg
28410,1280,720,631.94293,353.39117,986.8637,986.74805,1.994,-0.029,4.171,-0.162440,0.934685,0.310587,-0.059267,img_212.jpg
28477,1280,720,631.94293,353.39117,986.8637,986.74805,1.994,-0.029,4.171,-0.162440,0.934685,0.310587,-0.059267,img_213.jpg
28540,1280,720,631.94293,353.39117,986.8637,986.74805,1.994,-0.029,4.171,-0.162440,0.934685,0.310587,-0.059267,img_214.jpg
28627,1280,720,631.94293,353.39117,986.8637,986.74805,1.994,-0.029,4.171,-0.162440,0.934685,0.310587,-0.059267,img_215.jpg
28710,1280,720,631.94293,353.39117,986.8637,986.74805,1.994,-0.029,4.171,-0.162440,0.934685,0.310587,-0.059267,img_216.jpg
28793,1280,720,631.94293,353.39117,986.8637,986.74805,1.994,-0.029,4.171,-0.162440,0.934685,0.310587,-0.059267,img_217.jpg
28861,1280,720,631.94293,353.39117,986.8637,986.74805,1.994,-0.029,4.171,-0.162440,0.934685,0.310587,-0.059267,img_218.jpg
28926,1280,720,631.94293,353.39117,986.8637,986.74805,1.994,-0.029,4.171,-0.162440,0.934685,0.310587,-0.059267,img_219.jpg
29010,1280,720,631.94293,353.39117,986.8637,986.74805,1.994,-0.029,4.171,-0.162440,0.934685,0.310587,-0.059267,img_220.jpg
29079,1280,720,631.94293,353.39117,986.8637,986.74805,1.994,-0.029,4.171,-0.162440,0.934685,0.310587,-0.059267,img_221.jpg
29143,1280,720,631.94293,353.39117,986.8637,986.74805,1.994,-0.029,4.171,-0.162440,0.934685,0.310587,-0.059267,img_222.jpg
29227,1280,720,631.94293,353.39117,986.8637,986.74805,1.994,-0.029,4.171,-0.162440,0.934685,0.310587,-0.059267,img_223.jpg
29310,1280,720,631.94293,353.39117,986.8637,986.74805,1.994,-0.029,4.171,-0.162440,0.934685,0.310587,-0.059267,img_224.jpg
29394,1280,720,631.94293,353.39117,986.8637,986.74805,1.994,-0.029,4.171,-0.162440,0.934685,0.310587,-0.059267,img_225.jpg
29460,1280,720,631.94293,353.39117,986.8637,986.74805,1.994,-0.029,4.171,-0.162440,0.934685,0.310587,-0.059267,img_226.jpg
29526,1280,720,631.94293,353.39117,986.8637,986.74805,1.994,-0.029,4.171,-0.162440,0.934685,0.310587,-0.059267,img_227.jpg
29610,1280,720,631.94293,353.39117,986.8637,986.74805,1.994,-0.029,4.171,-0.162440,0.934685,0.310587,-0.059267,img_228.jpg
29694,1280,720,631.94293,353.39117,986.8637,986.74805,1.994,-0.029,4.171,-0.162440,0.934685,0.310587,-0.059267,img_229.jpg
29761,1280,720,631.94293,353.39117,986.8637,986.74805,1.994,-0.029,4.171,-0.162440,0.934685,0.310587,-0.059267,img_230.jpg
29831,1280,720,631.94293,353.39117,986.8637,986.74805,1.994,-0.029,4.171,-0.162440,0.934685,0.310587,-0.059267,img_231.jpg
29905,1280,720,631.94293,353.39117,986.8637,986.74805,1.994,-0.029,4.171,-0.162440,0.934685,0.310587,-0.059267,img_232.jpg
29977,1280,720,631.94293,353.39117,986.8637,986.74805,1.994,-0.029,4.171,-0.162440,0.934685,0.310587,-0.059267,img_233.jpg
30038,1280,720,631.94293,353.39117,986.8637,986.74805,1.994,-0.029,4.171,-0.162440,0.934685,0.310587,-0.059267,img_234.jpg
30127,1280,720,631.94293,353.39117,986.8637,986.74805,1.994,-0.029,4.171,-0.162440,0.934685,0.310587,-0.059267,img_235.jpg
30195,1280,720,631.94293,353.39117,986.8637,986.74805,1.994,-0.029,4.171,-0.162440,0.934685,0.310587,-0.059267,img_236.jpg
30261,1280,720,631.94293,353.39117,986.8637,986.74805,1.994,-0.029,4.171,-0.162440,0.934685,0.310587,-0.059267,img_237.jpg
30327,1280,720,631.94293,353.39117,986.8637,986.74805,1.994,-0.029,4.171,-0.162440,0.934685,0.310587,-0.059267,img_238.jpg
30394,1280,720,631.94293,353.39117,986.8637,986.74805,1.994,-0.029,4.171,-0.162440,0.934685,0.310587,-0.059267,img_239.jpg
30456,1280,720,631.94293,353.39117,986.8637,986.74805,1.994,-0.029,4.171,-0.162440,0.934685,0.310587,-0.059267,img_240.jpg
30527,1280,720,631.94293,353.39117,986.8637,986.74805,1.994,-0.029,4.171,-0.162440,0.934685,0.310587,-0.059267,img_241.jpg
30610,1280,720,631.94293,353.39117,986.8637,986.74805,1.994,-0.029,4.171,-0.162440,0.934685,0.310587,-0.059267,img_242.jpg
30677,1280,720,631.94293,353.39117,986.8637,986.74805,1.994,-0.029,4.171,-0.162440,0.934685,0.310587,-0.059267,img_243.jpg
30745,1280,720,631.94293,353.39117,986.8637,986.74805,1.994,-0.029,4.171,-0.162440,0.934685,0.310587,-0.059267,img_244.jpg
30811,1280,720,631.94293,353.39117,986.8637,986.74805,1.994,-0.029,4.171,-0.162440,0.934685,0.310587,-0.059267,img_245.jpg
30875,1280,720,631.94293,353.39117,986.8637,986.74805,1.994,-0.029,4.171,-0.162440,0.934685,0.310587,-0.059267,img_246.jpg
30944,1280,720,631.94293,353.39117,986.8637,986.74805,1.994,-0.029,4.171,-0.162440,0.934685,0.310587,-0.059267,img_247.jpg
31008,1280,720,631.94293,353.39117,986.8637,986.74805,1.994,-0.029,4.171,-0.162440,0.934685,0.310587,-0.059267,img_248.jpg
31077,1280,720,631.94293,353.39117,986.8637,986.74805,1.994,-0.029,4.171,-0.162440,0.934685,0.310587,-0.059267,img_249.jpg
31145,1280,720,631.94293,353.39117,986.8637,986.74805,1.994,-0.029,4.171,-0.162440,0.934685,0.310587,-0.059267,img_250.jpg
31209,1280,720,631.94293,353.39117,986.8637,986.74805,1.994,-0.029,4.171,-0.162440,0.934685,0.310587,-0.059267,img_251.jpg
31278,1280,720,631.94293,353.39117,986.8637,986.74805,1.994,-0.029,4.171,-0.162440,0.934685,0.310587,-0.059267,img_252.jpg
31344,1280,720,631.94293,353.39117,986.8637,986.74805,1.994,-0.029,4.171,-0.162440,0.934685,0.310587,-0.059267,img_253.jpg
31411,1280,720,631.94293,353.39117,986.8637,986.74805,1.994,-0.029,4.171,-0.162440,0.934685,0.310587,-0.059267,img_254.jpg
31475,1280,720,631.94293,353.39117,986.8637,986.74805,1.994,-0.029,4.171,-0.162440,0.934685,0.310587,-0.059267,img_255.jpg
31545,1280,720,631.94293,353.39117,986.8637,986.74805,1.994,-0.029,4.171,-0.162440,0.934685,0.310587,-0.059267,img_256.jpg
31608,1280,720,631.94293,353.39117,986.8637,986.74805,1.994,-0.029,4.171,-0.162440,0.934685,0.310587,-0.059267,img_257.jpg
31678,1280,720,631.94293,353.39117,986.8637,986.74805,1.994,-0.029,4.171,-0.162440,0.934685,0.310587,-0.059267,img_258.jpg
31743,1280,720,631.94293,353.39117,986.8637,986.74805,1.994,-0.029,4.171,-0.162440,0.934685,0.310587,-0.059267,img_259.jpg
31812,1280,720,631.94293,353.39117,986.8637,986.74805,1.994,-0.029,4.171,-0.162440,0.934685,0.310587,-0.059267,img_260.jpg
31895,1280,720,631.94293,353.39117,986.8637,986.74805,1.994,-0.029,4.171,-0.162440,0.934685,0.310587,-0.059267,img_261.jpg
31962,1280,720,631.94293,353.39117,986.8637,986.74805,1.994,-0.029,4.171,-0.162440,0.934685,0.310587,-0.059267,img_262.jpg
32028,1280,720,631.94293,353.39117,986.8637,986.74805,1.994,-0.029,4.171,-0.162440,0.934685,0.310587,-0.059267,img_263.jpg
32111,1280,720,631.94293,353.39117,986.8637,986.74805,1.994,-0.029,4.171,-0.162440,0.934685,0.310587,-0.059267,img_264.jpg
32176,1280,720,631.94293,353.39117,986.8637,986.74805,1.994,-0.029,4.171,-0.162440,0.934685,0.310587,-0.059267,img_265.jpg
32234,1280,720,631.94293,353.39117,986.8637,986.74805,1.994,-0.029,4.171,-0.162440,0.934685,0.310587,-0.059267,img_266.jpg
32311,1280,720,631.94293,353.39117,986.8637,986.74805,1.994,-0.029,4.171,-0.162440,0.934685,0.310587,-0.059267,img_267.jpg
32375,1280,720,631.94293,353.39117,986.8637,986.74805,1.994,-0.029,4.171,-0.162440,0.934685,0.310587,-0.059267,img_268.jpg
32444,1280,720,631.94293,353.39117,986.8637,986.74805,1.994,-0.029,4.171,-0.162440,0.934685,0.310587,-0.059267,img_269.jpg
32508,1280,720,631.94293,353.39117,986.8637,986.74805,1.994,-0.029,4.171,-0.162440,0.934685,0.310587,-0.059267,img_270.jpg
32594,1280,720,631.94293,353.39117,986.8637,986.74805,1.994,-0.029,4.171,-0.162440,0.934685,0.310587,-0.059267,img_271.jpg
32661,1280,720,631.94293,353.39117,986.8637,986.74805,1.994,-0.029,4.171,-0.162440,0.934685,0.310587,-0.059267,img_272.jpg
32744,1280,720,631.94293,353.39117,986.8637,986.74805,1.994,-0.029,4.171,-0.162440,0.934685,0.310587,-0.059267,img_273.jpg
32812,1280,720,631.94293,353.39117,986.8637,986.74805,1.994,-0.029,4.171,-0.162440,0.934685,0.310587,-0.059267,img_274.jpg
32880,1280,720,631.94293,353.39117,986.8637,986.74805,3.521,-0.086,3.424,0.028230,0.719719,0.051301,-0.691792,img_275.jpg
32946,1280,720,631.94293,353.39117,986.8637,986.74805,3.524,-0.089,3.423,0.031277,0.727077,0.048217,-0.684146,img_276.jpg
33018,1280,720,631.94293,353.39117,986.8637,986.74805,3.513,-0.088,3.423,0.035128,0.737072,0.048996,-0.673119,img_277.jpg
33081,1280,720,631.94293,353.39117,986.8637,986.74805,3.513,-0.089,3.424,0.039472,0.745269,0.053145,-0.663469,img_278.jpg
33148,1280,720,631.94293,353.39117,986.8637,986.74805,3.510,-0.090,3.426,0.044314,0.759432,0.047143,-0.647361,img_279.jpg
33219,1280,720,631.94293,353.39117,986.8637,986.74805,3.509,-0.092,3.432,0.047496,0.765400,0.057895,-0.639184,img_280.jpg
33295,1280,720,631.94293,353.39117,986.8637,986.74805,3.508,-0.093,3.444,0.049180,0.776299,0.065624,-0.625008,img_281.jpg
33379,1280,720,631.94293,353.39117,986.8637,986.74805,3.506,-0.093,3.455,0.043766,0.776934,0.075543,-0.623500,img_282.jpg
33445,1280,720,631.94293,353.39117,986.8637,986.74805,3.506,-0.092,3.467,0.037518,0.778123,0.081142,-0.621717,img_283.jpg
33510,1280,720,631.94293,353.39117,986.8637,986.74805,3.506,-0.093,3.480,0.033807,0.776100,0.080751,-0.624504,img_284.jpg
33596,1280,720,631.94293,353.39117,986.8637,986.74805,3.506,-0.094,3.503,0.029754,0.771266,0.083990,-0.630245,img_285.jpg
33662,1280,720,631.94293,353.39117,986.8637,986.74805,3.505,-0.094,3.511,0.027505,0.769627,0.082846,-0.632499,img_286.jpg
33733,1280,720,631.94293,353.39117,986.8637,986.74805,3.498,-0.095,3.537,0.023653,0.762202,0.082059,-0.641682,img_287.jpg
33830,1280,720,631.94293,353.39117,986.8637,986.74805,3.490,-0.094,3.565,0.019144,0.755201,0.081135,-0.650171,img_288.jpg
33912,1280,720,631.94293,353.39117,986.8637,986.74805,3.486,-0.095,3.583,0.018267,0.750224,0.083083,-0.655688,img_289.jpg
33987,1280,720,631.94293,353.39117,986.8637,986.74805,3.483,-0.097,3.598,0.019697,0.747295,0.084657,-0.658783,img_290.jpg
34057,1280,720,631.94293,353.39117,986.8637,986.74805,3.480,-0.098,3.614,0.023199,0.742442,0.087890,-0.663715,img_291.jpg
34147,1280,720,631.94293,353.39117,986.8637,986.74805,3.472,-0.099,3.637,0.026549,0.735838,0.087563,-0.670948,img_292.jpg
34221,1280,720,631.94293,353.39117,986.8637,986.74805,3.465,-0.098,3.653,0.027078,0.734195,0.086270,-0.672891,img_293.jpg
34293,1280,720,631.94293,353.39117,986.8637,986.74805,3.455,-0.097,3.675,0.027908,0.735797,0.086313,-0.671100,img_294.jpg
34380,1280,720,631.94293,353.39117,986.8637,986.74805,3.446,-0.096,3.689,0.026846,0.736867,0.081009,-0.670629,img_295.jpg
34450,1280,720,631.94293,353.39117,986.8637,986.74805,3.440,-0.094,3.704,0.024042,0.738605,0.078943,-0.669069,img_296.jpg
34519,1280,720,631.94293,353.39117,986.8637,986.74805,3.434,-0.093,3.720,0.020600,0.740405,0.080040,-0.667060,img_297.jpg
34599,1280,720,631.94293,353.39117,986.8637,986.74805,3.428,-0.092,3.746,0.017528,0.743120,0.082007,-0.663883,img_298.jpg
34680,1280,720,631.94293,353.39117,986.8637,986.74805,3.425,-0.092,3.765,0.020421,0.741369,0.094262,-0.664130,img_299.jpg
34769,1280,720,631.94293,353.39117,986.8637,986.74805,3.418,-0.092,3.795,0.022403,0.736361,0.107586,-0.667604,img_300.jpg
34846,1280,720,631.94293,353.39117,986.8637,986.74805,3.417,-0.091,3.815,0.025096,0.742952,0.100222,-0.661323,img_301.jpg
34915,1280,720,631.94293,353.39117,986.8637,986.74805,3.418,-0.090,3.842,0.028611,0.750680,0.090678,-0.653788,img_302.jpg
34996,1280,720,631.94293,353.39117,986.8637,986.74805,3.422,-0.089,3.867,0.032436,0.756285,0.082927,-0.648155,img_303.jpg
35071,1280,720,631.94293,353.39117,986.8637,986.74805,3.433,-0.086,3.907,0.042484,0.764243,0.076647,-0.638947,img_304.jpg
35147,1280,720,631.94293,353.39117,986.8637,986.74805,3.437,-0.083,3.937,0.045767,0.770324,0.076572,-0.631382,img_305.jpg
35223,1280,720,631.94293,353.39117,986.8637,986.74805,3.441,-0.078,3.981,0.047955,0.785229,0.073594,-0.612943,img_306.jpg
35313,1280,720,631.94293,353.39117,986.8637,986.74805,3.441,-0.076,4.010,0.042344,0.793350,0.073517,-0.602825,img_307.jpg
35387,1280,720,631.94293,353.39117,986.8637,986.74805,3.440,-0.078,4.038,0.036314,0.800856,0.075436,-0.592976,img_308.jpg
35463,1280,720,631.94293,353.39117,986.8637,986.74805,3.441,-0.079,4.088,0.029579,0.808622,0.074652,-0.582823,img_309.jpg
35547,1280,720,631.94293,353.39117,986.8637,986.74805,3.440,-0.079,4.126,0.023044,0.810194,0.080333,-0.580173,img_310.jpg
35618,1280,720,631.94293,353.39117,986.8637,986.74805,3.432,-0.077,4.155,0.018624,0.809665,0.072361,-0.582117,img_311.jpg
35692,1280,720,631.94293,353.39117,986.8637,986.74805,3.420,-0.075,4.202,0.006526,0.800198,0.062652,-0.596418,img_312.jpg
35763,1280,720,631.94293,353.39117,986.8637,986.74805,3.408,-0.072,4.231,-0.004509,0.790990,0.055385,-0.609300,img_313.jpg
35848,1280,720,631.94293,353.39117,986.8637,986.74805,3.399,-0.070,4.263,-0.010938,0.779409,0.054259,-0.624066,img_314.jpg
35920,1280,720,631.94293,353.39117,986.8637,986.74805,3.392,-0.068,4.292,-0.010316,0.771225,0.057450,-0.633881,img_315.jpg
35994,1280,720,631.94293,353.39117,986.8637,986.74805,3.389,-0.067,4.319,-0.004766,0.763418,0.064041,-0.642704,img_316.jpg
36080,1280,720,631.94293,353.39117,986.8637,986.74805,3.385,-0.070,4.351,0.005671,0.752608,0.070795,-0.654628,img_317.jpg
36164,1280,720,631.94293,353.39117,986.8637,986.74805,3.386,-0.074,4.375,0.013925,0.744383,0.076458,-0.663215,img_318.jpg,marker_10.jpg,0.26858988,0.26858988,3.921,-0.184,4.439,-0.494916,0.513101,-0.502693,-0.502693
36248,1280,720,631.94293,353.39117,986.8637,986.74805,3.385,-0.075,4.388,0.016080,0.738816,0.081053,-0.668822,img_319.jpg
36326,1280,720,631.94293,353.39117,986.8637,986.74805,3.385,-0.075,4.399,0.016128,0.734326,0.078162,-0.674089,img_320.jpg
36401,1280,720,631.94293,353.39117,986.8637,986.74805,3.387,-0.076,4.416,0.017231,0.728801,0.076257,-0.680248,img_321.jpg
36480,1280,720,631.94293,353.39117,986.8637,986.74805,3.388,-0.077,4.428,0.016729,0.728420,0.077142,-0.680568,img_322.jpg
36551,1280,720,631.94293,353.39117,986.8637,986.74805,3.389,-0.077,4.441,0.018058,0.728545,0.082101,-0.679820,img_323.jpg
36622,1280,720,631.94293,353.39117,986.8637,986.74805,3.386,-0.077,4.458,0.027516,0.731914,0.078919,-0.676252,img_324.jpg,marker_10.jpg,0.26781434,0.26781434,3.923,-0.184,4.440,-0.499972,0.507423,-0.506797,-0.506797
36714,1280,720,631.94293,353.39117,986.8637,986.74805,3.383,-0.076,4.472,0.032316,0.738108,0.078714,-0.669295,img_325.jpg
36780,1280,720,631.94293,353.39117,986.8637,986.74805,3.382,-0.073,4.492,0.033423,0.754986,0.077246,-0.650317,img_326.jpg
36854,1280,720,631.94293,353.39117,986.8637,986.74805,3.383,-0.069,4.518,0.036960,0.783986,0.067116,-0.616031,img_327.jpg
36928,1280,720,631.94293,353.39117,986.8637,986.74805,3.388,-0.067,4.562,0.045937,0.833801,0.053392,-0.547553,img_328.jpg
37014,1280,720,631.94293,353.39117,986.8637,986.74805,3.389,-0.068,4.595,0.044830,0.859447,0.059937,-0.505716,img_329.jpg
37089,1280,720,631.94293,353.39117,986.8637,986.74805,3.385,-0.072,4.643,0.043969,0.896718,0.060201,-0.436278,img_330.jpg
37180,1280,720,631.94293,353.39117,986.8637,986.74805,3.377,-0.077,4.678,0.042617,0.917772,0.063514,-0.389672,img_331.jpg
37255,1280,720,631.94293,353.39117,986.8637,986.74805,3.365,-0.079,4.718,0.040596,0.936163,0.065936,-0.342933,img_332.jpg
37326,1280,720,631.94293,353.39117,986.8637,986.74805,3.337,-0.085,4.779,0.032129,0.951936,0.081016,-0.293635,img_333.jpg
37413,1280,720,631.94293,353.39117,986.8637,986.74805,3.311,-0.083,4.811,0.031286,0.959419,0.077712,-0.269253,img_334.jpg
37476,1280,720,631.94293,353.39117,986.8637,986.74805,3.285,-0.083,4.846,0.028996,0.965934,0.076496,-0.245517,img_335.jpg
37564,1280,720,631.94293,353.39117,986.8637,986.74805,3.236,-0.079,4.895,0.022369,0.974675,0.075689,-0.209236,img_336.jpg
37647,1280,720,631.94293,353.39117,986.8637,986.74805,3.202,-0.079,4.925,0.015864,0.977665,0.079807,-0.193778,img_337.jpg
37722,1280,720,631.94293,353.39117,986.8637,986.74805,3.149,-0.081,4.974,0.009463,0.981946,0.083878,-0.169281,img_338.jpg
37798,1280,720,631.94293,353.39117,986.8637,986.74805,3.116,-0.081,4.999,0.008214,0.985396,0.083903,-0.147944,img_339.jpg
37881,1280,720,631.94293,353.39117,986.8637,986.74805,3.082,-0.077,5.011,0.009392,0.988630,0.073958,-0.130590,img_340.jpg
37956,1280,720,631.94293,353.39117,986.8637,986.74805,3.033,-0.072,5.024,0.006638,0.992656,0.070164,-0.098321,img_341.jpg
38049,1280,720,631.94293,353.39117,986.8637,986.74805,2.996,-0.070,5.035,0.001813,0.994993,0.068538,-0.072722,img_342.jpg
38123,1280,720,631.94293,353.39117,986.8637,986.74805,2.948,-0.067,5.041,-0.016740,0.996335,0.072093,-0.042875,img_343.jpg
38198,1280,720,631.94293,353.39117,986.8637,986.74805,2.920,-0.067,5.039,-0.026595,0.996660,0.074199,-0.021371,img_344.jpg
38281,1280,720,631.94293,353.39117,986.8637,986.74805,2.897,-0.068,5.039,-0.027860,0.997011,0.072057,-0.001229,img_345.jpg
38355,1280,720,631.94293,353.39117,986.8637,986.74805,2.871,-0.068,5.041,-0.023243,0.996847,0.070437,0.028190,img_346.jpg
38449,1280,720,631.94293,353.39117,986.8637,986.74805,2.854,-0.069,5.051,-0.022617,0.996201,0.071847,0.043716,img_347.jpg
38522,1280,720,631.94293,353.39117,986.8637,986.74805,2.832,-0.077,5.078,-0.022270,0.994776,0.077684,0.062362,img_348.jpg
38615,1280,720,631.94293,353.39117,986.8637,986.74805,2.821,-0.081,5.098,-0.018243,0.994083,0.078893,0.072396,img_349.jpg
38689,1280,720,631.94293,353.39117,986.8637,986.74805,2.804,-0.083,5.134,-0.013530,0.993748,0.077466,0.079254,img_350.jpg
38766,1280,720,631.94293,353.39117,986.8637,986.74805,2.798,-0.083,5.166,-0.013948,0.993813,0.083008,0.072465,img_351.jpg
38850,1280,720,631.94293,353.39117,986.8637,986.74805,2.794,-0.081,5.193,-0.011160,0.994334,0.085799,0.061763,img_352.jpg
38931,1280,720,631.94293,353.39117,986.8637,986.74805,2.790,-0.080,5.228,-0.001627,0.995105,0.088093,0.044750,img_353.jpg
39015,1280,720,631.94293,353.39117,986.8637,986.74805,2.790,-0.079,5.250,-0.000272,0.995453,0.090466,0.029826,img_354.jpg
39095,1280,720,631.94293,353.39117,986.8637,986.74805,2.785,-0.080,5.272,0.000353,0.995487,0.093593,0.015672,img_355.jpg
39184,1280,720,631.94293,353.39117,986.8637,986.74805,2.781,-0.081,5.289,-0.000454,0.995234,0.097283,0.006681,img_356.jpg
39261,1280,720,631.94293,353.39117,986.8637,986.74805,2.767,-0.081,5.299,0.000782,0.995108,0.098724,-0.003725,img_357.jpg
39349,1280,720,631.94293,353.39117,986.8637,986.74805,2.756,-0.081,5.298,0.001164,0.995191,0.097025,-0.013373,img_358.jpg,marker_11.jpg,0.2733164,0.2733164,2.746,-0.236,5.860,0.006413,0.700503,-0.713432,-0.713432
39423,1280,720,631.94293,353.39117,986.8637,986.74805,2.732,-0.083,5.291,0.001339,0.995673,0.090170,-0.022427,img_359.jpg
39516,1280,720,631.94293,353.39117,986.8637,986.74805,2.713,-0.083,5.284,0.000704,0.995752,0.088070,-0.026858,img_360.jpg
39585,1280,720,631.94293,353.39117,986.8637,986.74805,2.693,-0.083,5.275,0.001070,0.995657,0.088645,-0.028431,img_361.jpg
39665,1280,720,631.94293,353.39117,986.8637,986.74805,2.665,-0.086,5.254,-0.000151,0.995361,0.089178,-0.036095,img_362.jpg,marker_11.jpg,0.27115002,0.27115002,2.752,-0.236,5.858,-0.001508,0.707448,-0.706564,-0.706564
39749,1280,720,631.94293,353.39117,986.8637,986.74805,2.649,-0.086,5.240,-0.000917,0.994371,0.096320,-0.044135,img_363.jpg
39823,1280,720,631.94293,353.39117,986.8637,986.74805,2.624,-0.084,5.210,-0.002515,0.993365,0.098239,-0.059738,img_364.jpg
39916,1280,720,631.94293,353.39117,986.8637,986.74805,2.606,-0.082,5.188,-0.008091,0.992386,0.101738,-0.068956,img_365.jpg
39984,1280,720,631.94293,353.39117,986.8637,986.74805,2.588,-0.081,5.164,-0.010457,0.991531,0.104487,-0.076416,img_366.jpg
40065,1280,720,631.94293,353.39117,986.8637,986.74805,2.559,-0.078,5.122,-0.008182,0.991977,0.098222,-0.079169,img_367.jpg
40151,1280,720,631.94293,353.39117,986.8637,986.74805,2.536,-0.077,5.097,-0.011128,0.992273,0.094868,-0.079187,img_368.jpg
40225,1280,720,631.94293,353.39117,986.8637,986.74805,2.495,-0.077,5.062,-0.020929,0.992822,0.093134,-0.072052,img_369.jpg
40316,1280,720,631.94293,353.39117,986.8637,986.74805,2.465,-0.076,5.037,-0.027663,0.993723,0.087578,-0.063865,img_370.jpg
40399,1280,720,631.94293,353.39117,986.8637,986.74805,2.416,-0.075,5.003,-0.034705,0.995440,0.076329,-0.045482,img_371.jpg
40484,1280,720,631.94293,353.39117,986.8637,986.74805,2.381,-0.081,4.985,-0.040190,0.995774,0.076276,-0.031630,img_372.jpg
40553,1280,720,631.94293,353.39117,986.8637,986.74805,2.323,-0.091,4.965,-0.047947,0.994852,0.087934,-0.015427,img_373.jpg
40635,1280,720,631.94293,353.39117,986.8637,986.74805,2.279,-0.099,4.945,-0.046264,0.994878,0.089002,-0.012506,img_374.jpg,marker_11.jpg,0.2702336,0.2702336,2.751,-0.235,5.853,0.005999,0.698597,-0.715117,-0.715117
40717,1280,720,631.94293,353.39117,986.8637,986.74805,2.235,-0.108,4.929,-0.038099,0.995550,0.086169,0.001636,img_375.jpg
40797,1280,720,631.94293,353.39117,986.8637,986.74805,2.185,-0.114,4.914,-0.029645,0.995591,0.080185,0.038616,img_376.jpg
40870,1280,720,631.94293,353.39117,986.8637,986.74805,2.101,-0.121,4.898,-0.024155,0.992747,0.086340,0.080096,img_377.jpg
40951,1280,720,631.94293,353.39117,986.8637,986.74805,2.046,-0.121,4.893,-0.028566,0.989634,0.105604,0.093041,img_378.jpg
41027,1280,720,631.94293,353.39117,986.8637,986.74805,1.977,-0.120,4.880,-0.037257,0.987229,0.124677,0.091901,img_379.jpg
41116,1280,720,631.94293,353.39117,986.8637,986.74805,1.938,-0.123,4.870,-0.025975,0.986021,0.118159,0.114566,img_380.jpg
41194,1280,720,631.94293,353.39117,986.8637,986.74805,1.868,-0.131,4.850,-0.040270,0.983492,0.117294,0.131770,img_381.jpg
41283,1280,720,631.94293,353.39117,986.8637,986.74805,1.822,-0.138,4.834,-0.039249,0.982165,0.112715,0.145283,img_382.jpg
41358,1280,720,631.94293,353.39117,986.8637,986.74805,1.750,-0.145,4.801,-0.041445,0.981412,0.106570,0.154132,img_383.jpg
41451,1280,720,631.94293,353.39117,986.8637,986.74805,1.700,-0.148,4.775,-0.035571,0.981198,0.102228,0.159799,img_384.jpg
41523,1280,720,631.94293,353.39117,986.8637,986.74805,1.629,-0.142,4.729,-0.030900,0.983972,0.096842,0.146510,img_385.jpg
41617,1280,720,631.94293,353.39117,986.8637,986.74805,1.584,-0.132,4.699,-0.019547,0.985921,0.094505,0.136549,img_386.jpg
41690,1280,720,631.94293,353.39117,986.8637,986.74805,1.539,-0.125,4.673,-0.014575,0.987042,0.096443,0.127414,img_387.jpg
41771,1280,720,631.94293,353.39117,986.8637,986.74805,1.474,-0.117,4.647,-0.024137,0.987170,0.107613,0.115463,img_388.jpg
41853,1280,720,631.94293,353.39117,986.8637,986.74805,1.443,-0.116,4.635,-0.015254,0.987720,0.107955,0.111903,img_389.jpg
41934,1280,720,631.94293,353.39117,986.8637,986.74805,1.395,-0.114,4.629,-0.022426,0.988539,0.111334,0.099460,img_390.jpg
42018,1280,720,631.94293,353.39117,986.8637,986.74805,1.352,-0.117,4.621,-0.023796,0.989006,0.110536,0.095305,img_391.jpg
42095,1280,720,631.94293,353.39117,986.8637,986.74805,1.287,-0.121,4.609,-0.016075,0.990504,0.104115,0.088337,img_392.jpg
42184,1280,720,631.94293,353.39117,986.8637,986.74805,1.244,-0.122,4.605,-0.009026,0.991701,0.098242,0.082444,img_393.jpg
42253,1280,720,631.94293,353.39117,986.8637,986.74805,1.181,-0.120,4.607,-0.007962,0.992370,0.098710,0.073455,img_394.jpg
42335,1280,720,631.94293,353.39117,986.8637,986.74805,1.146,-0.116,4.611,-0.006966,0.991731,0.105231,0.073126,img_395.jpg
42418,1280,720,631.94293,353.39117,986.8637,986.74805,1.101,-0.113,4.620,-0.002719,0.992002,0.103520,0.072165,img_396.jpg
42486,1280,720,631.94293,353.39117,986.8637,986.74805,1.080,-0.112,4.620,-0.015061,0.992455,0.105701,0.060279,img_397.jpg
42559,1280,720,631.94293,353.39117,986.8637,986.74805,1.034,-0.110,4.620,-0.019854,0.994029,0.101834,0.033806,img_398.jpg
42634,1280,720,631.94293,353.39117,986.8637,986.74805,1.006,-0.111,4.616,-0.021063,0.994699,0.098628,0.020045,img_399.jpg
42697,1280,720,631.94293,353.39117,986.8637,986.74805,0.976,-0.111,4.610,-0.015449,0.995118,0.096601,0.013070,img_400.jpg,marker_12.jpg,0.26314795,0.26314795,0.876,-0.261,5.254,0.042628,0.708303,-0.704291,-0.704291
42785,1280,720,631.94293,353.39117,986.8637,986.74805,0.933,-0.109,4.605,-0.004820,0.994522,0.102577,0.019532,img_401.jpg
42850,1280,720,631.94293,353.39117,986.8637,986.74805,0.911,-0.108,4.603,0.005618,0.994275,0.103970,0.023996,img_402.jpg
42917,1280,720,631.94293,353.39117,986.8637,986.74805,0.887,-0.106,4.601,0.005705,0.994111,0.105723,0.023095,img_403.jpg
43001,1280,720,631.94293,353.39117,986.8637,986.74805,0.875,-0.107,4.597,0.008753,0.993735,0.109101,0.022607,img_404.jpg
43064,1280,720,631.94293,353.39117,986.8637,986.74805,0.861,-0.109,4.598,0.008013,0.992314,0.123007,0.010903,img_405.jpg
43137,1280,720,631.94293,353.39117,986.8637,986.74805,0.853,-0.111,4.600,0.012465,0.992199,0.123686,0.009333,img_406.jpg
43209,1280,720,631.94293,353.39117,986.8637,986.74805,0.846,-0.114,4.602,0.000102,0.991318,0.131325,0.006448,img_407.jpg
43277,1280,720,631.94293,353.39117,986.8637,986.74805,0.841,-0.115,4.603,-0.003911,0.991171,0.132106,0.010645,img_408.jpg,marker_12.jpg,0.2660332,0.2660332,0.874,-0.264,5.247,0.025739,0.703308,-0.710341,-0.710341
43348,1280,720,631.94293,353.39117,986.8637,986.74805,0.839,-0.116,4.608,-0.000003,0.991063,0.133085,0.009124,img_409.jpg
43435,1280,720,631.94293,353.39117,986.8637,986.74805,0.839,-0.114,4.613,0.006212,0.991322,0.131050,0.008228,img_410.jpg
43498,1280,720,631.94293,353.39117,986.8637,986.74805,0.838,-0.111,4.619,0.008922,0.991381,0.130687,0.002454,img_411.jpg
43567,1280,720,631.94293,353.39117,986.8637,986.74805,0.839,-0.110,4.620,0.014426,0.991714,0.127637,0.001880,img_412.jpg
43636,1280,720,631.94293,353.39117,986.8637,986.74805,0.839,-0.108,4.622,0.013869,0.991376,0.130266,0.003580,img_413.jpg
43718,1280,720,631.94293,353.39117,986.8637,986.74805,0.838,-0.107,4.621,0.010299,0.991692,0.128192,-0.002794,img_414.jpg
43796,1280,720,631.94293,353.39117,986.8637,986.74805,0.839,-0.105,4.622,0.007809,0.992001,0.125713,-0.008289,img_415.jpg
43886,1280,720,631.94293,353.39117,986.8637,986.74805,0.838,-0.106,4.632,-0.002894,0.991243,0.131386,-0.012881,img_416.jpg,marker_12.jpg,0.26546445,0.26546445,0.872,-0.265,5.241,0.034767,0.706753,-0.706482,-0.706482
