time,sizeX,sizeY,p_x,p_y,f_x,f_y,pos_X,pos_Y,pos_Z,q_x,q_y,q_z,q_w,marker_ID,marker_x,marker_y,marker_z,marker_qx,marker_qy,marker_qz,marker_qw,marker_ID,marker_x,marker_y,marker_z,marker_qx,marker_qy,marker_qz,marker_qw,marker_ID,marker_x,marker_y,marker_z,marker_qx,marker_qy,marker_qz,marker_qw,
11722,1280,720,631.94293,353.39117,986.8637,986.74805,0.278,-0.068,1.078,0.086409,0.047168,-0.003550,-0.995136,img_1.jpg,marker_1.jpg,0.2933791,0.2933791,0.333,-0.144,0.488,-0.701195,0.027303,-0.035691,-0.035691
11802,1280,720,631.94293,353.39117,986.8637,986.74805,0.281,-0.068,1.080,0.087638,0.048271,-0.001925,-0.994980,img_2.jpg
11889,1280,720,631.94293,353.39117,986.8637,986.74805,0.282,-0.068,1.080,0.091569,0.052058,-0.004174,-0.994428,img_3.jpg
11965,1280,720,631.94293,353.39117,986.8637,986.74805,0.281,-0.067,1.079,0.093998,0.051277,-0.001634,-0.994250,img_4.jpg
12040,1280,720,631.94293,353.39117,986.8637,986.74805,0.284,-0.066,1.079,0.094495,0.053006,0.000149,-0.994113,img_5.jpg
12123,1280,720,631.94293,353.39117,986.8637,986.74805,0.286,-0.065,1.081,0.091277,0.055168,0.001300,-0.994295,img_6.jpg
12216,1280,720,631.94293,353.39117,986.8637,986.74805,0.290,-0.064,1.083,0.083679,0.057615,0.000556,-0.994826,img_7.jpg,marker_1.jpg,0.29691288,0.29691288,0.331,-0.145,0.482,-0.702450,0.028776,-0.038686,-0.038686
12290,1280,720,631.94293,353.39117,986.8637,986.74805,0.296,-0.064,1.086,0.077727,0.059164,0.007718,-0.995188,img_8.jpg
12372,1280,720,631.94293,353.39117,986.8637,986.74805,0.301,-0.065,1.086,0.087607,0.063674,0.018383,-0.993948,img_9.jpg
12440,1280,720,631.94293,353.39117,986.8637,986.74805,0.311,-0.065,1.089,0.088122,0.087246,0.012180,-0.992207,img_10.jpg
12511,1280,720,631.94293,353.39117,986.8637,986.74805,0.326,-0.069,1.093,0.110621,0.113987,-0.001435,-0.987303,img_11.jpg
12606,1280,720,631.94293,353.39117,986.8637,986.74805,0.341,-0.073,1.098,0.123741,0.124287,-0.008338,-0.984465,img_12.jpg
12674,1280,720,631.94293,353.39117,986.8637,986.74805,0.356,-0.072,1.107,0.128708,0.126861,-0.008077,-0.983502,img_13.jpg
12748,1280,720,631.94293,353.39117,986.8637,986.74805,0.378,-0.070,1.119,0.127283,0.126344,0.001029,-0.983786,img_14.jpg
12821,1280,720,631.94293,353.39117,986.8637,986.74805,0.416,-0.063,1.145,0.110786,0.118280,0.013608,-0.986687,img_15.jpg
12906,1280,720,631.94293,353.39117,986.8637,986.74805,0.446,-0.059,1.162,0.102365,0.126596,0.010228,-0.986605,img_16.jpg
12979,1280,720,631.94293,353.39117,986.8637,986.74805,0.497,-0.056,1.192,0.097442,0.132582,0.003872,-0.986363,img_17.jpg
13056,1280,720,631.94293,353.39117,986.8637,986.74805,0.534,-0.054,1.211,0.098969,0.130165,0.003814,-0.986533,img_18.jpg
13124,1280,720,631.94293,353.39117,986.8637,986.74805,0.577,-0.054,1.228,0.106672,0.125693,0.012009,-0.986245,img_19.jpg
13206,1280,720,631.94293,353.39117,986.8637,986.74805,0.637,-0.054,1.258,0.100943,0.130256,-0.001318,-0.986328,img_20.jpg
13289,1280,720,631.94293,353.39117,986.8637,986.74805,0.680,-0.053,1.280,0.108762,0.119522,0.008055,-0.986823,img_21.jpg
13373,1280,720,631.94293,353.39117,986.8637,986.74805,0.725,-0.050,1.300,0.115274,0.118744,0.007996,-0.986178,img_22.jpg
13439,1280,720,631.94293,353.39117,986.8637,986.74805,0.763,-0.043,1.320,0.120581,0.119522,0.003635,-0.985475,img_23.jpg
13523,1280,720,631.94293,353.39117,986.8637,986.74805,0.820,-0.033,1.345,0.126724,0.130165,0.002763,-0.983357,img_24.jpg
13607,1280,720,631.94293,353.39117,986.8637,986.74805,0.864,-0.030,1.366,0.125760,0.136131,0.004315,-0.982667,img_25.jpg
13673,1280,720,631.94293,353.39117,986.8637,986.74805,0.894,-0.026,1.375,0.124236,0.144530,0.005659,-0.981654,img_26.jpg
13738,1280,720,631.94293,353.39117,986.8637,986.74805,0.936,-0.026,1.388,0.120583,0.144935,0.015767,-0.981939,img_27.jpg
13807,1280,720,631.94293,353.39117,986.8637,986.74805,0.978,-0.025,1.397,0.117971,0.148039,0.024510,-0.981614,img_28.jpg
13876,1280,720,631.94293,353.39117,986.8637,986.74805,1.039,-0.023,1.408,0.107368,0.153804,0.022852,-0.981985,img_29.jpg
13957,1280,720,631.94293,353.39117,986.8637,986.74805,1.079,-0.021,1.412,0.100949,0.153634,0.022263,-0.982706,img_30.jpg
14025,1280,720,631.94293,353.39117,986.8637,986.74805,1.129,-0.021,1.417,0.097720,0.161396,0.016747,-0.981897,img_31.jpg
14108,1280,720,631.94293,353.39117,986.8637,986.74805,1.206,-0.015,1.426,0.091549,0.174488,0.008661,-0.980356,img_32.jpg
14174,1280,720,631.94293,353.39117,986.8637,986.74805,1.232,-0.012,1.428,0.092263,0.184415,0.007932,-0.978476,img_33.jpg
14245,1280,720,631.94293,353.39117,986.8637,986.74805,1.310,0.002,1.437,0.080503,0.212010,0.009823,-0.973897,img_34.jpg
14323,1280,720,631.94293,353.39117,986.8637,986.74805,1.362,0.008,1.440,0.076921,0.237471,0.014316,-0.968238,img_35.jpg
14407,1280,720,631.94293,353.39117,986.8637,986.74805,1.412,0.012,1.441,0.069497,0.258947,0.012540,-0.963307,img_36.jpg
14474,1280,720,631.94293,353.39117,986.8637,986.74805,1.464,0.011,1.437,0.064723,0.294522,0.010474,-0.953393,img_37.jpg
14539,1280,720,631.94293,353.39117,986.8637,986.74805,1.560,0.000,1.432,0.067670,0.331888,0.020521,-0.940665,img_38.jpg
14624,1280,720,631.94293,353.39117,986.8637,986.74805,1.612,-0.004,1.429,0.065235,0.347304,0.021161,-0.935242,img_39.jpg
14691,1280,720,631.94293,353.39117,986.8637,986.74805,1.664,-0.009,1.427,0.058092,0.359760,0.015013,-0.931114,img_40.jpg
14774,1280,720,631.94293,353.39117,986.8637,986.74805,1.722,-0.008,1.429,0.051688,0.380799,0.013225,-0.923117,img_41.jpg
14839,1280,720,631.94293,353.39117,986.8637,986.74805,1.781,-0.008,1.431,0.043345,0.406171,0.010894,-0.912703,img_42.jpg
14907,1280,720,631.94293,353.39117,986.8637,986.74805,1.839,-0.005,1.427,0.042920,0.431234,0.012720,-0.901129,img_43.jpg
14975,1280,720,631.94293,353.39117,986.8637,986.74805,1.888,0.001,1.425,0.038189,0.452488,0.011224,-0.890882,img_44.jpg
15042,1280,720,631.94293,353.39117,986.8637,986.74805,1.965,-0.002,1.409,0.041935,0.471484,0.015288,-0.880745,img_45.jpg
15125,1280,720,631.94293,353.39117,986.8637,986.74805,2.004,-0.006,1.393,0.047793,0.483370,0.019551,-0.873892,img_46.jpg
15208,1280,720,631.94293,353.39117,986.8637,986.74805,2.079,-0.018,1.374,0.048821,0.509101,0.025671,-0.858938,img_47.jpg
15274,1280,720,631.94293,353.39117,986.8637,986.74805,2.133,-0.030,1.363,0.052819,0.527032,0.034492,-0.847501,img_48.jpg
15341,1280,720,631.94293,353.39117,986.8637,986.74805,2.148,-0.032,1.358,0.052530,0.540702,0.032083,-0.838959,img_49.jpg
15409,1280,720,631.94293,353.39117,986.8637,986.74805,2.213,-0.048,1.338,0.061072,0.571687,0.041823,-0.817126,img_50.jpg
15508,1280,720,631.94293,353.39117,986.8637,986.74805,2.258,-0.063,1.324,0.066942,0.589011,0.048423,-0.803891,img_51.jpg
15580,1280,720,631.94293,353.39117,986.8637,986.74805,2.320,-0.077,1.297,0.070522,0.612062,0.047099,-0.786249,img_52.jpg
15658,1280,720,631.94293,353.39117,986.8637,986.74805,2.355,-0.080,1.278,0.066829,0.630322,0.040066,-0.772414,img_53.jpg
15741,1280,720,631.94293,353.39117,986.8637,986.74805,2.417,-0.080,1.249,0.058440,0.653690,0.047621,-0.752998,img_54.jpg
15826,1280,720,631.94293,353.39117,986.8637,986.74805,2.456,-0.081,1.236,0.062523,0.671240,0.058287,-0.736295,img_55.jpg
15905,1280,720,631.94293,353.39117,986.8637,986.74805,2.495,-0.084,1.214,0.067976,0.681554,0.063610,-0.725822,img_56.jpg
15992,1280,720,631.94293,353.39117,986.8637,986.74805,2.557,-0.091,1.188,0.073244,0.693519,0.078983,-0.712340,img_57.jpg
16064,1280,720,631.94293,353.39117,986.8637,986.74805,2.582,-0.094,1.180,0.078492,0.698197,0.086405,-0.706325,img_58.jpg
16131,1280,720,631.94293,353.39117,986.8637,986.74805,2.635,-0.103,1.161,0.079967,0.703060,0.082352,-0.701805,img_59.jpg
16208,1280,720,631.94293,353.39117,986.8637,986.74805,2.682,-0.112,1.153,0.083397,0.697080,0.098566,-0.705272,img_60.jpg
16286,1280,720,631.94293,353.39117,986.8637,986.74805,2.714,-0.114,1.151,0.082411,0.699744,0.094652,-0.703283,img_61.jpg
16375,1280,720,631.94293,353.39117,986.8637,986.74805,2.743,-0.119,1.154,0.080313,0.701534,0.096347,-0.701511,img_62.jpg
16449,1280,720,631.94293,353.39117,986.8637,986.74805,2.770,-0.119,1.160,0.075918,0.703478,0.094870,-0.700254,img_63.jpg
16542,1280,720,631.94293,353.39117,986.8637,986.74805,2.798,-0.123,1.164,0.077037,0.707845,0.094007,-0.695833,img_64.jpg
16628,1280,720,631.94293,353.39117,986.8637,986.74805,2.818,-0.122,1.165,0.081401,0.704990,0.104775,-0.696696,img_65.jpg,marker_3.jpg,0.24846274,0.24846274,3.339,-0.237,1.198,-0.453343,0.554030,-0.533475,-0.533475
16706,1280,720,631.94293,353.39117,986.8637,986.74805,2.830,-0.119,1.164,0.076362,0.707308,0.095834,-0.696204,img_66.jpg
16778,1280,720,631.94293,353.39117,986.8637,986.74805,2.845,-0.115,1.164,0.074935,0.710765,0.097058,-0.692660,img_67.jpg
16876,1280,720,631.94293,353.39117,986.8637,986.74805,2.856,-0.119,1.154,0.102702,0.702275,0.114222,-0.695137,img_68.jpg
16959,1280,720,631.94293,353.39117,986.8637,986.74805,2.864,-0.120,1.151,0.111383,0.709686,0.103846,-0.687863,img_69.jpg
17045,1280,720,631.94293,353.39117,986.8637,986.74805,2.870,-0.120,1.151,0.115149,0.713831,0.104453,-0.682844,img_70.jpg
17118,1280,720,631.94293,353.39117,986.8637,986.74805,2.880,-0.121,1.156,0.113207,0.716390,0.105736,-0.680287,img_71.jpg
17193,1280,720,631.94293,353.39117,986.8637,986.74805,2.885,-0.120,1.163,0.106932,0.715853,0.110257,-0.681149,img_72.jpg
17276,1280,720,631.94293,353.39117,986.8637,986.74805,2.882,-0.117,1.186,0.097526,0.718302,0.118025,-0.678676,img_73.jpg
17359,1280,720,631.94293,353.39117,986.8637,986.74805,2.875,-0.114,1.213,0.086719,0.719357,0.116975,-0.679207,img_74.jpg
17445,1280,720,631.94293,353.39117,986.8637,986.74805,2.857,-0.111,1.260,0.077829,0.714199,0.110498,-0.686770,img_75.jpg
17526,1280,720,631.94293,353.39117,986.8637,986.74805,2.841,-0.111,1.298,0.075943,0.719550,0.094684,-0.683751,img_76.jpg
17589,1280,720,631.94293,353.39117,986.8637,986.74805,2.822,-0.112,1.341,0.073817,0.723932,0.092959,-0.679583,img_77.jpg
17676,1280,720,631.94293,353.39117,986.8637,986.74805,2.788,-0.112,1.422,0.062859,0.737374,0.096238,-0.665633,img_78.jpg
17743,1280,720,631.94293,353.39117,986.8637,986.74805,2.762,-0.110,1.479,0.045701,0.738951,0.104472,-0.664040,img_79.jpg
17828,1280,720,631.94293,353.39117,986.8637,986.74805,2.738,-0.107,1.541,0.035613,0.734359,0.121941,-0.666767,img_80.jpg
17894,1280,720,631.94293,353.39117,986.8637,986.74805,2.714,-0.102,1.595,0.034149,0.745070,0.123355,-0.654590,img_81.jpg
17962,1280,720,631.94293,353.39117,986.8637,986.74805,2.691,-0.097,1.640,0.043799,0.747260,0.111485,-0.653648,img_82.jpg
18031,1280,720,631.94293,353.39117,986.8637,986.74805,2.670,-0.093,1.685,0.046883,0.753448,0.101958,-0.647860,img_83.jpg
18103,1280,720,631.94293,353.39117,986.8637,986.74805,2.645,-0.089,1.751,0.041459,0.764986,0.101360,-0.634668,img_84.jpg
18177,1280,720,631.94293,353.39117,986.8637,986.74805,2.631,-0.088,1.792,0.031687,0.773230,0.099047,-0.625540,img_85.jpg
18259,1280,720,631.94293,353.39117,986.8637,986.74805,2.621,-0.088,1.834,0.027644,0.781492,0.098218,-0.615515,img_86.jpg
18323,1280,720,631.94293,353.39117,986.8637,986.74805,2.617,-0.092,1.881,0.026326,0.787262,0.103297,-0.607335,img_87.jpg
18410,1280,720,631.94293,353.39117,986.8637,986.74805,2.613,-0.101,1.952,0.033438,0.792575,0.100978,-0.600426,img_88.jpg
18493,1280,720,631.94293,353.39117,986.8637,986.74805,2.616,-0.108,2.000,0.042929,0.791497,0.096131,-0.602037,img_89.jpg
18558,1280,720,631.94293,353.39117,986.8637,986.74805,2.617,-0.113,2.053,0.049922,0.791599,0.094135,-0.601679,img_90.jpg
18628,1280,720,631.94293,353.39117,986.8637,986.74805,2.623,-0.114,2.108,0.057482,0.796408,0.091309,-0.595057,img_91.jpg
18697,1280,720,631.94293,353.39117,986.8637,986.74805,2.629,-0.109,2.167,0.063147,0.802731,0.093229,-0.585614,img_92.jpg
18766,1280,720,631.94293,353.39117,986.8637,986.74805,2.635,-0.104,2.226,0.060078,0.810504,0.094748,-0.574889,img_93.jpg
18837,1280,720,631.94293,353.39117,986.8637,986.74805,2.637,-0.101,2.313,0.048150,0.821145,0.108377,-0.558262,img_94.jpg
18910,1280,720,631.94293,353.39117,986.8637,986.74805,2.637,-0.104,2.370,0.050557,0.833403,0.092581,-0.542506,img_95.jpg
18977,1280,720,631.94293,353.39117,986.8637,986.74805,2.632,-0.108,2.431,0.042640,0.837365,0.092577,-0.537059,img_96.jpg
19061,1280,720,631.94293,353.39117,986.8637,986.74805,2.628,-0.113,2.496,0.037545,0.840834,0.096928,-0.531219,img_97.jpg
19122,1280,720,631.94293,353.39117,986.8637,986.74805,2.619,-0.118,2.561,0.035123,0.842615,0.091682,-0.529490,img_98.jpg
19194,1280,720,631.94293,353.39117,986.8637,986.74805,2.604,-0.119,2.630,0.025547,0.844651,0.088913,-0.527263,img_99.jpg
19265,1280,720,631.94293,353.39117,986.8637,986.74805,2.589,-0.116,2.695,0.021353,0.843740,0.089563,-0.528796,img_100.jpg
19338,1280,720,631.94293,353.39117,986.8637,986.74805,2.576,-0.109,2.760,0.023902,0.845475,0.086278,-0.526456,img_101.jpg
19408,1280,720,631.94293,353.39117,986.8637,986.74805,2.564,-0.101,2.817,0.029184,0.847114,0.087386,-0.523364,img_102.jpg
19482,1280,720,631.94293,353.39117,986.8637,986.74805,2.547,-0.093,2.896,0.030669,0.848592,0.080122,-0.522045,img_103.jpg
19561,1280,720,631.94293,353.39117,986.8637,986.74805,2.541,-0.091,2.947,0.031250,0.850113,0.081468,-0.519322,img_104.jpg
19629,1280,720,631.94293,353.39117,986.8637,986.74805,2.537,-0.093,2.999,0.032193,0.852025,0.081636,-0.516094,img_105.jpg
19698,1280,720,631.94293,353.39117,986.8637,986.74805,2.534,-0.098,3.053,0.033306,0.853110,0.084631,-0.513743,img_106.jpg
19769,1280,720,631.94293,353.39117,986.8637,986.74805,2.534,-0.104,3.109,0.033915,0.855620,0.084503,-0.509532,img_107.jpg
19836,1280,720,631.94293,353.39117,986.8637,986.74805,2.533,-0.110,3.164,0.037449,0.858738,0.078490,-0.504981,img_108.jpg
19906,1280,720,631.94293,353.39117,986.8637,986.74805,2.538,-0.119,3.250,0.050136,0.864099,0.061841,-0.496986,img_109.jpg
19994,1280,720,631.94293,353.39117,986.8637,986.74805,2.543,-0.123,3.311,0.062465,0.869286,0.056893,-0.487034,img_110.jpg
20062,1280,720,631.94293,353.39117,986.8637,986.74805,2.550,-0.121,3.371,0.065950,0.871102,0.066218,-0.482128,img_111.jpg
20125,1280,720,631.94293,353.39117,986.8637,986.74805,2.554,-0.118,3.427,0.063968,0.877716,0.057498,-0.471398,img_112.jpg
20194,1280,720,631.94293,353.39117,986.8637,986.74805,2.555,-0.115,3.488,0.048048,0.879025,0.073168,-0.468671,img_113.jpg
20262,1280,720,631.94293,353.39117,986.8637,986.74805,2.558,-0.117,3.547,0.044354,0.881978,0.073661,-0.463380,img_114.jpg
20326,1280,720,631.94293,353.39117,986.8637,986.74805,2.559,-0.120,3.608,0.041038,0.880999,0.074574,-0.465398,img_115.jpg
20411,1280,720,631.94293,353.39117,986.8637,986.74805,2.557,-0.121,3.683,0.037579,0.874330,0.066698,-0.479255,img_116.jpg
20477,1280,720,631.94293,353.39117,986.8637,986.74805,2.558,-0.122,3.734,0.038322,0.868188,0.056517,-0.491514,img_117.jpg
20561,1280,720,631.94293,353.39117,986.8637,986.74805,2.553,-0.120,3.786,0.036720,0.860495,0.049060,-0.505760,img_118.jpg
20625,1280,720,631.94293,353.39117,986.8637,986.74805,2.551,-0.118,3.840,0.036867,0.849141,0.052089,-0.524297,img_119.jpg
20695,1280,720,631.94293,353.39117,986.8637,986.74805,2.555,-0.113,3.891,0.048015,0.843078,0.051770,-0.533136,img_120.jpg
20763,1280,720,631.94293,353.39117,986.8637,986.74805,2.559,-0.108,3.938,0.057186,0.838539,0.050645,-0.539461,img_121.jpg,marker_4.jpg,0.27505407,0.27505407,3.116,-0.238,4.331,-0.435820,0.561401,-0.524464,-0.524464
20830,1280,720,631.94293,353.39117,986.8637,986.74805,2.565,-0.106,3.984,0.064503,0.832946,0.048009,-0.547480,img_122.jpg
20902,1280,720,631.94293,353.39117,986.8637,986.74805,2.573,-0.106,4.019,0.067148,0.827346,0.056510,-0.554794,img_123.jpg
20964,1280,720,631.94293,353.39117,986.8637,986.74805,2.583,-0.108,4.045,0.069975,0.822254,0.058779,-0.561737,img_124.jpg
21030,1280,720,631.94293,353.39117,986.8637,986.74805,2.594,-0.110,4.067,0.072695,0.818804,0.055946,-0.566696,img_125.jpg
21100,1280,720,631.94293,353.39117,986.8637,986.74805,2.604,-0.114,4.092,0.071966,0.817324,0.053182,-0.569187,img_126.jpg
21162,1280,720,631.94293,353.39117,986.8637,986.74805,2.615,-0.117,4.113,0.073612,0.817944,0.050566,-0.568324,img_127.jpg,marker_4.jpg,0.27758643,0.27758643,3.120,-0.243,4.329,-0.436761,0.557529,-0.534957,-0.534957
21232,1280,720,631.94293,353.39117,986.8637,986.74805,2.627,-0.119,4.130,0.074381,0.816056,0.053011,-0.570711,img_128.jpg
21302,1280,720,631.94293,353.39117,986.8637,986.74805,2.637,-0.120,4.145,0.073373,0.812504,0.055719,-0.575629,img_129.jpg
21368,1280,720,631.94293,353.39117,986.8637,986.74805,2.644,-0.119,4.156,0.069968,0.810617,0.052786,-0.578980,img_130.jpg
21440,1280,720,631.94293,353.39117,986.8637,986.74805,2.651,-0.117,4.170,0.062179,0.807137,0.057029,-0.584305,img_131.jpg
21512,1280,720,631.94293,353.39117,986.8637,986.74805,2.657,-0.118,4.178,0.061982,0.806680,0.057620,-0.584898,img_132.jpg
21595,1280,720,631.94293,353.39117,986.8637,986.74805,2.661,-0.120,4.185,0.059665,0.805392,0.060878,-0.586581,img_133.jpg
21662,1280,720,631.94293,353.39117,986.8637,986.74805,2.663,-0.121,4.187,0.057753,0.804709,0.066072,-0.587148,img_134.jpg
21728,1280,720,631.94293,353.39117,986.8637,986.74805,2.665,-0.123,4.189,0.057380,0.805177,0.066733,-0.586467,img_135.jpg
21795,1280,720,631.94293,353.39117,986.8637,986.74805,2.666,-0.126,4.190,0.056983,0.806347,0.070009,-0.584513,img_136.jpg
21866,1280,720,631.94293,353.39117,986.8637,986.74805,2.667,-0.128,4.189,0.058584,0.807242,0.070913,-0.583010,img_137.jpg,marker_4.jpg,0.27488345,0.27488345,3.118,-0.242,4.330,-0.432531,0.562631,-0.537196,-0.537196
21932,1280,720,631.94293,353.39117,986.8637,986.74805,2.666,-0.131,4.186,0.061792,0.807617,0.071003,-0.582147,img_138.jpg
21999,1280,720,631.94293,353.39117,986.8637,986.74805,2.667,-0.132,4.182,0.062554,0.806799,0.071139,-0.583183,img_139.jpg
22069,1280,720,631.94293,353.39117,986.8637,986.74805,2.668,-0.131,4.173,0.061206,0.804816,0.072800,-0.585854,img_140.jpg
22146,1280,720,631.94293,353.39117,986.8637,986.74805,2.667,-0.131,4.169,0.061258,0.804148,0.071957,-0.586869,img_141.jpg
22213,1280,720,631.94293,353.39117,986.8637,986.74805,2.668,-0.131,4.164,0.061305,0.804726,0.072460,-0.586010,img_142.jpg
22295,1280,720,631.94293,353.39117,986.8637,986.74805,2.667,-0.130,4.160,0.060114,0.805853,0.073461,-0.584458,img_143.jpg
22362,1280,720,631.94293,353.39117,986.8637,986.74805,2.666,-0.129,4.158,0.057822,0.806771,0.074349,-0.583308,img_144.jpg
22430,1280,720,631.94293,353.39117,986.8637,986.74805,2.664,-0.129,4.156,0.058890,0.809225,0.073481,-0.579902,img_145.jpg
22501,1280,720,631.94293,353.39117,986.8637,986.74805,2.661,-0.129,4.152,0.059113,0.811129,0.074380,-0.577099,img_146.jpg
22573,1280,720,631.94293,353.39117,986.8637,986.74805,2.657,-0.127,4.141,0.058472,0.810963,0.072305,-0.577661,img_147.jpg
22646,1280,720,631.94293,353.39117,986.8637,986.74805,2.654,-0.126,4.134,0.059125,0.809199,0.070381,-0.580300,img_148.jpg
22713,1280,720,631.94293,353.39117,986.8637,986.74805,2.653,-0.126,4.125,0.058454,0.804330,0.069697,-0.587179,img_149.jpg
22796,1280,720,631.94293,353.39117,986.8637,986.74805,2.658,-0.124,4.113,0.054071,0.795392,0.068201,-0.599814,img_150.jpg
22857,1280,720,631.94293,353.39117,986.8637,986.74805,2.663,-0.120,4.095,0.046978,0.782370,0.065806,-0.617543,img_151.jpg
22929,1280,720,631.94293,353.39117,986.8637,986.74805,2.669,-0.115,4.073,0.038371,0.768714,0.060489,-0.635569,img_152.jpg
22996,1280,720,631.94293,353.39117,986.8637,986.74805,2.675,-0.109,4.052,0.030018,0.758700,0.053616,-0.648536,img_153.jpg
23069,1280,720,631.94293,353.39117,986.8637,986.74805,2.694,-0.102,4.021,0.025167,0.750553,0.055846,-0.657966,img_154.jpg
23145,1280,720,631.94293,353.39117,986.8637,986.74805,2.710,-0.099,3.999,0.031094,0.748868,0.055710,-0.659641,img_155.jpg
23213,1280,720,631.94293,353.39117,986.8637,986.74805,2.727,-0.099,3.977,0.040016,0.748198,0.047142,-0.660588,img_156.jpg
23280,1280,720,631.94293,353.39117,986.8637,986.74805,2.743,-0.097,3.952,0.045112,0.749035,0.039758,-0.659796,img_157.jpg
23363,1280,720,631.94293,353.39117,986.8637,986.74805,2.762,-0.096,3.930,0.047324,0.751229,0.036992,-0.657303,img_158.jpg
23423,1280,720,631.94293,353.39117,986.8637,986.74805,2.777,-0.095,3.912,0.044192,0.756606,0.037735,-0.651283,img_159.jpg
23496,1280,720,631.94293,353.39117,986.8637,986.74805,2.795,-0.095,3.895,0.039691,0.757892,0.039962,-0.649944,img_160.jpg
23571,1280,720,631.94293,353.39117,986.8637,986.74805,2.812,-0.098,3.880,0.040753,0.762510,0.036601,-0.644653,img_161.jpg
23637,1280,720,631.94293,353.39117,986.8637,986.74805,2.835,-0.104,3.863,0.044609,0.764697,0.050107,-0.640888,img_162.jpg
23714,1280,720,631.94293,353.39117,986.8637,986.74805,2.846,-0.107,3.853,0.047097,0.766832,0.052856,-0.637931,img_163.jpg
23797,1280,720,631.94293,353.39117,986.8637,986.74805,2.856,-0.108,3.844,0.049138,0.766973,0.055263,-0.637404,img_164.jpg
23861,1280,720,631.94293,353.39117,986.8637,986.74805,2.868,-0.110,3.833,0.053416,0.767753,0.055368,-0.636111,img_165.jpg
23930,1280,720,631.94293,353.39117,986.8637,986.74805,2.879,-0.114,3.824,0.062328,0.770810,0.057568,-0.631389,img_166.jpg
23999,1280,720,631.94293,353.39117,986.8637,986.74805,2.886,-0.119,3.816,0.075060,0.774659,0.053319,-0.625641,img_167.jpg
24064,1280,720,631.94293,353.39117,986.8637,986.74805,2.893,-0.121,3.810,0.086076,0.772826,0.052419,-0.626564,img_168.jpg
24127,1280,720,631.94293,353.39117,986.8637,986.74805,2.897,-0.123,3.802,0.094259,0.771252,0.051412,-0.627409,img_169.jpg
24215,1280,720,631.94293,353.39117,986.8637,986.74805,2.897,-0.127,3.793,0.106232,0.776330,0.041863,-0.619899,img_170.jpg
24296,1280,720,631.94293,353.39117,986.8637,986.74805,2.891,-0.127,3.793,0.099719,0.767711,0.045086,-0.631382,img_171.jpg
24367,1280,720,631.94293,353.39117,986.8637,986.74805,2.871,-0.126,3.788,0.103441,0.764793,0.058958,-0.633179,img_172.jpg
24447,1280,720,631.94293,353.39117,986.8637,986.74805,2.846,-0.131,3.788,0.106082,0.768323,0.056392,-0.628686,img_173.jpg
24513,1280,720,631.94293,353.39117,986.8637,986.74805,2.809,-0.138,3.794,0.102219,0.776040,0.053131,-0.620073,img_174.jpg
24580,1280,720,631.94293,353.39117,986.8637,986.74805,2.755,-0.151,3.805,0.092773,0.786937,0.060830,-0.606979,img_175.jpg
24647,1280,720,631.94293,353.39117,986.8637,986.74805,2.692,-0.171,3.818,0.080186,0.805790,0.078848,-0.581425,img_176.jpg
24714,1280,720,631.94293,353.39117,986.8637,986.74805,2.624,-0.199,3.833,0.073402,0.830029,0.117185,-0.540307,img_177.jpg
24796,1280,720,631.94293,353.39117,986.8637,986.74805,2.555,-0.229,3.846,0.076339,0.853385,0.148189,-0.493910,img_178.jpg
24857,1280,720,631.94293,353.39117,986.8637,986.74805,2.488,-0.261,3.860,0.087567,0.874044,0.188342,-0.439211,img_179.jpg
24931,1280,720,631.94293,353.39117,986.8637,986.74805,2.425,-0.293,3.875,0.104768,0.886472,0.234212,-0.385143,img_180.jpg
24989,1280,720,631.94293,353.39117,986.8637,986.74805,2.362,-0.322,3.893,0.118384,0.883825,0.300913,-0.338068,img_181.jpg
25063,1280,720,631.94293,353.39117,986.8637,986.74805,2.297,-0.346,3.912,0.115903,0.876758,0.359458,-0.297745,img_182.jpg
25121,1280,720,631.94293,353.39117,986.8637,986.74805,2.228,-0.367,3.932,0.090291,0.874546,0.401079,-0.257202,img_183.jpg
25196,1280,720,631.94293,353.39117,986.8637,986.74805,2.151,-0.388,3.956,0.063026,0.872398,0.439373,-0.204698,img_184.jpg
25259,1280,720,631.94293,353.39117,986.8637,986.74805,2.151,-0.388,3.956,0.063026,0.872398,0.439373,-0.204698,img_185.jpg
25330,1280,720,631.94293,353.39117,986.8637,986.74805,2.151,-0.388,3.956,0.063026,0.872398,0.439373,-0.204698,img_186.jpg
25389,1280,720,631.94293,353.39117,986.8637,986.74805,2.151,-0.388,3.956,0.063026,0.872398,0.439373,-0.204698,img_187.jpg
25463,1280,720,631.94293,353.39117,986.8637,986.74805,2.151,-0.388,3.956,0.063026,0.872398,0.439373,-0.204698,img_188.jpg
25520,1280,720,631.94293,353.39117,986.8637,986.74805,2.151,-0.388,3.956,0.063026,0.872398,0.439373,-0.204698,img_189.jpg
25596,1280,720,631.94293,353.39117,986.8637,986.74805,2.151,-0.388,3.956,0.063026,0.872398,0.439373,-0.204698,img_190.jpg
25663,1280,720,631.94293,353.39117,986.8637,986.74805,2.151,-0.388,3.956,0.063026,0.872398,0.439373,-0.204698,img_191.jpg
25730,1280,720,631.94293,353.39117,986.8637,986.74805,2.151,-0.388,3.956,0.063026,0.872398,0.439373,-0.204698,img_192.jpg
25789,1280,720,631.94293,353.39117,986.8637,986.74805,2.151,-0.388,3.956,0.063026,0.872398,0.439373,-0.204698,img_193.jpg
25863,1280,720,631.94293,353.39117,986.8637,986.74805,2.151,-0.388,3.956,0.063026,0.872398,0.439373,-0.204698,img_194.jpg
25931,1280,720,631.94293,353.39117,986.8637,986.74805,2.151,-0.388,3.956,0.063026,0.872398,0.439373,-0.204698,img_195.jpg
25997,1280,720,631.94293,353.39117,986.8637,986.74805,2.151,-0.388,3.956,0.063026,0.872398,0.439373,-0.204698,img_196.jpg
26063,1280,720,631.94293,353.39117,986.8637,986.74805,2.151,-0.388,3.956,0.063026,0.872398,0.439373,-0.204698,img_197.jpg
26124,1280,720,631.94293,353.39117,986.8637,986.74805,2.151,-0.388,3.956,0.063026,0.872398,0.439373,-0.204698,img_198.jpg
26197,1280,720,631.94293,353.39117,986.8637,986.74805,2.151,-0.388,3.956,0.063026,0.872398,0.439373,-0.204698,img_199.jpg
26263,1280,720,631.94293,353.39117,986.8637,986.74805,2.151,-0.388,3.956,0.063026,0.872398,0.439373,-0.204698,img_200.jpg
26331,1280,720,631.94293,353.39117,986.8637,986.74805,2.151,-0.388,3.956,0.063026,0.872398,0.439373,-0.204698,img_201.jpg
26397,1280,720,631.94293,353.39117,986.8637,986.74805,2.151,-0.388,3.956,0.063026,0.872398,0.439373,-0.204698,img_202.jpg
26463,1280,720,631.94293,353.39117,986.8637,986.74805,2.151,-0.388,3.956,0.063026,0.872398,0.439373,-0.204698,img_203.jpg
26531,1280,720,631.94293,353.39117,986.8637,986.74805,2.151,-0.388,3.956,0.063026,0.872398,0.439373,-0.204698,img_204.jpg
26597,1280,720,631.94293,353.39117,986.8637,986.74805,2.151,-0.388,3.956,0.063026,0.872398,0.439373,-0.204698,img_205.jpg
26663,1280,720,631.94293,353.39117,986.8637,986.74805,2.151,-0.388,3.956,0.063026,0.872398,0.439373,-0.204698,img_206.jpg
26731,1280,720,631.94293,353.39117,986.8637,986.74805,2.151,-0.388,3.956,0.063026,0.872398,0.439373,-0.204698,img_207.jpg
26797,1280,720,631.94293,353.39117,986.8637,986.74805,2.151,-0.388,3.956,0.063026,0.872398,0.439373,-0.204698,img_208.jpg
26863,1280,720,631.94293,353.39117,986.8637,986.74805,2.151,-0.388,3.956,0.063026,0.872398,0.439373,-0.204698,img_209.jpg
26931,1280,720,631.94293,353.39117,986.8637,986.74805,2.151,-0.388,3.956,0.063026,0.872398,0.439373,-0.204698,img_210.jpg
26989,1280,720,631.94293,353.39117,986.8637,986.74805,2.151,-0.388,3.956,0.063026,0.872398,0.439373,-0.204698,img_211.jpg
27064,1280,720,631.94293,353.39117,986.8637,986.74805,2.151,-0.388,3.956,0.063026,0.872398,0.439373,-0.204698,img_212.jpg
27132,1280,720,631.94293,353.39117,986.8637,986.74805,2.151,-0.388,3.956,0.063026,0.872398,0.439373,-0.204698,img_213.jpg
27197,1280,720,631.94293,353.39117,986.8637,986.74805,2.151,-0.388,3.956,0.063026,0.872398,0.439373,-0.204698,img_214.jpg
27261,1280,720,631.94293,353.39117,986.8637,986.74805,2.151,-0.388,3.956,0.063026,0.872398,0.439373,-0.204698,img_215.jpg
27331,1280,720,631.94293,353.39117,986.8637,986.74805,2.151,-0.388,3.956,0.063026,0.872398,0.439373,-0.204698,img_216.jpg
27397,1280,720,631.94293,353.39117,986.8637,986.74805,2.151,-0.388,3.956,0.063026,0.872398,0.439373,-0.204698,img_217.jpg
27464,1280,720,631.94293,353.39117,986.8637,986.74805,2.151,-0.388,3.956,0.063026,0.872398,0.439373,-0.204698,img_218.jpg
27531,1280,720,631.94293,353.39117,986.8637,986.74805,2.151,-0.388,3.956,0.063026,0.872398,0.439373,-0.204698,img_219.jpg
27591,1280,720,631.94293,353.39117,986.8637,986.74805,2.151,-0.388,3.956,0.063026,0.872398,0.439373,-0.204698,img_220.jpg
27655,1280,720,631.94293,353.39117,986.8637,986.74805,2.151,-0.388,3.956,0.063026,0.872398,0.439373,-0.204698,img_221.jpg
27731,1280,720,631.94293,353.39117,986.8637,986.74805,2.151,-0.388,3.956,0.063026,0.872398,0.439373,-0.204698,img_222.jpg
27797,1280,720,631.94293,353.39117,986.8637,986.74805,2.151,-0.388,3.956,0.063026,0.872398,0.439373,-0.204698,img_223.jpg
27880,1280,720,631.94293,353.39117,986.8637,986.74805,2.151,-0.388,3.956,0.063026,0.872398,0.439373,-0.204698,img_224.jpg
27942,1280,720,631.94293,353.39117,986.8637,986.74805,2.151,-0.388,3.956,0.063026,0.872398,0.439373,-0.204698,img_225.jpg
28014,1280,720,631.94293,353.39117,986.8637,986.74805,2.151,-0.388,3.956,0.063026,0.872398,0.439373,-0.204698,img_226.jpg
28077,1280,720,631.94293,353.39117,986.8637,986.74805,2.151,-0.388,3.956,0.063026,0.872398,0.439373,-0.204698,img_227.jpg
28147,1280,720,631.94293,353.39117,986.8637,986.74805,2.151,-0.388,3.956,0.063026,0.872398,0.439373,-0.204698,img_228.jpg
28213,1280,720,631.94293,353.39117,986.8637,986.74805,2.151,-0.388,3.956,0.063026,0.872398,0.439373,-0.204698,img_229.jpg
28284,1280,720,631.94293,353.39117,986.8637,986.74805,2.151,-0.388,3.956,0.063026,0.872398,0.439373,-0.204698,img_230.jpg
28356,1280,720,631.94293,353.39117,986.8637,986.74805,2.151,-0.388,3.956,0.063026,0.872398,0.439373,-0.204698,img_231.jpg
28427,1280,720,631.94293,353.39117,986.8637,986.74805,2.151,-0.388,3.956,0.063026,0.872398,0.439373,-0.204698,img_232.jpg
28496,1280,720,631.94293,353.39117,986.8637,986.74805,2.151,-0.388,3.956,0.063026,0.872398,0.439373,-0.204698,img_233.jpg
28581,1280,720,631.94293,353.39117,986.8637,986.74805,2.151,-0.388,3.956,0.063026,0.872398,0.439373,-0.204698,img_234.jpg
28661,1280,720,631.94293,353.39117,986.8637,986.74805,2.151,-0.388,3.956,0.063026,0.872398,0.439373,-0.204698,img_235.jpg
28748,1280,720,631.94293,353.39117,986.8637,986.74805,2.151,-0.388,3.956,0.063026,0.872398,0.439373,-0.204698,img_236.jpg
28814,1280,720,631.94293,353.39117,986.8637,986.74805,2.151,-0.388,3.956,0.063026,0.872398,0.439373,-0.204698,img_237.jpg
28885,1280,720,631.94293,353.39117,986.8637,986.74805,2.151,-0.388,3.956,0.063026,0.872398,0.439373,-0.204698,img_238.jpg
28954,1280,720,631.94293,353.39117,986.8637,986.74805,2.151,-0.388,3.956,0.063026,0.872398,0.439373,-0.204698,img_239.jpg
29020,1280,720,631.94293,353.39117,986.8637,986.74805,2.151,-0.388,3.956,0.063026,0.872398,0.439373,-0.204698,img_240.jpg
29089,1280,720,631.94293,353.39117,986.8637,986.74805,2.151,-0.388,3.956,0.063026,0.872398,0.439373,-0.204698,img_241.jpg
29164,1280,720,631.94293,353.39117,986.8637,986.74805,2.151,-0.388,3.956,0.063026,0.872398,0.439373,-0.204698,img_242.jpg
29248,1280,720,631.94293,353.39117,986.8637,986.74805,2.151,-0.388,3.956,0.063026,0.872398,0.439373,-0.204698,img_243.jpg
29312,1280,720,631.94293,353.39117,986.8637,986.74805,2.151,-0.388,3.956,0.063026,0.872398,0.439373,-0.204698,img_244.jpg
29398,1280,720,631.94293,353.39117,986.8637,986.74805,2.151,-0.388,3.956,0.063026,0.872398,0.439373,-0.204698,img_245.jpg
29481,1280,720,631.94293,353.39117,986.8637,986.74805,2.151,-0.388,3.956,0.063026,0.872398,0.439373,-0.204698,img_246.jpg
29548,1280,720,631.94293,353.39117,986.8637,986.74805,2.151,-0.388,3.956,0.063026,0.872398,0.439373,-0.204698,img_247.jpg
29633,1280,720,631.94293,353.39117,986.8637,986.74805,2.151,-0.388,3.956,0.063026,0.872398,0.439373,-0.204698,img_248.jpg
29701,1280,720,631.94293,353.39117,986.8637,986.74805,2.151,-0.388,3.956,0.063026,0.872398,0.439373,-0.204698,img_249.jpg
29781,1280,720,631.94293,353.39117,986.8637,986.74805,2.151,-0.388,3.956,0.063026,0.872398,0.439373,-0.204698,img_250.jpg
29842,1280,720,631.94293,353.39117,986.8637,986.74805,2.151,-0.388,3.956,0.063026,0.872398,0.439373,-0.204698,img_251.jpg
29915,1280,720,631.94293,353.39117,986.8637,986.74805,2.151,-0.388,3.956,0.063026,0.872398,0.439373,-0.204698,img_252.jpg
29976,1280,720,631.94293,353.39117,986.8637,986.74805,2.151,-0.388,3.956,0.063026,0.872398,0.439373,-0.204698,img_253.jpg
30048,1280,720,631.94293,353.39117,986.8637,986.74805,2.151,-0.388,3.956,0.063026,0.872398,0.439373,-0.204698,img_254.jpg
30103,1280,720,631.94293,353.39117,986.8637,986.74805,2.151,-0.388,3.956,0.063026,0.872398,0.439373,-0.204698,img_255.jpg
30181,1280,720,631.94293,353.39117,986.8637,986.74805,2.151,-0.388,3.956,0.063026,0.872398,0.439373,-0.204698,img_256.jpg
30242,1280,720,631.94293,353.39117,986.8637,986.74805,2.151,-0.388,3.956,0.063026,0.872398,0.439373,-0.204698,img_257.jpg
30316,1280,720,631.94293,353.39117,986.8637,986.74805,2.151,-0.388,3.956,0.063026,0.872398,0.439373,-0.204698,img_258.jpg
30381,1280,720,631.94293,353.39117,986.8637,986.74805,2.151,-0.388,3.956,0.063026,0.872398,0.439373,-0.204698,img_259.jpg
30447,1280,720,631.94293,353.39117,986.8637,986.74805,2.151,-0.388,3.956,0.063026,0.872398,0.439373,-0.204698,img_260.jpg
30515,1280,720,631.94293,353.39117,986.8637,986.74805,2.151,-0.388,3.956,0.063026,0.872398,0.439373,-0.204698,img_261.jpg
30579,1280,720,631.94293,353.39117,986.8637,986.74805,2.151,-0.388,3.956,0.063026,0.872398,0.439373,-0.204698,img_262.jpg
30648,1280,720,631.94293,353.39117,986.8637,986.74805,2.151,-0.388,3.956,0.063026,0.872398,0.439373,-0.204698,img_263.jpg
30704,1280,720,631.94293,353.39117,986.8637,986.74805,2.151,-0.388,3.956,0.063026,0.872398,0.439373,-0.204698,img_264.jpg
30781,1280,720,631.94293,353.39117,986.8637,986.74805,2.151,-0.388,3.956,0.063026,0.872398,0.439373,-0.204698,img_265.jpg
30844,1280,720,631.94293,353.39117,986.8637,986.74805,2.151,-0.388,3.956,0.063026,0.872398,0.439373,-0.204698,img_266.jpg
30916,1280,720,631.94293,353.39117,986.8637,986.74805,2.151,-0.388,3.956,0.063026,0.872398,0.439373,-0.204698,img_267.jpg
30978,1280,720,631.94293,353.39117,986.8637,986.74805,2.151,-0.388,3.956,0.063026,0.872398,0.439373,-0.204698,img_268.jpg
31049,1280,720,631.94293,353.39117,986.8637,986.74805,2.151,-0.388,3.956,0.063026,0.872398,0.439373,-0.204698,img_269.jpg
31105,1280,720,631.94293,353.39117,986.8637,986.74805,2.151,-0.388,3.956,0.063026,0.872398,0.439373,-0.204698,img_270.jpg
31182,1280,720,631.94293,353.39117,986.8637,986.74805,2.151,-0.388,3.956,0.063026,0.872398,0.439373,-0.204698,img_271.jpg
31248,1280,720,631.94293,353.39117,986.8637,986.74805,2.151,-0.388,3.956,0.063026,0.872398,0.439373,-0.204698,img_272.jpg
31313,1280,720,631.94293,353.39117,986.8637,986.74805,2.151,-0.388,3.956,0.063026,0.872398,0.439373,-0.204698,img_273.jpg
31398,1280,720,631.94293,353.39117,986.8637,986.74805,2.151,-0.388,3.956,0.063026,0.872398,0.439373,-0.204698,img_274.jpg
31483,1280,720,631.94293,353.39117,986.8637,986.74805,2.151,-0.388,3.956,0.063026,0.872398,0.439373,-0.204698,img_275.jpg
31545,1280,720,631.94293,353.39117,986.8637,986.74805,2.151,-0.388,3.956,0.063026,0.872398,0.439373,-0.204698,img_276.jpg
31616,1280,720,631.94293,353.39117,986.8637,986.74805,2.482,-0.256,3.997,-0.087415,0.784154,0.356549,-0.500334,img_277.jpg
31699,1280,720,631.94293,353.39117,986.8637,986.74805,2.409,-0.350,4.202,-0.084827,0.786935,0.362574,-0.492015,img_278.jpg
31765,1280,720,631.94293,353.39117,986.8637,986.74805,2.361,-0.423,4.368,-0.082179,0.792226,0.360181,-0.485689,img_279.jpg
31850,1280,720,631.94293,353.39117,986.8637,986.74805,2.318,-0.504,4.557,-0.079981,0.794994,0.359502,-0.482022,img_280.jpg
31915,1280,720,631.94293,353.39117,986.8637,986.74805,2.251,-0.619,4.732,-0.076204,0.797151,0.356243,-0.481492,img_281.jpg
31979,1280,720,631.94293,353.39117,986.8637,986.74805,2.251,-0.619,4.732,-0.076204,0.797151,0.356243,-0.481492,img_282.jpg
32066,1280,720,631.94293,353.39117,986.8637,986.74805,2.251,-0.619,4.732,-0.076204,0.797151,0.356243,-0.481492,img_283.jpg
32133,1280,720,631.94293,353.39117,986.8637,986.74805,2.849,-0.113,3.735,0.124920,0.791378,0.085098,-0.592347,img_284.jpg
32199,1280,720,631.94293,353.39117,986.8637,986.74805,2.860,-0.121,3.716,0.133096,0.793982,0.087627,-0.586685,img_285.jpg
32282,1280,720,631.94293,353.39117,986.8637,986.74805,2.871,-0.128,3.696,0.137171,0.798631,0.076697,-0.580940,img_286.jpg
32365,1280,720,631.94293,353.39117,986.8637,986.74805,2.895,-0.139,3.673,0.131540,0.798255,0.086208,-0.581424,img_287.jpg
32449,1280,720,631.94293,353.39117,986.8637,986.74805,2.913,-0.146,3.656,0.124170,0.798782,0.086941,-0.582212,img_288.jpg
32509,1280,720,631.94293,353.39117,986.8637,986.74805,2.935,-0.153,3.642,0.116777,0.797432,0.090235,-0.585084,img_289.jpg
32582,1280,720,631.94293,353.39117,986.8637,986.74805,2.960,-0.161,3.628,0.111051,0.795184,0.091452,-0.589055,img_290.jpg
32648,1280,720,631.94293,353.39117,986.8637,986.74805,2.989,-0.168,3.611,0.107134,0.792654,0.092363,-0.593035,img_291.jpg
32716,1280,720,631.94293,353.39117,986.8637,986.74805,3.019,-0.177,3.593,0.105397,0.788140,0.090200,-0.599659,img_292.jpg
32778,1280,720,631.94293,353.39117,986.8637,986.74805,3.050,-0.184,3.575,0.102811,0.784956,0.085094,-0.605007,img_293.jpg
32849,1280,720,631.94293,353.39117,986.8637,986.74805,3.086,-0.192,3.554,0.102583,0.779390,0.087854,-0.611809,img_294.jpg
32913,1280,720,631.94293,353.39117,986.8637,986.74805,3.126,-0.203,3.532,0.103161,0.777620,0.084097,-0.614486,img_295.jpg
32982,1280,720,631.94293,353.39117,986.8637,986.74805,3.173,-0.216,3.505,0.103231,0.772864,0.088606,-0.619817,img_296.jpg
33048,1280,720,631.94293,353.39117,986.8637,986.74805,3.226,-0.229,3.468,0.105511,0.768767,0.090301,-0.624268,img_297.jpg
33112,1280,720,631.94293,353.39117,986.8637,986.74805,3.284,-0.245,3.426,0.108464,0.765761,0.088220,-0.627744,img_298.jpg
33182,1280,720,631.94293,353.39117,986.8637,986.74805,3.348,-0.260,3.380,0.109011,0.767207,0.082909,-0.626607,img_299.jpg
33250,1280,720,631.94293,353.39117,986.8637,986.74805,3.418,-0.276,3.331,0.105128,0.769025,0.083467,-0.624965,img_300.jpg
33313,1280,720,631.94293,353.39117,986.8637,986.74805,3.497,-0.296,3.281,0.102771,0.773544,0.085815,-0.619438,img_301.jpg
33383,1280,720,631.94293,353.39117,986.8637,986.74805,3.584,-0.318,3.227,0.106017,0.780500,0.084134,-0.610329,img_302.jpg
33450,1280,720,631.94293,353.39117,986.8637,986.74805,3.678,-0.341,3.166,0.111308,0.789939,0.077308,-0.598022,img_303.jpg
33513,1280,720,631.94293,353.39117,986.8637,986.74805,3.779,-0.367,3.104,0.113311,0.795583,0.075530,-0.590342,img_304.jpg
33583,1280,720,631.94293,353.39117,986.8637,986.74805,3.888,-0.396,3.039,0.113033,0.800224,0.080451,-0.583431,img_305.jpg
33651,1280,720,631.94293,353.39117,986.8637,986.74805,4.001,-0.427,2.967,0.110357,0.804090,0.083900,-0.578119,img_306.jpg
33712,1280,720,631.94293,353.39117,986.8637,986.74805,4.120,-0.462,2.891,0.111317,0.807890,0.082476,-0.572818,img_307.jpg
33783,1280,720,631.94293,353.39117,986.8637,986.74805,4.120,-0.462,2.891,0.111317,0.807890,0.082476,-0.572818,img_308.jpg
33850,1280,720,631.94293,353.39117,986.8637,986.74805,4.120,-0.462,2.891,0.111317,0.807890,0.082476,-0.572818,img_309.jpg
33914,1280,720,631.94293,353.39117,986.8637,986.74805,4.120,-0.462,2.891,0.111317,0.807890,0.082476,-0.572818,img_310.jpg
33983,1280,720,631.94293,353.39117,986.8637,986.74805,2.897,-0.140,4.226,0.064401,0.794752,0.096039,-0.595817,img_311.jpg
34051,1280,720,631.94293,353.39117,986.8637,986.74805,2.916,-0.145,4.280,0.069773,0.793842,0.090481,-0.597294,img_312.jpg
34114,1280,720,631.94293,353.39117,986.8637,986.74805,2.914,-0.142,4.237,0.053150,0.791684,0.092604,-0.601528,img_313.jpg
34183,1280,720,631.94293,353.39117,986.8637,986.74805,2.931,-0.136,4.281,0.050083,0.788873,0.086946,-0.606309,img_314.jpg
34253,1280,720,631.94293,353.39117,986.8637,986.74805,2.944,-0.134,4.317,0.047639,0.782225,0.090172,-0.614593,img_315.jpg
34334,1280,720,631.94293,353.39117,986.8637,986.74805,2.962,-0.131,4.362,0.048336,0.772184,0.091561,-0.626907,img_316.jpg
34401,1280,720,631.94293,353.39117,986.8637,986.74805,2.973,-0.128,4.396,0.048589,0.765722,0.091131,-0.634826,img_317.jpg
34484,1280,720,631.94293,353.39117,986.8637,986.74805,2.982,-0.124,4.433,0.047500,0.758082,0.092407,-0.643829,img_318.jpg
34545,1280,720,631.94293,353.39117,986.8637,986.74805,2.988,-0.121,4.470,0.049082,0.750258,0.090385,-0.653096,img_319.jpg
34618,1280,720,631.94293,353.39117,986.8637,986.74805,2.992,-0.115,4.507,0.049017,0.742057,0.090841,-0.662342,img_320.jpg
34689,1280,720,631.94293,353.39117,986.8637,986.74805,2.995,-0.106,4.545,0.047730,0.731148,0.090955,-0.674442,img_321.jpg
34757,1280,720,631.94293,353.39117,986.8637,986.74805,2.995,-0.097,4.582,0.045595,0.723613,0.088925,-0.682933,img_322.jpg
34828,1280,720,631.94293,353.39117,986.8637,986.74805,2.995,-0.087,4.621,0.044635,0.721538,0.089237,-0.685148,img_323.jpg
34898,1280,720,631.94293,353.39117,986.8637,986.74805,2.994,-0.077,4.664,0.044199,0.729631,0.085493,-0.677035,img_324.jpg
34967,1280,720,631.94293,353.39117,986.8637,986.74805,2.959,-0.046,4.723,0.039315,0.752238,0.082311,-0.652546,img_325.jpg
35051,1280,720,631.94293,353.39117,986.8637,986.74805,2.951,-0.034,4.771,0.037020,0.773716,0.084340,-0.626801,img_326.jpg
35124,1280,720,631.94293,353.39117,986.8637,986.74805,2.943,-0.022,4.817,0.037279,0.793551,0.088637,-0.600859,img_327.jpg
35201,1280,720,631.94293,353.39117,986.8637,986.74805,2.932,-0.004,4.873,0.042631,0.818777,0.088702,-0.565614,img_328.jpg
35284,1280,720,631.94293,353.39117,986.8637,986.74805,2.930,0.009,4.903,0.047227,0.831999,0.090389,-0.545322,img_329.jpg
35360,1280,720,631.94293,353.39117,986.8637,986.74805,2.933,0.032,4.936,0.049381,0.844609,0.088695,-0.525671,img_330.jpg
35452,1280,720,631.94293,353.39117,986.8637,986.74805,2.942,0.051,4.949,0.047497,0.847749,0.084776,-0.521421,img_331.jpg
35520,1280,720,631.94293,353.39117,986.8637,986.74805,2.957,0.069,4.959,0.045584,0.847434,0.082323,-0.522494,img_332.jpg
35592,1280,720,631.94293,353.39117,986.8637,986.74805,2.979,0.086,4.963,0.044570,0.842416,0.081260,-0.530797,img_333.jpg
35676,1280,720,631.94293,353.39117,986.8637,986.74805,3.023,0.113,4.952,0.043150,0.825955,0.081131,-0.556196,img_334.jpg
35751,1280,720,631.94293,353.39117,986.8637,986.74805,3.023,0.113,4.952,0.043150,0.825955,0.081131,-0.556196,img_335.jpg
35827,1280,720,631.94293,353.39117,986.8637,986.74805,3.023,0.113,4.952,0.043150,0.825955,0.081131,-0.556196,img_336.jpg
35901,1280,720,631.94293,353.39117,986.8637,986.74805,3.023,0.113,4.952,0.043150,0.825955,0.081131,-0.556196,img_337.jpg
35984,1280,720,631.94293,353.39117,986.8637,986.74805,3.023,0.113,4.952,0.043150,0.825955,0.081131,-0.556196,img_338.jpg
36059,1280,720,631.94293,353.39117,986.8637,986.74805,3.023,0.113,4.952,0.043150,0.825955,0.081131,-0.556196,img_339.jpg
36135,1280,720,631.94293,353.39117,986.8637,986.74805,3.023,0.113,4.952,0.043150,0.825955,0.081131,-0.556196,img_340.jpg
36219,1280,720,631.94293,353.39117,986.8637,986.74805,3.102,-0.175,3.976,0.084477,0.673146,0.095302,-0.728461,img_341.jpg
36294,1280,720,631.94293,353.39117,986.8637,986.74805,3.081,-0.135,3.983,0.045716,0.665217,0.097549,-0.738838,img_342.jpg
36368,1280,720,631.94293,353.39117,986.8637,986.74805,3.107,-0.150,3.940,0.051408,0.661049,0.094169,-0.742633,img_343.jpg
36451,1280,720,631.94293,353.39117,986.8637,986.74805,3.112,-0.151,3.924,0.053057,0.659311,0.093409,-0.744157,img_344.jpg
36521,1280,720,631.94293,353.39117,986.8637,986.74805,3.118,-0.154,3.915,0.058501,0.659222,0.095749,-0.743529,img_345.jpg
36592,1280,720,631.94293,353.39117,986.8637,986.74805,3.123,-0.157,3.907,0.063407,0.661754,0.095466,-0.740910,img_346.jpg
36685,1280,720,631.94293,353.39117,986.8637,986.74805,3.126,-0.157,3.903,0.064610,0.663346,0.094628,-0.739488,img_347.jpg
36756,1280,720,631.94293,353.39117,986.8637,986.74805,3.132,-0.156,3.897,0.065237,0.665069,0.095936,-0.737715,img_348.jpg
36838,1280,720,631.94293,353.39117,986.8637,986.74805,3.134,-0.156,3.890,0.067385,0.670340,0.094361,-0.732939,img_349.jpg
36919,1280,720,631.94293,353.39117,986.8637,986.74805,3.136,-0.157,3.890,0.070853,0.673550,0.094432,-0.729652,img_350.jpg
36987,1280,720,631.94293,353.39117,986.8637,986.74805,3.139,-0.157,3.892,0.073341,0.677175,0.096038,-0.725832,img_351.jpg
37066,1280,720,631.94293,353.39117,986.8637,986.74805,3.142,-0.157,3.886,0.073349,0.690781,0.093347,-0.713252,img_352.jpg
37136,1280,720,631.94293,353.39117,986.8637,986.74805,3.149,-0.155,3.897,0.076920,0.698787,0.094094,-0.704930,img_353.jpg
37220,1280,720,631.94293,353.39117,986.8637,986.74805,3.154,-0.155,3.890,0.081291,0.707619,0.092271,-0.695811,img_354.jpg
37295,1280,720,631.94293,353.39117,986.8637,986.74805,3.164,-0.155,3.879,0.089822,0.714519,0.095235,-0.687259,img_355.jpg
37386,1280,720,631.94293,353.39117,986.8637,986.74805,3.173,-0.155,3.870,0.095633,0.715368,0.097616,-0.685255,img_356.jpg
37461,1280,720,631.94293,353.39117,986.8637,986.74805,3.181,-0.156,3.850,0.101099,0.716026,0.101445,-0.683224,img_357.jpg
37536,1280,720,631.94293,353.39117,986.8637,986.74805,3.187,-0.159,3.839,0.103128,0.718828,0.102026,-0.679883,img_358.jpg
37620,1280,720,631.94293,353.39117,986.8637,986.74805,3.190,-0.162,3.826,0.104900,0.718825,0.103206,-0.679437,img_359.jpg
37692,1280,720,631.94293,353.39117,986.8637,986.74805,3.194,-0.164,3.811,0.104128,0.718820,0.105043,-0.679280,img_360.jpg
37769,1280,720,631.94293,353.39117,986.8637,986.74805,3.195,-0.164,3.803,0.103900,0.717972,0.104595,-0.680280,img_361.jpg
37853,1280,720,631.94293,353.39117,986.8637,986.74805,3.197,-0.164,3.789,0.104231,0.717543,0.104054,-0.680765,img_362.jpg,marker_10.jpg,0.34197792,0.34197792,3.835,-0.320,3.820,-0.424766,0.570104,-0.520812,-0.520812
37922,1280,720,631.94293,353.39117,986.8637,986.74805,3.197,-0.164,3.779,0.104690,0.719179,0.103500,-0.679050,img_363.jpg
37995,1280,720,631.94293,353.39117,986.8637,986.74805,3.201,-0.164,3.769,0.100941,0.724700,0.105948,-0.673347,img_364.jpg
38074,1280,720,631.94293,353.39117,986.8637,986.74805,3.202,-0.166,3.764,0.099362,0.728305,0.106561,-0.669585,img_365.jpg
38153,1280,720,631.94293,353.39117,986.8637,986.74805,3.204,-0.167,3.763,0.094652,0.736827,0.104782,-0.661172,img_366.jpg
38226,1280,720,631.94293,353.39117,986.8637,986.74805,3.206,-0.166,3.756,0.079912,0.753765,0.102166,-0.644216,img_367.jpg
38303,1280,720,631.94293,353.39117,986.8637,986.74805,3.204,-0.164,3.763,0.068556,0.759735,0.100327,-0.638778,img_368.jpg
38386,1280,720,631.94293,353.39117,986.8637,986.74805,3.203,-0.163,3.770,0.065025,0.762759,0.098703,-0.635790,img_369.jpg
38467,1280,720,631.94293,353.39117,986.8637,986.74805,3.202,-0.163,3.763,0.063402,0.762370,0.089831,-0.637733,img_370.jpg,marker_10.jpg,0.34197792,0.34197792,3.819,-0.324,3.856,-0.438123,0.552926,-0.538373,-0.538373
38554,1280,720,631.94293,353.39117,986.8637,986.74805,3.206,-0.163,3.775,0.069144,0.758748,0.097055,-0.640391,img_371.jpg
38637,1280,720,631.94293,353.39117,986.8637,986.74805,3.202,-0.163,3.782,0.067083,0.760040,0.094645,-0.639439,img_372.jpg
38720,1280,720,631.94293,353.39117,986.8637,986.74805,3.198,-0.166,3.800,0.068062,0.766758,0.098796,-0.630626,img_373.jpg
38787,1280,720,631.94293,353.39117,986.8637,986.74805,3.194,-0.163,3.834,0.064697,0.775010,0.102482,-0.620219,img_374.jpg
38865,1280,720,631.94293,353.39117,986.8637,986.74805,3.180,-0.155,3.885,0.058442,0.794680,0.088399,-0.597707,img_375.jpg
38954,1280,720,631.94293,353.39117,986.8637,986.74805,3.166,-0.150,3.925,0.054125,0.811971,0.084292,-0.575038,img_376.jpg
39025,1280,720,631.94293,353.39117,986.8637,986.74805,3.147,-0.146,3.966,0.050599,0.833392,0.079449,-0.544596,img_377.jpg
39096,1280,720,631.94293,353.39117,986.8637,986.74805,3.115,-0.140,4.027,0.048437,0.863947,0.072407,-0.495991,img_378.jpg
39187,1280,720,631.94293,353.39117,986.8637,986.74805,3.092,-0.135,4.069,0.046809,0.879585,0.076624,-0.467191,img_379.jpg
39260,1280,720,631.94293,353.39117,986.8637,986.74805,3.050,-0.131,4.126,0.040442,0.900708,0.080491,-0.424983,img_380.jpg
39354,1280,720,631.94293,353.39117,986.8637,986.74805,3.021,-0.128,4.167,0.038561,0.913335,0.078457,-0.397715,img_381.jpg
39423,1280,720,631.94293,353.39117,986.8637,986.74805,2.972,-0.126,4.217,0.037441,0.929389,0.075842,-0.359279,img_382.jpg
39505,1280,720,631.94293,353.39117,986.8637,986.74805,2.936,-0.126,4.250,0.036554,0.937255,0.079100,-0.337580,img_383.jpg
39589,1280,720,631.94293,353.39117,986.8637,986.74805,2.884,-0.124,4.294,0.034002,0.948908,0.080726,-0.303153,img_384.jpg
39671,1280,720,631.94293,353.39117,986.8637,986.74805,2.844,-0.123,4.327,0.031493,0.955923,0.078965,-0.281040,img_385.jpg
39754,1280,720,631.94293,353.39117,986.8637,986.74805,2.793,-0.121,4.363,0.031625,0.965462,0.077880,-0.246614,img_386.jpg
39838,1280,720,631.94293,353.39117,986.8637,986.74805,2.762,-0.119,4.379,0.029191,0.970754,0.080017,-0.224457,img_387.jpg
39923,1280,720,631.94293,353.39117,986.8637,986.74805,2.714,-0.117,4.406,0.026354,0.978467,0.080418,-0.188258,img_388.jpg
40005,1280,720,631.94293,353.39117,986.8637,986.74805,2.689,-0.115,4.417,0.024580,0.982929,0.081969,-0.162872,img_389.jpg
40088,1280,720,631.94293,353.39117,986.8637,986.74805,2.657,-0.117,4.430,0.022110,0.988810,0.082530,-0.122287,img_390.jpg
40171,1280,720,631.94293,353.39117,986.8637,986.74805,2.636,-0.116,4.442,0.019532,0.991388,0.085566,-0.097198,img_391.jpg
40254,1280,720,631.94293,353.39117,986.8637,986.74805,2.612,-0.113,4.444,0.022372,0.994451,0.084536,-0.058487,img_392.jpg
40339,1280,720,631.94293,353.39117,986.8637,986.74805,2.596,-0.110,4.447,0.026273,0.995946,0.080613,-0.030051,img_393.jpg
40426,1280,720,631.94293,353.39117,986.8637,986.74805,2.565,-0.109,4.455,0.020458,0.996027,0.085374,0.014928,img_394.jpg
40506,1280,720,631.94293,353.39117,986.8637,986.74805,2.540,-0.105,4.464,0.020526,0.995421,0.083078,0.042577,img_395.jpg
40588,1280,720,631.94293,353.39117,986.8637,986.74805,2.523,-0.104,4.466,0.022216,0.994839,0.075492,0.064056,img_396.jpg
40665,1280,720,631.94293,353.39117,986.8637,986.74805,2.495,-0.101,4.469,0.017165,0.993782,0.071354,0.083733,img_397.jpg
40755,1280,720,631.94293,353.39117,986.8637,986.74805,2.465,-0.101,4.478,0.006399,0.993003,0.072111,0.093292,img_398.jpg
40842,1280,720,631.94293,353.39117,986.8637,986.74805,2.447,-0.102,4.484,0.011922,0.992145,0.073272,0.100689,img_399.jpg
40922,1280,720,631.94293,353.39117,986.8637,986.74805,2.433,-0.104,4.493,0.014236,0.991836,0.074803,0.102288,img_400.jpg
40997,1280,720,631.94293,353.39117,986.8637,986.74805,2.414,-0.108,4.503,0.009269,0.992555,0.073625,0.096583,img_401.jpg
41072,1280,720,631.94293,353.39117,986.8637,986.74805,2.404,-0.109,4.509,0.004643,0.992981,0.074821,0.091481,img_402.jpg
41150,1280,720,631.94293,353.39117,986.8637,986.74805,2.395,-0.111,4.515,0.002418,0.993426,0.075758,0.085786,img_403.jpg
41239,1280,720,631.94293,353.39117,986.8637,986.74805,2.382,-0.116,4.530,0.007200,0.994095,0.074507,0.078565,img_404.jpg
41324,1280,720,631.94293,353.39117,986.8637,986.74805,2.372,-0.121,4.538,0.007422,0.994077,0.079773,0.073430,img_405.jpg
41400,1280,720,631.94293,353.39117,986.8637,986.74805,2.360,-0.129,4.550,0.008399,0.994037,0.085443,0.067231,img_406.jpg,marker_11.jpg,0.27522996,0.27522996,2.309,-0.277,5.079,0.053059,0.702804,-0.708828,-0.708828
41489,1280,720,631.94293,353.39117,986.8637,986.74805,2.352,-0.135,4.556,0.010163,0.993808,0.088686,0.066167,img_407.jpg
41566,1280,720,631.94293,353.39117,986.8637,986.74805,2.346,-0.141,4.560,0.006266,0.993661,0.096194,0.057832,img_408.jpg
41656,1280,720,631.94293,353.39117,986.8637,986.74805,2.342,-0.143,4.560,0.004291,0.993851,0.094800,0.057053,img_409.jpg
41733,1280,720,631.94293,353.39117,986.8637,986.74805,2.342,-0.144,4.555,0.005546,0.994349,0.091167,0.054113,img_410.jpg
41822,1280,720,631.94293,353.39117,986.8637,986.74805,2.336,-0.143,4.546,0.009449,0.994787,0.087353,0.051756,img_411.jpg
41907,1280,720,631.94293,353.39117,986.8637,986.74805,2.328,-0.143,4.537,0.012914,0.994849,0.088149,0.048367,img_412.jpg
41988,1280,720,631.94293,353.39117,986.8637,986.74805,2.314,-0.141,4.513,0.017238,0.995423,0.084860,0.040435,img_413.jpg
42073,1280,720,631.94293,353.39117,986.8637,986.74805,2.299,-0.138,4.487,0.017873,0.995934,0.081005,0.035137,img_414.jpg,marker_11.jpg,0.27683902,0.27683902,2.306,-0.276,5.078,0.075173,0.690094,-0.718442,-0.718442
42146,1280,720,631.94293,353.39117,986.8637,986.74805,2.282,-0.137,4.456,0.019173,0.996304,0.077522,0.031636,img_415.jpg
42215,1280,720,631.94293,353.39117,986.8637,986.74805,2.258,-0.135,4.421,0.019003,0.996229,0.077590,0.033860,img_416.jpg
42286,1280,720,631.94293,353.39117,986.8637,986.74805,2.231,-0.134,4.386,0.024332,0.995873,0.079869,0.035581,img_417.jpg
42370,1280,720,631.94293,353.39117,986.8637,986.74805,2.186,-0.134,4.338,0.039553,0.994163,0.087803,0.048643,img_418.jpg
42455,1280,720,631.94293,353.39117,986.8637,986.74805,2.136,-0.132,4.294,0.050168,0.992135,0.096311,0.062250,img_419.jpg
42539,1280,720,631.94293,353.39117,986.8637,986.74805,2.098,-0.131,4.267,0.051215,0.991228,0.101908,0.066775,img_420.jpg
42623,1280,720,631.94293,353.39117,986.8637,986.74805,2.057,-0.131,4.239,0.055305,0.990692,0.100187,0.073714,img_421.jpg
42688,1280,720,631.94293,353.39117,986.8637,986.74805,2.027,-0.176,4.230,0.055156,0.989079,0.100028,0.093139,img_422.jpg,marker_10.jpg,0.34197792,0.34197792,3.832,-0.341,3.873,-0.448712,0.557099,-0.525757,-0.525757,marker_11.jpg,0.27683902,0.27683902,2.300,-0.310,5.126,0.065986,0.693208,-0.716555,-0.716555
42773,1280,720,631.94293,353.39117,986.8637,986.74805,1.951,-0.148,4.231,0.055555,0.988373,0.117157,0.079417,img_423.jpg
42840,1280,720,631.94293,353.39117,986.8637,986.74805,1.903,-0.150,4.210,0.057250,0.988976,0.111881,0.078302,img_424.jpg
42907,1280,720,631.94293,353.39117,986.8637,986.74805,1.851,-0.151,4.196,0.057480,0.988824,0.116799,0.072670,img_425.jpg
42990,1280,720,631.94293,353.39117,986.8637,986.74805,1.772,-0.152,4.171,0.063671,0.986755,0.138735,0.054888,img_426.jpg
43073,1280,720,631.94293,353.39117,986.8637,986.74805,1.718,-0.149,4.151,0.083081,0.984866,0.137356,0.065350,img_427.jpg
43145,1280,720,631.94293,353.39117,986.8637,986.74805,1.659,-0.142,4.129,0.088423,0.982796,0.141748,0.078747,img_428.jpg
43219,1280,720,631.94293,353.39117,986.8637,986.74805,1.563,-0.127,4.095,0.075843,0.980831,0.147587,0.102157,img_429.jpg
43308,1280,720,631.94293,353.39117,986.8637,986.74805,1.503,-0.118,4.069,0.075315,0.979774,0.142582,0.118497,img_430.jpg
43383,1280,720,631.94293,353.39117,986.8637,986.74805,1.412,-0.105,4.020,0.058404,0.978484,0.133957,0.145651,img_431.jpg
43473,1280,720,631.94293,353.39117,986.8637,986.74805,1.356,-0.101,3.984,0.050522,0.976553,0.126441,0.166745,img_432.jpg
43549,1280,720,631.94293,353.39117,986.8637,986.74805,1.304,-0.095,3.950,0.047997,0.974369,0.122415,0.182525,img_433.jpg
43621,1280,720,631.94293,353.39117,986.8637,986.74805,1.233,-0.092,3.899,0.038837,0.974455,0.119333,0.186251,img_434.jpg
43708,1280,720,631.94293,353.39117,986.8637,986.74805,1.186,-0.092,3.864,0.047711,0.971191,0.120755,0.199827,img_435.jpg
43781,1280,720,631.94293,353.39117,986.8637,986.74805,1.145,-0.086,3.831,0.065670,0.968145,0.116578,0.211641,img_436.jpg
43858,1280,720,631.94293,353.39117,986.8637,986.74805,1.077,-0.072,3.781,0.072868,0.964096,0.108654,0.231093,img_437.jpg
43939,1280,720,631.94293,353.39117,986.8637,986.74805,1.039,-0.057,3.755,0.070440,0.964550,0.106002,0.231182,img_438.jpg
44012,1280,720,631.94293,353.39117,986.8637,986.74805,1.001,-0.044,3.732,0.070871,0.965031,0.093462,0.234429,img_439.jpg
44086,1280,720,631.94293,353.39117,986.8637,986.74805,0.957,-0.030,3.718,0.059620,0.967499,0.091512,0.228074,img_440.jpg
44174,1280,720,631.94293,353.39117,986.8637,986.74805,0.927,-0.028,3.707,0.058319,0.969051,0.085960,0.223940,img_441.jpg
44240,1280,720,631.94293,353.39117,986.8637,986.74805,0.901,-0.026,3.698,0.053909,0.972061,0.084391,0.212297,img_442.jpg
44325,1280,720,631.94293,353.39117,986.8637,986.74805,0.854,-0.024,3.688,0.050645,0.976632,0.082179,0.192021,img_443.jpg
44408,1280,720,631.94293,353.39117,986.8637,986.74805,0.817,-0.029,3.681,0.046919,0.980157,0.089118,0.170732,img_444.jpg
44491,1280,720,631.94293,353.39117,986.8637,986.74805,0.779,-0.031,3.662,0.047227,0.982870,0.086565,0.155698,img_445.jpg,marker_12.jpg,0.28373155,0.28373155,0.491,-0.168,4.255,0.126536,0.710507,-0.690702,-0.690702
44572,1280,720,631.94293,353.39117,986.8637,986.74805,0.737,-0.030,3.648,0.048949,0.985436,0.089614,0.135973,img_446.jpg
44643,1280,720,631.94293,353.39117,986.8637,986.74805,0.714,-0.024,3.637,0.051796,0.986984,0.088653,0.123776,img_447.jpg
44723,1280,720,631.94293,353.39117,986.8637,986.74805,0.687,-0.014,3.627,0.054982,0.988338,0.087993,0.111452,img_448.jpg
44808,1280,720,631.94293,353.39117,986.8637,986.74805,0.675,-0.012,3.627,0.050980,0.988778,0.094208,0.104137,img_449.jpg
44873,1280,720,631.94293,353.39117,986.8637,986.74805,0.662,-0.011,3.627,0.049045,0.988544,0.093741,0.107650,img_450.jpg
44943,1280,720,631.94293,353.39117,986.8637,986.74805,0.647,-0.013,3.631,0.040285,0.988033,0.102206,0.108271,img_451.jpg
45012,1280,720,631.94293,353.39117,986.8637,986.74805,0.639,-0.016,3.638,0.040120,0.987924,0.112848,0.098291,img_452.jpg
45081,1280,720,631.94293,353.39117,986.8637,986.74805,0.638,-0.022,3.642,0.047456,0.987659,0.111719,0.098975,img_453.jpg,marker_12.jpg,0.28774583,0.28774583,0.494,-0.171,4.251,0.113793,0.712043,-0.691503,-0.691503
45158,1280,720,631.94293,353.39117,986.8637,986.74805,0.639,-0.028,3.651,0.039988,0.986575,0.122215,0.100665,img_454.jpg
45242,1280,720,631.94293,353.39117,986.8637,986.74805,0.634,-0.030,3.658,0.036518,0.986746,0.124258,0.097765,img_455.jpg
45307,1280,720,631.94293,353.39117,986.8637,986.74805,0.635,-0.032,3.666,0.039305,0.984739,0.137422,0.099294,img_456.jpg
45381,1280,720,631.94293,353.39117,986.8637,986.74805,0.635,-0.031,3.670,0.037593,0.985608,0.130601,0.100537,img_457.jpg
45450,1280,720,631.94293,353.39117,986.8637,986.74805,0.635,-0.029,3.676,0.037168,0.985649,0.126963,0.104855,img_458.jpg
45526,1280,720,631.94293,353.39117,986.8637,986.74805,0.636,-0.030,3.681,0.037430,0.984804,0.125983,0.113527,img_459.jpg
45608,1280,720,631.94293,353.39117,986.8637,986.74805,0.636,-0.032,3.685,0.037566,0.984172,0.125841,0.118986,img_460.jpg
45675,1280,720,631.94293,353.39117,986.8637,986.74805,0.636,-0.034,3.691,0.037765,0.983725,0.129667,0.118513,img_461.jpg,marker_12.jpg,0.28628168,0.28628168,0.497,-0.170,4.248,0.113444,0.712205,-0.691784,-0.691784
45761,1280,720,631.94293,353.39117,986.8637,986.74805,0.641,-0.037,3.702,0.037799,0.984213,0.133800,0.109514,img_462.jpg
