time,sizeX,sizeY,p_x,p_y,f_x,f_y,pos_X,pos_Y,pos_Z,q_x,q_y,q_z,q_w,marker_ID,marker_x,marker_y,marker_z,marker_qx,marker_qy,marker_qz,marker_qw,marker_ID,marker_x,marker_y,marker_z,marker_qx,marker_qy,marker_qz,marker_qw,marker_ID,marker_x,marker_y,marker_z,marker_qx,marker_qy,marker_qz,marker_qw,
12206,1280,720,631.94293,353.39117,986.8637,986.74805,0.403,-0.072,1.014,0.106627,0.021000,-0.001934,-0.994075,img_1.jpg
12301,1280,720,631.94293,353.39117,986.8637,986.74805,0.401,-0.073,1.015,0.108229,0.022673,-0.000443,-0.993867,img_2.jpg
12400,1280,720,631.94293,353.39117,986.8637,986.74805,0.401,-0.072,1.016,0.107669,0.025579,0.001623,-0.993856,img_3.jpg
12475,1280,720,631.94293,353.39117,986.8637,986.74805,0.399,-0.072,1.016,0.107299,0.028344,0.001622,-0.993821,img_4.jpg
12568,1280,720,631.94293,353.39117,986.8637,986.74805,0.396,-0.071,1.018,0.102830,0.036614,0.000055,-0.994025,img_5.jpg
12641,1280,720,631.94293,353.39117,986.8637,986.74805,0.394,-0.071,1.019,0.100056,0.040905,-0.000226,-0.994141,img_6.jpg
12721,1280,720,631.94293,353.39117,986.8637,986.74805,0.391,-0.072,1.019,0.098359,0.043672,-0.000353,-0.994192,img_7.jpg
12793,1280,720,631.94293,353.39117,986.8637,986.74805,0.388,-0.073,1.020,0.097664,0.039282,0.002245,-0.994441,img_8.jpg,marker_1.jpg,0.26677933,0.26677933,0.423,-0.164,0.413,-0.703681,0.002209,0.002149,0.002149
12868,1280,720,631.94293,353.39117,986.8637,986.74805,0.387,-0.075,1.020,0.098606,0.042007,0.003907,-0.994232,img_9.jpg
12951,1280,720,631.94293,353.39117,986.8637,986.74805,0.387,-0.078,1.019,0.099518,0.051203,0.002000,-0.993715,img_10.jpg
13020,1280,720,631.94293,353.39117,986.8637,986.74805,0.394,-0.083,1.020,0.101934,0.067746,0.002130,-0.992479,img_11.jpg
13101,1280,720,631.94293,353.39117,986.8637,986.74805,0.401,-0.084,1.026,0.099990,0.070544,0.005514,-0.992469,img_12.jpg
13185,1280,720,631.94293,353.39117,986.8637,986.74805,0.413,-0.084,1.035,0.095956,0.075938,0.011402,-0.992419,img_13.jpg
13257,1280,720,631.94293,353.39117,986.8637,986.74805,0.437,-0.084,1.052,0.088921,0.091909,0.014041,-0.991690,img_14.jpg
13351,1280,720,631.94293,353.39117,986.8637,986.74805,0.457,-0.085,1.064,0.086296,0.114624,0.012152,-0.989579,img_15.jpg
13429,1280,720,631.94293,353.39117,986.8637,986.74805,0.470,-0.066,1.091,0.087727,0.102934,0.011614,-0.990744,img_16.jpg,marker_1.jpg,0.2667793,0.2667793,0.361,-0.147,0.424,-0.703278,-0.017989,0.018083,0.018083
13517,1280,720,631.94293,353.39117,986.8637,986.74805,0.499,-0.069,1.110,0.085090,0.102085,0.013369,-0.991040,img_17.jpg
13589,1280,720,631.94293,353.39117,986.8637,986.74805,0.527,-0.074,1.134,0.080194,0.108575,0.013852,-0.990752,img_18.jpg
13665,1280,720,631.94293,353.39117,986.8637,986.74805,0.580,-0.075,1.167,0.083792,0.126181,0.017488,-0.988307,img_19.jpg
13751,1280,720,631.94293,353.39117,986.8637,986.74805,0.636,-0.077,1.202,0.089135,0.146652,0.021379,-0.984932,img_20.jpg
13835,1280,720,631.94293,353.39117,986.8637,986.74805,0.673,-0.078,1.223,0.095157,0.160307,0.016561,-0.982330,img_21.jpg
13918,1280,720,631.94293,353.39117,986.8637,986.74805,0.710,-0.078,1.241,0.094198,0.177041,0.011930,-0.979613,img_22.jpg
13991,1280,720,631.94293,353.39117,986.8637,986.74805,0.771,-0.075,1.263,0.092137,0.215120,0.017118,-0.972081,img_23.jpg
14069,1280,720,631.94293,353.39117,986.8637,986.74805,0.817,-0.073,1.271,0.094637,0.235395,0.028043,-0.966875,img_24.jpg
14152,1280,720,631.94293,353.39117,986.8637,986.74805,0.860,-0.071,1.280,0.088196,0.260710,0.030682,-0.960891,img_25.jpg
14227,1280,720,631.94293,353.39117,986.8637,986.74805,0.925,-0.069,1.288,0.084514,0.286300,0.040256,-0.953556,img_26.jpg
14301,1280,720,631.94293,353.39117,986.8637,986.74805,0.969,-0.070,1.290,0.079258,0.305263,0.040530,-0.948098,img_27.jpg
14387,1280,720,631.94293,353.39117,986.8637,986.74805,1.016,-0.070,1.292,0.078000,0.316859,0.042944,-0.944284,img_28.jpg
14463,1280,720,631.94293,353.39117,986.8637,986.74805,1.084,-0.069,1.284,0.074075,0.333306,0.031839,-0.939365,img_29.jpg
14552,1280,720,631.94293,353.39117,986.8637,986.74805,1.154,-0.064,1.276,0.076110,0.352295,0.030184,-0.932301,img_30.jpg
14636,1280,720,631.94293,353.39117,986.8637,986.74805,1.200,-0.060,1.269,0.083242,0.362493,0.038744,-0.927453,img_31.jpg
14719,1280,720,631.94293,353.39117,986.8637,986.74805,1.261,-0.053,1.264,0.070843,0.381002,0.035546,-0.921171,img_32.jpg
14803,1280,720,631.94293,353.39117,986.8637,986.74805,1.299,-0.049,1.261,0.067769,0.387389,0.045113,-0.918315,img_33.jpg
14869,1280,720,631.94293,353.39117,986.8637,986.74805,1.344,-0.049,1.256,0.064192,0.399533,0.046427,-0.913290,img_34.jpg
14938,1280,720,631.94293,353.39117,986.8637,986.74805,1.391,-0.049,1.252,0.061188,0.407531,0.052349,-0.909634,img_35.jpg
15021,1280,720,631.94293,353.39117,986.8637,986.74805,1.463,-0.052,1.246,0.060369,0.419619,0.055779,-0.903971,img_36.jpg
15103,1280,720,631.94293,353.39117,986.8637,986.74805,1.516,-0.055,1.239,0.054911,0.427773,0.050036,-0.900828,img_37.jpg
15189,1280,720,631.94293,353.39117,986.8637,986.74805,1.600,-0.052,1.237,0.040413,0.439361,0.046926,-0.896173,img_38.jpg
15269,1280,720,631.94293,353.39117,986.8637,986.74805,1.654,-0.048,1.236,0.032014,0.441654,0.052310,-0.895087,img_39.jpg
15339,1280,720,631.94293,353.39117,986.8637,986.74805,1.710,-0.041,1.233,0.029831,0.443621,0.054487,-0.894059,img_40.jpg
15412,1280,720,631.94293,353.39117,986.8637,986.74805,1.762,-0.034,1.229,0.028962,0.451209,0.049595,-0.890568,img_41.jpg
15477,1280,720,631.94293,353.39117,986.8637,986.74805,1.811,-0.027,1.223,0.023860,0.458490,0.040228,-0.887468,img_42.jpg
15553,1280,720,631.94293,353.39117,986.8637,986.74805,1.885,-0.021,1.210,0.027573,0.476773,0.042207,-0.877580,img_43.jpg
15636,1280,720,631.94293,353.39117,986.8637,986.74805,1.933,-0.019,1.202,0.030205,0.486911,0.048053,-0.871605,img_44.jpg
15720,1280,720,631.94293,353.39117,986.8637,986.74805,1.995,-0.021,1.189,0.034509,0.505276,0.049699,-0.860834,img_45.jpg
15802,1280,720,631.94293,353.39117,986.8637,986.74805,2.039,-0.025,1.176,0.036488,0.518544,0.045978,-0.853034,img_46.jpg
15874,1280,720,631.94293,353.39117,986.8637,986.74805,2.083,-0.029,1.162,0.037926,0.527405,0.048809,-0.847362,img_47.jpg
15943,1280,720,631.94293,353.39117,986.8637,986.74805,2.135,-0.031,1.143,0.040524,0.536935,0.051082,-0.841100,img_48.jpg
16026,1280,720,631.94293,353.39117,986.8637,986.74805,2.200,-0.030,1.112,0.035005,0.551213,0.043216,-0.832509,img_49.jpg
16103,1280,720,631.94293,353.39117,986.8637,986.74805,2.250,-0.029,1.090,0.037077,0.564637,0.043774,-0.823343,img_50.jpg
16174,1280,720,631.94293,353.39117,986.8637,986.74805,2.293,-0.024,1.069,0.042087,0.576597,0.046143,-0.814638,img_51.jpg
16249,1280,720,631.94293,353.39117,986.8637,986.74805,2.328,-0.018,1.055,0.033664,0.587785,0.041299,-0.807261,img_52.jpg
16320,1280,720,631.94293,353.39117,986.8637,986.74805,2.386,-0.017,1.036,0.036411,0.604538,0.048125,-0.794287,img_53.jpg
16404,1280,720,631.94293,353.39117,986.8637,986.74805,2.426,-0.017,1.023,0.036379,0.616767,0.048580,-0.784802,img_54.jpg
16468,1280,720,631.94293,353.39117,986.8637,986.74805,2.461,-0.017,1.013,0.032438,0.627023,0.047684,-0.776863,img_55.jpg
16535,1280,720,631.94293,353.39117,986.8637,986.74805,2.500,-0.018,1.001,0.031980,0.636242,0.047357,-0.769371,img_56.jpg
16619,1280,720,631.94293,353.39117,986.8637,986.74805,2.541,-0.020,0.988,0.029386,0.643340,0.047885,-0.763516,img_57.jpg
16683,1280,720,631.94293,353.39117,986.8637,986.74805,2.601,-0.022,0.968,0.023606,0.646029,0.048901,-0.761379,img_58.jpg
16770,1280,720,631.94293,353.39117,986.8637,986.74805,2.637,-0.022,0.955,0.019494,0.646637,0.048907,-0.760979,img_59.jpg
16854,1280,720,631.94293,353.39117,986.8637,986.74805,2.674,-0.021,0.945,0.017022,0.648888,0.054791,-0.758718,img_60.jpg
16925,1280,720,631.94293,353.39117,986.8637,986.74805,2.710,-0.020,0.935,0.018089,0.649730,0.061094,-0.757490,img_61.jpg
17002,1280,720,631.94293,353.39117,986.8637,986.74805,2.757,-0.021,0.919,0.020926,0.658141,0.061413,-0.750094,img_62.jpg
17087,1280,720,631.94293,353.39117,986.8637,986.74805,2.801,-0.022,0.903,0.031316,0.663615,0.076716,-0.743471,img_63.jpg
17172,1280,720,631.94293,353.39117,986.8637,986.74805,2.826,-0.025,0.890,0.037517,0.670384,0.072888,-0.737472,img_64.jpg
17248,1280,720,631.94293,353.39117,986.8637,986.74805,2.848,-0.028,0.875,0.044284,0.673791,0.072976,-0.733975,img_65.jpg,marker_3.jpg,0.27032238,0.27032238,3.492,-0.115,0.817,-0.491213,0.529918,-0.500182,-0.500182
17325,1280,720,631.94293,353.39117,986.8637,986.74805,2.873,-0.034,0.852,0.051435,0.682325,0.077068,-0.725153,img_66.jpg
17404,1280,720,631.94293,353.39117,986.8637,986.74805,2.888,-0.036,0.838,0.054005,0.687910,0.082582,-0.719057,img_67.jpg
17488,1280,720,631.94293,353.39117,986.8637,986.74805,2.911,-0.035,0.819,0.058692,0.691710,0.087094,-0.714498,img_68.jpg
17572,1280,720,631.94293,353.39117,986.8637,986.74805,2.924,-0.033,0.810,0.060461,0.694875,0.088561,-0.711091,img_69.jpg,marker_3.jpg,0.2686872,0.2686872,3.490,-0.115,0.816,-0.505547,0.518447,-0.491633,-0.491633
17651,1280,720,631.94293,353.39117,986.8637,986.74805,2.938,-0.033,0.802,0.065936,0.704753,0.081471,-0.701668,img_70.jpg
17738,1280,720,631.94293,353.39117,986.8637,986.74805,2.943,-0.033,0.801,0.068223,0.708568,0.075227,-0.698297,img_71.jpg
17810,1280,720,631.94293,353.39117,986.8637,986.74805,2.949,-0.033,0.804,0.067241,0.707937,0.077388,-0.698796,img_72.jpg
17883,1280,720,631.94293,353.39117,986.8637,986.74805,2.953,-0.032,0.811,0.062111,0.708449,0.075227,-0.698987,img_73.jpg
17955,1280,720,631.94293,353.39117,986.8637,986.74805,2.958,-0.028,0.831,0.047117,0.699164,0.079868,-0.708922,img_74.jpg
18038,1280,720,631.94293,353.39117,986.8637,986.74805,2.958,-0.025,0.852,0.034767,0.684404,0.084224,-0.723387,img_75.jpg
18106,1280,720,631.94293,353.39117,986.8637,986.74805,2.955,-0.025,0.879,0.028085,0.684758,0.080539,-0.723762,img_76.jpg
18182,1280,720,631.94293,353.39117,986.8637,986.74805,2.953,-0.028,0.915,0.025637,0.683534,0.080020,-0.725066,img_77.jpg,marker_3.jpg,0.27670765,0.27670765,3.498,-0.118,0.816,-0.499380,0.519853,-0.496582,-0.496582
18254,1280,720,631.94293,353.39117,986.8637,986.74805,2.947,-0.030,0.980,0.017879,0.672333,0.085765,-0.735046,img_78.jpg
18338,1280,720,631.94293,353.39117,986.8637,986.74805,2.941,-0.029,1.024,0.019787,0.669195,0.082668,-0.738209,img_79.jpg
18413,1280,720,631.94293,353.39117,986.8637,986.74805,2.934,-0.025,1.069,0.024862,0.671553,0.083521,-0.735814,img_80.jpg
18488,1280,720,631.94293,353.39117,986.8637,986.74805,2.914,-0.021,1.140,0.022806,0.671645,0.084291,-0.735709,img_81.jpg
18571,1280,720,631.94293,353.39117,986.8637,986.74805,2.902,-0.021,1.185,0.024351,0.677804,0.079311,-0.730547,img_82.jpg
18655,1280,720,631.94293,353.39117,986.8637,986.74805,2.895,-0.023,1.251,0.028954,0.690993,0.078769,-0.717974,img_83.jpg
18738,1280,720,631.94293,353.39117,986.8637,986.74805,2.894,-0.026,1.296,0.032385,0.698435,0.089418,-0.709327,img_84.jpg
18816,1280,720,631.94293,353.39117,986.8637,986.74805,2.896,-0.034,1.359,0.043749,0.701818,0.100733,-0.703840,img_85.jpg
18887,1280,720,631.94293,353.39117,986.8637,986.74805,2.897,-0.037,1.401,0.044500,0.712367,0.094189,-0.694033,img_86.jpg
18973,1280,720,631.94293,353.39117,986.8637,986.74805,2.901,-0.039,1.447,0.041514,0.720073,0.095943,-0.685978,img_87.jpg
19047,1280,720,631.94293,353.39117,986.8637,986.74805,2.911,-0.042,1.520,0.040025,0.733086,0.094612,-0.672333,img_88.jpg
19138,1280,720,631.94293,353.39117,986.8637,986.74805,2.922,-0.042,1.570,0.040818,0.736823,0.096430,-0.667928,img_89.jpg
19215,1280,720,631.94293,353.39117,986.8637,986.74805,2.934,-0.041,1.620,0.044507,0.745885,0.087175,-0.658843,img_90.jpg
19291,1280,720,631.94293,353.39117,986.8637,986.74805,2.953,-0.037,1.695,0.052193,0.752045,0.092831,-0.650451,img_91.jpg
19373,1280,720,631.94293,353.39117,986.8637,986.74805,2.960,-0.031,1.746,0.052025,0.759730,0.091351,-0.641685,img_92.jpg
19439,1280,720,631.94293,353.39117,986.8637,986.74805,2.964,-0.026,1.797,0.044589,0.770886,0.092497,-0.628642,img_93.jpg
19510,1280,720,631.94293,353.39117,986.8637,986.74805,2.967,-0.024,1.848,0.038753,0.777670,0.098961,-0.619625,img_94.jpg
19577,1280,720,631.94293,353.39117,986.8637,986.74805,2.970,-0.024,1.897,0.034664,0.785088,0.098686,-0.610488,img_95.jpg
19645,1280,720,631.94293,353.39117,986.8637,986.74805,2.971,-0.028,1.947,0.027880,0.788673,0.103484,-0.605400,img_96.jpg
19715,1280,720,631.94293,353.39117,986.8637,986.74805,2.969,-0.035,2.029,0.023174,0.793226,0.102235,-0.599836,img_97.jpg
19805,1280,720,631.94293,353.39117,986.8637,986.74805,2.963,-0.040,2.086,0.024907,0.801762,0.090335,-0.590252,img_98.jpg
19872,1280,720,631.94293,353.39117,986.8637,986.74805,2.955,-0.042,2.147,0.026347,0.805023,0.090246,-0.585747,img_99.jpg
19958,1280,720,631.94293,353.39117,986.8637,986.74805,2.935,-0.038,2.239,0.026470,0.806713,0.073794,-0.585720,img_100.jpg
20039,1280,720,631.94293,353.39117,986.8637,986.74805,2.925,-0.032,2.296,0.029557,0.805575,0.079494,-0.586393,img_101.jpg
20100,1280,720,631.94293,353.39117,986.8637,986.74805,2.916,-0.026,2.354,0.035002,0.809757,0.074355,-0.580982,img_102.jpg
20173,1280,720,631.94293,353.39117,986.8637,986.74805,2.907,-0.022,2.413,0.033935,0.811928,0.072921,-0.578190,img_103.jpg
20242,1280,720,631.94293,353.39117,986.8637,986.74805,2.903,-0.020,2.465,0.032105,0.813520,0.080091,-0.575100,img_104.jpg
20307,1280,720,631.94293,353.39117,986.8637,986.74805,2.900,-0.020,2.515,0.030738,0.813579,0.077429,-0.575456,img_105.jpg
20375,1280,720,631.94293,353.39117,986.8637,986.74805,2.898,-0.022,2.562,0.030225,0.814424,0.078258,-0.574174,img_106.jpg
20444,1280,720,631.94293,353.39117,986.8637,986.74805,2.900,-0.028,2.615,0.028522,0.815203,0.080601,-0.572830,img_107.jpg
20516,1280,720,631.94293,353.39117,986.8637,986.74805,2.909,-0.036,2.692,0.034537,0.816200,0.078516,-0.571366,img_108.jpg
20588,1280,720,631.94293,353.39117,986.8637,986.74805,2.919,-0.042,2.741,0.047309,0.815700,0.067532,-0.572569,img_109.jpg
20656,1280,720,631.94293,353.39117,986.8637,986.74805,2.931,-0.046,2.791,0.057121,0.815799,0.051371,-0.573210,img_110.jpg
20740,1280,720,631.94293,353.39117,986.8637,986.74805,2.947,-0.046,2.846,0.061910,0.812133,0.061192,-0.576943,img_111.jpg
20801,1280,720,631.94293,353.39117,986.8637,986.74805,2.962,-0.045,2.903,0.070504,0.815994,0.064322,-0.570127,img_112.jpg
20874,1280,720,631.94293,353.39117,986.8637,986.74805,2.969,-0.042,2.965,0.063267,0.821259,0.067374,-0.563020,img_113.jpg
20943,1280,720,631.94293,353.39117,986.8637,986.74805,2.977,-0.039,3.028,0.054071,0.823728,0.077651,-0.559034,img_114.jpg
21007,1280,720,631.94293,353.39117,986.8637,986.74805,2.986,-0.040,3.078,0.053268,0.824093,0.075435,-0.558877,img_115.jpg
21079,1280,720,631.94293,353.39117,986.8637,986.74805,2.993,-0.043,3.122,0.049371,0.818248,0.079941,-0.567135,img_116.jpg
21151,1280,720,631.94293,353.39117,986.8637,986.74805,3.003,-0.047,3.164,0.044865,0.809235,0.081859,-0.580022,img_117.jpg
21217,1280,720,631.94293,353.39117,986.8637,986.74805,3.016,-0.051,3.219,0.044642,0.797743,0.073934,-0.596781,img_118.jpg
21307,1280,720,631.94293,353.39117,986.8637,986.74805,3.025,-0.054,3.259,0.045327,0.789592,0.067378,-0.608235,img_119.jpg
21373,1280,720,631.94293,353.39117,986.8637,986.74805,3.035,-0.051,3.302,0.043981,0.781208,0.060409,-0.619783,img_120.jpg
21441,1280,720,631.94293,353.39117,986.8637,986.74805,3.046,-0.045,3.340,0.043240,0.777866,0.056374,-0.624402,img_121.jpg
21513,1280,720,631.94293,353.39117,986.8637,986.74805,3.062,-0.035,3.387,0.035531,0.765781,0.041315,-0.640789,img_122.jpg
21590,1280,720,631.94293,353.39117,986.8637,986.74805,3.075,-0.029,3.417,0.032387,0.762552,0.042805,-0.644697,img_123.jpg
21674,1280,720,631.94293,353.39117,986.8637,986.74805,3.094,-0.026,3.446,0.030954,0.759274,0.050466,-0.648072,img_124.jpg
21742,1280,720,631.94293,353.39117,986.8637,986.74805,3.114,-0.028,3.470,0.033332,0.755185,0.054114,-0.652423,img_125.jpg
21810,1280,720,631.94293,353.39117,986.8637,986.74805,3.136,-0.032,3.482,0.037314,0.754091,0.044365,-0.654206,img_126.jpg
21878,1280,720,631.94293,353.39117,986.8637,986.74805,3.158,-0.033,3.495,0.035898,0.750321,0.047098,-0.658416,img_127.jpg
21947,1280,720,631.94293,353.39117,986.8637,986.74805,3.196,-0.033,3.510,0.035988,0.744515,0.055028,-0.664360,img_128.jpg
22025,1280,720,631.94293,353.39117,986.8637,986.74805,3.219,-0.034,3.515,0.041092,0.743175,0.046819,-0.666191,img_129.jpg
22106,1280,720,631.94293,353.39117,986.8637,986.74805,3.241,-0.035,3.521,0.042610,0.741119,0.046486,-0.668406,img_130.jpg
22171,1280,720,631.94293,353.39117,986.8637,986.74805,3.263,-0.036,3.527,0.045600,0.737270,0.051331,-0.672101,img_131.jpg
22258,1280,720,631.94293,353.39117,986.8637,986.74805,3.288,-0.039,3.527,0.054427,0.732821,0.046395,-0.676653,img_132.jpg
22341,1280,720,631.94293,353.39117,986.8637,986.74805,3.300,-0.039,3.527,0.053750,0.729148,0.048203,-0.680537,img_133.jpg
22402,1280,720,631.94293,353.39117,986.8637,986.74805,3.309,-0.039,3.526,0.051533,0.726742,0.051229,-0.683057,img_134.jpg
22475,1280,720,631.94293,353.39117,986.8637,986.74805,3.317,-0.039,3.525,0.049928,0.724337,0.050809,-0.685756,img_135.jpg
22547,1280,720,631.94293,353.39117,986.8637,986.74805,3.323,-0.038,3.523,0.049103,0.722213,0.052028,-0.687961,img_136.jpg
22620,1280,720,631.94293,353.39117,986.8637,986.74805,3.331,-0.035,3.516,0.046368,0.719183,0.048696,-0.691559,img_137.jpg
22691,1280,720,631.94293,353.39117,986.8637,986.74805,3.333,-0.033,3.512,0.044014,0.717126,0.045150,-0.694085,img_138.jpg
22774,1280,720,631.94293,353.39117,986.8637,986.74805,3.335,-0.033,3.508,0.042581,0.715571,0.045358,-0.695764,img_139.jpg
22839,1280,720,631.94293,353.39117,986.8637,986.74805,3.336,-0.033,3.506,0.041672,0.715245,0.044068,-0.696238,img_140.jpg
22923,1280,720,631.94293,353.39117,986.8637,986.74805,3.333,-0.034,3.502,0.040921,0.716822,0.037348,-0.695052,img_141.jpg
22991,1280,720,631.94293,353.39117,986.8637,986.74805,3.330,-0.035,3.499,0.043456,0.714065,0.033797,-0.697912,img_142.jpg
23075,1280,720,631.94293,353.39117,986.8637,986.74805,3.327,-0.035,3.495,0.051202,0.708868,0.030345,-0.702826,img_143.jpg
23140,1280,720,631.94293,353.39117,986.8637,986.74805,3.327,-0.038,3.493,0.061496,0.709512,0.031180,-0.701312,img_144.jpg
23208,1280,720,631.94293,353.39117,986.8637,986.74805,3.328,-0.041,3.494,0.069212,0.709900,0.028343,-0.700320,img_145.jpg
23290,1280,720,631.94293,353.39117,986.8637,986.74805,3.315,-0.045,3.505,0.061080,0.729112,0.008281,-0.681613,img_146.jpg
23357,1280,720,631.94293,353.39117,986.8637,986.74805,3.309,-0.051,3.517,0.065158,0.740270,0.018161,-0.668899,img_147.jpg
23423,1280,720,631.94293,353.39117,986.8637,986.74805,3.297,-0.062,3.535,0.069229,0.758375,0.030284,-0.647424,img_148.jpg
23491,1280,720,631.94293,353.39117,986.8637,986.74805,3.278,-0.077,3.559,0.072545,0.780180,0.054874,-0.618907,img_149.jpg
23557,1280,720,631.94293,353.39117,986.8637,986.74805,3.249,-0.093,3.588,0.069596,0.808969,0.071444,-0.579328,img_150.jpg
23640,1280,720,631.94293,353.39117,986.8637,986.74805,3.209,-0.110,3.617,0.065756,0.843302,0.082457,-0.526991,img_151.jpg
23703,1280,720,631.94293,353.39117,986.8637,986.74805,3.158,-0.126,3.646,0.058403,0.873021,0.102997,-0.473091,img_152.jpg
23774,1280,720,631.94293,353.39117,986.8637,986.74805,3.096,-0.141,3.671,0.040508,0.898045,0.124773,-0.419888,img_153.jpg
23835,1280,720,631.94293,353.39117,986.8637,986.74805,3.027,-0.153,3.690,0.017212,0.919350,0.142208,-0.366437,img_154.jpg
23904,1280,720,631.94293,353.39117,986.8637,986.74805,2.954,-0.164,3.707,-0.007335,0.933949,0.161763,-0.318618,img_155.jpg
23975,1280,720,631.94293,353.39117,986.8637,986.74805,2.882,-0.179,3.721,-0.027127,0.945269,0.181711,-0.269652,img_156.jpg
24037,1280,720,631.94293,353.39117,986.8637,986.74805,2.812,-0.199,3.733,-0.040590,0.953146,0.207581,-0.216275,img_157.jpg
24104,1280,720,631.94293,353.39117,986.8637,986.74805,2.743,-0.222,3.742,-0.047557,0.957907,0.232266,-0.161880,img_158.jpg
24168,1280,720,631.94293,353.39117,986.8637,986.74805,2.677,-0.247,3.752,-0.060820,0.954452,0.268536,-0.114936,img_159.jpg
24241,1280,720,631.94293,353.39117,986.8637,986.74805,2.584,-0.282,3.768,-0.069608,0.949018,0.303519,-0.048948,img_160.jpg
24307,1280,720,631.94293,353.39117,986.8637,986.74805,2.584,-0.282,3.768,-0.069608,0.949018,0.303519,-0.048948,img_161.jpg
24375,1280,720,631.94293,353.39117,986.8637,986.74805,2.584,-0.282,3.768,-0.069608,0.949018,0.303519,-0.048948,img_162.jpg
24435,1280,720,631.94293,353.39117,986.8637,986.74805,2.584,-0.282,3.768,-0.069608,0.949018,0.303519,-0.048948,img_163.jpg
24507,1280,720,631.94293,353.39117,986.8637,986.74805,2.584,-0.282,3.768,-0.069608,0.949018,0.303519,-0.048948,img_164.jpg
24575,1280,720,631.94293,353.39117,986.8637,986.74805,2.584,-0.282,3.768,-0.069608,0.949018,0.303519,-0.048948,img_165.jpg
24633,1280,720,631.94293,353.39117,986.8637,986.74805,2.584,-0.282,3.768,-0.069608,0.949018,0.303519,-0.048948,img_166.jpg
24708,1280,720,631.94293,353.39117,986.8637,986.74805,2.584,-0.282,3.768,-0.069608,0.949018,0.303519,-0.048948,img_167.jpg
24767,1280,720,631.94293,353.39117,986.8637,986.74805,2.584,-0.282,3.768,-0.069608,0.949018,0.303519,-0.048948,img_168.jpg
24832,1280,720,631.94293,353.39117,986.8637,986.74805,2.584,-0.282,3.768,-0.069608,0.949018,0.303519,-0.048948,img_169.jpg
24908,1280,720,631.94293,353.39117,986.8637,986.74805,2.584,-0.282,3.768,-0.069608,0.949018,0.303519,-0.048948,img_170.jpg
24975,1280,720,631.94293,353.39117,986.8637,986.74805,2.584,-0.282,3.768,-0.069608,0.949018,0.303519,-0.048948,img_171.jpg
25041,1280,720,631.94293,353.39117,986.8637,986.74805,2.584,-0.282,3.768,-0.069608,0.949018,0.303519,-0.048948,img_172.jpg
25125,1280,720,631.94293,353.39117,986.8637,986.74805,2.584,-0.282,3.768,-0.069608,0.949018,0.303519,-0.048948,img_173.jpg
25185,1280,720,631.94293,353.39117,986.8637,986.74805,2.584,-0.282,3.768,-0.069608,0.949018,0.303519,-0.048948,img_174.jpg
25259,1280,720,631.94293,353.39117,986.8637,986.74805,2.584,-0.282,3.768,-0.069608,0.949018,0.303519,-0.048948,img_175.jpg
25324,1280,720,631.94293,353.39117,986.8637,986.74805,2.584,-0.282,3.768,-0.069608,0.949018,0.303519,-0.048948,img_176.jpg
25408,1280,720,631.94293,353.39117,986.8637,986.74805,2.584,-0.282,3.768,-0.069608,0.949018,0.303519,-0.048948,img_177.jpg
25468,1280,720,631.94293,353.39117,986.8637,986.74805,2.584,-0.282,3.768,-0.069608,0.949018,0.303519,-0.048948,img_178.jpg
25541,1280,720,631.94293,353.39117,986.8637,986.74805,2.584,-0.282,3.768,-0.069608,0.949018,0.303519,-0.048948,img_179.jpg
25606,1280,720,631.94293,353.39117,986.8637,986.74805,2.584,-0.282,3.768,-0.069608,0.949018,0.303519,-0.048948,img_180.jpg
25676,1280,720,631.94293,353.39117,986.8637,986.74805,2.584,-0.282,3.768,-0.069608,0.949018,0.303519,-0.048948,img_181.jpg
25736,1280,720,631.94293,353.39117,986.8637,986.74805,2.584,-0.282,3.768,-0.069608,0.949018,0.303519,-0.048948,img_182.jpg
25808,1280,720,631.94293,353.39117,986.8637,986.74805,2.584,-0.282,3.768,-0.069608,0.949018,0.303519,-0.048948,img_183.jpg
25872,1280,720,631.94293,353.39117,986.8637,986.74805,2.584,-0.282,3.768,-0.069608,0.949018,0.303519,-0.048948,img_184.jpg
25942,1280,720,631.94293,353.39117,986.8637,986.74805,2.584,-0.282,3.768,-0.069608,0.949018,0.303519,-0.048948,img_185.jpg
26011,1280,720,631.94293,353.39117,986.8637,986.74805,2.584,-0.282,3.768,-0.069608,0.949018,0.303519,-0.048948,img_186.jpg
26093,1280,720,631.94293,353.39117,986.8637,986.74805,2.584,-0.282,3.768,-0.069608,0.949018,0.303519,-0.048948,img_187.jpg
26159,1280,720,631.94293,353.39117,986.8637,986.74805,2.584,-0.282,3.768,-0.069608,0.949018,0.303519,-0.048948,img_188.jpg
26226,1280,720,631.94293,353.39117,986.8637,986.74805,2.584,-0.282,3.768,-0.069608,0.949018,0.303519,-0.048948,img_189.jpg
26290,1280,720,631.94293,353.39117,986.8637,986.74805,2.584,-0.282,3.768,-0.069608,0.949018,0.303519,-0.048948,img_190.jpg
26358,1280,720,631.94293,353.39117,986.8637,986.74805,2.584,-0.282,3.768,-0.069608,0.949018,0.303519,-0.048948,img_191.jpg
26443,1280,720,631.94293,353.39117,986.8637,986.74805,2.584,-0.282,3.768,-0.069608,0.949018,0.303519,-0.048948,img_192.jpg
26525,1280,720,631.94293,353.39117,986.8637,986.74805,2.584,-0.282,3.768,-0.069608,0.949018,0.303519,-0.048948,img_193.jpg
26591,1280,720,631.94293,353.39117,986.8637,986.74805,2.584,-0.282,3.768,-0.069608,0.949018,0.303519,-0.048948,img_194.jpg
26659,1280,720,631.94293,353.39117,986.8637,986.74805,2.584,-0.282,3.768,-0.069608,0.949018,0.303519,-0.048948,img_195.jpg
26741,1280,720,631.94293,353.39117,986.8637,986.74805,2.584,-0.282,3.768,-0.069608,0.949018,0.303519,-0.048948,img_196.jpg
26808,1280,720,631.94293,353.39117,986.8637,986.74805,2.584,-0.282,3.768,-0.069608,0.949018,0.303519,-0.048948,img_197.jpg
26868,1280,720,631.94293,353.39117,986.8637,986.74805,2.584,-0.282,3.768,-0.069608,0.949018,0.303519,-0.048948,img_198.jpg
26941,1280,720,631.94293,353.39117,986.8637,986.74805,2.584,-0.282,3.768,-0.069608,0.949018,0.303519,-0.048948,img_199.jpg
27008,1280,720,631.94293,353.39117,986.8637,986.74805,2.584,-0.282,3.768,-0.069608,0.949018,0.303519,-0.048948,img_200.jpg
27071,1280,720,631.94293,353.39117,986.8637,986.74805,2.584,-0.282,3.768,-0.069608,0.949018,0.303519,-0.048948,img_201.jpg
27141,1280,720,631.94293,353.39117,986.8637,986.74805,2.584,-0.282,3.768,-0.069608,0.949018,0.303519,-0.048948,img_202.jpg
27208,1280,720,631.94293,353.39117,986.8637,986.74805,2.584,-0.282,3.768,-0.069608,0.949018,0.303519,-0.048948,img_203.jpg
27275,1280,720,631.94293,353.39117,986.8637,986.74805,2.584,-0.282,3.768,-0.069608,0.949018,0.303519,-0.048948,img_204.jpg
27342,1280,720,631.94293,353.39117,986.8637,986.74805,2.584,-0.282,3.768,-0.069608,0.949018,0.303519,-0.048948,img_205.jpg
27409,1280,720,631.94293,353.39117,986.8637,986.74805,2.584,-0.282,3.768,-0.069608,0.949018,0.303519,-0.048948,img_206.jpg
27476,1280,720,631.94293,353.39117,986.8637,986.74805,2.584,-0.282,3.768,-0.069608,0.949018,0.303519,-0.048948,img_207.jpg
27534,1280,720,631.94293,353.39117,986.8637,986.74805,2.584,-0.282,3.768,-0.069608,0.949018,0.303519,-0.048948,img_208.jpg
27609,1280,720,631.94293,353.39117,986.8637,986.74805,2.584,-0.282,3.768,-0.069608,0.949018,0.303519,-0.048948,img_209.jpg
27669,1280,720,631.94293,353.39117,986.8637,986.74805,2.584,-0.282,3.768,-0.069608,0.949018,0.303519,-0.048948,img_210.jpg
27732,1280,720,631.94293,353.39117,986.8637,986.74805,2.584,-0.282,3.768,-0.069608,0.949018,0.303519,-0.048948,img_211.jpg
27798,1280,720,631.94293,353.39117,986.8637,986.74805,2.584,-0.282,3.768,-0.069608,0.949018,0.303519,-0.048948,img_212.jpg
27862,1280,720,631.94293,353.39117,986.8637,986.74805,2.584,-0.282,3.768,-0.069608,0.949018,0.303519,-0.048948,img_213.jpg
27942,1280,720,631.94293,353.39117,986.8637,986.74805,2.584,-0.282,3.768,-0.069608,0.949018,0.303519,-0.048948,img_214.jpg
28007,1280,720,631.94293,353.39117,986.8637,986.74805,2.584,-0.282,3.768,-0.069608,0.949018,0.303519,-0.048948,img_215.jpg
28071,1280,720,631.94293,353.39117,986.8637,986.74805,2.584,-0.282,3.768,-0.069608,0.949018,0.303519,-0.048948,img_216.jpg
28136,1280,720,631.94293,353.39117,986.8637,986.74805,2.584,-0.282,3.768,-0.069608,0.949018,0.303519,-0.048948,img_217.jpg
28204,1280,720,631.94293,353.39117,986.8637,986.74805,2.584,-0.282,3.768,-0.069608,0.949018,0.303519,-0.048948,img_218.jpg
28268,1280,720,631.94293,353.39117,986.8637,986.74805,2.584,-0.282,3.768,-0.069608,0.949018,0.303519,-0.048948,img_219.jpg
28342,1280,720,631.94293,353.39117,986.8637,986.74805,2.584,-0.282,3.768,-0.069608,0.949018,0.303519,-0.048948,img_220.jpg
28409,1280,720,631.94293,353.39117,986.8637,986.74805,2.584,-0.282,3.768,-0.069608,0.949018,0.303519,-0.048948,img_221.jpg
28476,1280,720,631.94293,353.39117,986.8637,986.74805,2.584,-0.282,3.768,-0.069608,0.949018,0.303519,-0.048948,img_222.jpg
28542,1280,720,631.94293,353.39117,986.8637,986.74805,2.584,-0.282,3.768,-0.069608,0.949018,0.303519,-0.048948,img_223.jpg
28625,1280,720,631.94293,353.39117,986.8637,986.74805,2.584,-0.282,3.768,-0.069608,0.949018,0.303519,-0.048948,img_224.jpg
28690,1280,720,631.94293,353.39117,986.8637,986.74805,2.584,-0.282,3.768,-0.069608,0.949018,0.303519,-0.048948,img_225.jpg
28759,1280,720,631.94293,353.39117,986.8637,986.74805,2.584,-0.282,3.768,-0.069608,0.949018,0.303519,-0.048948,img_226.jpg
28823,1280,720,631.94293,353.39117,986.8637,986.74805,2.584,-0.282,3.768,-0.069608,0.949018,0.303519,-0.048948,img_227.jpg
28892,1280,720,631.94293,353.39117,986.8637,986.74805,2.584,-0.282,3.768,-0.069608,0.949018,0.303519,-0.048948,img_228.jpg
28952,1280,720,631.94293,353.39117,986.8637,986.74805,2.584,-0.282,3.768,-0.069608,0.949018,0.303519,-0.048948,img_229.jpg
29025,1280,720,631.94293,353.39117,986.8637,986.74805,2.584,-0.282,3.768,-0.069608,0.949018,0.303519,-0.048948,img_230.jpg
29090,1280,720,631.94293,353.39117,986.8637,986.74805,2.584,-0.282,3.768,-0.069608,0.949018,0.303519,-0.048948,img_231.jpg
29160,1280,720,631.94293,353.39117,986.8637,986.74805,2.584,-0.282,3.768,-0.069608,0.949018,0.303519,-0.048948,img_232.jpg
29222,1280,720,631.94293,353.39117,986.8637,986.74805,2.584,-0.282,3.768,-0.069608,0.949018,0.303519,-0.048948,img_233.jpg
29292,1280,720,631.94293,353.39117,986.8637,986.74805,2.584,-0.282,3.768,-0.069608,0.949018,0.303519,-0.048948,img_234.jpg
29352,1280,720,631.94293,353.39117,986.8637,986.74805,2.584,-0.282,3.768,-0.069608,0.949018,0.303519,-0.048948,img_235.jpg
29426,1280,720,631.94293,353.39117,986.8637,986.74805,2.584,-0.282,3.768,-0.069608,0.949018,0.303519,-0.048948,img_236.jpg
29490,1280,720,631.94293,353.39117,986.8637,986.74805,2.584,-0.282,3.768,-0.069608,0.949018,0.303519,-0.048948,img_237.jpg
29560,1280,720,631.94293,353.39117,986.8637,986.74805,2.584,-0.282,3.768,-0.069608,0.949018,0.303519,-0.048948,img_238.jpg
29621,1280,720,631.94293,353.39117,986.8637,986.74805,2.584,-0.282,3.768,-0.069608,0.949018,0.303519,-0.048948,img_239.jpg
29692,1280,720,631.94293,353.39117,986.8637,986.74805,2.584,-0.282,3.768,-0.069608,0.949018,0.303519,-0.048948,img_240.jpg
29750,1280,720,631.94293,353.39117,986.8637,986.74805,2.584,-0.282,3.768,-0.069608,0.949018,0.303519,-0.048948,img_241.jpg
29826,1280,720,631.94293,353.39117,986.8637,986.74805,2.584,-0.282,3.768,-0.069608,0.949018,0.303519,-0.048948,img_242.jpg
29888,1280,720,631.94293,353.39117,986.8637,986.74805,2.584,-0.282,3.768,-0.069608,0.949018,0.303519,-0.048948,img_243.jpg
29960,1280,720,631.94293,353.39117,986.8637,986.74805,2.584,-0.282,3.768,-0.069608,0.949018,0.303519,-0.048948,img_244.jpg
30021,1280,720,631.94293,353.39117,986.8637,986.74805,2.584,-0.282,3.768,-0.069608,0.949018,0.303519,-0.048948,img_245.jpg
30093,1280,720,631.94293,353.39117,986.8637,986.74805,2.584,-0.282,3.768,-0.069608,0.949018,0.303519,-0.048948,img_246.jpg
30150,1280,720,631.94293,353.39117,986.8637,986.74805,2.584,-0.282,3.768,-0.069608,0.949018,0.303519,-0.048948,img_247.jpg
30226,1280,720,631.94293,353.39117,986.8637,986.74805,2.584,-0.282,3.768,-0.069608,0.949018,0.303519,-0.048948,img_248.jpg
30291,1280,720,631.94293,353.39117,986.8637,986.74805,2.584,-0.282,3.768,-0.069608,0.949018,0.303519,-0.048948,img_249.jpg
30344,1280,720,631.94293,353.39117,986.8637,986.74805,2.584,-0.282,3.768,-0.069608,0.949018,0.303519,-0.048948,img_250.jpg
30426,1280,720,631.94293,353.39117,986.8637,986.74805,2.584,-0.282,3.768,-0.069608,0.949018,0.303519,-0.048948,img_251.jpg
30493,1280,720,631.94293,353.39117,986.8637,986.74805,2.584,-0.282,3.768,-0.069608,0.949018,0.303519,-0.048948,img_252.jpg
30556,1280,720,631.94293,353.39117,986.8637,986.74805,2.584,-0.282,3.768,-0.069608,0.949018,0.303519,-0.048948,img_253.jpg
30626,1280,720,631.94293,353.39117,986.8637,986.74805,2.584,-0.282,3.768,-0.069608,0.949018,0.303519,-0.048948,img_254.jpg
30696,1280,720,631.94293,353.39117,986.8637,986.74805,2.584,-0.282,3.768,-0.069608,0.949018,0.303519,-0.048948,img_255.jpg
30777,1280,720,631.94293,353.39117,986.8637,986.74805,2.584,-0.282,3.768,-0.069608,0.949018,0.303519,-0.048948,img_256.jpg
30859,1280,720,631.94293,353.39117,986.8637,986.74805,2.584,-0.282,3.768,-0.069608,0.949018,0.303519,-0.048948,img_257.jpg
30923,1280,720,631.94293,353.39117,986.8637,986.74805,3.292,-0.073,3.629,0.011161,0.733648,0.127707,-0.667329,img_258.jpg
30993,1280,720,631.94293,353.39117,986.8637,986.74805,3.307,-0.077,3.637,0.017043,0.739345,0.125230,-0.661360,img_259.jpg
31059,1280,720,631.94293,353.39117,986.8637,986.74805,3.325,-0.066,3.653,0.017353,0.747945,0.074967,-0.659285,img_260.jpg
31122,1280,720,631.94293,353.39117,986.8637,986.74805,3.330,-0.069,3.655,0.023775,0.751586,0.082169,-0.654066,img_261.jpg
31210,1280,720,631.94293,353.39117,986.8637,986.74805,3.335,-0.073,3.654,0.028681,0.756080,0.083518,-0.648495,img_262.jpg
31272,1280,720,631.94293,353.39117,986.8637,986.74805,3.341,-0.080,3.656,0.036362,0.761211,0.093606,-0.640682,img_263.jpg
31343,1280,720,631.94293,353.39117,986.8637,986.74805,3.345,-0.083,3.655,0.041410,0.766984,0.097907,-0.632800,img_264.jpg
31427,1280,720,631.94293,353.39117,986.8637,986.74805,3.351,-0.086,3.655,0.045741,0.774342,0.100044,-0.623133,img_265.jpg
31488,1280,720,631.94293,353.39117,986.8637,986.74805,3.353,-0.087,3.656,0.052258,0.783995,0.102301,-0.610046,img_266.jpg
31561,1280,720,631.94293,353.39117,986.8637,986.74805,3.359,-0.091,3.657,0.057719,0.788456,0.107362,-0.602893,img_267.jpg
31645,1280,720,631.94293,353.39117,986.8637,986.74805,3.358,-0.087,3.663,0.060331,0.793433,0.107730,-0.596002,img_268.jpg
31710,1280,720,631.94293,353.39117,986.8637,986.74805,3.348,-0.079,3.671,0.053994,0.792948,0.107457,-0.597303,img_269.jpg
31794,1280,720,631.94293,353.39117,986.8637,986.74805,3.344,-0.077,3.680,0.046500,0.793329,0.105421,-0.597791,img_270.jpg
31856,1280,720,631.94293,353.39117,986.8637,986.74805,3.334,-0.075,3.691,0.039028,0.790345,0.106017,-0.602157,img_271.jpg
31927,1280,720,631.94293,353.39117,986.8637,986.74805,3.325,-0.076,3.704,0.032871,0.786588,0.105933,-0.607435,img_272.jpg
31996,1280,720,631.94293,353.39117,986.8637,986.74805,3.317,-0.077,3.720,0.028674,0.780361,0.110591,-0.614804,img_273.jpg
32077,1280,720,631.94293,353.39117,986.8637,986.74805,3.300,-0.077,3.745,0.026564,0.767671,0.106352,-0.631399,img_274.jpg
32146,1280,720,631.94293,353.39117,986.8637,986.74805,3.289,-0.077,3.762,0.028880,0.756633,0.103640,-0.644927,img_275.jpg
32227,1280,720,631.94293,353.39117,986.8637,986.74805,3.276,-0.077,3.780,0.031316,0.745227,0.102623,-0.658122,img_276.jpg
32291,1280,720,631.94293,353.39117,986.8637,986.74805,3.262,-0.075,3.799,0.032420,0.735910,0.096803,-0.669339,img_277.jpg
32362,1280,720,631.94293,353.39117,986.8637,986.74805,3.248,-0.074,3.821,0.032667,0.728000,0.098145,-0.677729,img_278.jpg
32434,1280,720,631.94293,353.39117,986.8637,986.74805,3.229,-0.074,3.847,0.031491,0.723485,0.099607,-0.682390,img_279.jpg
32502,1280,720,631.94293,353.39117,986.8637,986.74805,3.210,-0.074,3.873,0.030975,0.720190,0.103205,-0.685358,img_280.jpg
32569,1280,720,631.94293,353.39117,986.8637,986.74805,3.191,-0.074,3.900,0.030167,0.720234,0.101608,-0.685587,img_281.jpg
32645,1280,720,631.94293,353.39117,986.8637,986.74805,3.167,-0.076,3.943,0.029136,0.727245,0.102203,-0.678100,img_282.jpg
32728,1280,720,631.94293,353.39117,986.8637,986.74805,3.157,-0.077,3.971,0.028566,0.732268,0.111061,-0.671293,img_283.jpg
32795,1280,720,631.94293,353.39117,986.8637,986.74805,3.144,-0.078,3.999,0.026665,0.739594,0.107682,-0.663848,img_284.jpg
32863,1280,720,631.94293,353.39117,986.8637,986.74805,3.134,-0.075,4.028,0.024826,0.748788,0.102341,-0.654390,img_285.jpg
32930,1280,720,631.94293,353.39117,986.8637,986.74805,3.126,-0.072,4.061,0.023637,0.753074,0.101861,-0.649573,img_286.jpg
33002,1280,720,631.94293,353.39117,986.8637,986.74805,3.118,-0.070,4.106,0.028562,0.756511,0.097803,-0.645996,img_287.jpg
33080,1280,720,631.94293,353.39117,986.8637,986.74805,3.110,-0.068,4.139,0.036152,0.763589,0.088913,-0.638529,img_288.jpg
33145,1280,720,631.94293,353.39117,986.8637,986.74805,3.105,-0.065,4.176,0.040500,0.770446,0.080450,-0.631111,img_289.jpg
33228,1280,720,631.94293,353.39117,986.8637,986.74805,3.101,-0.060,4.212,0.043039,0.777487,0.080874,-0.622190,img_290.jpg
33299,1280,720,631.94293,353.39117,986.8637,986.74805,3.100,-0.054,4.245,0.046539,0.782711,0.084205,-0.614905,img_291.jpg
33364,1280,720,631.94293,353.39117,986.8637,986.74805,3.096,-0.047,4.274,0.043481,0.788918,0.074951,-0.608359,img_292.jpg
33433,1280,720,631.94293,353.39117,986.8637,986.74805,3.092,-0.039,4.296,0.033176,0.793046,0.077211,-0.603337,img_293.jpg
33504,1280,720,631.94293,353.39117,986.8637,986.74805,3.083,-0.035,4.335,0.020509,0.793954,0.082206,-0.602045,img_294.jpg
33578,1280,720,631.94293,353.39117,986.8637,986.74805,3.077,-0.034,4.360,0.016667,0.795638,0.079727,-0.600271,img_295.jpg
33645,1280,720,631.94293,353.39117,986.8637,986.74805,3.071,-0.038,4.391,0.011868,0.790729,0.087619,-0.605747,img_296.jpg
33728,1280,720,631.94293,353.39117,986.8637,986.74805,3.066,-0.042,4.415,0.014530,0.783588,0.089676,-0.614603,img_297.jpg
33791,1280,720,631.94293,353.39117,986.8637,986.74805,3.057,-0.044,4.440,0.016696,0.777840,0.089931,-0.621771,img_298.jpg,marker_10.jpg,0.28064388,0.28064388,3.591,-0.166,4.602,-0.466698,0.540516,-0.524368,-0.524368
33863,1280,720,631.94293,353.39117,986.8637,986.74805,3.047,-0.046,4.464,0.015604,0.769697,0.091656,-0.631603,img_299.jpg
33934,1280,720,631.94293,353.39117,986.8637,986.74805,3.033,-0.048,4.504,0.018280,0.758150,0.089934,-0.645589,img_300.jpg
34012,1280,720,631.94293,353.39117,986.8637,986.74805,3.021,-0.047,4.533,0.018461,0.748055,0.089143,-0.657363,img_301.jpg
34095,1280,720,631.94293,353.39117,986.8637,986.74805,3.013,-0.046,4.554,0.022852,0.739240,0.092548,-0.666661,img_302.jpg
34159,1280,720,631.94293,353.39117,986.8637,986.74805,3.002,-0.046,4.573,0.025310,0.727489,0.095996,-0.678899,img_303.jpg
34229,1280,720,631.94293,353.39117,986.8637,986.74805,2.991,-0.046,4.586,0.028613,0.719671,0.095569,-0.687111,img_304.jpg,marker_10.jpg,0.27975303,0.27975303,3.599,-0.168,4.604,-0.469868,0.539029,-0.529107,-0.529107
34303,1280,720,631.94293,353.39117,986.8637,986.74805,2.972,-0.047,4.609,0.029700,0.713340,0.097253,-0.693402,img_305.jpg
34379,1280,720,631.94293,353.39117,986.8637,986.74805,2.959,-0.049,4.625,0.030070,0.712859,0.098840,-0.693656,img_306.jpg
34445,1280,720,631.94293,353.39117,986.8637,986.74805,2.947,-0.052,4.642,0.033412,0.716110,0.093325,-0.690913,img_307.jpg
34529,1280,720,631.94293,353.39117,986.8637,986.74805,2.939,-0.053,4.661,0.034374,0.721961,0.094230,-0.684625,img_308.jpg
34592,1280,720,631.94293,353.39117,986.8637,986.74805,2.931,-0.053,4.681,0.030557,0.728415,0.096246,-0.677654,img_309.jpg
34662,1280,720,631.94293,353.39117,986.8637,986.74805,2.922,-0.053,4.701,0.024307,0.735566,0.099426,-0.669676,img_310.jpg
34730,1280,720,631.94293,353.39117,986.8637,986.74805,2.913,-0.054,4.722,0.019978,0.748442,0.102244,-0.654967,img_311.jpg
34801,1280,720,631.94293,353.39117,986.8637,986.74805,2.901,-0.057,4.760,0.013659,0.771868,0.108655,-0.626280,img_312.jpg
34879,1280,720,631.94293,353.39117,986.8637,986.74805,2.892,-0.060,4.786,0.012764,0.790120,0.111224,-0.602642,img_313.jpg
34946,1280,720,631.94293,353.39117,986.8637,986.74805,2.885,-0.064,4.816,0.014660,0.808576,0.115170,-0.576825,img_314.jpg
35029,1280,720,631.94293,353.39117,986.8637,986.74805,2.879,-0.067,4.848,0.017877,0.828577,0.118857,-0.546822,img_315.jpg
35096,1280,720,631.94293,353.39117,986.8637,986.74805,2.873,-0.071,4.881,0.021587,0.849450,0.119403,-0.513529,img_316.jpg
35162,1280,720,631.94293,353.39117,986.8637,986.74805,2.869,-0.075,4.916,0.024077,0.868000,0.119803,-0.481294,img_317.jpg
35230,1280,720,631.94293,353.39117,986.8637,986.74805,2.865,-0.075,4.951,0.027297,0.886598,0.119840,-0.445911,img_318.jpg
35303,1280,720,631.94293,353.39117,986.8637,986.74805,2.862,-0.074,5.005,0.037309,0.919389,0.108202,-0.376331,img_319.jpg
35379,1280,720,631.94293,353.39117,986.8637,986.74805,2.858,-0.072,5.039,0.037250,0.934099,0.111043,-0.337255,img_320.jpg
35446,1280,720,631.94293,353.39117,986.8637,986.74805,2.858,-0.071,5.072,0.041475,0.949796,0.102896,-0.292541,img_321.jpg
35529,1280,720,631.94293,353.39117,986.8637,986.74805,2.853,-0.068,5.104,0.035592,0.958865,0.103694,-0.261839,img_322.jpg
35599,1280,720,631.94293,353.39117,986.8637,986.74805,2.847,-0.065,5.131,0.035430,0.968899,0.096959,-0.224898,img_323.jpg
35680,1280,720,631.94293,353.39117,986.8637,986.74805,2.836,-0.061,5.165,0.032765,0.978894,0.098881,-0.175829,img_324.jpg
35764,1280,720,631.94293,353.39117,986.8637,986.74805,2.821,-0.058,5.181,0.029407,0.984391,0.095482,-0.144890,img_325.jpg
35830,1280,720,631.94293,353.39117,986.8637,986.74805,2.807,-0.055,5.192,0.026667,0.989595,0.089350,-0.109576,img_326.jpg
35902,1280,720,631.94293,353.39117,986.8637,986.74805,2.782,-0.053,5.216,0.022417,0.992866,0.085291,-0.080247,img_327.jpg
35981,1280,720,631.94293,353.39117,986.8637,986.74805,2.755,-0.057,5.245,0.016811,0.995387,0.085328,-0.040515,img_328.jpg
36064,1280,720,631.94293,353.39117,986.8637,986.74805,2.734,-0.059,5.259,0.011983,0.996380,0.082288,-0.017644,img_329.jpg
36130,1280,720,631.94293,353.39117,986.8637,986.74805,2.709,-0.058,5.267,0.005570,0.996349,0.084867,0.007368,img_330.jpg
36203,1280,720,631.94293,353.39117,986.8637,986.74805,2.671,-0.059,5.275,0.004364,0.995288,0.086188,0.044216,img_331.jpg
36280,1280,720,631.94293,353.39117,986.8637,986.74805,2.643,-0.061,5.278,-0.000512,0.994151,0.087615,0.063143,img_332.jpg
36347,1280,720,631.94293,353.39117,986.8637,986.74805,2.615,-0.061,5.283,-0.003867,0.993264,0.087344,0.076041,img_333.jpg
36430,1280,720,631.94293,353.39117,986.8637,986.74805,2.591,-0.061,5.281,-0.002993,0.992684,0.081404,0.089121,img_334.jpg
36500,1280,720,631.94293,353.39117,986.8637,986.74805,2.555,-0.063,5.274,-0.000768,0.991774,0.078394,0.101186,img_335.jpg
36581,1280,720,631.94293,353.39117,986.8637,986.74805,2.529,-0.065,5.267,-0.002674,0.991636,0.075572,0.104591,img_336.jpg
36665,1280,720,631.94293,353.39117,986.8637,986.74805,2.503,-0.067,5.263,-0.008238,0.991509,0.077174,0.104334,img_337.jpg
36732,1280,720,631.94293,353.39117,986.8637,986.74805,2.478,-0.069,5.257,-0.009512,0.991272,0.076486,0.106958,img_338.jpg
36798,1280,720,631.94293,353.39117,986.8637,986.74805,2.455,-0.071,5.248,-0.009358,0.991091,0.076016,0.108962,img_339.jpg
36866,1280,720,631.94293,353.39117,986.8637,986.74805,2.435,-0.073,5.242,-0.010676,0.990832,0.079895,0.108423,img_340.jpg
36937,1280,720,631.94293,353.39117,986.8637,986.74805,2.413,-0.077,5.235,-0.006572,0.991185,0.084428,0.101888,img_341.jpg
37016,1280,720,631.94293,353.39117,986.8637,986.74805,2.403,-0.078,5.229,-0.010903,0.991185,0.090788,0.095873,img_342.jpg
37097,1280,720,631.94293,353.39117,986.8637,986.74805,2.391,-0.080,5.225,-0.016212,0.991433,0.096235,0.086818,img_343.jpg
37161,1280,720,631.94293,353.39117,986.8637,986.74805,2.379,-0.080,5.224,-0.024307,0.991731,0.102619,0.073132,img_344.jpg
37231,1280,720,631.94293,353.39117,986.8637,986.74805,2.358,-0.081,5.223,-0.025707,0.991821,0.099883,0.075196,img_345.jpg
37314,1280,720,631.94293,353.39117,986.8637,986.74805,2.345,-0.084,5.225,-0.028757,0.991748,0.104923,0.067817,img_346.jpg,marker_11.jpg,0.27865896,0.27865896,2.245,-0.244,5.897,0.036951,0.711496,-0.699416,-0.699416
37381,1280,720,631.94293,353.39117,986.8637,986.74805,2.333,-0.085,5.229,-0.024813,0.991805,0.104194,0.069647,img_347.jpg
37465,1280,720,631.94293,353.39117,986.8637,986.74805,2.309,-0.087,5.238,-0.022622,0.991177,0.112289,0.066698,img_348.jpg
37548,1280,720,631.94293,353.39117,986.8637,986.74805,2.292,-0.087,5.244,-0.012754,0.990943,0.114734,0.068590,img_349.jpg
37614,1280,720,631.94293,353.39117,986.8637,986.74805,2.274,-0.087,5.249,-0.010827,0.989886,0.122927,0.069975,img_350.jpg
37697,1280,720,631.94293,353.39117,986.8637,986.74805,2.247,-0.087,5.251,-0.018210,0.989861,0.128016,0.058780,img_351.jpg
37764,1280,720,631.94293,353.39117,986.8637,986.74805,2.238,-0.086,5.250,-0.020552,0.989991,0.127945,0.055917,img_352.jpg
37830,1280,720,631.94293,353.39117,986.8637,986.74805,2.220,-0.085,5.242,-0.022820,0.990852,0.126527,0.041014,img_353.jpg
37915,1280,720,631.94293,353.39117,986.8637,986.74805,2.189,-0.084,5.217,-0.018067,0.993224,0.113270,0.018728,img_354.jpg,marker_11.jpg,0.27662092,0.27662092,2.250,-0.245,5.894,0.047170,0.707356,-0.702413,-0.702413
37980,1280,720,631.94293,353.39117,986.8637,986.74805,2.160,-0.084,5.193,-0.018131,0.994483,0.102736,0.010924,img_355.jpg
38049,1280,720,631.94293,353.39117,986.8637,986.74805,2.123,-0.085,5.164,-0.021304,0.994928,0.097883,0.009089,img_356.jpg
38131,1280,720,631.94293,353.39117,986.8637,986.74805,2.057,-0.087,5.111,-0.011225,0.996041,0.085069,0.023228,img_357.jpg
38214,1280,720,631.94293,353.39117,986.8637,986.74805,2.013,-0.084,5.066,-0.007667,0.996327,0.078485,0.033368,img_358.jpg
38281,1280,720,631.94293,353.39117,986.8637,986.74805,1.969,-0.080,5.020,-0.006351,0.995580,0.080253,0.048363,img_359.jpg
38348,1280,720,631.94293,353.39117,986.8637,986.74805,1.921,-0.075,4.974,-0.014744,0.994117,0.090953,0.056943,img_360.jpg
38417,1280,720,631.94293,353.39117,986.8637,986.74805,1.877,-0.073,4.927,-0.016154,0.992493,0.095002,0.075311,img_361.jpg
38485,1280,720,631.94293,353.39117,986.8637,986.74805,1.831,-0.072,4.883,-0.020789,0.990131,0.096394,0.099584,img_362.jpg
38548,1280,720,631.94293,353.39117,986.8637,986.74805,1.788,-0.070,4.841,-0.026459,0.986480,0.095285,0.130681,img_363.jpg
38631,1280,720,631.94293,353.39117,986.8637,986.74805,1.720,-0.069,4.779,-0.037838,0.980586,0.090972,0.169542,img_364.jpg
38715,1280,720,631.94293,353.39117,986.8637,986.74805,1.674,-0.069,4.741,-0.043271,0.975195,0.086516,0.199089,img_365.jpg
38798,1280,720,631.94293,353.39117,986.8637,986.74805,1.604,-0.073,4.690,-0.054306,0.966426,0.082194,0.237312,img_366.jpg
38881,1280,720,631.94293,353.39117,986.8637,986.74805,1.555,-0.077,4.662,-0.057100,0.961146,0.085379,0.256221,img_367.jpg
38944,1280,720,631.94293,353.39117,986.8637,986.74805,1.504,-0.082,4.637,-0.058940,0.957050,0.090490,0.269059,img_368.jpg
39050,1280,720,631.94293,353.39117,986.8637,986.74805,1.427,-0.086,4.604,-0.054527,0.953011,0.095151,0.282388,img_369.jpg
39132,1280,720,631.94293,353.39117,986.8637,986.74805,1.353,-0.085,4.576,-0.037958,0.950655,0.099357,0.291449,img_370.jpg
39215,1280,720,631.94293,353.39117,986.8637,986.74805,1.307,-0.079,4.568,-0.039722,0.947737,0.110778,0.296555,img_371.jpg
39299,1280,720,631.94293,353.39117,986.8637,986.74805,1.261,-0.073,4.560,-0.033034,0.945400,0.110366,0.304871,img_372.jpg
39377,1280,720,631.94293,353.39117,986.8637,986.74805,1.192,-0.068,4.538,-0.038009,0.945689,0.103557,0.305784,img_373.jpg
39469,1280,720,631.94293,353.39117,986.8637,986.74805,1.122,-0.071,4.536,-0.047554,0.948005,0.095230,0.299928,img_374.jpg
39549,1280,720,631.94293,353.39117,986.8637,986.74805,1.071,-0.075,4.524,-0.056824,0.949812,0.092683,0.293322,img_375.jpg
39624,1280,720,631.94293,353.39117,986.8637,986.74805,1.025,-0.080,4.515,-0.060779,0.952833,0.090778,0.283151,img_376.jpg
39716,1280,720,631.94293,353.39117,986.8637,986.74805,0.957,-0.083,4.495,-0.060375,0.957239,0.088733,0.268654,img_377.jpg
39787,1280,720,631.94293,353.39117,986.8637,986.74805,0.909,-0.084,4.480,-0.063761,0.961560,0.085971,0.252877,img_378.jpg
39865,1280,720,631.94293,353.39117,986.8637,986.74805,0.841,-0.078,4.457,-0.057514,0.966466,0.079704,0.237242,img_379.jpg
39952,1280,720,631.94293,353.39117,986.8637,986.74805,0.795,-0.065,4.438,-0.063574,0.968337,0.083349,0.226572,img_380.jpg
40033,1280,720,631.94293,353.39117,986.8637,986.74805,0.757,-0.058,4.425,-0.053003,0.969462,0.081826,0.225030,img_381.jpg
40104,1280,720,631.94293,353.39117,986.8637,986.74805,0.707,-0.054,4.417,-0.050928,0.973469,0.085016,0.206242,img_382.jpg
40185,1280,720,631.94293,353.39117,986.8637,986.74805,0.677,-0.053,4.414,-0.054125,0.974851,0.088100,0.197420,img_383.jpg
40266,1280,720,631.94293,353.39117,986.8637,986.74805,0.651,-0.056,4.412,-0.049909,0.976314,0.091879,0.189416,img_384.jpg
40339,1280,720,631.94293,353.39117,986.8637,986.74805,0.611,-0.061,4.411,-0.043846,0.978715,0.096372,0.175802,img_385.jpg,marker_12.jpg,0.2740073,0.2740073,0.442,-0.246,5.040,0.074640,0.711676,-0.696171,-0.696171
40434,1280,720,631.94293,353.39117,986.8637,986.74805,0.573,-0.066,4.417,-0.045122,0.981160,0.099779,0.159161,img_386.jpg
40516,1280,720,631.94293,353.39117,986.8637,986.74805,0.549,-0.070,4.422,-0.049374,0.982149,0.106494,0.146988,img_387.jpg
40593,1280,720,631.94293,353.39117,986.8637,986.74805,0.533,-0.074,4.428,-0.046204,0.982551,0.116615,0.137331,img_388.jpg
40684,1280,720,631.94293,353.39117,986.8637,986.74805,0.514,-0.077,4.432,-0.033573,0.984288,0.119145,0.125917,img_389.jpg
40759,1280,720,631.94293,353.39117,986.8637,986.74805,0.498,-0.077,4.431,-0.041005,0.985517,0.120882,0.111637,img_390.jpg
40839,1280,720,631.94293,353.39117,986.8637,986.74805,0.481,-0.076,4.424,-0.026615,0.987693,0.108932,0.109031,img_391.jpg,marker_12.jpg,0.27016598,0.27016598,0.439,-0.247,5.040,0.082076,0.706781,-0.699923,-0.699923
40917,1280,720,631.94293,353.39117,986.8637,986.74805,0.472,-0.078,4.423,-0.014844,0.987440,0.127741,0.091781,img_392.jpg
41017,1280,720,631.94293,353.39117,986.8637,986.74805,0.462,-0.079,4.415,0.002382,0.987289,0.139468,0.076186,img_393.jpg
41087,1280,720,631.94293,353.39117,986.8637,986.74805,0.456,-0.079,4.409,0.012115,0.988180,0.138279,0.065060,img_394.jpg
41160,1280,720,631.94293,353.39117,986.8637,986.74805,0.447,-0.080,4.404,0.001217,0.987805,0.145062,0.056549,img_395.jpg
41251,1280,720,631.94293,353.39117,986.8637,986.74805,0.439,-0.083,4.397,0.001695,0.986913,0.151678,0.054719,img_396.jpg
41334,1280,720,631.94293,353.39117,986.8637,986.74805,0.436,-0.085,4.393,0.005997,0.986240,0.155251,0.056491,img_397.jpg
41412,1280,720,631.94293,353.39117,986.8637,986.74805,0.432,-0.087,4.388,0.006185,0.983166,0.172064,0.061154,img_398.jpg
41506,1280,720,631.94293,353.39117,986.8637,986.74805,0.431,-0.084,4.376,0.007083,0.985627,0.160496,0.052247,img_399.jpg,marker_12.jpg,0.27034488,0.27034488,0.440,-0.244,5.039,0.082275,0.706696,-0.699359,-0.699359
