time,sizeX,sizeY,p_x,p_y,f_x,f_y,pos_X,pos_Y,pos_Z,q_x,q_y,q_z,q_w,marker_ID,marker_x,marker_y,marker_z,marker_qx,marker_qy,marker_qz,marker_qw,marker_ID,marker_x,marker_y,marker_z,marker_qx,marker_qy,marker_qz,marker_qw,marker_ID,marker_x,marker_y,marker_z,marker_qx,marker_qy,marker_qz,marker_qw,
19502,1280,720,631.94293,353.39117,986.8637,986.74805,0.291,0.000,0.896,0.099721,-0.020099,-0.006103,-0.994794,img_1.jpg,marker_1.jpg,0.26505575,0.26505575,0.291,-0.101,0.362,-0.713587,-0.000242,-0.002553,-0.002553
19593,1280,720,631.94293,353.39117,986.8637,986.74805,0.290,-0.002,0.895,0.113580,-0.018474,-0.004935,-0.993345,img_2.jpg
19679,1280,720,631.94293,353.39117,986.8637,986.74805,0.290,-0.001,0.901,0.105350,-0.014496,0.001155,-0.994329,img_3.jpg
19767,1280,720,631.94293,353.39117,986.8637,986.74805,0.288,-0.001,0.906,0.103389,-0.006939,-0.001957,-0.994615,img_4.jpg
19851,1280,720,631.94293,353.39117,986.8637,986.74805,0.286,-0.002,0.911,0.101301,-0.001388,-0.005824,-0.994838,img_5.jpg
19923,1280,720,631.94293,353.39117,986.8637,986.74805,0.286,-0.003,0.915,0.103151,0.001621,-0.006717,-0.994642,img_6.jpg
20013,1280,720,631.94293,353.39117,986.8637,986.74805,0.290,-0.004,0.921,0.107254,0.008451,-0.005867,-0.994178,img_7.jpg,marker_1.jpg,0.26497772,0.26497772,0.291,-0.101,0.363,-0.709272,0.007789,-0.008671,-0.008671
20101,1280,720,631.94293,353.39117,986.8637,986.74805,0.296,-0.005,0.929,0.107391,0.013720,-0.003959,-0.994114,img_8.jpg
20170,1280,720,631.94293,353.39117,986.8637,986.74805,0.310,-0.005,0.942,0.109344,0.016862,0.004011,-0.993853,img_9.jpg
20251,1280,720,631.94293,353.39117,986.8637,986.74805,0.323,-0.005,0.955,0.106813,0.021770,0.008262,-0.994006,img_10.jpg
20334,1280,720,631.94293,353.39117,986.8637,986.74805,0.340,-0.004,0.969,0.101285,0.028966,0.010830,-0.994377,img_11.jpg
20399,1280,720,631.94293,353.39117,986.8637,986.74805,0.361,-0.003,0.984,0.097484,0.039417,0.014385,-0.994352,img_12.jpg
20479,1280,720,631.94293,353.39117,986.8637,986.74805,0.402,-0.005,1.007,0.095576,0.058908,0.017848,-0.993517,img_13.jpg
20568,1280,720,631.94293,353.39117,986.8637,986.74805,0.436,-0.009,1.023,0.099029,0.070051,0.024345,-0.992317,img_14.jpg
20641,1280,720,631.94293,353.39117,986.8637,986.74805,0.493,-0.015,1.049,0.104548,0.096151,0.024728,-0.989552,img_15.jpg
20719,1280,720,631.94293,353.39117,986.8637,986.74805,0.535,-0.018,1.069,0.109658,0.107973,0.025272,-0.987764,img_16.jpg
20801,1280,720,631.94293,353.39117,986.8637,986.74805,0.576,-0.022,1.091,0.116249,0.124740,0.025250,-0.985032,img_17.jpg
20873,1280,720,631.94293,353.39117,986.8637,986.74805,0.638,-0.026,1.123,0.125898,0.149128,0.027987,-0.980371,img_18.jpg
20951,1280,720,631.94293,353.39117,986.8637,986.74805,0.677,-0.026,1.142,0.133886,0.161329,0.033838,-0.977191,img_19.jpg
21034,1280,720,631.94293,353.39117,986.8637,986.74805,0.718,-0.029,1.156,0.140310,0.180898,0.036003,-0.972776,img_20.jpg
21106,1280,720,631.94293,353.39117,986.8637,986.74805,0.785,-0.034,1.173,0.149122,0.216721,0.045564,-0.963701,img_21.jpg
21185,1280,720,631.94293,353.39117,986.8637,986.74805,0.825,-0.036,1.180,0.153143,0.238505,0.054165,-0.957459,img_22.jpg
21268,1280,720,631.94293,353.39117,986.8637,986.74805,0.869,-0.040,1.186,0.154941,0.258615,0.055783,-0.951840,img_23.jpg
21339,1280,720,631.94293,353.39117,986.8637,986.74805,0.912,-0.045,1.191,0.157304,0.277856,0.053147,-0.946164,img_24.jpg
21414,1280,720,631.94293,353.39117,986.8637,986.74805,0.983,-0.051,1.188,0.163315,0.304725,0.045071,-0.937251,img_25.jpg
21502,1280,720,631.94293,353.39117,986.8637,986.74805,1.031,-0.054,1.183,0.165128,0.315922,0.037527,-0.933551,img_26.jpg
21573,1280,720,631.94293,353.39117,986.8637,986.74805,1.081,-0.055,1.178,0.166949,0.326313,0.030321,-0.929908,img_27.jpg
21645,1280,720,631.94293,353.39117,986.8637,986.74805,1.131,-0.051,1.169,0.173288,0.332636,0.036245,-0.926289,img_28.jpg
21715,1280,720,631.94293,353.39117,986.8637,986.74805,1.199,-0.039,1.165,0.157916,0.355834,0.030384,-0.920609,img_29.jpg
21802,1280,720,631.94293,353.39117,986.8637,986.74805,1.239,-0.029,1.167,0.154351,0.367020,0.045185,-0.916204,img_30.jpg
21871,1280,720,631.94293,353.39117,986.8637,986.74805,1.307,-0.023,1.167,0.145656,0.385317,0.058887,-0.909311,img_31.jpg
21968,1280,720,631.94293,353.39117,986.8637,986.74805,1.376,-0.021,1.164,0.136832,0.397276,0.063975,-0.905183,img_32.jpg
22036,1280,720,631.94293,353.39117,986.8637,986.74805,1.420,-0.025,1.155,0.134015,0.403739,0.062917,-0.902816,img_33.jpg
22119,1280,720,631.94293,353.39117,986.8637,986.74805,1.469,-0.026,1.148,0.126847,0.412353,0.058238,-0.900269,img_34.jpg
22195,1280,720,631.94293,353.39117,986.8637,986.74805,1.522,-0.025,1.140,0.119795,0.416785,0.057123,-0.899264,img_35.jpg
22268,1280,720,631.94293,353.39117,986.8637,986.74805,1.601,-0.021,1.129,0.109755,0.424098,0.050231,-0.897536,img_36.jpg
22354,1280,720,631.94293,353.39117,986.8637,986.74805,1.657,-0.015,1.122,0.104313,0.429631,0.053061,-0.895388,img_37.jpg
22436,1280,720,631.94293,353.39117,986.8637,986.74805,1.735,-0.002,1.110,0.093339,0.449062,0.049576,-0.887228,img_38.jpg
22520,1280,720,631.94293,353.39117,986.8637,986.74805,1.785,0.005,1.099,0.090854,0.463720,0.042888,-0.880267,img_39.jpg
22591,1280,720,631.94293,353.39117,986.8637,986.74805,1.829,0.010,1.087,0.087169,0.475218,0.042786,-0.874493,img_40.jpg
22660,1280,720,631.94293,353.39117,986.8637,986.74805,1.871,0.015,1.076,0.085662,0.487745,0.042633,-0.867726,img_41.jpg
22734,1280,720,631.94293,353.39117,986.8637,986.74805,1.911,0.016,1.063,0.082739,0.497058,0.040229,-0.862826,img_42.jpg
22809,1280,720,631.94293,353.39117,986.8637,986.74805,1.982,0.012,1.039,0.081188,0.508146,0.043593,-0.856327,img_43.jpg
22886,1280,720,631.94293,353.39117,986.8637,986.74805,2.027,0.010,1.019,0.076618,0.515537,0.042972,-0.852352,img_44.jpg
22969,1280,720,631.94293,353.39117,986.8637,986.74805,2.091,0.006,0.985,0.071359,0.529035,0.041805,-0.844560,img_45.jpg
23053,1280,720,631.94293,353.39117,986.8637,986.74805,2.135,0.007,0.961,0.066952,0.541909,0.040766,-0.836774,img_46.jpg
23123,1280,720,631.94293,353.39117,986.8637,986.74805,2.177,0.007,0.936,0.074368,0.558088,0.040088,-0.825470,img_47.jpg
23219,1280,720,631.94293,353.39117,986.8637,986.74805,2.238,0.011,0.904,0.075553,0.578147,0.041170,-0.811383,img_48.jpg
23288,1280,720,631.94293,353.39117,986.8637,986.74805,2.278,0.012,0.889,0.075801,0.591212,0.044005,-0.801739,img_49.jpg
23387,1280,720,631.94293,353.39117,986.8637,986.74805,2.339,0.011,0.865,0.077225,0.602711,0.052597,-0.792471,img_50.jpg
23460,1280,720,631.94293,353.39117,986.8637,986.74805,2.376,0.009,0.852,0.073717,0.608068,0.054098,-0.788602,img_51.jpg
23535,1280,720,631.94293,353.39117,986.8637,986.74805,2.411,0.006,0.841,0.071362,0.612812,0.055743,-0.785023,img_52.jpg
23615,1280,720,631.94293,353.39117,986.8637,986.74805,2.473,-0.001,0.825,0.066937,0.618678,0.059818,-0.780499,img_53.jpg
23703,1280,720,631.94293,353.39117,986.8637,986.74805,2.514,-0.004,0.816,0.064166,0.620996,0.063701,-0.778581,img_54.jpg
23781,1280,720,631.94293,353.39117,986.8637,986.74805,2.574,-0.008,0.802,0.059739,0.620201,0.063534,-0.779580,img_55.jpg
23870,1280,720,631.94293,353.39117,986.8637,986.74805,2.627,-0.010,0.785,0.067955,0.613386,0.064360,-0.784218,img_56.jpg
23953,1280,720,631.94293,353.39117,986.8637,986.74805,2.654,-0.009,0.776,0.069508,0.605768,0.060444,-0.790292,img_57.jpg
24036,1280,720,631.94293,353.39117,986.8637,986.74805,2.688,-0.006,0.772,0.070953,0.596340,0.066530,-0.796817,img_58.jpg
24121,1280,720,631.94293,353.39117,986.8637,986.74805,2.711,-0.004,0.771,0.072272,0.596452,0.070073,-0.796311,img_59.jpg
24196,1280,720,631.94293,353.39117,986.8637,986.74805,2.731,-0.004,0.773,0.080154,0.594865,0.077245,-0.796081,img_60.jpg
24270,1280,720,631.94293,353.39117,986.8637,986.74805,2.752,-0.004,0.777,0.083231,0.593427,0.083759,-0.796179,img_61.jpg,marker_3.jpg,0.2691847,0.2691847,3.399,-0.101,0.610,-0.513958,0.502041,-0.488605,-0.488605
24352,1280,720,631.94293,353.39117,986.8637,986.74805,2.779,-0.005,0.786,0.082211,0.592775,0.083245,-0.796825,img_62.jpg
24438,1280,720,631.94293,353.39117,986.8637,986.74805,2.812,-0.006,0.796,0.088937,0.593194,0.085336,-0.795568,img_63.jpg
24521,1280,720,631.94293,353.39117,986.8637,986.74805,2.832,-0.004,0.803,0.087327,0.602209,0.075912,-0.789908,img_64.jpg
24597,1280,720,631.94293,353.39117,986.8637,986.74805,2.853,-0.005,0.811,0.090276,0.607920,0.078008,-0.784983,img_65.jpg
24668,1280,720,631.94293,353.39117,986.8637,986.74805,2.876,-0.007,0.817,0.099045,0.621901,0.071655,-0.773495,img_66.jpg
24743,1280,720,631.94293,353.39117,986.8637,986.74805,2.899,-0.012,0.828,0.107642,0.633973,0.070249,-0.762599,img_67.jpg
24818,1280,720,631.94293,353.39117,986.8637,986.74805,2.934,-0.016,0.856,0.115073,0.646337,0.086789,-0.749316,img_68.jpg
24903,1280,720,631.94293,353.39117,986.8637,986.74805,2.958,-0.018,0.902,0.109961,0.665212,0.095793,-0.732274,img_69.jpg
24987,1280,720,631.94293,353.39117,986.8637,986.74805,2.971,-0.018,0.941,0.101545,0.679710,0.101176,-0.719337,img_70.jpg
25057,1280,720,631.94293,353.39117,986.8637,986.74805,2.978,-0.018,0.986,0.094953,0.692982,0.102647,-0.707265,img_71.jpg
25140,1280,720,631.94293,353.39117,986.8637,986.74805,2.983,-0.018,1.058,0.091651,0.708384,0.096801,-0.693125,img_72.jpg
25221,1280,720,631.94293,353.39117,986.8637,986.74805,2.971,-0.014,1.107,0.085233,0.717939,0.089607,-0.685033,img_73.jpg
25304,1280,720,631.94293,353.39117,986.8637,986.74805,2.961,-0.005,1.184,0.085559,0.731642,0.095566,-0.669512,img_74.jpg
25404,1280,720,631.94293,353.39117,986.8637,986.74805,2.953,0.003,1.260,0.083520,0.742936,0.095170,-0.657277,img_75.jpg
25487,1280,720,631.94293,353.39117,986.8637,986.74805,2.948,0.005,1.305,0.080237,0.749242,0.093011,-0.650805,img_76.jpg
25562,1280,720,631.94293,353.39117,986.8637,986.74805,2.953,0.002,1.353,0.079004,0.758162,0.098947,-0.639654,img_77.jpg
25637,1280,720,631.94293,353.39117,986.8637,986.74805,2.959,0.000,1.419,0.074115,0.762523,0.111418,-0.632970,img_78.jpg
25721,1280,720,631.94293,353.39117,986.8637,986.74805,2.965,-0.002,1.469,0.068268,0.770150,0.112175,-0.624199,img_79.jpg
25787,1280,720,631.94293,353.39117,986.8637,986.74805,2.976,-0.006,1.514,0.065106,0.777836,0.116261,-0.614178,img_80.jpg
25854,1280,720,631.94293,353.39117,986.8637,986.74805,2.986,-0.010,1.561,0.061685,0.785998,0.116826,-0.603949,img_81.jpg
25917,1280,720,631.94293,353.39117,986.8637,986.74805,2.996,-0.012,1.609,0.058569,0.792933,0.112683,-0.595928,img_82.jpg
25987,1280,720,631.94293,353.39117,986.8637,986.74805,3.008,-0.012,1.651,0.059100,0.802655,0.096735,-0.585571,img_83.jpg
26072,1280,720,631.94293,353.39117,986.8637,986.74805,3.028,-0.012,1.711,0.061384,0.810025,0.088591,-0.576405,img_84.jpg
26137,1280,720,631.94293,353.39117,986.8637,986.74805,3.045,-0.011,1.750,0.070541,0.811034,0.097078,-0.572560,img_85.jpg
26205,1280,720,631.94293,353.39117,986.8637,986.74805,3.060,-0.007,1.787,0.068110,0.811516,0.095876,-0.572372,img_86.jpg
26288,1280,720,631.94293,353.39117,986.8637,986.74805,3.070,-0.004,1.826,0.060556,0.818297,0.097367,-0.563243,img_87.jpg
26351,1280,720,631.94293,353.39117,986.8637,986.74805,3.081,-0.004,1.867,0.053688,0.824029,0.103553,-0.554410,img_88.jpg
26439,1280,720,631.94293,353.39117,986.8637,986.74805,3.093,-0.003,1.927,0.045685,0.835669,0.091854,-0.539568,img_89.jpg
26506,1280,720,631.94293,353.39117,986.8637,986.74805,3.102,-0.006,1.970,0.037260,0.837246,0.098273,-0.536631,img_90.jpg
26589,1280,720,631.94293,353.39117,986.8637,986.74805,3.110,-0.009,2.015,0.037706,0.846614,0.108399,-0.519685,img_91.jpg
26655,1280,720,631.94293,353.39117,986.8637,986.74805,3.119,-0.012,2.062,0.057107,0.861584,0.120677,-0.489745,img_92.jpg
26723,1280,720,631.94293,353.39117,986.8637,986.74805,3.120,-0.012,2.109,0.051732,0.852402,0.120459,-0.506186,img_93.jpg
26791,1280,720,631.94293,353.39117,986.8637,986.74805,3.120,-0.010,2.158,0.036198,0.832378,0.117549,-0.540387,img_94.jpg
26863,1280,720,631.94293,353.39117,986.8637,986.74805,3.119,-0.004,2.207,0.025695,0.829038,0.105337,-0.548580,img_95.jpg
26935,1280,720,631.94293,353.39117,986.8637,986.74805,3.115,0.009,2.278,0.040611,0.820333,0.095994,-0.562307,img_96.jpg
27004,1280,720,631.94293,353.39117,986.8637,986.74805,3.115,0.013,2.325,0.043008,0.818164,0.088340,-0.566528,img_97.jpg
27087,1280,720,631.94293,353.39117,986.8637,986.74805,3.122,0.020,2.371,0.038740,0.817239,0.092231,-0.567550,img_98.jpg
27158,1280,720,631.94293,353.39117,986.8637,986.74805,3.135,0.024,2.420,0.032227,0.814844,0.102431,-0.569647,img_99.jpg
27224,1280,720,631.94293,353.39117,986.8637,986.74805,3.145,0.025,2.460,0.031638,0.815748,0.097275,-0.569290,img_100.jpg
27288,1280,720,631.94293,353.39117,986.8637,986.74805,3.157,0.025,2.499,0.029887,0.818403,0.089159,-0.566899,img_101.jpg
27359,1280,720,631.94293,353.39117,986.8637,986.74805,3.171,0.023,2.540,0.024487,0.824251,0.077864,-0.560310,img_102.jpg
27422,1280,720,631.94293,353.39117,986.8637,986.74805,3.188,0.023,2.580,0.023791,0.826481,0.072969,-0.557709,img_103.jpg
27487,1280,720,631.94293,353.39117,986.8637,986.74805,3.210,0.023,2.616,0.025561,0.826600,0.073292,-0.557412,img_104.jpg
27556,1280,720,631.94293,353.39117,986.8637,986.74805,3.230,0.023,2.651,0.030572,0.824744,0.066162,-0.560790,img_105.jpg
27621,1280,720,631.94293,353.39117,986.8637,986.74805,3.249,0.026,2.681,0.036287,0.825479,0.057153,-0.560358,img_106.jpg
27684,1280,720,631.94293,353.39117,986.8637,986.74805,3.270,0.030,2.715,0.036504,0.826083,0.060048,-0.559150,img_107.jpg
27772,1280,720,631.94293,353.39117,986.8637,986.74805,3.297,0.034,2.761,0.031694,0.829631,0.053662,-0.554823,img_108.jpg
27838,1280,720,631.94293,353.39117,986.8637,986.74805,3.315,0.033,2.792,0.028975,0.827913,0.063862,-0.556455,img_109.jpg
27907,1280,720,631.94293,353.39117,986.8637,986.74805,3.329,0.032,2.820,0.029310,0.826903,0.056695,-0.558711,img_110.jpg
27988,1280,720,631.94293,353.39117,986.8637,986.74805,3.342,0.029,2.850,0.027789,0.823663,0.055419,-0.563681,img_111.jpg
28050,1280,720,631.94293,353.39117,986.8637,986.74805,3.354,0.026,2.879,0.026365,0.818807,0.057968,-0.570526,img_112.jpg
28139,1280,720,631.94293,353.39117,986.8637,986.74805,3.360,0.026,2.919,0.023849,0.812551,0.047416,-0.580468,img_113.jpg
28221,1280,720,631.94293,353.39117,986.8637,986.74805,3.365,0.026,2.948,0.018813,0.805608,0.048474,-0.590163,img_114.jpg
28286,1280,720,631.94293,353.39117,986.8637,986.74805,3.370,0.027,2.976,0.018408,0.799495,0.053031,-0.598045,img_115.jpg
28372,1280,720,631.94293,353.39117,986.8637,986.74805,3.375,0.029,3.014,0.022174,0.790743,0.057186,-0.609067,img_116.jpg
28437,1280,720,631.94293,353.39117,986.8637,986.74805,3.375,0.029,3.035,0.023067,0.785953,0.055525,-0.615356,img_117.jpg
28505,1280,720,631.94293,353.39117,986.8637,986.74805,3.371,0.031,3.053,0.022883,0.781675,0.048049,-0.621412,img_118.jpg
28589,1280,720,631.94293,353.39117,986.8637,986.74805,3.372,0.030,3.070,0.020356,0.776696,0.050332,-0.627531,img_119.jpg
28653,1280,720,631.94293,353.39117,986.8637,986.74805,3.376,0.029,3.086,0.020404,0.772657,0.057006,-0.631930,img_120.jpg
28723,1280,720,631.94293,353.39117,986.8637,986.74805,3.382,0.026,3.100,0.024985,0.770088,0.060936,-0.634530,img_121.jpg
28806,1280,720,631.94293,353.39117,986.8637,986.74805,3.398,0.020,3.117,0.034110,0.758977,0.066124,-0.646853,img_122.jpg
28872,1280,720,631.94293,353.39117,986.8637,986.74805,3.412,0.017,3.125,0.041825,0.740717,0.065599,-0.667297,img_123.jpg
28955,1280,720,631.94293,353.39117,986.8637,986.74805,3.430,0.012,3.130,0.055005,0.733218,0.054820,-0.675544,img_124.jpg
29016,1280,720,631.94293,353.39117,986.8637,986.74805,3.448,0.009,3.137,0.067104,0.731829,0.046862,-0.676555,img_125.jpg
29088,1280,720,631.94293,353.39117,986.8637,986.74805,3.471,0.004,3.148,0.083518,0.733198,0.050631,-0.672965,img_126.jpg
29151,1280,720,631.94293,353.39117,986.8637,986.74805,3.499,-0.003,3.165,0.103571,0.738540,0.059727,-0.663525,img_127.jpg
29223,1280,720,631.94293,353.39117,986.8637,986.74805,3.515,-0.004,3.185,0.092341,0.734762,0.045669,-0.670456,img_128.jpg
29286,1280,720,631.94293,353.39117,986.8637,986.74805,3.533,-0.008,3.206,0.093148,0.737145,0.049675,-0.667437,img_129.jpg
29355,1280,720,631.94293,353.39117,986.8637,986.74805,3.545,-0.014,3.228,0.084988,0.742426,0.045010,-0.662989,img_130.jpg
29413,1280,720,631.94293,353.39117,986.8637,986.74805,3.552,-0.022,3.258,0.078195,0.752929,0.047114,-0.651739,img_131.jpg
29488,1280,720,631.94293,353.39117,986.8637,986.74805,3.556,-0.030,3.296,0.066443,0.769504,0.051514,-0.633084,img_132.jpg
29548,1280,720,631.94293,353.39117,986.8637,986.74805,3.554,-0.037,3.336,0.056915,0.789090,0.057444,-0.608931,img_133.jpg
29622,1280,720,631.94293,353.39117,986.8637,986.74805,3.543,-0.045,3.378,0.047486,0.809599,0.060664,-0.581906,img_134.jpg
29683,1280,720,631.94293,353.39117,986.8637,986.74805,3.529,-0.051,3.422,0.048995,0.832645,0.071253,-0.547014,img_135.jpg
29760,1280,720,631.94293,353.39117,986.8637,986.74805,3.505,-0.058,3.469,0.047150,0.855610,0.081031,-0.509060,img_136.jpg
29818,1280,720,631.94293,353.39117,986.8637,986.74805,3.471,-0.066,3.519,0.041358,0.874726,0.096822,-0.473042,img_137.jpg
29888,1280,720,631.94293,353.39117,986.8637,986.74805,3.427,-0.075,3.571,0.033846,0.895834,0.110073,-0.429209,img_138.jpg
29948,1280,720,631.94293,353.39117,986.8637,986.74805,3.368,-0.085,3.622,0.019148,0.915375,0.118734,-0.384219,img_139.jpg
30023,1280,720,631.94293,353.39117,986.8637,986.74805,3.296,-0.094,3.671,0.010800,0.936195,0.123144,-0.329025,img_140.jpg
30084,1280,720,631.94293,353.39117,986.8637,986.74805,3.215,-0.105,3.716,-0.001279,0.953418,0.134883,-0.269811,img_141.jpg
30155,1280,720,631.94293,353.39117,986.8637,986.74805,3.215,-0.105,3.716,-0.001279,0.953418,0.134883,-0.269811,img_142.jpg
30214,1280,720,631.94293,353.39117,986.8637,986.74805,3.215,-0.105,3.716,-0.001279,0.953418,0.134883,-0.269811,img_143.jpg
30288,1280,720,631.94293,353.39117,986.8637,986.74805,3.215,-0.105,3.716,-0.001279,0.953418,0.134883,-0.269811,img_144.jpg
30353,1280,720,631.94293,353.39117,986.8637,986.74805,3.215,-0.105,3.716,-0.001279,0.953418,0.134883,-0.269811,img_145.jpg
30422,1280,720,631.94293,353.39117,986.8637,986.74805,3.215,-0.105,3.716,-0.001279,0.953418,0.134883,-0.269811,img_146.jpg
30482,1280,720,631.94293,353.39117,986.8637,986.74805,3.215,-0.105,3.716,-0.001279,0.953418,0.134883,-0.269811,img_147.jpg
30554,1280,720,631.94293,353.39117,986.8637,986.74805,3.215,-0.105,3.716,-0.001279,0.953418,0.134883,-0.269811,img_148.jpg
30613,1280,720,631.94293,353.39117,986.8637,986.74805,3.215,-0.105,3.716,-0.001279,0.953418,0.134883,-0.269811,img_149.jpg
30688,1280,720,631.94293,353.39117,986.8637,986.74805,3.215,-0.105,3.716,-0.001279,0.953418,0.134883,-0.269811,img_150.jpg
30751,1280,720,631.94293,353.39117,986.8637,986.74805,3.215,-0.105,3.716,-0.001279,0.953418,0.134883,-0.269811,img_151.jpg
30822,1280,720,631.94293,353.39117,986.8637,986.74805,3.215,-0.105,3.716,-0.001279,0.953418,0.134883,-0.269811,img_152.jpg
30881,1280,720,631.94293,353.39117,986.8637,986.74805,3.215,-0.105,3.716,-0.001279,0.953418,0.134883,-0.269811,img_153.jpg
30954,1280,720,631.94293,353.39117,986.8637,986.74805,3.215,-0.105,3.716,-0.001279,0.953418,0.134883,-0.269811,img_154.jpg
31013,1280,720,631.94293,353.39117,986.8637,986.74805,3.215,-0.105,3.716,-0.001279,0.953418,0.134883,-0.269811,img_155.jpg
31088,1280,720,631.94293,353.39117,986.8637,986.74805,3.215,-0.105,3.716,-0.001279,0.953418,0.134883,-0.269811,img_156.jpg
31149,1280,720,631.94293,353.39117,986.8637,986.74805,3.215,-0.105,3.716,-0.001279,0.953418,0.134883,-0.269811,img_157.jpg
31222,1280,720,631.94293,353.39117,986.8637,986.74805,3.215,-0.105,3.716,-0.001279,0.953418,0.134883,-0.269811,img_158.jpg
31281,1280,720,631.94293,353.39117,986.8637,986.74805,3.215,-0.105,3.716,-0.001279,0.953418,0.134883,-0.269811,img_159.jpg
31354,1280,720,631.94293,353.39117,986.8637,986.74805,3.215,-0.105,3.716,-0.001279,0.953418,0.134883,-0.269811,img_160.jpg
31412,1280,720,631.94293,353.39117,986.8637,986.74805,3.215,-0.105,3.716,-0.001279,0.953418,0.134883,-0.269811,img_161.jpg
31488,1280,720,631.94293,353.39117,986.8637,986.74805,3.215,-0.105,3.716,-0.001279,0.953418,0.134883,-0.269811,img_162.jpg
31547,1280,720,631.94293,353.39117,986.8637,986.74805,3.215,-0.105,3.716,-0.001279,0.953418,0.134883,-0.269811,img_163.jpg
31622,1280,720,631.94293,353.39117,986.8637,986.74805,3.215,-0.105,3.716,-0.001279,0.953418,0.134883,-0.269811,img_164.jpg
31680,1280,720,631.94293,353.39117,986.8637,986.74805,3.215,-0.105,3.716,-0.001279,0.953418,0.134883,-0.269811,img_165.jpg
31754,1280,720,631.94293,353.39117,986.8637,986.74805,3.215,-0.105,3.716,-0.001279,0.953418,0.134883,-0.269811,img_166.jpg
31812,1280,720,631.94293,353.39117,986.8637,986.74805,3.215,-0.105,3.716,-0.001279,0.953418,0.134883,-0.269811,img_167.jpg
31888,1280,720,631.94293,353.39117,986.8637,986.74805,3.215,-0.105,3.716,-0.001279,0.953418,0.134883,-0.269811,img_168.jpg
31950,1280,720,631.94293,353.39117,986.8637,986.74805,3.215,-0.105,3.716,-0.001279,0.953418,0.134883,-0.269811,img_169.jpg
32022,1280,720,631.94293,353.39117,986.8637,986.74805,3.215,-0.105,3.716,-0.001279,0.953418,0.134883,-0.269811,img_170.jpg
32080,1280,720,631.94293,353.39117,986.8637,986.74805,3.215,-0.105,3.716,-0.001279,0.953418,0.134883,-0.269811,img_171.jpg
32154,1280,720,631.94293,353.39117,986.8637,986.74805,3.215,-0.105,3.716,-0.001279,0.953418,0.134883,-0.269811,img_172.jpg
32213,1280,720,631.94293,353.39117,986.8637,986.74805,3.215,-0.105,3.716,-0.001279,0.953418,0.134883,-0.269811,img_173.jpg
32288,1280,720,631.94293,353.39117,986.8637,986.74805,3.215,-0.105,3.716,-0.001279,0.953418,0.134883,-0.269811,img_174.jpg
32348,1280,720,631.94293,353.39117,986.8637,986.74805,3.215,-0.105,3.716,-0.001279,0.953418,0.134883,-0.269811,img_175.jpg
32422,1280,720,631.94293,353.39117,986.8637,986.74805,3.215,-0.105,3.716,-0.001279,0.953418,0.134883,-0.269811,img_176.jpg
32482,1280,720,631.94293,353.39117,986.8637,986.74805,3.215,-0.105,3.716,-0.001279,0.953418,0.134883,-0.269811,img_177.jpg
32555,1280,720,631.94293,353.39117,986.8637,986.74805,3.215,-0.105,3.716,-0.001279,0.953418,0.134883,-0.269811,img_178.jpg
32613,1280,720,631.94293,353.39117,986.8637,986.74805,3.215,-0.105,3.716,-0.001279,0.953418,0.134883,-0.269811,img_179.jpg
32688,1280,720,631.94293,353.39117,986.8637,986.74805,3.215,-0.105,3.716,-0.001279,0.953418,0.134883,-0.269811,img_180.jpg
32751,1280,720,631.94293,353.39117,986.8637,986.74805,3.215,-0.105,3.716,-0.001279,0.953418,0.134883,-0.269811,img_181.jpg
32822,1280,720,631.94293,353.39117,986.8637,986.74805,3.215,-0.105,3.716,-0.001279,0.953418,0.134883,-0.269811,img_182.jpg
32882,1280,720,631.94293,353.39117,986.8637,986.74805,3.215,-0.105,3.716,-0.001279,0.953418,0.134883,-0.269811,img_183.jpg
32955,1280,720,631.94293,353.39117,986.8637,986.74805,3.215,-0.105,3.716,-0.001279,0.953418,0.134883,-0.269811,img_184.jpg
33016,1280,720,631.94293,353.39117,986.8637,986.74805,3.215,-0.105,3.716,-0.001279,0.953418,0.134883,-0.269811,img_185.jpg
33088,1280,720,631.94293,353.39117,986.8637,986.74805,3.215,-0.105,3.716,-0.001279,0.953418,0.134883,-0.269811,img_186.jpg
33153,1280,720,631.94293,353.39117,986.8637,986.74805,3.215,-0.105,3.716,-0.001279,0.953418,0.134883,-0.269811,img_187.jpg
33222,1280,720,631.94293,353.39117,986.8637,986.74805,3.215,-0.105,3.716,-0.001279,0.953418,0.134883,-0.269811,img_188.jpg
33284,1280,720,631.94293,353.39117,986.8637,986.74805,3.215,-0.105,3.716,-0.001279,0.953418,0.134883,-0.269811,img_189.jpg
33355,1280,720,631.94293,353.39117,986.8637,986.74805,3.215,-0.105,3.716,-0.001279,0.953418,0.134883,-0.269811,img_190.jpg
33420,1280,720,631.94293,353.39117,986.8637,986.74805,3.215,-0.105,3.716,-0.001279,0.953418,0.134883,-0.269811,img_191.jpg
33488,1280,720,631.94293,353.39117,986.8637,986.74805,3.215,-0.105,3.716,-0.001279,0.953418,0.134883,-0.269811,img_192.jpg
33553,1280,720,631.94293,353.39117,986.8637,986.74805,3.215,-0.105,3.716,-0.001279,0.953418,0.134883,-0.269811,img_193.jpg
33617,1280,720,631.94293,353.39117,986.8637,986.74805,3.215,-0.105,3.716,-0.001279,0.953418,0.134883,-0.269811,img_194.jpg
33688,1280,720,631.94293,353.39117,986.8637,986.74805,3.215,-0.105,3.716,-0.001279,0.953418,0.134883,-0.269811,img_195.jpg
33750,1280,720,631.94293,353.39117,986.8637,986.74805,3.215,-0.105,3.716,-0.001279,0.953418,0.134883,-0.269811,img_196.jpg
33822,1280,720,631.94293,353.39117,986.8637,986.74805,3.215,-0.105,3.716,-0.001279,0.953418,0.134883,-0.269811,img_197.jpg
33881,1280,720,631.94293,353.39117,986.8637,986.74805,3.215,-0.105,3.716,-0.001279,0.953418,0.134883,-0.269811,img_198.jpg
33955,1280,720,631.94293,353.39117,986.8637,986.74805,3.215,-0.105,3.716,-0.001279,0.953418,0.134883,-0.269811,img_199.jpg
34015,1280,720,631.94293,353.39117,986.8637,986.74805,3.215,-0.105,3.716,-0.001279,0.953418,0.134883,-0.269811,img_200.jpg
34088,1280,720,631.94293,353.39117,986.8637,986.74805,3.215,-0.105,3.716,-0.001279,0.953418,0.134883,-0.269811,img_201.jpg
34153,1280,720,631.94293,353.39117,986.8637,986.74805,3.215,-0.105,3.716,-0.001279,0.953418,0.134883,-0.269811,img_202.jpg
34222,1280,720,631.94293,353.39117,986.8637,986.74805,3.215,-0.105,3.716,-0.001279,0.953418,0.134883,-0.269811,img_203.jpg
34283,1280,720,631.94293,353.39117,986.8637,986.74805,3.215,-0.105,3.716,-0.001279,0.953418,0.134883,-0.269811,img_204.jpg
34355,1280,720,631.94293,353.39117,986.8637,986.74805,3.215,-0.105,3.716,-0.001279,0.953418,0.134883,-0.269811,img_205.jpg
34415,1280,720,631.94293,353.39117,986.8637,986.74805,3.215,-0.105,3.716,-0.001279,0.953418,0.134883,-0.269811,img_206.jpg
34488,1280,720,631.94293,353.39117,986.8637,986.74805,3.215,-0.105,3.716,-0.001279,0.953418,0.134883,-0.269811,img_207.jpg
34550,1280,720,631.94293,353.39117,986.8637,986.74805,3.215,-0.105,3.716,-0.001279,0.953418,0.134883,-0.269811,img_208.jpg
34622,1280,720,631.94293,353.39117,986.8637,986.74805,3.215,-0.105,3.716,-0.001279,0.953418,0.134883,-0.269811,img_209.jpg
34680,1280,720,631.94293,353.39117,986.8637,986.74805,3.215,-0.105,3.716,-0.001279,0.953418,0.134883,-0.269811,img_210.jpg
34755,1280,720,631.94293,353.39117,986.8637,986.74805,3.215,-0.105,3.716,-0.001279,0.953418,0.134883,-0.269811,img_211.jpg
34815,1280,720,631.94293,353.39117,986.8637,986.74805,3.215,-0.105,3.716,-0.001279,0.953418,0.134883,-0.269811,img_212.jpg
34888,1280,720,631.94293,353.39117,986.8637,986.74805,3.215,-0.105,3.716,-0.001279,0.953418,0.134883,-0.269811,img_213.jpg
34951,1280,720,631.94293,353.39117,986.8637,986.74805,3.215,-0.105,3.716,-0.001279,0.953418,0.134883,-0.269811,img_214.jpg
35022,1280,720,631.94293,353.39117,986.8637,986.74805,3.215,-0.105,3.716,-0.001279,0.953418,0.134883,-0.269811,img_215.jpg
35081,1280,720,631.94293,353.39117,986.8637,986.74805,3.215,-0.105,3.716,-0.001279,0.953418,0.134883,-0.269811,img_216.jpg
35155,1280,720,631.94293,353.39117,986.8637,986.74805,3.215,-0.105,3.716,-0.001279,0.953418,0.134883,-0.269811,img_217.jpg
35211,1280,720,631.94293,353.39117,986.8637,986.74805,3.215,-0.105,3.716,-0.001279,0.953418,0.134883,-0.269811,img_218.jpg
35288,1280,720,631.94293,353.39117,986.8637,986.74805,3.215,-0.105,3.716,-0.001279,0.953418,0.134883,-0.269811,img_219.jpg
35348,1280,720,631.94293,353.39117,986.8637,986.74805,3.215,-0.105,3.716,-0.001279,0.953418,0.134883,-0.269811,img_220.jpg
35422,1280,720,631.94293,353.39117,986.8637,986.74805,3.215,-0.105,3.716,-0.001279,0.953418,0.134883,-0.269811,img_221.jpg
35484,1280,720,631.94293,353.39117,986.8637,986.74805,3.215,-0.105,3.716,-0.001279,0.953418,0.134883,-0.269811,img_222.jpg
35555,1280,720,631.94293,353.39117,986.8637,986.74805,3.215,-0.105,3.716,-0.001279,0.953418,0.134883,-0.269811,img_223.jpg
35622,1280,720,631.94293,353.39117,986.8637,986.74805,3.215,-0.105,3.716,-0.001279,0.953418,0.134883,-0.269811,img_224.jpg
35688,1280,720,631.94293,353.39117,986.8637,986.74805,3.215,-0.105,3.716,-0.001279,0.953418,0.134883,-0.269811,img_225.jpg
35755,1280,720,631.94293,353.39117,986.8637,986.74805,3.215,-0.105,3.716,-0.001279,0.953418,0.134883,-0.269811,img_226.jpg
35816,1280,720,631.94293,353.39117,986.8637,986.74805,3.215,-0.105,3.716,-0.001279,0.953418,0.134883,-0.269811,img_227.jpg
35889,1280,720,631.94293,353.39117,986.8637,986.74805,3.215,-0.105,3.716,-0.001279,0.953418,0.134883,-0.269811,img_228.jpg
35952,1280,720,631.94293,353.39117,986.8637,986.74805,3.215,-0.105,3.716,-0.001279,0.953418,0.134883,-0.269811,img_229.jpg
36022,1280,720,631.94293,353.39117,986.8637,986.74805,3.215,-0.105,3.716,-0.001279,0.953418,0.134883,-0.269811,img_230.jpg
36090,1280,720,631.94293,353.39117,986.8637,986.74805,3.215,-0.105,3.716,-0.001279,0.953418,0.134883,-0.269811,img_231.jpg
36159,1280,720,631.94293,353.39117,986.8637,986.74805,3.215,-0.105,3.716,-0.001279,0.953418,0.134883,-0.269811,img_232.jpg
36239,1280,720,631.94293,353.39117,986.8637,986.74805,3.215,-0.105,3.716,-0.001279,0.953418,0.134883,-0.269811,img_233.jpg
36302,1280,720,631.94293,353.39117,986.8637,986.74805,3.215,-0.105,3.716,-0.001279,0.953418,0.134883,-0.269811,img_234.jpg
36389,1280,720,631.94293,353.39117,986.8637,986.74805,3.215,-0.105,3.716,-0.001279,0.953418,0.134883,-0.269811,img_235.jpg
36472,1280,720,631.94293,353.39117,986.8637,986.74805,3.215,-0.105,3.716,-0.001279,0.953418,0.134883,-0.269811,img_236.jpg
36555,1280,720,631.94293,353.39117,986.8637,986.74805,3.215,-0.105,3.716,-0.001279,0.953418,0.134883,-0.269811,img_237.jpg
36622,1280,720,631.94293,353.39117,986.8637,986.74805,3.215,-0.105,3.716,-0.001279,0.953418,0.134883,-0.269811,img_238.jpg
36706,1280,720,631.94293,353.39117,986.8637,986.74805,3.215,-0.105,3.716,-0.001279,0.953418,0.134883,-0.269811,img_239.jpg
36771,1280,720,631.94293,353.39117,986.8637,986.74805,3.215,-0.105,3.716,-0.001279,0.953418,0.134883,-0.269811,img_240.jpg
36855,1280,720,631.94293,353.39117,986.8637,986.74805,3.215,-0.105,3.716,-0.001279,0.953418,0.134883,-0.269811,img_241.jpg
36923,1280,720,631.94293,353.39117,986.8637,986.74805,3.215,-0.105,3.716,-0.001279,0.953418,0.134883,-0.269811,img_242.jpg
36989,1280,720,631.94293,353.39117,986.8637,986.74805,3.215,-0.105,3.716,-0.001279,0.953418,0.134883,-0.269811,img_243.jpg
37072,1280,720,631.94293,353.39117,986.8637,986.74805,3.215,-0.105,3.716,-0.001279,0.953418,0.134883,-0.269811,img_244.jpg
37142,1280,720,631.94293,353.39117,986.8637,986.74805,3.215,-0.105,3.716,-0.001279,0.953418,0.134883,-0.269811,img_245.jpg
37207,1280,720,631.94293,353.39117,986.8637,986.74805,3.215,-0.105,3.716,-0.001279,0.953418,0.134883,-0.269811,img_246.jpg
37289,1280,720,631.94293,353.39117,986.8637,986.74805,3.215,-0.105,3.716,-0.001279,0.953418,0.134883,-0.269811,img_247.jpg
37359,1280,720,631.94293,353.39117,986.8637,986.74805,3.215,-0.105,3.716,-0.001279,0.953418,0.134883,-0.269811,img_248.jpg
37439,1280,720,631.94293,353.39117,986.8637,986.74805,3.215,-0.105,3.716,-0.001279,0.953418,0.134883,-0.269811,img_249.jpg
37506,1280,720,631.94293,353.39117,986.8637,986.74805,3.215,-0.105,3.716,-0.001279,0.953418,0.134883,-0.269811,img_250.jpg
37589,1280,720,631.94293,353.39117,986.8637,986.74805,3.215,-0.105,3.716,-0.001279,0.953418,0.134883,-0.269811,img_251.jpg
37656,1280,720,631.94293,353.39117,986.8637,986.74805,3.215,-0.105,3.716,-0.001279,0.953418,0.134883,-0.269811,img_252.jpg
37725,1280,720,631.94293,353.39117,986.8637,986.74805,3.215,-0.105,3.716,-0.001279,0.953418,0.134883,-0.269811,img_253.jpg
37791,1280,720,631.94293,353.39117,986.8637,986.74805,3.215,-0.105,3.716,-0.001279,0.953418,0.134883,-0.269811,img_254.jpg
37864,1280,720,631.94293,353.39117,986.8637,986.74805,3.215,-0.105,3.716,-0.001279,0.953418,0.134883,-0.269811,img_255.jpg
37939,1280,720,631.94293,353.39117,986.8637,986.74805,3.215,-0.105,3.716,-0.001279,0.953418,0.134883,-0.269811,img_256.jpg
38023,1280,720,631.94293,353.39117,986.8637,986.74805,3.215,-0.105,3.716,-0.001279,0.953418,0.134883,-0.269811,img_257.jpg
38106,1280,720,631.94293,353.39117,986.8637,986.74805,3.215,-0.105,3.716,-0.001279,0.953418,0.134883,-0.269811,img_258.jpg
38172,1280,720,631.94293,353.39117,986.8637,986.74805,3.215,-0.105,3.716,-0.001279,0.953418,0.134883,-0.269811,img_259.jpg
38256,1280,720,631.94293,353.39117,986.8637,986.74805,3.215,-0.105,3.716,-0.001279,0.953418,0.134883,-0.269811,img_260.jpg
38320,1280,720,631.94293,353.39117,986.8637,986.74805,3.215,-0.105,3.716,-0.001279,0.953418,0.134883,-0.269811,img_261.jpg
38405,1280,720,631.94293,353.39117,986.8637,986.74805,3.215,-0.105,3.716,-0.001279,0.953418,0.134883,-0.269811,img_262.jpg
38478,1280,720,631.94293,353.39117,986.8637,986.74805,3.215,-0.105,3.716,-0.001279,0.953418,0.134883,-0.269811,img_263.jpg
38544,1280,720,631.94293,353.39117,986.8637,986.74805,3.215,-0.105,3.716,-0.001279,0.953418,0.134883,-0.269811,img_264.jpg
38611,1280,720,631.94293,353.39117,986.8637,986.74805,3.215,-0.105,3.716,-0.001279,0.953418,0.134883,-0.269811,img_265.jpg
38690,1280,720,631.94293,353.39117,986.8637,986.74805,3.215,-0.105,3.716,-0.001279,0.953418,0.134883,-0.269811,img_266.jpg
38763,1280,720,631.94293,353.39117,986.8637,986.74805,3.215,-0.105,3.716,-0.001279,0.953418,0.134883,-0.269811,img_267.jpg
38840,1280,720,631.94293,353.39117,986.8637,986.74805,3.455,0.014,3.093,0.054282,0.775886,0.086779,-0.622514,img_268.jpg
38923,1280,720,631.94293,353.39117,986.8637,986.74805,3.484,0.012,3.075,0.046234,0.783995,0.078356,-0.614065,img_269.jpg
38989,1280,720,631.94293,353.39117,986.8637,986.74805,3.460,0.017,3.095,0.042193,0.788129,0.082316,-0.608521,img_270.jpg
39072,1280,720,631.94293,353.39117,986.8637,986.74805,3.461,0.016,3.097,0.045097,0.793504,0.087381,-0.600568,img_271.jpg
39137,1280,720,631.94293,353.39117,986.8637,986.74805,3.458,0.017,3.102,0.045920,0.799115,0.088123,-0.592908,img_272.jpg
39207,1280,720,631.94293,353.39117,986.8637,986.74805,3.457,0.016,3.104,0.047308,0.806170,0.087558,-0.583255,img_273.jpg
39290,1280,720,631.94293,353.39117,986.8637,986.74805,3.461,0.014,3.107,0.048840,0.812229,0.085225,-0.575009,img_274.jpg
39361,1280,720,631.94293,353.39117,986.8637,986.74805,3.458,0.015,3.112,0.047174,0.818948,0.084746,-0.565612,img_275.jpg
39456,1280,720,631.94293,353.39117,986.8637,986.74805,3.452,0.014,3.121,0.046298,0.822407,0.085516,-0.560527,img_276.jpg
39540,1280,720,631.94293,353.39117,986.8637,986.74805,3.448,0.015,3.132,0.044163,0.825720,0.084193,-0.556011,img_277.jpg
39611,1280,720,631.94293,353.39117,986.8637,986.74805,3.441,0.016,3.143,0.041154,0.828466,0.083209,-0.552293,img_278.jpg
39688,1280,720,631.94293,353.39117,986.8637,986.74805,3.429,0.018,3.164,0.034248,0.831841,0.081246,-0.547966,img_279.jpg
39773,1280,720,631.94293,353.39117,986.8637,986.74805,3.421,0.017,3.181,0.031877,0.833427,0.081180,-0.545704,img_280.jpg
39848,1280,720,631.94293,353.39117,986.8637,986.74805,3.412,0.016,3.198,0.028462,0.833695,0.082545,-0.545279,img_281.jpg
39924,1280,720,631.94293,353.39117,986.8637,986.74805,3.395,0.014,3.225,0.023364,0.830592,0.084329,-0.549963,img_282.jpg
40007,1280,720,631.94293,353.39117,986.8637,986.74805,3.384,0.013,3.243,0.023149,0.828422,0.082917,-0.553449,img_283.jpg
40090,1280,720,631.94293,353.39117,986.8637,986.74805,3.365,0.012,3.277,0.022086,0.824184,0.083051,-0.559764,img_284.jpg
40173,1280,720,631.94293,353.39117,986.8637,986.74805,3.350,0.013,3.297,0.022670,0.821855,0.079835,-0.563620,img_285.jpg
40257,1280,720,631.94293,353.39117,986.8637,986.74805,3.333,0.013,3.319,0.023344,0.821445,0.076326,-0.564675,img_286.jpg
40330,1280,720,631.94293,353.39117,986.8637,986.74805,3.308,0.014,3.357,0.024995,0.821468,0.079008,-0.564202,img_287.jpg
40408,1280,720,631.94293,353.39117,986.8637,986.74805,3.292,0.014,3.381,0.024589,0.820571,0.085811,-0.564531,img_288.jpg
40490,1280,720,631.94293,353.39117,986.8637,986.74805,3.274,0.016,3.413,0.023889,0.826965,0.087223,-0.554932,img_289.jpg
40556,1280,720,631.94293,353.39117,986.8637,986.74805,3.266,0.018,3.434,0.023964,0.832694,0.089792,-0.545879,img_290.jpg
40640,1280,720,631.94293,353.39117,986.8637,986.74805,3.256,0.018,3.457,0.023756,0.838698,0.091396,-0.536348,img_291.jpg
40709,1280,720,631.94293,353.39117,986.8637,986.74805,3.250,0.016,3.483,0.023341,0.845189,0.095984,-0.525259,img_292.jpg
40790,1280,720,631.94293,353.39117,986.8637,986.74805,3.243,0.011,3.522,0.021148,0.859794,0.102903,-0.499718,img_293.jpg
40873,1280,720,631.94293,353.39117,986.8637,986.74805,3.246,0.009,3.544,0.021946,0.864906,0.111065,-0.488999,img_294.jpg
40949,1280,720,631.94293,353.39117,986.8637,986.74805,3.243,0.005,3.570,0.024540,0.872412,0.111460,-0.475260,img_295.jpg
41021,1280,720,631.94293,353.39117,986.8637,986.74805,3.241,0.004,3.599,0.028430,0.879765,0.113492,-0.460787,img_296.jpg
41108,1280,720,631.94293,353.39117,986.8637,986.74805,3.238,0.002,3.648,0.030164,0.890233,0.111723,-0.440559,img_297.jpg
41179,1280,720,631.94293,353.39117,986.8637,986.74805,3.238,0.002,3.681,0.032887,0.897169,0.109518,-0.426630,img_298.jpg
41254,1280,720,631.94293,353.39117,986.8637,986.74805,3.238,0.005,3.737,0.039937,0.907542,0.108572,-0.403713,img_299.jpg
41341,1280,720,631.94293,353.39117,986.8637,986.74805,3.237,0.008,3.774,0.042578,0.915270,0.102344,-0.387290,img_300.jpg
41412,1280,720,631.94293,353.39117,986.8637,986.74805,3.242,0.009,3.812,0.040156,0.921524,0.106806,-0.371177,img_301.jpg
41487,1280,720,631.94293,353.39117,986.8637,986.74805,3.240,0.009,3.866,0.040300,0.933548,0.100927,-0.341580,img_302.jpg
41574,1280,720,631.94293,353.39117,986.8637,986.74805,3.236,0.010,3.897,0.037409,0.939987,0.103143,-0.323090,img_303.jpg
41646,1280,720,631.94293,353.39117,986.8637,986.74805,3.229,0.007,3.932,0.034069,0.945164,0.105800,-0.307101,img_304.jpg
41721,1280,720,631.94293,353.39117,986.8637,986.74805,3.221,0.006,3.972,0.032121,0.951934,0.107013,-0.285197,img_305.jpg
41808,1280,720,631.94293,353.39117,986.8637,986.74805,3.215,0.006,4.003,0.026919,0.954387,0.109771,-0.276352,img_306.jpg
41883,1280,720,631.94293,353.39117,986.8637,986.74805,3.209,0.005,4.036,0.027823,0.957681,0.106821,-0.265824,img_307.jpg
41959,1280,720,631.94293,353.39117,986.8637,986.74805,3.194,0.002,4.086,0.025150,0.961830,0.102096,-0.252640,img_308.jpg
42040,1280,720,631.94293,353.39117,986.8637,986.74805,3.183,0.005,4.126,0.021175,0.964495,0.098724,-0.244039,img_309.jpg
42110,1280,720,631.94293,353.39117,986.8637,986.74805,3.170,0.008,4.162,0.013994,0.966412,0.105808,-0.233789,img_310.jpg
42186,1280,720,631.94293,353.39117,986.8637,986.74805,3.154,0.011,4.216,0.013245,0.969588,0.105345,-0.220512,img_311.jpg
42258,1280,720,631.94293,353.39117,986.8637,986.74805,3.141,0.015,4.245,0.012251,0.972443,0.106412,-0.207077,img_312.jpg
42341,1280,720,631.94293,353.39117,986.8637,986.74805,3.129,0.018,4.273,0.010041,0.975923,0.101278,-0.192914,img_313.jpg
42412,1280,720,631.94293,353.39117,986.8637,986.74805,3.116,0.025,4.300,0.007291,0.979546,0.095441,-0.176998,img_314.jpg
42492,1280,720,631.94293,353.39117,986.8637,986.74805,3.096,0.023,4.340,-0.001315,0.984478,0.093130,-0.148755,img_315.jpg
42575,1280,720,631.94293,353.39117,986.8637,986.74805,3.087,0.023,4.367,-0.003394,0.987412,0.091083,-0.129271,img_316.jpg
42645,1280,720,631.94293,353.39117,986.8637,986.74805,3.079,0.024,4.393,-0.001533,0.990342,0.086002,-0.108736,img_317.jpg
42717,1280,720,631.94293,353.39117,986.8637,986.74805,3.074,0.027,4.416,0.004137,0.993851,0.074976,-0.081375,img_318.jpg
42808,1280,720,631.94293,353.39117,986.8637,986.74805,3.062,0.033,4.464,-0.001701,0.995835,0.079274,-0.044994,img_319.jpg
42875,1280,720,631.94293,353.39117,986.8637,986.74805,3.052,0.038,4.490,0.005227,0.997055,0.074535,-0.017269,img_320.jpg
42951,1280,720,631.94293,353.39117,986.8637,986.74805,3.039,0.042,4.515,0.000768,0.997180,0.074920,0.004231,img_321.jpg
43021,1280,720,631.94293,353.39117,986.8637,986.74805,3.025,0.046,4.555,0.000408,0.996819,0.071318,0.035560,img_322.jpg
43110,1280,720,631.94293,353.39117,986.8637,986.74805,3.013,0.048,4.575,0.001970,0.995952,0.070937,0.055169,img_323.jpg
43183,1280,720,631.94293,353.39117,986.8637,986.74805,2.999,0.049,4.589,0.002244,0.994613,0.070513,0.075952,img_324.jpg
43255,1280,720,631.94293,353.39117,986.8637,986.74805,2.970,0.052,4.607,0.003780,0.991637,0.069623,0.108600,img_325.jpg
43341,1280,720,631.94293,353.39117,986.8637,986.74805,2.949,0.052,4.619,-0.001103,-0.988785,-0.071695,-0.131006,img_326.jpg
43410,1280,720,631.94293,353.39117,986.8637,986.74805,2.930,0.054,4.627,0.005624,-0.987032,-0.075696,-0.141446,img_327.jpg
43478,1280,720,631.94293,353.39117,986.8637,986.74805,2.912,0.057,4.634,0.004559,-0.985483,-0.072688,-0.153360,img_328.jpg
43554,1280,720,631.94293,353.39117,986.8637,986.74805,2.882,0.058,4.639,0.007218,-0.982509,-0.072060,-0.171556,img_329.jpg
43643,1280,720,631.94293,353.39117,986.8637,986.74805,2.862,0.058,4.640,0.009020,-0.981598,-0.071716,-0.176753,img_330.jpg
43727,1280,720,631.94293,353.39117,986.8637,986.74805,2.845,0.057,4.636,0.006265,-0.981146,-0.068587,-0.180579,img_331.jpg
43803,1280,720,631.94293,353.39117,986.8637,986.74805,2.813,0.057,4.633,0.010944,-0.981930,-0.065384,-0.177251,img_332.jpg
43893,1280,720,631.94293,353.39117,986.8637,986.74805,2.772,0.054,4.626,0.014162,-0.982893,-0.061388,-0.173065,img_333.jpg
43976,1280,720,631.94293,353.39117,986.8637,986.74805,2.739,0.051,4.614,0.014839,-0.984120,-0.057174,-0.167391,img_334.jpg
44041,1280,720,631.94293,353.39117,986.8637,986.74805,2.700,0.045,4.601,0.011547,-0.985277,-0.054484,-0.161639,img_335.jpg
44113,1280,720,631.94293,353.39117,986.8637,986.74805,2.655,0.037,4.585,0.009957,-0.987391,-0.053630,-0.148604,img_336.jpg
44184,1280,720,631.94293,353.39117,986.8637,986.74805,2.577,0.030,4.570,0.010557,-0.990919,-0.060920,-0.119400,img_337.jpg
44259,1280,720,631.94293,353.39117,986.8637,986.74805,2.531,0.027,4.564,-0.007171,0.992312,0.071963,0.100434,img_338.jpg
44342,1280,720,631.94293,353.39117,986.8637,986.74805,2.488,0.024,4.563,-0.024563,0.993434,0.093896,0.060570,img_339.jpg
44410,1280,720,631.94293,353.39117,986.8637,986.74805,2.456,0.026,4.568,-0.018583,0.992924,0.099779,0.061651,img_340.jpg
44477,1280,720,631.94293,353.39117,986.8637,986.74805,2.419,0.031,4.567,-0.021615,0.992515,0.102105,0.063415,img_341.jpg
44549,1280,720,631.94293,353.39117,986.8637,986.74805,2.353,0.003,4.540,-0.021863,0.994630,0.087108,0.051436,img_342.jpg
44626,1280,720,631.94293,353.39117,986.8637,986.74805,2.331,0.004,4.537,-0.020009,0.994794,0.085387,0.051894,img_343.jpg
44710,1280,720,631.94293,353.39117,986.8637,986.74805,2.328,0.020,4.532,-0.018529,0.993469,0.092184,0.064643,img_344.jpg
44786,1280,720,631.94293,353.39117,986.8637,986.74805,2.298,0.025,4.535,-0.022684,0.992812,0.098507,0.064080,img_345.jpg
44860,1280,720,631.94293,353.39117,986.8637,986.74805,2.278,0.026,4.536,-0.020156,0.992767,0.098517,0.065586,img_346.jpg
44943,1280,720,631.94293,353.39117,986.8637,986.74805,2.254,0.022,4.538,-0.017300,0.992564,0.100558,0.066376,img_347.jpg
45010,1280,720,631.94293,353.39117,986.8637,986.74805,2.235,0.023,4.539,-0.002414,0.992442,0.100331,0.070612,img_348.jpg
45084,1280,720,631.94293,353.39117,986.8637,986.74805,2.222,0.029,4.541,0.026367,0.992204,0.090884,0.081088,img_349.jpg
45161,1280,720,631.94293,353.39117,986.8637,986.74805,2.193,0.033,4.552,0.026476,0.991187,0.100552,0.082076,img_350.jpg
45243,1280,720,631.94293,353.39117,986.8637,986.74805,2.172,0.037,4.554,0.033702,0.991652,0.092383,0.083400,img_351.jpg
45314,1280,720,631.94293,353.39117,986.8637,986.74805,2.144,0.040,4.555,0.022840,0.992074,0.091667,0.082855,img_352.jpg
45392,1280,720,631.94293,353.39117,986.8637,986.74805,2.096,0.038,4.553,0.013237,0.992247,0.091639,0.082899,img_353.jpg
45476,1280,720,631.94293,353.39117,986.8637,986.74805,2.067,0.038,4.547,0.013418,0.992878,0.088561,0.078550,img_354.jpg
45554,1280,720,631.94293,353.39117,986.8637,986.74805,2.023,0.038,4.535,0.011663,0.994680,0.084041,0.058416,img_355.jpg
45643,1280,720,631.94293,353.39117,986.8637,986.74805,1.994,0.040,4.524,0.008957,0.995968,0.078879,0.041779,img_356.jpg
45718,1280,720,631.94293,353.39117,986.8637,986.74805,1.967,0.043,4.513,0.005274,0.996806,0.075689,0.024915,img_357.jpg
45796,1280,720,631.94293,353.39117,986.8637,986.74805,1.937,0.043,4.507,-0.002256,0.996123,0.087916,-0.002151,img_358.jpg
45876,1280,720,631.94293,353.39117,986.8637,986.74805,1.927,0.043,4.506,0.009354,0.996614,0.080957,-0.010876,img_359.jpg
45950,1280,720,631.94293,353.39117,986.8637,986.74805,1.918,0.040,4.513,0.008294,0.995854,0.087066,-0.024996,img_360.jpg
46026,1280,720,631.94293,353.39117,986.8637,986.74805,1.919,0.038,4.521,0.012760,0.995756,0.087115,-0.026803,img_361.jpg
46112,1280,720,631.94293,353.39117,986.8637,986.74805,1.924,0.041,4.528,0.019176,0.996079,0.081595,-0.028310,img_362.jpg
46187,1280,720,631.94293,353.39117,986.8637,986.74805,1.940,0.043,4.548,0.013411,0.993822,0.093552,-0.058185,img_363.jpg
46261,1280,720,631.94293,353.39117,986.8637,986.74805,1.958,0.042,4.560,0.015512,0.985035,0.108871,-0.132709,img_364.jpg
46343,1280,720,631.94293,353.39117,986.8637,986.74805,1.975,0.041,4.572,0.017492,0.981876,0.110370,-0.153076,img_365.jpg
46407,1280,720,631.94293,353.39117,986.8637,986.74805,1.990,0.039,4.586,0.015549,0.981721,0.113924,-0.151668,img_366.jpg
46477,1280,720,631.94293,353.39117,986.8637,986.74805,2.002,0.036,4.599,0.014221,0.980598,0.117272,-0.156438,img_367.jpg
46558,1280,720,631.94293,353.39117,986.8637,986.74805,2.018,0.033,4.619,0.019124,0.982102,0.115197,-0.147785,img_368.jpg
46644,1280,720,631.94293,353.39117,986.8637,986.74805,2.026,0.032,4.631,0.020682,0.983326,0.114506,-0.139752,img_369.jpg
46717,1280,720,631.94293,353.39117,986.8637,986.74805,2.033,0.031,4.641,0.023430,0.984282,0.112102,-0.134436,img_370.jpg
46811,1280,720,631.94293,353.39117,986.8637,986.74805,2.032,0.025,4.651,0.026754,0.984152,0.105624,-0.139905,img_371.jpg
46882,1280,720,631.94293,353.39117,986.8637,986.74805,2.030,0.022,4.657,0.025873,0.983568,0.104174,-0.145161,img_372.jpg,marker_11.jpg,0.26557523,0.26557523,2.278,-0.083,5.346,0.059002,0.702188,-0.706665,-0.706665
46977,1280,720,631.94293,353.39117,986.8637,986.74805,2.028,0.021,4.657,0.024638,0.982882,0.105201,-0.149225,img_373.jpg
47048,1280,720,631.94293,353.39117,986.8637,986.74805,2.023,0.019,4.656,0.029812,0.983106,0.102429,-0.148733,img_374.jpg
47127,1280,720,631.94293,353.39117,986.8637,986.74805,2.011,0.015,4.652,0.032380,0.983898,0.099949,-0.144590,img_375.jpg
47211,1280,720,631.94293,353.39117,986.8637,986.74805,2.000,0.013,4.648,0.032446,0.984187,0.099060,-0.143211,img_376.jpg
47283,1280,720,631.94293,353.39117,986.8637,986.74805,1.974,0.009,4.634,0.025039,0.984393,0.099736,-0.142814,img_377.jpg
47377,1280,720,631.94293,353.39117,986.8637,986.74805,1.950,0.008,4.621,0.017657,0.984494,0.100943,-0.142374,img_378.jpg
47446,1280,720,631.94293,353.39117,986.8637,986.74805,1.922,0.009,4.601,0.010737,0.984893,0.099557,-0.141279,img_379.jpg,marker_11.jpg,0.27139333,0.27139333,2.281,-0.085,5.348,-0.066026,-0.694382,0.712748,0.712748
47527,1280,720,631.94293,353.39117,986.8637,986.74805,1.872,0.013,4.563,0.003446,0.986805,0.093577,-0.132088,img_380.jpg
47611,1280,720,631.94293,353.39117,986.8637,986.74805,1.816,0.021,4.517,-0.004588,0.989868,0.084697,-0.113875,img_381.jpg
47694,1280,720,631.94293,353.39117,986.8637,986.74805,1.779,0.026,4.486,-0.007140,0.991892,0.083480,-0.095550,img_382.jpg
47777,1280,720,631.94293,353.39117,986.8637,986.74805,1.741,0.028,4.454,-0.006220,0.993865,0.080131,-0.075977,img_383.jpg
47854,1280,720,631.94293,353.39117,986.8637,986.74805,1.685,0.025,4.413,-0.004067,0.995813,0.079189,-0.045484,img_384.jpg
47944,1280,720,631.94293,353.39117,986.8637,986.74805,1.651,0.022,4.389,-0.009362,0.995486,0.085469,-0.040196,img_385.jpg
48024,1280,720,631.94293,353.39117,986.8637,986.74805,1.605,0.017,4.353,-0.006908,0.995417,0.084910,-0.043455,img_386.jpg
48112,1280,720,631.94293,353.39117,986.8637,986.74805,1.570,0.014,4.335,-0.006546,0.996211,0.082471,-0.026808,img_387.jpg
48185,1280,720,631.94293,353.39117,986.8637,986.74805,1.504,0.008,4.313,-0.020527,0.995409,0.092610,-0.012790,img_388.jpg
48277,1280,720,631.94293,353.39117,986.8637,986.74805,1.455,0.003,4.297,-0.021518,0.995405,0.093232,0.003594,img_389.jpg
48355,1280,720,631.94293,353.39117,986.8637,986.74805,1.374,-0.005,4.271,-0.018507,0.994415,0.098630,0.032690,img_390.jpg
48444,1280,720,631.94293,353.39117,986.8637,986.74805,1.316,-0.007,4.252,-0.015894,0.992387,0.109458,0.054176,img_391.jpg
48518,1280,720,631.94293,353.39117,986.8637,986.74805,1.257,-0.005,4.235,-0.021637,0.989150,0.126807,0.070957,img_392.jpg
48594,1280,720,631.94293,353.39117,986.8637,986.74805,1.176,0.003,4.205,0.036441,-0.984419,-0.140031,-0.099914,img_393.jpg
48678,1280,720,631.94293,353.39117,986.8637,986.74805,1.126,0.005,4.185,0.033624,-0.980891,-0.137989,-0.132971,img_394.jpg
48752,1280,720,631.94293,353.39117,986.8637,986.74805,1.061,0.008,4.156,0.043221,-0.978073,-0.131903,-0.155264,img_395.jpg
48844,1280,720,631.94293,353.39117,986.8637,986.74805,1.020,0.010,4.134,0.033514,-0.977260,-0.124859,-0.168077,img_396.jpg
48917,1280,720,631.94293,353.39117,986.8637,986.74805,0.980,0.011,4.110,0.031435,-0.977812,-0.115178,-0.172130,img_397.jpg
48993,1280,720,631.94293,353.39117,986.8637,986.74805,0.921,0.016,4.075,0.031048,-0.980696,-0.102645,-0.163507,img_398.jpg
49078,1280,720,631.94293,353.39117,986.8637,986.74805,0.862,0.020,4.031,0.032483,-0.983687,-0.093590,-0.150154,img_399.jpg
49161,1280,720,631.94293,353.39117,986.8637,986.74805,0.824,0.024,4.005,0.028563,-0.983762,-0.090343,-0.152429,img_400.jpg
49245,1280,720,631.94293,353.39117,986.8637,986.74805,0.780,0.028,3.984,0.035057,-0.982740,-0.101112,-0.150895,img_401.jpg
49315,1280,720,631.94293,353.39117,986.8637,986.74805,0.734,0.034,3.959,0.021998,-0.982170,-0.107607,-0.152577,img_402.jpg
49395,1280,720,631.94293,353.39117,986.8637,986.74805,0.737,0.039,3.965,0.012225,-0.984009,-0.102457,-0.145188,img_403.jpg
49478,1280,720,631.94293,353.39117,986.8637,986.74805,0.723,0.043,3.967,0.012832,-0.985691,-0.100695,-0.134567,img_404.jpg
49558,1280,720,631.94293,353.39117,986.8637,986.74805,0.693,0.050,3.962,0.008483,-0.988864,-0.086333,-0.120924,img_405.jpg
49645,1280,720,631.94293,353.39117,986.8637,986.74805,0.662,0.057,3.966,-0.007101,0.990768,0.074439,0.113080,img_406.jpg
49728,1280,720,631.94293,353.39117,986.8637,986.74805,0.645,0.062,3.972,-0.000478,0.991007,0.065060,0.116932,img_407.jpg
49813,1280,720,631.94293,353.39117,986.8637,986.74805,0.627,0.066,3.978,-0.000645,0.991553,0.065868,0.111730,img_408.jpg
49885,1280,720,631.94293,353.39117,986.8637,986.74805,0.606,0.067,3.991,0.002876,0.990212,0.085827,0.110026,img_409.jpg
49981,1280,720,631.94293,353.39117,986.8637,986.74805,0.594,0.061,3.997,0.013904,0.988675,0.097090,0.113589,img_410.jpg
50062,1280,720,631.94293,353.39117,986.8637,986.74805,0.586,0.058,3.999,0.011734,0.988164,0.103374,0.112734,img_411.jpg
50133,1280,720,631.94293,353.39117,986.8637,986.74805,0.579,0.056,3.999,0.011823,0.988595,0.106748,0.105568,img_412.jpg
50212,1280,720,631.94293,353.39117,986.8637,986.74805,0.564,0.055,3.995,0.008927,0.989799,0.106012,0.094758,img_413.jpg
50297,1280,720,631.94293,353.39117,986.8637,986.74805,0.555,0.055,3.992,0.006853,0.990167,0.110743,0.085196,img_414.jpg
50376,1280,720,631.94293,353.39117,986.8637,986.74805,0.545,0.054,3.987,0.002133,0.990857,0.111309,0.076207,img_415.jpg
50448,1280,720,631.94293,353.39117,986.8637,986.74805,0.532,0.054,3.978,0.008331,0.991021,0.115753,0.066404,img_416.jpg,marker_12.jpg,0.2774186,0.2774186,0.457,-0.098,4.512,0.085962,0.695818,-0.710547,-0.710547
50545,1280,720,631.94293,353.39117,986.8637,986.74805,0.521,0.052,3.972,0.002613,0.990306,0.128282,0.053203,img_417.jpg
50630,1280,720,631.94293,353.39117,986.8637,986.74805,0.515,0.052,3.968,-0.000019,0.990559,0.127367,0.050706,img_418.jpg
50714,1280,720,631.94293,353.39117,986.8637,986.74805,0.509,0.053,3.966,-0.004777,0.990650,0.126666,0.050448,img_419.jpg
50794,1280,720,631.94293,353.39117,986.8637,986.74805,0.501,0.052,3.959,-0.011017,0.991057,0.121664,0.053693,img_420.jpg
50879,1280,720,631.94293,353.39117,986.8637,986.74805,0.496,0.053,3.954,-0.010617,0.991240,0.120069,0.053989,img_421.jpg
50962,1280,720,631.94293,353.39117,986.8637,986.74805,0.493,0.054,3.951,-0.009695,0.991224,0.119731,0.055182,img_422.jpg
51034,1280,720,631.94293,353.39117,986.8637,986.74805,0.490,0.054,3.949,-0.008604,0.991126,0.120323,0.055832,img_423.jpg
51129,1280,720,631.94293,353.39117,986.8637,986.74805,0.487,0.054,3.945,-0.007297,0.991313,0.119275,0.054950,img_424.jpg,marker_12.jpg,0.27734512,0.27734512,0.458,-0.098,4.514,0.082541,0.695956,-0.711239,-0.711239
51213,1280,720,631.94293,353.39117,986.8637,986.74805,0.482,0.055,3.942,-0.007060,0.991266,0.120810,0.052415,img_425.jpg
51298,1280,720,631.94293,353.39117,986.8637,986.74805,0.479,0.055,3.941,-0.004792,0.991311,0.120165,0.053285,img_426.jpg
51398,1280,720,631.94293,353.39117,986.8637,986.74805,0.471,0.056,3.939,-0.007909,0.991320,0.122136,0.048009,img_427.jpg
