time,sizeX,sizeY,p_x,p_y,f_x,f_y,pos_X,pos_Y,pos_Z,q_x,q_y,q_z,q_w,marker_ID,marker_x,marker_y,marker_z,marker_qx,marker_qy,marker_qz,marker_qw,marker_ID,marker_x,marker_y,marker_z,marker_qx,marker_qy,marker_qz,marker_qw,marker_ID,marker_x,marker_y,marker_z,marker_qx,marker_qy,marker_qz,marker_qw,
12329,1280,720,631.94293,353.39117,986.8637,986.74805,0.493,-0.104,0.946,0.056606,0.030512,0.024422,-0.997631,img_1.jpg
12413,1280,720,631.94293,353.39117,986.8637,986.74805,0.497,-0.102,0.945,0.062707,0.030865,0.027101,-0.997186,img_2.jpg
12504,1280,720,631.94293,353.39117,986.8637,986.74805,0.499,-0.102,0.945,0.061967,0.025277,0.023579,-0.997479,img_3.jpg
12587,1280,720,631.94293,353.39117,986.8637,986.74805,0.501,-0.102,0.945,0.057459,0.023063,0.020021,-0.997881,img_4.jpg
12659,1280,720,631.94293,353.39117,986.8637,986.74805,0.504,-0.101,0.944,0.056127,0.018591,0.020128,-0.998048,img_5.jpg
12727,1280,720,631.94293,353.39117,986.8637,986.74805,0.509,-0.101,0.944,0.052123,0.015028,0.020089,-0.998325,img_6.jpg
12800,1280,720,631.94293,353.39117,986.8637,986.74805,0.517,-0.101,0.941,0.049520,0.004498,0.019799,-0.998567,img_7.jpg
12888,1280,720,631.94293,353.39117,986.8637,986.74805,0.525,-0.103,0.939,0.047172,-0.002745,0.018313,-0.998715,img_8.jpg,marker_1.jpg,0.26271424,0.26271424,0.512,-0.197,0.415,-0.708746,0.003768,-0.005045,-0.005045
12962,1280,720,631.94293,353.39117,986.8637,986.74805,0.534,-0.106,0.938,0.045817,-0.009284,0.017626,-0.998751,img_9.jpg
13038,1280,720,631.94293,353.39117,986.8637,986.74805,0.552,-0.111,0.937,0.051066,-0.023710,0.018474,-0.998243,img_10.jpg
13121,1280,720,631.94293,353.39117,986.8637,986.74805,0.565,-0.112,0.942,0.055731,-0.031568,0.018483,-0.997776,img_11.jpg
13192,1280,720,631.94293,353.39117,986.8637,986.74805,0.588,-0.138,0.987,0.063295,-0.040919,0.011706,-0.997087,img_12.jpg,marker_1.jpg,0.2627142,0.2627142,0.520,-0.236,0.452,-0.709450,-0.011520,-0.012820,-0.012820
13266,1280,720,631.94293,353.39117,986.8637,986.74805,0.606,-0.137,1.002,0.061178,-0.047225,0.013378,-0.996919,img_13.jpg
13336,1280,720,631.94293,353.39117,986.8637,986.74805,0.619,-0.145,1.022,0.057384,-0.041847,0.013302,-0.997386,img_14.jpg
13405,1280,720,631.94293,353.39117,986.8637,986.74805,0.642,-0.146,1.040,0.061035,-0.050408,0.018806,-0.996685,img_15.jpg
13484,1280,720,631.94293,353.39117,986.8637,986.74805,0.684,-0.147,1.063,0.081351,-0.054892,0.026775,-0.994813,img_16.jpg,marker_1.jpg,0.2658214,0.2658214,0.521,-0.234,0.449,-0.714274,0.005071,-0.024048,-0.024048
13555,1280,720,631.94293,353.39117,986.8637,986.74805,0.714,-0.149,1.078,0.089951,-0.043546,0.024548,-0.994691,img_17.jpg
13628,1280,720,631.94293,353.39117,986.8637,986.74805,0.750,-0.150,1.095,0.099446,-0.044688,0.025919,-0.993701,img_18.jpg
13697,1280,720,631.94293,353.39117,986.8637,986.74805,0.785,-0.150,1.117,0.085848,-0.032705,0.006778,-0.995748,img_19.jpg
13768,1280,720,631.94293,353.39117,986.8637,986.74805,0.833,-0.147,1.148,0.065094,-0.020819,-0.006212,-0.997643,img_20.jpg
13839,1280,720,631.94293,353.39117,986.8637,986.74805,0.869,-0.143,1.164,0.067155,-0.028689,-0.002770,-0.997326,img_21.jpg
13922,1280,720,631.94293,353.39117,986.8637,986.74805,0.904,-0.140,1.178,0.063512,-0.023054,-0.002732,-0.997711,img_22.jpg
13993,1280,720,631.94293,353.39117,986.8637,986.74805,0.946,-0.138,1.188,0.067466,-0.022528,0.006766,-0.997444,img_23.jpg
14071,1280,720,631.94293,353.39117,986.8637,986.74805,1.022,-0.138,1.200,0.065030,-0.018473,0.014558,-0.997606,img_24.jpg
14155,1280,720,631.94293,353.39117,986.8637,986.74805,1.082,-0.138,1.208,0.066393,-0.010215,0.014237,-0.997640,img_25.jpg
14225,1280,720,631.94293,353.39117,986.8637,986.74805,1.147,-0.135,1.216,0.064325,-0.011751,0.013406,-0.997770,img_26.jpg
14312,1280,720,631.94293,353.39117,986.8637,986.74805,1.245,-0.131,1.228,0.069168,-0.000931,0.002898,-0.997600,img_27.jpg
14405,1280,720,631.94293,353.39117,986.8637,986.74805,1.340,-0.123,1.237,0.072320,0.018333,-0.004918,-0.997201,img_28.jpg
14488,1280,720,631.94293,353.39117,986.8637,986.74805,1.406,-0.115,1.240,0.077972,0.032808,0.006911,-0.996392,img_29.jpg
14557,1280,720,631.94293,353.39117,986.8637,986.74805,1.470,-0.110,1.244,0.074065,0.060140,0.012561,-0.995359,img_30.jpg
14630,1280,720,631.94293,353.39117,986.8637,986.74805,1.531,-0.108,1.244,0.072259,0.080557,0.018249,-0.993960,img_31.jpg
14708,1280,720,631.94293,353.39117,986.8637,986.74805,1.615,-0.104,1.239,0.062732,0.116456,0.019291,-0.991025,img_32.jpg
14789,1280,720,631.94293,353.39117,986.8637,986.74805,1.669,-0.103,1.229,0.059105,0.133599,0.021098,-0.989046,img_33.jpg
14868,1280,720,631.94293,353.39117,986.8637,986.74805,1.725,-0.102,1.219,0.052611,0.153558,0.017513,-0.986583,img_34.jpg
14955,1280,720,631.94293,353.39117,986.8637,986.74805,1.805,-0.101,1.196,0.046015,0.180968,0.011467,-0.982345,img_35.jpg
15030,1280,720,631.94293,353.39117,986.8637,986.74805,1.858,-0.097,1.176,0.047496,0.194755,0.002614,-0.979698,img_36.jpg
15106,1280,720,631.94293,353.39117,986.8637,986.74805,1.948,-0.082,1.158,0.036252,0.235189,0.022015,-0.971024,img_37.jpg
15188,1280,720,631.94293,353.39117,986.8637,986.74805,2.002,-0.074,1.147,0.025320,0.257482,0.027983,-0.965546,img_38.jpg
15265,1280,720,631.94293,353.39117,986.8637,986.74805,2.054,-0.067,1.139,0.015687,0.280641,0.027890,-0.959279,img_39.jpg
15338,1280,720,631.94293,353.39117,986.8637,986.74805,2.126,-0.062,1.128,0.000290,0.325299,0.037059,-0.944885,img_40.jpg
15422,1280,720,631.94293,353.39117,986.8637,986.74805,2.177,-0.062,1.122,-0.011383,0.346881,0.039382,-0.937013,img_41.jpg
15489,1280,720,631.94293,353.39117,986.8637,986.74805,2.234,-0.063,1.113,-0.010864,0.372876,0.047051,-0.926624,img_42.jpg
15562,1280,720,631.94293,353.39117,986.8637,986.74805,2.290,-0.064,1.104,-0.013238,0.394457,0.043975,-0.917766,img_43.jpg
15629,1280,720,631.94293,353.39117,986.8637,986.74805,2.351,-0.061,1.098,-0.018088,0.417817,0.042043,-0.907378,img_44.jpg
15693,1280,720,631.94293,353.39117,986.8637,986.74805,2.411,-0.056,1.091,-0.015722,0.434616,0.044268,-0.899390,img_45.jpg
15765,1280,720,631.94293,353.39117,986.8637,986.74805,2.465,-0.047,1.082,0.006354,0.475361,0.045340,-0.878599,img_46.jpg
15837,1280,720,631.94293,353.39117,986.8637,986.74805,2.539,-0.032,1.073,0.015574,0.501563,0.043125,-0.863905,img_47.jpg
15924,1280,720,631.94293,353.39117,986.8637,986.74805,2.580,-0.024,1.065,0.025593,0.516614,0.043318,-0.854739,img_48.jpg
15996,1280,720,631.94293,353.39117,986.8637,986.74805,2.643,-0.021,1.056,0.043590,0.537376,0.051876,-0.840617,img_49.jpg
16065,1280,720,631.94293,353.39117,986.8637,986.74805,2.681,-0.019,1.046,0.048321,0.551025,0.054254,-0.831320,img_50.jpg
16137,1280,720,631.94293,353.39117,986.8637,986.74805,2.744,-0.020,1.030,0.053663,0.570870,0.051624,-0.817657,img_51.jpg
16223,1280,720,631.94293,353.39117,986.8637,986.74805,2.778,-0.021,1.025,0.054787,0.585565,0.051751,-0.807114,img_52.jpg
16290,1280,720,631.94293,353.39117,986.8637,986.74805,2.822,-0.020,1.013,0.053428,0.599489,0.054303,-0.796750,img_53.jpg
16371,1280,720,631.94293,353.39117,986.8637,986.74805,2.855,-0.021,0.997,0.054437,0.605348,0.061740,-0.791693,img_54.jpg
16457,1280,720,631.94293,353.39117,986.8637,986.74805,2.902,-0.020,0.969,0.044113,0.632634,0.054315,-0.771284,img_55.jpg
16531,1280,720,631.94293,353.39117,986.8637,986.74805,2.931,-0.020,0.941,0.043420,0.647317,0.049753,-0.759355,img_56.jpg
16623,1280,720,631.94293,353.39117,986.8637,986.74805,2.973,-0.015,0.909,0.045321,0.671442,0.045458,-0.738272,img_57.jpg,marker_3.jpg,0.2603689,0.2603689,3.633,-0.096,0.883,-0.495747,0.524028,-0.523632,-0.523632
16693,1280,720,631.94293,353.39117,986.8637,986.74805,2.998,-0.012,0.895,0.037790,0.684175,0.045901,-0.726890,img_58.jpg
16772,1280,720,631.94293,353.39117,986.8637,986.74805,3.031,-0.012,0.880,0.031587,0.693361,0.054271,-0.717849,img_59.jpg
16857,1280,720,631.94293,353.39117,986.8637,986.74805,3.055,-0.010,0.872,0.028485,0.698168,0.050914,-0.713553,img_60.jpg
16941,1280,720,631.94293,353.39117,986.8637,986.74805,3.076,-0.012,0.865,0.024550,0.697681,0.048174,-0.714365,img_61.jpg
17024,1280,720,631.94293,353.39117,986.8637,986.74805,3.089,-0.015,0.858,0.029549,0.696214,0.047848,-0.715628,img_62.jpg
17096,1280,720,631.94293,353.39117,986.8637,986.74805,3.098,-0.017,0.852,0.028064,0.697007,0.044171,-0.715152,img_63.jpg,marker_3.jpg,0.26058283,0.26058283,3.633,-0.100,0.854,-0.503732,0.515373,-0.514225,-0.514225
17178,1280,720,631.94293,353.39117,986.8637,986.74805,3.109,-0.019,0.849,0.024416,0.698162,0.051950,-0.713635,img_64.jpg
17258,1280,720,631.94293,353.39117,986.8637,986.74805,3.115,-0.021,0.846,0.024826,0.700624,0.048094,-0.711475,img_65.jpg
17340,1280,720,631.94293,353.39117,986.8637,986.74805,3.123,-0.021,0.844,0.023553,0.703107,0.048231,-0.709055,img_66.jpg
17424,1280,720,631.94293,353.39117,986.8637,986.74805,3.127,-0.022,0.844,0.023792,0.705171,0.047754,-0.707028,img_67.jpg
17495,1280,720,631.94293,353.39117,986.8637,986.74805,3.129,-0.022,0.844,0.024603,0.707331,0.048383,-0.704795,img_68.jpg
17575,1280,720,631.94293,353.39117,986.8637,986.74805,3.133,-0.024,0.845,0.025775,0.709419,0.050739,-0.702485,img_69.jpg
17658,1280,720,631.94293,353.39117,986.8637,986.74805,3.133,-0.023,0.847,0.026238,0.709683,0.050521,-0.702218,img_70.jpg
17731,1280,720,631.94293,353.39117,986.8637,986.74805,3.132,-0.022,0.849,0.025526,0.708572,0.050365,-0.703376,img_71.jpg,marker_3.jpg,0.2640398,0.2640398,3.638,-0.104,0.854,-0.511677,0.509980,-0.509089,-0.509089
17811,1280,720,631.94293,353.39117,986.8637,986.74805,3.129,-0.022,0.856,0.025683,0.705320,0.051001,-0.706585,img_72.jpg
17891,1280,720,631.94293,353.39117,986.8637,986.74805,3.126,-0.022,0.864,0.025346,0.703570,0.051353,-0.708315,img_73.jpg
17968,1280,720,631.94293,353.39117,986.8637,986.74805,3.122,-0.022,0.876,0.024567,0.702825,0.050534,-0.709140,img_74.jpg
18057,1280,720,631.94293,353.39117,986.8637,986.74805,3.118,-0.022,0.904,0.023514,0.703276,0.055349,-0.708369,img_75.jpg
18127,1280,720,631.94293,353.39117,986.8637,986.74805,3.113,-0.022,0.927,0.021070,0.704597,0.060501,-0.706710,img_76.jpg
18205,1280,720,631.94293,353.39117,986.8637,986.74805,3.107,-0.023,0.971,0.015816,0.707812,0.063577,-0.703356,img_77.jpg
18291,1280,720,631.94293,353.39117,986.8637,986.74805,3.099,-0.022,1.006,0.013077,0.709149,0.064167,-0.702011,img_78.jpg
18365,1280,720,631.94293,353.39117,986.8637,986.74805,3.083,-0.021,1.069,0.006240,0.716781,0.052754,-0.695272,img_79.jpg
18441,1280,720,631.94293,353.39117,986.8637,986.74805,3.071,-0.021,1.116,0.004807,0.720641,0.050169,-0.691475,img_80.jpg
18526,1280,720,631.94293,353.39117,986.8637,986.74805,3.062,-0.020,1.165,0.005825,0.724511,0.053648,-0.687148,img_81.jpg
18598,1280,720,631.94293,353.39117,986.8637,986.74805,3.046,-0.017,1.237,0.010455,0.715706,0.071458,-0.694658,img_82.jpg
18691,1280,720,631.94293,353.39117,986.8637,986.74805,3.037,-0.016,1.279,0.012990,0.713005,0.073714,-0.697152,img_83.jpg
18759,1280,720,631.94293,353.39117,986.8637,986.74805,3.028,-0.016,1.319,0.015405,0.715172,0.072667,-0.694991,img_84.jpg
18836,1280,720,631.94293,353.39117,986.8637,986.74805,3.019,-0.019,1.375,0.014874,0.720946,0.074835,-0.688778,img_85.jpg
18925,1280,720,631.94293,353.39117,986.8637,986.74805,3.012,-0.021,1.414,0.013053,0.726912,0.071329,-0.682891,img_86.jpg
18997,1280,720,631.94293,353.39117,986.8637,986.74805,3.012,-0.024,1.456,0.008897,0.732811,0.072995,-0.676447,img_87.jpg
19077,1280,720,631.94293,353.39117,986.8637,986.74805,3.015,-0.032,1.523,0.007143,0.749638,0.070436,-0.658051,img_88.jpg
19158,1280,720,631.94293,353.39117,986.8637,986.74805,3.022,-0.038,1.568,0.011899,0.758900,0.063624,-0.647982,img_89.jpg
19236,1280,720,631.94293,353.39117,986.8637,986.74805,3.034,-0.043,1.641,0.016582,0.769400,0.055205,-0.636162,img_90.jpg
19328,1280,720,631.94293,353.39117,986.8637,986.74805,3.042,-0.043,1.692,0.016710,0.772699,0.057002,-0.631987,img_91.jpg
19401,1280,720,631.94293,353.39117,986.8637,986.74805,3.051,-0.038,1.772,0.018849,0.781798,0.062179,-0.620138,img_92.jpg
19475,1280,720,631.94293,353.39117,986.8637,986.74805,3.055,-0.035,1.823,0.016431,0.792313,0.053330,-0.607558,img_93.jpg
19576,1280,720,631.94293,353.39117,986.8637,986.74805,3.061,-0.033,1.877,0.011859,0.800810,0.057505,-0.596034,img_94.jpg
19647,1280,720,631.94293,353.39117,986.8637,986.74805,3.071,-0.034,1.953,0.006258,0.809216,0.054436,-0.584950,img_95.jpg
19725,1280,720,631.94293,353.39117,986.8637,986.74805,3.078,-0.039,2.008,-0.002346,0.811386,0.061635,-0.581248,img_96.jpg
19794,1280,720,631.94293,353.39117,986.8637,986.74805,3.087,-0.046,2.066,-0.005851,0.812362,0.066612,-0.579308,img_97.jpg
19873,1280,720,631.94293,353.39117,986.8637,986.74805,3.095,-0.055,2.151,-0.003993,0.817032,0.056215,-0.573831,img_98.jpg
19961,1280,720,631.94293,353.39117,986.8637,986.74805,3.096,-0.055,2.208,-0.009147,0.816180,0.055636,-0.575041,img_99.jpg
20036,1280,720,631.94293,353.39117,986.8637,986.74805,3.095,-0.048,2.294,-0.010987,0.814362,0.049101,-0.578172,img_100.jpg
20109,1280,720,631.94293,353.39117,986.8637,986.74805,3.095,-0.040,2.350,-0.011120,0.810885,0.047728,-0.583150,img_101.jpg
20193,1280,720,631.94293,353.39117,986.8637,986.74805,3.096,-0.034,2.401,-0.012085,0.811463,0.039075,-0.582970,img_102.jpg
20265,1280,720,631.94293,353.39117,986.8637,986.74805,3.107,-0.032,2.475,-0.017845,0.808953,0.049014,-0.585555,img_103.jpg
20344,1280,720,631.94293,353.39117,986.8637,986.74805,3.119,-0.035,2.520,-0.013562,0.807514,0.052791,-0.587325,img_104.jpg
20428,1280,720,631.94293,353.39117,986.8637,986.74805,3.131,-0.041,2.564,-0.008221,0.807860,0.054797,-0.586764,img_105.jpg
20502,1280,720,631.94293,353.39117,986.8637,986.74805,3.152,-0.052,2.637,-0.008874,0.807628,0.060262,-0.586538,img_106.jpg
20593,1280,720,631.94293,353.39117,986.8637,986.74805,3.176,-0.063,2.706,-0.001328,0.807040,0.051693,-0.588229,img_107.jpg
20676,1280,720,631.94293,353.39117,986.8637,986.74805,3.195,-0.067,2.750,0.005187,0.806781,0.042733,-0.589281,img_108.jpg
20759,1280,720,631.94293,353.39117,986.8637,986.74805,3.215,-0.064,2.795,0.011093,0.805581,0.045972,-0.590596,img_109.jpg
20832,1280,720,631.94293,353.39117,986.8637,986.74805,3.237,-0.052,2.859,0.008734,0.807670,0.024763,-0.589050,img_110.jpg
20911,1280,720,631.94293,353.39117,986.8637,986.74805,3.249,-0.046,2.908,-0.003053,0.804428,0.033427,-0.593101,img_111.jpg
20993,1280,720,631.94293,353.39117,986.8637,986.74805,3.268,-0.037,2.973,-0.008961,0.803184,0.017216,-0.595414,img_112.jpg
21058,1280,720,631.94293,353.39117,986.8637,986.74805,3.275,-0.036,2.997,-0.009778,0.804212,0.013570,-0.594108,img_113.jpg
21128,1280,720,631.94293,353.39117,986.8637,986.74805,3.288,-0.036,3.046,-0.015083,0.800354,0.015721,-0.599131,img_114.jpg
21202,1280,720,631.94293,353.39117,986.8637,986.74805,3.307,-0.041,3.120,-0.009458,0.792047,0.004860,-0.610368,img_115.jpg
21276,1280,720,631.94293,353.39117,986.8637,986.74805,3.315,-0.042,3.169,-0.011204,0.783478,0.001200,-0.621318,img_116.jpg
21360,1280,720,631.94293,353.39117,986.8637,986.74805,3.325,-0.040,3.217,-0.013547,0.774788,0.000388,-0.632076,img_117.jpg
21429,1280,720,631.94293,353.39117,986.8637,986.74805,3.340,-0.037,3.277,-0.007403,0.766828,0.023038,-0.641396,img_118.jpg
21511,1280,720,631.94293,353.39117,986.8637,986.74805,3.345,-0.034,3.308,-0.004639,0.760693,0.017201,-0.648867,img_119.jpg
21593,1280,720,631.94293,353.39117,986.8637,986.74805,3.354,-0.032,3.337,-0.005438,0.758762,0.021282,-0.650997,img_120.jpg
21660,1280,720,631.94293,353.39117,986.8637,986.74805,3.367,-0.030,3.364,-0.008315,0.754911,0.031782,-0.655004,img_121.jpg
21741,1280,720,631.94293,353.39117,986.8637,986.74805,3.388,-0.030,3.398,-0.007696,0.751155,0.032085,-0.659301,img_122.jpg
21828,1280,720,631.94293,353.39117,986.8637,986.74805,3.406,-0.032,3.421,-0.008025,0.752057,0.033051,-0.658220,img_123.jpg
21898,1280,720,631.94293,353.39117,986.8637,986.74805,3.429,-0.036,3.447,-0.008059,0.758550,0.024519,-0.651104,img_124.jpg
21994,1280,720,631.94293,353.39117,986.8637,986.74805,3.446,-0.035,3.462,-0.009028,0.758377,0.025938,-0.651237,img_125.jpg
22063,1280,720,631.94293,353.39117,986.8637,986.74805,3.469,-0.032,3.479,-0.008420,0.755856,0.029116,-0.654036,img_126.jpg
22146,1280,720,631.94293,353.39117,986.8637,986.74805,3.483,-0.032,3.488,-0.005972,0.753768,0.029028,-0.656472,img_127.jpg
22227,1280,720,631.94293,353.39117,986.8637,986.74805,3.499,-0.032,3.499,-0.005126,0.750047,0.029623,-0.660701,img_128.jpg
22312,1280,720,631.94293,353.39117,986.8637,986.74805,3.510,-0.032,3.504,-0.004355,0.748298,0.030023,-0.662669,img_129.jpg
22394,1280,720,631.94293,353.39117,986.8637,986.74805,3.523,-0.032,3.511,-0.005208,0.744979,0.032937,-0.666254,img_130.jpg
22477,1280,720,631.94293,353.39117,986.8637,986.74805,3.528,-0.032,3.512,-0.004922,0.743346,0.033382,-0.668055,img_131.jpg
22560,1280,720,631.94293,353.39117,986.8637,986.74805,3.533,-0.033,3.512,-0.002784,0.741370,0.031881,-0.670333,img_132.jpg
22634,1280,720,631.94293,353.39117,986.8637,986.74805,3.540,-0.033,3.509,-0.000580,0.738984,0.032426,-0.672941,img_133.jpg
22711,1280,720,631.94293,353.39117,986.8637,986.74805,3.543,-0.033,3.507,-0.000328,0.736543,0.033361,-0.675568,img_134.jpg
22795,1280,720,631.94293,353.39117,986.8637,986.74805,3.551,-0.035,3.501,0.004075,0.736438,0.029510,-0.675849,img_135.jpg
22878,1280,720,631.94293,353.39117,986.8637,986.74805,3.557,-0.037,3.498,0.010576,0.736014,0.030288,-0.676206,img_136.jpg
22961,1280,720,631.94293,353.39117,986.8637,986.74805,3.561,-0.043,3.499,0.019684,0.740856,0.031192,-0.670651,img_137.jpg
23035,1280,720,631.94293,353.39117,986.8637,986.74805,3.563,-0.058,3.515,0.043682,0.759482,0.046919,-0.647362,img_138.jpg
23111,1280,720,631.94293,353.39117,986.8637,986.74805,3.548,-0.068,3.532,0.051799,0.772326,0.058995,-0.630356,img_139.jpg
23193,1280,720,631.94293,353.39117,986.8637,986.74805,3.515,-0.092,3.562,0.065427,0.794161,0.081722,-0.598622,img_140.jpg
23277,1280,720,631.94293,353.39117,986.8637,986.74805,3.483,-0.111,3.585,0.062446,0.814133,0.098493,-0.568847,img_141.jpg
23361,1280,720,631.94293,353.39117,986.8637,986.74805,3.435,-0.138,3.615,0.051140,0.832125,0.121625,-0.538665,img_142.jpg
23429,1280,720,631.94293,353.39117,986.8637,986.74805,3.345,-0.195,3.666,0.037388,0.866766,0.180302,-0.463477,img_143.jpg
23511,1280,720,631.94293,353.39117,986.8637,986.74805,3.267,-0.242,3.695,0.029119,0.887675,0.219545,-0.403714,img_144.jpg
23594,1280,720,631.94293,353.39117,986.8637,986.74805,3.130,-0.312,3.721,0.021719,0.905440,0.279356,-0.318854,img_145.jpg
23677,1280,720,631.94293,353.39117,986.8637,986.74805,3.035,-0.357,3.733,0.003692,0.904809,0.336227,-0.261264,img_146.jpg
23760,1280,720,631.94293,353.39117,986.8637,986.74805,2.893,-0.408,3.744,-0.051534,0.888869,0.418599,-0.178974,img_147.jpg
23844,1280,720,631.94293,353.39117,986.8637,986.74805,2.804,-0.429,3.743,-0.076647,0.889131,0.432935,-0.127037,img_148.jpg
23911,1280,720,631.94293,353.39117,986.8637,986.74805,2.727,-0.446,3.741,-0.096208,0.885790,0.447034,-0.079244,img_149.jpg
23994,1280,720,631.94293,353.39117,986.8637,986.74805,2.658,-0.462,3.740,-0.122157,0.875093,0.466958,-0.035219,img_150.jpg
24061,1280,720,631.94293,353.39117,986.8637,986.74805,2.594,-0.481,3.739,-0.155006,0.863264,0.480320,0.006508,img_151.jpg
24127,1280,720,631.94293,353.39117,986.8637,986.74805,2.531,-0.502,3.741,-0.182097,0.856036,0.482674,0.032686,img_152.jpg
24210,1280,720,631.94293,353.39117,986.8637,986.74805,2.531,-0.502,3.741,-0.182097,0.856036,0.482674,0.032686,img_153.jpg
24294,1280,720,631.94293,353.39117,986.8637,986.74805,2.531,-0.502,3.741,-0.182097,0.856036,0.482674,0.032686,img_154.jpg
24378,1280,720,631.94293,353.39117,986.8637,986.74805,2.531,-0.502,3.741,-0.182097,0.856036,0.482674,0.032686,img_155.jpg
24460,1280,720,631.94293,353.39117,986.8637,986.74805,2.531,-0.502,3.741,-0.182097,0.856036,0.482674,0.032686,img_156.jpg
24528,1280,720,631.94293,353.39117,986.8637,986.74805,2.531,-0.502,3.741,-0.182097,0.856036,0.482674,0.032686,img_157.jpg
24611,1280,720,631.94293,353.39117,986.8637,986.74805,2.531,-0.502,3.741,-0.182097,0.856036,0.482674,0.032686,img_158.jpg
24694,1280,720,631.94293,353.39117,986.8637,986.74805,2.531,-0.502,3.741,-0.182097,0.856036,0.482674,0.032686,img_159.jpg
24778,1280,720,631.94293,353.39117,986.8637,986.74805,2.531,-0.502,3.741,-0.182097,0.856036,0.482674,0.032686,img_160.jpg
24860,1280,720,631.94293,353.39117,986.8637,986.74805,2.531,-0.502,3.741,-0.182097,0.856036,0.482674,0.032686,img_161.jpg
24928,1280,720,631.94293,353.39117,986.8637,986.74805,2.531,-0.502,3.741,-0.182097,0.856036,0.482674,0.032686,img_162.jpg
24994,1280,720,631.94293,353.39117,986.8637,986.74805,2.531,-0.502,3.741,-0.182097,0.856036,0.482674,0.032686,img_163.jpg
25078,1280,720,631.94293,353.39117,986.8637,986.74805,2.531,-0.502,3.741,-0.182097,0.856036,0.482674,0.032686,img_164.jpg
25143,1280,720,631.94293,353.39117,986.8637,986.74805,2.531,-0.502,3.741,-0.182097,0.856036,0.482674,0.032686,img_165.jpg
25211,1280,720,631.94293,353.39117,986.8637,986.74805,2.531,-0.502,3.741,-0.182097,0.856036,0.482674,0.032686,img_166.jpg
25273,1280,720,631.94293,353.39117,986.8637,986.74805,2.531,-0.502,3.741,-0.182097,0.856036,0.482674,0.032686,img_167.jpg
25344,1280,720,631.94293,353.39117,986.8637,986.74805,2.531,-0.502,3.741,-0.182097,0.856036,0.482674,0.032686,img_168.jpg
25401,1280,720,631.94293,353.39117,986.8637,986.74805,2.531,-0.502,3.741,-0.182097,0.856036,0.482674,0.032686,img_169.jpg
25477,1280,720,631.94293,353.39117,986.8637,986.74805,2.531,-0.502,3.741,-0.182097,0.856036,0.482674,0.032686,img_170.jpg
25542,1280,720,631.94293,353.39117,986.8637,986.74805,2.531,-0.502,3.741,-0.182097,0.856036,0.482674,0.032686,img_171.jpg
25602,1280,720,631.94293,353.39117,986.8637,986.74805,2.531,-0.502,3.741,-0.182097,0.856036,0.482674,0.032686,img_172.jpg
25677,1280,720,631.94293,353.39117,986.8637,986.74805,2.531,-0.502,3.741,-0.182097,0.856036,0.482674,0.032686,img_173.jpg
25742,1280,720,631.94293,353.39117,986.8637,986.74805,2.531,-0.502,3.741,-0.182097,0.856036,0.482674,0.032686,img_174.jpg
25808,1280,720,631.94293,353.39117,986.8637,986.74805,2.531,-0.502,3.741,-0.182097,0.856036,0.482674,0.032686,img_175.jpg
25894,1280,720,631.94293,353.39117,986.8637,986.74805,2.531,-0.502,3.741,-0.182097,0.856036,0.482674,0.032686,img_176.jpg
25977,1280,720,631.94293,353.39117,986.8637,986.74805,2.531,-0.502,3.741,-0.182097,0.856036,0.482674,0.032686,img_177.jpg
26045,1280,720,631.94293,353.39117,986.8637,986.74805,2.531,-0.502,3.741,-0.182097,0.856036,0.482674,0.032686,img_178.jpg
26111,1280,720,631.94293,353.39117,986.8637,986.74805,2.531,-0.502,3.741,-0.182097,0.856036,0.482674,0.032686,img_179.jpg
26180,1280,720,631.94293,353.39117,986.8637,986.74805,2.531,-0.502,3.741,-0.182097,0.856036,0.482674,0.032686,img_180.jpg
26252,1280,720,631.94293,353.39117,986.8637,986.74805,2.531,-0.502,3.741,-0.182097,0.856036,0.482674,0.032686,img_181.jpg
26319,1280,720,631.94293,353.39117,986.8637,986.74805,2.531,-0.502,3.741,-0.182097,0.856036,0.482674,0.032686,img_182.jpg
26386,1280,720,631.94293,353.39117,986.8637,986.74805,2.531,-0.502,3.741,-0.182097,0.856036,0.482674,0.032686,img_183.jpg
26478,1280,720,631.94293,353.39117,986.8637,986.74805,2.531,-0.502,3.741,-0.182097,0.856036,0.482674,0.032686,img_184.jpg
26544,1280,720,631.94293,353.39117,986.8637,986.74805,2.531,-0.502,3.741,-0.182097,0.856036,0.482674,0.032686,img_185.jpg
26607,1280,720,631.94293,353.39117,986.8637,986.74805,2.531,-0.502,3.741,-0.182097,0.856036,0.482674,0.032686,img_186.jpg
26694,1280,720,631.94293,353.39117,986.8637,986.74805,2.531,-0.502,3.741,-0.182097,0.856036,0.482674,0.032686,img_187.jpg
26760,1280,720,631.94293,353.39117,986.8637,986.74805,2.531,-0.502,3.741,-0.182097,0.856036,0.482674,0.032686,img_188.jpg
26827,1280,720,631.94293,353.39117,986.8637,986.74805,2.531,-0.502,3.741,-0.182097,0.856036,0.482674,0.032686,img_189.jpg
26911,1280,720,631.94293,353.39117,986.8637,986.74805,2.531,-0.502,3.741,-0.182097,0.856036,0.482674,0.032686,img_190.jpg
26995,1280,720,631.94293,353.39117,986.8637,986.74805,2.531,-0.502,3.741,-0.182097,0.856036,0.482674,0.032686,img_191.jpg
27078,1280,720,631.94293,353.39117,986.8637,986.74805,2.531,-0.502,3.741,-0.182097,0.856036,0.482674,0.032686,img_192.jpg
27146,1280,720,631.94293,353.39117,986.8637,986.74805,2.531,-0.502,3.741,-0.182097,0.856036,0.482674,0.032686,img_193.jpg
27213,1280,720,631.94293,353.39117,986.8637,986.74805,2.531,-0.502,3.741,-0.182097,0.856036,0.482674,0.032686,img_194.jpg
27282,1280,720,631.94293,353.39117,986.8637,986.74805,2.531,-0.502,3.741,-0.182097,0.856036,0.482674,0.032686,img_195.jpg
27353,1280,720,631.94293,353.39117,986.8637,986.74805,2.531,-0.502,3.741,-0.182097,0.856036,0.482674,0.032686,img_196.jpg
27419,1280,720,631.94293,353.39117,986.8637,986.74805,2.531,-0.502,3.741,-0.182097,0.856036,0.482674,0.032686,img_197.jpg
27495,1280,720,631.94293,353.39117,986.8637,986.74805,2.531,-0.502,3.741,-0.182097,0.856036,0.482674,0.032686,img_198.jpg
27578,1280,720,631.94293,353.39117,986.8637,986.74805,2.531,-0.502,3.741,-0.182097,0.856036,0.482674,0.032686,img_199.jpg
27646,1280,720,631.94293,353.39117,986.8637,986.74805,2.531,-0.502,3.741,-0.182097,0.856036,0.482674,0.032686,img_200.jpg
27717,1280,720,631.94293,353.39117,986.8637,986.74805,2.531,-0.502,3.741,-0.182097,0.856036,0.482674,0.032686,img_201.jpg
27788,1280,720,631.94293,353.39117,986.8637,986.74805,2.531,-0.502,3.741,-0.182097,0.856036,0.482674,0.032686,img_202.jpg
27860,1280,720,631.94293,353.39117,986.8637,986.74805,2.531,-0.502,3.741,-0.182097,0.856036,0.482674,0.032686,img_203.jpg
27945,1280,720,631.94293,353.39117,986.8637,986.74805,2.531,-0.502,3.741,-0.182097,0.856036,0.482674,0.032686,img_204.jpg
28009,1280,720,631.94293,353.39117,986.8637,986.74805,2.531,-0.502,3.741,-0.182097,0.856036,0.482674,0.032686,img_205.jpg
28095,1280,720,631.94293,353.39117,986.8637,986.74805,2.531,-0.502,3.741,-0.182097,0.856036,0.482674,0.032686,img_206.jpg
28161,1280,720,631.94293,353.39117,986.8637,986.74805,2.531,-0.502,3.741,-0.182097,0.856036,0.482674,0.032686,img_207.jpg
28229,1280,720,631.94293,353.39117,986.8637,986.74805,2.531,-0.502,3.741,-0.182097,0.856036,0.482674,0.032686,img_208.jpg
28298,1280,720,631.94293,353.39117,986.8637,986.74805,2.531,-0.502,3.741,-0.182097,0.856036,0.482674,0.032686,img_209.jpg
28378,1280,720,631.94293,353.39117,986.8637,986.74805,2.531,-0.502,3.741,-0.182097,0.856036,0.482674,0.032686,img_210.jpg
28446,1280,720,631.94293,353.39117,986.8637,986.74805,2.531,-0.502,3.741,-0.182097,0.856036,0.482674,0.032686,img_211.jpg
28514,1280,720,631.94293,353.39117,986.8637,986.74805,2.531,-0.502,3.741,-0.182097,0.856036,0.482674,0.032686,img_212.jpg
28584,1280,720,631.94293,353.39117,986.8637,986.74805,2.531,-0.502,3.741,-0.182097,0.856036,0.482674,0.032686,img_213.jpg
28657,1280,720,631.94293,353.39117,986.8637,986.74805,2.531,-0.502,3.741,-0.182097,0.856036,0.482674,0.032686,img_214.jpg
28729,1280,720,631.94293,353.39117,986.8637,986.74805,2.531,-0.502,3.741,-0.182097,0.856036,0.482674,0.032686,img_215.jpg
28799,1280,720,631.94293,353.39117,986.8637,986.74805,2.531,-0.502,3.741,-0.182097,0.856036,0.482674,0.032686,img_216.jpg
28870,1280,720,631.94293,353.39117,986.8637,986.74805,2.531,-0.502,3.741,-0.182097,0.856036,0.482674,0.032686,img_217.jpg
28945,1280,720,631.94293,353.39117,986.8637,986.74805,2.531,-0.502,3.741,-0.182097,0.856036,0.482674,0.032686,img_218.jpg
29009,1280,720,631.94293,353.39117,986.8637,986.74805,2.531,-0.502,3.741,-0.182097,0.856036,0.482674,0.032686,img_219.jpg
29095,1280,720,631.94293,353.39117,986.8637,986.74805,2.531,-0.502,3.741,-0.182097,0.856036,0.482674,0.032686,img_220.jpg
29178,1280,720,631.94293,353.39117,986.8637,986.74805,2.531,-0.502,3.741,-0.182097,0.856036,0.482674,0.032686,img_221.jpg
29247,1280,720,631.94293,353.39117,986.8637,986.74805,2.531,-0.502,3.741,-0.182097,0.856036,0.482674,0.032686,img_222.jpg
29329,1280,720,631.94293,353.39117,986.8637,986.74805,2.531,-0.502,3.741,-0.182097,0.856036,0.482674,0.032686,img_223.jpg
29412,1280,720,631.94293,353.39117,986.8637,986.74805,2.531,-0.502,3.741,-0.182097,0.856036,0.482674,0.032686,img_224.jpg
29480,1280,720,631.94293,353.39117,986.8637,986.74805,2.531,-0.502,3.741,-0.182097,0.856036,0.482674,0.032686,img_225.jpg
29554,1280,720,631.94293,353.39117,986.8637,986.74805,2.531,-0.502,3.741,-0.182097,0.856036,0.482674,0.032686,img_226.jpg
29620,1280,720,631.94293,353.39117,986.8637,986.74805,2.531,-0.502,3.741,-0.182097,0.856036,0.482674,0.032686,img_227.jpg
29695,1280,720,631.94293,353.39117,986.8637,986.74805,2.531,-0.502,3.741,-0.182097,0.856036,0.482674,0.032686,img_228.jpg
29778,1280,720,631.94293,353.39117,986.8637,986.74805,2.531,-0.502,3.741,-0.182097,0.856036,0.482674,0.032686,img_229.jpg
29849,1280,720,631.94293,353.39117,986.8637,986.74805,2.531,-0.502,3.741,-0.182097,0.856036,0.482674,0.032686,img_230.jpg
29917,1280,720,631.94293,353.39117,986.8637,986.74805,2.531,-0.502,3.741,-0.182097,0.856036,0.482674,0.032686,img_231.jpg
29987,1280,720,631.94293,353.39117,986.8637,986.74805,2.531,-0.502,3.741,-0.182097,0.856036,0.482674,0.032686,img_232.jpg
30062,1280,720,631.94293,353.39117,986.8637,986.74805,2.531,-0.502,3.741,-0.182097,0.856036,0.482674,0.032686,img_233.jpg
30145,1280,720,631.94293,353.39117,986.8637,986.74805,2.531,-0.502,3.741,-0.182097,0.856036,0.482674,0.032686,img_234.jpg
30207,1280,720,631.94293,353.39117,986.8637,986.74805,2.531,-0.502,3.741,-0.182097,0.856036,0.482674,0.032686,img_235.jpg
30296,1280,720,631.94293,353.39117,986.8637,986.74805,2.531,-0.502,3.741,-0.182097,0.856036,0.482674,0.032686,img_236.jpg
30379,1280,720,631.94293,353.39117,986.8637,986.74805,2.531,-0.502,3.741,-0.182097,0.856036,0.482674,0.032686,img_237.jpg
30456,1280,720,631.94293,353.39117,986.8637,986.74805,2.531,-0.502,3.741,-0.182097,0.856036,0.482674,0.032686,img_238.jpg
30546,1280,720,631.94293,353.39117,986.8637,986.74805,2.531,-0.502,3.741,-0.182097,0.856036,0.482674,0.032686,img_239.jpg
30616,1280,720,631.94293,353.39117,986.8637,986.74805,3.705,-0.059,3.400,0.049852,0.749296,0.074328,-0.656159,img_240.jpg
30688,1280,720,631.94293,353.39117,986.8637,986.74805,3.684,-0.048,3.398,0.025471,0.755352,0.056007,-0.652424,img_241.jpg
30762,1280,720,631.94293,353.39117,986.8637,986.74805,3.688,-0.050,3.390,0.027328,0.759079,0.055095,-0.648088,img_242.jpg
30846,1280,720,631.94293,353.39117,986.8637,986.74805,3.684,-0.050,3.385,0.026660,0.764679,0.048748,-0.642012,img_243.jpg
30918,1280,720,631.94293,353.39117,986.8637,986.74805,3.682,-0.050,3.382,0.024252,0.767522,0.050004,-0.638609,img_244.jpg
30990,1280,720,631.94293,353.39117,986.8637,986.74805,3.677,-0.052,3.379,0.025310,0.771928,0.052764,-0.633011,img_245.jpg
31079,1280,720,631.94293,353.39117,986.8637,986.74805,3.672,-0.052,3.378,0.027687,0.770360,0.055365,-0.634597,img_246.jpg
31147,1280,720,631.94293,353.39117,986.8637,986.74805,3.666,-0.051,3.381,0.026679,0.772126,0.053478,-0.632653,img_247.jpg
31222,1280,720,631.94293,353.39117,986.8637,986.74805,3.656,-0.049,3.388,0.020694,0.771122,0.050125,-0.634374,img_248.jpg
31313,1280,720,631.94293,353.39117,986.8637,986.74805,3.649,-0.048,3.398,0.016615,0.768362,0.050071,-0.637837,img_249.jpg
31382,1280,720,631.94293,353.39117,986.8637,986.74805,3.642,-0.048,3.411,0.015336,0.766694,0.048309,-0.640009,img_250.jpg
31458,1280,720,631.94293,353.39117,986.8637,986.74805,3.628,-0.048,3.440,0.013030,0.762880,0.046668,-0.644722,img_251.jpg
31529,1280,720,631.94293,353.39117,986.8637,986.74805,3.619,-0.049,3.465,0.012807,0.758188,0.050510,-0.649951,img_252.jpg
31614,1280,720,631.94293,353.39117,986.8637,986.74805,3.608,-0.050,3.491,0.015145,0.750748,0.051558,-0.658400,img_253.jpg
31686,1280,720,631.94293,353.39117,986.8637,986.74805,3.595,-0.050,3.521,0.013373,0.750287,0.054514,-0.658725,img_254.jpg
31758,1280,720,631.94293,353.39117,986.8637,986.74805,3.571,-0.050,3.571,0.007440,0.745300,0.061796,-0.663818,img_255.jpg
31847,1280,720,631.94293,353.39117,986.8637,986.74805,3.555,-0.050,3.604,0.009152,0.748060,0.063863,-0.660488,img_256.jpg
31921,1280,720,631.94293,353.39117,986.8637,986.74805,3.528,-0.050,3.651,0.012535,0.756546,0.062116,-0.650863,img_257.jpg
32014,1280,720,631.94293,353.39117,986.8637,986.74805,3.511,-0.049,3.681,0.013027,0.758899,0.057818,-0.648505,img_258.jpg
32090,1280,720,631.94293,353.39117,986.8637,986.74805,3.490,-0.046,3.728,0.010572,0.756252,0.061011,-0.651343,img_259.jpg
32164,1280,720,631.94293,353.39117,986.8637,986.74805,3.477,-0.042,3.753,0.004187,0.762236,0.059577,-0.644539,img_260.jpg
32247,1280,720,631.94293,353.39117,986.8637,986.74805,3.464,-0.039,3.775,-0.000911,0.769111,0.054853,-0.636757,img_261.jpg
32317,1280,720,631.94293,353.39117,986.8637,986.74805,3.446,-0.039,3.806,-0.006209,0.774098,0.053606,-0.630762,img_262.jpg
32397,1280,720,631.94293,353.39117,986.8637,986.74805,3.432,-0.040,3.841,-0.008191,0.779842,0.054065,-0.623583,img_263.jpg
32481,1280,720,631.94293,353.39117,986.8637,986.74805,3.427,-0.040,3.862,-0.006165,0.779779,0.055140,-0.623591,img_264.jpg
32553,1280,720,631.94293,353.39117,986.8637,986.74805,3.426,-0.042,3.880,-0.001180,0.786654,0.054470,-0.614985,img_265.jpg
32627,1280,720,631.94293,353.39117,986.8637,986.74805,3.426,-0.043,3.910,0.001516,0.793288,0.053732,-0.606469,img_266.jpg
32714,1280,720,631.94293,353.39117,986.8637,986.74805,3.432,-0.044,3.928,0.004214,0.796030,0.051866,-0.603017,img_267.jpg
32782,1280,720,631.94293,353.39117,986.8637,986.74805,3.442,-0.046,3.949,0.008739,0.799215,0.050578,-0.598850,img_268.jpg
32864,1280,720,631.94293,353.39117,986.8637,986.74805,3.456,-0.047,3.980,0.014987,0.801229,0.042762,-0.596639,img_269.jpg
32948,1280,720,631.94293,353.39117,986.8637,986.74805,3.467,-0.046,4.003,0.017647,0.799719,0.038984,-0.598848,img_270.jpg
33022,1280,720,631.94293,353.39117,986.8637,986.74805,3.480,-0.044,4.023,0.020163,0.797639,0.039985,-0.601470,img_271.jpg
33098,1280,720,631.94293,353.39117,986.8637,986.74805,3.499,-0.043,4.048,0.025801,0.795198,0.030625,-0.605026,img_272.jpg
33181,1280,720,631.94293,353.39117,986.8637,986.74805,3.509,-0.041,4.067,0.025088,0.792116,0.035650,-0.608812,img_273.jpg,marker_10.jpg,0.2731214,0.2731214,4.104,-0.126,4.241,-0.475222,0.527799,-0.539773,-0.539773
33258,1280,720,631.94293,353.39117,986.8637,986.74805,3.517,-0.040,4.089,0.024783,0.792011,0.030267,-0.609252,img_274.jpg
33348,1280,720,631.94293,353.39117,986.8637,986.74805,3.520,-0.041,4.104,0.023115,0.788273,0.035249,-0.613880,img_275.jpg
33422,1280,720,631.94293,353.39117,986.8637,986.74805,3.523,-0.041,4.117,0.025962,0.787636,0.034094,-0.614649,img_276.jpg
33501,1280,720,631.94293,353.39117,986.8637,986.74805,3.524,-0.040,4.138,0.022504,0.779246,0.035435,-0.625310,img_277.jpg
33581,1280,720,631.94293,353.39117,986.8637,986.74805,3.523,-0.039,4.148,0.023079,0.771355,0.036608,-0.634932,img_278.jpg
33662,1280,720,631.94293,353.39117,986.8637,986.74805,3.518,-0.038,4.162,0.026419,0.765132,0.033778,-0.642444,img_279.jpg
33749,1280,720,631.94293,353.39117,986.8637,986.74805,3.512,-0.034,4.172,0.022365,0.759683,0.032713,-0.649085,img_280.jpg
33827,1280,720,631.94293,353.39117,986.8637,986.74805,3.504,-0.033,4.182,0.020109,0.750093,0.033765,-0.660164,img_281.jpg,marker_10.jpg,0.2695683,0.2695683,4.104,-0.125,4.244,-0.467786,0.537905,-0.539347,-0.539347
33915,1280,720,631.94293,353.39117,986.8637,986.74805,3.496,-0.032,4.189,0.021404,0.744570,0.030651,-0.666496,img_282.jpg
33984,1280,720,631.94293,353.39117,986.8637,986.74805,3.481,-0.032,4.203,0.014933,0.742635,0.034352,-0.668648,img_283.jpg
34082,1280,720,631.94293,353.39117,986.8637,986.74805,3.469,-0.033,4.216,0.011137,0.743218,0.035340,-0.668023,img_284.jpg
34149,1280,720,631.94293,353.39117,986.8637,986.74805,3.460,-0.033,4.228,0.011440,0.744593,0.036847,-0.666403,img_285.jpg
34225,1280,720,631.94293,353.39117,986.8637,986.74805,3.443,-0.034,4.247,0.014178,0.754134,0.036619,-0.655545,img_286.jpg
34316,1280,720,631.94293,353.39117,986.8637,986.74805,3.430,-0.033,4.263,0.014354,0.761973,0.037910,-0.646339,img_287.jpg,marker_10.jpg,0.27324593,0.27324593,4.108,-0.125,4.245,-0.460847,0.542791,-0.547328,-0.547328
34389,1280,720,631.94293,353.39117,986.8637,986.74805,3.409,-0.034,4.288,0.012840,0.774856,0.039769,-0.630755,img_288.jpg
34482,1280,720,631.94293,353.39117,986.8637,986.74805,3.396,-0.035,4.306,0.012737,0.783437,0.045507,-0.619672,img_289.jpg
34563,1280,720,631.94293,353.39117,986.8637,986.74805,3.383,-0.037,4.322,0.013086,0.793726,0.045757,-0.606411,img_290.jpg
34642,1280,720,631.94293,353.39117,986.8637,986.74805,3.364,-0.040,4.350,0.010629,0.811952,0.049289,-0.581542,img_291.jpg
34717,1280,720,631.94293,353.39117,986.8637,986.74805,3.354,-0.041,4.373,0.006318,0.824491,0.056658,-0.562997,img_292.jpg
34794,1280,720,631.94293,353.39117,986.8637,986.74805,3.337,-0.044,4.407,0.002491,0.848638,0.058716,-0.525700,img_293.jpg
34882,1280,720,631.94293,353.39117,986.8637,986.74805,3.327,-0.047,4.435,-0.000412,0.866129,0.064762,-0.495608,img_294.jpg
34959,1280,720,631.94293,353.39117,986.8637,986.74805,3.309,-0.053,4.488,-0.005403,0.900782,0.079535,-0.426893,img_295.jpg
35049,1280,720,631.94293,353.39117,986.8637,986.74805,3.294,-0.057,4.525,-0.005708,0.922208,0.082071,-0.377840,img_296.jpg
35123,1280,720,631.94293,353.39117,986.8637,986.74805,3.266,-0.058,4.577,-0.001341,0.950354,0.077610,-0.301332,img_297.jpg
35199,1280,720,631.94293,353.39117,986.8637,986.74805,3.246,-0.054,4.611,-0.003544,0.966066,0.069200,-0.248827,img_298.jpg
35282,1280,720,631.94293,353.39117,986.8637,986.74805,3.224,-0.047,4.643,-0.008004,0.979342,0.055858,-0.194178,img_299.jpg
35350,1280,720,631.94293,353.39117,986.8637,986.74805,3.194,-0.037,4.690,-0.007794,0.991999,0.049884,-0.115711,img_300.jpg
35433,1280,720,631.94293,353.39117,986.8637,986.74805,3.176,-0.032,4.716,0.001358,0.996387,0.043843,-0.072730,img_301.jpg
35499,1280,720,631.94293,353.39117,986.8637,986.74805,3.160,-0.027,4.738,0.006088,0.998381,0.040260,-0.039713,img_302.jpg
35570,1280,720,631.94293,353.39117,986.8637,986.74805,3.140,-0.022,4.760,0.002159,0.999007,0.043602,-0.008854,img_303.jpg
35643,1280,720,631.94293,353.39117,986.8637,986.74805,3.122,-0.025,4.792,-0.002445,0.998654,0.048844,0.017298,img_304.jpg
35718,1280,720,631.94293,353.39117,986.8637,986.74805,3.095,-0.024,4.813,0.005249,0.997179,0.048951,0.056663,img_305.jpg
35800,1280,720,631.94293,353.39117,986.8637,986.74805,3.082,-0.028,4.830,0.003012,0.995895,0.050712,0.074920,img_306.jpg
35875,1280,720,631.94293,353.39117,986.8637,986.74805,3.067,-0.030,4.842,-0.005417,0.994670,0.051056,0.089416,img_307.jpg
35947,1280,720,631.94293,353.39117,986.8637,986.74805,3.055,-0.033,4.846,-0.011154,0.992782,0.053630,0.106691,img_308.jpg
36034,1280,720,631.94293,353.39117,986.8637,986.74805,3.029,-0.037,4.855,-0.015449,0.990070,0.053584,0.129038,img_309.jpg
36117,1280,720,631.94293,353.39117,986.8637,986.74805,3.003,-0.039,4.858,-0.023633,0.988654,0.052464,0.138751,img_310.jpg
36202,1280,720,631.94293,353.39117,986.8637,986.74805,2.987,-0.041,4.860,-0.024521,0.988174,0.053144,0.141727,img_311.jpg
36279,1280,720,631.94293,353.39117,986.8637,986.74805,2.974,-0.042,4.860,-0.025226,0.987916,0.053276,0.143344,img_312.jpg
36350,1280,720,631.94293,353.39117,986.8637,986.74805,2.955,-0.042,4.857,-0.028181,0.988149,0.049278,0.142616,img_313.jpg
36434,1280,720,631.94293,353.39117,986.8637,986.74805,2.944,-0.044,4.858,-0.032096,0.988433,0.050623,0.139311,img_314.jpg
36506,1280,720,631.94293,353.39117,986.8637,986.74805,2.937,-0.045,4.861,-0.035578,0.989147,0.052782,0.132424,img_315.jpg
36583,1280,720,631.94293,353.39117,986.8637,986.74805,2.933,-0.047,4.862,-0.034711,0.989738,0.052344,0.128351,img_316.jpg
36663,1280,720,631.94293,353.39117,986.8637,986.74805,2.924,-0.051,4.864,-0.039161,0.990109,0.055491,0.122767,img_317.jpg
36751,1280,720,631.94293,353.39117,986.8637,986.74805,2.917,-0.052,4.865,-0.041951,0.990268,0.056403,0.120116,img_318.jpg
36826,1280,720,631.94293,353.39117,986.8637,986.74805,2.904,-0.054,4.864,-0.044465,0.990262,0.056199,0.119352,img_319.jpg,marker_11.jpg,0.2693287,0.2693287,2.748,-0.201,5.474,0.013926,0.698696,-0.713569,-0.713569
36917,1280,720,631.94293,353.39117,986.8637,986.74805,2.896,-0.054,4.862,-0.046163,0.990401,0.055678,0.117788,img_320.jpg
36986,1280,720,631.94293,353.39117,986.8637,986.74805,2.888,-0.054,4.860,-0.045391,0.990757,0.054825,0.115476,img_321.jpg
37066,1280,720,631.94293,353.39117,986.8637,986.74805,2.879,-0.055,4.856,-0.041406,0.991572,0.053520,0.110480,img_322.jpg
37151,1280,720,631.94293,353.39117,986.8637,986.74805,2.873,-0.056,4.851,-0.037433,0.992618,0.051248,0.103357,img_323.jpg
37227,1280,720,631.94293,353.39117,986.8637,986.74805,2.862,-0.059,4.845,-0.034208,0.993223,0.051171,0.098588,img_324.jpg
37317,1280,720,631.94293,353.39117,986.8637,986.74805,2.851,-0.060,4.839,-0.036930,0.993203,0.050694,0.098049,img_325.jpg,marker_11.jpg,0.26705477,0.26705477,2.749,-0.199,5.476,0.035543,0.703529,-0.706481,-0.706481
37391,1280,720,631.94293,353.39117,986.8637,986.74805,2.828,-0.062,4.828,-0.040636,0.992898,0.052000,0.098986,img_326.jpg
37484,1280,720,631.94293,353.39117,986.8637,986.74805,2.800,-0.063,4.812,-0.040428,0.993206,0.052705,0.095545,img_327.jpg
37567,1280,720,631.94293,353.39117,986.8637,986.74805,2.779,-0.064,4.799,-0.042977,0.992735,0.055342,0.097814,img_328.jpg
37640,1280,720,631.94293,353.39117,986.8637,986.74805,2.757,-0.065,4.784,-0.047542,0.992559,0.060833,0.094160,img_329.jpg
37717,1280,720,631.94293,353.39117,986.8637,986.74805,2.735,-0.065,4.767,-0.049259,0.992318,0.064704,0.093228,img_330.jpg
37788,1280,720,631.94293,353.39117,986.8637,986.74805,2.702,-0.068,4.737,-0.047861,0.991532,0.067245,0.100262,img_331.jpg
37884,1280,720,631.94293,353.39117,986.8637,986.74805,2.670,-0.072,4.708,-0.050082,0.990434,0.073644,0.105395,img_332.jpg
37967,1280,720,631.94293,353.39117,986.8637,986.74805,2.649,-0.074,4.688,-0.044001,0.990101,0.074856,0.110279,img_333.jpg
38043,1280,720,631.94293,353.39117,986.8637,986.74805,2.629,-0.076,4.668,-0.036494,0.990037,0.074711,0.113634,img_334.jpg
38115,1280,720,631.94293,353.39117,986.8637,986.74805,2.605,-0.079,4.651,-0.034449,0.989844,0.076145,0.114995,img_335.jpg
38189,1280,720,631.94293,353.39117,986.8637,986.74805,2.564,-0.088,4.632,-0.023566,0.986754,0.076506,0.141097,img_336.jpg
38285,1280,720,631.94293,353.39117,986.8637,986.74805,2.508,-0.103,4.619,-0.013671,0.983957,0.084329,0.156619,img_337.jpg
38368,1280,720,631.94293,353.39117,986.8637,986.74805,2.459,-0.111,4.611,-0.009838,0.981465,0.094114,0.166650,img_338.jpg
38451,1280,720,631.94293,353.39117,986.8637,986.74805,2.382,-0.118,4.597,-0.000080,0.978741,0.106671,0.175179,img_339.jpg
38534,1280,720,631.94293,353.39117,986.8637,986.74805,2.327,-0.117,4.584,-0.005301,0.977044,0.122343,0.174326,img_340.jpg
38606,1280,720,631.94293,353.39117,986.8637,986.74805,2.276,-0.113,4.563,-0.003023,0.975975,0.122575,0.180106,img_341.jpg
38682,1280,720,631.94293,353.39117,986.8637,986.74805,2.202,-0.107,4.529,0.002219,0.968834,0.113985,0.219916,img_342.jpg
38768,1280,720,631.94293,353.39117,986.8637,986.74805,2.150,-0.106,4.503,-0.008769,0.963858,0.109030,0.242926,img_343.jpg
38844,1280,720,631.94293,353.39117,986.8637,986.74805,2.102,-0.107,4.472,-0.006621,0.957153,0.100958,0.271333,img_344.jpg
38914,1280,720,631.94293,353.39117,986.8637,986.74805,2.049,-0.110,4.437,-0.017002,0.952493,0.092763,0.289591,img_345.jpg
39002,1280,720,631.94293,353.39117,986.8637,986.74805,1.972,-0.113,4.377,-0.030191,0.951755,0.079805,0.294757,img_346.jpg
39070,1280,720,631.94293,353.39117,986.8637,986.74805,1.919,-0.114,4.335,-0.042981,0.952288,0.072710,0.293280,img_347.jpg
39143,1280,720,631.94293,353.39117,986.8637,986.74805,1.870,-0.111,4.292,-0.060228,0.955568,0.069188,0.280135,img_348.jpg
39212,1280,720,631.94293,353.39117,986.8637,986.74805,1.822,-0.104,4.251,-0.062434,0.957586,0.070043,0.272442,img_349.jpg
39281,1280,720,631.94293,353.39117,986.8637,986.74805,1.772,-0.093,4.213,-0.068440,0.959968,0.073937,0.261364,img_350.jpg
39368,1280,720,631.94293,353.39117,986.8637,986.74805,1.709,-0.080,4.163,-0.065896,0.964876,0.072907,0.243632,img_351.jpg
39451,1280,720,631.94293,353.39117,986.8637,986.74805,1.664,-0.075,4.139,-0.067324,0.966298,0.074244,0.237116,img_352.jpg
39524,1280,720,631.94293,353.39117,986.8637,986.74805,1.599,-0.070,4.120,-0.063894,0.966838,0.077184,0.234916,img_353.jpg
39603,1280,720,631.94293,353.39117,986.8637,986.74805,1.553,-0.073,4.110,-0.058342,0.966206,0.081722,0.237412,img_354.jpg
39686,1280,720,631.94293,353.39117,986.8637,986.74805,1.493,-0.080,4.097,-0.046729,0.966602,0.082104,0.238236,img_355.jpg
39768,1280,720,631.94293,353.39117,986.8637,986.74805,1.457,-0.084,4.095,-0.037940,0.968232,0.079623,0.233981,img_356.jpg
39838,1280,720,631.94293,353.39117,986.8637,986.74805,1.411,-0.088,4.089,-0.025769,0.966863,0.082247,0.240307,img_357.jpg
39911,1280,720,631.94293,353.39117,986.8637,986.74805,1.370,-0.090,4.089,-0.034251,0.965674,0.094614,0.239477,img_358.jpg
39978,1280,720,631.94293,353.39117,986.8637,986.74805,1.328,-0.090,4.078,-0.020009,0.968516,0.093285,0.229942,img_359.jpg
40052,1280,720,631.94293,353.39117,986.8637,986.74805,1.297,-0.089,4.070,-0.025501,0.971800,0.089401,0.216708,img_360.jpg
40136,1280,720,631.94293,353.39117,986.8637,986.74805,1.266,-0.089,4.062,-0.027521,0.975291,0.084499,0.202262,img_361.jpg
40205,1280,720,631.94293,353.39117,986.8637,986.74805,1.244,-0.091,4.055,-0.026250,0.978739,0.083313,0.185578,img_362.jpg
40275,1280,720,631.94293,353.39117,986.8637,986.74805,1.211,-0.093,4.047,-0.026077,0.982346,0.084694,0.164753,img_363.jpg
40350,1280,720,631.94293,353.39117,986.8637,986.74805,1.180,-0.093,4.029,-0.022391,0.986374,0.085651,0.138665,img_364.jpg,marker_12.jpg,0.26428944,0.26428944,0.971,-0.239,4.620,0.077058,0.700490,-0.705924,-0.705924
40436,1280,720,631.94293,353.39117,986.8637,986.74805,1.162,-0.088,4.017,-0.021940,0.989155,0.085567,0.117346,img_365.jpg
40513,1280,720,631.94293,353.39117,986.8637,986.74805,1.145,-0.084,4.003,-0.016013,0.990403,0.084247,0.108388,img_366.jpg
40596,1280,720,631.94293,353.39117,986.8637,986.74805,1.128,-0.080,3.977,-0.006756,0.992306,0.080349,0.093951,img_367.jpg
40688,1280,720,631.94293,353.39117,986.8637,986.74805,1.114,-0.081,3.959,0.002889,0.992833,0.080746,0.088064,img_368.jpg
40769,1280,720,631.94293,353.39117,986.8637,986.74805,1.106,-0.082,3.947,0.003513,0.992077,0.081081,0.095896,img_369.jpg
40840,1280,720,631.94293,353.39117,986.8637,986.74805,1.099,-0.083,3.935,-0.002235,0.991546,0.083473,0.099321,img_370.jpg,marker_12.jpg,0.2680274,0.2680274,0.973,-0.239,4.624,0.078708,0.702235,-0.703613,-0.703613
40916,1280,720,631.94293,353.39117,986.8637,986.74805,1.090,-0.086,3.923,-0.004505,0.989379,0.099740,0.105640,img_371.jpg
41003,1280,720,631.94293,353.39117,986.8637,986.74805,1.087,-0.085,3.916,-0.007245,0.988108,0.108312,0.108900,img_372.jpg
41069,1280,720,631.94293,353.39117,986.8637,986.74805,1.085,-0.084,3.909,-0.011290,0.986611,0.116665,0.113405,img_373.jpg
41147,1280,720,631.94293,353.39117,986.8637,986.74805,1.084,-0.083,3.900,-0.020125,0.985166,0.121882,0.119116,img_374.jpg
41237,1280,720,631.94293,353.39117,986.8637,986.74805,1.087,-0.080,3.894,-0.027562,0.985347,0.118846,0.119195,img_375.jpg
41307,1280,720,631.94293,353.39117,986.8637,986.74805,1.087,-0.079,3.888,-0.035137,0.985113,0.115709,0.122188,img_376.jpg
41390,1280,720,631.94293,353.39117,986.8637,986.74805,1.091,-0.078,3.881,-0.036055,0.986385,0.110896,0.115958,img_377.jpg
41472,1280,720,631.94293,353.39117,986.8637,986.74805,1.093,-0.078,3.877,-0.037279,0.987540,0.107493,0.108724,img_378.jpg,marker_12.jpg,0.26668698,0.26668698,0.974,-0.238,4.622,0.080987,0.702542,-0.703364,-0.703364
41558,1280,720,631.94293,353.39117,986.8637,986.74805,1.098,-0.077,3.872,-0.033193,0.988242,0.104845,0.106226,img_379.jpg
