time,sizeX,sizeY,p_x,p_y,f_x,f_y,pos_X,pos_Y,pos_Z,q_x,q_y,q_z,q_w,imgID,img_x,img_y,img_z,img_qx,img_qy,img_qz,img_qw
17522,1280,720,641.87103,340.47687,998.03784,998.6389,-0.015,-0.192,-0.320,0.002,-0.002,0.004,1.000,img_1.jpg
17618,1280,720,641.87103,340.47687,998.03784,998.6389,-0.016,-0.193,-0.320,0.002,-0.003,0.003,1.000,img_2.jpg
17706,1280,720,641.87103,340.47687,998.03784,998.6389,-0.016,-0.192,-0.320,0.001,-0.003,0.004,1.000,img_3.jpg
17801,1280,720,641.87103,340.47687,998.03784,998.6389,-0.016,-0.192,-0.320,0.001,-0.003,0.004,1.000,img_4.jpg
17885,1280,720,641.87103,340.47687,998.03784,998.6389,-0.016,-0.193,-0.320,0.002,-0.003,0.004,1.000,img_5.jpg,earth,0.16601828,0.16601828,-0.039,-0.120,-0.214,0.520,0.004,-0.005,0.854
17985,1280,720,641.87103,340.47687,998.03784,998.6389,-0.016,-0.194,-0.320,0.002,-0.003,0.004,1.000,img_6.jpg
18068,1280,720,641.87103,340.47687,998.03784,998.6389,-0.016,-0.194,-0.321,0.003,-0.003,0.004,1.000,img_7.jpg
18151,1280,720,641.87103,340.47687,998.03784,998.6389,-0.016,-0.194,-0.321,0.003,-0.004,0.003,1.000,img_8.jpg
18228,1280,720,641.87103,340.47687,998.03784,998.6389,-0.016,-0.195,-0.324,0.004,-0.003,0.004,1.000,img_9.jpg
18318,1280,720,641.87103,340.47687,998.03784,998.6389,-0.016,-0.197,-0.328,0.005,-0.003,0.003,1.000,img_10.jpg
18402,1280,720,641.87103,340.47687,998.03784,998.6389,-0.017,-0.199,-0.332,0.006,-0.004,0.004,1.000,img_11.jpg
18483,1280,720,641.87103,340.47687,998.03784,998.6389,-0.017,-0.201,-0.338,0.008,-0.004,0.002,1.000,img_12.jpg
18572,1280,720,641.87103,340.47687,998.03784,998.6389,-0.018,-0.203,-0.349,0.011,-0.006,0.001,1.000,img_13.jpg,earth,0.17320201,0.17320201,-0.039,-0.126,-0.224,0.520,0.003,-0.003,0.854
18669,1280,720,641.87103,340.47687,998.03784,998.6389,-0.018,-0.205,-0.361,0.012,-0.008,0.000,1.000,img_14.jpg
18758,1280,720,641.87103,340.47687,998.03784,998.6389,-0.017,-0.207,-0.370,0.014,-0.009,0.000,1.000,img_15.jpg
18836,1280,720,641.87103,340.47687,998.03784,998.6389,-0.017,-0.211,-0.384,0.019,-0.008,0.000,1.000,img_16.jpg
18936,1280,720,641.87103,340.47687,998.03784,998.6389,-0.015,-0.214,-0.400,0.020,-0.006,0.004,1.000,img_17.jpg
19020,1280,720,641.87103,340.47687,998.03784,998.6389,-0.014,-0.219,-0.416,0.024,-0.006,0.004,1.000,img_18.jpg
19105,1280,720,641.87103,340.47687,998.03784,998.6389,-0.014,-0.222,-0.428,0.028,-0.006,0.002,1.000,img_19.jpg,earth,0.17168543,0.17168543,-0.039,-0.124,-0.223,0.511,0.007,-0.010,0.860
19194,1280,720,641.87103,340.47687,998.03784,998.6389,-0.013,-0.226,-0.447,0.031,-0.005,0.000,0.999,img_20.jpg
19287,1280,720,641.87103,340.47687,998.03784,998.6389,-0.012,-0.232,-0.466,0.036,-0.005,-0.001,0.999,img_21.jpg
19387,1280,720,641.87103,340.47687,998.03784,998.6389,-0.012,-0.235,-0.479,0.040,-0.005,-0.001,0.999,img_22.jpg
19463,1280,720,641.87103,340.47687,998.03784,998.6389,-0.011,-0.240,-0.499,0.043,-0.005,-0.001,0.999,img_23.jpg
19555,1280,720,641.87103,340.47687,998.03784,998.6389,-0.011,-0.246,-0.521,0.049,-0.005,-0.001,0.999,img_24.jpg
19638,1280,720,641.87103,340.47687,998.03784,998.6389,-0.011,-0.250,-0.537,0.052,-0.005,-0.002,0.999,img_25.jpg
19721,1280,720,641.87103,340.47687,998.03784,998.6389,-0.010,-0.255,-0.560,0.055,-0.004,-0.002,0.998,img_26.jpg
19804,1280,720,641.87103,340.47687,998.03784,998.6389,-0.009,-0.259,-0.576,0.058,-0.002,-0.001,0.998,img_27.jpg,earth,0.16884245,0.16884245,-0.039,-0.120,-0.218,0.522,-0.001,0.002,0.853
19881,1280,720,641.87103,340.47687,998.03784,998.6389,-0.009,-0.264,-0.599,0.062,-0.002,-0.001,0.998,img_28.jpg
19972,1280,720,641.87103,340.47687,998.03784,998.6389,-0.009,-0.267,-0.615,0.065,-0.002,-0.002,0.998,img_29.jpg
20048,1280,720,641.87103,340.47687,998.03784,998.6389,-0.008,-0.270,-0.631,0.068,-0.002,-0.003,0.998,img_30.jpg
20131,1280,720,641.87103,340.47687,998.03784,998.6389,-0.006,-0.275,-0.656,0.074,0.000,-0.001,0.997,img_31.jpg
20222,1280,720,641.87103,340.47687,998.03784,998.6389,-0.006,-0.282,-0.681,0.079,0.003,-0.001,0.997,img_32.jpg
20306,1280,720,641.87103,340.47687,998.03784,998.6389,-0.006,-0.288,-0.698,0.084,0.005,-0.002,0.996,img_33.jpg,earth,0.17173012,0.17173012,-0.039,-0.120,-0.219,0.459,0.016,-0.022,0.888
20390,1280,720,641.87103,340.47687,998.03784,998.6389,-0.006,-0.295,-0.719,0.088,0.008,0.001,0.996,img_34.jpg
20488,1280,720,641.87103,340.47687,998.03784,998.6389,-0.007,-0.298,-0.737,0.086,0.009,0.001,0.996,img_35.jpg
20588,1280,720,641.87103,340.47687,998.03784,998.6389,-0.010,-0.298,-0.755,0.083,0.008,0.000,0.996,img_36.jpg
20672,1280,720,641.87103,340.47687,998.03784,998.6389,-0.011,-0.298,-0.769,0.084,0.009,0.000,0.996,img_37.jpg
20759,1280,720,641.87103,340.47687,998.03784,998.6389,-0.014,-0.299,-0.790,0.086,0.009,0.002,0.996,img_38.jpg
20855,1280,720,641.87103,340.47687,998.03784,998.6389,-0.018,-0.302,-0.811,0.087,0.009,0.002,0.996,img_39.jpg
20955,1280,720,641.87103,340.47687,998.03784,998.6389,-0.022,-0.306,-0.835,0.092,0.008,0.002,0.996,img_40.jpg
21055,1280,720,641.87103,340.47687,998.03784,998.6389,-0.026,-0.313,-0.857,0.100,0.009,0.001,0.995,img_41.jpg
21155,1280,720,641.87103,340.47687,998.03784,998.6389,-0.028,-0.317,-0.871,0.101,0.006,0.000,0.995,img_42.jpg
21256,1280,720,641.87103,340.47687,998.03784,998.6389,-0.029,-0.328,-0.894,0.105,0.006,0.001,0.995,img_43.jpg
21356,1280,720,641.87103,340.47687,998.03784,998.6389,-0.028,-0.336,-0.915,0.110,0.010,-0.002,0.994,img_44.jpg
21439,1280,720,641.87103,340.47687,998.03784,998.6389,-0.028,-0.340,-0.929,0.116,0.011,-0.002,0.993,img_45.jpg,earth,0.16974126,0.16974126,-0.039,-0.119,-0.217,0.489,0.000,0.002,0.872
21520,1280,720,641.87103,340.47687,998.03784,998.6389,-0.028,-0.346,-0.953,0.124,0.013,-0.001,0.992,img_46.jpg
21607,1280,720,641.87103,340.47687,998.03784,998.6389,-0.029,-0.349,-0.968,0.130,0.014,0.001,0.991,img_47.jpg
21690,1280,720,641.87103,340.47687,998.03784,998.6389,-0.030,-0.351,-0.988,0.136,0.017,0.003,0.991,img_48.jpg
21772,1280,720,641.87103,340.47687,998.03784,998.6389,-0.032,-0.350,-0.999,0.145,0.022,0.002,0.989,img_49.jpg
21860,1280,720,641.87103,340.47687,998.03784,998.6389,-0.035,-0.349,-1.014,0.154,0.028,0.003,0.988,img_50.jpg
21962,1280,720,641.87103,340.47687,998.03784,998.6389,-0.040,-0.345,-1.023,0.158,0.032,0.002,0.987,img_51.jpg
22065,1280,720,641.87103,340.47687,998.03784,998.6389,-0.044,-0.341,-1.030,0.153,0.025,0.008,0.988,img_52.jpg
