time,sizeX,sizeY,p_x,p_y,f_x,f_y,pos_X,pos_Y,pos_Z,q_x,q_y,q_z,q_w,imgID,img_x,img_y,img_z,img_qx,img_qy,img_qz,img_qw
86878,1280,720,636.3802,341.8741,993.9365,997.9272,-1.340,1.238,0.086,0.134,0.626,-0.114,0.760,img_1.jpg
86999,1280,720,636.3802,341.8741,993.9365,997.9272,-1.334,1.238,0.109,0.137,0.628,-0.123,0.756,img_2.jpg
87090,1280,720,636.3802,341.8741,993.9365,997.9272,-1.330,1.236,0.133,0.140,0.626,-0.128,0.757,img_3.jpg
87190,1280,720,636.3802,341.8741,993.9365,997.9272,-1.324,1.231,0.162,0.146,0.624,-0.133,0.756,img_4.jpg
87274,1280,720,636.3802,341.8741,993.9365,997.9272,-1.319,1.227,0.181,0.149,0.623,-0.137,0.755,img_5.jpg
87361,1280,720,636.3802,341.8741,993.9365,997.9272,-1.314,1.221,0.212,0.149,0.619,-0.140,0.758,img_6.jpg
87456,1280,720,636.3802,341.8741,993.9365,997.9272,-1.311,1.217,0.245,0.155,0.616,-0.146,0.758,img_7.jpg
87557,1280,720,636.3802,341.8741,993.9365,997.9272,-1.313,1.212,0.283,0.158,0.614,-0.150,0.759,img_8.jpg
87640,1280,720,636.3802,341.8741,993.9365,997.9272,-1.316,1.207,0.313,0.160,0.615,-0.152,0.757,img_9.jpg
87725,1280,720,636.3802,341.8741,993.9365,997.9272,-1.328,1.200,0.364,0.155,0.616,-0.147,0.758,img_10.jpg
87806,1280,720,636.3802,341.8741,993.9365,997.9272,-1.343,1.197,0.402,0.153,0.619,-0.144,0.757,img_11.jpg
87884,1280,720,636.3802,341.8741,993.9365,997.9272,-1.359,1.196,0.441,0.155,0.627,-0.143,0.750,img_12.jpg
87970,1280,720,636.3802,341.8741,993.9365,997.9272,-1.389,1.199,0.503,0.144,0.624,-0.154,0.752,img_13.jpg
88056,1280,720,636.3802,341.8741,993.9365,997.9272,-1.405,1.204,0.546,0.145,0.624,-0.159,0.751,img_14.jpg
88138,1280,720,636.3802,341.8741,993.9365,997.9272,-1.421,1.210,0.606,0.153,0.625,-0.159,0.749,img_15.jpg
88223,1280,720,636.3802,341.8741,993.9365,997.9272,-1.430,1.212,0.663,0.158,0.621,-0.159,0.751,img_16.jpg
88307,1280,720,636.3802,341.8741,993.9365,997.9272,-1.436,1.212,0.702,0.158,0.621,-0.158,0.752,img_17.jpg
88391,1280,720,636.3802,341.8741,993.9365,997.9272,-1.447,1.210,0.767,0.161,0.617,-0.163,0.753,img_18.jpg
88473,1280,720,636.3802,341.8741,993.9365,997.9272,-1.452,1.209,0.812,0.164,0.615,-0.164,0.753,img_19.jpg
88558,1280,720,636.3802,341.8741,993.9365,997.9272,-1.459,1.206,0.861,0.169,0.618,-0.162,0.750,img_20.jpg
88641,1280,720,636.3802,341.8741,993.9365,997.9272,-1.467,1.203,0.938,0.175,0.623,-0.158,0.746,img_21.jpg
88739,1280,720,636.3802,341.8741,993.9365,997.9272,-1.477,1.204,1.019,0.181,0.620,-0.163,0.746,img_22.jpg
88811,1280,720,636.3802,341.8741,993.9365,997.9272,-1.488,1.206,1.072,0.178,0.617,-0.166,0.748,img_23.jpg
88890,1280,720,636.3802,341.8741,993.9365,997.9272,-1.505,1.209,1.141,0.175,0.616,-0.170,0.749,img_24.jpg
88974,1280,720,636.3802,341.8741,993.9365,997.9272,-1.516,1.212,1.186,0.174,0.617,-0.166,0.749,img_25.jpg
89054,1280,720,636.3802,341.8741,993.9365,997.9272,-1.533,1.214,1.251,0.179,0.622,-0.166,0.744,img_26.jpg
89138,1280,720,636.3802,341.8741,993.9365,997.9272,-1.548,1.212,1.297,0.182,0.624,-0.169,0.741,img_27.jpg
89218,1280,720,636.3802,341.8741,993.9365,997.9272,-1.567,1.206,1.345,0.181,0.623,-0.173,0.741,img_28.jpg
89298,1280,720,636.3802,341.8741,993.9365,997.9272,-1.597,1.201,1.417,0.176,0.635,-0.178,0.731,img_29.jpg
89390,1280,720,636.3802,341.8741,993.9365,997.9272,-1.628,1.204,1.492,0.185,0.633,-0.190,0.727,img_30.jpg
89472,1280,720,636.3802,341.8741,993.9365,997.9272,-1.650,1.211,1.538,0.188,0.628,-0.198,0.729,img_31.jpg
89551,1280,720,636.3802,341.8741,993.9365,997.9272,-1.679,1.216,1.604,0.201,0.628,-0.201,0.725,img_32.jpg
89639,1280,720,636.3802,341.8741,993.9365,997.9272,-1.697,1.216,1.649,0.201,0.620,-0.198,0.732,img_33.jpg
89724,1280,720,636.3802,341.8741,993.9365,997.9272,-1.724,1.216,1.718,0.198,0.615,-0.202,0.736,img_34.jpg
89808,1280,720,636.3802,341.8741,993.9365,997.9272,-1.746,1.212,1.765,0.198,0.613,-0.206,0.737,img_35.jpg
89890,1280,720,636.3802,341.8741,993.9365,997.9272,-1.779,1.201,1.844,0.204,0.608,-0.211,0.738,img_36.jpg
89990,1280,720,636.3802,341.8741,993.9365,997.9272,-1.809,1.196,1.920,0.196,0.615,-0.201,0.737,img_37.jpg
90092,1280,720,636.3802,341.8741,993.9365,997.9272,-1.838,1.194,1.998,0.191,0.623,-0.193,0.733,img_38.jpg
90192,1280,720,636.3802,341.8741,993.9365,997.9272,-1.870,1.194,2.075,0.190,0.618,-0.205,0.735,img_39.jpg
90294,1280,720,636.3802,341.8741,993.9365,997.9272,-1.899,1.187,2.145,0.192,0.611,-0.221,0.735,img_40.jpg
90373,1280,720,636.3802,341.8741,993.9365,997.9272,-1.917,1.182,2.195,0.196,0.608,-0.228,0.735,img_41.jpg
90455,1280,720,636.3802,341.8741,993.9365,997.9272,-1.941,1.177,2.263,0.220,0.607,-0.248,0.723,img_42.jpg
90540,1280,720,636.3802,341.8741,993.9365,997.9272,-1.973,1.172,2.313,0.238,0.605,-0.274,0.709,img_43.jpg
90623,1280,720,636.3802,341.8741,993.9365,997.9272,-1.994,1.169,2.352,0.253,0.609,-0.299,0.690,img_44.jpg
90708,1280,720,636.3802,341.8741,993.9365,997.9272,-2.030,1.159,2.406,0.276,0.593,-0.336,0.678,img_45.jpg
90805,1280,720,636.3802,341.8741,993.9365,997.9272,-2.054,1.159,2.442,0.317,0.591,-0.365,0.646,img_46.jpg
90889,1280,720,636.3802,341.8741,993.9365,997.9272,-2.083,1.153,2.478,0.328,0.572,-0.382,0.648,img_47.jpg
90988,1280,720,636.3802,341.8741,993.9365,997.9272,-2.119,1.143,2.516,0.332,0.558,-0.399,0.647,img_48.jpg
91073,1280,720,636.3802,341.8741,993.9365,997.9272,-2.143,1.137,2.545,0.340,0.555,-0.401,0.645,img_49.jpg
91155,1280,720,636.3802,341.8741,993.9365,997.9272,-2.189,1.134,2.622,0.346,0.545,-0.401,0.650,img_50.jpg
91255,1280,720,636.3802,341.8741,993.9365,997.9272,-2.227,1.133,2.673,0.338,0.544,-0.402,0.655,img_51.jpg
91338,1280,720,636.3802,341.8741,993.9365,997.9272,-2.251,1.135,2.707,0.330,0.547,-0.397,0.658,img_52.jpg
91418,1280,720,636.3802,341.8741,993.9365,997.9272,-2.263,1.137,2.724,0.321,0.551,-0.391,0.663,img_53.jpg
91492,1280,720,636.3802,341.8741,993.9365,997.9272,-2.287,1.145,2.749,0.300,0.556,-0.377,0.677,img_54.jpg
91590,1280,720,636.3802,341.8741,993.9365,997.9272,-2.311,1.149,2.774,0.295,0.563,-0.361,0.682,img_55.jpg
91689,1280,720,636.3802,341.8741,993.9365,997.9272,-2.357,1.150,2.811,0.285,0.568,-0.341,0.693,img_56.jpg
91789,1280,720,636.3802,341.8741,993.9365,997.9272,-2.416,1.147,2.842,0.273,0.579,-0.320,0.698,img_57.jpg
91890,1280,720,636.3802,341.8741,993.9365,997.9272,-2.465,1.151,2.844,0.256,0.595,-0.293,0.703,img_58.jpg
91989,1280,720,636.3802,341.8741,993.9365,997.9272,-2.521,1.160,2.860,0.229,0.602,-0.259,0.720,img_59.jpg
92072,1280,720,636.3802,341.8741,993.9365,997.9272,-2.554,1.165,2.875,0.213,0.603,-0.236,0.732,img_60.jpg
92172,1280,720,636.3802,341.8741,993.9365,997.9272,-2.607,1.169,2.912,0.199,0.601,-0.211,0.745,img_61.jpg
92255,1280,720,636.3802,341.8741,993.9365,997.9272,-2.647,1.169,2.947,0.179,0.602,-0.197,0.753,img_62.jpg
92355,1280,720,636.3802,341.8741,993.9365,997.9272,-2.680,1.166,2.988,0.164,0.605,-0.181,0.758,img_63.jpg
92438,1280,720,636.3802,341.8741,993.9365,997.9272,-2.701,1.161,3.020,0.155,0.609,-0.169,0.760,img_64.jpg
92522,1280,720,636.3802,341.8741,993.9365,997.9272,-2.727,1.155,3.068,0.149,0.619,-0.146,0.757,img_65.jpg
92606,1280,720,636.3802,341.8741,993.9365,997.9272,-2.737,1.151,3.105,0.147,0.620,-0.133,0.759,img_66.jpg
92690,1280,720,636.3802,341.8741,993.9365,997.9272,-2.757,1.152,3.165,0.143,0.617,-0.119,0.765,img_67.jpg
92772,1280,720,636.3802,341.8741,993.9365,997.9272,-2.774,1.154,3.200,0.127,0.619,-0.108,0.767,img_68.jpg
92860,1280,720,636.3802,341.8741,993.9365,997.9272,-2.790,1.158,3.251,0.111,0.625,-0.089,0.768,img_69.jpg
92938,1280,720,636.3802,341.8741,993.9365,997.9272,-2.798,1.160,3.286,0.099,0.626,-0.074,0.770,img_70.jpg
93027,1280,720,636.3802,341.8741,993.9365,997.9272,-2.812,1.160,3.339,0.084,0.629,-0.055,0.771,img_71.jpg
93105,1280,720,636.3802,341.8741,993.9365,997.9272,-2.817,1.159,3.384,-0.078,-0.631,0.046,-0.771,img_72.jpg
93184,1280,720,636.3802,341.8741,993.9365,997.9272,-2.828,1.158,3.440,-0.065,-0.635,0.031,-0.769,img_73.jpg
93288,1280,720,636.3802,341.8741,993.9365,997.9272,-2.838,1.160,3.500,-0.060,-0.633,0.016,-0.771,img_74.jpg
93372,1280,720,636.3802,341.8741,993.9365,997.9272,-2.844,1.164,3.539,-0.055,-0.631,0.013,-0.774,img_75.jpg
93472,1280,720,636.3802,341.8741,993.9365,997.9272,-2.842,1.170,3.599,-0.044,-0.629,0.000,-0.776,img_76.jpg
93548,1280,720,636.3802,341.8741,993.9365,997.9272,-2.839,1.172,3.664,-0.032,-0.628,-0.008,-0.777,img_77.jpg
93637,1280,720,636.3802,341.8741,993.9365,997.9272,-2.834,1.171,3.707,-0.030,-0.629,-0.012,-0.777,img_78.jpg
93715,1280,720,636.3802,341.8741,993.9365,997.9272,-2.824,1.166,3.776,-0.030,-0.631,-0.015,-0.775,img_79.jpg
93806,1280,720,636.3802,341.8741,993.9365,997.9272,-2.817,1.163,3.823,-0.036,-0.633,-0.009,-0.773,img_80.jpg
93886,1280,720,636.3802,341.8741,993.9365,997.9272,-2.800,1.160,3.889,-0.047,-0.636,-0.002,-0.770,img_81.jpg
93971,1280,720,636.3802,341.8741,993.9365,997.9272,-2.793,1.161,3.939,-0.049,-0.633,0.001,-0.773,img_82.jpg
94048,1280,720,636.3802,341.8741,993.9365,997.9272,-2.785,1.162,3.992,-0.048,-0.631,0.006,-0.774,img_83.jpg
94135,1280,720,636.3802,341.8741,993.9365,997.9272,-2.777,1.160,4.059,-0.057,-0.628,0.015,-0.776,img_84.jpg
94223,1280,720,636.3802,341.8741,993.9365,997.9272,-2.770,1.155,4.137,-0.050,-0.622,0.013,-0.781,img_85.jpg
94321,1280,720,636.3802,341.8741,993.9365,997.9272,-2.765,1.149,4.211,-0.050,-0.626,0.013,-0.778,img_86.jpg
94407,1280,720,636.3802,341.8741,993.9365,997.9272,-2.765,1.145,4.255,-0.047,-0.629,0.014,-0.776,img_87.jpg
94491,1280,720,636.3802,341.8741,993.9365,997.9272,-2.767,1.137,4.340,-0.039,-0.632,0.013,-0.774,img_88.jpg
94572,1280,720,636.3802,341.8741,993.9365,997.9272,-2.767,1.138,4.393,-0.036,-0.625,0.008,-0.780,img_89.jpg
94656,1280,720,636.3802,341.8741,993.9365,997.9272,-2.765,1.140,4.476,-0.032,-0.625,0.001,-0.780,img_90.jpg
94738,1280,720,636.3802,341.8741,993.9365,997.9272,-2.762,1.141,4.527,-0.037,-0.623,-0.003,-0.781,img_91.jpg
94829,1280,720,636.3802,341.8741,993.9365,997.9272,-2.755,1.140,4.594,-0.032,-0.616,-0.009,-0.787,img_92.jpg
94922,1280,720,636.3802,341.8741,993.9365,997.9272,-2.739,1.137,4.657,-0.030,-0.615,-0.011,-0.788,img_93.jpg
95006,1280,720,636.3802,341.8741,993.9365,997.9272,-2.725,1.133,4.704,-0.032,-0.614,-0.015,-0.788,img_94.jpg
95105,1280,720,636.3802,341.8741,993.9365,997.9272,-2.706,1.127,4.785,-0.033,-0.620,-0.010,-0.784,img_95.jpg
95186,1280,720,636.3802,341.8741,993.9365,997.9272,-2.687,1.127,4.871,-0.033,-0.620,-0.007,-0.784,img_96.jpg
95288,1280,720,636.3802,341.8741,993.9365,997.9272,-2.670,1.134,4.946,-0.032,-0.615,0.003,-0.788,img_97.jpg
95371,1280,720,636.3802,341.8741,993.9365,997.9272,-2.663,1.139,4.993,-0.032,-0.624,0.012,-0.781,img_98.jpg
95455,1280,720,636.3802,341.8741,993.9365,997.9272,-2.652,1.140,5.051,-0.046,-0.619,0.024,-0.784,img_99.jpg
95538,1280,720,636.3802,341.8741,993.9365,997.9272,-2.644,1.138,5.099,-0.045,-0.615,0.024,-0.787,img_100.jpg
95622,1280,720,636.3802,341.8741,993.9365,997.9272,-2.631,1.135,5.185,-0.053,-0.620,0.029,-0.783,img_101.jpg
95705,1280,720,636.3802,341.8741,993.9365,997.9272,-2.621,1.132,5.227,-0.055,-0.622,0.030,-0.780,img_102.jpg
95784,1280,720,636.3802,341.8741,993.9365,997.9272,-2.611,1.127,5.302,-0.055,-0.627,0.029,-0.776,img_103.jpg
95871,1280,720,636.3802,341.8741,993.9365,997.9272,-2.606,1.130,5.351,-0.054,-0.627,0.028,-0.777,img_104.jpg
95955,1280,720,636.3802,341.8741,993.9365,997.9272,-2.603,1.133,5.438,-0.053,-0.619,0.030,-0.783,img_105.jpg
96038,1280,720,636.3802,341.8741,993.9365,997.9272,-2.598,1.137,5.487,-0.056,-0.619,0.030,-0.783,img_106.jpg
96122,1280,720,636.3802,341.8741,993.9365,997.9272,-2.591,1.140,5.549,-0.064,-0.613,0.031,-0.787,img_107.jpg
96206,1280,720,636.3802,341.8741,993.9365,997.9272,-2.584,1.140,5.596,-0.069,-0.612,0.033,-0.787,img_108.jpg
96289,1280,720,636.3802,341.8741,993.9365,997.9272,-2.574,1.134,5.667,-0.077,-0.610,0.039,-0.788,img_109.jpg
96372,1280,720,636.3802,341.8741,993.9365,997.9272,-2.566,1.127,5.716,-0.082,-0.607,0.045,-0.789,img_110.jpg
96456,1280,720,636.3802,341.8741,993.9365,997.9272,-2.555,1.122,5.791,0.092,0.608,-0.057,0.786,img_111.jpg
96538,1280,720,636.3802,341.8741,993.9365,997.9272,-2.546,1.123,5.847,0.102,0.605,-0.069,0.787,img_112.jpg
96613,1280,720,636.3802,341.8741,993.9365,997.9272,-2.537,1.131,5.921,0.112,0.602,-0.085,0.786,img_113.jpg
96704,1280,720,636.3802,341.8741,993.9365,997.9272,-2.531,1.135,5.975,0.116,0.605,-0.094,0.782,img_114.jpg
96775,1280,720,636.3802,341.8741,993.9365,997.9272,-2.528,1.136,6.021,0.129,0.602,-0.105,0.781,img_115.jpg
96856,1280,720,636.3802,341.8741,993.9365,997.9272,-2.525,1.130,6.095,0.137,0.596,-0.111,0.784,img_116.jpg
96938,1280,720,636.3802,341.8741,993.9365,997.9272,-2.522,1.125,6.147,0.143,0.593,-0.112,0.784,img_117.jpg
97037,1280,720,636.3802,341.8741,993.9365,997.9272,-2.524,1.116,6.223,0.142,0.595,-0.115,0.783,img_118.jpg
97113,1280,720,636.3802,341.8741,993.9365,997.9272,-2.531,1.111,6.302,0.140,0.598,-0.118,0.780,img_119.jpg
97206,1280,720,636.3802,341.8741,993.9365,997.9272,-2.540,1.113,6.347,0.137,0.600,-0.120,0.779,img_120.jpg
97290,1280,720,636.3802,341.8741,993.9365,997.9272,-2.552,1.118,6.420,0.132,0.590,-0.123,0.787,img_121.jpg
97389,1280,720,636.3802,341.8741,993.9365,997.9272,-2.562,1.122,6.487,0.144,0.588,-0.135,0.784,img_122.jpg
97489,1280,720,636.3802,341.8741,993.9365,997.9272,-2.574,1.118,6.561,0.162,0.569,-0.164,0.790,img_123.jpg
97591,1280,720,636.3802,341.8741,993.9365,997.9272,-2.585,1.113,6.619,0.175,0.566,-0.190,0.783,img_124.jpg
97689,1280,720,636.3802,341.8741,993.9365,997.9272,-2.594,1.105,6.687,0.192,0.558,-0.208,0.780,img_125.jpg
97771,1280,720,636.3802,341.8741,993.9365,997.9272,-2.598,1.097,6.736,0.202,0.555,-0.221,0.776,img_126.jpg
97870,1280,720,636.3802,341.8741,993.9365,997.9272,-2.603,1.087,6.807,0.218,0.546,-0.240,0.773,img_127.jpg
97950,1280,720,636.3802,341.8741,993.9365,997.9272,-2.611,1.080,6.871,0.233,0.536,-0.258,0.769,img_128.jpg
98036,1280,720,636.3802,341.8741,993.9365,997.9272,-2.619,1.074,6.912,0.232,0.524,-0.271,0.773,img_129.jpg
98121,1280,720,636.3802,341.8741,993.9365,997.9272,-2.632,1.066,6.967,0.245,0.516,-0.291,0.768,img_130.jpg
98208,1280,720,636.3802,341.8741,993.9365,997.9272,-2.641,1.062,6.994,0.248,0.511,-0.299,0.767,img_131.jpg
98292,1280,720,636.3802,341.8741,993.9365,997.9272,-2.656,1.051,7.041,0.253,0.505,-0.308,0.766,img_132.jpg
98388,1280,720,636.3802,341.8741,993.9365,997.9272,-2.677,1.039,7.091,0.250,0.501,-0.316,0.766,img_133.jpg
98492,1280,720,636.3802,341.8741,993.9365,997.9272,-2.702,1.030,7.136,0.240,0.501,-0.322,0.767,img_134.jpg
98589,1280,720,636.3802,341.8741,993.9365,997.9272,-2.726,1.021,7.183,0.230,0.500,-0.325,0.769,img_135.jpg
98688,1280,720,636.3802,341.8741,993.9365,997.9272,-2.751,1.015,7.224,0.222,0.493,-0.329,0.774,img_136.jpg
98770,1280,720,636.3802,341.8741,993.9365,997.9272,-2.766,1.010,7.254,0.222,0.495,-0.329,0.773,img_137.jpg
98870,1280,720,636.3802,341.8741,993.9365,997.9272,-2.788,1.000,7.289,0.224,0.487,-0.332,0.776,img_138.jpg
98945,1280,720,636.3802,341.8741,993.9365,997.9272,-2.805,0.991,7.325,0.220,0.476,-0.336,0.782,img_139.jpg
99036,1280,720,636.3802,341.8741,993.9365,997.9272,-2.816,0.985,7.348,0.222,0.469,-0.341,0.784,img_140.jpg
99121,1280,720,636.3802,341.8741,993.9365,997.9272,-2.828,0.976,7.382,0.228,0.460,-0.345,0.786,img_141.jpg
99200,1280,720,636.3802,341.8741,993.9365,997.9272,-2.838,0.970,7.406,0.229,0.455,-0.350,0.786,img_142.jpg
99304,1280,720,636.3802,341.8741,993.9365,997.9272,-2.859,0.957,7.457,0.232,0.450,-0.362,0.783,img_143.jpg
99391,1280,720,636.3802,341.8741,993.9365,997.9272,-2.867,0.951,7.482,0.236,0.442,-0.370,0.783,img_144.jpg
99487,1280,720,636.3802,341.8741,993.9365,997.9272,-2.878,0.946,7.515,0.244,0.432,-0.374,0.783,img_145.jpg
99570,1280,720,636.3802,341.8741,993.9365,997.9272,-2.885,0.942,7.535,0.246,0.427,-0.376,0.785,img_146.jpg
99663,1280,720,636.3802,341.8741,993.9365,997.9272,-2.898,0.936,7.558,0.252,0.425,-0.381,0.782,img_147.jpg
99740,1280,720,636.3802,341.8741,993.9365,997.9272,-2.909,0.930,7.569,0.252,0.424,-0.385,0.780,img_148.jpg
99825,1280,720,636.3802,341.8741,993.9365,997.9272,-2.927,0.922,7.580,0.239,0.423,-0.386,0.784,img_149.jpg
99904,1280,720,636.3802,341.8741,993.9365,997.9272,-2.940,0.917,7.587,0.235,0.422,-0.384,0.787,img_150.jpg
99988,1280,720,636.3802,341.8741,993.9365,997.9272,-2.962,0.911,7.590,0.224,0.432,-0.377,0.788,img_151.jpg
100071,1280,720,636.3802,341.8741,993.9365,997.9272,-2.979,0.907,7.587,0.213,0.435,-0.371,0.792,img_152.jpg
100149,1280,720,636.3802,341.8741,993.9365,997.9272,-3.007,0.899,7.579,0.201,0.438,-0.358,0.800,img_153.jpg
100236,1280,720,636.3802,341.8741,993.9365,997.9272,-3.027,0.894,7.573,0.196,0.445,-0.347,0.802,img_154.jpg
100315,1280,720,636.3802,341.8741,993.9365,997.9272,-3.058,0.887,7.562,0.184,0.444,-0.333,0.811,img_155.jpg
100405,1280,720,636.3802,341.8741,993.9365,997.9272,-3.075,0.886,7.551,0.176,0.443,-0.320,0.819,img_156.jpg
100503,1280,720,636.3802,341.8741,993.9365,997.9272,-3.097,0.885,7.533,0.167,0.443,-0.306,0.826,img_157.jpg
100590,1280,720,636.3802,341.8741,993.9365,997.9272,-3.119,0.888,7.513,0.173,0.440,-0.313,0.824,img_158.jpg
100687,1280,720,636.3802,341.8741,993.9365,997.9272,-3.144,0.894,7.493,0.184,0.436,-0.331,0.816,img_159.jpg
100771,1280,720,636.3802,341.8741,993.9365,997.9272,-3.165,0.895,7.482,0.191,0.435,-0.347,0.809,img_160.jpg
100857,1280,720,636.3802,341.8741,993.9365,997.9272,-3.200,0.897,7.468,0.205,0.427,-0.372,0.798,img_161.jpg
100953,1280,720,636.3802,341.8741,993.9365,997.9272,-3.236,0.897,7.457,0.231,0.408,-0.398,0.788,img_162.jpg
101038,1280,720,636.3802,341.8741,993.9365,997.9272,-3.260,0.898,7.451,0.251,0.394,-0.419,0.779,img_163.jpg
101123,1280,720,636.3802,341.8741,993.9365,997.9272,-3.291,0.904,7.438,0.300,0.373,-0.445,0.757,img_164.jpg
101221,1280,720,636.3802,341.8741,993.9365,997.9272,-3.321,0.908,7.426,0.332,0.362,-0.467,0.735,img_165.jpg
101309,1280,720,636.3802,341.8741,993.9365,997.9272,-3.354,0.910,7.413,0.371,0.352,-0.492,0.704,img_166.jpg
101405,1280,720,636.3802,341.8741,993.9365,997.9272,-3.379,0.910,7.402,0.368,0.353,-0.498,0.701,img_167.jpg
101497,1280,720,636.3802,341.8741,993.9365,997.9272,-3.421,0.905,7.396,0.360,0.362,-0.500,0.700,img_168.jpg
101575,1280,720,636.3802,341.8741,993.9365,997.9272,-3.473,0.906,7.381,0.341,0.390,-0.495,0.698,img_169.jpg
101670,1280,720,636.3802,341.8741,993.9365,997.9272,-3.511,0.907,7.374,0.339,0.403,-0.489,0.695,img_170.jpg
101745,1280,720,636.3802,341.8741,993.9365,997.9272,-3.560,0.914,7.364,0.336,0.420,-0.474,0.697,img_171.jpg
101836,1280,720,636.3802,341.8741,993.9365,997.9272,-3.609,0.931,7.349,0.332,0.431,-0.473,0.693,img_172.jpg
101918,1280,720,636.3802,341.8741,993.9365,997.9272,-3.637,0.937,7.344,0.335,0.435,-0.476,0.687,img_173.jpg
102002,1280,720,636.3802,341.8741,993.9365,997.9272,-3.664,0.941,7.340,0.342,0.435,-0.478,0.681,img_174.jpg
102082,1280,720,636.3802,341.8741,993.9365,997.9272,-3.686,0.946,7.340,0.371,0.433,-0.475,0.670,img_175.jpg
102170,1280,720,636.3802,341.8741,993.9365,997.9272,-3.701,0.951,7.338,0.372,0.435,-0.476,0.668,img_176.jpg
102253,1280,720,636.3802,341.8741,993.9365,997.9272,-3.714,0.953,7.339,0.366,0.440,-0.466,0.675,img_177.jpg
102338,1280,720,636.3802,341.8741,993.9365,997.9272,-3.748,0.957,7.341,0.343,0.457,-0.454,0.683,img_178.jpg
102436,1280,720,636.3802,341.8741,993.9365,997.9272,-3.777,0.957,7.347,0.328,0.468,-0.441,0.692,img_179.jpg
102519,1280,720,636.3802,341.8741,993.9365,997.9272,-3.824,0.960,7.362,0.308,0.489,-0.408,0.707,img_180.jpg
102605,1280,720,636.3802,341.8741,993.9365,997.9272,-3.856,0.963,7.371,0.289,0.507,-0.383,0.716,img_181.jpg
102684,1280,720,636.3802,341.8741,993.9365,997.9272,-3.901,0.971,7.387,0.264,0.526,-0.338,0.734,img_182.jpg
102787,1280,720,636.3802,341.8741,993.9365,997.9272,-3.947,0.981,7.395,0.236,0.534,-0.312,0.749,img_183.jpg
102874,1280,720,636.3802,341.8741,993.9365,997.9272,-3.988,0.988,7.396,0.225,0.541,-0.292,0.756,img_184.jpg
102953,1280,720,636.3802,341.8741,993.9365,997.9272,-4.014,0.989,7.398,0.223,0.540,-0.287,0.759,img_185.jpg
103053,1280,720,636.3802,341.8741,993.9365,997.9272,-4.048,0.986,7.409,0.214,0.537,-0.282,0.766,img_186.jpg
103134,1280,720,636.3802,341.8741,993.9365,997.9272,-4.066,0.987,7.417,0.212,0.539,-0.272,0.769,img_187.jpg
103219,1280,720,636.3802,341.8741,993.9365,997.9272,-4.090,0.988,7.430,0.218,0.548,-0.251,0.768,img_188.jpg
103302,1280,720,636.3802,341.8741,993.9365,997.9272,-4.113,0.983,7.451,0.227,0.547,-0.232,0.772,img_189.jpg
103388,1280,720,636.3802,341.8741,993.9365,997.9272,-4.129,0.983,7.460,0.226,0.554,-0.221,0.770,img_190.jpg
103486,1280,720,636.3802,341.8741,993.9365,997.9272,-4.167,0.984,7.478,0.210,0.559,-0.208,0.775,img_191.jpg
103569,1280,720,636.3802,341.8741,993.9365,997.9272,-4.197,0.982,7.493,0.198,0.564,-0.198,0.777,img_192.jpg
103656,1280,720,636.3802,341.8741,993.9365,997.9272,-4.248,0.973,7.519,0.176,0.574,-0.165,0.783,img_193.jpg
103734,1280,720,636.3802,341.8741,993.9365,997.9272,-4.284,0.967,7.540,0.151,0.580,-0.131,0.790,img_194.jpg
103836,1280,720,636.3802,341.8741,993.9365,997.9272,-4.336,0.967,7.573,0.122,0.582,-0.087,0.799,img_195.jpg
103921,1280,720,636.3802,341.8741,993.9365,997.9272,-4.378,0.972,7.602,0.101,0.579,-0.060,0.807,img_196.jpg
104004,1280,720,636.3802,341.8741,993.9365,997.9272,-4.402,0.977,7.622,-0.088,-0.581,0.048,-0.808,img_197.jpg
104087,1280,720,636.3802,341.8741,993.9365,997.9272,-4.425,0.981,7.654,-0.068,-0.582,0.039,-0.809,img_198.jpg
104185,1280,720,636.3802,341.8741,993.9365,997.9272,-4.433,0.979,7.681,-0.054,-0.586,0.021,-0.808,img_199.jpg
104269,1280,720,636.3802,341.8741,993.9365,997.9272,-4.434,0.976,7.705,-0.039,-0.580,0.014,-0.814,img_200.jpg
104369,1280,720,636.3802,341.8741,993.9365,997.9272,-4.435,0.976,7.760,-0.046,-0.594,-0.002,-0.803,img_201.jpg
104452,1280,720,636.3802,341.8741,993.9365,997.9272,-4.439,0.977,7.791,-0.049,-0.598,-0.009,-0.800,img_202.jpg
104552,1280,720,636.3802,341.8741,993.9365,997.9272,-4.439,0.981,7.836,-0.043,-0.601,-0.012,-0.798,img_203.jpg
104634,1280,720,636.3802,341.8741,993.9365,997.9272,-4.437,0.980,7.887,-0.036,-0.602,-0.017,-0.798,img_204.jpg
104735,1280,720,636.3802,341.8741,993.9365,997.9272,-4.433,0.973,7.948,-0.031,-0.599,-0.024,-0.799,img_205.jpg
104818,1280,720,636.3802,341.8741,993.9365,997.9272,-4.429,0.965,7.994,-0.027,-0.602,-0.037,-0.797,img_206.jpg
104919,1280,720,636.3802,341.8741,993.9365,997.9272,-4.423,0.955,8.071,-0.022,-0.611,-0.057,-0.789,img_207.jpg
104999,1280,720,636.3802,341.8741,993.9365,997.9272,-4.421,0.951,8.123,-0.006,-0.618,-0.072,-0.783,img_208.jpg
105080,1280,720,636.3802,341.8741,993.9365,997.9272,-4.411,0.948,8.199,0.003,-0.612,-0.095,-0.785,img_209.jpg
105185,1280,720,636.3802,341.8741,993.9365,997.9272,-4.400,0.953,8.267,0.003,-0.597,-0.103,-0.796,img_210.jpg
105263,1280,720,636.3802,341.8741,993.9365,997.9272,-4.394,0.954,8.305,0.006,-0.580,-0.101,-0.809,img_211.jpg
105351,1280,720,636.3802,341.8741,993.9365,997.9272,-4.378,0.947,8.352,0.002,-0.567,-0.102,-0.818,img_212.jpg
105436,1280,720,636.3802,341.8741,993.9365,997.9272,-4.367,0.944,8.376,0.009,-0.562,-0.103,-0.821,img_213.jpg
105516,1280,720,636.3802,341.8741,993.9365,997.9272,-4.351,0.948,8.397,0.011,-0.570,-0.111,-0.814,img_214.jpg
105602,1280,720,636.3802,341.8741,993.9365,997.9272,-4.340,0.950,8.406,0.002,-0.583,-0.118,-0.804,img_215.jpg
105688,1280,720,636.3802,341.8741,993.9365,997.9272,-4.326,0.954,8.420,0.000,-0.588,-0.124,-0.799,img_216.jpg
105785,1280,720,636.3802,341.8741,993.9365,997.9272,-4.313,0.962,8.446,0.001,-0.595,-0.124,-0.794,img_217.jpg
105869,1280,720,636.3802,341.8741,993.9365,997.9272,-4.304,0.966,8.470,0.008,-0.598,-0.125,-0.791,img_218.jpg
105955,1280,720,636.3802,341.8741,993.9365,997.9272,-4.291,0.967,8.518,0.025,-0.603,-0.133,-0.786,img_219.jpg
106036,1280,720,636.3802,341.8741,993.9365,997.9272,-4.281,0.965,8.563,0.031,-0.597,-0.139,-0.790,img_220.jpg
106130,1280,720,636.3802,341.8741,993.9365,997.9272,-4.261,0.980,8.637,0.046,-0.593,-0.145,-0.791,img_221.jpg
106214,1280,720,636.3802,341.8741,993.9365,997.9272,-4.240,1.006,8.718,0.075,-0.589,-0.172,-0.786,img_222.jpg
106305,1280,720,636.3802,341.8741,993.9365,997.9272,-4.217,1.035,8.791,0.084,-0.601,-0.204,-0.768,img_223.jpg
106401,1280,720,636.3802,341.8741,993.9365,997.9272,-4.199,1.058,8.863,0.098,-0.613,-0.212,-0.755,img_224.jpg
106486,1280,720,636.3802,341.8741,993.9365,997.9272,-4.186,1.068,8.906,0.101,-0.616,-0.211,-0.753,img_225.jpg
106574,1280,720,636.3802,341.8741,993.9365,997.9272,-4.163,1.080,8.955,0.117,-0.606,-0.217,-0.757,img_226.jpg
106668,1280,720,636.3802,341.8741,993.9365,997.9272,-4.135,1.088,8.992,0.125,-0.598,-0.226,-0.759,img_227.jpg
106768,1280,720,636.3802,341.8741,993.9365,997.9272,-4.105,1.097,9.020,0.138,-0.593,-0.243,-0.755,img_228.jpg
106851,1280,720,636.3802,341.8741,993.9365,997.9272,-4.082,1.101,9.034,0.146,-0.584,-0.261,-0.755,img_229.jpg
106952,1280,720,636.3802,341.8741,993.9365,997.9272,-4.041,1.101,9.057,0.161,-0.574,-0.288,-0.749,img_230.jpg
107030,1280,720,636.3802,341.8741,993.9365,997.9272,-4.007,1.099,9.078,0.175,-0.564,-0.306,-0.747,img_231.jpg
107111,1280,720,636.3802,341.8741,993.9365,997.9272,-3.951,1.093,9.106,0.204,-0.534,-0.338,-0.748,img_232.jpg
107201,1280,720,636.3802,341.8741,993.9365,997.9272,-3.895,1.091,9.128,0.227,-0.523,-0.370,-0.734,img_233.jpg
107286,1280,720,636.3802,341.8741,993.9365,997.9272,-3.855,1.092,9.139,0.238,-0.509,-0.388,-0.731,img_234.jpg
107366,1280,720,636.3802,341.8741,993.9365,997.9272,-3.817,1.097,9.151,0.254,-0.509,-0.403,-0.717,img_235.jpg
107444,1280,720,636.3802,341.8741,993.9365,997.9272,-3.759,1.099,9.168,0.278,-0.509,-0.430,-0.692,img_236.jpg
107535,1280,720,636.3802,341.8741,993.9365,997.9272,-3.719,1.098,9.177,0.295,-0.501,-0.446,-0.681,img_237.jpg
107614,1280,720,636.3802,341.8741,993.9365,997.9272,-3.652,1.093,9.191,0.322,-0.484,-0.474,-0.662,img_238.jpg
107705,1280,720,636.3802,341.8741,993.9365,997.9272,-3.588,1.090,9.205,0.348,-0.476,-0.503,-0.632,img_239.jpg
107802,1280,720,636.3802,341.8741,993.9365,997.9272,-3.518,1.097,9.220,0.371,-0.462,-0.533,-0.604,img_240.jpg
107886,1280,720,636.3802,341.8741,993.9365,997.9272,-3.474,1.104,9.232,0.380,-0.451,-0.547,-0.594,img_241.jpg
107986,1280,720,636.3802,341.8741,993.9365,997.9272,-3.414,1.117,9.248,0.399,-0.442,-0.565,-0.571,img_242.jpg
108067,1280,720,636.3802,341.8741,993.9365,997.9272,-3.369,1.120,9.257,0.404,-0.433,-0.574,-0.565,img_243.jpg
108153,1280,720,636.3802,341.8741,993.9365,997.9272,-3.303,1.116,9.263,0.409,-0.414,-0.590,-0.559,img_244.jpg
108256,1280,720,636.3802,341.8741,993.9365,997.9272,-3.235,1.104,9.257,0.413,-0.407,-0.608,-0.542,img_245.jpg
108351,1280,720,636.3802,341.8741,993.9365,997.9272,-3.169,1.091,9.244,0.419,-0.394,-0.625,-0.528,img_246.jpg
108436,1280,720,636.3802,341.8741,993.9365,997.9272,-3.098,1.083,9.222,0.425,-0.391,-0.642,-0.504,img_247.jpg
108535,1280,720,636.3802,341.8741,993.9365,997.9272,-3.024,1.075,9.195,0.430,-0.402,-0.652,-0.478,img_248.jpg
108634,1280,720,636.3802,341.8741,993.9365,997.9272,-2.948,1.072,9.168,0.437,-0.382,-0.667,-0.467,img_249.jpg
108716,1280,720,636.3802,341.8741,993.9365,997.9272,-2.902,1.069,9.146,0.442,-0.373,-0.677,-0.455,img_250.jpg
108803,1280,720,636.3802,341.8741,993.9365,997.9272,-2.832,1.065,9.112,0.454,-0.352,-0.690,-0.440,img_251.jpg
108903,1280,720,636.3802,341.8741,993.9365,997.9272,-2.766,1.057,9.074,0.464,-0.329,-0.706,-0.421,img_252.jpg
109005,1280,720,636.3802,341.8741,993.9365,997.9272,-2.700,1.048,9.032,0.476,-0.315,-0.720,-0.394,img_253.jpg
109119,1280,720,636.3802,341.8741,993.9365,997.9272,-2.624,1.046,8.990,0.496,-0.293,-0.729,-0.369,img_254.jpg
109221,1280,720,636.3802,341.8741,993.9365,997.9272,-2.549,1.054,8.946,0.505,-0.273,-0.739,-0.352,img_255.jpg
109317,1280,720,636.3802,341.8741,993.9365,997.9272,-2.485,1.070,8.906,0.519,-0.250,-0.745,-0.336,img_256.jpg
109406,1280,720,636.3802,341.8741,993.9365,997.9272,-2.420,1.072,8.853,0.521,-0.239,-0.756,-0.317,img_257.jpg
109484,1280,720,636.3802,341.8741,993.9365,997.9272,-2.388,1.072,8.817,0.521,-0.230,-0.762,-0.308,img_258.jpg
109568,1280,720,636.3802,341.8741,993.9365,997.9272,-2.333,1.067,8.760,0.525,-0.222,-0.768,-0.292,img_259.jpg
109667,1280,720,636.3802,341.8741,993.9365,997.9272,-2.295,1.060,8.713,0.528,-0.224,-0.768,-0.285,img_260.jpg
109744,1280,720,636.3802,341.8741,993.9365,997.9272,-2.247,1.050,8.647,0.528,-0.227,-0.766,-0.288,img_261.jpg
109833,1280,720,636.3802,341.8741,993.9365,997.9272,-2.216,1.046,8.604,0.522,-0.234,-0.766,-0.292,img_262.jpg
109912,1280,720,636.3802,341.8741,993.9365,997.9272,-2.165,1.044,8.546,0.513,-0.243,-0.762,-0.312,img_263.jpg
110002,1280,720,636.3802,341.8741,993.9365,997.9272,-2.114,1.039,8.495,0.508,-0.252,-0.750,-0.341,img_264.jpg
110084,1280,720,636.3802,341.8741,993.9365,997.9272,-2.074,1.033,8.460,0.497,-0.254,-0.744,-0.367,img_265.jpg
110164,1280,720,636.3802,341.8741,993.9365,997.9272,-2.009,1.023,8.407,0.492,-0.255,-0.729,-0.401,img_266.jpg
110250,1280,720,636.3802,341.8741,993.9365,997.9272,-1.961,1.017,8.371,0.493,-0.270,-0.715,-0.416,img_267.jpg
110332,1280,720,636.3802,341.8741,993.9365,997.9272,-1.889,1.005,8.324,0.482,-0.282,-0.700,-0.445,img_268.jpg
110419,1280,720,636.3802,341.8741,993.9365,997.9272,-1.835,1.002,8.290,0.477,-0.295,-0.687,-0.462,img_269.jpg
110504,1280,720,636.3802,341.8741,993.9365,997.9272,-1.760,1.005,8.250,0.460,-0.307,-0.673,-0.491,img_270.jpg
110601,1280,720,636.3802,341.8741,993.9365,997.9272,-1.682,1.007,8.214,0.445,-0.318,-0.657,-0.519,img_271.jpg
110701,1280,720,636.3802,341.8741,993.9365,997.9272,-1.634,1.007,8.192,0.429,-0.332,-0.648,-0.534,img_272.jpg
110775,1280,720,636.3802,341.8741,993.9365,997.9272,-1.569,1.010,8.166,0.415,-0.348,-0.634,-0.551,img_273.jpg
110867,1280,720,636.3802,341.8741,993.9365,997.9272,-1.502,1.009,8.134,0.408,-0.360,-0.626,-0.558,img_274.jpg
110950,1280,720,636.3802,341.8741,993.9365,997.9272,-1.461,1.012,8.119,0.406,-0.367,-0.620,-0.562,img_275.jpg
111032,1280,720,636.3802,341.8741,993.9365,997.9272,-1.416,1.013,8.101,0.408,-0.370,-0.616,-0.563,img_276.jpg
111133,1280,720,636.3802,341.8741,993.9365,997.9272,-1.327,1.020,8.060,0.410,-0.389,-0.614,-0.552,img_277.jpg
111215,1280,720,636.3802,341.8741,993.9365,997.9272,-1.281,1.024,8.042,0.400,-0.385,-0.615,-0.559,img_278.jpg
111301,1280,720,636.3802,341.8741,993.9365,997.9272,-1.233,1.025,8.027,0.397,-0.388,-0.620,-0.554,img_279.jpg
111379,1280,720,636.3802,341.8741,993.9365,997.9272,-1.169,1.026,8.011,0.392,-0.391,-0.622,-0.554,img_280.jpg
111484,1280,720,636.3802,341.8741,993.9365,997.9272,-1.096,1.024,8.000,0.396,-0.377,-0.622,-0.560,img_281.jpg
111571,1280,720,636.3802,341.8741,993.9365,997.9272,-1.024,1.019,7.991,0.398,-0.380,-0.628,-0.551,img_282.jpg
111683,1280,720,636.3802,341.8741,993.9365,997.9272,-0.948,1.017,7.986,0.411,-0.366,-0.642,-0.535,img_283.jpg
111771,1280,720,636.3802,341.8741,993.9365,997.9272,-0.874,1.023,7.981,0.411,-0.344,-0.659,-0.528,img_284.jpg
111868,1280,720,636.3802,341.8741,993.9365,997.9272,-0.805,1.031,7.962,0.418,-0.341,-0.674,-0.505,img_285.jpg
111967,1280,720,636.3802,341.8741,993.9365,997.9272,-0.751,1.032,7.943,0.428,-0.306,-0.704,-0.476,img_286.jpg
112049,1280,720,636.3802,341.8741,993.9365,997.9272,-0.706,1.031,7.918,0.431,-0.280,-0.724,-0.460,img_287.jpg
112130,1280,720,636.3802,341.8741,993.9365,997.9272,-0.649,1.026,7.887,0.446,-0.252,-0.744,-0.430,img_288.jpg
112215,1280,720,636.3802,341.8741,993.9365,997.9272,-0.614,1.024,7.865,0.455,-0.232,-0.756,-0.410,img_289.jpg
112291,1280,720,636.3802,341.8741,993.9365,997.9272,-0.578,1.025,7.839,0.465,-0.213,-0.768,-0.385,img_290.jpg
112384,1280,720,636.3802,341.8741,993.9365,997.9272,-0.525,1.024,7.798,0.479,-0.183,-0.788,-0.340,img_291.jpg
112464,1280,720,636.3802,341.8741,993.9365,997.9272,-0.479,1.027,7.758,0.482,-0.162,-0.806,-0.303,img_292.jpg
112548,1280,720,636.3802,341.8741,993.9365,997.9272,-0.453,1.030,7.732,0.490,-0.148,-0.816,-0.271,img_293.jpg
112632,1280,720,636.3802,341.8741,993.9365,997.9272,-0.403,1.027,7.691,0.494,-0.122,-0.828,-0.234,img_294.jpg
112717,1280,720,636.3802,341.8741,993.9365,997.9272,-0.374,1.028,7.666,0.499,-0.100,-0.835,-0.211,img_295.jpg
112805,1280,720,636.3802,341.8741,993.9365,997.9272,-0.329,1.025,7.627,0.505,-0.076,-0.843,-0.168,img_296.jpg
112899,1280,720,636.3802,341.8741,993.9365,997.9272,-0.285,1.017,7.590,0.509,-0.051,-0.850,-0.126,img_297.jpg
112984,1280,720,636.3802,341.8741,993.9365,997.9272,-0.256,1.014,7.564,0.509,-0.039,-0.854,-0.101,img_298.jpg
113067,1280,720,636.3802,341.8741,993.9365,997.9272,-0.212,1.029,7.534,0.512,-0.017,-0.856,-0.071,img_299.jpg
113149,1280,720,636.3802,341.8741,993.9365,997.9272,-0.195,1.029,7.510,0.514,-0.005,-0.856,-0.054,img_300.jpg
113249,1280,720,636.3802,341.8741,993.9365,997.9272,-0.175,1.030,7.471,0.512,0.020,-0.858,-0.031,img_301.jpg
113329,1280,720,636.3802,341.8741,993.9365,997.9272,-0.162,1.027,7.437,0.513,0.032,-0.858,-0.014,img_302.jpg
113413,1280,720,636.3802,341.8741,993.9365,997.9272,-0.159,1.023,7.388,0.515,0.040,-0.856,0.005,img_303.jpg
113499,1280,720,636.3802,341.8741,993.9365,997.9272,-0.174,1.021,7.346,0.514,0.045,-0.857,0.013,img_304.jpg
113585,1280,720,636.3802,341.8741,993.9365,997.9272,-0.179,1.018,7.307,0.515,0.035,-0.856,0.018,img_305.jpg
113671,1280,720,636.3802,341.8741,993.9365,997.9272,-0.183,1.007,7.231,0.520,0.028,-0.853,0.023,img_306.jpg
113766,1280,720,636.3802,341.8741,993.9365,997.9272,-0.198,0.998,7.146,0.520,0.024,-0.853,0.025,img_307.jpg
113850,1280,720,636.3802,341.8741,993.9365,997.9272,-0.212,0.999,7.093,0.513,0.029,-0.858,0.020,img_308.jpg
113928,1280,720,636.3802,341.8741,993.9365,997.9272,-0.235,1.005,7.023,0.514,0.041,-0.857,0.026,img_309.jpg
114015,1280,720,636.3802,341.8741,993.9365,997.9272,-0.249,1.007,6.978,0.515,0.044,-0.855,0.036,img_310.jpg
114093,1280,720,636.3802,341.8741,993.9365,997.9272,-0.258,1.010,6.936,0.517,0.051,-0.853,0.044,img_311.jpg
114177,1280,720,636.3802,341.8741,993.9365,997.9272,-0.277,1.010,6.875,0.518,0.059,-0.851,0.057,img_312.jpg
114283,1280,720,636.3802,341.8741,993.9365,997.9272,-0.288,1.011,6.814,0.519,0.072,-0.849,0.067,img_313.jpg
114370,1280,720,636.3802,341.8741,993.9365,997.9272,-0.292,1.006,6.747,0.521,0.082,-0.846,0.082,img_314.jpg
114468,1280,720,636.3802,341.8741,993.9365,997.9272,-0.295,1.009,6.677,0.530,0.099,-0.836,0.103,img_315.jpg
114566,1280,720,636.3802,341.8741,993.9365,997.9272,-0.304,1.015,6.608,0.518,0.105,-0.840,0.123,img_316.jpg
114668,1280,720,636.3802,341.8741,993.9365,997.9272,-0.314,1.028,6.543,0.524,0.121,-0.830,0.150,img_317.jpg
114766,1280,720,636.3802,341.8741,993.9365,997.9272,-0.333,1.035,6.481,0.522,0.130,-0.826,0.168,img_318.jpg
114849,1280,720,636.3802,341.8741,993.9365,997.9272,-0.349,1.037,6.445,0.519,0.141,-0.824,0.180,img_319.jpg
114935,1280,720,636.3802,341.8741,993.9365,997.9272,-0.373,1.034,6.383,0.518,0.152,-0.817,0.201,img_320.jpg
115031,1280,720,636.3802,341.8741,993.9365,997.9272,-0.407,1.024,6.321,0.514,0.162,-0.813,0.220,img_321.jpg
115116,1280,720,636.3802,341.8741,993.9365,997.9272,-0.432,1.019,6.280,0.516,0.167,-0.807,0.234,img_322.jpg
115202,1280,720,636.3802,341.8741,993.9365,997.9272,-0.473,1.013,6.218,0.520,0.169,-0.798,0.254,img_323.jpg
115300,1280,720,636.3802,341.8741,993.9365,997.9272,-0.511,1.013,6.151,0.511,0.174,-0.799,0.266,img_324.jpg
115383,1280,720,636.3802,341.8741,993.9365,997.9272,-0.533,1.019,6.109,0.512,0.177,-0.794,0.274,img_325.jpg
115468,1280,720,636.3802,341.8741,993.9365,997.9272,-0.571,1.023,6.051,0.511,0.184,-0.791,0.282,img_326.jpg
115547,1280,720,636.3802,341.8741,993.9365,997.9272,-0.596,1.022,6.010,0.504,0.192,-0.793,0.284,img_327.jpg
115629,1280,720,636.3802,341.8741,993.9365,997.9272,-0.631,1.014,5.940,0.502,0.196,-0.792,0.289,img_328.jpg
115713,1280,720,636.3802,341.8741,993.9365,997.9272,-0.657,1.011,5.897,0.507,0.199,-0.787,0.291,img_329.jpg
115807,1280,720,636.3802,341.8741,993.9365,997.9272,-0.682,1.011,5.853,0.514,0.203,-0.779,0.297,img_330.jpg
115888,1280,720,636.3802,341.8741,993.9365,997.9272,-0.716,1.014,5.795,0.517,0.210,-0.772,0.304,img_331.jpg
115969,1280,720,636.3802,341.8741,993.9365,997.9272,-0.757,1.025,5.737,0.517,0.213,-0.770,0.308,img_332.jpg
116049,1280,720,636.3802,341.8741,993.9365,997.9272,-0.785,1.028,5.700,0.523,0.213,-0.764,0.313,img_333.jpg
116130,1280,720,636.3802,341.8741,993.9365,997.9272,-0.837,1.028,5.646,0.517,0.209,-0.765,0.323,img_334.jpg
116215,1280,720,636.3802,341.8741,993.9365,997.9272,-0.870,1.029,5.615,0.511,0.216,-0.766,0.325,img_335.jpg
116293,1280,720,636.3802,341.8741,993.9365,997.9272,-0.907,1.028,5.587,0.517,0.214,-0.763,0.324,img_336.jpg
116378,1280,720,636.3802,341.8741,993.9365,997.9272,-0.972,1.017,5.534,0.521,0.208,-0.765,0.317,img_337.jpg
116466,1280,720,636.3802,341.8741,993.9365,997.9272,-1.032,1.006,5.496,0.529,0.192,-0.771,0.298,img_338.jpg
116566,1280,720,636.3802,341.8741,993.9365,997.9272,-1.102,0.996,5.448,0.531,0.177,-0.778,0.287,img_339.jpg
116669,1280,720,636.3802,341.8741,993.9365,997.9272,-1.169,0.994,5.391,0.538,0.168,-0.780,0.271,img_340.jpg
116766,1280,720,636.3802,341.8741,993.9365,997.9272,-1.232,0.987,5.347,0.540,0.156,-0.787,0.253,img_341.jpg
116851,1280,720,636.3802,341.8741,993.9365,997.9272,-1.265,0.989,5.320,0.546,0.156,-0.787,0.241,img_342.jpg
116938,1280,720,636.3802,341.8741,993.9365,997.9272,-1.323,0.991,5.274,0.546,0.155,-0.790,0.231,img_343.jpg
117032,1280,720,636.3802,341.8741,993.9365,997.9272,-1.383,0.985,5.219,0.550,0.157,-0.790,0.220,img_344.jpg
117132,1280,720,636.3802,341.8741,993.9365,997.9272,-1.440,0.977,5.164,0.573,0.159,-0.779,0.200,img_345.jpg
117214,1280,720,636.3802,341.8741,993.9365,997.9272,-1.481,0.966,5.126,0.577,0.145,-0.783,0.185,img_346.jpg
117296,1280,720,636.3802,341.8741,993.9365,997.9272,-1.523,0.951,5.086,0.568,0.149,-0.791,0.172,img_347.jpg
117379,1280,720,636.3802,341.8741,993.9365,997.9272,-1.580,0.935,5.030,0.565,0.142,-0.796,0.165,img_348.jpg
117469,1280,720,636.3802,341.8741,993.9365,997.9272,-1.636,0.925,4.983,0.569,0.132,-0.796,0.158,img_349.jpg
117566,1280,720,636.3802,341.8741,993.9365,997.9272,-1.694,0.913,4.934,0.577,0.137,-0.792,0.143,img_350.jpg
117667,1280,720,636.3802,341.8741,993.9365,997.9272,-1.756,0.892,4.891,0.577,0.137,-0.791,0.151,img_351.jpg
117768,1280,720,636.3802,341.8741,993.9365,997.9272,-1.820,0.874,4.848,0.584,0.142,-0.785,0.151,img_352.jpg
117869,1280,720,636.3802,341.8741,993.9365,997.9272,-1.878,0.860,4.808,0.599,0.132,-0.778,0.134,img_353.jpg
117966,1280,720,636.3802,341.8741,993.9365,997.9272,-1.931,0.848,4.760,0.602,0.123,-0.780,0.119,img_354.jpg
118048,1280,720,636.3802,341.8741,993.9365,997.9272,-1.966,0.831,4.723,0.601,0.108,-0.784,0.112,img_355.jpg
118148,1280,720,636.3802,341.8741,993.9365,997.9272,-2.008,0.802,4.667,0.595,0.098,-0.793,0.092,img_356.jpg
118235,1280,720,636.3802,341.8741,993.9365,997.9272,-2.054,0.770,4.601,0.591,0.084,-0.798,0.078,img_357.jpg
118332,1280,720,636.3802,341.8741,993.9365,997.9272,-2.089,0.743,4.534,0.592,0.069,-0.800,0.062,img_358.jpg
118413,1280,720,636.3802,341.8741,993.9365,997.9272,-2.110,0.730,4.490,0.599,0.055,-0.797,0.049,img_359.jpg
118498,1280,720,636.3802,341.8741,993.9365,997.9272,-2.131,0.715,4.426,0.609,0.018,-0.793,0.024,img_360.jpg
118585,1280,720,636.3802,341.8741,993.9365,997.9272,-2.147,0.705,4.376,0.598,0.015,-0.801,0.004,img_361.jpg
118675,1280,720,636.3802,341.8741,993.9365,997.9272,-2.169,0.699,4.315,0.599,0.010,-0.800,-0.011,img_362.jpg
118765,1280,720,636.3802,341.8741,993.9365,997.9272,-2.199,0.693,4.256,0.602,0.000,-0.798,-0.018,img_363.jpg
118850,1280,720,636.3802,341.8741,993.9365,997.9272,-2.213,0.694,4.219,0.603,-0.007,-0.797,-0.029,img_364.jpg
118938,1280,720,636.3802,341.8741,993.9365,997.9272,-2.245,0.687,4.158,0.604,-0.028,-0.795,-0.043,img_365.jpg
119036,1280,720,636.3802,341.8741,993.9365,997.9272,-2.268,0.679,4.099,0.601,-0.049,-0.795,-0.060,img_366.jpg
119132,1280,720,636.3802,341.8741,993.9365,997.9272,-2.292,0.669,4.027,0.597,-0.073,-0.795,-0.081,img_367.jpg
119229,1280,720,636.3802,341.8741,993.9365,997.9272,-2.306,0.671,3.962,0.583,-0.095,-0.798,-0.119,img_368.jpg
119332,1280,720,636.3802,341.8741,993.9365,997.9272,-2.326,0.666,3.879,0.579,-0.123,-0.791,-0.156,img_369.jpg
119432,1280,720,636.3802,341.8741,993.9365,997.9272,-2.334,0.658,3.807,0.573,-0.147,-0.784,-0.188,img_370.jpg
119529,1280,720,636.3802,341.8741,993.9365,997.9272,-2.333,0.648,3.738,0.567,-0.170,-0.775,-0.221,img_371.jpg
119631,1280,720,636.3802,341.8741,993.9365,997.9272,-2.322,0.635,3.667,0.559,-0.186,-0.768,-0.252,img_372.jpg
119733,1280,720,636.3802,341.8741,993.9365,997.9272,-2.317,0.633,3.618,0.555,-0.190,-0.764,-0.268,img_373.jpg
119809,1280,720,636.3802,341.8741,993.9365,997.9272,-2.305,0.631,3.552,0.540,-0.199,-0.767,-0.285,img_374.jpg
119915,1280,720,636.3802,341.8741,993.9365,997.9272,-2.292,0.634,3.492,0.533,-0.207,-0.763,-0.302,img_375.jpg
119990,1280,720,636.3802,341.8741,993.9365,997.9272,-2.269,0.636,3.446,0.523,-0.223,-0.756,-0.325,img_376.jpg
120083,1280,720,636.3802,341.8741,993.9365,997.9272,-2.249,0.639,3.420,0.517,-0.232,-0.746,-0.350,img_377.jpg
120169,1280,720,636.3802,341.8741,993.9365,997.9272,-2.226,0.636,3.382,0.503,-0.260,-0.726,-0.391,img_378.jpg
120265,1280,720,636.3802,341.8741,993.9365,997.9272,-2.203,0.629,3.345,0.480,-0.285,-0.712,-0.425,img_379.jpg
120365,1280,720,636.3802,341.8741,993.9365,997.9272,-2.170,0.617,3.300,0.456,-0.311,-0.699,-0.455,img_380.jpg
120448,1280,720,636.3802,341.8741,993.9365,997.9272,-2.140,0.613,3.276,0.437,-0.337,-0.682,-0.479,img_381.jpg
120527,1280,720,636.3802,341.8741,993.9365,997.9272,-2.094,0.618,3.260,0.414,-0.365,-0.653,-0.518,img_382.jpg
120614,1280,720,636.3802,341.8741,993.9365,997.9272,-2.063,0.622,3.249,0.403,-0.379,-0.639,-0.535,img_383.jpg
120696,1280,720,636.3802,341.8741,993.9365,997.9272,-2.018,0.626,3.237,0.393,-0.400,-0.619,-0.549,img_384.jpg
120783,1280,720,636.3802,341.8741,993.9365,997.9272,-1.988,0.628,3.235,0.389,-0.408,-0.607,-0.560,img_385.jpg
120857,1280,720,636.3802,341.8741,993.9365,997.9272,-1.938,0.629,3.227,0.394,-0.404,-0.599,-0.568,img_386.jpg
120947,1280,720,636.3802,341.8741,993.9365,997.9272,-1.905,0.628,3.216,0.410,-0.381,-0.604,-0.567,img_387.jpg
121028,1280,720,636.3802,341.8741,993.9365,997.9272,-1.856,0.628,3.195,0.432,-0.352,-0.626,-0.545,img_388.jpg
121114,1280,720,636.3802,341.8741,993.9365,997.9272,-1.830,0.635,3.178,0.448,-0.333,-0.643,-0.525,img_389.jpg
121196,1280,720,636.3802,341.8741,993.9365,997.9272,-1.785,0.640,3.149,0.465,-0.312,-0.671,-0.487,img_390.jpg
121282,1280,720,636.3802,341.8741,993.9365,997.9272,-1.751,0.644,3.125,0.472,-0.299,-0.688,-0.463,img_391.jpg
121355,1280,720,636.3802,341.8741,993.9365,997.9272,-1.723,0.649,3.103,0.480,-0.285,-0.703,-0.441,img_392.jpg
121433,1280,720,636.3802,341.8741,993.9365,997.9272,-1.682,0.648,3.068,0.490,-0.264,-0.723,-0.410,img_393.jpg
121512,1280,720,636.3802,341.8741,993.9365,997.9272,-1.652,0.645,3.041,0.494,-0.254,-0.736,-0.387,img_394.jpg
121584,1280,720,636.3802,341.8741,993.9365,997.9272,-1.625,0.644,3.015,0.500,-0.240,-0.745,-0.370,img_395.jpg
121663,1280,720,636.3802,341.8741,993.9365,997.9272,-1.587,0.652,2.969,0.504,-0.220,-0.764,-0.338,img_396.jpg
121747,1280,720,636.3802,341.8741,993.9365,997.9272,-1.570,0.665,2.939,0.510,-0.202,-0.775,-0.315,img_397.jpg
121831,1280,720,636.3802,341.8741,993.9365,997.9272,-1.547,0.675,2.896,0.520,-0.175,-0.788,-0.280,img_398.jpg
121914,1280,720,636.3802,341.8741,993.9365,997.9272,-1.526,0.680,2.864,0.527,-0.163,-0.794,-0.255,img_399.jpg
122014,1280,720,636.3802,341.8741,993.9365,997.9272,-1.497,0.686,2.817,0.540,-0.130,-0.802,-0.222,img_400.jpg
122087,1280,720,636.3802,341.8741,993.9365,997.9272,-1.475,0.686,2.770,0.547,-0.105,-0.811,-0.177,img_401.jpg
122165,1280,720,636.3802,341.8741,993.9365,997.9272,-1.452,0.683,2.737,0.553,-0.084,-0.814,-0.156,img_402.jpg
122247,1280,720,636.3802,341.8741,993.9365,997.9272,-1.427,0.678,2.701,0.561,-0.061,-0.816,-0.129,img_403.jpg
122333,1280,720,636.3802,341.8741,993.9365,997.9272,-1.404,0.669,2.650,0.568,-0.042,-0.818,-0.083,img_404.jpg
122411,1280,720,636.3802,341.8741,993.9365,997.9272,-1.391,0.670,2.616,0.576,-0.016,-0.815,-0.062,img_405.jpg
122483,1280,720,636.3802,341.8741,993.9365,997.9272,-1.385,0.672,2.582,0.580,-0.003,-0.814,-0.036,img_406.jpg
122560,1280,720,636.3802,341.8741,993.9365,997.9272,-1.389,0.672,2.537,0.580,0.007,-0.814,-0.022,img_407.jpg
122646,1280,720,636.3802,341.8741,993.9365,997.9272,-1.379,0.667,2.488,0.580,0.007,-0.814,-0.030,img_408.jpg
122724,1280,720,636.3802,341.8741,993.9365,997.9272,-1.390,0.662,2.436,0.583,-0.005,-0.811,-0.047,img_409.jpg
122811,1280,720,636.3802,341.8741,993.9365,997.9272,-1.393,0.655,2.395,0.582,-0.014,-0.812,-0.052,img_410.jpg
122882,1280,720,636.3802,341.8741,993.9365,997.9272,-1.400,0.652,2.364,0.583,-0.023,-0.810,-0.056,img_411.jpg
122951,1280,720,636.3802,341.8741,993.9365,997.9272,-1.413,0.642,2.329,0.584,-0.038,-0.808,-0.067,img_412.jpg
123030,1280,720,636.3802,341.8741,993.9365,997.9272,-1.417,0.637,2.268,0.576,-0.050,-0.811,-0.092,img_413.jpg
123111,1280,720,636.3802,341.8741,993.9365,997.9272,-1.418,0.632,2.228,0.571,-0.062,-0.810,-0.115,img_414.jpg
123198,1280,720,636.3802,341.8741,993.9365,997.9272,-1.415,0.631,2.170,0.565,-0.085,-0.807,-0.151,img_415.jpg
123280,1280,720,636.3802,341.8741,993.9365,997.9272,-1.412,0.628,2.141,0.559,-0.096,-0.803,-0.181,img_416.jpg
123365,1280,720,636.3802,341.8741,993.9365,997.9272,-1.405,0.622,2.081,0.553,-0.126,-0.794,-0.221,img_417.jpg
123447,1280,720,636.3802,341.8741,993.9365,997.9272,-1.399,0.616,2.045,0.550,-0.138,-0.786,-0.245,img_418.jpg
123517,1280,720,636.3802,341.8741,993.9365,997.9272,-1.390,0.609,2.011,0.544,-0.148,-0.780,-0.272,img_419.jpg
123597,1280,720,636.3802,341.8741,993.9365,997.9272,-1.363,0.597,1.970,0.521,-0.181,-0.767,-0.328,img_420.jpg
123682,1280,720,636.3802,341.8741,993.9365,997.9272,-1.343,0.594,1.937,0.508,-0.201,-0.758,-0.357,img_421.jpg
123756,1280,720,636.3802,341.8741,993.9365,997.9272,-1.312,0.591,1.892,0.496,-0.219,-0.743,-0.392,img_422.jpg
123831,1280,720,636.3802,341.8741,993.9365,997.9272,-1.293,0.596,1.864,0.486,-0.228,-0.727,-0.428,img_423.jpg
123929,1280,720,636.3802,341.8741,993.9365,997.9272,-1.268,0.605,1.832,0.482,-0.246,-0.702,-0.463,img_424.jpg
124010,1280,720,636.3802,341.8741,993.9365,997.9272,-1.249,0.606,1.807,0.483,-0.251,-0.698,-0.464,img_425.jpg
124089,1280,720,636.3802,341.8741,993.9365,997.9272,-1.229,0.612,1.773,0.494,-0.245,-0.707,-0.442,img_426.jpg
124180,1280,720,636.3802,341.8741,993.9365,997.9272,-1.209,0.612,1.736,0.505,-0.240,-0.715,-0.420,img_427.jpg
124259,1280,720,636.3802,341.8741,993.9365,997.9272,-1.192,0.614,1.699,0.503,-0.244,-0.728,-0.397,img_428.jpg
124332,1280,720,636.3802,341.8741,993.9365,997.9272,-1.170,0.619,1.659,0.505,-0.234,-0.742,-0.374,img_429.jpg
124411,1280,720,636.3802,341.8741,993.9365,997.9272,-1.152,0.622,1.630,0.504,-0.231,-0.749,-0.364,img_430.jpg
124486,1280,720,636.3802,341.8741,993.9365,997.9272,-1.135,0.625,1.605,0.504,-0.227,-0.751,-0.362,img_431.jpg
124564,1280,720,636.3802,341.8741,993.9365,997.9272,-1.102,0.623,1.565,0.505,-0.223,-0.755,-0.354,img_432.jpg
124663,1280,720,636.3802,341.8741,993.9365,997.9272,-1.058,0.619,1.521,0.509,-0.212,-0.764,-0.336,img_433.jpg
124746,1280,720,636.3802,341.8741,993.9365,997.9272,-1.031,0.618,1.491,0.520,-0.200,-0.768,-0.316,img_434.jpg
124825,1280,720,636.3802,341.8741,993.9365,997.9272,-0.987,0.622,1.440,0.526,-0.185,-0.778,-0.291,img_435.jpg
124913,1280,720,636.3802,341.8741,993.9365,997.9272,-0.960,0.628,1.406,0.531,-0.173,-0.781,-0.278,img_436.jpg
124991,1280,720,636.3802,341.8741,993.9365,997.9272,-0.921,0.635,1.357,0.533,-0.161,-0.790,-0.259,img_437.jpg
125079,1280,720,636.3802,341.8741,993.9365,997.9272,-0.894,0.638,1.316,0.530,-0.155,-0.794,-0.253,img_438.jpg
125154,1280,720,636.3802,341.8741,993.9365,997.9272,-0.860,0.644,1.262,0.533,-0.143,-0.796,-0.250,img_439.jpg
125246,1280,720,636.3802,341.8741,993.9365,997.9272,-0.841,0.642,1.219,0.534,-0.142,-0.800,-0.235,img_440.jpg
125316,1280,720,636.3802,341.8741,993.9365,997.9272,-0.821,0.638,1.170,0.535,-0.141,-0.803,-0.222,img_441.jpg
125394,1280,720,636.3802,341.8741,993.9365,997.9272,-0.794,0.636,1.097,0.537,-0.139,-0.805,-0.209,img_442.jpg
125480,1280,720,636.3802,341.8741,993.9365,997.9272,-0.776,0.637,1.043,0.535,-0.139,-0.809,-0.199,img_443.jpg
125558,1280,720,636.3802,341.8741,993.9365,997.9272,-0.756,0.647,0.966,0.532,-0.142,-0.814,-0.186,img_444.jpg
125663,1280,720,636.3802,341.8741,993.9365,997.9272,-0.730,0.656,0.894,0.536,-0.138,-0.811,-0.189,img_445.jpg
125747,1280,720,636.3802,341.8741,993.9365,997.9272,-0.715,0.659,0.848,0.538,-0.142,-0.810,-0.187,img_446.jpg
125830,1280,720,636.3802,341.8741,993.9365,997.9272,-0.692,0.660,0.788,0.541,-0.133,-0.809,-0.186,img_447.jpg
125910,1280,720,636.3802,341.8741,993.9365,997.9272,-0.682,0.654,0.751,0.539,-0.132,-0.814,-0.174,img_448.jpg
125988,1280,720,636.3802,341.8741,993.9365,997.9272,-0.660,0.647,0.685,0.542,-0.120,-0.815,-0.165,img_449.jpg
126079,1280,720,636.3802,341.8741,993.9365,997.9272,-0.649,0.642,0.647,0.545,-0.113,-0.816,-0.158,img_450.jpg
126157,1280,720,636.3802,341.8741,993.9365,997.9272,-0.627,0.641,0.582,0.545,-0.102,-0.817,-0.158,img_451.jpg
126246,1280,720,636.3802,341.8741,993.9365,997.9272,-0.614,0.644,0.547,0.543,-0.097,-0.817,-0.167,img_452.jpg
126317,1280,720,636.3802,341.8741,993.9365,997.9272,-0.605,0.645,0.503,0.542,-0.100,-0.817,-0.170,img_453.jpg
126397,1280,720,636.3802,341.8741,993.9365,997.9272,-0.592,0.641,0.444,0.538,-0.107,-0.819,-0.166,img_454.jpg
126479,1280,720,636.3802,341.8741,993.9365,997.9272,-0.586,0.641,0.406,0.537,-0.106,-0.820,-0.167,img_455.jpg
126552,1280,720,636.3802,341.8741,993.9365,997.9272,-0.580,0.639,0.354,0.535,-0.112,-0.820,-0.172,img_456.jpg
126646,1280,720,636.3802,341.8741,993.9365,997.9272,-0.578,0.633,0.319,0.528,-0.130,-0.819,-0.181,img_457.jpg
126723,1280,720,636.3802,341.8741,993.9365,997.9272,-0.572,0.630,0.269,0.521,-0.162,-0.811,-0.209,img_458.jpg
126810,1280,720,636.3802,341.8741,993.9365,997.9272,-0.569,0.627,0.235,0.519,-0.177,-0.807,-0.222,img_459.jpg
126895,1280,720,636.3802,341.8741,993.9365,997.9272,-0.565,0.622,0.181,0.503,-0.203,-0.802,-0.249,img_460.jpg
126982,1280,720,636.3802,341.8741,993.9365,997.9272,-0.563,0.619,0.148,0.489,-0.220,-0.798,-0.273,img_461.jpg
127059,1280,720,636.3802,341.8741,993.9365,997.9272,-0.562,0.618,0.101,0.484,-0.243,-0.785,-0.301,img_462.jpg
127145,1280,720,636.3802,341.8741,993.9365,997.9272,-0.555,0.612,0.071,0.474,-0.258,-0.776,-0.327,img_463.jpg
127225,1280,720,636.3802,341.8741,993.9365,997.9272,-0.548,0.606,0.033,0.462,-0.270,-0.764,-0.359,img_464.jpg
127312,1280,720,636.3802,341.8741,993.9365,997.9272,-0.544,0.599,0.011,0.454,-0.279,-0.758,-0.375,img_465.jpg
127386,1280,720,636.3802,341.8741,993.9365,997.9272,-0.534,0.587,-0.021,0.442,-0.289,-0.745,-0.407,img_466.jpg
127479,1280,720,636.3802,341.8741,993.9365,997.9272,-0.527,0.579,-0.041,0.432,-0.301,-0.733,-0.431,img_467.jpg
127562,1280,720,636.3802,341.8741,993.9365,997.9272,-0.517,0.570,-0.065,0.413,-0.317,-0.710,-0.474,img_468.jpg,earth,0.13279954,0.13279954,-0.264,0.397,-0.185,-0.016,-1.000,-0.004,-0.003
127645,1280,720,636.3802,341.8741,993.9365,997.9272,-0.515,0.570,-0.070,0.400,-0.331,-0.694,-0.499,img_469.jpg
127726,1280,720,636.3802,341.8741,993.9365,997.9272,-0.510,0.564,-0.084,0.379,-0.334,-0.670,-0.543,img_470.jpg
127812,1280,720,636.3802,341.8741,993.9365,997.9272,-0.511,0.558,-0.092,0.369,-0.334,-0.661,-0.562,img_471.jpg
127890,1280,720,636.3802,341.8741,993.9365,997.9272,-0.517,0.547,-0.101,0.355,-0.332,-0.652,-0.582,img_472.jpg
127979,1280,720,636.3802,341.8741,993.9365,997.9272,-0.520,0.538,-0.104,0.349,-0.332,-0.644,-0.595,img_473.jpg
128052,1280,720,636.3802,341.8741,993.9365,997.9272,-0.526,0.526,-0.109,0.342,-0.340,-0.629,-0.610,img_474.jpg
128145,1280,720,636.3802,341.8741,993.9365,997.9272,-0.529,0.516,-0.115,0.340,-0.346,-0.623,-0.615,img_475.jpg
128218,1280,720,636.3802,341.8741,993.9365,997.9272,-0.534,0.504,-0.123,0.335,-0.354,-0.616,-0.619,img_476.jpg
128312,1280,720,636.3802,341.8741,993.9365,997.9272,-0.538,0.496,-0.127,0.334,-0.358,-0.612,-0.621,img_477.jpg
128383,1280,720,636.3802,341.8741,993.9365,997.9272,-0.544,0.485,-0.134,0.333,-0.358,-0.611,-0.622,img_478.jpg
128482,1280,720,636.3802,341.8741,993.9365,997.9272,-0.551,0.479,-0.140,0.331,-0.365,-0.611,-0.620,img_479.jpg
