time,sizeX,sizeY,p_x,p_y,f_x,f_y,pos_X,pos_Y,pos_Z,q_x,q_y,q_z,q_w,imgID,img_x,img_y,img_z,img_qx,img_qy,img_qz,img_qw
25233,1280,720,637.1179,341.4131,993.05865,998.48663,0.011,0.070,-0.417,0.021,0.001,0.000,1.000,img_1.jpg
25347,1280,720,637.1179,341.4131,993.05865,998.48663,0.011,0.070,-0.417,0.022,0.002,-0.001,1.000,img_2.jpg
25433,1280,720,637.1179,341.4131,993.05865,998.48663,0.011,0.071,-0.418,0.023,0.002,-0.001,1.000,img_3.jpg
25534,1280,720,637.1179,341.4131,993.05865,998.48663,0.011,0.071,-0.420,0.023,0.001,-0.001,1.000,img_4.jpg,earth,0.17655514,0.17655514,-0.015,-0.056,0.297,0.617,0.009,-0.010,0.787
25616,1280,720,637.1179,341.4131,993.05865,998.48663,0.011,0.072,-0.423,0.024,0.002,-0.001,1.000,img_5.jpg
25699,1280,720,637.1179,341.4131,993.05865,998.48663,0.010,0.073,-0.427,0.024,0.003,-0.001,1.000,img_6.jpg
25783,1280,720,637.1179,341.4131,993.05865,998.48663,0.009,0.074,-0.434,0.025,0.004,0.001,1.000,img_7.jpg
25868,1280,720,637.1179,341.4131,993.05865,998.48663,0.008,0.075,-0.441,0.025,0.006,0.002,1.000,img_8.jpg
25945,1280,720,637.1179,341.4131,993.05865,998.48663,0.006,0.077,-0.455,0.026,0.010,0.000,1.000,img_9.jpg
26034,1280,720,637.1179,341.4131,993.05865,998.48663,0.005,0.080,-0.464,0.032,0.010,0.000,0.999,img_10.jpg,earth,0.17502947,0.17502947,-0.015,-0.055,0.293,0.605,0.039,-0.044,0.794
26117,1280,720,637.1179,341.4131,993.05865,998.48663,0.004,0.084,-0.475,0.034,0.011,0.005,0.999,img_11.jpg
26217,1280,720,637.1179,341.4131,993.05865,998.48663,0.004,0.085,-0.484,0.033,0.012,0.007,0.999,img_12.jpg
26317,1280,720,637.1179,341.4131,993.05865,998.48663,0.007,0.084,-0.494,0.033,0.011,0.004,0.999,img_13.jpg
26401,1280,720,637.1179,341.4131,993.05865,998.48663,0.008,0.083,-0.502,0.031,0.010,0.004,0.999,img_14.jpg
26485,1280,720,637.1179,341.4131,993.05865,998.48663,0.010,0.084,-0.515,0.031,0.009,0.005,0.999,img_15.jpg
26567,1280,720,637.1179,341.4131,993.05865,998.48663,0.011,0.086,-0.524,0.033,0.008,0.005,0.999,img_16.jpg
26646,1280,720,637.1179,341.4131,993.05865,998.48663,0.012,0.089,-0.533,0.031,0.006,0.005,0.999,img_17.jpg
26737,1280,720,637.1179,341.4131,993.05865,998.48663,0.013,0.094,-0.549,0.033,0.005,0.005,0.999,img_18.jpg,earth,0.1719186,0.1719186,-0.015,-0.055,0.292,0.611,0.015,-0.015,0.791
26834,1280,720,637.1179,341.4131,993.05865,998.48663,0.014,0.098,-0.566,0.036,0.005,0.006,0.999,img_19.jpg
26922,1280,720,637.1179,341.4131,993.05865,998.48663,0.014,0.099,-0.580,0.035,0.008,0.008,0.999,img_20.jpg
27018,1280,720,637.1179,341.4131,993.05865,998.48663,0.013,0.101,-0.597,0.038,0.011,0.009,0.999,img_21.jpg
27118,1280,720,637.1179,341.4131,993.05865,998.48663,0.014,0.102,-0.613,0.037,0.011,0.009,0.999,img_22.jpg
27201,1280,720,637.1179,341.4131,993.05865,998.48663,0.016,0.103,-0.623,0.036,0.010,0.009,0.999,img_23.jpg
27284,1280,720,637.1179,341.4131,993.05865,998.48663,0.017,0.104,-0.637,0.035,0.010,0.009,0.999,img_24.jpg,earth,0.17124587,0.17124587,-0.015,-0.055,0.292,0.603,0.004,-0.004,0.797
27367,1280,720,637.1179,341.4131,993.05865,998.48663,0.017,0.104,-0.646,0.032,0.010,0.009,0.999,img_25.jpg
27452,1280,720,637.1179,341.4131,993.05865,998.48663,0.017,0.103,-0.662,0.030,0.009,0.009,0.999,img_26.jpg
27551,1280,720,637.1179,341.4131,993.05865,998.48663,0.015,0.103,-0.685,0.032,0.013,0.011,0.999,img_27.jpg
27652,1280,720,637.1179,341.4131,993.05865,998.48663,0.015,0.105,-0.709,0.036,0.018,0.009,0.999,img_28.jpg
27751,1280,720,637.1179,341.4131,993.05865,998.48663,0.017,0.108,-0.732,0.038,0.018,0.008,0.999,img_29.jpg
27852,1280,720,637.1179,341.4131,993.05865,998.48663,0.020,0.110,-0.745,0.036,0.016,0.008,0.999,img_30.jpg,earth,0.16881834,0.16881834,-0.015,-0.054,0.280,0.604,-0.017,0.020,0.797
27936,1280,720,637.1179,341.4131,993.05865,998.48663,-0.014,0.168,-0.754,0.000,-0.006,0.015,1.000,img_31.jpg
28019,1280,720,637.1179,341.4131,993.05865,998.48663,-0.014,0.172,-0.773,0.001,0.000,0.014,1.000,img_32.jpg,earth,0.16881831,0.16881831,-0.026,-0.036,0.284,0.579,-0.028,0.037,0.814
28118,1280,720,637.1179,341.4131,993.05865,998.48663,0.001,0.204,-0.783,-0.023,0.018,0.010,1.000,img_33.jpg
28201,1280,720,637.1179,341.4131,993.05865,998.48663,0.001,0.204,-0.795,-0.021,0.022,0.007,1.000,img_34.jpg
28301,1280,720,637.1179,341.4131,993.05865,998.48663,-0.001,0.209,-0.814,-0.026,0.022,0.008,0.999,img_35.jpg
28380,1280,720,637.1179,341.4131,993.05865,998.48663,0.000,0.211,-0.826,-0.025,0.024,0.007,0.999,img_36.jpg
28470,1280,720,637.1179,341.4131,993.05865,998.48663,-0.001,0.215,-0.839,-0.024,0.025,0.007,0.999,img_37.jpg
28570,1280,720,637.1179,341.4131,993.05865,998.48663,-0.001,0.217,-0.848,-0.025,0.027,0.006,0.999,img_38.jpg
28654,1280,720,637.1179,341.4131,993.05865,998.48663,0.002,0.216,-0.851,-0.030,0.031,0.005,0.999,img_39.jpg
28751,1280,720,637.1179,341.4131,993.05865,998.48663,0.007,0.215,-0.850,-0.030,0.031,0.004,0.999,img_40.jpg
28840,1280,720,637.1179,341.4131,993.05865,998.48663,0.020,0.218,-0.846,-0.027,0.030,0.001,0.999,img_41.jpg
28928,1280,720,637.1179,341.4131,993.05865,998.48663,0.001,0.166,-0.856,0.020,-0.002,0.000,1.000,img_42.jpg,earth,0.16891061,0.16891061,-0.026,-0.036,0.286,0.605,-0.020,0.026,0.796
29018,1280,720,637.1179,341.4131,993.05865,998.48663,0.008,0.188,-0.859,0.017,-0.016,0.003,1.000,img_43.jpg
29118,1280,720,637.1179,341.4131,993.05865,998.48663,0.068,0.165,-0.859,0.037,0.005,-0.004,0.999,img_44.jpg
29201,1280,720,637.1179,341.4131,993.05865,998.48663,0.083,0.168,-0.858,0.036,-0.006,-0.003,0.999,img_45.jpg
29286,1280,720,637.1179,341.4131,993.05865,998.48663,0.118,0.164,-0.850,0.039,-0.017,-0.008,0.999,img_46.jpg
29368,1280,720,637.1179,341.4131,993.05865,998.48663,0.134,0.162,-0.845,0.036,-0.030,-0.008,0.999,img_47.jpg
29451,1280,720,637.1179,341.4131,993.05865,998.48663,0.161,0.162,-0.841,0.034,-0.047,-0.007,0.998,img_48.jpg
29534,1280,720,637.1179,341.4131,993.05865,998.48663,0.178,0.160,-0.838,0.031,-0.056,-0.007,0.998,img_49.jpg
29623,1280,720,637.1179,341.4131,993.05865,998.48663,0.203,0.160,-0.834,0.032,-0.070,-0.012,0.997,img_50.jpg
29718,1280,720,637.1179,341.4131,993.05865,998.48663,0.223,0.159,-0.828,0.034,-0.083,-0.013,0.996,img_51.jpg
29802,1280,720,637.1179,341.4131,993.05865,998.48663,0.236,0.160,-0.825,0.032,-0.093,-0.011,0.995,img_52.jpg
29885,1280,720,637.1179,341.4131,993.05865,998.48663,0.255,0.158,-0.819,0.029,-0.108,-0.009,0.994,img_53.jpg
29969,1280,720,637.1179,341.4131,993.05865,998.48663,0.268,0.157,-0.814,0.026,-0.116,-0.007,0.993,img_54.jpg
30041,1280,720,637.1179,341.4131,993.05865,998.48663,0.279,0.155,-0.810,0.023,-0.123,-0.004,0.992,img_55.jpg
30115,1280,720,637.1179,341.4131,993.05865,998.48663,0.295,0.153,-0.805,0.022,-0.133,-0.002,0.991,img_56.jpg
30201,1280,720,637.1179,341.4131,993.05865,998.48663,0.305,0.151,-0.802,0.020,-0.138,-0.001,0.990,img_57.jpg
30272,1280,720,637.1179,341.4131,993.05865,998.48663,0.317,0.149,-0.800,0.021,-0.140,-0.002,0.990,img_58.jpg
30343,1280,720,637.1179,341.4131,993.05865,998.48663,0.328,0.148,-0.798,0.024,-0.139,-0.004,0.990,img_59.jpg
30435,1280,720,637.1179,341.4131,993.05865,998.48663,0.348,0.146,-0.794,0.026,-0.139,-0.011,0.990,img_60.jpg
30512,1280,720,637.1179,341.4131,993.05865,998.48663,0.365,0.142,-0.790,0.021,-0.141,-0.010,0.990,img_61.jpg
30602,1280,720,637.1179,341.4131,993.05865,998.48663,0.373,0.140,-0.789,0.019,-0.144,-0.009,0.989,img_62.jpg
30676,1280,720,637.1179,341.4131,993.05865,998.48663,0.382,0.137,-0.788,0.019,-0.146,-0.008,0.989,img_63.jpg
30754,1280,720,637.1179,341.4131,993.05865,998.48663,0.384,0.135,-0.788,0.021,-0.144,-0.007,0.989,img_64.jpg
30835,1280,720,637.1179,341.4131,993.05865,998.48663,0.385,0.135,-0.788,0.019,-0.143,-0.004,0.989,img_65.jpg
30917,1280,720,637.1179,341.4131,993.05865,998.48663,0.388,0.135,-0.789,0.017,-0.143,-0.001,0.990,img_66.jpg
31002,1280,720,637.1179,341.4131,993.05865,998.48663,0.387,0.135,-0.789,0.016,-0.143,0.000,0.990,img_67.jpg
31082,1280,720,637.1179,341.4131,993.05865,998.48663,0.387,0.134,-0.789,0.014,-0.144,-0.001,0.989,img_68.jpg
31187,1280,720,637.1179,341.4131,993.05865,998.48663,0.386,0.132,-0.788,0.013,-0.143,-0.001,0.990,img_69.jpg
