time,sizeX,sizeY,p_x,p_y,f_x,f_y,pos_X,pos_Y,pos_Z,q_x,q_y,q_z,q_w,imgID,img_x,img_y,img_z,img_qx,img_qy,img_qz,img_qw
72336,1280,720,641.87103,340.47687,998.03784,998.6389,-1.396,0.110,0.660,0.003,0.004,-0.008,1.000,img_1.jpg
72454,1280,720,641.87103,340.47687,998.03784,998.6389,-1.397,0.110,0.660,0.003,0.005,-0.010,1.000,img_2.jpg
72534,1280,720,641.87103,340.47687,998.03784,998.6389,-1.397,0.110,0.660,0.005,0.005,-0.012,1.000,img_3.jpg
72636,1280,720,641.87103,340.47687,998.03784,998.6389,-1.398,0.110,0.659,0.007,0.005,-0.015,1.000,img_4.jpg
72738,1280,720,641.87103,340.47687,998.03784,998.6389,-1.399,0.110,0.659,0.007,0.008,-0.015,1.000,img_5.jpg,earth,0.16792169,0.16792169,-2.292,0.262,1.252,0.392,0.606,-0.460,0.517
72836,1280,720,641.87103,340.47687,998.03784,998.6389,-1.400,0.110,0.658,0.009,0.005,-0.016,1.000,img_6.jpg
72939,1280,720,641.87103,340.47687,998.03784,998.6389,-1.404,0.109,0.658,0.009,0.006,-0.016,1.000,img_7.jpg
73037,1280,720,641.87103,340.47687,998.03784,998.6389,-1.408,0.108,0.655,0.008,0.006,-0.019,1.000,img_8.jpg
73122,1280,720,641.87103,340.47687,998.03784,998.6389,-1.413,0.107,0.652,0.008,0.005,-0.023,1.000,img_9.jpg
73209,1280,720,641.87103,340.47687,998.03784,998.6389,-1.419,0.107,0.650,0.011,0.001,-0.023,1.000,img_10.jpg
73306,1280,720,641.87103,340.47687,998.03784,998.6389,-1.428,0.104,0.650,0.015,-0.006,-0.025,1.000,img_11.jpg
73392,1280,720,641.87103,340.47687,998.03784,998.6389,-1.435,0.102,0.650,0.015,-0.009,-0.026,0.999,img_12.jpg
73492,1280,720,641.87103,340.47687,998.03784,998.6389,-1.447,0.098,0.651,0.016,-0.018,-0.028,0.999,img_13.jpg,earth,0.1682993,0.1682993,-2.291,0.263,1.252,0.390,0.609,-0.453,0.522
73573,1280,720,641.87103,340.47687,998.03784,998.6389,-1.460,0.092,0.654,0.010,-0.026,-0.029,0.999,img_14.jpg
73672,1280,720,641.87103,340.47687,998.03784,998.6389,-1.477,0.089,0.658,0.013,-0.033,-0.027,0.999,img_15.jpg
73755,1280,720,641.87103,340.47687,998.03784,998.6389,-1.489,0.085,0.663,0.008,-0.034,-0.027,0.999,img_16.jpg
73846,1280,720,641.87103,340.47687,998.03784,998.6389,-1.509,0.074,0.673,0.002,-0.025,-0.038,0.999,img_17.jpg
73939,1280,720,641.87103,340.47687,998.03784,998.6389,-1.529,0.066,0.681,-0.002,-0.020,-0.044,0.999,img_18.jpg
74037,1280,720,641.87103,340.47687,998.03784,998.6389,-1.548,0.064,0.684,-0.002,-0.028,-0.037,0.999,img_19.jpg,earth,0.16740419,0.16740419,-2.291,0.264,1.253,0.384,0.617,-0.443,0.525
74123,1280,720,641.87103,340.47687,998.03784,998.6389,-1.559,0.063,0.685,-0.002,-0.031,-0.034,0.999,img_20.jpg
74202,1280,720,641.87103,340.47687,998.03784,998.6389,-1.574,0.060,0.686,-0.002,-0.037,-0.023,0.999,img_21.jpg
74290,1280,720,641.87103,340.47687,998.03784,998.6389,-1.583,0.057,0.685,0.000,-0.051,-0.022,0.998,img_22.jpg
74391,1280,720,641.87103,340.47687,998.03784,998.6389,-1.599,0.054,0.683,-0.002,-0.053,-0.011,0.999,img_23.jpg
74475,1280,720,641.87103,340.47687,998.03784,998.6389,-1.617,0.052,0.679,-0.010,-0.050,-0.008,0.999,img_24.jpg
74557,1280,720,641.87103,340.47687,998.03784,998.6389,-1.631,0.051,0.675,-0.009,-0.052,-0.011,0.999,img_25.jpg,earth,0.16778806,0.16778806,-2.298,0.263,1.252,0.397,0.602,-0.447,0.529
74644,1280,720,641.87103,340.47687,998.03784,998.6389,-1.652,0.050,0.669,-0.010,-0.059,-0.014,0.998,img_26.jpg
74739,1280,720,641.87103,340.47687,998.03784,998.6389,-1.676,0.049,0.665,-0.007,-0.058,-0.020,0.998,img_27.jpg
74840,1280,720,641.87103,340.47687,998.03784,998.6389,-1.703,0.050,0.661,0.008,-0.064,-0.027,0.998,img_28.jpg
74940,1280,720,641.87103,340.47687,998.03784,998.6389,-1.730,0.049,0.659,0.008,-0.063,-0.018,0.998,img_29.jpg
75022,1280,720,641.87103,340.47687,998.03784,998.6389,-1.748,0.047,0.657,0.010,-0.060,-0.025,0.998,img_30.jpg
75124,1280,720,641.87103,340.47687,998.03784,998.6389,-1.772,0.041,0.656,0.005,-0.055,-0.022,0.998,img_31.jpg
75209,1280,720,641.87103,340.47687,998.03784,998.6389,-1.797,0.036,0.655,0.002,-0.050,-0.024,0.998,img_32.jpg
75309,1280,720,641.87103,340.47687,998.03784,998.6389,-1.824,0.032,0.656,0.001,-0.043,-0.025,0.999,img_33.jpg,earth,0.16612291,0.16612291,-2.290,0.266,1.251,0.361,0.631,-0.454,0.515
75408,1280,720,641.87103,340.47687,998.03784,998.6389,-1.852,0.028,0.660,-0.001,-0.037,-0.028,0.999,img_34.jpg
75509,1280,720,641.87103,340.47687,998.03784,998.6389,-1.878,0.021,0.666,-0.006,-0.033,-0.029,0.999,img_35.jpg
75607,1280,720,641.87103,340.47687,998.03784,998.6389,-1.909,0.011,0.669,-0.006,-0.023,-0.039,0.999,img_36.jpg
75693,1280,720,641.87103,340.47687,998.03784,998.6389,-1.927,0.008,0.673,-0.004,-0.010,-0.036,0.999,img_37.jpg
75779,1280,720,641.87103,340.47687,998.03784,998.6389,-1.954,0.006,0.677,0.000,-0.010,-0.036,0.999,img_38.jpg
75875,1280,720,641.87103,340.47687,998.03784,998.6389,-1.978,0.008,0.681,-0.004,-0.009,-0.029,1.000,img_39.jpg
75958,1280,720,641.87103,340.47687,998.03784,998.6389,-1.992,0.012,0.681,-0.003,-0.010,-0.028,1.000,img_40.jpg
76058,1280,720,641.87103,340.47687,998.03784,998.6389,-2.015,0.021,0.683,-0.002,-0.016,-0.032,0.999,img_41.jpg
76158,1280,720,641.87103,340.47687,998.03784,998.6389,-2.026,0.025,0.684,0.002,-0.023,-0.032,0.999,img_42.jpg
76258,1280,720,641.87103,340.47687,998.03784,998.6389,-2.041,0.027,0.685,0.010,-0.030,-0.042,0.999,img_43.jpg,earth,0.16597424,0.16597424,-2.277,0.268,1.251,0.317,0.662,-0.446,0.512
76340,1280,720,641.87103,340.47687,998.03784,998.6389,-2.056,0.025,0.687,0.017,-0.039,-0.045,0.998,img_44.jpg
76441,1280,720,641.87103,340.47687,998.03784,998.6389,-2.071,0.018,0.695,0.013,-0.064,-0.041,0.997,img_45.jpg
76525,1280,720,641.87103,340.47687,998.03784,998.6389,-2.082,0.013,0.703,0.012,-0.085,-0.039,0.996,img_46.jpg
76625,1280,720,641.87103,340.47687,998.03784,998.6389,-2.097,0.005,0.719,0.015,-0.122,-0.043,0.991,img_47.jpg
76702,1280,720,641.87103,340.47687,998.03784,998.6389,-2.113,-0.004,0.740,0.016,-0.161,-0.038,0.986,img_48.jpg
76793,1280,720,641.87103,340.47687,998.03784,998.6389,-2.123,-0.009,0.754,0.018,-0.191,-0.037,0.981,img_49.jpg
76880,1280,720,641.87103,340.47687,998.03784,998.6389,-2.141,-0.015,0.776,0.019,-0.244,-0.033,0.969,img_50.jpg
76979,1280,720,641.87103,340.47687,998.03784,998.6389,-2.157,-0.021,0.801,0.016,-0.301,-0.024,0.953,img_51.jpg
77075,1280,720,641.87103,340.47687,998.03784,998.6389,-2.174,-0.026,0.825,0.014,-0.342,-0.025,0.939,img_52.jpg
77158,1280,720,641.87103,340.47687,998.03784,998.6389,-2.182,-0.028,0.841,0.012,-0.370,-0.023,0.929,img_53.jpg
77258,1280,720,641.87103,340.47687,998.03784,998.6389,-2.203,-0.032,0.882,0.011,-0.437,-0.028,0.899,img_54.jpg
77358,1280,720,641.87103,340.47687,998.03784,998.6389,-2.208,-0.032,0.907,0.008,-0.467,-0.028,0.884,img_55.jpg
77441,1280,720,641.87103,340.47687,998.03784,998.6389,-2.219,-0.031,0.940,0.006,-0.511,-0.031,0.859,img_56.jpg
77525,1280,720,641.87103,340.47687,998.03784,998.6389,-2.235,-0.027,0.978,0.001,-0.557,-0.024,0.830,img_57.jpg
77607,1280,720,641.87103,340.47687,998.03784,998.6389,-2.246,-0.024,1.003,0.001,-0.591,-0.021,0.807,img_58.jpg
77693,1280,720,641.87103,340.47687,998.03784,998.6389,-2.255,-0.020,1.027,0.001,-0.619,-0.018,0.786,img_59.jpg
77779,1280,720,641.87103,340.47687,998.03784,998.6389,-2.264,-0.016,1.062,0.000,-0.653,-0.009,0.757,img_60.jpg
77877,1280,720,641.87103,340.47687,998.03784,998.6389,-2.275,-0.015,1.096,-0.002,-0.682,-0.004,0.731,img_61.jpg
77959,1280,720,641.87103,340.47687,998.03784,998.6389,-2.289,-0.018,1.126,-0.005,-0.706,0.000,0.709,img_62.jpg
78046,1280,720,641.87103,340.47687,998.03784,998.6389,-2.304,-0.019,1.155,-0.004,-0.720,0.000,0.694,img_63.jpg
78128,1280,720,641.87103,340.47687,998.03784,998.6389,-2.321,-0.020,1.189,-0.003,-0.745,-0.001,0.667,img_64.jpg
78209,1280,720,641.87103,340.47687,998.03784,998.6389,-2.337,-0.021,1.220,0.000,-0.760,-0.004,0.650,img_65.jpg
78289,1280,720,641.87103,340.47687,998.03784,998.6389,-2.349,-0.023,1.244,0.001,-0.775,-0.006,0.632,img_66.jpg
78377,1280,720,641.87103,340.47687,998.03784,998.6389,-2.365,-0.026,1.277,0.002,-0.795,-0.008,0.607,img_67.jpg
78457,1280,720,641.87103,340.47687,998.03784,998.6389,-2.377,-0.028,1.303,0.003,-0.806,-0.010,0.592,img_68.jpg
78543,1280,720,641.87103,340.47687,998.03784,998.6389,-2.400,-0.032,1.345,0.005,-0.822,-0.013,0.570,img_69.jpg
78625,1280,720,641.87103,340.47687,998.03784,998.6389,-2.420,-0.035,1.376,0.004,-0.837,-0.015,0.547,img_70.jpg
78712,1280,720,641.87103,340.47687,998.03784,998.6389,-2.433,-0.034,1.395,0.003,-0.846,-0.015,0.534,img_71.jpg
78791,1280,720,641.87103,340.47687,998.03784,998.6389,-2.446,-0.034,1.411,0.005,-0.853,-0.015,0.522,img_72.jpg
78878,1280,720,641.87103,340.47687,998.03784,998.6389,-2.463,-0.035,1.427,0.003,-0.862,-0.015,0.507,img_73.jpg
78978,1280,720,641.87103,340.47687,998.03784,998.6389,-2.479,-0.041,1.444,0.006,-0.869,-0.015,0.495,img_74.jpg
79060,1280,720,641.87103,340.47687,998.03784,998.6389,-2.500,-0.042,1.468,0.010,-0.876,-0.016,0.482,img_75.jpg
79166,1280,720,641.87103,340.47687,998.03784,998.6389,-2.522,-0.044,1.491,0.015,-0.883,-0.015,0.469,img_76.jpg
79244,1280,720,641.87103,340.47687,998.03784,998.6389,-2.537,-0.044,1.508,0.016,-0.888,-0.011,0.459,img_77.jpg
79343,1280,720,641.87103,340.47687,998.03784,998.6389,-2.554,-0.046,1.525,0.014,-0.898,-0.001,0.440,img_78.jpg
79427,1280,720,641.87103,340.47687,998.03784,998.6389,-2.568,-0.051,1.544,0.032,-0.900,-0.006,0.435,img_79.jpg
79509,1280,720,641.87103,340.47687,998.03784,998.6389,-2.581,-0.052,1.561,0.016,-0.906,0.008,0.424,img_80.jpg
79588,1280,720,641.87103,340.47687,998.03784,998.6389,-2.591,-0.051,1.571,0.003,-0.911,0.019,0.412,img_81.jpg
79670,1280,720,641.87103,340.47687,998.03784,998.6389,-2.605,-0.052,1.587,0.008,-0.917,0.020,0.398,img_82.jpg
79761,1280,720,641.87103,340.47687,998.03784,998.6389,-2.620,-0.050,1.606,-0.005,-0.925,0.022,0.380,img_83.jpg
79844,1280,720,641.87103,340.47687,998.03784,998.6389,-2.628,-0.049,1.620,-0.008,-0.930,0.021,0.368,img_84.jpg
79931,1280,720,641.87103,340.47687,998.03784,998.6389,-2.634,-0.046,1.631,-0.018,-0.933,0.028,0.357,img_85.jpg
80013,1280,720,641.87103,340.47687,998.03784,998.6389,-2.644,-0.045,1.650,-0.022,-0.941,0.031,0.337,img_86.jpg
80096,1280,720,641.87103,340.47687,998.03784,998.6389,-2.652,-0.050,1.661,-0.012,-0.946,0.026,0.323,img_87.jpg
80180,1280,720,641.87103,340.47687,998.03784,998.6389,-2.667,-0.062,1.680,0.004,-0.953,0.026,0.301,img_88.jpg
80279,1280,720,641.87103,340.47687,998.03784,998.6389,-2.686,-0.082,1.697,0.028,-0.962,0.014,0.273,img_89.jpg
80363,1280,720,641.87103,340.47687,998.03784,998.6389,-2.703,-0.102,1.713,0.061,-0.968,0.013,0.245,img_90.jpg
80461,1280,720,641.87103,340.47687,998.03784,998.6389,-2.716,-0.116,1.722,0.072,-0.971,0.007,0.226,img_91.jpg
80547,1280,720,641.87103,340.47687,998.03784,998.6389,-2.734,-0.136,1.732,0.088,-0.976,-0.005,0.199,img_92.jpg
80631,1280,720,641.87103,340.47687,998.03784,998.6389,-2.748,-0.154,1.740,0.105,-0.979,-0.001,0.175,img_93.jpg
80727,1280,720,641.87103,340.47687,998.03784,998.6389,-2.765,-0.168,1.743,0.113,-0.982,0.001,0.153,img_94.jpg
80811,1280,720,641.87103,340.47687,998.03784,998.6389,-2.775,-0.177,1.744,0.116,-0.983,-0.003,0.139,img_95.jpg
80895,1280,720,641.87103,340.47687,998.03784,998.6389,-2.794,-0.189,1.744,0.119,-0.985,-0.005,0.122,img_96.jpg
80981,1280,720,641.87103,340.47687,998.03784,998.6389,-2.810,-0.199,1.744,0.123,-0.986,-0.007,0.109,img_97.jpg
81060,1280,720,641.87103,340.47687,998.03784,998.6389,-2.839,-0.216,1.743,0.136,-0.987,-0.010,0.087,img_98.jpg
81149,1280,720,641.87103,340.47687,998.03784,998.6389,-2.860,-0.233,1.740,0.147,-0.986,-0.013,0.074,img_99.jpg
81235,1280,720,641.87103,340.47687,998.03784,998.6389,-2.895,-0.263,1.736,0.158,-0.985,-0.026,0.058,img_100.jpg
81327,1280,720,641.87103,340.47687,998.03784,998.6389,-2.933,-0.296,1.729,0.156,-0.986,-0.040,0.044,img_101.jpg
81412,1280,720,641.87103,340.47687,998.03784,998.6389,-2.954,-0.317,1.722,0.164,-0.985,-0.048,0.037,img_102.jpg
81500,1280,720,641.87103,340.47687,998.03784,998.6389,-2.994,-0.348,1.714,0.165,-0.985,-0.045,0.021,img_103.jpg
81598,1280,720,641.87103,340.47687,998.03784,998.6389,-3.034,-0.378,1.707,0.180,-0.983,-0.041,0.000,img_104.jpg
81696,1280,720,641.87103,340.47687,998.03784,998.6389,-3.069,-0.408,1.690,0.196,-0.979,-0.050,-0.020,img_105.jpg
81780,1280,720,641.87103,340.47687,998.03784,998.6389,-3.088,-0.429,1.680,0.207,-0.976,-0.061,-0.020,img_106.jpg
81861,1280,720,641.87103,340.47687,998.03784,998.6389,-3.119,-0.461,1.671,0.211,-0.975,-0.071,-0.010,img_107.jpg
81962,1280,720,641.87103,340.47687,998.03784,998.6389,-3.143,-0.492,1.666,0.218,-0.973,-0.072,-0.001,img_108.jpg
82063,1280,720,641.87103,340.47687,998.03784,998.6389,-3.170,-0.523,1.661,0.204,-0.976,-0.073,0.004,img_109.jpg
82164,1280,720,641.87103,340.47687,998.03784,998.6389,-3.190,-0.554,1.657,0.205,-0.976,-0.075,0.016,img_110.jpg
82263,1280,720,641.87103,340.47687,998.03784,998.6389,-3.199,-0.586,1.650,0.225,-0.970,-0.087,0.019,img_111.jpg
82346,1280,720,641.87103,340.47687,998.03784,998.6389,-3.205,-0.608,1.644,0.240,-0.965,-0.102,0.014,img_112.jpg
82429,1280,720,641.87103,340.47687,998.03784,998.6389,-3.218,-0.643,1.637,0.245,-0.962,-0.119,0.010,img_113.jpg
82513,1280,720,641.87103,340.47687,998.03784,998.6389,-3.223,-0.664,1.633,0.252,-0.960,-0.123,0.006,img_114.jpg
82595,1280,720,641.87103,340.47687,998.03784,998.6389,-3.235,-0.690,1.631,0.254,-0.959,-0.127,0.000,img_115.jpg
82680,1280,720,641.87103,340.47687,998.03784,998.6389,-3.245,-0.704,1.627,0.254,-0.958,-0.136,-0.004,img_116.jpg
82771,1280,720,641.87103,340.47687,998.03784,998.6389,-3.267,-0.725,1.624,0.243,-0.960,-0.136,-0.014,img_117.jpg
82864,1280,720,641.87103,340.47687,998.03784,998.6389,-3.292,-0.740,1.618,0.242,-0.959,-0.143,-0.032,img_118.jpg
82964,1280,720,641.87103,340.47687,998.03784,998.6389,-3.320,-0.754,1.610,0.237,-0.960,-0.142,-0.054,img_119.jpg
83064,1280,720,641.87103,340.47687,998.03784,998.6389,-3.346,-0.764,1.605,0.231,-0.961,-0.137,-0.071,img_120.jpg
83146,1280,720,641.87103,340.47687,998.03784,998.6389,-3.364,-0.771,1.603,0.224,-0.962,-0.136,-0.077,img_121.jpg
83223,1280,720,641.87103,340.47687,998.03784,998.6389,-3.381,-0.777,1.601,0.216,-0.964,-0.132,-0.080,img_122.jpg
83302,1280,720,641.87103,340.47687,998.03784,998.6389,-3.406,-0.786,1.597,0.208,-0.964,-0.145,-0.076,img_123.jpg
83398,1280,720,641.87103,340.47687,998.03784,998.6389,-3.434,-0.790,1.592,0.184,-0.968,-0.157,-0.073,img_124.jpg
83482,1280,720,641.87103,340.47687,998.03784,998.6389,-3.444,-0.789,1.589,0.178,-0.968,-0.158,-0.076,img_125.jpg
83583,1280,720,641.87103,340.47687,998.03784,998.6389,-3.465,-0.786,1.588,0.164,-0.972,-0.151,-0.081,img_126.jpg
83667,1280,720,641.87103,340.47687,998.03784,998.6389,-3.485,-0.785,1.587,0.158,-0.974,-0.141,-0.082,img_127.jpg
83785,1280,720,641.87103,340.47687,998.03784,998.6389,-3.499,-0.781,1.585,0.150,-0.977,-0.128,-0.087,img_128.jpg
83882,1280,720,641.87103,340.47687,998.03784,998.6389,-3.509,-0.779,1.581,0.147,-0.978,-0.121,-0.086,img_129.jpg
83974,1280,720,641.87103,340.47687,998.03784,998.6389,-3.514,-0.781,1.578,0.149,-0.978,-0.117,-0.091,img_130.jpg
