time,sizeX,sizeY,p_x,p_y,f_x,f_y,pos_X,pos_Y,pos_Z,q_x,q_y,q_z,q_w,imgID,img_x,img_y,img_z,img_qx,img_qy,img_qz,img_qw
100054,1280,720,637.1179,341.4131,993.05865,998.48663,-0.250,0.742,0.806,-0.056,-0.546,0.069,-0.833,img_1.jpg
100174,1280,720,637.1179,341.4131,993.05865,998.48663,-0.240,0.740,0.825,-0.067,-0.543,0.086,-0.832,img_2.jpg
100252,1280,720,637.1179,341.4131,993.05865,998.48663,-0.234,0.738,0.849,-0.063,-0.544,0.101,-0.830,img_3.jpg
100339,1280,720,637.1179,341.4131,993.05865,998.48663,-0.227,0.736,0.869,-0.067,-0.543,0.110,-0.830,img_4.jpg
100428,1280,720,637.1179,341.4131,993.05865,998.48663,-0.223,0.735,0.899,-0.089,-0.553,0.129,-0.818,img_5.jpg
100518,1280,720,637.1179,341.4131,993.05865,998.48663,-0.214,0.729,0.931,-0.083,-0.538,0.132,-0.828,img_6.jpg
100606,1280,720,637.1179,341.4131,993.05865,998.48663,-0.208,0.725,0.953,-0.093,-0.529,0.150,-0.830,img_7.jpg
100706,1280,720,637.1179,341.4131,993.05865,998.48663,-0.196,0.718,0.988,-0.114,-0.511,0.183,-0.832,img_8.jpg
100805,1280,720,637.1179,341.4131,993.05865,998.48663,-0.183,0.711,1.018,-0.136,-0.493,0.223,-0.830,img_9.jpg
100896,1280,720,637.1179,341.4131,993.05865,998.48663,-0.164,0.708,1.040,-0.171,-0.493,0.247,-0.817,img_10.jpg
100988,1280,720,637.1179,341.4131,993.05865,998.48663,-0.144,0.701,1.062,-0.197,-0.485,0.282,-0.804,img_11.jpg
101089,1280,720,637.1179,341.4131,993.05865,998.48663,-0.127,0.697,1.085,-0.223,-0.483,0.309,-0.788,img_12.jpg
101188,1280,720,637.1179,341.4131,993.05865,998.48663,-0.115,0.700,1.100,-0.238,-0.474,0.339,-0.777,img_13.jpg
101274,1280,720,637.1179,341.4131,993.05865,998.48663,-0.111,0.700,1.113,-0.247,-0.467,0.360,-0.769,img_14.jpg
101372,1280,720,637.1179,341.4131,993.05865,998.48663,-0.105,0.696,1.147,-0.253,-0.463,0.381,-0.760,img_15.jpg
101453,1280,720,637.1179,341.4131,993.05865,998.48663,-0.102,0.690,1.171,-0.256,-0.460,0.392,-0.755,img_16.jpg
101556,1280,720,637.1179,341.4131,993.05865,998.48663,-0.087,0.679,1.240,0.259,0.458,-0.404,0.748,img_17.jpg
101655,1280,720,637.1179,341.4131,993.05865,998.48663,-0.073,0.675,1.301,0.257,0.460,-0.410,0.744,img_18.jpg
101759,1280,720,637.1179,341.4131,993.05865,998.48663,-0.064,0.676,1.362,0.248,0.459,-0.420,0.743,img_19.jpg
101856,1280,720,637.1179,341.4131,993.05865,998.48663,-0.058,0.675,1.422,0.232,0.458,-0.431,0.742,img_20.jpg
101955,1280,720,637.1179,341.4131,993.05865,998.48663,-0.051,0.672,1.475,0.237,0.460,-0.435,0.737,img_21.jpg
102038,1280,720,637.1179,341.4131,993.05865,998.48663,-0.044,0.668,1.515,0.239,0.458,-0.440,0.734,img_22.jpg
102138,1280,720,637.1179,341.4131,993.05865,998.48663,-0.036,0.659,1.561,0.239,0.452,-0.448,0.733,img_23.jpg
102238,1280,720,637.1179,341.4131,993.05865,998.48663,-0.027,0.644,1.608,0.242,0.449,-0.453,0.731,img_24.jpg
102327,1280,720,637.1179,341.4131,993.05865,998.48663,-0.017,0.628,1.655,0.252,0.447,-0.459,0.725,img_25.jpg
102424,1280,720,637.1179,341.4131,993.05865,998.48663,-0.010,0.618,1.689,0.259,0.443,-0.464,0.722,img_26.jpg
102542,1280,720,637.1179,341.4131,993.05865,998.48663,0.000,0.606,1.733,0.269,0.434,-0.474,0.718,img_27.jpg
102639,1280,720,637.1179,341.4131,993.05865,998.48663,0.011,0.592,1.787,0.280,0.433,-0.476,0.712,img_28.jpg
102738,1280,720,637.1179,341.4131,993.05865,998.48663,0.012,0.581,1.825,0.278,0.427,-0.488,0.709,img_29.jpg
102822,1280,720,637.1179,341.4131,993.05865,998.48663,0.009,0.567,1.865,0.281,0.419,-0.495,0.707,img_30.jpg
102918,1280,720,637.1179,341.4131,993.05865,998.48663,0.000,0.550,1.907,0.274,0.414,-0.502,0.708,img_31.jpg
103005,1280,720,637.1179,341.4131,993.05865,998.48663,-0.007,0.538,1.933,0.270,0.416,-0.502,0.709,img_32.jpg
103091,1280,720,637.1179,341.4131,993.05865,998.48663,-0.017,0.517,1.972,0.261,0.409,-0.504,0.714,img_33.jpg
103189,1280,720,637.1179,341.4131,993.05865,998.48663,-0.025,0.490,2.006,0.250,0.385,-0.515,0.724,img_34.jpg
103291,1280,720,637.1179,341.4131,993.05865,998.48663,-0.031,0.477,2.021,0.247,0.371,-0.518,0.730,img_35.jpg
103373,1280,720,637.1179,341.4131,993.05865,998.48663,-0.041,0.462,2.045,0.240,0.356,-0.525,0.734,img_36.jpg
103474,1280,720,637.1179,341.4131,993.05865,998.48663,-0.048,0.453,2.059,0.231,0.343,-0.531,0.739,img_37.jpg
103564,1280,720,637.1179,341.4131,993.05865,998.48663,-0.051,0.447,2.066,0.228,0.334,-0.533,0.744,img_38.jpg,titlePage,0.17449464,0.24927807,-0.067,0.206,2.242,0.995,0.100,0.004,0.019
103655,1280,720,637.1179,341.4131,993.05865,998.48663,-0.050,0.446,2.071,0.225,0.330,-0.533,0.746,img_39.jpg
103761,1280,720,637.1179,341.4131,993.05865,998.48663,-0.047,0.457,2.078,0.225,0.337,-0.527,0.747,img_40.jpg
103855,1280,720,637.1179,341.4131,993.05865,998.48663,-0.036,0.474,2.087,0.223,0.351,-0.515,0.749,img_41.jpg
103951,1280,720,637.1179,341.4131,993.05865,998.48663,-0.024,0.490,2.094,0.217,0.367,-0.503,0.752,img_42.jpg
104027,1280,720,637.1179,341.4131,993.05865,998.48663,0.008,0.514,2.111,0.210,0.397,-0.469,0.761,img_43.jpg
104119,1280,720,637.1179,341.4131,993.05865,998.48663,0.038,0.530,2.125,0.203,0.420,-0.439,0.768,img_44.jpg
104197,1280,720,637.1179,341.4131,993.05865,998.48663,0.092,0.554,2.149,-0.192,-0.453,0.385,-0.780,img_45.jpg
104285,1280,720,637.1179,341.4131,993.05865,998.48663,0.158,0.577,2.175,-0.180,-0.487,0.324,-0.791,img_46.jpg
104389,1280,720,637.1179,341.4131,993.05865,998.48663,0.233,0.595,2.200,-0.173,-0.521,0.271,-0.791,img_47.jpg
104485,1280,720,637.1179,341.4131,993.05865,998.48663,0.303,0.613,2.249,-0.160,-0.544,0.242,-0.787,img_48.jpg
104574,1280,720,637.1179,341.4131,993.05865,998.48663,0.352,0.621,2.277,-0.170,-0.554,0.228,-0.783,img_49.jpg
104662,1280,720,637.1179,341.4131,993.05865,998.48663,0.426,0.631,2.326,-0.173,-0.554,0.228,-0.782,img_50.jpg
104755,1280,720,637.1179,341.4131,993.05865,998.48663,0.490,0.643,2.375,-0.162,-0.563,0.229,-0.777,img_51.jpg
104860,1280,720,637.1179,341.4131,993.05865,998.48663,0.542,0.648,2.424,-0.161,-0.568,0.230,-0.774,img_52.jpg
104955,1280,720,637.1179,341.4131,993.05865,998.48663,0.555,0.639,2.460,-0.165,-0.565,0.233,-0.774,img_53.jpg
105050,1280,720,637.1179,341.4131,993.05865,998.48663,0.582,0.621,2.526,-0.165,-0.565,0.220,-0.778,img_54.jpg
105137,1280,720,637.1179,341.4131,993.05865,998.48663,0.611,0.594,2.592,-0.162,-0.579,0.196,-0.775,img_55.jpg
105238,1280,720,637.1179,341.4131,993.05865,998.48663,0.648,0.561,2.676,-0.154,-0.566,0.212,-0.782,img_56.jpg
105328,1280,720,637.1179,341.4131,993.05865,998.48663,0.683,0.548,2.754,-0.133,-0.570,0.223,-0.780,img_57.jpg
105422,1280,720,637.1179,341.4131,993.05865,998.48663,-0.111,0.532,2.402,0.454,0.364,-0.652,0.486,img_58.jpg,titlePage,0.17449464,0.24927807,0.271,0.188,1.489,0.845,-0.535,-0.004,0.028,earth,0.18093427,0.18093427,2.360,-0.012,1.202,-0.628,-0.778,0.010,0.002
105521,1280,720,637.1179,341.4131,993.05865,998.48663,-0.133,0.567,2.472,0.446,0.384,-0.648,0.483,img_59.jpg
105622,1280,720,637.1179,341.4131,993.05865,998.48663,-0.199,0.563,2.541,0.451,0.389,-0.645,0.478,img_60.jpg
105722,1280,720,637.1179,341.4131,993.05865,998.48663,-0.269,0.586,2.600,0.446,0.394,-0.661,0.457,img_61.jpg
105802,1280,720,637.1179,341.4131,993.05865,998.48663,-0.311,0.600,2.643,0.458,0.387,-0.677,0.426,img_62.jpg
105891,1280,720,637.1179,341.4131,993.05865,998.48663,-0.382,0.601,2.707,0.463,0.394,-0.689,0.395,img_63.jpg
105989,1280,720,637.1179,341.4131,993.05865,998.48663,-0.428,0.591,2.749,0.469,0.388,-0.696,0.381,img_64.jpg
106093,1280,720,637.1179,341.4131,993.05865,998.48663,-0.513,0.586,2.821,0.498,0.374,-0.688,0.373,img_65.jpg
106193,1280,720,637.1179,341.4131,993.05865,998.48663,-0.584,0.586,2.848,0.514,0.337,-0.709,0.346,img_66.jpg
106289,1280,720,637.1179,341.4131,993.05865,998.48663,-0.646,0.591,2.858,0.530,0.296,-0.728,0.318,img_67.jpg
106388,1280,720,637.1179,341.4131,993.05865,998.48663,-0.702,0.586,2.859,0.539,0.267,-0.739,0.305,img_68.jpg
106471,1280,720,637.1179,341.4131,993.05865,998.48663,-0.742,0.584,2.856,0.538,0.260,-0.745,0.296,img_69.jpg,titlePage,0.17449464,0.24927807,0.305,0.030,1.568,0.848,-0.529,-0.007,0.022,earth,0.18093427,0.18093427,2.351,-0.010,1.207,-0.627,-0.779,0.011,0.002
106555,1280,720,637.1179,341.4131,993.05865,998.48663,-0.803,0.577,2.862,0.542,0.249,-0.750,0.285,img_70.jpg
106637,1280,720,637.1179,341.4131,993.05865,998.48663,-0.843,0.568,2.857,0.541,0.246,-0.753,0.282,img_71.jpg
106717,1280,720,637.1179,341.4131,993.05865,998.48663,-0.916,0.555,2.856,0.539,0.245,-0.753,0.286,img_72.jpg
106807,1280,720,637.1179,341.4131,993.05865,998.48663,-0.965,0.552,2.850,0.542,0.248,-0.745,0.300,img_73.jpg
106891,1280,720,637.1179,341.4131,993.05865,998.48663,-1.047,0.552,2.854,0.533,0.269,-0.730,0.332,img_74.jpg
106967,1280,720,637.1179,341.4131,993.05865,998.48663,-1.103,0.555,2.858,0.519,0.273,-0.727,0.357,img_75.jpg
107051,1280,720,637.1179,341.4131,993.05865,998.48663,-1.179,0.562,2.879,0.512,0.283,-0.705,0.401,img_76.jpg
107138,1280,720,637.1179,341.4131,993.05865,998.48663,-1.225,0.568,2.895,0.509,0.291,-0.688,0.427,img_77.jpg
107217,1280,720,637.1179,341.4131,993.05865,998.48663,-1.285,0.571,2.927,0.507,0.301,-0.661,0.463,img_78.jpg
107305,1280,720,637.1179,341.4131,993.05865,998.48663,-1.332,0.574,2.949,0.496,0.319,-0.652,0.477,img_79.jpg
107391,1280,720,637.1179,341.4131,993.05865,998.48663,-1.390,0.570,2.996,0.482,0.339,-0.639,0.494,img_80.jpg
107487,1280,720,637.1179,341.4131,993.05865,998.48663,-1.447,0.565,3.057,0.468,0.363,-0.622,0.512,img_81.jpg
107587,1280,720,637.1179,341.4131,993.05865,998.48663,-1.503,0.562,3.129,0.458,0.386,-0.599,0.532,img_82.jpg
107689,1280,720,637.1179,341.4131,993.05865,998.48663,-1.550,0.560,3.208,0.446,0.393,-0.585,0.552,img_83.jpg
107787,1280,720,637.1179,341.4131,993.05865,998.48663,-1.593,0.561,3.287,0.426,0.416,-0.570,0.566,img_84.jpg
107868,1280,720,637.1179,341.4131,993.05865,998.48663,-1.624,0.563,3.341,0.410,0.430,-0.567,0.571,img_85.jpg
107955,1280,720,637.1179,341.4131,993.05865,998.48663,-1.666,0.563,3.420,0.400,0.446,-0.553,0.580,img_86.jpg
108038,1280,720,637.1179,341.4131,993.05865,998.48663,-1.697,0.562,3.473,0.389,0.459,-0.547,0.582,img_87.jpg
108119,1280,720,637.1179,341.4131,993.05865,998.48663,-1.742,0.561,3.554,0.386,0.470,-0.536,0.586,img_88.jpg
108222,1280,720,637.1179,341.4131,993.05865,998.48663,-1.787,0.573,3.628,0.398,0.490,-0.521,0.574,img_89.jpg
108305,1280,720,637.1179,341.4131,993.05865,998.48663,-1.823,0.583,3.687,0.405,0.480,-0.526,0.574,img_90.jpg
108390,1280,720,637.1179,341.4131,993.05865,998.48663,-1.870,0.591,3.772,0.393,0.490,-0.515,0.583,img_91.jpg
108488,1280,720,637.1179,341.4131,993.05865,998.48663,-1.896,0.592,3.834,0.372,0.496,-0.516,0.591,img_92.jpg
108564,1280,720,637.1179,341.4131,993.05865,998.48663,-1.924,0.592,3.918,0.358,0.490,-0.514,0.607,img_93.jpg
108671,1280,720,637.1179,341.4131,993.05865,998.48663,-1.953,0.581,4.008,0.356,0.484,-0.505,0.620,img_94.jpg
108773,1280,720,637.1179,341.4131,993.05865,998.48663,-1.981,0.570,4.101,0.364,0.478,-0.505,0.619,img_95.jpg
108872,1280,720,637.1179,341.4131,993.05865,998.48663,-2.004,0.567,4.187,0.370,0.478,-0.503,0.617,img_96.jpg
108960,1280,720,637.1179,341.4131,993.05865,998.48663,-2.027,0.571,4.274,0.373,0.462,-0.513,0.620,img_97.jpg
109057,1280,720,637.1179,341.4131,993.05865,998.48663,-2.056,0.579,4.365,0.376,0.463,-0.514,0.616,img_98.jpg
109138,1280,720,637.1179,341.4131,993.05865,998.48663,-2.074,0.583,4.417,0.380,0.465,-0.516,0.611,img_99.jpg
109239,1280,720,637.1179,341.4131,993.05865,998.48663,-2.105,0.580,4.498,0.374,0.465,-0.526,0.606,img_100.jpg
109329,1280,720,637.1179,341.4131,993.05865,998.48663,-2.138,0.571,4.573,0.377,0.460,-0.527,0.607,img_101.jpg
109421,1280,720,637.1179,341.4131,993.05865,998.48663,-2.176,0.564,4.652,0.382,0.456,-0.525,0.608,img_102.jpg
109521,1280,720,637.1179,341.4131,993.05865,998.48663,-2.205,0.564,4.705,0.377,0.453,-0.532,0.608,img_103.jpg
109600,1280,720,637.1179,341.4131,993.05865,998.48663,-2.249,0.570,4.778,0.378,0.444,-0.545,0.603,img_104.jpg
109700,1280,720,637.1179,341.4131,993.05865,998.48663,-2.286,0.575,4.850,0.381,0.436,-0.549,0.603,img_105.jpg
109780,1280,720,637.1179,341.4131,993.05865,998.48663,-2.304,0.575,4.891,0.382,0.429,-0.552,0.605,img_106.jpg,titlePage,0.17449464,0.24927807,0.302,0.019,1.574,0.849,-0.528,-0.006,0.022,earth,0.18093427,0.18093427,2.351,-0.022,1.208,-0.627,-0.779,0.010,0.002
109865,1280,720,637.1179,341.4131,993.05865,998.48663,-2.336,0.575,4.966,0.381,0.430,-0.551,0.606,img_107.jpg
109954,1280,720,637.1179,341.4131,993.05865,998.48663,-2.363,0.571,5.049,0.386,0.430,-0.547,0.607,img_108.jpg
110039,1280,720,637.1179,341.4131,993.05865,998.48663,-2.381,0.567,5.108,0.392,0.425,-0.549,0.603,img_109.jpg
110138,1280,720,637.1179,341.4131,993.05865,998.48663,-2.409,0.565,5.197,0.399,0.422,-0.554,0.596,img_110.jpg
110220,1280,720,637.1179,341.4131,993.05865,998.48663,-2.433,0.566,5.284,0.418,0.401,-0.572,0.582,img_111.jpg
110322,1280,720,637.1179,341.4131,993.05865,998.48663,-2.462,0.569,5.365,0.418,0.400,-0.584,0.569,img_112.jpg
110421,1280,720,637.1179,341.4131,993.05865,998.48663,-2.494,0.570,5.441,0.412,0.408,-0.594,0.558,img_113.jpg
110506,1280,720,637.1179,341.4131,993.05865,998.48663,-2.517,0.567,5.488,0.414,0.409,-0.599,0.550,img_114.jpg
110585,1280,720,637.1179,341.4131,993.05865,998.48663,-2.554,0.560,5.565,0.425,0.409,-0.601,0.540,img_115.jpg
110683,1280,720,637.1179,341.4131,993.05865,998.48663,-2.593,0.555,5.642,0.438,0.408,-0.600,0.531,img_116.jpg
110771,1280,720,637.1179,341.4131,993.05865,998.48663,-2.620,0.554,5.693,0.450,0.396,-0.603,0.526,img_117.jpg
110871,1280,720,637.1179,341.4131,993.05865,998.48663,-2.662,0.560,5.759,0.453,0.379,-0.624,0.511,img_118.jpg
110952,1280,720,637.1179,341.4131,993.05865,998.48663,-2.703,0.565,5.826,0.459,0.363,-0.640,0.498,img_119.jpg
111039,1280,720,637.1179,341.4131,993.05865,998.48663,-2.728,0.567,5.868,0.467,0.349,-0.650,0.488,img_120.jpg
111126,1280,720,637.1179,341.4131,993.05865,998.48663,-2.765,0.563,5.920,0.477,0.332,-0.666,0.468,img_121.jpg
111223,1280,720,637.1179,341.4131,993.05865,998.48663,-2.803,0.554,5.968,0.493,0.310,-0.682,0.442,img_122.jpg
111321,1280,720,637.1179,341.4131,993.05865,998.48663,-2.841,0.551,6.027,0.507,0.292,-0.695,0.418,img_123.jpg
111405,1280,720,637.1179,341.4131,993.05865,998.48663,-2.859,0.554,6.065,0.516,0.277,-0.702,0.404,img_124.jpg
111501,1280,720,637.1179,341.4131,993.05865,998.48663,-2.886,0.571,6.120,0.519,0.261,-0.718,0.383,img_125.jpg
111584,1280,720,637.1179,341.4131,993.05865,998.48663,-2.912,0.586,6.167,0.535,0.249,-0.723,0.361,img_126.jpg
111673,1280,720,637.1179,341.4131,993.05865,998.48663,-2.939,0.589,6.194,0.531,0.234,-0.740,0.341,img_127.jpg
111753,1280,720,637.1179,341.4131,993.05865,998.48663,-2.977,0.588,6.225,0.530,0.212,-0.760,0.311,img_128.jpg
111841,1280,720,637.1179,341.4131,993.05865,998.48663,-3.011,0.581,6.246,0.531,0.192,-0.771,0.294,img_129.jpg
111929,1280,720,637.1179,341.4131,993.05865,998.48663,-3.063,0.575,6.270,0.528,0.188,-0.785,0.264,img_130.jpg
112023,1280,720,637.1179,341.4131,993.05865,998.48663,-3.113,0.566,6.289,0.523,0.180,-0.799,0.237,img_131.jpg
112120,1280,720,637.1179,341.4131,993.05865,998.48663,-3.164,0.561,6.301,0.521,0.156,-0.811,0.214,img_132.jpg
112195,1280,720,637.1179,341.4131,993.05865,998.48663,-3.197,0.565,6.302,0.527,0.146,-0.816,0.189,img_133.jpg
112287,1280,720,637.1179,341.4131,993.05865,998.48663,-3.246,0.570,6.293,0.524,0.118,-0.832,0.139,img_134.jpg
112366,1280,720,637.1179,341.4131,993.05865,998.48663,-3.279,0.573,6.286,0.517,0.103,-0.843,0.105,img_135.jpg
112447,1280,720,637.1179,341.4131,993.05865,998.48663,-3.330,0.574,6.282,0.523,0.065,-0.846,0.076,img_136.jpg
112537,1280,720,637.1179,341.4131,993.05865,998.48663,-3.366,0.573,6.277,0.529,0.058,-0.844,0.067,img_137.jpg
112614,1280,720,637.1179,341.4131,993.05865,998.48663,-3.421,0.573,6.269,0.545,0.051,-0.835,0.050,img_138.jpg
112704,1280,720,637.1179,341.4131,993.05865,998.48663,-3.460,0.573,6.267,0.562,0.051,-0.824,0.051,img_139.jpg
112780,1280,720,637.1179,341.4131,993.05865,998.48663,-3.525,0.574,6.259,0.571,0.032,-0.819,0.046,img_140.jpg
112866,1280,720,637.1179,341.4131,993.05865,998.48663,-3.584,0.578,6.246,0.578,0.011,-0.815,0.035,img_141.jpg
112954,1280,720,637.1179,341.4131,993.05865,998.48663,-3.624,0.581,6.231,0.577,-0.003,-0.816,0.028,img_142.jpg
113040,1280,720,637.1179,341.4131,993.05865,998.48663,-3.682,0.579,6.208,0.565,0.010,-0.825,0.026,img_143.jpg
113121,1280,720,637.1179,341.4131,993.05865,998.48663,-3.723,0.579,6.193,0.570,0.013,-0.821,0.029,img_144.jpg
113195,1280,720,637.1179,341.4131,993.05865,998.48663,-3.759,0.581,6.175,0.575,0.013,-0.818,0.027,img_145.jpg
113289,1280,720,637.1179,341.4131,993.05865,998.48663,-3.821,0.580,6.140,0.576,0.022,-0.817,0.029,img_146.jpg
113387,1280,720,637.1179,341.4131,993.05865,998.48663,-3.882,0.576,6.101,0.577,0.018,-0.815,0.049,img_147.jpg
113472,1280,720,637.1179,341.4131,993.05865,998.48663,-3.922,0.576,6.071,0.576,0.025,-0.814,0.065,img_148.jpg
113550,1280,720,637.1179,341.4131,993.05865,998.48663,-3.984,0.578,6.030,0.569,0.018,-0.817,0.090,img_149.jpg
113639,1280,720,637.1179,341.4131,993.05865,998.48663,-4.019,0.579,6.008,0.575,0.008,-0.811,0.109,img_150.jpg
113722,1280,720,637.1179,341.4131,993.05865,998.48663,-4.066,0.587,5.980,0.584,0.004,-0.802,0.125,img_151.jpg
113803,1280,720,637.1179,341.4131,993.05865,998.48663,-4.108,0.591,5.954,0.575,0.028,-0.808,0.124,img_152.jpg
113887,1280,720,637.1179,341.4131,993.05865,998.48663,-4.134,0.589,5.940,0.577,0.035,-0.806,0.130,img_153.jpg
113987,1280,720,637.1179,341.4131,993.05865,998.48663,-4.174,0.584,5.923,0.581,0.031,-0.802,0.135,img_154.jpg
114066,1280,720,637.1179,341.4131,993.05865,998.48663,-4.202,0.582,5.913,0.584,0.041,-0.800,0.134,img_155.jpg
114146,1280,720,637.1179,341.4131,993.05865,998.48663,-4.248,0.576,5.899,0.584,0.040,-0.801,0.128,img_156.jpg
114238,1280,720,637.1179,341.4131,993.05865,998.48663,-4.283,0.570,5.893,0.583,0.045,-0.801,0.130,img_157.jpg
114323,1280,720,637.1179,341.4131,993.05865,998.48663,-4.340,0.564,5.892,0.578,0.049,-0.800,0.154,img_158.jpg
114403,1280,720,637.1179,341.4131,993.05865,998.48663,-4.381,0.561,5.898,0.568,0.045,-0.805,0.166,img_159.jpg
114481,1280,720,637.1179,341.4131,993.05865,998.48663,-4.441,0.559,5.909,0.555,0.068,-0.810,0.178,img_160.jpg
114570,1280,720,637.1179,341.4131,993.05865,998.48663,-4.483,0.557,5.915,0.551,0.081,-0.812,0.175,img_161.jpg
114658,1280,720,637.1179,341.4131,993.05865,998.48663,-4.541,0.551,5.928,0.543,0.088,-0.817,0.174,img_162.jpg
114754,1280,720,637.1179,341.4131,993.05865,998.48663,-4.586,0.539,5.945,0.537,0.070,-0.816,0.199,img_163.jpg
114843,1280,720,637.1179,341.4131,993.05865,998.48663,-4.608,0.530,5.952,0.531,0.059,-0.819,0.211,img_164.jpg
114940,1280,720,637.1179,341.4131,993.05865,998.48663,-4.635,0.527,5.962,0.526,0.059,-0.819,0.222,img_165.jpg
115022,1280,720,637.1179,341.4131,993.05865,998.48663,-4.654,0.523,5.970,0.522,0.065,-0.818,0.233,img_166.jpg
115103,1280,720,637.1179,341.4131,993.05865,998.48663,-4.667,0.519,5.974,0.514,0.074,-0.820,0.240,img_167.jpg
115186,1280,720,637.1179,341.4131,993.05865,998.48663,-4.685,0.513,5.984,0.511,0.085,-0.814,0.261,img_168.jpg
115270,1280,720,637.1179,341.4131,993.05865,998.48663,-4.697,0.511,5.986,0.508,0.093,-0.812,0.273,img_169.jpg
115348,1280,720,637.1179,341.4131,993.05865,998.48663,-4.715,0.509,5.987,0.503,0.107,-0.807,0.290,img_170.jpg
115447,1280,720,637.1179,341.4131,993.05865,998.48663,-4.726,0.509,5.988,0.503,0.116,-0.800,0.305,img_171.jpg
115523,1280,720,637.1179,341.4131,993.05865,998.48663,-4.747,0.511,5.985,0.502,0.138,-0.793,0.317,img_172.jpg
115604,1280,720,637.1179,341.4131,993.05865,998.48663,-4.761,0.509,5.982,0.503,0.150,-0.787,0.325,img_173.jpg
115686,1280,720,637.1179,341.4131,993.05865,998.48663,-4.786,0.503,5.970,0.502,0.170,-0.780,0.334,img_174.jpg
115770,1280,720,637.1179,341.4131,993.05865,998.48663,-4.811,0.501,5.960,0.499,0.188,-0.775,0.338,img_175.jpg
115847,1280,720,637.1179,341.4131,993.05865,998.48663,-4.852,0.502,5.942,0.510,0.214,-0.752,0.359,img_176.jpg
115939,1280,720,637.1179,341.4131,993.05865,998.48663,-4.896,0.510,5.924,0.509,0.252,-0.727,0.385,img_177.jpg
116021,1280,720,637.1179,341.4131,993.05865,998.48663,-4.923,0.519,5.916,0.505,0.268,-0.713,0.404,img_178.jpg
116103,1280,720,637.1179,341.4131,993.05865,998.48663,-4.945,0.529,5.915,0.503,0.275,-0.699,0.428,img_179.jpg
116186,1280,720,637.1179,341.4131,993.05865,998.48663,-4.974,0.539,5.919,0.489,0.294,-0.682,0.457,img_180.jpg
116270,1280,720,637.1179,341.4131,993.05865,998.48663,-4.992,0.543,5.927,0.483,0.308,-0.671,0.471,img_181.jpg
116348,1280,720,637.1179,341.4131,993.05865,998.48663,-5.009,0.546,5.943,0.489,0.321,-0.651,0.484,img_182.jpg
116438,1280,720,637.1179,341.4131,993.05865,998.48663,-5.016,0.545,5.957,0.490,0.331,-0.640,0.491,img_183.jpg
116519,1280,720,637.1179,341.4131,993.05865,998.48663,-5.036,0.546,5.976,0.471,0.349,-0.634,0.504,img_184.jpg
116603,1280,720,637.1179,341.4131,993.05865,998.48663,-5.054,0.543,5.990,0.461,0.359,-0.623,0.520,img_185.jpg
116682,1280,720,637.1179,341.4131,993.05865,998.48663,-5.079,0.539,6.017,0.445,0.393,-0.595,0.542,img_186.jpg
116770,1280,720,637.1179,341.4131,993.05865,998.48663,-5.101,0.534,6.051,0.417,0.424,-0.561,0.576,img_187.jpg
116849,1280,720,637.1179,341.4131,993.05865,998.48663,-5.110,0.534,6.073,0.409,0.436,-0.536,0.595,img_188.jpg
116966,1280,720,637.1179,341.4131,993.05865,998.48663,-5.119,0.536,6.093,0.388,0.452,-0.525,0.608,img_189.jpg
117046,1280,720,637.1179,341.4131,993.05865,998.48663,-5.119,0.535,6.133,0.365,0.470,-0.494,0.634,img_190.jpg
117138,1280,720,637.1179,341.4131,993.05865,998.48663,-5.113,0.530,6.165,0.351,0.477,-0.477,0.650,img_191.jpg
117221,1280,720,637.1179,341.4131,993.05865,998.48663,-5.102,0.528,6.184,0.340,0.482,-0.463,0.661,img_192.jpg
117301,1280,720,637.1179,341.4131,993.05865,998.48663,-5.075,0.525,6.200,0.343,0.487,-0.430,0.678,img_193.jpg
117386,1280,720,637.1179,341.4131,993.05865,998.48663,-5.060,0.521,6.217,0.338,0.491,-0.411,0.689,img_194.jpg
117465,1280,720,637.1179,341.4131,993.05865,998.48663,-5.044,0.515,6.234,0.322,0.500,-0.394,0.701,img_195.jpg
117534,1280,720,637.1179,341.4131,993.05865,998.48663,-5.022,0.497,6.263,-0.290,-0.503,0.365,-0.728,img_196.jpg
117621,1280,720,637.1179,341.4131,993.05865,998.48663,-5.009,0.485,6.284,-0.262,-0.506,0.346,-0.745,img_197.jpg
117703,1280,720,637.1179,341.4131,993.05865,998.48663,-4.994,0.464,6.325,-0.231,-0.516,0.306,-0.766,img_198.jpg
117787,1280,720,637.1179,341.4131,993.05865,998.48663,-4.982,0.457,6.352,-0.205,-0.529,0.277,-0.775,img_199.jpg
117864,1280,720,637.1179,341.4131,993.05865,998.48663,-4.976,0.450,6.376,-0.170,-0.541,0.249,-0.785,img_200.jpg
117941,1280,720,637.1179,341.4131,993.05865,998.48663,-4.965,0.442,6.412,-0.119,-0.552,0.211,-0.798,img_201.jpg
118021,1280,720,637.1179,341.4131,993.05865,998.48663,-4.965,0.437,6.431,-0.104,-0.556,0.197,-0.801,img_202.jpg
118108,1280,720,637.1179,341.4131,993.05865,998.48663,-4.952,0.420,6.457,-0.096,-0.556,0.181,-0.806,img_203.jpg
118187,1280,720,637.1179,341.4131,993.05865,998.48663,-4.942,0.411,6.465,-0.094,-0.556,0.171,-0.808,img_204.jpg
118262,1280,720,637.1179,341.4131,993.05865,998.48663,-4.931,0.402,6.470,-0.087,-0.550,0.165,-0.814,img_205.jpg
118343,1280,720,637.1179,341.4131,993.05865,998.48663,-4.921,0.397,6.464,-0.094,-0.545,0.160,-0.817,img_206.jpg
118422,1280,720,637.1179,341.4131,993.05865,998.48663,-4.907,0.385,6.458,-0.100,-0.536,0.156,-0.824,img_207.jpg
118503,1280,720,637.1179,341.4131,993.05865,998.48663,-4.886,0.367,6.465,-0.090,-0.529,0.159,-0.829,img_208.jpg
118582,1280,720,637.1179,341.4131,993.05865,998.48663,-4.878,0.353,6.466,-0.089,-0.527,0.152,-0.832,img_209.jpg
118663,1280,720,637.1179,341.4131,993.05865,998.48663,-4.865,0.330,6.477,-0.090,-0.528,0.143,-0.833,img_210.jpg
118739,1280,720,637.1179,341.4131,993.05865,998.48663,-4.853,0.298,6.499,-0.078,-0.533,0.137,-0.831,img_211.jpg
118822,1280,720,637.1179,341.4131,993.05865,998.48663,-4.847,0.275,6.519,-0.072,-0.538,0.134,-0.829,img_212.jpg
118903,1280,720,637.1179,341.4131,993.05865,998.48663,-4.839,0.251,6.540,-0.067,-0.533,0.132,-0.833,img_213.jpg
118977,1280,720,637.1179,341.4131,993.05865,998.48663,-4.837,0.226,6.565,-0.064,-0.529,0.133,-0.836,img_214.jpg,titlePage,0.15959956,0.22799937,-4.647,0.088,6.823,-0.811,-0.584,-0.004,-0.038
119066,1280,720,637.1179,341.4131,993.05865,998.48663,-4.836,0.208,6.579,-0.062,-0.530,0.132,-0.835,img_215.jpg
119154,1280,720,637.1179,341.4131,993.05865,998.48663,-4.835,0.198,6.581,-0.054,-0.532,0.127,-0.836,img_216.jpg
119257,1280,720,637.1179,341.4131,993.05865,998.48663,-4.832,0.182,6.585,-0.054,-0.537,0.117,-0.834,img_217.jpg
119338,1280,720,637.1179,341.4131,993.05865,998.48663,-4.832,0.170,6.596,-0.051,-0.536,0.123,-0.834,img_218.jpg
119425,1280,720,637.1179,341.4131,993.05865,998.48663,-4.830,0.167,6.600,-0.055,-0.541,0.123,-0.830,img_219.jpg
119506,1280,720,637.1179,341.4131,993.05865,998.48663,-4.827,0.165,6.602,-0.052,-0.544,0.125,-0.828,img_220.jpg,titlePage,0.17304592,0.24720846,-4.634,0.074,6.845,-0.822,-0.569,-0.001,-0.014
119584,1280,720,637.1179,341.4131,993.05865,998.48663,-4.823,0.163,6.600,-0.057,-0.554,0.121,-0.822,img_221.jpg
119666,1280,720,637.1179,341.4131,993.05865,998.48663,-4.820,0.162,6.598,-0.059,-0.565,0.117,-0.815,img_222.jpg
119754,1280,720,637.1179,341.4131,993.05865,998.48663,-4.819,0.161,6.597,-0.068,-0.574,0.115,-0.808,img_223.jpg
119836,1280,720,637.1179,341.4131,993.05865,998.48663,-4.819,0.163,6.596,-0.076,-0.580,0.113,-0.803,img_224.jpg
119913,1280,720,637.1179,341.4131,993.05865,998.48663,-4.817,0.169,6.596,-0.079,-0.586,0.118,-0.798,img_225.jpg
120004,1280,720,637.1179,341.4131,993.05865,998.48663,-4.816,0.170,6.594,-0.081,-0.589,0.118,-0.795,img_226.jpg
120091,1280,720,637.1179,341.4131,993.05865,998.48663,-4.814,0.172,6.594,-0.079,-0.589,0.119,-0.795,img_227.jpg
120171,1280,720,637.1179,341.4131,993.05865,998.48663,-4.813,0.172,6.592,-0.082,-0.589,0.121,-0.795,img_228.jpg,titlePage,0.17539752,0.25056788,-4.633,0.073,6.845,-0.836,-0.549,0.009,0.002
120248,1280,720,637.1179,341.4131,993.05865,998.48663,-4.812,0.172,6.595,-0.084,-0.589,0.124,-0.794,img_229.jpg
120337,1280,720,637.1179,341.4131,993.05865,998.48663,-4.812,0.171,6.594,-0.085,-0.587,0.126,-0.795,img_230.jpg
120421,1280,720,637.1179,341.4131,993.05865,998.48663,-4.812,0.170,6.594,-0.084,-0.586,0.127,-0.796,img_231.jpg
120503,1280,720,637.1179,341.4131,993.05865,998.48663,-4.813,0.171,6.593,-0.084,-0.586,0.127,-0.796,img_232.jpg
120580,1280,720,637.1179,341.4131,993.05865,998.48663,-4.813,0.171,6.594,-0.085,-0.586,0.128,-0.795,img_233.jpg
120666,1280,720,637.1179,341.4131,993.05865,998.48663,-4.814,0.169,6.594,-0.088,-0.586,0.126,-0.795,img_234.jpg,titlePage,0.1760025,0.25143215,-4.636,0.074,6.842,-0.833,-0.554,0.014,0.007
120754,1280,720,637.1179,341.4131,993.05865,998.48663,-4.815,0.170,6.596,-0.088,-0.586,0.126,-0.795,img_235.jpg
120837,1280,720,637.1179,341.4131,993.05865,998.48663,-4.816,0.170,6.597,-0.090,-0.587,0.127,-0.795,img_236.jpg
120937,1280,720,637.1179,341.4131,993.05865,998.48663,-4.817,0.171,6.598,-0.089,-0.587,0.129,-0.794,img_237.jpg
121030,1280,720,637.1179,341.4131,993.05865,998.48663,-4.818,0.172,6.598,-0.091,-0.588,0.129,-0.793,img_238.jpg
121119,1280,720,637.1179,341.4131,993.05865,998.48663,-4.819,0.172,6.598,-0.093,-0.589,0.128,-0.793,img_239.jpg
121201,1280,720,637.1179,341.4131,993.05865,998.48663,-4.820,0.172,6.600,-0.093,-0.589,0.130,-0.792,img_240.jpg
121305,1280,720,637.1179,341.4131,993.05865,998.48663,-4.819,0.173,6.600,-0.098,-0.589,0.133,-0.791,img_241.jpg
121405,1280,720,637.1179,341.4131,993.05865,998.48663,-4.820,0.176,6.603,-0.097,-0.589,0.138,-0.790,img_242.jpg,titlePage,0.17625211,0.25178874,-4.636,0.074,6.841,-0.831,-0.556,0.012,0.006
121504,1280,720,637.1179,341.4131,993.05865,998.48663,-4.821,0.179,6.606,-0.097,-0.590,0.138,-0.790,img_243.jpg
121587,1280,720,637.1179,341.4131,993.05865,998.48663,-4.822,0.180,6.608,-0.097,-0.588,0.138,-0.791,img_244.jpg
121687,1280,720,637.1179,341.4131,993.05865,998.48663,-4.823,0.182,6.610,-0.098,-0.584,0.135,-0.794,img_245.jpg
121764,1280,720,637.1179,341.4131,993.05865,998.48663,-4.825,0.185,6.608,-0.099,-0.580,0.132,-0.797,img_246.jpg
121843,1280,720,637.1179,341.4131,993.05865,998.48663,-4.834,0.201,6.602,-0.095,-0.573,0.134,-0.803,img_247.jpg
121937,1280,720,637.1179,341.4131,993.05865,998.48663,-4.848,0.231,6.597,-0.099,-0.568,0.141,-0.805,img_248.jpg,titlePage,0.1762296,0.25175658,-4.636,0.074,6.842,-0.827,-0.562,0.011,0.005
122023,1280,720,637.1179,341.4131,993.05865,998.48663,-4.859,0.253,6.591,-0.105,-0.565,0.146,-0.805,img_249.jpg
122104,1280,720,637.1179,341.4131,993.05865,998.48663,-4.877,0.287,6.586,-0.106,-0.555,0.170,-0.808,img_250.jpg
122188,1280,720,637.1179,341.4131,993.05865,998.48663,-4.888,0.307,6.582,-0.115,-0.552,0.183,-0.806,img_251.jpg
122269,1280,720,637.1179,341.4131,993.05865,998.48663,-4.907,0.337,6.579,-0.120,-0.546,0.212,-0.802,img_252.jpg
122349,1280,720,637.1179,341.4131,993.05865,998.48663,-4.921,0.355,6.581,-0.129,-0.541,0.232,-0.798,img_253.jpg
122425,1280,720,637.1179,341.4131,993.05865,998.48663,-4.937,0.370,6.588,-0.142,-0.536,0.256,-0.792,img_254.jpg
122520,1280,720,637.1179,341.4131,993.05865,998.48663,-4.962,0.392,6.608,-0.166,-0.537,0.283,-0.778,img_255.jpg
122620,1280,720,637.1179,341.4131,993.05865,998.48663,-4.987,0.409,6.635,-0.193,-0.538,0.302,-0.763,img_256.jpg
122702,1280,720,637.1179,341.4131,993.05865,998.48663,-5.009,0.417,6.671,-0.200,-0.525,0.313,-0.766,img_257.jpg
122805,1280,720,637.1179,341.4131,993.05865,998.48663,-5.038,0.433,6.705,-0.208,-0.534,0.315,-0.757,img_258.jpg
122904,1280,720,637.1179,341.4131,993.05865,998.48663,-5.073,0.447,6.748,-0.216,-0.541,0.316,-0.749,img_259.jpg
122987,1280,720,637.1179,341.4131,993.05865,998.48663,-5.094,0.448,6.792,-0.211,-0.536,0.320,-0.752,img_260.jpg
123077,1280,720,637.1179,341.4131,993.05865,998.48663,-5.121,0.444,6.865,-0.198,-0.532,0.316,-0.760,img_261.jpg
123171,1280,720,637.1179,341.4131,993.05865,998.48663,-5.149,0.445,6.930,-0.181,-0.528,0.304,-0.772,img_262.jpg
123271,1280,720,637.1179,341.4131,993.05865,998.48663,-5.168,0.436,6.998,-0.161,-0.511,0.302,-0.788,img_263.jpg
123371,1280,720,637.1179,341.4131,993.05865,998.48663,-5.184,0.427,7.056,-0.170,-0.504,0.297,-0.793,img_264.jpg
123471,1280,720,637.1179,341.4131,993.05865,998.48663,-5.201,0.421,7.115,-0.184,-0.491,0.303,-0.795,img_265.jpg
123549,1280,720,637.1179,341.4131,993.05865,998.48663,-5.207,0.422,7.143,-0.200,-0.488,0.303,-0.794,img_266.jpg
123639,1280,720,637.1179,341.4131,993.05865,998.48663,-5.212,0.426,7.176,-0.216,-0.491,0.297,-0.790,img_267.jpg
123737,1280,720,637.1179,341.4131,993.05865,998.48663,-5.217,0.433,7.206,-0.231,-0.496,0.301,-0.781,img_268.jpg
123839,1280,720,637.1179,341.4131,993.05865,998.48663,-5.220,0.448,7.225,-0.243,-0.510,0.303,-0.767,img_269.jpg
123937,1280,720,637.1179,341.4131,993.05865,998.48663,-5.225,0.460,7.257,-0.219,-0.509,0.326,-0.766,img_270.jpg
124041,1280,720,637.1179,341.4131,993.05865,998.48663,-5.223,0.457,7.282,-0.211,-0.506,0.322,-0.772,img_271.jpg
124127,1280,720,637.1179,341.4131,993.05865,998.48663,-5.215,0.451,7.328,-0.201,-0.516,0.300,-0.777,img_272.jpg
124213,1280,720,637.1179,341.4131,993.05865,998.48663,-5.210,0.447,7.381,-0.183,-0.531,0.267,-0.783,img_273.jpg
124314,1280,720,637.1179,341.4131,993.05865,998.48663,-5.204,0.457,7.422,-0.167,-0.538,0.229,-0.794,img_274.jpg
124404,1280,720,637.1179,341.4131,993.05865,998.48663,-5.199,0.476,7.455,-0.156,-0.550,0.208,-0.794,img_275.jpg
124505,1280,720,637.1179,341.4131,993.05865,998.48663,-5.189,0.488,7.481,-0.139,-0.563,0.198,-0.790,img_276.jpg
124589,1280,720,637.1179,341.4131,993.05865,998.48663,-5.178,0.490,7.498,-0.132,-0.566,0.190,-0.791,img_277.jpg
124687,1280,720,637.1179,341.4131,993.05865,998.48663,-5.155,0.495,7.520,-0.121,-0.567,0.177,-0.795,img_278.jpg
124768,1280,720,637.1179,341.4131,993.05865,998.48663,-5.121,0.500,7.540,-0.116,-0.573,0.150,-0.797,img_279.jpg
124850,1280,720,637.1179,341.4131,993.05865,998.48663,-5.092,0.502,7.554,-0.121,-0.575,0.133,-0.798,img_280.jpg
124926,1280,720,637.1179,341.4131,993.05865,998.48663,-5.060,0.505,7.570,-0.126,-0.578,0.123,-0.797,img_281.jpg
125024,1280,720,637.1179,341.4131,993.05865,998.48663,-5.008,0.510,7.595,-0.128,-0.582,0.119,-0.794,img_282.jpg
125113,1280,720,637.1179,341.4131,993.05865,998.48663,-4.944,0.511,7.625,-0.121,-0.560,0.134,-0.808,img_283.jpg
125204,1280,720,637.1179,341.4131,993.05865,998.48663,-4.880,0.515,7.649,-0.110,-0.549,0.127,-0.819,img_284.jpg
125307,1280,720,637.1179,341.4131,993.05865,998.48663,-4.821,0.515,7.677,-0.107,-0.540,0.118,-0.826,img_285.jpg
125383,1280,720,637.1179,341.4131,993.05865,998.48663,-4.783,0.510,7.695,-0.108,-0.537,0.099,-0.830,img_286.jpg
125475,1280,720,637.1179,341.4131,993.05865,998.48663,-4.734,0.503,7.727,-0.111,-0.541,0.072,-0.831,img_287.jpg
125566,1280,720,637.1179,341.4131,993.05865,998.48663,-4.690,0.495,7.779,-0.093,-0.539,0.070,-0.834,img_288.jpg
125655,1280,720,637.1179,341.4131,993.05865,998.48663,-4.664,0.490,7.815,-0.083,-0.549,0.056,-0.830,img_289.jpg
125757,1280,720,637.1179,341.4131,993.05865,998.48663,-4.625,0.490,7.873,-0.044,-0.561,0.032,-0.826,img_290.jpg
125845,1280,720,637.1179,341.4131,993.05865,998.48663,-4.586,0.492,7.933,0.019,-0.564,-0.011,-0.825,img_291.jpg
125940,1280,720,637.1179,341.4131,993.05865,998.48663,-4.541,0.504,7.984,0.050,-0.561,-0.060,-0.824,img_292.jpg
126039,1280,720,637.1179,341.4131,993.05865,998.48663,-4.492,0.523,8.027,0.070,-0.574,-0.094,-0.811,img_293.jpg
126139,1280,720,637.1179,341.4131,993.05865,998.48663,-4.441,0.532,8.060,0.086,-0.581,-0.126,-0.799,img_294.jpg
126239,1280,720,637.1179,341.4131,993.05865,998.48663,-4.386,0.535,8.078,0.110,-0.582,-0.150,-0.792,img_295.jpg
126339,1280,720,637.1179,341.4131,993.05865,998.48663,-4.316,0.531,8.092,0.125,-0.584,-0.175,-0.783,img_296.jpg
126459,1280,720,637.1179,341.4131,993.05865,998.48663,-4.253,0.532,8.097,0.144,-0.584,-0.195,-0.775,img_297.jpg
126539,1280,720,637.1179,341.4131,993.05865,998.48663,-4.179,0.528,8.097,0.153,-0.591,-0.220,-0.761,img_298.jpg
126642,1280,720,637.1179,341.4131,993.05865,998.48663,-4.101,0.530,8.096,0.153,-0.585,-0.233,-0.762,img_299.jpg
126740,1280,720,637.1179,341.4131,993.05865,998.48663,-4.032,0.534,8.090,0.166,-0.584,-0.246,-0.755,img_300.jpg
126840,1280,720,637.1179,341.4131,993.05865,998.48663,-3.960,0.541,8.085,0.182,-0.578,-0.252,-0.755,img_301.jpg
126939,1280,720,637.1179,341.4131,993.05865,998.48663,-3.883,0.541,8.078,0.194,-0.578,-0.262,-0.748,img_302.jpg
127022,1280,720,637.1179,341.4131,993.05865,998.48663,-3.825,0.537,8.072,0.197,-0.582,-0.270,-0.741,img_303.jpg
127097,1280,720,637.1179,341.4131,993.05865,998.48663,-3.764,0.534,8.069,0.210,-0.576,-0.275,-0.741,img_304.jpg
127178,1280,720,637.1179,341.4131,993.05865,998.48663,-3.681,0.532,8.059,0.221,-0.573,-0.286,-0.736,img_305.jpg
127270,1280,720,637.1179,341.4131,993.05865,998.48663,-3.591,0.537,8.049,0.224,-0.563,-0.293,-0.740,img_306.jpg
127349,1280,720,637.1179,341.4131,993.05865,998.48663,-3.533,0.542,8.042,0.231,-0.560,-0.298,-0.737,img_307.jpg
127423,1280,720,637.1179,341.4131,993.05865,998.48663,-3.474,0.543,8.033,0.229,-0.556,-0.304,-0.739,img_308.jpg
127502,1280,720,637.1179,341.4131,993.05865,998.48663,-3.384,0.540,8.011,0.229,-0.546,-0.310,-0.744,img_309.jpg
127587,1280,720,637.1179,341.4131,993.05865,998.48663,-3.327,0.534,7.994,0.230,-0.545,-0.315,-0.743,img_310.jpg
127665,1280,720,637.1179,341.4131,993.05865,998.48663,-3.235,0.520,7.966,0.224,-0.550,-0.312,-0.742,img_311.jpg
127749,1280,720,637.1179,341.4131,993.05865,998.48663,-3.174,0.514,7.949,0.218,-0.553,-0.298,-0.746,img_312.jpg
127824,1280,720,637.1179,341.4131,993.05865,998.48663,-3.108,0.512,7.932,0.211,-0.560,-0.289,-0.747,img_313.jpg
127904,1280,720,637.1179,341.4131,993.05865,998.48663,-3.021,0.518,7.911,0.194,-0.557,-0.267,-0.762,img_314.jpg
127987,1280,720,637.1179,341.4131,993.05865,998.48663,-2.967,0.519,7.903,0.184,-0.558,-0.256,-0.767,img_315.jpg
128068,1280,720,637.1179,341.4131,993.05865,998.48663,-2.874,0.516,7.895,0.170,-0.560,-0.238,-0.775,img_316.jpg
128149,1280,720,637.1179,341.4131,993.05865,998.48663,-2.818,0.512,7.895,0.168,-0.557,-0.222,-0.782,img_317.jpg
128240,1280,720,637.1179,341.4131,993.05865,998.48663,-2.728,0.499,7.900,0.158,-0.560,-0.205,-0.787,img_318.jpg
128340,1280,720,637.1179,341.4131,993.05865,998.48663,-2.613,0.483,7.917,0.155,-0.556,-0.183,-0.796,img_319.jpg
128442,1280,720,637.1179,341.4131,993.05865,998.48663,-2.505,0.476,7.943,0.157,-0.551,-0.165,-0.803,img_320.jpg
128554,1280,720,637.1179,341.4131,993.05865,998.48663,-2.400,0.479,7.970,0.150,-0.542,-0.159,-0.811,img_321.jpg
128628,1280,720,637.1179,341.4131,993.05865,998.48663,-2.303,0.488,7.996,0.135,-0.539,-0.158,-0.816,img_322.jpg
128722,1280,720,637.1179,341.4131,993.05865,998.48663,-2.245,0.500,8.010,0.134,-0.544,-0.160,-0.813,img_323.jpg
128800,1280,720,637.1179,341.4131,993.05865,998.48663,-2.159,0.514,8.031,0.138,-0.556,-0.161,-0.803,img_324.jpg
128886,1280,720,637.1179,341.4131,993.05865,998.48663,-2.101,0.522,8.045,0.143,-0.566,-0.165,-0.795,img_325.jpg
128966,1280,720,637.1179,341.4131,993.05865,998.48663,-2.003,0.524,8.070,0.154,-0.575,-0.178,-0.784,img_326.jpg
129053,1280,720,637.1179,341.4131,993.05865,998.48663,-1.932,0.521,8.086,0.156,-0.581,-0.188,-0.776,img_327.jpg
129131,1280,720,637.1179,341.4131,993.05865,998.48663,-1.854,0.516,8.100,0.163,-0.567,-0.205,-0.781,img_328.jpg
129208,1280,720,637.1179,341.4131,993.05865,998.48663,-1.745,0.524,8.120,0.158,-0.556,-0.225,-0.785,img_329.jpg
129287,1280,720,637.1179,341.4131,993.05865,998.48663,-1.683,0.530,8.125,0.161,-0.551,-0.243,-0.782,img_330.jpg
129370,1280,720,637.1179,341.4131,993.05865,998.48663,-1.594,0.540,8.130,0.173,-0.553,-0.273,-0.768,img_331.jpg
129453,1280,720,637.1179,341.4131,993.05865,998.48663,-1.533,0.543,8.129,0.189,-0.545,-0.293,-0.762,img_332.jpg
129525,1280,720,637.1179,341.4131,993.05865,998.48663,-1.479,0.544,8.124,0.204,-0.542,-0.328,-0.746,img_333.jpg
129605,1280,720,637.1179,341.4131,993.05865,998.48663,-1.395,0.548,8.117,0.236,-0.533,-0.373,-0.721,img_334.jpg
129686,1280,720,637.1179,341.4131,993.05865,998.48663,-1.345,0.550,8.106,0.256,-0.526,-0.407,-0.701,img_335.jpg
129768,1280,720,637.1179,341.4131,993.05865,998.48663,-1.281,0.555,8.083,0.275,-0.519,-0.464,-0.663,img_336.jpg
129854,1280,720,637.1179,341.4131,993.05865,998.48663,-1.248,0.558,8.059,0.290,-0.500,-0.494,-0.650,img_337.jpg
129931,1280,720,637.1179,341.4131,993.05865,998.48663,-1.207,0.569,8.020,0.335,-0.462,-0.532,-0.626,img_338.jpg
130023,1280,720,637.1179,341.4131,993.05865,998.48663,-1.180,0.576,7.990,0.358,-0.446,-0.554,-0.605,img_339.jpg
130108,1280,720,637.1179,341.4131,993.05865,998.48663,-1.151,0.579,7.940,0.383,-0.422,-0.584,-0.579,img_340.jpg
130204,1280,720,637.1179,341.4131,993.05865,998.48663,-1.134,0.573,7.885,0.396,-0.401,-0.608,-0.559,img_341.jpg
130286,1280,720,637.1179,341.4131,993.05865,998.48663,-1.124,0.566,7.846,0.404,-0.394,-0.620,-0.545,img_342.jpg
130370,1280,720,637.1179,341.4131,993.05865,998.48663,-1.121,0.556,7.781,0.411,-0.386,-0.634,-0.530,img_343.jpg
130470,1280,720,637.1179,341.4131,993.05865,998.48663,-1.110,0.549,7.708,0.416,-0.385,-0.647,-0.510,img_344.jpg
130553,1280,720,637.1179,341.4131,993.05865,998.48663,-1.102,0.550,7.662,0.417,-0.378,-0.656,-0.502,img_345.jpg
130635,1280,720,637.1179,341.4131,993.05865,998.48663,-1.084,0.552,7.596,0.420,-0.372,-0.666,-0.493,img_346.jpg
130721,1280,720,637.1179,341.4131,993.05865,998.48663,-1.069,0.552,7.547,0.416,-0.368,-0.671,-0.491,img_347.jpg
130799,1280,720,637.1179,341.4131,993.05865,998.48663,-1.042,0.552,7.483,0.416,-0.357,-0.678,-0.489,img_348.jpg
130903,1280,720,637.1179,341.4131,993.05865,998.48663,-1.012,0.548,7.413,0.420,-0.354,-0.683,-0.481,img_349.jpg
130987,1280,720,637.1179,341.4131,993.05865,998.48663,5.361,0.732,4.737,0.522,-0.009,-0.852,0.045,img_350.jpg,titlePage,0.1762296,0.25175658,4.018,0.318,8.176,-0.302,-0.953,0.019,0.029,earth,0.18093427,0.18093427,0.142,-0.096,0.043,-0.016,-0.999,0.009,0.029
131071,1280,720,637.1179,341.4131,993.05865,998.48663,5.342,0.643,4.649,0.544,0.013,-0.837,0.056,img_351.jpg
131153,1280,720,637.1179,341.4131,993.05865,998.48663,5.295,0.640,4.622,0.553,0.025,-0.831,0.060,img_352.jpg
131232,1280,720,637.1179,341.4131,993.05865,998.48663,5.232,0.648,4.572,0.547,0.034,-0.834,0.063,img_353.jpg
131320,1280,720,637.1179,341.4131,993.05865,998.48663,5.187,0.625,4.575,0.560,0.044,-0.824,0.069,img_354.jpg
131399,1280,720,637.1179,341.4131,993.05865,998.48663,5.126,0.624,4.538,0.559,0.048,-0.823,0.084,img_355.jpg
131486,1280,720,637.1179,341.4131,993.05865,998.48663,5.086,0.623,4.518,0.558,0.054,-0.823,0.091,img_356.jpg
131554,1280,720,637.1179,341.4131,993.05865,998.48663,5.043,0.619,4.498,0.555,0.062,-0.824,0.094,img_357.jpg
131639,1280,720,637.1179,341.4131,993.05865,998.48663,4.978,0.613,4.469,0.555,0.065,-0.823,0.104,img_358.jpg
131719,1280,720,637.1179,341.4131,993.05865,998.48663,4.926,0.604,4.453,0.558,0.069,-0.819,0.114,img_359.jpg
131791,1280,720,637.1179,341.4131,993.05865,998.48663,4.872,0.596,4.436,0.560,0.071,-0.816,0.125,img_360.jpg
131874,1280,720,637.1179,341.4131,993.05865,998.48663,4.783,0.597,4.418,0.568,0.083,-0.804,0.154,img_361.jpg
131949,1280,720,637.1179,341.4131,993.05865,998.48663,4.724,0.600,4.410,0.568,0.085,-0.800,0.175,img_362.jpg
132029,1280,720,637.1179,341.4131,993.05865,998.48663,4.662,0.605,4.406,0.563,0.096,-0.799,0.190,img_363.jpg
132112,1280,720,637.1179,341.4131,993.05865,998.48663,4.573,0.607,4.402,0.561,0.101,-0.794,0.211,img_364.jpg
132203,1280,720,637.1179,341.4131,993.05865,998.48663,4.484,0.605,4.391,0.554,0.119,-0.792,0.227,img_365.jpg
132287,1280,720,637.1179,341.4131,993.05865,998.48663,4.416,0.599,4.392,0.553,0.128,-0.789,0.237,img_366.jpg
132368,1280,720,637.1179,341.4131,993.05865,998.48663,4.323,0.599,4.384,0.556,0.141,-0.779,0.252,img_367.jpg
132453,1280,720,637.1179,341.4131,993.05865,998.48663,4.258,0.601,4.377,0.558,0.153,-0.773,0.259,img_368.jpg
132527,1280,720,637.1179,341.4131,993.05865,998.48663,4.161,0.609,4.368,0.560,0.183,-0.758,0.280,img_369.jpg
132621,1280,720,637.1179,341.4131,993.05865,998.48663,4.096,0.615,4.368,0.555,0.184,-0.757,0.292,img_370.jpg
132701,1280,720,637.1179,341.4131,993.05865,998.48663,3.998,0.620,4.372,0.545,0.199,-0.750,0.317,img_371.jpg
132786,1280,720,637.1179,341.4131,993.05865,998.48663,3.938,0.622,4.380,0.537,0.204,-0.750,0.327,img_372.jpg
132867,1280,720,637.1179,341.4131,993.05865,998.48663,3.845,0.615,4.395,0.529,0.212,-0.746,0.343,img_373.jpg
132953,1280,720,637.1179,341.4131,993.05865,998.48663,3.778,0.606,4.408,0.528,0.214,-0.743,0.352,img_374.jpg
133028,1280,720,637.1179,341.4131,993.05865,998.48663,3.680,0.592,4.429,0.531,0.210,-0.741,0.353,img_375.jpg
133122,1280,720,637.1179,341.4131,993.05865,998.48663,3.620,0.592,4.445,0.536,0.198,-0.743,0.348,img_376.jpg
133202,1280,720,637.1179,341.4131,993.05865,998.48663,3.527,0.600,4.463,0.532,0.189,-0.758,0.326,img_377.jpg
133287,1280,720,637.1179,341.4131,993.05865,998.48663,3.467,0.602,4.474,0.531,0.186,-0.764,0.316,img_378.jpg
133370,1280,720,637.1179,341.4131,993.05865,998.48663,3.378,0.605,4.489,0.535,0.183,-0.769,0.299,img_379.jpg
133470,1280,720,637.1179,341.4131,993.05865,998.48663,3.288,0.606,4.498,0.536,0.185,-0.776,0.275,img_380.jpg
133551,1280,720,637.1179,341.4131,993.05865,998.48663,3.219,0.602,4.503,0.543,0.178,-0.779,0.259,img_381.jpg
133633,1280,720,637.1179,341.4131,993.05865,998.48663,3.118,0.596,4.500,0.551,0.167,-0.786,0.224,img_382.jpg
133722,1280,720,637.1179,341.4131,993.05865,998.48663,3.052,0.594,4.494,0.554,0.158,-0.792,0.202,img_383.jpg
133803,1280,720,637.1179,341.4131,993.05865,998.48663,2.953,0.597,4.486,0.562,0.132,-0.799,0.171,img_384.jpg
133887,1280,720,637.1179,341.4131,993.05865,998.48663,2.896,0.595,4.478,0.563,0.116,-0.805,0.147,img_385.jpg
133973,1280,720,637.1179,341.4131,993.05865,998.48663,2.816,0.592,4.465,0.563,0.098,-0.814,0.109,img_386.jpg
134070,1280,720,637.1179,341.4131,993.05865,998.48663,2.742,0.582,4.444,0.562,0.071,-0.820,0.076,img_387.jpg
134169,1280,720,637.1179,341.4131,993.05865,998.48663,2.657,0.574,4.433,0.562,0.046,-0.824,0.048,img_388.jpg
134253,1280,720,637.1179,341.4131,993.05865,998.48663,2.597,0.574,4.428,0.571,0.036,-0.819,0.034,img_389.jpg
134329,1280,720,637.1179,341.4131,993.05865,998.48663,2.516,0.588,4.423,0.572,0.017,-0.820,0.005,img_390.jpg
134421,1280,720,637.1179,341.4131,993.05865,998.48663,2.467,0.601,4.418,0.577,0.014,-0.816,-0.011,img_391.jpg
134507,1280,720,637.1179,341.4131,993.05865,998.48663,2.382,0.615,4.404,0.588,-0.012,-0.808,-0.025,img_392.jpg
134605,1280,720,637.1179,341.4131,993.05865,998.48663,2.296,0.616,4.379,0.587,-0.017,-0.808,-0.044,img_393.jpg
134687,1280,720,637.1179,341.4131,993.05865,998.48663,2.241,0.613,4.361,0.588,-0.033,-0.807,-0.052,img_394.jpg
134771,1280,720,637.1179,341.4131,993.05865,998.48663,2.169,0.610,4.330,0.592,-0.033,-0.802,-0.065,img_395.jpg
134870,1280,720,637.1179,341.4131,993.05865,998.48663,2.082,0.604,4.286,0.601,-0.041,-0.795,-0.075,img_396.jpg
134949,1280,720,637.1179,341.4131,993.05865,998.48663,2.028,0.607,4.255,0.593,-0.049,-0.799,-0.088,img_397.jpg
135033,1280,720,637.1179,341.4131,993.05865,998.48663,1.978,0.611,4.226,0.593,-0.049,-0.798,-0.096,img_398.jpg
135124,1280,720,637.1179,341.4131,993.05865,998.48663,1.901,0.614,4.188,0.597,-0.082,-0.791,-0.108,img_399.jpg
135205,1280,720,637.1179,341.4131,993.05865,998.48663,1.850,0.623,4.150,0.591,-0.102,-0.787,-0.146,img_400.jpg
135286,1280,720,637.1179,341.4131,993.05865,998.48663,1.812,0.618,4.124,0.585,-0.122,-0.783,-0.172,img_401.jpg
135368,1280,720,637.1179,341.4131,993.05865,998.48663,1.741,0.608,4.085,0.578,-0.143,-0.778,-0.200,img_402.jpg
135453,1280,720,637.1179,341.4131,993.05865,998.48663,1.699,0.602,4.061,0.573,-0.163,-0.773,-0.218,img_403.jpg
135529,1280,720,637.1179,341.4131,993.05865,998.48663,1.634,0.595,4.016,0.566,-0.193,-0.760,-0.254,img_404.jpg
135623,1280,720,637.1179,341.4131,993.05865,998.48663,1.605,0.589,3.984,0.542,-0.211,-0.758,-0.293,img_405.jpg
135709,1280,720,637.1179,341.4131,993.05865,998.48663,1.565,0.588,3.932,0.518,-0.248,-0.742,-0.346,img_406.jpg
135806,1280,720,637.1179,341.4131,993.05865,998.48663,1.546,0.587,3.884,0.501,-0.274,-0.717,-0.399,img_407.jpg
135886,1280,720,637.1179,341.4131,993.05865,998.48663,1.557,0.582,3.858,0.488,-0.293,-0.701,-0.431,img_408.jpg
135966,1280,720,637.1179,341.4131,993.05865,998.48663,1.568,0.569,3.810,0.465,-0.299,-0.680,-0.480,img_409.jpg
136053,1280,720,637.1179,341.4131,993.05865,998.48663,1.571,0.568,3.781,0.461,-0.305,-0.668,-0.498,img_410.jpg
136125,1280,720,637.1179,341.4131,993.05865,998.48663,1.567,0.562,3.718,0.451,-0.316,-0.651,-0.523,img_411.jpg
136199,1280,720,637.1179,341.4131,993.05865,998.48663,1.566,0.562,3.674,0.450,-0.315,-0.649,-0.527,img_412.jpg
136286,1280,720,637.1179,341.4131,993.05865,998.48663,1.562,0.564,3.633,0.442,-0.323,-0.644,-0.535,img_413.jpg
136367,1280,720,637.1179,341.4131,993.05865,998.48663,1.564,0.569,3.575,0.438,-0.325,-0.648,-0.532,img_414.jpg
136453,1280,720,637.1179,341.4131,993.05865,998.48663,1.568,0.573,3.537,0.432,-0.330,-0.647,-0.535,img_415.jpg
136536,1280,720,637.1179,341.4131,993.05865,998.48663,1.567,0.575,3.478,0.434,-0.328,-0.643,-0.539,img_416.jpg
136619,1280,720,637.1179,341.4131,993.05865,998.48663,1.571,0.576,3.437,0.438,-0.325,-0.649,-0.531,img_417.jpg
136694,1280,720,637.1179,341.4131,993.05865,998.48663,1.571,0.571,3.362,0.451,-0.329,-0.666,-0.494,img_418.jpg
136788,1280,720,637.1179,341.4131,993.05865,998.48663,1.571,0.577,3.318,0.459,-0.329,-0.678,-0.470,img_419.jpg
136875,1280,720,637.1179,341.4131,993.05865,998.48663,1.570,0.582,3.238,0.478,-0.322,-0.696,-0.429,img_420.jpg
136969,1280,720,637.1179,341.4131,993.05865,998.48663,1.566,0.587,3.150,0.473,-0.321,-0.715,-0.403,img_421.jpg
137056,1280,720,637.1179,341.4131,993.05865,998.48663,1.563,0.589,3.098,0.484,-0.302,-0.726,-0.384,img_422.jpg
137138,1280,720,637.1179,341.4131,993.05865,998.48663,1.548,0.593,3.025,0.499,-0.292,-0.739,-0.346,img_423.jpg
137216,1280,720,637.1179,341.4131,993.05865,998.48663,1.530,0.598,2.984,0.512,-0.272,-0.750,-0.319,img_424.jpg
137294,1280,720,637.1179,341.4131,993.05865,998.48663,1.496,0.598,2.926,0.527,-0.240,-0.769,-0.271,img_425.jpg
137382,1280,720,637.1179,341.4131,993.05865,998.48663,1.461,0.599,2.870,0.540,-0.212,-0.781,-0.230,img_426.jpg
137469,1280,720,637.1179,341.4131,993.05865,998.48663,1.441,0.599,2.824,0.547,-0.192,-0.787,-0.212,img_427.jpg
137549,1280,720,637.1179,341.4131,993.05865,998.48663,1.420,0.598,2.787,0.555,-0.173,-0.791,-0.192,img_428.jpg
137637,1280,720,637.1179,341.4131,993.05865,998.48663,1.383,0.601,2.755,0.567,-0.150,-0.795,-0.158,img_429.jpg
137719,1280,720,637.1179,341.4131,993.05865,998.48663,1.366,0.604,2.698,0.572,-0.130,-0.797,-0.147,img_430.jpg
137794,1280,720,637.1179,341.4131,993.05865,998.48663,1.328,0.607,2.646,0.581,-0.109,-0.797,-0.124,img_431.jpg
137887,1280,720,637.1179,341.4131,993.05865,998.48663,1.290,0.606,2.593,0.581,-0.103,-0.799,-0.116,img_432.jpg
137969,1280,720,637.1179,341.4131,993.05865,998.48663,1.264,0.610,2.559,0.585,-0.092,-0.797,-0.115,img_433.jpg
138048,1280,720,637.1179,341.4131,993.05865,998.48663,1.235,0.605,2.528,0.583,-0.091,-0.799,-0.119,img_434.jpg
138121,1280,720,637.1179,341.4131,993.05865,998.48663,1.188,0.596,2.478,0.580,-0.100,-0.798,-0.131,img_435.jpg
138207,1280,720,637.1179,341.4131,993.05865,998.48663,1.152,0.581,2.446,0.575,-0.104,-0.798,-0.148,img_436.jpg
138289,1280,720,637.1179,341.4131,993.05865,998.48663,1.096,0.578,2.373,0.571,-0.112,-0.793,-0.181,img_437.jpg
138372,1280,720,637.1179,341.4131,993.05865,998.48663,1.065,0.574,2.336,0.565,-0.123,-0.789,-0.206,img_438.jpg
138450,1280,720,637.1179,341.4131,993.05865,998.48663,1.038,0.574,2.301,0.555,-0.146,-0.785,-0.231,img_439.jpg
138570,1280,720,637.1179,341.4131,993.05865,998.48663,1.007,0.580,2.243,0.548,-0.164,-0.776,-0.266,img_440.jpg
138653,1280,720,637.1179,341.4131,993.05865,998.48663,0.979,0.584,2.187,0.543,-0.197,-0.761,-0.295,img_441.jpg
138730,1280,720,637.1179,341.4131,993.05865,998.48663,0.963,0.584,2.134,0.539,-0.214,-0.747,-0.325,img_442.jpg
138819,1280,720,637.1179,341.4131,993.05865,998.48663,0.953,0.580,2.083,0.529,-0.228,-0.738,-0.352,img_443.jpg
138904,1280,720,637.1179,341.4131,993.05865,998.48663,0.937,0.576,2.033,0.527,-0.236,-0.733,-0.360,img_444.jpg
138986,1280,720,637.1179,341.4131,993.05865,998.48663,0.908,0.571,1.954,0.529,-0.243,-0.727,-0.365,img_445.jpg
139069,1280,720,637.1179,341.4131,993.05865,998.48663,0.896,0.572,1.906,0.536,-0.241,-0.724,-0.363,img_446.jpg
139152,1280,720,637.1179,341.4131,993.05865,998.48663,0.886,0.574,1.855,0.534,-0.243,-0.727,-0.356,img_447.jpg
139231,1280,720,637.1179,341.4131,993.05865,998.48663,0.871,0.574,1.778,0.530,-0.244,-0.732,-0.353,img_448.jpg
139314,1280,720,637.1179,341.4131,993.05865,998.48663,0.865,0.574,1.731,0.523,-0.257,-0.733,-0.351,img_449.jpg
139408,1280,720,637.1179,341.4131,993.05865,998.48663,0.852,0.572,1.660,0.513,-0.258,-0.738,-0.355,img_450.jpg
139505,1280,720,637.1179,341.4131,993.05865,998.48663,0.837,0.566,1.586,0.505,-0.260,-0.745,-0.350,img_451.jpg
139585,1280,720,637.1179,341.4131,993.05865,998.48663,0.830,0.565,1.538,0.502,-0.264,-0.749,-0.343,img_452.jpg
139665,1280,720,637.1179,341.4131,993.05865,998.48663,0.814,0.563,1.464,0.505,-0.260,-0.753,-0.332,img_453.jpg
139753,1280,720,637.1179,341.4131,993.05865,998.48663,0.792,0.559,1.378,0.511,-0.267,-0.755,-0.312,img_454.jpg
139831,1280,720,637.1179,341.4131,993.05865,998.48663,0.777,0.562,1.322,0.506,-0.255,-0.761,-0.315,img_455.jpg
139909,1280,720,637.1179,341.4131,993.05865,998.48663,0.758,0.568,1.259,0.508,-0.251,-0.765,-0.307,img_456.jpg
139987,1280,720,637.1179,341.4131,993.05865,998.48663,0.739,0.575,1.211,0.515,-0.247,-0.767,-0.291,img_457.jpg
140066,1280,720,637.1179,341.4131,993.05865,998.48663,0.710,0.582,1.146,0.523,-0.229,-0.773,-0.278,img_458.jpg
140153,1280,720,637.1179,341.4131,993.05865,998.48663,0.688,0.583,1.100,0.528,-0.220,-0.777,-0.263,img_459.jpg
140231,1280,720,637.1179,341.4131,993.05865,998.48663,0.655,0.581,1.035,0.535,-0.205,-0.785,-0.236,img_460.jpg
140322,1280,720,637.1179,341.4131,993.05865,998.48663,0.620,0.577,0.957,0.544,-0.185,-0.789,-0.215,img_461.jpg
140406,1280,720,637.1179,341.4131,993.05865,998.48663,0.601,0.582,0.916,0.551,-0.174,-0.790,-0.204,img_462.jpg
140485,1280,720,637.1179,341.4131,993.05865,998.48663,0.563,0.586,0.844,0.533,-0.167,-0.801,-0.214,img_463.jpg
140571,1280,720,637.1179,341.4131,993.05865,998.48663,0.536,0.589,0.800,0.513,-0.171,-0.812,-0.221,img_464.jpg
140653,1280,720,637.1179,341.4131,993.05865,998.48663,0.514,0.596,0.770,0.532,-0.164,-0.801,-0.218,img_465.jpg
140732,1280,720,637.1179,341.4131,993.05865,998.48663,0.476,0.603,0.726,0.541,-0.169,-0.795,-0.217,img_466.jpg
140816,1280,720,637.1179,341.4131,993.05865,998.48663,0.455,0.602,0.704,0.542,-0.151,-0.800,-0.208,img_467.jpg
140902,1280,720,637.1179,341.4131,993.05865,998.48663,0.418,0.596,0.678,0.547,-0.145,-0.801,-0.192,img_468.jpg
140980,1280,720,637.1179,341.4131,993.05865,998.48663,0.389,0.591,0.653,0.539,-0.142,-0.809,-0.188,img_469.jpg
141061,1280,720,637.1179,341.4131,993.05865,998.48663,0.349,0.581,0.623,0.537,-0.147,-0.808,-0.192,img_470.jpg
141153,1280,720,637.1179,341.4131,993.05865,998.48663,0.146,0.523,0.773,0.531,-0.167,-0.807,-0.200,img_471.jpg
141254,1280,720,637.1179,341.4131,993.05865,998.48663,0.109,0.522,0.747,0.518,-0.180,-0.805,-0.226,img_472.jpg
141332,1280,720,637.1179,341.4131,993.05865,998.48663,0.086,0.521,0.729,0.511,-0.186,-0.804,-0.238,img_473.jpg
141415,1280,720,637.1179,341.4131,993.05865,998.48663,0.062,0.519,0.713,0.505,-0.191,-0.804,-0.248,img_474.jpg
141503,1280,720,637.1179,341.4131,993.05865,998.48663,0.035,0.517,0.693,0.499,-0.197,-0.802,-0.263,img_475.jpg
