time,sizeX,sizeY,p_x,p_y,f_x,f_y,pos_X,pos_Y,pos_Z,q_x,q_y,q_z,q_w,imgID,img_x,img_y,img_z,img_qx,img_qy,img_qz,img_qw
43247,1280,720,631.94293,353.39117,986.8637,986.74805,0.342,-0.208,-0.229,0.003,-0.002,0.003,1.000,img_1.jpg
43355,1280,720,631.94293,353.39117,986.8637,986.74805,0.343,-0.209,-0.230,0.004,-0.003,0.003,1.000,img_2.jpg
43458,1280,720,631.94293,353.39117,986.8637,986.74805,0.343,-0.210,-0.231,0.004,-0.004,0.003,1.000,img_3.jpg
43553,1280,720,631.94293,353.39117,986.8637,986.74805,0.343,-0.211,-0.233,0.004,-0.005,0.004,1.000,img_4.jpg
43640,1280,720,631.94293,353.39117,986.8637,986.74805,0.344,-0.212,-0.234,0.004,-0.004,0.004,1.000,img_5.jpg
43735,1280,720,631.94293,353.39117,986.8637,986.74805,0.346,-0.213,-0.236,0.005,-0.004,0.005,1.000,img_6.jpg,earth,0.16598023,0.16598023,0.359,-0.145,-0.171,0.504,-0.347,0.230,0.757
43835,1280,720,631.94293,353.39117,986.8637,986.74805,0.348,-0.215,-0.238,0.005,-0.004,0.005,1.000,img_7.jpg
43911,1280,720,631.94293,353.39117,986.8637,986.74805,0.351,-0.219,-0.242,0.008,-0.004,0.007,1.000,img_8.jpg
44001,1280,720,631.94293,353.39117,986.8637,986.74805,0.354,-0.220,-0.245,0.010,-0.003,0.008,1.000,img_9.jpg
44082,1280,720,631.94293,353.39117,986.8637,986.74805,0.358,-0.223,-0.250,0.011,-0.002,0.010,1.000,img_10.jpg
44170,1280,720,631.94293,353.39117,986.8637,986.74805,0.363,-0.226,-0.254,0.012,-0.001,0.012,1.000,img_11.jpg
44252,1280,720,631.94293,353.39117,986.8637,986.74805,0.367,-0.229,-0.258,0.012,-0.001,0.013,1.000,img_12.jpg,earth,0.1676563,0.1676563,0.361,-0.145,-0.172,0.502,-0.347,0.230,0.758
44327,1280,720,631.94293,353.39117,986.8637,986.74805,0.372,-0.232,-0.262,0.013,0.000,0.015,1.000,img_13.jpg
44412,1280,720,631.94293,353.39117,986.8637,986.74805,0.381,-0.236,-0.269,0.012,0.001,0.019,1.000,img_14.jpg
44502,1280,720,631.94293,353.39117,986.8637,986.74805,0.391,-0.240,-0.278,0.011,0.001,0.021,1.000,img_15.jpg
44585,1280,720,631.94293,353.39117,986.8637,986.74805,0.398,-0.242,-0.285,0.012,0.002,0.023,1.000,img_16.jpg
44657,1280,720,631.94293,353.39117,986.8637,986.74805,0.406,-0.246,-0.290,0.014,0.005,0.024,1.000,img_17.jpg
44736,1280,720,631.94293,353.39117,986.8637,986.74805,0.418,-0.251,-0.299,0.015,0.010,0.027,0.999,img_18.jpg,earth,0.16813524,0.16813524,0.362,-0.145,-0.172,0.504,-0.343,0.222,0.761
44836,1280,720,631.94293,353.39117,986.8637,986.74805,0.432,-0.257,-0.312,0.021,0.014,0.030,0.999,img_19.jpg
44920,1280,720,631.94293,353.39117,986.8637,986.74805,0.439,-0.262,-0.321,0.024,0.016,0.031,0.999,img_20.jpg
45030,1280,720,631.94293,353.39117,986.8637,986.74805,0.450,-0.266,-0.333,0.026,0.015,0.034,0.999,img_21.jpg
45104,1280,720,631.94293,353.39117,986.8637,986.74805,0.460,-0.268,-0.347,0.029,0.017,0.036,0.999,img_22.jpg
45203,1280,720,631.94293,353.39117,986.8637,986.74805,0.473,-0.267,-0.362,0.028,0.022,0.037,0.999,img_23.jpg
45287,1280,720,631.94293,353.39117,986.8637,986.74805,0.482,-0.268,-0.373,0.028,0.030,0.039,0.998,img_24.jpg,earth,0.1675038,0.1675038,0.361,-0.144,-0.170,0.522,-0.353,0.259,0.733
45360,1280,720,631.94293,353.39117,986.8637,986.74805,0.493,-0.269,-0.383,0.032,0.046,0.042,0.998,img_25.jpg
45441,1280,720,631.94293,353.39117,986.8637,986.74805,0.510,-0.271,-0.396,0.022,0.064,0.048,0.997,img_26.jpg
45521,1280,720,631.94293,353.39117,986.8637,986.74805,0.521,-0.272,-0.407,0.019,0.075,0.051,0.996,img_27.jpg
45599,1280,720,631.94293,353.39117,986.8637,986.74805,0.536,-0.271,-0.422,0.020,0.101,0.046,0.994,img_28.jpg
45687,1280,720,631.94293,353.39117,986.8637,986.74805,0.542,-0.273,-0.433,0.010,0.095,0.048,0.994,img_29.jpg
45771,1280,720,631.94293,353.39117,986.8637,986.74805,0.550,-0.273,-0.445,0.024,0.123,0.039,0.991,img_30.jpg
45857,1280,720,631.94293,353.39117,986.8637,986.74805,0.565,-0.273,-0.467,0.013,0.106,0.048,0.993,img_31.jpg
45947,1280,720,631.94293,353.39117,986.8637,986.74805,0.572,-0.273,-0.485,0.025,0.133,0.043,0.990,img_32.jpg,earth,0.16573234,0.16573234,0.359,-0.140,-0.169,0.486,-0.364,0.246,0.755
46038,1280,720,631.94293,353.39117,986.8637,986.74805,0.579,-0.272,-0.499,0.025,0.137,0.040,0.990,img_33.jpg
46121,1280,720,631.94293,353.39117,986.8637,986.74805,0.590,-0.274,-0.506,0.033,0.179,0.034,0.983,img_34.jpg
46221,1280,720,631.94293,353.39117,986.8637,986.74805,0.607,-0.275,-0.510,0.036,0.236,0.022,0.971,img_35.jpg
46299,1280,720,631.94293,353.39117,986.8637,986.74805,0.628,-0.278,-0.515,0.053,0.289,0.006,0.956,img_36.jpg
46387,1280,720,631.94293,353.39117,986.8637,986.74805,0.640,-0.278,-0.519,0.068,0.300,-0.003,0.952,img_37.jpg
46462,1280,720,631.94293,353.39117,986.8637,986.74805,0.650,-0.277,-0.519,0.068,0.296,-0.014,0.953,img_38.jpg
46542,1280,720,631.94293,353.39117,986.8637,986.74805,0.670,-0.281,-0.518,0.075,0.319,-0.012,0.945,img_39.jpg
46623,1280,720,631.94293,353.39117,986.8637,986.74805,0.680,-0.283,-0.516,0.083,0.344,-0.020,0.935,img_40.jpg
46707,1280,720,631.94293,353.39117,986.8637,986.74805,0.703,-0.296,-0.529,0.091,0.385,-0.018,0.918,img_41.jpg,earth,0.16573232,0.16573232,0.360,-0.137,-0.167,0.485,-0.363,0.245,0.757
46806,1280,720,631.94293,353.39117,986.8637,986.74805,0.715,-0.295,-0.518,0.084,0.406,-0.017,0.910,img_42.jpg
46889,1280,720,631.94293,353.39117,986.8637,986.74805,0.714,-0.302,-0.507,0.083,0.417,-0.020,0.905,img_43.jpg
46973,1280,720,631.94293,353.39117,986.8637,986.74805,0.719,-0.300,-0.485,0.080,0.439,-0.021,0.895,img_44.jpg
47056,1280,720,631.94293,353.39117,986.8637,986.74805,0.729,-0.298,-0.469,0.083,0.458,-0.018,0.885,img_45.jpg
47139,1280,720,631.94293,353.39117,986.8637,986.74805,0.747,-0.293,-0.442,0.080,0.497,-0.025,0.864,img_46.jpg
47222,1280,720,631.94293,353.39117,986.8637,986.74805,0.749,-0.296,-0.418,0.082,0.520,-0.035,0.849,img_47.jpg
47305,1280,720,631.94293,353.39117,986.8637,986.74805,0.777,-0.294,-0.397,0.083,0.554,-0.034,0.828,img_48.jpg
47389,1280,720,631.94293,353.39117,986.8637,986.74805,0.795,-0.295,-0.383,0.084,0.573,-0.029,0.815,img_49.jpg
47470,1280,720,631.94293,353.39117,986.8637,986.74805,0.832,-0.294,-0.377,0.080,0.600,-0.024,0.795,img_50.jpg
47556,1280,720,631.94293,353.39117,986.8637,986.74805,0.850,-0.294,-0.369,0.080,0.612,-0.022,0.786,img_51.jpg
47627,1280,720,631.94293,353.39117,986.8637,986.74805,0.868,-0.292,-0.360,0.079,0.622,-0.022,0.779,img_52.jpg
47706,1280,720,631.94293,353.39117,986.8637,986.74805,0.899,-0.288,-0.349,0.074,0.637,-0.022,0.767,img_53.jpg
47807,1280,720,631.94293,353.39117,986.8637,986.74805,0.936,-0.284,-0.338,0.072,0.651,-0.018,0.756,img_54.jpg
47889,1280,720,631.94293,353.39117,986.8637,986.74805,0.961,-0.283,-0.335,0.073,0.661,-0.014,0.747,img_55.jpg
47959,1280,720,631.94293,353.39117,986.8637,986.74805,0.985,-0.286,-0.332,0.077,0.671,-0.011,0.737,img_56.jpg
48044,1280,720,631.94293,353.39117,986.8637,986.74805,1.021,-0.287,-0.328,0.079,0.687,-0.010,0.722,img_57.jpg
48125,1280,720,631.94293,353.39117,986.8637,986.74805,1.050,-0.286,-0.323,0.080,0.697,-0.008,0.713,img_58.jpg
48201,1280,720,631.94293,353.39117,986.8637,986.74805,1.093,-0.282,-0.319,0.079,0.712,-0.012,0.698,img_59.jpg
48290,1280,720,631.94293,353.39117,986.8637,986.74805,1.123,-0.279,-0.319,0.078,0.722,-0.010,0.687,img_60.jpg
48357,1280,720,631.94293,353.39117,986.8637,986.74805,1.153,-0.280,-0.324,0.079,0.732,-0.008,0.676,img_61.jpg
48445,1280,720,631.94293,353.39117,986.8637,986.74805,1.194,-0.281,-0.334,0.081,0.747,-0.004,0.660,img_62.jpg
48524,1280,720,631.94293,353.39117,986.8637,986.74805,1.216,-0.283,-0.344,0.085,0.756,-0.003,0.649,img_63.jpg
48602,1280,720,631.94293,353.39117,986.8637,986.74805,1.251,-0.284,-0.361,0.083,0.771,-0.002,0.632,img_64.jpg
48690,1280,720,631.94293,353.39117,986.8637,986.74805,1.268,-0.286,-0.378,0.084,0.780,-0.003,0.620,img_65.jpg
48776,1280,720,631.94293,353.39117,986.8637,986.74805,1.286,-0.294,-0.409,0.088,0.794,-0.006,0.602,img_66.jpg
48858,1280,720,631.94293,353.39117,986.8637,986.74805,1.291,-0.301,-0.433,0.091,0.803,-0.005,0.589,img_67.jpg
48936,1280,720,631.94293,353.39117,986.8637,986.74805,1.292,-0.314,-0.470,0.095,0.814,-0.009,0.573,img_68.jpg
49025,1280,720,631.94293,353.39117,986.8637,986.74805,1.291,-0.321,-0.496,0.096,0.821,-0.011,0.563,img_69.jpg
49105,1280,720,631.94293,353.39117,986.8637,986.74805,1.274,-0.327,-0.531,0.090,0.830,-0.022,0.550,img_70.jpg
49191,1280,720,631.94293,353.39117,986.8637,986.74805,1.259,-0.329,-0.554,0.089,0.836,-0.024,0.541,img_71.jpg
49271,1280,720,631.94293,353.39117,986.8637,986.74805,1.235,-0.330,-0.589,0.088,0.845,-0.012,0.527,img_72.jpg
49359,1280,720,631.94293,353.39117,986.8637,986.74805,1.219,-0.331,-0.613,0.090,0.854,-0.001,0.512,img_73.jpg
49433,1280,720,631.94293,353.39117,986.8637,986.74805,1.194,-0.330,-0.644,0.097,0.868,0.011,0.487,img_74.jpg
49525,1280,720,631.94293,353.39117,986.8637,986.74805,1.183,-0.330,-0.660,0.097,0.880,0.009,0.465,img_75.jpg
49605,1280,720,631.94293,353.39117,986.8637,986.74805,1.171,-0.332,-0.677,0.097,0.896,0.006,0.434,img_76.jpg
49691,1280,720,631.94293,353.39117,986.8637,986.74805,1.168,-0.334,-0.683,0.093,0.907,-0.005,0.410,img_77.jpg
49767,1280,720,631.94293,353.39117,986.8637,986.74805,1.168,-0.337,-0.689,0.093,0.922,-0.022,0.375,img_78.jpg
49860,1280,720,631.94293,353.39117,986.8637,986.74805,1.171,-0.337,-0.692,0.091,0.930,-0.029,0.355,img_79.jpg
49931,1280,720,631.94293,353.39117,986.8637,986.74805,1.176,-0.336,-0.703,0.088,0.943,-0.036,0.318,img_80.jpg
50009,1280,720,631.94293,353.39117,986.8637,986.74805,1.177,-0.336,-0.712,0.087,0.950,-0.038,0.299,img_81.jpg
50082,1280,720,631.94293,353.39117,986.8637,986.74805,1.180,-0.334,-0.722,0.088,0.953,-0.037,0.288,img_82.jpg
50177,1280,720,631.94293,353.39117,986.8637,986.74805,1.198,-0.329,-0.739,0.087,0.953,-0.024,0.289,img_83.jpg
50254,1280,720,631.94293,353.39117,986.8637,986.74805,1.219,-0.323,-0.755,0.088,0.952,-0.013,0.294,img_84.jpg
50345,1280,720,631.94293,353.39117,986.8637,986.74805,1.266,-0.314,-0.785,0.085,0.950,-0.001,0.301,img_85.jpg
50445,1280,720,631.94293,353.39117,986.8637,986.74805,1.315,-0.305,-0.816,0.101,0.940,0.020,0.325,img_86.jpg
50527,1280,720,631.94293,353.39117,986.8637,986.74805,1.346,-0.300,-0.839,0.097,0.940,0.028,0.327,img_87.jpg
50595,1280,720,631.94293,353.39117,986.8637,986.74805,1.366,-0.298,-0.863,0.098,0.941,0.030,0.322,img_88.jpg
50673,1280,720,631.94293,353.39117,986.8637,986.74805,1.382,-0.299,-0.904,0.095,0.948,0.035,0.301,img_89.jpg
50761,1280,720,631.94293,353.39117,986.8637,986.74805,1.382,-0.308,-0.942,0.099,0.953,0.032,0.284,img_90.jpg
50845,1280,720,631.94293,353.39117,986.8637,986.74805,1.378,-0.313,-0.965,0.099,0.956,0.031,0.273,img_91.jpg
50927,1280,720,631.94293,353.39117,986.8637,986.74805,1.366,-0.319,-0.999,0.096,0.962,0.031,0.255,img_92.jpg
51011,1280,720,631.94293,353.39117,986.8637,986.74805,1.354,-0.324,-1.022,0.099,0.964,0.029,0.246,img_93.jpg
51094,1280,720,631.94293,353.39117,986.8637,986.74805,1.334,-0.327,-1.061,0.100,0.967,0.034,0.233,img_94.jpg
51178,1280,720,631.94293,353.39117,986.8637,986.74805,1.322,-0.331,-1.086,0.103,0.968,0.032,0.226,img_95.jpg
51251,1280,720,631.94293,353.39117,986.8637,986.74805,1.311,-0.337,-1.110,0.107,0.969,0.029,0.222,img_96.jpg
51345,1280,720,631.94293,353.39117,986.8637,986.74805,1.296,-0.344,-1.147,0.112,0.970,0.027,0.216,img_97.jpg
51422,1280,720,631.94293,353.39117,986.8637,986.74805,1.285,-0.348,-1.172,0.114,0.970,0.024,0.212,img_98.jpg
51504,1280,720,631.94293,353.39117,986.8637,986.74805,1.268,-0.353,-1.209,0.118,0.972,0.021,0.204,img_99.jpg
51595,1280,720,631.94293,353.39117,986.8637,986.74805,1.248,-0.359,-1.246,0.122,0.973,0.014,0.196,img_100.jpg
51678,1280,720,631.94293,353.39117,986.8637,986.74805,1.233,-0.362,-1.268,0.125,0.974,0.009,0.190,img_101.jpg
51757,1280,720,631.94293,353.39117,986.8637,986.74805,1.218,-0.367,-1.289,0.130,0.974,0.001,0.183,img_102.jpg
51836,1280,720,631.94293,353.39117,986.8637,986.74805,1.200,-0.369,-1.314,0.131,0.976,-0.008,0.174,img_103.jpg
51912,1280,720,631.94293,353.39117,986.8637,986.74805,1.190,-0.369,-1.322,0.126,0.979,-0.019,0.160,img_104.jpg
51995,1280,720,631.94293,353.39117,986.8637,986.74805,1.183,-0.366,-1.321,0.116,0.983,-0.029,0.141,img_105.jpg
52078,1280,720,631.94293,353.39117,986.8637,986.74805,1.178,-0.365,-1.320,0.113,0.984,-0.029,0.131,img_106.jpg
52152,1280,720,631.94293,353.39117,986.8637,986.74805,1.172,-0.367,-1.320,0.115,0.986,-0.032,0.116,img_107.jpg
52247,1280,720,631.94293,353.39117,986.8637,986.74805,1.165,-0.370,-1.325,0.117,0.988,-0.041,0.090,img_108.jpg
52323,1280,720,631.94293,353.39117,986.8637,986.74805,1.164,-0.373,-1.335,0.118,0.990,-0.043,0.070,img_109.jpg
52402,1280,720,631.94293,353.39117,986.8637,986.74805,1.167,-0.370,-1.352,0.118,0.991,-0.050,0.041,img_110.jpg
52496,1280,720,631.94293,353.39117,986.8637,986.74805,1.175,-0.366,-1.371,0.127,0.990,-0.051,0.029,img_111.jpg
52578,1280,720,631.94293,353.39117,986.8637,986.74805,1.182,-0.363,-1.384,0.126,0.991,-0.052,0.017,img_112.jpg
52649,1280,720,631.94293,353.39117,986.8637,986.74805,1.190,-0.360,-1.397,0.136,0.989,-0.052,0.012,img_113.jpg
52729,1280,720,631.94293,353.39117,986.8637,986.74805,1.210,-0.353,-1.415,0.127,0.990,-0.057,-0.013,img_114.jpg
52813,1280,720,631.94293,353.39117,986.8637,986.74805,1.228,-0.347,-1.425,0.124,0.990,-0.060,-0.026,img_115.jpg
52884,1280,720,631.94293,353.39117,986.8637,986.74805,1.247,-0.343,-1.436,0.130,0.989,-0.064,-0.038,img_116.jpg,titlePage,0.17306603,0.2472372,-1.030,-0.022,1.498,0.195,0.670,-0.689,0.195
52979,1280,720,631.94293,353.39117,986.8637,986.74805,1.281,-0.331,-1.450,0.132,0.987,-0.066,-0.058,img_117.jpg
53051,1280,720,631.94293,353.39117,986.8637,986.74805,1.302,-0.323,-1.460,0.126,0.987,-0.068,-0.074,img_118.jpg
53129,1280,720,631.94293,353.39117,986.8637,986.74805,1.332,-0.315,-1.470,0.117,0.985,-0.075,-0.099,img_119.jpg
53214,1280,720,631.94293,353.39117,986.8637,986.74805,1.347,-0.313,-1.474,0.111,0.984,-0.080,-0.112,img_120.jpg
53286,1280,720,631.94293,353.39117,986.8637,986.74805,1.358,-0.310,-1.478,0.108,0.983,-0.084,-0.122,img_121.jpg
53364,1280,720,631.94293,353.39117,986.8637,986.74805,1.369,-0.308,-1.482,0.098,0.982,-0.085,-0.135,img_122.jpg
53447,1280,720,631.94293,353.39117,986.8637,986.74805,1.374,-0.307,-1.484,0.092,0.982,-0.083,-0.141,img_123.jpg
53519,1280,720,631.94293,353.39117,986.8637,986.74805,1.378,-0.306,-1.486,0.086,0.983,-0.084,-0.142,img_124.jpg,titlePage,0.18622094,0.26602992,-1.034,-0.026,1.504,0.182,0.674,-0.692,0.186
53631,1280,720,631.94293,353.39117,986.8637,986.74805,1.383,-0.303,-1.480,0.088,0.981,-0.098,-0.141,img_125.jpg
53714,1280,720,631.94293,353.39117,986.8637,986.74805,1.386,-0.301,-1.477,0.095,0.980,-0.103,-0.139,img_126.jpg
53814,1280,720,631.94293,353.39117,986.8637,986.74805,1.389,-0.297,-1.469,0.090,0.979,-0.113,-0.143,img_127.jpg
53888,1280,720,631.94293,353.39117,986.8637,986.74805,1.388,-0.295,-1.463,0.091,0.979,-0.116,-0.143,img_128.jpg
53965,1280,720,631.94293,353.39117,986.8637,986.74805,1.383,-0.292,-1.449,0.090,0.978,-0.118,-0.145,img_129.jpg
54065,1280,720,631.94293,353.39117,986.8637,986.74805,1.380,-0.289,-1.436,0.091,0.978,-0.114,-0.147,img_130.jpg
54168,1280,720,631.94293,353.39117,986.8637,986.74805,1.377,-0.288,-1.423,0.088,0.978,-0.112,-0.153,img_131.jpg,titlePage,0.18290725,0.2612961,-1.030,-0.024,1.500,0.196,0.668,-0.691,0.195
54265,1280,720,631.94293,353.39117,986.8637,986.74805,1.375,-0.288,-1.411,0.084,0.977,-0.114,-0.158,img_132.jpg
54350,1280,720,631.94293,353.39117,986.8637,986.74805,1.375,-0.288,-1.403,0.084,0.976,-0.116,-0.162,img_133.jpg
54434,1280,720,631.94293,353.39117,986.8637,986.74805,1.376,-0.288,-1.394,0.083,0.975,-0.120,-0.165,img_134.jpg
54515,1280,720,631.94293,353.39117,986.8637,986.74805,1.377,-0.288,-1.389,0.083,0.975,-0.123,-0.168,img_135.jpg
54615,1280,720,631.94293,353.39117,986.8637,986.74805,1.378,-0.288,-1.381,0.092,0.973,-0.130,-0.168,img_136.jpg
54707,1280,720,631.94293,353.39117,986.8637,986.74805,1.381,-0.288,-1.370,0.103,0.969,-0.151,-0.166,img_137.jpg,titlePage,0.179879,0.25697,-1.028,-0.022,1.495,0.200,0.670,-0.688,0.196
54820,1280,720,631.94293,353.39117,986.8637,986.74805,1.382,-0.287,-1.365,0.111,0.967,-0.155,-0.168,img_138.jpg
54906,1280,720,631.94293,353.39117,986.8637,986.74805,1.383,-0.284,-1.362,0.109,0.966,-0.156,-0.172,img_139.jpg
54998,1280,720,631.94293,353.39117,986.8637,986.74805,1.382,-0.280,-1.358,0.107,0.965,-0.163,-0.176,img_140.jpg
55083,1280,720,631.94293,353.39117,986.8637,986.74805,1.382,-0.279,-1.355,0.109,0.963,-0.167,-0.179,img_141.jpg
55169,1280,720,631.94293,353.39117,986.8637,986.74805,1.383,-0.272,-1.354,0.107,0.962,-0.166,-0.187,img_142.jpg
55267,1280,720,631.94293,353.39117,986.8637,986.74805,1.384,-0.266,-1.358,0.104,0.962,-0.162,-0.195,img_143.jpg,titlePage,0.17843029,0.25490043,-1.027,-0.022,1.493,0.199,0.668,-0.689,0.200
55368,1280,720,631.94293,353.39117,986.8637,986.74805,1.382,-0.260,-1.362,0.101,0.961,-0.157,-0.203,img_144.jpg
55450,1280,720,631.94293,353.39117,986.8637,986.74805,1.380,-0.259,-1.366,0.097,0.961,-0.155,-0.208,img_145.jpg
55527,1280,720,631.94293,353.39117,986.8637,986.74805,1.373,-0.259,-1.369,0.096,0.961,-0.154,-0.209,img_146.jpg
55618,1280,720,631.94293,353.39117,986.8637,986.74805,1.369,-0.261,-1.370,0.094,0.961,-0.155,-0.210,img_147.jpg
55700,1280,720,631.94293,353.39117,986.8637,986.74805,1.364,-0.263,-1.370,0.098,0.962,-0.152,-0.203,img_148.jpg
55783,1280,720,631.94293,353.39117,986.8637,986.74805,1.361,-0.263,-1.370,0.100,0.964,-0.147,-0.197,img_149.jpg
55867,1280,720,631.94293,353.39117,986.8637,986.74805,1.358,-0.264,-1.369,0.100,0.967,-0.138,-0.191,img_150.jpg
55953,1280,720,631.94293,353.39117,986.8637,986.74805,1.356,-0.266,-1.369,0.104,0.968,-0.133,-0.185,img_151.jpg,titlePage,0.17999615,0.25713736,-1.028,-0.023,1.495,0.198,0.669,-0.689,0.197
56042,1280,720,631.94293,353.39117,986.8637,986.74805,1.353,-0.271,-1.367,0.115,0.970,-0.128,-0.175,img_152.jpg
56134,1280,720,631.94293,353.39117,986.8637,986.74805,1.348,-0.274,-1.369,0.122,0.970,-0.123,-0.170,img_153.jpg
56234,1280,720,631.94293,353.39117,986.8637,986.74805,1.342,-0.276,-1.373,0.127,0.969,-0.122,-0.171,img_154.jpg
56317,1280,720,631.94293,353.39117,986.8637,986.74805,1.338,-0.277,-1.379,0.129,0.969,-0.120,-0.172,img_155.jpg
56405,1280,720,631.94293,353.39117,986.8637,986.74805,1.334,-0.279,-1.389,0.129,0.969,-0.120,-0.174,img_156.jpg
56484,1280,720,631.94293,353.39117,986.8637,986.74805,1.333,-0.280,-1.398,0.131,0.969,-0.119,-0.174,img_157.jpg,titlePage,0.17880379,0.25543398,-1.027,-0.022,1.495,0.199,0.669,-0.689,0.197
56567,1280,720,631.94293,353.39117,986.8637,986.74805,1.334,-0.280,-1.413,0.135,0.969,-0.115,-0.172,img_158.jpg
56651,1280,720,631.94293,353.39117,986.8637,986.74805,1.333,-0.281,-1.425,0.140,0.969,-0.113,-0.171,img_159.jpg
56735,1280,720,631.94293,353.39117,986.8637,986.74805,1.327,-0.279,-1.447,0.146,0.969,-0.110,-0.168,img_160.jpg
56818,1280,720,631.94293,353.39117,986.8637,986.74805,1.319,-0.275,-1.465,0.148,0.969,-0.105,-0.167,img_161.jpg
56890,1280,720,631.94293,353.39117,986.8637,986.74805,1.310,-0.270,-1.483,0.150,0.970,-0.104,-0.163,img_162.jpg
56972,1280,720,631.94293,353.39117,986.8637,986.74805,1.296,-0.263,-1.508,0.147,0.972,-0.100,-0.151,img_163.jpg
57051,1280,720,631.94293,353.39117,986.8637,986.74805,1.285,-0.262,-1.527,0.132,0.974,-0.098,-0.154,img_164.jpg
57128,1280,720,631.94293,353.39117,986.8637,986.74805,1.260,-0.265,-1.552,0.119,0.974,-0.099,-0.165,img_165.jpg
57219,1280,720,631.94293,353.39117,986.8637,986.74805,1.240,-0.272,-1.569,0.123,0.972,-0.102,-0.173,img_166.jpg
57295,1280,720,631.94293,353.39117,986.8637,986.74805,1.216,-0.285,-1.589,0.122,0.968,-0.115,-0.187,img_167.jpg
57405,1280,720,631.94293,353.39117,986.8637,986.74805,1.197,-0.299,-1.605,0.127,0.963,-0.124,-0.202,img_168.jpg
57505,1280,720,631.94293,353.39117,986.8637,986.74805,1.179,-0.313,-1.617,0.133,0.957,-0.128,-0.222,img_169.jpg
57587,1280,720,631.94293,353.39117,986.8637,986.74805,1.167,-0.317,-1.628,0.135,0.955,-0.125,-0.232,img_170.jpg
57674,1280,720,631.94293,353.39117,986.8637,986.74805,1.144,-0.307,-1.656,0.112,0.952,-0.128,-0.254,img_171.jpg
57772,1280,720,631.94293,353.39117,986.8637,986.74805,1.112,-0.293,-1.686,0.128,0.950,-0.139,-0.248,img_172.jpg
57853,1280,720,631.94293,353.39117,986.8637,986.74805,1.091,-0.296,-1.700,0.151,0.949,-0.153,-0.231,img_173.jpg
57931,1280,720,631.94293,353.39117,986.8637,986.74805,1.069,-0.308,-1.716,0.183,0.948,-0.161,-0.207,img_174.jpg
58020,1280,720,631.94293,353.39117,986.8637,986.74805,1.059,-0.327,-1.724,0.187,0.949,-0.161,-0.196,img_175.jpg
58103,1280,720,631.94293,353.39117,986.8637,986.74805,1.039,-0.369,-1.729,0.224,0.946,-0.145,-0.184,img_176.jpg
58187,1280,720,631.94293,353.39117,986.8637,986.74805,1.029,-0.406,-1.730,0.230,0.946,-0.131,-0.187,img_177.jpg
58270,1280,720,631.94293,353.39117,986.8637,986.74805,1.012,-0.476,-1.726,0.235,0.943,-0.122,-0.199,img_178.jpg
58353,1280,720,631.94293,353.39117,986.8637,986.74805,0.995,-0.555,-1.727,0.215,0.944,-0.120,-0.220,img_179.jpg
58438,1280,720,631.94293,353.39117,986.8637,986.74805,0.981,-0.607,-1.726,0.201,0.943,-0.122,-0.235,img_180.jpg
58520,1280,720,631.94293,353.39117,986.8637,986.74805,0.968,-0.655,-1.723,0.187,0.942,-0.126,-0.250,img_181.jpg
58600,1280,720,631.94293,353.39117,986.8637,986.74805,0.945,-0.714,-1.717,0.159,0.937,-0.131,-0.283,img_182.jpg
58687,1280,720,631.94293,353.39117,986.8637,986.74805,0.927,-0.741,-1.716,0.147,0.932,-0.126,-0.306,img_183.jpg
58763,1280,720,631.94293,353.39117,986.8637,986.74805,0.899,-0.775,-1.712,0.139,0.923,-0.140,-0.331,img_184.jpg
58855,1280,720,631.94293,353.39117,986.8637,986.74805,0.881,-0.798,-1.709,0.133,0.915,-0.155,-0.347,img_185.jpg
58943,1280,720,631.94293,353.39117,986.8637,986.74805,0.862,-0.821,-1.712,0.128,0.907,-0.173,-0.363,img_186.jpg
59038,1280,720,631.94293,353.39117,986.8637,986.74805,0.851,-0.830,-1.726,-0.122,-0.900,0.178,0.378,img_187.jpg
59121,1280,720,631.94293,353.39117,986.8637,986.74805,0.845,-0.838,-1.748,-0.121,-0.895,0.187,0.386,img_188.jpg
59221,1280,720,631.94293,353.39117,986.8637,986.74805,0.845,-0.844,-1.776,-0.119,-0.888,0.197,0.397,img_189.jpg
59305,1280,720,631.94293,353.39117,986.8637,986.74805,0.846,-0.849,-1.800,-0.120,-0.883,0.204,0.406,img_190.jpg
59394,1280,720,631.94293,353.39117,986.8637,986.74805,0.853,-0.856,-1.836,-0.124,-0.874,0.214,0.419,img_191.jpg
59471,1280,720,631.94293,353.39117,986.8637,986.74805,0.862,-0.865,-1.863,-0.118,-0.867,0.220,0.432,img_192.jpg
59556,1280,720,631.94293,353.39117,986.8637,986.74805,0.877,-0.875,-1.904,-0.118,-0.860,0.224,0.443,img_193.jpg
59639,1280,720,631.94293,353.39117,986.8637,986.74805,0.886,-0.882,-1.929,-0.121,-0.852,0.227,0.456,img_194.jpg
59712,1280,720,631.94293,353.39117,986.8637,986.74805,0.895,-0.888,-1.951,-0.121,-0.841,0.234,0.472,img_195.jpg
59805,1280,720,631.94293,353.39117,986.8637,986.74805,0.905,-0.893,-1.983,-0.115,-0.823,0.239,0.502,img_196.jpg
59888,1280,720,631.94293,353.39117,986.8637,986.74805,0.907,-0.897,-2.001,-0.111,-0.808,0.247,0.523,img_197.jpg
59972,1280,720,631.94293,353.39117,986.8637,986.74805,0.906,-0.908,-2.020,-0.113,-0.786,0.265,0.547,img_198.jpg
60073,1280,720,631.94293,353.39117,986.8637,986.74805,0.904,-0.919,-2.034,-0.112,-0.765,0.286,0.566,img_199.jpg
60155,1280,720,631.94293,353.39117,986.8637,986.74805,0.900,-0.924,-2.037,-0.114,-0.752,0.298,0.576,img_200.jpg
60239,1280,720,631.94293,353.39117,986.8637,986.74805,0.894,-0.928,-2.042,-0.112,-0.736,0.308,0.592,img_201.jpg
60323,1280,720,631.94293,353.39117,986.8637,986.74805,0.891,-0.930,-2.043,-0.108,-0.731,0.315,0.596,img_202.jpg
60426,1280,720,631.94293,353.39117,986.8637,986.74805,0.894,-0.930,-2.044,-0.105,-0.735,0.309,0.594,img_203.jpg
60523,1280,720,631.94293,353.39117,986.8637,986.74805,0.894,-0.930,-2.046,-0.112,-0.740,0.297,0.593,img_204.jpg
60603,1280,720,631.94293,353.39117,986.8637,986.74805,0.890,-0.920,-2.052,-0.114,-0.745,0.250,0.608,img_205.jpg
60690,1280,720,631.94293,353.39117,986.8637,986.74805,0.884,-0.911,-2.054,-0.116,-0.748,0.210,0.619,img_206.jpg
60769,1280,720,631.94293,353.39117,986.8637,986.74805,0.876,-0.894,-2.056,-0.113,-0.747,0.166,0.634,img_207.jpg
60859,1280,720,631.94293,353.39117,986.8637,986.74805,0.871,-0.884,-2.058,-0.113,-0.749,0.139,0.638,img_208.jpg
60940,1280,720,631.94293,353.39117,986.8637,986.74805,0.866,-0.869,-2.059,-0.110,-0.754,0.104,0.640,img_209.jpg
61042,1280,720,631.94293,353.39117,986.8637,986.74805,0.860,-0.854,-2.059,-0.111,-0.757,0.074,0.640,img_210.jpg
61141,1280,720,631.94293,353.39117,986.8637,986.74805,0.851,-0.836,-2.060,-0.103,-0.755,0.044,0.646,img_211.jpg
61241,1280,720,631.94293,353.39117,986.8637,986.74805,0.841,-0.818,-2.063,-0.090,-0.749,0.018,0.656,img_212.jpg
61320,1280,720,631.94293,353.39117,986.8637,986.74805,0.832,-0.803,-2.067,-0.080,-0.742,-0.006,0.666,img_213.jpg
61407,1280,720,631.94293,353.39117,986.8637,986.74805,0.825,-0.785,-2.078,-0.071,-0.730,-0.025,0.680,img_214.jpg
61489,1280,720,631.94293,353.39117,986.8637,986.74805,0.822,-0.770,-2.099,-0.063,-0.714,-0.042,0.696,img_215.jpg
61573,1280,720,631.94293,353.39117,986.8637,986.74805,0.820,-0.759,-2.114,-0.064,-0.698,-0.055,0.711,img_216.jpg
61655,1280,720,631.94293,353.39117,986.8637,986.74805,0.816,-0.742,-2.137,-0.071,-0.663,-0.070,0.742,img_217.jpg
61742,1280,720,631.94293,353.39117,986.8637,986.74805,0.813,-0.734,-2.155,-0.069,-0.630,-0.082,0.769,img_218.jpg
61829,1280,720,631.94293,353.39117,986.8637,986.74805,0.811,-0.725,-2.176,-0.065,-0.576,-0.092,0.810,img_219.jpg
61925,1280,720,631.94293,353.39117,986.8637,986.74805,0.809,-0.718,-2.187,-0.070,-0.515,-0.102,0.848,img_220.jpg
62008,1280,720,631.94293,353.39117,986.8637,986.74805,0.806,-0.716,-2.193,-0.077,-0.476,-0.109,0.869,img_221.jpg
62090,1280,720,631.94293,353.39117,986.8637,986.74805,0.808,-0.719,-2.191,-0.083,-0.417,-0.111,0.898,img_222.jpg
62175,1280,720,631.94293,353.39117,986.8637,986.74805,0.806,-0.716,-2.194,-0.089,-0.382,-0.112,0.913,img_223.jpg
62261,1280,720,631.94293,353.39117,986.8637,986.74805,0.801,-0.713,-2.190,-0.092,-0.336,-0.115,0.930,img_224.jpg
62360,1280,720,631.94293,353.39117,986.8637,986.74805,0.793,-0.714,-2.184,-0.097,-0.293,-0.114,0.944,img_225.jpg
62460,1280,720,631.94293,353.39117,986.8637,986.74805,0.780,-0.711,-2.174,-0.099,-0.250,-0.117,0.956,img_226.jpg
62543,1280,720,631.94293,353.39117,986.8637,986.74805,0.767,-0.707,-2.165,-0.103,-0.222,-0.119,0.962,img_227.jpg
62643,1280,720,631.94293,353.39117,986.8637,986.74805,0.742,-0.697,-2.150,-0.107,-0.183,-0.123,0.969,img_228.jpg
62731,1280,720,631.94293,353.39117,986.8637,986.74805,0.717,-0.693,-2.129,-0.112,-0.155,-0.112,0.975,img_229.jpg
62826,1280,720,631.94293,353.39117,986.8637,986.74805,0.689,-0.690,-2.106,-0.117,-0.137,-0.103,0.978,img_230.jpg
62926,1280,720,631.94293,353.39117,986.8637,986.74805,0.659,-0.691,-2.075,-0.120,-0.114,-0.100,0.981,img_231.jpg
63010,1280,720,631.94293,353.39117,986.8637,986.74805,0.643,-0.692,-2.051,-0.123,-0.094,-0.090,0.984,img_232.jpg
63110,1280,720,631.94293,353.39117,986.8637,986.74805,0.623,-0.696,-2.013,-0.124,-0.059,-0.076,0.988,img_233.jpg
63192,1280,720,631.94293,353.39117,986.8637,986.74805,0.608,-0.701,-1.981,-0.113,-0.021,-0.063,0.991,img_234.jpg
63275,1280,720,631.94293,353.39117,986.8637,986.74805,0.601,-0.704,-1.960,-0.104,0.006,-0.058,0.993,img_235.jpg
63357,1280,720,631.94293,353.39117,986.8637,986.74805,0.591,-0.706,-1.929,-0.091,0.052,-0.053,0.993,img_236.jpg
63443,1280,720,631.94293,353.39117,986.8637,986.74805,0.585,-0.708,-1.910,-0.086,0.084,-0.050,0.992,img_237.jpg
63528,1280,720,631.94293,353.39117,986.8637,986.74805,0.574,-0.710,-1.889,-0.075,0.124,-0.047,0.988,img_238.jpg
63610,1280,720,631.94293,353.39117,986.8637,986.74805,0.564,-0.712,-1.877,-0.067,0.149,-0.045,0.986,img_239.jpg
63694,1280,720,631.94293,353.39117,986.8637,986.74805,0.550,-0.716,-1.861,-0.052,0.190,-0.041,0.979,img_240.jpg
63776,1280,720,631.94293,353.39117,986.8637,986.74805,0.543,-0.720,-1.851,-0.045,0.220,-0.040,0.974,img_241.jpg
63852,1280,720,631.94293,353.39117,986.8637,986.74805,0.537,-0.729,-1.843,-0.036,0.247,-0.033,0.968,img_242.jpg
63936,1280,720,631.94293,353.39117,986.8637,986.74805,0.528,-0.738,-1.835,-0.024,0.285,-0.027,0.958,img_243.jpg
64028,1280,720,631.94293,353.39117,986.8637,986.74805,0.522,-0.741,-1.823,-0.017,0.318,-0.024,0.948,img_244.jpg
64111,1280,720,631.94293,353.39117,986.8637,986.74805,0.520,-0.744,-1.813,-0.013,0.339,-0.024,0.940,img_245.jpg
64211,1280,720,631.94293,353.39117,986.8637,986.74805,0.511,-0.744,-1.795,-0.006,0.357,-0.030,0.933,img_246.jpg
64288,1280,720,631.94293,353.39117,986.8637,986.74805,0.503,-0.744,-1.774,-0.001,0.366,-0.029,0.930,img_247.jpg
64376,1280,720,631.94293,353.39117,986.8637,986.74805,0.497,-0.741,-1.757,-0.002,0.367,-0.022,0.930,img_248.jpg
64478,1280,720,631.94293,353.39117,986.8637,986.74805,0.489,-0.737,-1.726,0.000,0.370,-0.023,0.929,img_249.jpg
64561,1280,720,631.94293,353.39117,986.8637,986.74805,0.482,-0.732,-1.689,0.001,0.372,-0.015,0.928,img_250.jpg
64646,1280,720,631.94293,353.39117,986.8637,986.74805,0.479,-0.730,-1.660,0.002,0.373,-0.015,0.928,img_251.jpg
64732,1280,720,631.94293,353.39117,986.8637,986.74805,0.477,-0.728,-1.616,0.003,0.372,-0.007,0.928,img_252.jpg
64829,1280,720,631.94293,353.39117,986.8637,986.74805,0.472,-0.728,-1.567,0.002,0.364,0.001,0.932,img_253.jpg
64913,1280,720,631.94293,353.39117,986.8637,986.74805,0.469,-0.728,-1.534,-0.001,0.359,0.002,0.933,img_254.jpg
65002,1280,720,631.94293,353.39117,986.8637,986.74805,0.464,-0.725,-1.487,-0.004,0.352,0.005,0.936,img_255.jpg
65096,1280,720,631.94293,353.39117,986.8637,986.74805,0.461,-0.717,-1.445,-0.008,0.348,0.000,0.937,img_256.jpg
65196,1280,720,631.94293,353.39117,986.8637,986.74805,0.457,-0.710,-1.408,-0.011,0.348,0.003,0.938,img_257.jpg
65280,1280,720,631.94293,353.39117,986.8637,986.74805,0.453,-0.704,-1.378,-0.009,0.352,-0.002,0.936,img_258.jpg
65378,1280,720,631.94293,353.39117,986.8637,986.74805,0.446,-0.692,-1.329,-0.005,0.359,-0.002,0.933,img_259.jpg
65458,1280,720,631.94293,353.39117,986.8637,986.74805,0.433,-0.675,-1.269,-0.012,0.366,-0.006,0.931,img_260.jpg
65548,1280,720,631.94293,353.39117,986.8637,986.74805,0.420,-0.663,-1.225,-0.018,0.371,-0.006,0.928,img_261.jpg
65647,1280,720,631.94293,353.39117,986.8637,986.74805,0.401,-0.644,-1.154,-0.033,0.379,-0.003,0.925,img_262.jpg
65734,1280,720,631.94293,353.39117,986.8637,986.74805,0.376,-0.628,-1.080,-0.056,0.382,-0.008,0.922,img_263.jpg
65831,1280,720,631.94293,353.39117,986.8637,986.74805,0.357,-0.616,-1.018,-0.080,0.386,-0.010,0.919,img_264.jpg
65914,1280,720,631.94293,353.39117,986.8637,986.74805,0.345,-0.605,-0.977,-0.098,0.387,-0.006,0.917,img_265.jpg
66002,1280,720,631.94293,353.39117,986.8637,986.74805,0.328,-0.587,-0.916,-0.116,0.388,-0.024,0.914,img_266.jpg
66098,1280,720,631.94293,353.39117,986.8637,986.74805,0.320,-0.575,-0.870,-0.119,0.393,-0.019,0.912,img_267.jpg
66198,1280,720,631.94293,353.39117,986.8637,986.74805,0.313,-0.569,-0.823,-0.114,0.393,-0.014,0.912,img_268.jpg
66281,1280,720,631.94293,353.39117,986.8637,986.74805,0.310,-0.568,-0.791,-0.104,0.391,-0.013,0.914,img_269.jpg
66379,1280,720,631.94293,353.39117,986.8637,986.74805,0.310,-0.564,-0.727,-0.090,0.388,-0.013,0.917,img_270.jpg
66462,1280,720,631.94293,353.39117,986.8637,986.74805,0.311,-0.556,-0.651,-0.088,0.383,-0.025,0.919,img_271.jpg
66569,1280,720,631.94293,353.39117,986.8637,986.74805,0.308,-0.551,-0.569,-0.096,0.374,-0.055,0.921,img_272.jpg
66666,1280,720,631.94293,353.39117,986.8637,986.74805,0.305,-0.544,-0.499,-0.116,0.355,-0.078,0.924,img_273.jpg
66756,1280,720,631.94293,353.39117,986.8637,986.74805,0.304,-0.524,-0.443,-0.146,0.332,-0.083,0.928,img_274.jpg
66849,1280,720,631.94293,353.39117,986.8637,986.74805,0.305,-0.506,-0.411,-0.160,0.305,-0.083,0.935,img_275.jpg
66934,1280,720,631.94293,353.39117,986.8637,986.74805,0.304,-0.499,-0.397,-0.162,0.283,-0.078,0.942,img_276.jpg
67032,1280,720,631.94293,353.39117,986.8637,986.74805,0.303,-0.489,-0.393,-0.154,0.260,-0.079,0.950,img_277.jpg
67123,1280,720,631.94293,353.39117,986.8637,986.74805,0.299,-0.471,-0.394,-0.135,0.238,-0.078,0.959,img_278.jpg
67216,1280,720,631.94293,353.39117,986.8637,986.74805,0.294,-0.452,-0.389,-0.125,0.217,-0.084,0.964,img_279.jpg
67298,1280,720,631.94293,353.39117,986.8637,986.74805,0.288,-0.415,-0.374,-0.098,0.188,-0.089,0.973,img_280.jpg,earth,0.16398375,0.16398375,0.367,-0.135,-0.126,0.502,-0.353,0.218,0.759
67382,1280,720,631.94293,353.39117,986.8637,986.74805,0.284,-0.363,-0.355,-0.065,0.158,-0.077,0.982,img_281.jpg
67483,1280,720,631.94293,353.39117,986.8637,986.74805,0.282,-0.306,-0.338,-0.032,0.132,-0.074,0.988,img_282.jpg
67581,1280,720,631.94293,353.39117,986.8637,986.74805,0.289,-0.278,-0.337,-0.013,0.117,-0.051,0.992,img_283.jpg
67661,1280,720,631.94293,353.39117,986.8637,986.74805,0.302,-0.244,-0.344,0.012,0.100,-0.037,0.994,img_284.jpg
67749,1280,720,631.94293,353.39117,986.8637,986.74805,0.333,-0.218,-0.364,0.028,0.084,0.006,0.996,img_285.jpg
67849,1280,720,631.94293,353.39117,986.8637,986.74805,0.361,-0.213,-0.379,0.043,0.077,0.025,0.996,img_286.jpg
67934,1280,720,631.94293,353.39117,986.8637,986.74805,0.410,-0.215,-0.405,0.053,0.072,0.028,0.996,img_287.jpg
68033,1280,720,631.94293,353.39117,986.8637,986.74805,0.442,-0.226,-0.410,0.046,0.071,0.043,0.995,img_288.jpg,earth,0.17213163,0.17213163,0.372,-0.149,-0.138,0.520,-0.353,0.232,0.742
68109,1280,720,631.94293,353.39117,986.8637,986.74805,0.459,-0.232,-0.412,0.043,0.080,0.057,0.994,img_289.jpg
68198,1280,720,631.94293,353.39117,986.8637,986.74805,0.466,-0.237,-0.411,0.046,0.080,0.064,0.994,img_290.jpg
68274,1280,720,631.94293,353.39117,986.8637,986.74805,0.461,-0.238,-0.406,0.047,0.069,0.074,0.994,img_291.jpg
68349,1280,720,631.94293,353.39117,986.8637,986.74805,0.450,-0.235,-0.393,0.047,0.067,0.075,0.994,img_292.jpg
68431,1280,720,631.94293,353.39117,986.8637,986.74805,0.429,-0.228,-0.366,0.048,0.066,0.074,0.994,img_293.jpg
68517,1280,720,631.94293,353.39117,986.8637,986.74805,0.413,-0.223,-0.341,0.058,0.071,0.069,0.993,img_294.jpg,earth,0.17213163,0.17213163,0.379,-0.153,-0.144,0.501,-0.344,0.203,0.768
68600,1280,720,631.94293,353.39117,986.8637,986.74805,0.405,-0.223,-0.326,0.060,0.073,0.067,0.993,img_295.jpg
68699,1280,720,631.94293,353.39117,986.8637,986.74805,0.390,-0.223,-0.308,0.065,0.069,0.052,0.994,img_296.jpg
68783,1280,720,631.94293,353.39117,986.8637,986.74805,0.374,-0.218,-0.297,0.061,0.046,0.035,0.996,img_297.jpg
68868,1280,720,631.94293,353.39117,986.8637,986.74805,0.365,-0.214,-0.287,0.046,0.030,0.033,0.998,img_298.jpg
68952,1280,720,631.94293,353.39117,986.8637,986.74805,0.357,-0.211,-0.279,0.040,0.031,0.014,0.999,img_299.jpg
69051,1280,720,631.94293,353.39117,986.8637,986.74805,0.340,-0.206,-0.269,0.034,-0.011,0.025,0.999,img_300.jpg,earth,0.16936934,0.16936934,0.372,-0.153,-0.140,0.506,-0.348,0.218,0.758
69137,1280,720,631.94293,353.39117,986.8637,986.74805,0.330,-0.204,-0.267,0.048,0.001,0.002,0.999,img_301.jpg
69222,1280,720,631.94293,353.39117,986.8637,986.74805,0.320,-0.201,-0.264,0.043,-0.012,-0.001,0.999,img_302.jpg
69318,1280,720,631.94293,353.39117,986.8637,986.74805,0.315,-0.196,-0.263,0.042,-0.018,0.001,0.999,img_303.jpg
69418,1280,720,631.94293,353.39117,986.8637,986.74805,0.311,-0.186,-0.258,0.021,-0.006,-0.006,1.000,img_304.jpg
69501,1280,720,631.94293,353.39117,986.8637,986.74805,0.309,-0.182,-0.256,0.018,0.003,-0.008,1.000,img_305.jpg
69586,1280,720,631.94293,353.39117,986.8637,986.74805,0.310,-0.182,-0.258,0.017,0.006,-0.001,1.000,img_306.jpg,earth,0.16639842,0.16639842,0.368,-0.150,-0.137,0.500,-0.354,0.227,0.757
69668,1280,720,631.94293,353.39117,986.8637,986.74805,0.310,-0.187,-0.259,0.024,0.009,0.000,1.000,img_307.jpg
69766,1280,720,631.94293,353.39117,986.8637,986.74805,0.312,-0.191,-0.261,0.031,0.010,0.000,0.999,img_308.jpg
69846,1280,720,631.94293,353.39117,986.8637,986.74805,0.313,-0.193,-0.260,0.030,0.009,0.001,0.999,img_309.jpg
69933,1280,720,631.94293,353.39117,986.8637,986.74805,0.316,-0.192,-0.259,0.027,0.009,0.000,1.000,img_310.jpg
70035,1280,720,631.94293,353.39117,986.8637,986.74805,0.318,-0.191,-0.259,0.026,0.011,-0.001,1.000,img_311.jpg
70115,1280,720,631.94293,353.39117,986.8637,986.74805,0.318,-0.192,-0.260,0.027,0.012,0.000,1.000,img_312.jpg
70209,1280,720,631.94293,353.39117,986.8637,986.74805,0.319,-0.194,-0.261,0.029,0.013,0.002,1.000,img_313.jpg
70302,1280,720,631.94293,353.39117,986.8637,986.74805,0.320,-0.195,-0.262,0.031,0.013,0.003,0.999,img_314.jpg,earth,0.1667682,0.1667682,0.370,-0.152,-0.139,0.496,-0.349,0.213,0.766
70394,1280,720,631.94293,353.39117,986.8637,986.74805,0.320,-0.196,-0.263,0.031,0.012,0.004,0.999,img_315.jpg
70504,1280,720,631.94293,353.39117,986.8637,986.74805,0.321,-0.197,-0.263,0.033,0.012,0.005,0.999,img_316.jpg
70599,1280,720,631.94293,353.39117,986.8637,986.74805,0.321,-0.198,-0.263,0.034,0.013,0.007,0.999,img_317.jpg
