time,sizeX,sizeY,p_x,p_y,f_x,f_y,pos_X,pos_Y,pos_Z,q_x,q_y,q_z,q_w,marker_ID,marker_x,marker_y,marker_z,marker_qx,marker_qy,marker_qz,marker_qw,marker_ID,marker_x,marker_y,marker_z,marker_qx,marker_qy,marker_qz,marker_qw,marker_ID,marker_x,marker_y,marker_z,marker_qx,marker_qy,marker_qz,marker_qw,
17235,1280,720,631.94293,353.39117,986.8637,986.74805,-0.140,0.332,0.646,0.136164,-0.007725,-0.002504,-0.990653,img_1.jpg
17332,1280,720,631.94293,353.39117,986.8637,986.74805,-0.139,0.332,0.646,0.136464,-0.006949,-0.001402,-0.990620,img_2.jpg
17413,1280,720,631.94293,353.39117,986.8637,986.74805,-0.138,0.333,0.647,0.135770,-0.006090,-0.000709,-0.990721,img_3.jpg,aruco_1.jpg,0.18022166,0.18022166,-0.134,0.246,0.270,-0.707175,-0.009803,0.015229,0.015229
17504,1280,720,631.94293,353.39117,986.8637,986.74805,-0.138,0.335,0.648,0.134661,-0.005347,-0.000634,-0.990877,img_4.jpg
17589,1280,720,631.94293,353.39117,986.8637,986.74805,-0.137,0.339,0.649,0.132713,-0.004860,-0.000193,-0.991143,img_5.jpg
17679,1280,720,631.94293,353.39117,986.8637,986.74805,-0.136,0.346,0.651,0.128677,-0.004210,-0.000788,-0.991677,img_6.jpg
17764,1280,720,631.94293,353.39117,986.8637,986.74805,-0.136,0.358,0.653,0.123664,-0.004383,-0.001758,-0.992313,img_7.jpg
17848,1280,720,631.94293,353.39117,986.8637,986.74805,-0.135,0.368,0.655,0.119099,-0.004759,-0.001539,-0.992870,img_8.jpg
17936,1280,720,631.94293,353.39117,986.8637,986.74805,-0.135,0.379,0.657,0.114483,-0.006462,-0.001494,-0.993403,img_9.jpg
18012,1280,720,631.94293,353.39117,986.8637,986.74805,-0.135,0.398,0.662,0.110330,-0.009202,-0.002199,-0.993850,img_10.jpg
18102,1280,720,631.94293,353.39117,986.8637,986.74805,-0.135,0.422,0.667,0.104712,-0.011593,-0.004560,-0.994425,img_11.jpg
18198,1280,720,631.94293,353.39117,986.8637,986.74805,-0.135,0.453,0.672,0.092592,-0.013150,-0.005859,-0.995600,img_12.jpg
18280,1280,720,631.94293,353.39117,986.8637,986.74805,-0.135,0.478,0.677,0.082550,-0.015657,-0.005862,-0.996447,img_13.jpg
18365,1280,720,631.94293,353.39117,986.8637,986.74805,-0.134,0.517,0.688,0.070563,-0.022761,-0.005492,-0.997233,img_14.jpg,aruco_1.jpg,0.17923895,0.17923895,-0.134,0.246,0.271,-0.704278,-0.003555,0.006275,0.006275
18446,1280,720,631.94293,353.39117,986.8637,986.74805,-0.133,0.542,0.694,0.064364,-0.024262,-0.007107,-0.997606,img_15.jpg
18526,1280,720,631.94293,353.39117,986.8637,986.74805,-0.132,0.567,0.702,0.054108,-0.023889,-0.008617,-0.998212,img_16.jpg
18613,1280,720,631.94293,353.39117,986.8637,986.74805,-0.132,0.607,0.717,0.033453,-0.025825,-0.010805,-0.999048,img_17.jpg
18688,1280,720,631.94293,353.39117,986.8637,986.74805,-0.132,0.636,0.725,0.018364,-0.024580,-0.011037,-0.999468,img_18.jpg
18773,1280,720,631.94293,353.39117,986.8637,986.74805,-0.127,0.680,0.736,-0.002763,-0.027210,-0.007039,-0.999601,img_19.jpg
18864,1280,720,631.94293,353.39117,986.8637,986.74805,-0.127,0.723,0.747,-0.024306,-0.028092,-0.009475,-0.999265,img_20.jpg
18964,1280,720,631.94293,353.39117,986.8637,986.74805,-0.124,0.764,0.756,-0.043645,-0.030712,-0.008816,-0.998536,img_21.jpg
19046,1280,720,631.94293,353.39117,986.8637,986.74805,-0.121,0.789,0.762,-0.053585,-0.031543,-0.007144,-0.998039,img_22.jpg
19127,1280,720,631.94293,353.39117,986.8637,986.74805,-0.118,0.812,0.766,-0.065197,-0.029181,-0.007489,-0.997418,img_23.jpg
19214,1280,720,631.94293,353.39117,986.8637,986.74805,-0.113,0.850,0.777,-0.082964,-0.024399,-0.008879,-0.996214,img_24.jpg
19297,1280,720,631.94293,353.39117,986.8637,986.74805,-0.106,0.887,0.786,-0.093610,-0.018073,-0.012998,-0.995360,img_25.jpg
19382,1280,720,631.94293,353.39117,986.8637,986.74805,-0.098,0.910,0.796,-0.101005,-0.017960,-0.011287,-0.994660,img_26.jpg
19463,1280,720,631.94293,353.39117,986.8637,986.74805,-0.091,0.933,0.802,-0.111307,-0.015921,-0.009379,-0.993614,img_27.jpg
19547,1280,720,631.94293,353.39117,986.8637,986.74805,-0.081,0.966,0.812,-0.130050,-0.011299,-0.010416,-0.991388,img_28.jpg
19647,1280,720,631.94293,353.39117,986.8637,986.74805,-0.070,0.998,0.828,-0.152600,-0.002781,-0.013141,-0.988197,img_29.jpg
19728,1280,720,631.94293,353.39117,986.8637,986.74805,-0.062,1.019,0.837,-0.163238,0.005408,-0.014502,-0.986465,img_30.jpg
19812,1280,720,631.94293,353.39117,986.8637,986.74805,-0.049,1.044,0.846,-0.166972,0.032029,-0.020730,-0.985223,img_31.jpg
19898,1280,720,631.94293,353.39117,986.8637,986.74805,-0.039,1.065,0.857,-0.183972,0.057975,-0.029564,-0.980775,img_32.jpg
19981,1280,720,631.94293,353.39117,986.8637,986.74805,-0.034,1.081,0.863,-0.195674,0.073470,-0.036866,-0.977218,img_33.jpg
20064,1280,720,631.94293,353.39117,986.8637,986.74805,-0.028,1.103,0.875,-0.208754,0.098327,-0.047615,-0.971847,img_34.jpg
20147,1280,720,631.94293,353.39117,986.8637,986.74805,-0.026,1.116,0.885,-0.222566,0.116298,-0.054861,-0.966400,img_35.jpg
20224,1280,720,631.94293,353.39117,986.8637,986.74805,-0.021,1.132,0.899,-0.237159,0.133755,-0.057932,-0.960474,img_36.jpg
20306,1280,720,631.94293,353.39117,986.8637,986.74805,-0.019,1.149,0.916,-0.255952,0.163784,-0.064098,-0.950555,img_37.jpg
20399,1280,720,631.94293,353.39117,986.8637,986.74805,-0.020,1.164,0.936,-0.266519,0.193811,-0.071891,-0.941402,img_38.jpg
20481,1280,720,631.94293,353.39117,986.8637,986.74805,-0.021,1.166,0.947,-0.262994,0.225164,-0.072833,-0.935324,img_39.jpg
20564,1280,720,631.94293,353.39117,986.8637,986.74805,-0.018,1.169,0.970,-0.253756,0.280610,-0.070884,-0.922953,img_40.jpg
20647,1280,720,631.94293,353.39117,986.8637,986.74805,-0.015,1.172,0.983,-0.243456,0.311542,-0.070453,-0.915810,img_41.jpg
20732,1280,720,631.94293,353.39117,986.8637,986.74805,-0.013,1.178,1.008,-0.242323,0.351938,-0.076756,-0.900848,img_42.jpg
20816,1280,720,631.94293,353.39117,986.8637,986.74805,-0.012,1.179,1.025,-0.244415,0.373402,-0.083853,-0.890955,img_43.jpg
20898,1280,720,631.94293,353.39117,986.8637,986.74805,-0.011,1.182,1.047,-0.242613,0.407043,-0.095000,-0.875460,img_44.jpg
20981,1280,720,631.94293,353.39117,986.8637,986.74805,-0.008,1.182,1.059,-0.237372,0.427062,-0.100086,-0.866750,img_45.jpg
21061,1280,720,631.94293,353.39117,986.8637,986.74805,0.000,1.175,1.079,-0.220436,0.457883,-0.102844,-0.855087,img_46.jpg
21149,1280,720,631.94293,353.39117,986.8637,986.74805,0.007,1.173,1.091,-0.208863,0.477517,-0.102184,-0.847297,img_47.jpg
21229,1280,720,631.94293,353.39117,986.8637,986.74805,0.025,1.172,1.109,-0.197257,0.496929,-0.095887,-0.839617,img_48.jpg
21316,1280,720,631.94293,353.39117,986.8637,986.74805,0.047,1.179,1.109,-0.184349,0.507004,-0.090549,-0.837116,img_49.jpg
21401,1280,720,631.94293,353.39117,986.8637,986.74805,0.070,1.176,1.124,-0.164155,0.521439,-0.080613,-0.833461,img_50.jpg
21481,1280,720,631.94293,353.39117,986.8637,986.74805,0.087,1.171,1.141,-0.155669,0.531789,-0.074364,-0.829119,img_51.jpg
21581,1280,720,631.94293,353.39117,986.8637,986.74805,0.118,1.166,1.170,-0.138232,0.546801,-0.066184,-0.823116,img_52.jpg
21663,1280,720,631.94293,353.39117,986.8637,986.74805,0.149,1.158,1.199,-0.112379,0.559557,-0.056541,-0.819189,img_53.jpg
21748,1280,720,631.94293,353.39117,986.8637,986.74805,0.168,1.151,1.222,-0.094734,0.567579,-0.050338,-0.816300,img_54.jpg
21833,1280,720,631.94293,353.39117,986.8637,986.74805,0.193,1.139,1.251,-0.071334,0.576400,-0.039692,-0.813080,img_55.jpg
21918,1280,720,631.94293,353.39117,986.8637,986.74805,0.202,1.136,1.266,-0.058334,0.585016,-0.033405,-0.808232,img_56.jpg
21998,1280,720,631.94293,353.39117,986.8637,986.74805,0.217,1.130,1.289,-0.044372,0.591192,-0.025593,-0.804903,img_57.jpg
22084,1280,720,631.94293,353.39117,986.8637,986.74805,0.235,1.119,1.319,-0.026871,0.601396,-0.014890,-0.798360,img_58.jpg
22172,1280,720,631.94293,353.39117,986.8637,986.74805,0.254,1.112,1.344,-0.007830,0.612803,-0.007993,-0.790156,img_59.jpg
22265,1280,720,631.94293,353.39117,986.8637,986.74805,0.268,1.108,1.364,0.005228,0.627412,-0.001510,-0.778669,img_60.jpg
22349,1280,720,631.94293,353.39117,986.8637,986.74805,0.283,1.109,1.377,0.013467,0.637968,0.003366,-0.769938,img_61.jpg
22429,1280,720,631.94293,353.39117,986.8637,986.74805,0.295,1.104,1.392,0.023427,0.656494,0.013227,-0.753851,img_62.jpg
22516,1280,720,631.94293,353.39117,986.8637,986.74805,0.308,1.102,1.405,0.026027,0.665362,0.019771,-0.745805,img_63.jpg
22594,1280,720,631.94293,353.39117,986.8637,986.74805,0.336,1.095,1.416,0.031230,0.679484,0.023459,-0.732650,img_64.jpg
22682,1280,720,631.94293,353.39117,986.8637,986.74805,0.360,1.087,1.422,0.034930,0.689895,0.024552,-0.722650,img_65.jpg
22761,1280,720,631.94293,353.39117,986.8637,986.74805,0.389,1.081,1.423,0.037921,0.705233,0.024948,-0.707521,img_66.jpg
22849,1280,720,631.94293,353.39117,986.8637,986.74805,0.416,1.075,1.422,0.038825,0.714985,0.023401,-0.697669,img_67.jpg
22934,1280,720,631.94293,353.39117,986.8637,986.74805,0.461,1.065,1.420,0.038766,0.727320,0.020268,-0.684903,img_68.jpg
23017,1280,720,631.94293,353.39117,986.8637,986.74805,0.493,1.062,1.418,0.040227,0.730541,0.018732,-0.681425,img_69.jpg
23102,1280,720,631.94293,353.39117,986.8637,986.74805,0.540,1.055,1.412,0.038695,0.734208,0.019863,-0.677530,img_70.jpg
23200,1280,720,631.94293,353.39117,986.8637,986.74805,0.587,1.049,1.410,0.037145,0.739507,0.021886,-0.671767,img_71.jpg
23284,1280,720,631.94293,353.39117,986.8637,986.74805,0.617,1.047,1.409,0.037383,0.741212,0.024790,-0.669771,img_72.jpg
23368,1280,720,631.94293,353.39117,986.8637,986.74805,0.660,1.042,1.413,0.038147,0.744507,0.029759,-0.665860,img_73.jpg
23466,1280,720,631.94293,353.39117,986.8637,986.74805,0.702,1.038,1.420,0.037611,0.746688,0.033152,-0.663282,img_74.jpg
23550,1280,720,631.94293,353.39117,986.8637,986.74805,0.730,1.034,1.429,0.037857,0.746215,0.034609,-0.663726,img_75.jpg
23636,1280,720,631.94293,353.39117,986.8637,986.74805,0.777,1.028,1.446,0.041362,0.746083,0.036350,-0.663572,img_76.jpg
23719,1280,720,631.94293,353.39117,986.8637,986.74805,0.803,1.026,1.461,0.040539,0.744698,0.034359,-0.665283,img_77.jpg
23803,1280,720,631.94293,353.39117,986.8637,986.74805,0.845,1.027,1.488,0.043138,0.740358,0.031317,-0.670095,img_78.jpg
23901,1280,720,631.94293,353.39117,986.8637,986.74805,0.887,1.034,1.517,0.048955,0.736652,0.030217,-0.673820,img_79.jpg
24001,1280,720,631.94293,353.39117,986.8637,986.74805,0.925,1.038,1.546,0.052864,0.731435,0.031009,-0.679152,img_80.jpg
24101,1280,720,631.94293,353.39117,986.8637,986.74805,0.957,1.042,1.573,0.053957,0.727607,0.029444,-0.683235,img_81.jpg
24201,1280,720,631.94293,353.39117,986.8637,986.74805,0.990,1.042,1.597,0.056338,0.723742,0.031303,-0.687054,img_82.jpg
24283,1280,720,631.94293,353.39117,986.8637,986.74805,1.009,1.043,1.610,0.056489,0.720125,0.031742,-0.690812,img_83.jpg
24370,1280,720,631.94293,353.39117,986.8637,986.74805,1.042,1.039,1.626,0.059212,0.714563,0.033914,-0.696235,img_84.jpg
24467,1280,720,631.94293,353.39117,986.8637,986.74805,1.072,1.036,1.638,0.060094,0.710064,0.037169,-0.700583,img_85.jpg
24549,1280,720,631.94293,353.39117,986.8637,986.74805,1.096,1.033,1.644,0.061951,0.706324,0.038560,-0.704118,img_86.jpg
24650,1280,720,631.94293,353.39117,986.8637,986.74805,1.135,1.028,1.650,0.064699,0.703126,0.037252,-0.707135,img_87.jpg
24735,1280,720,631.94293,353.39117,986.8637,986.74805,1.178,1.023,1.654,0.064344,0.702350,0.033070,-0.708146,img_88.jpg
24834,1280,720,631.94293,353.39117,986.8637,986.74805,1.225,1.020,1.657,0.060829,0.708133,0.023978,-0.703045,img_89.jpg
24918,1280,720,631.94293,353.39117,986.8637,986.74805,1.259,1.021,1.657,0.060728,0.710714,0.019359,-0.700587,img_90.jpg
24998,1280,720,631.94293,353.39117,986.8637,986.74805,1.309,1.023,1.653,0.064597,0.705752,0.022189,-0.705159,img_91.jpg
25083,1280,720,631.94293,353.39117,986.8637,986.74805,1.338,1.024,1.648,0.064097,0.701713,0.022495,-0.709214,img_92.jpg
25184,1280,720,631.94293,353.39117,986.8637,986.74805,1.382,1.027,1.640,0.060700,0.697159,0.019403,-0.714078,img_93.jpg
25265,1280,720,631.94293,353.39117,986.8637,986.74805,1.432,1.023,1.636,0.060059,0.692886,0.023643,-0.718153,img_94.jpg
25350,1280,720,631.94293,353.39117,986.8637,986.74805,1.465,1.020,1.632,0.062478,0.691008,0.026277,-0.719662,img_95.jpg
25433,1280,720,631.94293,353.39117,986.8637,986.74805,1.514,1.015,1.628,0.063295,0.690545,0.027450,-0.719992,img_96.jpg
25518,1280,720,631.94293,353.39117,986.8637,986.74805,1.564,1.011,1.625,0.061153,0.688243,0.029382,-0.722301,img_97.jpg
25603,1280,720,631.94293,353.39117,986.8637,986.74805,1.599,1.008,1.624,0.056147,0.688447,0.028691,-0.722540,img_98.jpg
25688,1280,720,631.94293,353.39117,986.8637,986.74805,1.654,1.009,1.621,0.050236,0.690818,0.024905,-0.720851,img_99.jpg
25784,1280,720,631.94293,353.39117,986.8637,986.74805,1.696,1.009,1.618,0.051387,0.688685,0.029561,-0.722633,img_100.jpg
25871,1280,720,631.94293,353.39117,986.8637,986.74805,1.743,1.014,1.612,0.046169,0.689447,0.022540,-0.722511,img_101.jpg
25967,1280,720,631.94293,353.39117,986.8637,986.74805,1.788,1.016,1.603,0.049158,0.685757,0.020407,-0.725882,img_102.jpg
26048,1280,720,631.94293,353.39117,986.8637,986.74805,1.816,1.016,1.597,0.052143,0.683691,0.023220,-0.727536,img_103.jpg
26134,1280,720,631.94293,353.39117,986.8637,986.74805,1.854,1.014,1.589,0.056887,0.682194,0.024336,-0.728549,img_104.jpg
26216,1280,720,631.94293,353.39117,986.8637,986.74805,1.879,1.011,1.585,0.059736,0.681222,0.025528,-0.729189,img_105.jpg
26297,1280,720,631.94293,353.39117,986.8637,986.74805,1.915,1.007,1.576,0.063254,0.680017,0.028194,-0.729918,img_106.jpg
26384,1280,720,631.94293,353.39117,986.8637,986.74805,1.948,1.007,1.565,0.063673,0.681672,0.028328,-0.728331,img_107.jpg
26484,1280,720,631.94293,353.39117,986.8637,986.74805,1.981,1.004,1.551,0.061873,0.683600,0.027244,-0.726719,img_108.jpg
26568,1280,720,631.94293,353.39117,986.8637,986.74805,2.005,1.002,1.540,0.060341,0.686116,0.026044,-0.724517,img_109.jpg
26668,1280,720,631.94293,353.39117,986.8637,986.74805,2.038,1.003,1.518,0.058854,0.689066,0.023808,-0.721913,img_110.jpg
26752,1280,720,631.94293,353.39117,986.8637,986.74805,2.064,1.005,1.504,0.061115,0.691080,0.022771,-0.719830,img_111.jpg
26834,1280,720,631.94293,353.39117,986.8637,986.74805,2.102,1.005,1.481,0.063410,0.697125,0.023998,-0.713736,img_112.jpg
26918,1280,720,631.94293,353.39117,986.8637,986.74805,2.123,1.004,1.469,0.061244,0.702352,0.025997,-0.708714,img_113.jpg
27004,1280,720,631.94293,353.39117,986.8637,986.74805,2.154,1.003,1.450,0.057829,0.710271,0.026453,-0.701050,img_114.jpg
27103,1280,720,631.94293,353.39117,986.8637,986.74805,2.183,1.001,1.433,0.058126,0.715269,0.029013,-0.695823,img_115.jpg
27202,1280,720,631.94293,353.39117,986.8637,986.74805,2.217,0.998,1.420,0.064303,0.717847,0.033547,-0.692413,img_116.jpg
27301,1280,720,631.94293,353.39117,986.8637,986.74805,2.247,0.994,1.413,0.065389,0.719616,0.035860,-0.690356,img_117.jpg
27401,1280,720,631.94293,353.39117,986.8637,986.74805,2.282,0.992,1.407,0.065147,0.718244,0.038406,-0.691669,img_118.jpg
27480,1280,720,631.94293,353.39117,986.8637,986.74805,2.305,0.989,1.406,0.065230,0.717464,0.041295,-0.692305,img_119.jpg
27568,1280,720,631.94293,353.39117,986.8637,986.74805,2.347,0.987,1.408,0.064831,0.718542,0.045094,-0.690985,img_120.jpg
27651,1280,720,631.94293,353.39117,986.8637,986.74805,2.375,0.986,1.411,0.062944,0.719796,0.044948,-0.689864,img_121.jpg
27752,1280,720,631.94293,353.39117,986.8637,986.74805,2.444,0.988,1.422,0.066600,0.723075,0.049555,-0.685764,img_122.jpg
27852,1280,720,631.94293,353.39117,986.8637,986.74805,2.475,0.990,1.427,0.066946,0.722554,0.048442,-0.686358,img_123.jpg
27936,1280,720,631.94293,353.39117,986.8637,986.74805,2.520,0.993,1.435,0.068679,0.720194,0.046867,-0.688773,img_124.jpg
28019,1280,720,631.94293,353.39117,986.8637,986.74805,2.549,0.995,1.440,0.068381,0.719490,0.045534,-0.689626,img_125.jpg
28101,1280,720,631.94293,353.39117,986.8637,986.74805,2.590,0.996,1.442,0.069581,0.717833,0.044836,-0.691277,img_126.jpg
28205,1280,720,631.94293,353.39117,986.8637,986.74805,2.626,0.995,1.441,0.072538,0.718210,0.046898,-0.690445,img_127.jpg
28304,1280,720,631.94293,353.39117,986.8637,986.74805,2.664,0.993,1.437,0.073481,0.719851,0.044904,-0.688766,img_128.jpg
28403,1280,720,631.94293,353.39117,986.8637,986.74805,2.702,0.989,1.429,0.072719,0.723844,0.044055,-0.684705,img_129.jpg
28491,1280,720,631.94293,353.39117,986.8637,986.74805,2.744,0.985,1.416,0.074344,0.727971,0.041989,-0.680271,img_130.jpg
28585,1280,720,631.94293,353.39117,986.8637,986.74805,2.768,0.983,1.402,0.073169,0.730213,0.038115,-0.678220,img_131.jpg
28669,1280,720,631.94293,353.39117,986.8637,986.74805,2.813,0.981,1.378,0.074954,0.733570,0.035777,-0.674520,img_132.jpg
28769,1280,720,631.94293,353.39117,986.8637,986.74805,2.859,0.979,1.357,0.073389,0.734361,0.037245,-0.673751,img_133.jpg
28848,1280,720,631.94293,353.39117,986.8637,986.74805,2.888,0.979,1.347,0.074754,0.737474,0.042269,-0.669894,img_134.jpg
28935,1280,720,631.94293,353.39117,986.8637,986.74805,2.929,0.977,1.334,0.071453,0.743604,0.042467,-0.663434,img_135.jpg
29025,1280,720,631.94293,353.39117,986.8637,986.74805,2.956,0.976,1.327,0.073410,0.743249,0.045297,-0.663430,img_136.jpg
29111,1280,720,631.94293,353.39117,986.8637,986.74805,2.999,0.972,1.318,0.076081,0.741836,0.044259,-0.664780,img_137.jpg
29203,1280,720,631.94293,353.39117,986.8637,986.74805,3.043,0.969,1.317,0.072762,0.738963,0.043928,-0.668363,img_138.jpg
29291,1280,720,631.94293,353.39117,986.8637,986.74805,3.091,0.967,1.321,0.070573,0.733526,0.044425,-0.674526,img_139.jpg
29387,1280,720,631.94293,353.39117,986.8637,986.74805,3.142,0.969,1.330,0.068034,0.729052,0.046681,-0.679467,img_140.jpg
29470,1280,720,631.94293,353.39117,986.8637,986.74805,3.182,0.971,1.338,0.071289,0.724293,0.050651,-0.683924,img_141.jpg
29557,1280,720,631.94293,353.39117,986.8637,986.74805,3.237,0.977,1.352,0.069402,0.716302,0.053759,-0.692247,img_142.jpg
29652,1280,720,631.94293,353.39117,986.8637,986.74805,3.291,0.982,1.363,0.071121,0.710269,0.049366,-0.698586,img_143.jpg
29736,1280,720,631.94293,353.39117,986.8637,986.74805,3.323,0.984,1.369,0.074208,0.704057,0.047296,-0.704671,img_144.jpg
29821,1280,720,631.94293,353.39117,986.8637,986.74805,3.373,0.985,1.374,0.079234,0.698230,0.049006,-0.709785,img_145.jpg
29904,1280,720,631.94293,353.39117,986.8637,986.74805,3.402,0.986,1.374,0.080813,0.691845,0.049910,-0.715771,img_146.jpg
29989,1280,720,631.94293,353.39117,986.8637,986.74805,3.452,0.984,1.372,0.082451,0.684650,0.049767,-0.722481,img_147.jpg
30087,1280,720,631.94293,353.39117,986.8637,986.74805,3.502,0.979,1.366,0.083011,0.672215,0.051706,-0.733868,img_148.jpg
30169,1280,720,631.94293,353.39117,986.8637,986.74805,3.537,0.976,1.363,0.082709,0.666525,0.050175,-0.739180,img_149.jpg
30252,1280,720,631.94293,353.39117,986.8637,986.74805,3.593,0.972,1.353,0.081338,0.660552,0.046727,-0.744897,img_150.jpg
30337,1280,720,631.94293,353.39117,986.8637,986.74805,3.632,0.971,1.345,0.085065,0.657436,0.043950,-0.747402,img_151.jpg
30420,1280,720,631.94293,353.39117,986.8637,986.74805,3.667,0.972,1.337,0.091352,0.653421,0.046616,-0.750015,img_152.jpg
30506,1280,720,631.94293,353.39117,986.8637,986.74805,3.716,0.973,1.325,0.096362,0.647460,0.050545,-0.754291,img_153.jpg
30590,1280,720,631.94293,353.39117,986.8637,986.74805,3.761,0.973,1.314,0.097445,0.642165,0.052900,-0.758505,img_154.jpg
30687,1280,720,631.94293,353.39117,986.8637,986.74805,3.804,0.971,1.303,0.104974,0.632168,0.057663,-0.765519,img_155.jpg
30770,1280,720,631.94293,353.39117,986.8637,986.74805,3.831,0.972,1.297,0.105133,0.625430,0.054754,-0.771224,img_156.jpg
30856,1280,720,631.94293,353.39117,986.8637,986.74805,3.870,0.972,1.288,0.107973,0.612747,0.056296,-0.780841,img_157.jpg
30953,1280,720,631.94293,353.39117,986.8637,986.74805,3.909,0.970,1.284,0.112472,0.596993,0.058044,-0.792200,img_158.jpg
31036,1280,720,631.94293,353.39117,986.8637,986.74805,3.933,0.969,1.284,0.111130,0.586249,0.057575,-0.800405,img_159.jpg
31118,1280,720,631.94293,353.39117,986.8637,986.74805,3.969,0.969,1.289,0.105591,0.572148,0.052896,-0.811603,img_160.jpg
31205,1280,720,631.94293,353.39117,986.8637,986.74805,3.992,0.971,1.297,0.109172,0.574397,0.050689,-0.809679,img_161.jpg
31287,1280,720,631.94293,353.39117,986.8637,986.74805,4.025,0.976,1.310,0.109747,0.571716,0.052787,-0.811363,img_162.jpg
31370,1280,720,631.94293,353.39117,986.8637,986.74805,4.051,0.980,1.316,0.111229,0.564648,0.051918,-0.816152,img_163.jpg
31470,1280,720,631.94293,353.39117,986.8637,986.74805,4.079,0.985,1.327,0.113140,0.549079,0.045745,-0.826813,img_164.jpg
31550,1280,720,631.94293,353.39117,986.8637,986.74805,4.118,0.989,1.334,0.113950,0.538740,0.041700,-0.833688,img_165.jpg
31637,1280,720,631.94293,353.39117,986.8637,986.74805,4.136,0.989,1.339,0.114325,0.532791,0.038347,-0.837612,img_166.jpg
31720,1280,720,631.94293,353.39117,986.8637,986.74805,4.160,0.986,1.340,0.120855,0.511214,0.035693,-0.850165,img_167.jpg
31821,1280,720,631.94293,353.39117,986.8637,986.74805,4.181,0.983,1.334,0.126256,0.489024,0.033463,-0.862436,img_168.jpg
31905,1280,720,631.94293,353.39117,986.8637,986.74805,4.194,0.980,1.327,0.128717,0.475838,0.034661,-0.869373,img_169.jpg
32004,1280,720,631.94293,353.39117,986.8637,986.74805,4.212,0.975,1.312,0.130951,0.460077,0.032954,-0.877551,img_170.jpg
32094,1280,720,631.94293,353.39117,986.8637,986.74805,4.233,0.969,1.292,0.132553,0.446206,0.030786,-0.884524,img_171.jpg
32188,1280,720,631.94293,353.39117,986.8637,986.74805,4.253,0.963,1.266,0.131272,0.430041,0.024230,-0.892886,img_172.jpg
32288,1280,720,631.94293,353.39117,986.8637,986.74805,4.280,0.957,1.235,0.131695,0.405056,0.017821,-0.904582,img_173.jpg
32387,1280,720,631.94293,353.39117,986.8637,986.74805,4.290,0.958,1.215,0.130379,0.381898,0.015399,-0.914832,img_174.jpg
32466,1280,720,631.94293,353.39117,986.8637,986.74805,4.311,0.955,1.184,0.135550,0.357449,0.016129,-0.923903,img_175.jpg
32554,1280,720,631.94293,353.39117,986.8637,986.74805,4.325,0.954,1.158,0.133012,0.335307,0.017820,-0.932502,img_176.jpg
32636,1280,720,631.94293,353.39117,986.8637,986.74805,4.337,0.952,1.140,0.134380,0.316365,0.020773,-0.938842,img_177.jpg
32721,1280,720,631.94293,353.39117,986.8637,986.74805,4.347,0.950,1.122,0.136900,0.294173,0.020989,-0.945664,img_178.jpg
32794,1280,720,631.94293,353.39117,986.8637,986.74805,4.361,0.950,1.097,0.134994,0.264432,0.018413,-0.954732,img_179.jpg
32890,1280,720,631.94293,353.39117,986.8637,986.74805,4.384,0.947,1.073,0.132390,0.232905,0.018733,-0.963264,img_180.jpg
32990,1280,720,631.94293,353.39117,986.8637,986.74805,4.411,0.945,1.050,0.128597,0.199998,0.017144,-0.971169,img_181.jpg
33088,1280,720,631.94293,353.39117,986.8637,986.74805,4.444,0.944,1.026,0.125575,0.168264,0.013880,-0.977612,img_182.jpg
33170,1280,720,631.94293,353.39117,986.8637,986.74805,4.465,0.944,1.017,0.120841,0.144030,0.010482,-0.982111,img_183.jpg
33258,1280,720,631.94293,353.39117,986.8637,986.74805,4.498,0.946,0.996,0.123620,0.114092,0.005257,-0.985735,img_184.jpg
33354,1280,720,631.94293,353.39117,986.8637,986.74805,4.528,0.948,0.977,0.128527,0.080148,-0.001367,-0.988461,img_185.jpg
33438,1280,720,631.94293,353.39117,986.8637,986.74805,4.546,0.948,0.965,0.135352,0.057196,-0.006131,-0.989126,img_186.jpg
33525,1280,720,631.94293,353.39117,986.8637,986.74805,4.560,0.948,0.956,0.142327,0.030210,-0.007330,-0.989331,img_187.jpg
33608,1280,720,631.94293,353.39117,986.8637,986.74805,4.577,0.949,0.929,0.151606,-0.010838,-0.009391,-0.988337,img_188.jpg
33691,1280,720,631.94293,353.39117,986.8637,986.74805,4.588,0.945,0.902,0.157042,-0.045795,-0.011411,-0.986464,img_189.jpg
33771,1280,720,631.94293,353.39117,986.8637,986.74805,4.583,0.941,0.892,0.160398,-0.068609,-0.013063,-0.984578,img_190.jpg
33855,1280,720,631.94293,353.39117,986.8637,986.74805,4.584,0.934,0.868,0.161280,-0.106412,-0.012644,-0.981074,img_191.jpg
33938,1280,720,631.94293,353.39117,986.8637,986.74805,4.582,0.931,0.857,0.157796,-0.128610,-0.014528,-0.978953,img_192.jpg
34023,1280,720,631.94293,353.39117,986.8637,986.74805,4.587,0.925,0.824,0.154726,-0.160036,-0.024280,-0.974607,img_193.jpg
34104,1280,720,631.94293,353.39117,986.8637,986.74805,4.579,0.918,0.806,0.151864,-0.179120,-0.031009,-0.971541,img_194.jpg
34183,1280,720,631.94293,353.39117,986.8637,986.74805,4.573,0.914,0.774,0.152739,-0.207815,-0.037462,-0.965443,img_195.jpg
34273,1280,720,631.94293,353.39117,986.8637,986.74805,4.564,0.912,0.759,0.148941,-0.228419,-0.040894,-0.961233,img_196.jpg
34353,1280,720,631.94293,353.39117,986.8637,986.74805,4.556,0.908,0.730,0.149363,-0.258512,-0.049803,-0.953091,img_197.jpg
34455,1280,720,631.94293,353.39117,986.8637,986.74805,4.551,0.902,0.701,0.149138,-0.288954,-0.052750,-0.944183,img_198.jpg
34538,1280,720,631.94293,353.39117,986.8637,986.74805,4.540,0.894,0.675,0.154333,-0.309689,-0.052586,-0.936754,img_199.jpg
34619,1280,720,631.94293,353.39117,986.8637,986.74805,4.538,0.894,0.665,0.153959,-0.326343,-0.051919,-0.931183,img_200.jpg
34705,1280,720,631.94293,353.39117,986.8637,986.74805,4.534,0.890,0.640,0.158260,-0.352047,-0.051596,-0.921062,img_201.jpg
34792,1280,720,631.94293,353.39117,986.8637,986.74805,4.534,0.886,0.616,0.161521,-0.377338,-0.051425,-0.910430,img_202.jpg
34888,1280,720,631.94293,353.39117,986.8637,986.74805,4.535,0.880,0.578,0.164306,-0.405391,-0.053850,-0.897643,img_203.jpg
34974,1280,720,631.94293,353.39117,986.8637,986.74805,4.537,0.875,0.559,0.163422,-0.424932,-0.056594,-0.888551,img_204.jpg
35060,1280,720,631.94293,353.39117,986.8637,986.74805,4.544,0.869,0.529,0.151583,-0.447441,-0.061498,-0.879226,img_205.jpg
35138,1280,720,631.94293,353.39117,986.8637,986.74805,4.547,0.863,0.507,0.148362,-0.461700,-0.064322,-0.872173,img_206.jpg
35223,1280,720,631.94293,353.39117,986.8637,986.74805,4.550,0.853,0.474,0.147745,-0.486612,-0.070057,-0.858179,img_207.jpg
35306,1280,720,631.94293,353.39117,986.8637,986.74805,4.549,0.844,0.454,0.149368,-0.501718,-0.076249,-0.848619,img_208.jpg
35384,1280,720,631.94293,353.39117,986.8637,986.74805,4.545,0.831,0.433,0.150290,-0.524572,-0.081192,-0.834054,img_209.jpg
35472,1280,720,631.94293,353.39117,986.8637,986.74805,4.540,0.823,0.425,0.146690,-0.540681,-0.079858,-0.824481,img_210.jpg
35549,1280,720,631.94293,353.39117,986.8637,986.74805,4.530,0.809,0.411,0.140348,-0.558328,-0.081970,-0.813544,img_211.jpg
35638,1280,720,631.94293,353.39117,986.8637,986.74805,4.523,0.798,0.401,0.135574,-0.566853,-0.078828,-0.808754,img_212.jpg
35716,1280,720,631.94293,353.39117,986.8637,986.74805,4.513,0.785,0.383,0.132910,-0.583509,-0.074522,-0.797683,img_213.jpg
35807,1280,720,631.94293,353.39117,986.8637,986.74805,4.500,0.776,0.374,0.134602,-0.588336,-0.078469,-0.793464,img_214.jpg
35892,1280,720,631.94293,353.39117,986.8637,986.74805,4.478,0.762,0.359,0.137608,-0.587510,-0.090003,-0.792336,img_215.jpg
35990,1280,720,631.94293,353.39117,986.8637,986.74805,4.452,0.749,0.343,0.141241,-0.590312,-0.098662,-0.788574,img_216.jpg
36073,1280,720,631.94293,353.39117,986.8637,986.74805,4.434,0.743,0.330,0.144015,-0.588835,-0.104156,-0.788470,img_217.jpg
36156,1280,720,631.94293,353.39117,986.8637,986.74805,4.409,0.738,0.313,0.152847,-0.593638,-0.101909,-0.783483,img_218.jpg
36256,1280,720,631.94293,353.39117,986.8637,986.74805,4.384,0.730,0.300,0.156190,-0.601279,-0.104647,-0.776606,img_219.jpg
36339,1280,720,631.94293,353.39117,986.8637,986.74805,4.368,0.723,0.293,0.155961,-0.603347,-0.104091,-0.775121,img_220.jpg
36423,1280,720,631.94293,353.39117,986.8637,986.74805,4.345,0.713,0.286,0.157677,-0.607495,-0.102130,-0.771788,img_221.jpg
36506,1280,720,631.94293,353.39117,986.8637,986.74805,4.331,0.708,0.282,0.161226,-0.610090,-0.104720,-0.768655,img_222.jpg
36587,1280,720,631.94293,353.39117,986.8637,986.74805,4.315,0.701,0.275,0.161152,-0.610135,-0.105893,-0.768474,img_223.jpg
36673,1280,720,631.94293,353.39117,986.8637,986.74805,4.308,0.696,0.271,0.163367,-0.612711,-0.105605,-0.765992,img_224.jpg
36753,1280,720,631.94293,353.39117,986.8637,986.74805,4.296,0.688,0.264,0.158996,-0.621610,-0.101458,-0.760281,img_225.jpg
36841,1280,720,631.94293,353.39117,986.8637,986.74805,4.292,0.683,0.257,0.148488,-0.625274,-0.095439,-0.760181,img_226.jpg
36925,1280,720,631.94293,353.39117,986.8637,986.74805,4.282,0.677,0.249,0.151133,-0.626105,-0.097123,-0.758761,img_227.jpg
37008,1280,720,631.94293,353.39117,986.8637,986.74805,4.278,0.672,0.244,0.154158,-0.629175,-0.098060,-0.755486,img_228.jpg
37094,1280,720,631.94293,353.39117,986.8637,986.74805,4.273,0.665,0.235,0.159504,-0.636644,-0.098581,-0.748014,img_229.jpg
37193,1280,720,631.94293,353.39117,986.8637,986.74805,4.268,0.660,0.224,0.162006,-0.645766,-0.097877,-0.739703,img_230.jpg
37278,1280,720,631.94293,353.39117,986.8637,986.74805,4.266,0.659,0.214,0.163873,-0.651564,-0.100150,-0.733880,img_231.jpg,aruco_2.jpg,0.18128373,0.18128373,3.760,0.416,0.152,-0.528975,-0.445538,0.485743,0.485743
37356,1280,720,631.94293,353.39117,986.8637,986.74805,4.265,0.660,0.198,0.162337,-0.665926,-0.100284,-0.721202,img_232.jpg
37439,1280,720,631.94293,353.39117,986.8637,986.74805,4.265,0.661,0.187,0.162172,-0.673981,-0.098509,-0.713965,img_233.jpg
37514,1280,720,631.94293,353.39117,986.8637,986.74805,-0.105,0.526,0.761,0.213066,-0.053292,0.001882,-0.975581,img_234.jpg
37592,1280,720,631.94293,353.39117,986.8637,986.74805,-0.095,0.531,0.762,0.213054,-0.063639,0.000680,-0.974965,img_235.jpg
37690,1280,720,631.94293,353.39117,986.8637,986.74805,-0.077,0.530,0.764,0.210959,-0.076251,-0.001184,-0.974516,img_236.jpg,aruco_2.jpg,0.18043034,0.18043034,-0.137,0.247,0.268,-0.692813,0.001420,-0.029066,-0.029066
37773,1280,720,631.94293,353.39117,986.8637,986.74805,-0.065,0.536,0.762,0.217680,-0.082093,0.000804,-0.972561,img_237.jpg
37855,1280,720,631.94293,353.39117,986.8637,986.74805,-0.042,0.539,0.762,0.219868,-0.094858,0.001110,-0.970906,img_238.jpg
37940,1280,720,631.94293,353.39117,986.8637,986.74805,-0.031,0.547,0.759,0.222804,-0.104235,-0.000945,-0.969274,img_239.jpg
38019,1280,720,631.94293,353.39117,986.8637,986.74805,-0.014,0.549,0.755,0.224949,-0.118183,-0.001486,-0.967176,img_240.jpg
38107,1280,720,631.94293,353.39117,986.8637,986.74805,0.002,0.550,0.749,0.224844,-0.120929,-0.002171,-0.966859,img_241.jpg
38190,1280,720,631.94293,353.39117,986.8637,986.74805,0.014,0.551,0.740,0.228483,-0.116435,-0.002792,-0.966556,img_242.jpg
38273,1280,720,631.94293,353.39117,986.8637,986.74805,0.026,0.551,0.732,0.225544,-0.109286,-0.004319,-0.968074,img_243.jpg
38349,1280,720,631.94293,353.39117,986.8637,986.74805,0.046,0.549,0.715,0.223183,-0.096624,-0.007917,-0.969944,img_244.jpg,aruco_2.jpg,0.18043038,0.18043038,3.846,0.363,0.105,-0.538427,-0.442007,0.465480,0.465480
38441,1280,720,631.94293,353.39117,986.8637,986.74805,0.061,0.549,0.702,0.219450,-0.088232,-0.007996,-0.971593,img_245.jpg
38513,1280,720,631.94293,353.39117,986.8637,986.74805,0.084,0.550,0.678,0.215912,-0.071747,-0.009616,-0.973726,img_246.jpg
38591,1280,720,631.94293,353.39117,986.8637,986.74805,0.098,0.553,0.661,0.213769,-0.062598,-0.010930,-0.974815,img_247.jpg
38671,1280,720,631.94293,353.39117,986.8637,986.74805,0.112,0.557,0.644,0.212847,-0.055362,-0.011636,-0.975446,img_248.jpg
38757,1280,720,631.94293,353.39117,986.8637,986.74805,0.134,0.563,0.618,0.214084,-0.044147,-0.011128,-0.975754,img_249.jpg
38840,1280,720,631.94293,353.39117,986.8637,986.74805,0.148,0.566,0.602,0.215512,-0.034898,-0.011240,-0.975813,img_250.jpg
38913,1280,720,631.94293,353.39117,986.8637,986.74805,0.160,0.568,0.586,0.214102,-0.022371,-0.012274,-0.976478,img_251.jpg
38989,1280,720,631.94293,353.39117,986.8637,986.74805,0.179,0.572,0.565,0.216862,-0.010430,-0.011033,-0.976084,img_252.jpg
39074,1280,720,631.94293,353.39117,986.8637,986.74805,0.193,0.579,0.555,0.215040,-0.008443,-0.010065,-0.976517,img_253.jpg
39157,1280,720,631.94293,353.39117,986.8637,986.74805,0.214,0.585,0.537,0.212861,-0.007456,-0.009616,-0.977007,img_254.jpg
39240,1280,720,631.94293,353.39117,986.8637,986.74805,0.229,0.587,0.522,0.211869,-0.008004,-0.010344,-0.977211,img_255.jpg
39312,1280,720,631.94293,353.39117,986.8637,986.74805,0.242,0.587,0.505,0.212173,-0.012421,-0.011466,-0.977086,img_256.jpg
39392,1280,720,631.94293,353.39117,986.8637,986.74805,0.265,0.586,0.474,0.207009,-0.020056,-0.014060,-0.978032,img_257.jpg
39470,1280,720,631.94293,353.39117,986.8637,986.74805,0.281,0.585,0.451,0.204741,-0.029968,-0.012550,-0.978277,img_258.jpg
39558,1280,720,631.94293,353.39117,986.8637,986.74805,0.308,0.586,0.417,0.197691,-0.040258,-0.012419,-0.979359,img_259.jpg
39642,1280,720,631.94293,353.39117,986.8637,986.74805,0.328,0.592,0.397,0.193966,-0.045640,-0.010961,-0.979885,img_260.jpg
39712,1280,720,631.94293,353.39117,986.8637,986.74805,0.356,0.599,0.369,0.191331,-0.053098,-0.014124,-0.979986,img_261.jpg
39793,1280,720,631.94293,353.39117,986.8637,986.74805,0.372,0.601,0.350,0.191833,-0.056452,-0.014810,-0.979691,img_262.jpg
39869,1280,720,631.94293,353.39117,986.8637,986.74805,0.390,0.601,0.330,0.197478,-0.052680,-0.015171,-0.978773,img_263.jpg
39942,1280,720,631.94293,353.39117,986.8637,986.74805,0.413,0.603,0.306,0.195335,-0.048629,-0.014961,-0.979416,img_264.jpg
40024,1280,720,631.94293,353.39117,986.8637,986.74805,0.425,0.603,0.292,0.199228,-0.044458,-0.016073,-0.978812,img_265.jpg
40095,1280,720,631.94293,353.39117,986.8637,986.74805,0.435,0.603,0.276,0.200995,-0.035612,-0.019857,-0.978743,img_266.jpg
40175,1280,720,631.94293,353.39117,986.8637,986.74805,0.449,0.599,0.249,0.206595,-0.022769,-0.024665,-0.977851,img_267.jpg
40259,1280,720,631.94293,353.39117,986.8637,986.74805,0.455,0.595,0.231,0.205835,-0.017925,-0.027496,-0.978036,img_268.jpg
40333,1280,720,631.94293,353.39117,986.8637,986.74805,0.458,0.592,0.211,0.203770,-0.010212,-0.032773,-0.978417,img_269.jpg
40409,1280,720,631.94293,353.39117,986.8637,986.74805,0.460,0.585,0.180,0.203513,-0.005730,-0.038667,-0.978292,img_270.jpg
40492,1280,720,631.94293,353.39117,986.8637,986.74805,0.462,0.580,0.156,0.202886,0.000021,-0.042279,-0.978289,img_271.jpg
40576,1280,720,631.94293,353.39117,986.8637,986.74805,0.457,0.574,0.116,0.199872,0.002282,-0.044468,-0.978810,img_272.jpg
40658,1280,720,631.94293,353.39117,986.8637,986.74805,0.450,0.572,0.087,0.199178,0.003153,-0.044848,-0.978932,img_273.jpg
40728,1280,720,631.94293,353.39117,986.8637,986.74805,0.442,0.572,0.057,0.199028,0.003292,-0.047010,-0.978860,img_274.jpg
40807,1280,720,631.94293,353.39117,986.8637,986.74805,0.430,0.573,0.014,0.198497,0.007669,-0.048915,-0.978850,img_275.jpg
40892,1280,720,631.94293,353.39117,986.8637,986.74805,0.424,0.574,-0.012,0.195559,0.017257,-0.043849,-0.979559,img_276.jpg
40968,1280,720,631.94293,353.39117,986.8637,986.74805,0.419,0.576,-0.035,0.194968,0.024736,-0.037359,-0.979786,img_277.jpg
41047,1280,720,631.94293,353.39117,986.8637,986.74805,0.412,0.577,-0.069,0.193867,0.033238,-0.034264,-0.979866,img_278.jpg
41125,1280,720,631.94293,353.39117,986.8637,986.74805,0.407,0.579,-0.089,0.189747,0.036997,-0.034612,-0.980525,img_279.jpg
41208,1280,720,631.94293,353.39117,986.8637,986.74805,0.402,0.582,-0.121,0.182565,0.036010,-0.038395,-0.981784,img_280.jpg
41293,1280,720,631.94293,353.39117,986.8637,986.74805,0.397,0.585,-0.136,0.178784,0.034460,-0.038575,-0.982528,img_281.jpg
41365,1280,720,631.94293,353.39117,986.8637,986.74805,0.393,0.588,-0.152,0.178155,0.030731,-0.039751,-0.982719,img_282.jpg
41443,1280,720,631.94293,353.39117,986.8637,986.74805,0.389,0.589,-0.186,0.181803,0.028642,-0.040145,-0.982098,img_283.jpg
41526,1280,720,631.94293,353.39117,986.8637,986.74805,0.388,0.590,-0.210,0.177533,0.027135,-0.035371,-0.983105,img_284.jpg
41598,1280,720,631.94293,353.39117,986.8637,986.74805,0.388,0.592,-0.238,0.173182,0.030520,-0.035375,-0.983781,img_285.jpg
41677,1280,720,631.94293,353.39117,986.8637,986.74805,0.387,0.596,-0.267,0.173287,0.031635,-0.037480,-0.983649,img_286.jpg
41749,1280,720,631.94293,353.39117,986.8637,986.74805,0.390,0.601,-0.310,0.174301,0.033228,-0.035966,-0.983474,img_287.jpg
41843,1280,720,631.94293,353.39117,986.8637,986.74805,0.393,0.601,-0.354,0.174175,0.029372,-0.036034,-0.983617,img_288.jpg
41926,1280,720,631.94293,353.39117,986.8637,986.74805,0.392,0.602,-0.379,0.174452,0.028216,-0.038988,-0.983489,img_289.jpg
41998,1280,720,631.94293,353.39117,986.8637,986.74805,0.392,0.602,-0.402,0.173542,0.026401,-0.040656,-0.983633,img_290.jpg
42079,1280,720,631.94293,353.39117,986.8637,986.74805,0.388,0.603,-0.436,0.173906,0.026890,-0.042737,-0.983467,img_291.jpg
42159,1280,720,631.94293,353.39117,986.8637,986.74805,0.385,0.604,-0.460,0.171060,0.024960,-0.042195,-0.984040,img_292.jpg
42242,1280,720,631.94293,353.39117,986.8637,986.74805,0.378,0.602,-0.492,0.174097,0.026419,-0.045500,-0.983322,img_293.jpg
42326,1280,720,631.94293,353.39117,986.8637,986.74805,0.373,0.601,-0.517,0.175161,0.030857,-0.047275,-0.982920,img_294.jpg
42408,1280,720,631.94293,353.39117,986.8637,986.74805,0.364,0.599,-0.538,0.172323,0.034654,-0.047387,-0.983290,img_295.jpg
42486,1280,720,631.94293,353.39117,986.8637,986.74805,0.349,0.596,-0.576,0.176082,0.035164,-0.047268,-0.982611,img_296.jpg
42559,1280,720,631.94293,353.39117,986.8637,986.74805,0.337,0.593,-0.606,0.180746,0.040599,-0.046443,-0.981593,img_297.jpg
42641,1280,720,631.94293,353.39117,986.8637,986.74805,0.317,0.591,-0.646,0.182987,0.049755,-0.046446,-0.980756,img_298.jpg
42726,1280,720,631.94293,353.39117,986.8637,986.74805,0.305,0.592,-0.676,0.184175,0.053365,-0.045158,-0.980404,img_299.jpg
42809,1280,720,631.94293,353.39117,986.8637,986.74805,0.294,0.591,-0.700,0.180259,0.057499,-0.041531,-0.981059,img_300.jpg
42882,1280,720,631.94293,353.39117,986.8637,986.74805,0.278,0.589,-0.735,0.179250,0.067470,-0.040365,-0.980657,img_301.jpg
42960,1280,720,631.94293,353.39117,986.8637,986.74805,0.268,0.587,-0.758,0.180079,0.075522,-0.041162,-0.979885,img_302.jpg
43038,1280,720,631.94293,353.39117,986.8637,986.74805,0.260,0.584,-0.780,0.180556,0.079376,-0.041617,-0.979473,img_303.jpg
43109,1280,720,631.94293,353.39117,986.8637,986.74805,0.251,0.579,-0.816,0.185946,0.076253,-0.039451,-0.978802,img_304.jpg
43195,1280,720,631.94293,353.39117,986.8637,986.74805,0.245,0.574,-0.842,0.186858,0.074936,-0.038362,-0.978773,img_305.jpg
43272,1280,720,631.94293,353.39117,986.8637,986.74805,0.238,0.571,-0.867,0.185070,0.071069,-0.038557,-0.979394,img_306.jpg
43347,1280,720,631.94293,353.39117,986.8637,986.74805,0.232,0.566,-0.914,0.183503,0.063043,-0.035311,-0.980360,img_307.jpg
43425,1280,720,631.94293,353.39117,986.8637,986.74805,0.230,0.564,-0.946,0.180652,0.057276,-0.031461,-0.981374,img_308.jpg
43495,1280,720,631.94293,353.39117,986.8637,986.74805,0.229,0.563,-0.980,0.181165,0.056500,-0.029194,-0.981394,img_309.jpg
43577,1280,720,631.94293,353.39117,986.8637,986.74805,0.229,0.564,-1.029,0.173899,0.057381,-0.024322,-0.982789,img_310.jpg
43660,1280,720,631.94293,353.39117,986.8637,986.74805,0.230,0.565,-1.066,0.172826,0.055131,-0.022020,-0.983162,img_311.jpg
43744,1280,720,631.94293,353.39117,986.8637,986.74805,0.233,0.564,-1.116,0.171406,0.058282,-0.023902,-0.983185,img_312.jpg
43825,1280,720,631.94293,353.39117,986.8637,986.74805,0.234,0.564,-1.146,0.172225,0.054451,-0.024460,-0.983247,img_313.jpg
43911,1280,720,631.94293,353.39117,986.8637,986.74805,0.231,0.562,-1.192,0.175417,0.055395,-0.026305,-0.982582,img_314.jpg
43996,1280,720,631.94293,353.39117,986.8637,986.74805,0.228,0.560,-1.222,0.176177,0.055877,-0.026789,-0.982406,img_315.jpg
44073,1280,720,631.94293,353.39117,986.8637,986.74805,0.223,0.555,-1.270,0.178607,0.056007,-0.029216,-0.981891,img_316.jpg
44143,1280,720,631.94293,353.39117,986.8637,986.74805,0.219,0.550,-1.305,0.177449,0.055627,-0.029666,-0.982109,img_317.jpg
44225,1280,720,631.94293,353.39117,986.8637,986.74805,0.213,0.545,-1.338,0.173183,0.057724,-0.030707,-0.982717,img_318.jpg
44311,1280,720,631.94293,353.39117,986.8637,986.74805,0.201,0.542,-1.390,0.163827,0.061935,-0.033360,-0.983978,img_319.jpg
44395,1280,720,631.94293,353.39117,986.8637,986.74805,0.193,0.544,-1.427,0.159593,0.064093,-0.034955,-0.984480,img_320.jpg
44478,1280,720,631.94293,353.39117,986.8637,986.74805,0.180,0.546,-1.478,0.164991,0.067100,-0.033745,-0.983431,img_321.jpg
44560,1280,720,631.94293,353.39117,986.8637,986.74805,0.171,0.547,-1.510,0.161617,0.067142,-0.034314,-0.983969,img_322.jpg
44644,1280,720,631.94293,353.39117,986.8637,986.74805,0.161,0.543,-1.556,0.162589,0.074208,-0.033787,-0.983319,img_323.jpg
44727,1280,720,631.94293,353.39117,986.8637,986.74805,0.156,0.540,-1.584,0.168094,0.069286,-0.031889,-0.982816,img_324.jpg
44809,1280,720,631.94293,353.39117,986.8637,986.74805,0.150,0.534,-1.628,0.171889,0.063628,-0.033685,-0.982482,img_325.jpg
44894,1280,720,631.94293,353.39117,986.8637,986.74805,0.148,0.530,-1.658,0.170640,0.058945,-0.032822,-0.983021,img_326.jpg
44983,1280,720,631.94293,353.39117,986.8637,986.74805,0.147,0.525,-1.693,0.171387,0.053798,-0.032887,-0.983184,img_327.jpg
45055,1280,720,631.94293,353.39117,986.8637,986.74805,0.150,0.521,-1.743,0.164921,0.045142,-0.029309,-0.984837,img_328.jpg
45144,1280,720,631.94293,353.39117,986.8637,986.74805,0.155,0.520,-1.796,0.159514,0.036146,-0.028020,-0.986136,img_329.jpg
45226,1280,720,631.94293,353.39117,986.8637,986.74805,0.160,0.521,-1.830,0.159734,0.030986,-0.027292,-0.986296,img_330.jpg
45311,1280,720,631.94293,353.39117,986.8637,986.74805,0.167,0.526,-1.879,0.151769,0.024725,-0.030373,-0.987640,img_331.jpg
45395,1280,720,631.94293,353.39117,986.8637,986.74805,0.173,0.526,-1.910,0.147469,0.021174,-0.033705,-0.988265,img_332.jpg
45477,1280,720,631.94293,353.39117,986.8637,986.74805,0.179,0.523,-1.954,0.153408,0.005556,-0.036230,-0.987483,img_333.jpg
45561,1280,720,631.94293,353.39117,986.8637,986.74805,0.181,0.521,-1.983,0.159504,-0.002962,-0.034438,-0.986592,img_334.jpg
45642,1280,720,631.94293,353.39117,986.8637,986.74805,0.182,0.518,-2.021,0.160266,-0.008495,-0.035786,-0.986388,img_335.jpg
45727,1280,720,631.94293,353.39117,986.8637,986.74805,0.182,0.516,-2.047,0.160525,-0.012945,-0.036626,-0.986267,img_336.jpg
45796,1280,720,631.94293,353.39117,986.8637,986.74805,0.181,0.513,-2.072,0.160490,-0.016141,-0.036953,-0.986213,img_337.jpg
45864,1280,720,631.94293,353.39117,986.8637,986.74805,0.181,0.509,-2.100,0.161911,-0.020566,-0.037193,-0.985890,img_338.jpg
45942,1280,720,631.94293,353.39117,986.8637,986.74805,0.177,0.504,-2.143,0.159474,-0.025402,-0.040868,-0.986029,img_339.jpg
46027,1280,720,631.94293,353.39117,986.8637,986.74805,0.172,0.502,-2.176,0.156954,-0.031816,-0.041888,-0.986204,img_340.jpg
46098,1280,720,631.94293,353.39117,986.8637,986.74805,0.166,0.501,-2.206,0.155799,-0.033959,-0.043750,-0.986235,img_341.jpg
46175,1280,720,631.94293,353.39117,986.8637,986.74805,0.156,0.501,-2.252,0.159512,-0.040996,-0.045588,-0.985290,img_342.jpg
46261,1280,720,631.94293,353.39117,986.8637,986.74805,0.151,0.501,-2.281,0.163788,-0.042734,-0.042373,-0.984658,img_343.jpg
46341,1280,720,631.94293,353.39117,986.8637,986.74805,0.144,0.499,-2.322,0.166517,-0.046817,-0.035004,-0.984304,img_344.jpg
46428,1280,720,631.94293,353.39117,986.8637,986.74805,0.139,0.497,-2.349,0.170192,-0.047649,-0.032904,-0.983708,img_345.jpg
46500,1280,720,631.94293,353.39117,986.8637,986.74805,0.134,0.495,-2.373,0.176772,-0.054934,-0.032844,-0.982169,img_346.jpg
46583,1280,720,631.94293,353.39117,986.8637,986.74805,0.126,0.490,-2.413,0.182864,-0.067944,-0.035687,-0.980138,img_347.jpg
46661,1280,720,631.94293,353.39117,986.8637,986.74805,0.120,0.487,-2.434,0.181624,-0.080267,-0.035655,-0.979438,img_348.jpg
46740,1280,720,631.94293,353.39117,986.8637,986.74805,0.111,0.481,-2.471,0.175978,-0.098922,-0.039226,-0.978625,img_349.jpg
46828,1280,720,631.94293,353.39117,986.8637,986.74805,0.106,0.477,-2.498,0.170314,-0.105747,-0.040908,-0.978845,img_350.jpg
46902,1280,720,631.94293,353.39117,986.8637,986.74805,0.102,0.474,-2.524,0.173100,-0.110681,-0.043033,-0.977719,img_351.jpg
46981,1280,720,631.94293,353.39117,986.8637,986.74805,0.098,0.472,-2.562,0.177729,-0.124297,-0.042305,-0.975281,img_352.jpg
47061,1280,720,631.94293,353.39117,986.8637,986.74805,0.094,0.472,-2.591,0.176504,-0.133544,-0.041127,-0.974331,img_353.jpg
47140,1280,720,631.94293,353.39117,986.8637,986.74805,0.090,0.472,-2.629,0.175960,-0.142060,-0.045766,-0.973017,img_354.jpg
47228,1280,720,631.94293,353.39117,986.8637,986.74805,0.088,0.470,-2.649,0.177265,-0.149426,-0.046586,-0.971637,img_355.jpg
47307,1280,720,631.94293,353.39117,986.8637,986.74805,0.085,0.468,-2.666,0.179114,-0.156834,-0.048277,-0.970047,img_356.jpg
47388,1280,720,631.94293,353.39117,986.8637,986.74805,0.081,0.464,-2.688,0.184583,-0.161553,-0.047779,-0.968270,img_357.jpg
