

time,sizeX,sizeY,p_x,p_y,f_x,f_y,pos_X,pos_Y,pos_Z,q_x,q_y,q_z,q_w,marker_ID,marker_x,marker_y,marker_z,marker_qx,marker_qy,marker_qz,marker_qw,marker_ID,marker_x,marker_y,marker_z,marker_qx,marker_qy,marker_qz,marker_qw,marker_ID,marker_x,marker_y,marker_z,marker_qx,marker_qy,marker_qz,marker_qw,
43137,1280,720,631.94293,353.39117,986.8637,986.74805,0.179,0.139,0.642,-0.881905,-0.319712,-0.332608,0.096948,img_1.jpg
43227,1280,720,631.94293,353.39117,986.8637,986.74805,0.179,0.139,0.643,-0.880779,-0.321687,-0.333569,0.097355,img_2.jpg
43314,1280,720,631.94293,353.39117,986.8637,986.74805,0.179,0.138,0.644,-0.880070,-0.322752,-0.334259,0.097867,img_3.jpg,aruco_1.jpg,0.18268877,0.18268877,0.185,0.118,0.166,-0.531571,-0.458588,0.005520,0.005520
43414,1280,720,631.94293,353.39117,986.8637,986.74805,0.178,0.138,0.646,-0.879930,-0.322520,-0.334581,0.098791,img_4.jpg
43495,1280,720,631.94293,353.39117,986.8637,986.74805,0.178,0.139,0.650,-0.880211,-0.321445,-0.334748,0.099222,img_5.jpg
43597,1280,720,631.94293,353.39117,986.8637,986.74805,0.177,0.139,0.653,-0.880205,-0.320095,-0.336277,0.098475,img_6.jpg
43681,1280,720,631.94293,353.39117,986.8637,986.74805,0.176,0.140,0.657,-0.880966,-0.318342,-0.336360,0.097052,img_7.jpg
43769,1280,720,631.94293,353.39117,986.8637,986.74805,0.176,0.140,0.665,-0.882526,-0.316877,-0.333800,0.096512,img_8.jpg
43864,1280,720,631.94293,353.39117,986.8637,986.74805,0.176,0.139,0.673,-0.883347,-0.316517,-0.332710,0.093908,img_9.jpg,aruco_1.jpg,0.18285014,0.18285014,0.185,0.118,0.164,-0.535482,-0.461629,0.007799,0.007799
43963,1280,720,631.94293,353.39117,986.8637,986.74805,0.177,0.137,0.683,-0.883008,-0.317953,-0.332944,0.091386,img_10.jpg
44047,1280,720,631.94293,353.39117,986.8637,986.74805,0.177,0.138,0.689,-0.883220,-0.318310,-0.332553,0.089497,img_11.jpg
44129,1280,720,631.94293,353.39117,986.8637,986.74805,0.175,0.140,0.700,-0.884576,-0.315222,-0.332044,0.088925,img_12.jpg
44213,1280,720,631.94293,353.39117,986.8637,986.74805,0.174,0.141,0.709,-0.885864,-0.311579,-0.332924,0.085584,img_13.jpg
44295,1280,720,631.94293,353.39117,986.8637,986.74805,0.174,0.143,0.724,-0.887075,-0.309531,-0.332132,0.083526,img_14.jpg
44397,1280,720,631.94293,353.39117,986.8637,986.74805,0.173,0.147,0.741,-0.886156,-0.310296,-0.333825,0.083691,img_15.jpg
44480,1280,720,631.94293,353.39117,986.8637,986.74805,0.172,0.149,0.754,-0.884829,-0.309240,-0.337492,0.086881,img_16.jpg
44581,1280,720,631.94293,353.39117,986.8637,986.74805,0.170,0.152,0.772,-0.885449,-0.306871,-0.337871,0.087485,img_17.jpg,aruco_1.jpg,0.18126081,0.18126081,0.186,0.118,0.165,-0.540987,-0.452008,0.022368,0.022368
44658,1280,720,631.94293,353.39117,986.8637,986.74805,0.171,0.155,0.785,-0.884365,-0.310352,-0.337239,0.088599,img_18.jpg
44744,1280,720,631.94293,353.39117,986.8637,986.74805,0.171,0.158,0.802,-0.885121,-0.311432,-0.334320,0.088321,img_19.jpg
44831,1280,720,631.94293,353.39117,986.8637,986.74805,0.171,0.160,0.819,-0.887155,-0.306831,-0.333682,0.086415,img_20.jpg
44916,1280,720,631.94293,353.39117,986.8637,986.74805,0.170,0.161,0.831,-0.888359,-0.303745,-0.333918,0.084007,img_21.jpg
45014,1280,720,631.94293,353.39117,986.8637,986.74805,0.171,0.164,0.849,-0.888200,-0.306310,-0.332652,0.081349,img_22.jpg
45094,1280,720,631.94293,353.39117,986.8637,986.74805,0.173,0.166,0.862,-0.889698,-0.306141,-0.329826,0.077002,img_23.jpg
45176,1280,720,631.94293,353.39117,986.8637,986.74805,0.178,0.167,0.880,-0.891173,-0.308289,-0.326042,0.066819,img_24.jpg,aruco_1.jpg,0.18320194,0.18320194,0.187,0.118,0.166,-0.542235,-0.454414,0.013719,0.013719
45203,1280,720,631.94293,353.39117,986.8637,986.74805,0.179,0.169,0.884,-0.892411,-0.307234,-0.324194,0.064098,img_24.jpg
45281,1280,720,631.94293,353.39117,986.8637,986.74805,0.181,0.171,0.896,-0.895437,-0.303633,-0.319519,0.062500,img_25.jpg
45364,1280,720,631.94293,353.39117,986.8637,986.74805,0.187,0.174,0.911,-0.898027,-0.306263,-0.310192,0.059435,img_26.jpg
45448,1280,720,631.94293,353.39117,986.8637,986.74805,0.191,0.177,0.922,-0.900322,-0.307146,-0.302901,0.057725,img_27.jpg
45530,1280,720,631.94293,353.39117,986.8637,986.74805,0.195,0.178,0.930,-0.903427,-0.306934,-0.294037,0.056150,img_28.jpg
45614,1280,720,631.94293,353.39117,986.8637,986.74805,0.203,0.180,0.940,-0.908511,-0.306606,-0.279936,0.047294,img_29.jpg
45698,1280,720,631.94293,353.39117,986.8637,986.74805,0.207,0.182,0.945,-0.912939,-0.301873,-0.271158,0.043469,img_30.jpg
45797,1280,720,631.94293,353.39117,986.8637,986.74805,0.219,0.186,0.958,-0.917738,-0.307151,-0.249102,0.036930,img_31.jpg
45880,1280,720,631.94293,353.39117,986.8637,986.74805,0.227,0.188,0.967,-0.921872,-0.309756,-0.230982,0.029167,img_32.jpg
45961,1280,720,631.94293,353.39117,986.8637,986.74805,0.241,0.191,0.982,-0.927287,-0.312692,-0.204596,0.022436,img_33.jpg
46064,1280,720,631.94293,353.39117,986.8637,986.74805,0.256,0.192,0.994,-0.932133,-0.311890,-0.183568,0.012485,img_34.jpg
46163,1280,720,631.94293,353.39117,986.8637,986.74805,0.271,0.195,1.007,-0.935548,-0.314408,-0.160869,0.004345,img_35.jpg,aruco_1.jpg,0.18057518,0.18057518,0.187,0.119,0.176,-0.545576,-0.456499,0.008067,0.008067
46247,1280,720,631.94293,353.39117,986.8637,986.74805,0.283,0.198,1.014,-0.936180,-0.320314,-0.144793,-0.000416,img_36.jpg
46330,1280,720,631.94293,353.39117,986.8637,986.74805,0.302,0.203,1.030,-0.938005,-0.326073,-0.117272,-0.008329,img_37.jpg
46417,1280,720,631.94293,353.39117,986.8637,986.74805,0.317,0.206,1.038,-0.938816,-0.329448,-0.098603,-0.019156,img_38.jpg
46501,1280,720,631.94293,353.39117,986.8637,986.74805,0.340,0.210,1.050,-0.938359,-0.337272,-0.067749,-0.033765,img_39.jpg
46597,1280,720,631.94293,353.39117,986.8637,986.74805,0.364,0.216,1.062,-0.938556,-0.340402,-0.035698,-0.044328,img_40.jpg
46698,1280,720,631.94293,353.39117,986.8637,986.74805,0.387,0.219,1.072,-0.938478,-0.341460,-0.005385,-0.051343,img_41.jpg
46799,1280,720,631.94293,353.39117,986.8637,986.74805,0.412,0.218,1.078,-0.937233,-0.342514,0.026272,-0.059905,img_42.jpg
46898,1280,720,631.94293,353.39117,986.8637,986.74805,0.438,0.219,1.081,-0.935282,-0.341573,0.059208,-0.071203,img_43.jpg
46981,1280,720,631.94293,353.39117,986.8637,986.74805,0.456,0.220,1.082,-0.932764,-0.341846,0.083020,-0.078746,img_44.jpg
47068,1280,720,631.94293,353.39117,986.8637,986.74805,0.484,0.224,1.091,-0.927335,-0.342452,0.119876,-0.091690,img_45.jpg
47164,1280,720,631.94293,353.39117,986.8637,986.74805,0.512,0.227,1.103,-0.920241,-0.344977,0.151901,-0.105226,img_46.jpg
47246,1280,720,631.94293,353.39117,986.8637,986.74805,0.530,0.229,1.109,-0.915847,-0.344452,0.171703,-0.114431,img_47.jpg
47333,1280,720,631.94293,353.39117,986.8637,986.74805,0.550,0.230,1.119,-0.909301,-0.343640,0.199440,-0.123726,img_48.jpg
47432,1280,720,631.94293,353.39117,986.8637,986.74805,0.571,0.232,1.129,-0.902882,-0.343556,0.221574,-0.132961,img_49.jpg
47515,1280,720,631.94293,353.39117,986.8637,986.74805,0.589,0.229,1.132,-0.898089,-0.341418,0.236800,-0.144206,img_50.jpg
47600,1280,720,631.94293,353.39117,986.8637,986.74805,0.617,0.226,1.137,-0.887344,-0.342682,0.264464,-0.158899,img_51.jpg
47698,1280,720,631.94293,353.39117,986.8637,986.74805,0.649,0.224,1.138,-0.872647,-0.340222,0.299510,-0.181740,img_52.jpg
47781,1280,720,631.94293,353.39117,986.8637,986.74805,0.668,0.224,1.132,-0.863692,-0.333533,0.326575,-0.190107,img_53.jpg
47881,1280,720,631.94293,353.39117,986.8637,986.74805,0.700,0.234,1.126,-0.850096,-0.322389,0.372651,-0.185830,img_54.jpg
47963,1280,720,631.94293,353.39117,986.8637,986.74805,0.734,0.255,1.124,-0.841466,-0.319398,0.387324,-0.199748,img_55.jpg
48064,1280,720,631.94293,353.39117,986.8637,986.74805,0.766,0.289,1.131,-0.837234,-0.325348,0.384882,-0.212258,img_56.jpg
48148,1280,720,631.94293,353.39117,986.8637,986.74805,0.785,0.318,1.137,-0.833354,-0.334423,0.379800,-0.222336,img_57.jpg
48226,1280,720,631.94293,353.39117,986.8637,986.74805,0.813,0.374,1.152,-0.825595,-0.347350,0.376842,-0.236073,img_58.jpg
48315,1280,720,631.94293,353.39117,986.8637,986.74805,0.825,0.419,1.163,-0.823788,-0.356339,0.369755,-0.240160,img_59.jpg
48396,1280,720,631.94293,353.39117,986.8637,986.74805,0.851,0.483,1.178,-0.826288,-0.363731,0.353395,-0.245070,img_60.jpg
48481,1280,720,631.94293,353.39117,986.8637,986.74805,0.867,0.522,1.187,-0.828514,-0.366237,0.343225,-0.248259,img_61.jpg
48563,1280,720,631.94293,353.39117,986.8637,986.74805,0.891,0.566,1.202,-0.829699,-0.365102,0.336544,-0.255026,img_62.jpg
48652,1280,720,631.94293,353.39117,986.8637,986.74805,0.906,0.590,1.212,-0.827015,-0.370816,0.337213,-0.254615,img_63.jpg
48732,1280,720,631.94293,353.39117,986.8637,986.74805,0.931,0.622,1.225,-0.823191,-0.376656,0.347155,-0.244888,img_64.jpg
48816,1280,720,631.94293,353.39117,986.8637,986.74805,0.951,0.639,1.233,-0.824056,-0.376423,0.351569,-0.235873,img_65.jpg
48897,1280,720,631.94293,353.39117,986.8637,986.74805,0.988,0.657,1.240,-0.826961,-0.371743,0.354573,-0.228517,img_66.jpg
48980,1280,720,631.94293,353.39117,986.8637,986.74805,1.016,0.663,1.244,-0.827794,-0.374652,0.350705,-0.226713,img_67.jpg
49063,1280,720,631.94293,353.39117,986.8637,986.74805,1.048,0.666,1.246,-0.828965,-0.373180,0.345384,-0.232946,img_68.jpg
49142,1280,720,631.94293,353.39117,986.8637,986.74805,1.100,0.667,1.247,-0.832665,-0.364661,0.342064,-0.238085,img_69.jpg
49232,1280,720,631.94293,353.39117,986.8637,986.74805,1.156,0.672,1.259,-0.826373,-0.372229,0.351170,-0.235017,img_70.jpg
49314,1280,720,631.94293,353.39117,986.8637,986.74805,1.193,0.678,1.269,-0.826416,-0.370963,0.355066,-0.230980,img_71.jpg
49398,1280,720,631.94293,353.39117,986.8637,986.74805,1.254,0.686,1.285,-0.822634,-0.372756,0.354516,-0.242165,img_72.jpg
49481,1280,720,631.94293,353.39117,986.8637,986.74805,1.307,0.693,1.296,-0.827080,-0.362063,0.351086,-0.248167,img_73.jpg
49564,1280,720,631.94293,353.39117,986.8637,986.74805,1.343,0.697,1.304,-0.832093,-0.357683,0.345692,-0.245319,img_74.jpg
49650,1280,720,631.94293,353.39117,986.8637,986.74805,1.378,0.702,1.311,-0.836844,-0.356352,0.336573,-0.243773,img_75.jpg
49732,1280,720,631.94293,353.39117,986.8637,986.74805,1.434,0.704,1.328,-0.842721,-0.363624,0.319928,-0.235045,img_76.jpg
49814,1280,720,631.94293,353.39117,986.8637,986.74805,1.470,0.706,1.340,-0.847701,-0.371075,0.305680,-0.224203,img_77.jpg
49898,1280,720,631.94293,353.39117,986.8637,986.74805,1.528,0.715,1.359,-0.855407,-0.376679,0.286607,-0.210353,img_78.jpg
49982,1280,720,631.94293,353.39117,986.8637,986.74805,1.568,0.722,1.370,-0.856836,-0.376258,0.277328,-0.217605,img_79.jpg
50058,1280,720,631.94293,353.39117,986.8637,986.74805,1.621,0.730,1.387,-0.859687,-0.373446,0.276087,-0.212727,img_80.jpg
50149,1280,720,631.94293,353.39117,986.8637,986.74805,1.658,0.733,1.400,-0.859873,-0.375703,0.271887,-0.213407,img_81.jpg
50229,1280,720,631.94293,353.39117,986.8637,986.74805,1.711,0.738,1.413,-0.861555,-0.373357,0.267288,-0.216529,img_82.jpg
50315,1280,720,631.94293,353.39117,986.8637,986.74805,1.768,0.740,1.421,-0.865651,-0.367146,0.266869,-0.211264,img_83.jpg
50415,1280,720,631.94293,353.39117,986.8637,986.74805,1.810,0.739,1.423,-0.867045,-0.363620,0.267225,-0.211198,img_84.jpg
50499,1280,720,631.94293,353.39117,986.8637,986.74805,1.877,0.735,1.422,-0.868219,-0.359456,0.269544,-0.210554,img_85.jpg
50582,1280,720,631.94293,353.39117,986.8637,986.74805,1.922,0.733,1.420,-0.869175,-0.357118,0.272535,-0.206704,img_86.jpg
50668,1280,720,631.94293,353.39117,986.8637,986.74805,1.991,0.733,1.410,-0.873102,-0.350004,0.275226,-0.198594,img_87.jpg
50765,1280,720,631.94293,353.39117,986.8637,986.74805,2.072,0.734,1.399,-0.868991,-0.348642,0.274218,-0.219335,img_88.jpg
50850,1280,720,631.94293,353.39117,986.8637,986.74805,2.148,0.734,1.391,-0.864042,-0.358697,0.281427,-0.213463,img_89.jpg
50933,1280,720,631.94293,353.39117,986.8637,986.74805,2.203,0.733,1.389,-0.858484,-0.365415,0.281485,-0.224150,img_90.jpg
51013,1280,720,631.94293,353.39117,986.8637,986.74805,2.256,0.734,1.386,-0.858615,-0.365345,0.283101,-0.221713,img_91.jpg
51097,1280,720,631.94293,353.39117,986.8637,986.74805,2.337,0.735,1.383,-0.859521,-0.363255,0.285050,-0.219125,img_92.jpg
51198,1280,720,631.94293,353.39117,986.8637,986.74805,2.420,0.736,1.384,-0.862299,-0.362733,0.282209,-0.212660,img_93.jpg
51281,1280,720,631.94293,353.39117,986.8637,986.74805,2.475,0.743,1.384,-0.867612,-0.362708,0.278962,-0.194610,img_94.jpg
51362,1280,720,631.94293,353.39117,986.8637,986.74805,2.559,0.750,1.383,-0.872378,-0.360792,0.264631,-0.196868,img_95.jpg
51450,1280,720,631.94293,353.39117,986.8637,986.74805,2.614,0.755,1.385,-0.869155,-0.365078,0.261262,-0.207435,img_96.jpg
51534,1280,720,631.94293,353.39117,986.8637,986.74805,2.693,0.761,1.387,-0.865857,-0.376493,0.262494,-0.199103,img_97.jpg
51633,1280,720,631.94293,353.39117,986.8637,986.74805,2.767,0.762,1.383,-0.867856,-0.367500,0.256251,-0.214721,img_98.jpg
51716,1280,720,631.94293,353.39117,986.8637,986.74805,2.815,0.761,1.377,-0.869840,-0.366559,0.257242,-0.206978,img_99.jpg
51804,1280,720,631.94293,353.39117,986.8637,986.74805,2.897,0.754,1.362,-0.871582,-0.357122,0.257453,-0.215701,img_100.jpg
51899,1280,720,631.94293,353.39117,986.8637,986.74805,2.981,0.747,1.344,-0.871413,-0.352398,0.265000,-0.215012,img_101.jpg
51982,1280,720,631.94293,353.39117,986.8637,986.74805,3.037,0.748,1.331,-0.874091,-0.350914,0.268799,-0.201422,img_102.jpg
52065,1280,720,631.94293,353.39117,986.8637,986.74805,3.124,0.753,1.314,-0.864873,-0.358123,0.270848,-0.224465,img_103.jpg
52160,1280,720,631.94293,353.39117,986.8637,986.74805,3.201,0.763,1.301,-0.862700,-0.363843,0.284113,-0.206509,img_104.jpg
52251,1280,720,631.94293,353.39117,986.8637,986.74805,3.254,0.765,1.291,-0.860541,-0.366459,0.283686,-0.211422,img_105.jpg
52339,1280,720,631.94293,353.39117,986.8637,986.74805,3.328,0.773,1.277,-0.863317,-0.357155,0.285103,-0.214106,img_106.jpg
52432,1280,720,631.94293,353.39117,986.8637,986.74805,3.409,0.776,1.265,-0.864797,-0.357425,0.283594,-0.209637,img_107.jpg
52534,1280,720,631.94293,353.39117,986.8637,986.74805,3.485,0.776,1.255,-0.868516,-0.357431,0.277474,-0.202313,img_108.jpg
52633,1280,720,631.94293,353.39117,986.8637,986.74805,3.567,0.782,1.245,-0.872023,-0.361161,0.270840,-0.189169,img_109.jpg
52733,1280,720,631.94293,353.39117,986.8637,986.74805,3.652,0.792,1.235,-0.871218,-0.364831,0.258739,-0.202314,img_110.jpg
52816,1280,720,631.94293,353.39117,986.8637,986.74805,3.702,0.803,1.230,-0.872945,-0.367335,0.256335,-0.193196,img_111.jpg
52898,1280,720,631.94293,353.39117,986.8637,986.74805,3.773,0.814,1.218,-0.880331,-0.366061,0.239583,-0.183350,img_112.jpg
52999,1280,720,631.94293,353.39117,986.8637,986.74805,3.839,0.823,1.199,-0.890792,-0.355085,0.219511,-0.179494,img_113.jpg
53082,1280,720,631.94293,353.39117,986.8637,986.74805,3.908,0.827,1.181,-0.896763,-0.348206,0.212742,-0.171199,img_114.jpg
53165,1280,720,631.94293,353.39117,986.8637,986.74805,3.955,0.825,1.164,-0.898579,-0.346375,0.205581,-0.174118,img_115.jpg
53247,1280,720,631.94293,353.39117,986.8637,986.74805,4.007,0.821,1.148,-0.899221,-0.348789,0.199126,-0.173486,img_116.jpg
53330,1280,720,631.94293,353.39117,986.8637,986.74805,4.087,0.821,1.118,-0.901769,-0.349269,0.188195,-0.171481,img_117.jpg
53418,1280,720,631.94293,353.39117,986.8637,986.74805,4.160,0.826,1.083,-0.903218,-0.352210,0.179929,-0.166644,img_118.jpg
53515,1280,720,631.94293,353.39117,986.8637,986.74805,4.209,0.834,1.060,-0.901480,-0.355475,0.176801,-0.172375,img_119.jpg
53601,1280,720,631.94293,353.39117,986.8637,986.74805,4.273,0.848,1.026,-0.901230,-0.363742,0.177178,-0.155190,img_120.jpg
53682,1280,720,631.94293,353.39117,986.8637,986.74805,4.314,0.853,1.000,-0.904314,-0.363442,0.163355,-0.153108,img_121.jpg
53767,1280,720,631.94293,353.39117,986.8637,986.74805,4.373,0.856,0.960,-0.911158,-0.355115,0.138384,-0.156635,img_122.jpg
53851,1280,720,631.94293,353.39117,986.8637,986.74805,4.426,0.858,0.925,-0.917260,-0.352974,0.114535,-0.144656,img_123.jpg
53935,1280,720,631.94293,353.39117,986.8637,986.74805,4.467,0.858,0.902,-0.920724,-0.351104,0.097444,-0.139636,img_124.jpg
54028,1280,720,631.94293,353.39117,986.8637,986.74805,4.526,0.856,0.877,-0.923689,-0.353184,0.072987,-0.129354,img_125.jpg
54116,1280,720,631.94293,353.39117,986.8637,986.74805,4.558,0.856,0.863,-0.926066,-0.355523,0.052907,-0.114914,img_126.jpg
54201,1280,720,631.94293,353.39117,986.8637,986.74805,4.616,0.863,0.842,-0.928409,-0.358170,0.015100,-0.097688,img_127.jpg
54286,1280,720,631.94293,353.39117,986.8637,986.74805,4.665,0.875,0.820,-0.932522,-0.351415,-0.016736,-0.081430,img_128.jpg
54383,1280,720,631.94293,353.39117,986.8637,986.74805,4.711,0.880,0.794,-0.936979,-0.339052,-0.048129,-0.069268,img_129.jpg
54465,1280,720,631.94293,353.39117,986.8637,986.74805,4.740,0.879,0.776,-0.936760,-0.336742,-0.065048,-0.069669,img_130.jpg
54551,1280,720,631.94293,353.39117,986.8637,986.74805,4.766,0.878,0.754,-0.936397,-0.334751,-0.083382,-0.064425,img_131.jpg
54640,1280,720,631.94293,353.39117,986.8637,986.74805,4.802,0.871,0.715,-0.936865,-0.323941,-0.116543,-0.061353,img_132.jpg
54728,1280,720,631.94293,353.39117,986.8637,986.74805,4.843,0.858,0.670,-0.934364,-0.319228,-0.149012,-0.053413,img_133.jpg
54816,1280,720,631.94293,353.39117,986.8637,986.74805,4.872,0.848,0.621,-0.933961,-0.309069,-0.175057,-0.039352,img_134.jpg
54921,1280,720,631.94293,353.39117,986.8637,986.74805,4.898,0.845,0.568,-0.931413,-0.300647,-0.204077,-0.020821,img_135.jpg
55016,1280,720,631.94293,353.39117,986.8637,986.74805,4.920,0.850,0.513,-0.932199,-0.285748,-0.221451,-0.017677,img_136.jpg
55099,1280,720,631.94293,353.39117,986.8637,986.74805,4.932,0.854,0.485,-0.926293,-0.292837,-0.237102,0.003417,img_137.jpg
55182,1280,720,631.94293,353.39117,986.8637,986.74805,4.953,0.853,0.437,-0.921394,-0.283688,-0.265599,-0.003266,img_138.jpg
55283,1280,720,631.94293,353.39117,986.8637,986.74805,4.962,0.851,0.399,-0.917601,-0.276253,-0.285791,0.003933,img_139.jpg
55367,1280,720,631.94293,353.39117,986.8637,986.74805,4.975,0.847,0.372,-0.913858,-0.273440,-0.300071,0.007232,img_140.jpg
55468,1280,720,631.94293,353.39117,986.8637,986.74805,4.992,0.844,0.327,-0.906865,-0.266475,-0.326044,0.016803,img_141.jpg
55568,1280,720,631.94293,353.39117,986.8637,986.74805,5.007,0.841,0.281,-0.897548,-0.260676,-0.354477,0.028310,img_142.jpg
55651,1280,720,631.94293,353.39117,986.8637,986.74805,5.030,0.841,0.226,-0.887491,-0.251538,-0.384195,0.038499,img_143.jpg
55751,1280,720,631.94293,353.39117,986.8637,986.74805,5.050,0.843,0.176,-0.875777,-0.239634,-0.415964,0.050639,img_144.jpg
55833,1280,720,631.94293,353.39117,986.8637,986.74805,5.062,0.843,0.137,-0.865378,-0.237406,-0.438683,0.048136,img_145.jpg
55918,1280,720,631.94293,353.39117,986.8637,986.74805,5.071,0.846,0.093,-0.852724,-0.226388,-0.466581,0.062552,img_146.jpg
56000,1280,720,631.94293,353.39117,986.8637,986.74805,5.074,0.842,0.064,-0.847343,-0.218783,-0.480264,0.059084,img_147.jpg
56078,1280,720,631.94293,353.39117,986.8637,986.74805,5.068,0.837,0.018,-0.829906,-0.219405,-0.508580,0.066806,img_148.jpg
56166,1280,720,631.94293,353.39117,986.8637,986.74805,5.062,0.831,-0.016,-0.821084,-0.213381,-0.524185,0.074297,img_149.jpg
56243,1280,720,631.94293,353.39117,986.8637,986.74805,5.055,0.827,-0.051,-0.811571,-0.211284,-0.538157,0.084254,img_150.jpg
56322,1280,720,631.94293,353.39117,986.8637,986.74805,5.041,0.816,-0.110,-0.798101,-0.206805,-0.557461,0.097483,img_151.jpg
56400,1280,720,631.94293,353.39117,986.8637,986.74805,5.026,0.811,-0.151,-0.789305,-0.201421,-0.570000,0.107363,img_152.jpg
56481,1280,720,631.94293,353.39117,986.8637,986.74805,4.997,0.804,-0.219,-0.777573,-0.187063,-0.590815,0.106416,img_153.jpg
56565,1280,720,631.94293,353.39117,986.8637,986.74805,4.978,0.804,-0.258,-0.771576,-0.181590,-0.599062,0.113228,img_154.jpg
56639,1280,720,631.94293,353.39117,986.8637,986.74805,4.963,0.805,-0.300,-0.759474,-0.184527,-0.611506,0.123325,img_155.jpg
56720,1280,720,631.94293,353.39117,986.8637,986.74805,4.933,0.805,-0.350,-0.745064,-0.168846,-0.632126,0.129565,img_156.jpg
56801,1280,720,631.94293,353.39117,986.8637,986.74805,4.918,0.804,-0.382,-0.733973,-0.162448,-0.644790,0.138349,img_157.jpg
56881,1280,720,631.94293,353.39117,986.8637,986.74805,4.889,0.802,-0.427,-0.712949,-0.147827,-0.668712,0.150582,img_158.jpg
56966,1280,720,631.94293,353.39117,986.8637,986.74805,4.869,0.801,-0.456,-0.697671,-0.137264,-0.684893,0.159172,img_159.jpg
57045,1280,720,631.94293,353.39117,986.8637,986.74805,4.847,0.802,-0.487,-0.677916,-0.132674,-0.703448,0.167297,img_160.jpg
57126,1280,720,631.94293,353.39117,986.8637,986.74805,4.812,0.800,-0.539,-0.645618,-0.126543,-0.730042,0.184937,img_161.jpg
57223,1280,720,631.94293,353.39117,986.8637,986.74805,4.783,0.800,-0.582,-0.621800,-0.111940,-0.754690,0.176856,img_162.jpg
57319,1280,720,631.94293,353.39117,986.8637,986.74805,4.747,0.802,-0.615,-0.592085,-0.103170,-0.776690,0.188532,img_163.jpg
57401,1280,720,631.94293,353.39117,986.8637,986.74805,4.719,0.801,-0.629,-0.577943,-0.085400,-0.786854,0.198871,img_164.jpg
57482,1280,720,631.94293,353.39117,986.8637,986.74805,4.685,0.797,-0.647,-0.554531,-0.078023,-0.802784,0.204807,img_165.jpg
57566,1280,720,631.94293,353.39117,986.8637,986.74805,4.656,0.793,-0.659,-0.541633,-0.069822,-0.810754,0.210798,img_166.jpg
57649,1280,720,631.94293,353.39117,986.8637,986.74805,4.626,0.787,-0.663,-0.530449,-0.063212,-0.816731,0.218124,img_167.jpg
57735,1280,720,631.94293,353.39117,986.8637,986.74805,4.578,0.777,-0.672,-0.516350,-0.056145,-0.824171,0.225771,img_168.jpg
57818,1280,720,631.94293,353.39117,986.8637,986.74805,4.524,0.769,-0.682,-0.509322,-0.049883,-0.824643,0.240972,img_169.jpg
57918,1280,720,631.94293,353.39117,986.8637,986.74805,4.464,0.766,-0.684,-0.498715,-0.035021,-0.827842,0.254431,img_170.jpg
58000,1280,720,631.94293,353.39117,986.8637,986.74805,4.422,0.765,-0.686,-0.497705,-0.027158,-0.827816,0.257434,img_171.jpg
58086,1280,720,631.94293,353.39117,986.8637,986.74805,4.384,0.767,-0.691,-0.491528,-0.032636,-0.829891,0.261947,img_172.jpg
58163,1280,720,631.94293,353.39117,986.8637,986.74805,4.323,0.763,-0.694,-0.476330,-0.030690,-0.838799,0.261887,img_173.jpg
58251,1280,720,631.94293,353.39117,986.8637,986.74805,4.269,0.761,-0.693,-0.467628,-0.026950,-0.841678,0.268657,img_174.jpg
58334,1280,720,631.94293,353.39117,986.8637,986.74805,4.243,0.763,-0.694,-0.463692,-0.025558,-0.843751,0.269109,img_175.jpg
58414,1280,720,631.94293,353.39117,986.8637,986.74805,4.198,0.763,-0.697,-0.454802,-0.024868,-0.846455,0.275773,img_176.jpg
58501,1280,720,631.94293,353.39117,986.8637,986.74805,4.157,0.761,-0.701,-0.450189,-0.020800,-0.847323,0.280964,img_177.jpg
58583,1280,720,631.94293,353.39117,986.8637,986.74805,4.111,0.759,-0.709,-0.440675,-0.014782,-0.852937,0.279439,img_178.jpg
58662,1280,720,631.94293,353.39117,986.8637,986.74805,4.049,0.761,-0.716,-0.424300,-0.013748,-0.861629,0.278166,img_179.jpg
58752,1280,720,631.94293,353.39117,986.8637,986.74805,3.978,0.763,-0.723,-0.416713,-0.001534,-0.870513,0.261830,img_180.jpg
58835,1280,720,631.94293,353.39117,986.8637,986.74805,3.943,0.771,-0.724,-0.405214,-0.005827,-0.873061,0.271168,img_181.jpg
58923,1280,720,631.94293,353.39117,986.8637,986.74805,3.889,0.777,-0.721,-0.393910,0.005427,-0.875356,0.280281,img_182.jpg
59021,1280,720,631.94293,353.39117,986.8637,986.74805,3.833,0.776,-0.719,-0.382633,0.005082,-0.880034,0.281259,img_183.jpg
59118,1280,720,631.94293,353.39117,986.8637,986.74805,3.765,0.766,-0.714,-0.379241,0.012331,-0.880826,0.283144,img_184.jpg
59201,1280,720,631.94293,353.39117,986.8637,986.74805,3.723,0.757,-0.709,-0.377499,0.008114,-0.882017,0.281912,img_185.jpg
59288,1280,720,631.94293,353.39117,986.8637,986.74805,3.655,0.743,-0.699,-0.383037,0.005105,-0.879997,0.280822,img_186.jpg
59367,1280,720,631.94293,353.39117,986.8637,986.74805,3.608,0.739,-0.689,-0.387549,-0.005781,-0.875615,0.288219,img_187.jpg
59460,1280,720,631.94293,353.39117,986.8637,986.74805,3.561,0.737,-0.679,-0.394266,-0.011168,-0.873284,0.286015,img_188.jpg
59542,1280,720,631.94293,353.39117,986.8637,986.74805,3.485,0.739,-0.669,-0.422929,-0.017131,-0.862442,0.277547,img_189.jpg
59621,1280,720,631.94293,353.39117,986.8637,986.74805,3.422,0.743,-0.658,-0.440775,-0.032429,-0.856428,0.266826,img_190.jpg
59717,1280,720,631.94293,353.39117,986.8637,986.74805,3.359,0.744,-0.648,-0.450257,-0.030975,-0.852883,0.262489,img_191.jpg
59801,1280,720,631.94293,353.39117,986.8637,986.74805,3.319,0.744,-0.643,-0.450481,-0.039554,-0.851677,0.264854,img_192.jpg
59882,1280,720,631.94293,353.39117,986.8637,986.74805,3.259,0.737,-0.638,-0.450002,-0.040342,-0.853654,0.259126,img_193.jpg
59967,1280,720,631.94293,353.39117,986.8637,986.74805,3.216,0.734,-0.632,-0.447050,-0.034728,-0.855546,0.258807,img_194.jpg
60043,1280,720,631.94293,353.39117,986.8637,986.74805,3.173,0.729,-0.631,-0.443906,-0.027666,-0.860924,0.246965,img_195.jpg
60118,1280,720,631.94293,353.39117,986.8637,986.74805,3.106,0.728,-0.629,-0.429710,-0.031140,-0.869878,0.240192,img_196.jpg
60200,1280,720,631.94293,353.39117,986.8637,986.74805,3.061,0.731,-0.627,-0.426626,-0.024166,-0.871254,0.241503,img_197.jpg
60286,1280,720,631.94293,353.39117,986.8637,986.74805,2.997,0.734,-0.631,-0.426262,-0.019967,-0.872821,0.236824,img_198.jpg
60367,1280,720,631.94293,353.39117,986.8637,986.74805,2.959,0.739,-0.630,-0.410148,-0.018399,-0.876929,0.249870,img_199.jpg
60440,1280,720,631.94293,353.39117,986.8637,986.74805,2.921,0.739,-0.625,-0.408523,-0.003520,-0.876292,0.255359,img_200.jpg
60517,1280,720,631.94293,353.39117,986.8637,986.74805,2.870,0.740,-0.622,-0.399552,-0.005743,-0.879615,0.258074,img_201.jpg
60600,1280,720,631.94293,353.39117,986.8637,986.74805,2.842,0.738,-0.622,-0.389917,0.000144,-0.883525,0.259516,img_202.jpg
60684,1280,720,631.94293,353.39117,986.8637,986.74805,2.800,0.736,-0.623,-0.373139,0.001924,-0.888258,0.267883,img_203.jpg
60766,1280,720,631.94293,353.39117,986.8637,986.74805,2.764,0.730,-0.623,-0.405381,0.004360,-0.873382,0.269910,img_204.jpg
60851,1280,720,631.94293,353.39117,986.8637,986.74805,2.712,0.724,-0.626,-0.439630,-0.000099,-0.856672,0.269885,img_205.jpg
60934,1280,720,631.94293,353.39117,986.8637,986.74805,2.673,0.723,-0.624,-0.439760,-0.000222,-0.857152,0.268146,img_206.jpg
61004,1280,720,631.94293,353.39117,986.8637,986.74805,2.632,0.722,-0.622,-0.447488,0.002615,-0.854405,0.264083,img_207.jpg
61076,1280,720,631.94293,353.39117,986.8637,986.74805,2.577,0.721,-0.620,-0.464351,0.015726,-0.847909,0.255304,img_208.jpg
61149,1280,720,631.94293,353.39117,986.8637,986.74805,2.546,0.721,-0.621,-0.467373,0.007230,-0.847083,0.252903,img_209.jpg
61220,1280,720,631.94293,353.39117,986.8637,986.74805,2.531,0.720,-0.625,-0.469452,0.000791,-0.848867,0.242981,img_210.jpg
61300,1280,720,631.94293,353.39117,986.8637,986.74805,2.501,0.715,-0.627,-0.471149,0.006140,-0.849018,0.239060,img_211.jpg
61374,1280,720,631.94293,353.39117,986.8637,986.74805,2.457,0.711,-0.627,-0.468815,0.011637,-0.848110,0.246551,img_212.jpg
61450,1280,720,631.94293,353.39117,986.8637,986.74805,2.425,0.707,-0.630,-0.468029,0.011983,-0.848588,0.246381,img_213.jpg
61518,1280,720,631.94293,353.39117,986.8637,986.74805,2.390,0.703,-0.633,-0.462327,0.012693,-0.851175,0.248183,img_214.jpg
61600,1280,720,631.94293,353.39117,986.8637,986.74805,2.358,0.700,-0.639,-0.450900,0.012956,-0.856801,0.249826,img_215.jpg
61673,1280,720,631.94293,353.39117,986.8637,986.74805,2.321,0.699,-0.645,-0.438169,0.010510,-0.862181,0.254051,img_216.jpg
61744,1280,720,631.94293,353.39117,986.8637,986.74805,2.264,0.699,-0.654,-0.427418,0.030861,-0.864830,0.261592,img_217.jpg
61820,1280,720,631.94293,353.39117,986.8637,986.74805,2.226,0.703,-0.660,-0.421302,0.045717,-0.866295,0.264476,img_218.jpg
61901,1280,720,631.94293,353.39117,986.8637,986.74805,2.193,0.706,-0.667,-0.401249,0.048285,-0.874866,0.266979,img_219.jpg
61971,1280,720,631.94293,353.39117,986.8637,986.74805,2.163,0.707,-0.672,-0.390051,0.050997,-0.878247,0.271923,img_220.jpg
62050,1280,720,631.94293,353.39117,986.8637,986.74805,2.115,0.703,-0.676,-0.366870,0.069635,-0.886559,0.273075,img_221.jpg
62119,1280,720,631.94293,353.39117,986.8637,986.74805,2.084,0.700,-0.673,-0.363188,0.080155,-0.885687,0.277900,img_222.jpg
62201,1280,720,631.94293,353.39117,986.8637,986.74805,2.049,0.698,-0.667,-0.352825,0.084094,-0.888233,0.281931,img_223.jpg
62272,1280,720,631.94293,353.39117,986.8637,986.74805,2.016,0.692,-0.661,-0.346531,0.095122,-0.888677,0.284817,img_224.jpg
62346,1280,720,631.94293,353.39117,986.8637,986.74805,1.980,0.685,-0.653,-0.340392,0.103038,-0.888885,0.288792,img_225.jpg
62420,1280,720,631.94293,353.39117,986.8637,986.74805,1.926,0.677,-0.636,-0.328024,0.104422,-0.891135,0.295592,img_226.jpg
62501,1280,720,631.94293,353.39117,986.8637,986.74805,1.889,0.674,-0.625,-0.319885,0.098013,-0.892311,0.303066,img_227.jpg
62573,1280,720,631.94293,353.39117,986.8637,986.74805,1.854,0.670,-0.610,-0.308260,0.104067,-0.894812,0.305710,img_228.jpg
62650,1280,720,631.94293,353.39117,986.8637,986.74805,1.819,0.668,-0.596,-0.311011,0.116252,-0.891070,0.309439,img_229.jpg
62725,1280,720,631.94293,353.39117,986.8637,986.74805,1.771,0.667,-0.579,-0.300427,0.129083,-0.893200,0.308668,img_230.jpg
62800,1280,720,631.94293,353.39117,986.8637,986.74805,1.743,0.666,-0.568,-0.296373,0.127478,-0.895283,0.307215,img_231.jpg
62876,1280,720,631.94293,353.39117,986.8637,986.74805,1.703,0.665,-0.551,-0.290318,0.125598,-0.896457,0.310330,img_232.jpg
62966,1280,720,631.94293,353.39117,986.8637,986.74805,1.680,0.664,-0.541,-0.285968,0.127535,-0.896561,0.313266,img_233.jpg
63040,1280,720,631.94293,353.39117,986.8637,986.74805,1.654,0.662,-0.532,-0.276669,0.132318,-0.898031,0.315414,img_234.jpg
63119,1280,720,631.94293,353.39117,986.8637,986.74805,1.620,0.661,-0.519,-0.258301,0.140627,-0.901202,0.318340,img_235.jpg
63201,1280,720,631.94293,353.39117,986.8637,986.74805,1.592,0.658,-0.510,-0.246312,0.145400,-0.903205,0.320016,img_236.jpg
63283,1280,720,631.94293,353.39117,986.8637,986.74805,1.557,0.656,-0.501,-0.230167,0.152561,-0.905516,0.322163,img_237.jpg
63368,1280,720,631.94293,353.39117,986.8637,986.74805,1.526,0.654,-0.495,-0.223119,0.157220,-0.905481,0.324968,img_238.jpg
63447,1280,720,631.94293,353.39117,986.8637,986.74805,1.500,0.654,-0.492,-0.212508,0.160781,-0.906435,0.327667,img_239.jpg
63523,1280,720,631.94293,353.39117,986.8637,986.74805,1.462,0.657,-0.490,-0.201541,0.165406,-0.907720,0.328736,img_240.jpg
63620,1280,720,631.94293,353.39117,986.8637,986.74805,1.422,0.658,-0.487,-0.189503,0.170257,-0.907631,0.333628,img_241.jpg
