time,sizeX,sizeY,p_x,p_y,f_x,f_y,pos_X,pos_Y,pos_Z,q_x,q_y,q_z,q_w,marker_ID,marker_x,marker_y,marker_z,marker_qx,marker_qy,marker_qz,marker_qw,marker_ID,marker_x,marker_y,marker_z,marker_qx,marker_qy,marker_qz,marker_qw,marker_ID,marker_x,marker_y,marker_z,marker_qx,marker_qy,marker_qz,marker_qw,
35714,1280,720,631.94293,353.39117,986.8637,986.74805,0.039,0.214,0.436,-0.968861,-0.132600,-0.202240,-0.053155,img_1.jpg
35805,1280,720,631.94293,353.39117,986.8637,986.74805,0.039,0.214,0.437,-0.969091,-0.132648,-0.201166,-0.052910,img_2.jpg
35899,1280,720,631.94293,353.39117,986.8637,986.74805,0.038,0.215,0.439,-0.969490,-0.131481,-0.199778,-0.053762,img_3.jpg
35985,1280,720,631.94293,353.39117,986.8637,986.74805,0.038,0.215,0.442,-0.969657,-0.129814,-0.200288,-0.052896,img_4.jpg
36064,1280,720,631.94293,353.39117,986.8637,986.74805,0.038,0.215,0.445,-0.969903,-0.127757,-0.199904,-0.054814,img_5.jpg
36145,1280,720,631.94293,353.39117,986.8637,986.74805,0.039,0.216,0.450,-0.969978,-0.128441,-0.199151,-0.054637,img_6.jpg
36232,1280,720,631.94293,353.39117,986.8637,986.74805,0.040,0.218,0.456,-0.969650,-0.130528,-0.198874,-0.056479,img_7.jpg
36315,1280,720,631.94293,353.39117,986.8637,986.74805,0.040,0.219,0.461,-0.969514,-0.129879,-0.199625,-0.057664,img_8.jpg,aruco_1.jpg,0.17725144,0.17725144,0.051,0.119,0.098,-0.605714,-0.240907,0.007029,0.007029
36398,1280,720,631.94293,353.39117,986.8637,986.74805,0.041,0.220,0.467,-0.968811,-0.130630,-0.201126,-0.062363,img_9.jpg
36474,1280,720,631.94293,353.39117,986.8637,986.74805,0.045,0.222,0.471,-0.968422,-0.130584,-0.200265,-0.070717,img_10.jpg
36566,1280,720,631.94293,353.39117,986.8637,986.74805,0.052,0.227,0.475,-0.967809,-0.133012,-0.198679,-0.078613,img_11.jpg
36665,1280,720,631.94293,353.39117,986.8637,986.74805,0.058,0.230,0.479,-0.967656,-0.136001,-0.197785,-0.077629,img_12.jpg
36749,1280,720,631.94293,353.39117,986.8637,986.74805,0.071,0.236,0.482,-0.966053,-0.148225,-0.192828,-0.087110,img_13.jpg
36849,1280,720,631.94293,353.39117,986.8637,986.74805,0.085,0.242,0.486,-0.964430,-0.158370,-0.186806,-0.099487,img_14.jpg
36939,1280,720,631.94293,353.39117,986.8637,986.74805,0.101,0.247,0.488,-0.960452,-0.172811,-0.183674,-0.118032,img_15.jpg
37032,1280,720,631.94293,353.39117,986.8637,986.74805,0.112,0.249,0.490,-0.958626,-0.181678,-0.177579,-0.128436,img_16.jpg
37114,1280,720,631.94293,353.39117,986.8637,986.74805,0.128,0.254,0.495,-0.955105,-0.196471,-0.168890,-0.143700,img_17.jpg
37216,1280,720,631.94293,353.39117,986.8637,986.74805,0.144,0.257,0.500,-0.952733,-0.207634,-0.155948,-0.157694,img_18.jpg
37300,1280,720,631.94293,353.39117,986.8637,986.74805,0.154,0.259,0.504,-0.952480,-0.212151,-0.142968,-0.165328,img_19.jpg,aruco_1.jpg,0.1743464,0.1743464,0.051,0.121,0.103,-0.611137,-0.237341,0.009343,0.009343
37386,1280,720,631.94293,353.39117,986.8637,986.74805,0.170,0.257,0.510,-0.950885,-0.215552,-0.120649,-0.186543,img_20.jpg
37482,1280,720,631.94293,353.39117,986.8637,986.74805,0.187,0.257,0.518,-0.950385,-0.218917,-0.091494,-0.201180,img_21.jpg
37569,1280,720,631.94293,353.39117,986.8637,986.74805,0.201,0.259,0.524,-0.949309,-0.224242,-0.069184,-0.209146,img_22.jpg
37649,1280,720,631.94293,353.39117,986.8637,986.74805,0.220,0.264,0.531,-0.950725,-0.224748,-0.024040,-0.212207,img_23.jpg
37749,1280,720,631.94293,353.39117,986.8637,986.74805,0.240,0.270,0.541,-0.947304,-0.229812,0.024224,-0.221844,img_24.jpg
37850,1280,720,631.94293,353.39117,986.8637,986.74805,0.254,0.277,0.550,-0.941086,-0.238442,0.069442,-0.229524,img_25.jpg
37932,1280,720,631.94293,353.39117,986.8637,986.74805,0.266,0.286,0.559,-0.934279,-0.243088,0.103862,-0.239255,img_26.jpg
38015,1280,720,631.94293,353.39117,986.8637,986.74805,0.272,0.294,0.567,-0.928298,-0.243460,0.125563,-0.251443,img_27.jpg
38098,1280,720,631.94293,353.39117,986.8637,986.74805,0.283,0.308,0.583,-0.919050,-0.234887,0.165393,-0.269852,img_28.jpg
38182,1280,720,631.94293,353.39117,986.8637,986.74805,0.291,0.324,0.596,-0.912380,-0.231622,0.192866,-0.276978,img_29.jpg
38266,1280,720,631.94293,353.39117,986.8637,986.74805,0.300,0.343,0.610,-0.904213,-0.232212,0.220091,-0.282905,img_30.jpg
38345,1280,720,631.94293,353.39117,986.8637,986.74805,0.311,0.372,0.627,-0.893673,-0.231878,0.257360,-0.285214,img_31.jpg
38432,1280,720,631.94293,353.39117,986.8637,986.74805,0.318,0.393,0.639,-0.882779,-0.236009,0.282440,-0.291939,img_32.jpg
38515,1280,720,631.94293,353.39117,986.8637,986.74805,0.321,0.403,0.640,-0.877604,-0.236709,0.293273,-0.296263,img_33.jpg
38599,1280,720,631.94293,353.39117,986.8637,986.74805,0.325,0.406,0.639,-0.871324,-0.239593,0.301341,-0.304276,img_34.jpg
38669,1280,720,631.94293,353.39117,986.8637,986.74805,0.321,0.416,0.640,-0.868429,-0.230517,0.314306,-0.306439,img_35.jpg
38750,1280,720,631.94293,353.39117,986.8637,986.74805,0.317,0.423,0.641,-0.866724,-0.226197,0.321175,-0.307361,img_36.jpg
38832,1280,720,631.94293,353.39117,986.8637,986.74805,0.318,0.427,0.640,-0.865433,-0.222527,0.326331,-0.308248,img_37.jpg
38907,1280,720,631.94293,353.39117,986.8637,986.74805,0.315,0.432,0.639,-0.864630,-0.218812,0.329467,-0.309819,img_38.jpg
38990,1280,720,631.94293,353.39117,986.8637,986.74805,0.315,0.439,0.638,-0.862882,-0.219060,0.333719,-0.309967,img_39.jpg
39074,1280,720,631.94293,353.39117,986.8637,986.74805,0.314,0.447,0.637,-0.863661,-0.222384,0.333612,-0.305513,img_40.jpg
39167,1280,720,631.94293,353.39117,986.8637,986.74805,0.313,0.450,0.636,-0.865934,-0.216971,0.331911,-0.304825,img_41.jpg
39251,1280,720,631.94293,353.39117,986.8637,986.74805,0.313,0.453,0.634,-0.868359,-0.209524,0.329985,-0.305224,img_42.jpg
39332,1280,720,631.94293,353.39117,986.8637,986.74805,0.311,0.459,0.633,-0.870367,-0.207699,0.328590,-0.302243,img_43.jpg
39421,1280,720,631.94293,353.39117,986.8637,986.74805,0.312,0.469,0.633,-0.872421,-0.205165,0.329447,-0.297075,img_44.jpg
39515,1280,720,631.94293,353.39117,986.8637,986.74805,0.319,0.484,0.639,-0.870474,-0.210100,0.336701,-0.291145,img_45.jpg
39598,1280,720,631.94293,353.39117,986.8637,986.74805,0.324,0.494,0.644,-0.869857,-0.211170,0.342713,-0.285138,img_46.jpg
39680,1280,720,631.94293,353.39117,986.8637,986.74805,0.331,0.504,0.650,-0.868306,-0.208598,0.349626,-0.283360,img_47.jpg
39767,1280,720,631.94293,353.39117,986.8637,986.74805,0.335,0.508,0.653,-0.865721,-0.210160,0.352789,-0.286182,img_48.jpg
39850,1280,720,631.94293,353.39117,986.8637,986.74805,0.341,0.517,0.654,-0.865377,-0.210057,0.357410,-0.281526,img_49.jpg
39932,1280,720,631.94293,353.39117,986.8637,986.74805,0.351,0.528,0.657,-0.864158,-0.213674,0.360833,-0.278162,img_50.jpg
40017,1280,720,631.94293,353.39117,986.8637,986.74805,0.360,0.535,0.662,-0.860787,-0.215544,0.369526,-0.275749,img_51.jpg
40087,1280,720,631.94293,353.39117,986.8637,986.74805,0.373,0.541,0.670,-0.856202,-0.221346,0.377539,-0.274569,img_52.jpg
40166,1280,720,631.94293,353.39117,986.8637,986.74805,0.396,0.548,0.688,-0.847956,-0.227146,0.396458,-0.268695,img_53.jpg
40249,1280,720,631.94293,353.39117,986.8637,986.74805,0.414,0.551,0.703,-0.842362,-0.235023,0.406473,-0.264519,img_54.jpg
40333,1280,720,631.94293,353.39117,986.8637,986.74805,0.449,0.555,0.730,-0.835095,-0.237982,0.423895,-0.257478,img_55.jpg
40416,1280,720,631.94293,353.39117,986.8637,986.74805,0.476,0.559,0.755,-0.829685,-0.247947,0.433371,-0.249668,img_56.jpg
40491,1280,720,631.94293,353.39117,986.8637,986.74805,0.505,0.564,0.784,-0.823669,-0.250881,0.446516,-0.243416,img_57.jpg
40570,1280,720,631.94293,353.39117,986.8637,986.74805,0.550,0.574,0.834,-0.811822,-0.253248,0.468799,-0.238824,img_58.jpg
40652,1280,720,631.94293,353.39117,986.8637,986.74805,0.579,0.580,0.871,-0.804175,-0.254938,0.481206,-0.238222,img_59.jpg
40735,1280,720,631.94293,353.39117,986.8637,986.74805,0.622,0.587,0.926,-0.794021,-0.260673,0.494355,-0.239152,img_60.jpg
40832,1280,720,631.94293,353.39117,986.8637,986.74805,0.665,0.594,0.979,-0.781495,-0.269021,0.509064,-0.240307,img_61.jpg
40915,1280,720,631.94293,353.39117,986.8637,986.74805,0.696,0.599,1.012,-0.774363,-0.270528,0.519564,-0.239227,img_62.jpg
40999,1280,720,631.94293,353.39117,986.8637,986.74805,0.745,0.603,1.058,-0.760873,-0.279376,0.535101,-0.238094,img_63.jpg
41081,1280,720,631.94293,353.39117,986.8637,986.74805,0.779,0.606,1.086,-0.751631,-0.287672,0.544139,-0.237082,img_64.jpg
41156,1280,720,631.94293,353.39117,986.8637,986.74805,0.811,0.609,1.110,-0.743972,-0.291400,0.554722,-0.232113,img_65.jpg
41255,1280,720,631.94293,353.39117,986.8637,986.74805,0.868,0.612,1.149,-0.732576,-0.295022,0.568252,-0.231052,img_66.jpg
41337,1280,720,631.94293,353.39117,986.8637,986.74805,0.929,0.617,1.185,-0.726063,-0.294759,0.578551,-0.226339,img_67.jpg
41433,1280,720,631.94293,353.39117,986.8637,986.74805,0.996,0.623,1.218,-0.720998,-0.295912,0.585389,-0.223422,img_68.jpg
41516,1280,720,631.94293,353.39117,986.8637,986.74805,1.045,0.628,1.237,-0.716001,-0.305624,0.584787,-0.227950,img_69.jpg
41591,1280,720,631.94293,353.39117,986.8637,986.74805,1.093,0.636,1.256,-0.709354,-0.316749,0.588023,-0.225204,img_70.jpg
41670,1280,720,631.94293,353.39117,986.8637,986.74805,1.140,0.644,1.278,-0.709042,-0.317947,0.591544,-0.215047,img_71.jpg
41747,1280,720,631.94293,353.39117,986.8637,986.74805,1.211,0.650,1.310,-0.698520,-0.314115,0.606403,-0.213724,img_72.jpg
41833,1280,720,631.94293,353.39117,986.8637,986.74805,1.286,0.654,1.340,-0.694198,-0.307104,0.617048,-0.207431,img_73.jpg
41917,1280,720,631.94293,353.39117,986.8637,986.74805,1.336,0.653,1.357,-0.693794,-0.302971,0.620475,-0.204622,img_74.jpg
42000,1280,720,631.94293,353.39117,986.8637,986.74805,1.414,0.656,1.383,-0.700289,-0.291710,0.620766,-0.197862,img_75.jpg
42082,1280,720,631.94293,353.39117,986.8637,986.74805,1.469,0.660,1.401,-0.705932,-0.284265,0.619315,-0.193138,img_76.jpg
42170,1280,720,631.94293,353.39117,986.8637,986.74805,1.547,0.669,1.427,-0.714180,-0.282844,0.613255,-0.184022,img_77.jpg
42252,1280,720,631.94293,353.39117,986.8637,986.74805,1.599,0.676,1.442,-0.713674,-0.292356,0.609246,-0.184434,img_78.jpg
42325,1280,720,631.94293,353.39117,986.8637,986.74805,1.647,0.682,1.456,-0.717829,-0.296437,0.603758,-0.179786,img_79.jpg
42416,1280,720,631.94293,353.39117,986.8637,986.74805,1.717,0.682,1.468,-0.718538,-0.303005,0.596085,-0.191244,img_80.jpg
42500,1280,720,631.94293,353.39117,986.8637,986.74805,1.776,0.682,1.474,-0.722783,-0.298823,0.592136,-0.194072,img_81.jpg
42582,1280,720,631.94293,353.39117,986.8637,986.74805,1.821,0.680,1.481,-0.722361,-0.301756,0.590900,-0.194873,img_82.jpg
42668,1280,720,631.94293,353.39117,986.8637,986.74805,1.887,0.675,1.487,-0.722745,-0.305081,0.587963,-0.197141,img_83.jpg
42751,1280,720,631.94293,353.39117,986.8637,986.74805,1.936,0.671,1.490,-0.725304,-0.300887,0.587344,-0.196032,img_84.jpg
42833,1280,720,631.94293,353.39117,986.8637,986.74805,2.008,0.667,1.486,-0.724510,-0.300262,0.588609,-0.196130,img_85.jpg
42917,1280,720,631.94293,353.39117,986.8637,986.74805,2.063,0.666,1.486,-0.712904,-0.307568,0.596571,-0.203157,img_86.jpg
42999,1280,720,631.94293,353.39117,986.8637,986.74805,2.134,0.667,1.487,-0.702392,-0.310117,0.609052,-0.198816,img_87.jpg
43085,1280,720,631.94293,353.39117,986.8637,986.74805,2.177,0.666,1.493,-0.691724,-0.316290,0.618286,-0.197992,img_88.jpg
43168,1280,720,631.94293,353.39117,986.8637,986.74805,2.215,0.667,1.501,-0.684334,-0.322077,0.625036,-0.193089,img_89.jpg
43244,1280,720,631.94293,353.39117,986.8637,986.74805,2.273,0.662,1.509,-0.682445,-0.314057,0.631052,-0.193421,img_90.jpg
43333,1280,720,631.94293,353.39117,986.8637,986.74805,2.338,0.653,1.524,-0.673060,-0.314109,0.641582,-0.191568,img_91.jpg
43416,1280,720,631.94293,353.39117,986.8637,986.74805,2.380,0.648,1.534,-0.670676,-0.307691,0.646869,-0.192564,img_92.jpg
43500,1280,720,631.94293,353.39117,986.8637,986.74805,2.439,0.643,1.548,-0.678838,-0.298502,0.639327,-0.203312,img_93.jpg
43582,1280,720,631.94293,353.39117,986.8637,986.74805,2.479,0.639,1.559,-0.673092,-0.309996,0.634673,-0.219179,img_94.jpg
43654,1280,720,631.94293,353.39117,986.8637,986.74805,2.515,0.632,1.567,-0.664572,-0.315694,0.636730,-0.230773,img_95.jpg
43728,1280,720,631.94293,353.39117,986.8637,986.74805,2.544,0.626,1.576,-0.635541,-0.324119,0.658680,-0.239113,img_96.jpg
43806,1280,720,631.94293,353.39117,986.8637,986.74805,2.582,0.623,1.598,-0.583788,-0.348964,0.696423,-0.228935,img_97.jpg
43900,1280,720,631.94293,353.39117,986.8637,986.74805,2.613,0.622,1.616,-0.530754,-0.349224,0.737326,-0.229551,img_98.jpg
43982,1280,720,631.94293,353.39117,986.8637,986.74805,2.632,0.623,1.628,-0.494481,-0.346373,0.764859,-0.224734,img_99.jpg
44053,1280,720,631.94293,353.39117,986.8637,986.74805,2.657,0.623,1.639,-0.458370,-0.339004,0.789949,-0.225729,img_100.jpg
44136,1280,720,631.94293,353.39117,986.8637,986.74805,2.697,0.625,1.653,-0.407104,-0.331839,0.820704,-0.224931,img_101.jpg
44217,1280,720,631.94293,353.39117,986.8637,986.74805,2.724,0.626,1.660,-0.374253,-0.327222,0.836336,-0.231089,img_102.jpg
44298,1280,720,631.94293,353.39117,986.8637,986.74805,2.747,0.633,1.661,-0.347718,-0.321612,0.849054,-0.234020,img_103.jpg
44376,1280,720,631.94293,353.39117,986.8637,986.74805,2.787,0.639,1.661,-0.321286,-0.316804,0.859242,-0.241069,img_104.jpg
44451,1280,720,631.94293,353.39117,986.8637,986.74805,2.816,0.639,1.664,-0.310750,-0.312643,0.861746,-0.251163,img_105.jpg
44535,1280,720,631.94293,353.39117,986.8637,986.74805,2.856,0.633,1.666,-0.301689,-0.313026,0.859120,-0.270022,img_106.jpg
44618,1280,720,631.94293,353.39117,986.8637,986.74805,2.881,0.632,1.665,-0.299591,-0.308985,0.857826,-0.280906,img_107.jpg
44695,1280,720,631.94293,353.39117,986.8637,986.74805,2.907,0.634,1.664,-0.303209,-0.306273,0.856027,-0.285447,img_108.jpg
44768,1280,720,631.94293,353.39117,986.8637,986.74805,2.940,0.633,1.659,-0.315624,-0.302397,0.851119,-0.290749,img_109.jpg
44852,1280,720,631.94293,353.39117,986.8637,986.74805,2.963,0.634,1.651,-0.331482,-0.296744,0.845515,-0.295242,img_110.jpg
44928,1280,720,631.94293,353.39117,986.8637,986.74805,2.983,0.634,1.639,-0.351540,-0.299450,0.835780,-0.297022,img_111.jpg
45007,1280,720,631.94293,353.39117,986.8637,986.74805,3.015,0.628,1.622,-0.386277,-0.299176,0.820269,-0.297394,img_112.jpg
45082,1280,720,631.94293,353.39117,986.8637,986.74805,3.035,0.625,1.611,-0.406625,-0.302557,0.809914,-0.295220,img_113.jpg
45164,1280,720,631.94293,353.39117,986.8637,986.74805,3.063,0.620,1.598,-0.431574,-0.306724,0.797576,-0.289027,img_114.jpg
45251,1280,720,631.94293,353.39117,986.8637,986.74805,3.090,0.618,1.593,-0.445991,-0.310425,0.788234,-0.288816,img_115.jpg
45334,1280,720,631.94293,353.39117,986.8637,986.74805,3.110,0.617,1.582,-0.468094,-0.310844,0.776244,-0.285849,img_116.jpg
45417,1280,720,631.94293,353.39117,986.8637,986.74805,3.123,0.620,1.574,-0.481489,-0.313377,0.768232,-0.282459,img_117.jpg
45493,1280,720,631.94293,353.39117,986.8637,986.74805,3.140,0.623,1.563,-0.502565,-0.311960,0.758520,-0.273417,img_118.jpg
45565,1280,720,631.94293,353.39117,986.8637,986.74805,3.149,0.624,1.556,-0.515102,-0.315350,0.751251,-0.266172,img_119.jpg
45652,1280,720,631.94293,353.39117,986.8637,986.74805,3.158,0.622,1.548,-0.527160,-0.316540,0.744024,-0.261405,img_120.jpg
45726,1280,720,631.94293,353.39117,986.8637,986.74805,3.154,0.622,1.534,-0.541411,-0.322029,0.732793,-0.257267,img_121.jpg
45802,1280,720,631.94293,353.39117,986.8637,986.74805,3.160,0.620,1.527,-0.549722,-0.322111,0.727553,-0.254393,img_122.jpg
45882,1280,720,631.94293,353.39117,986.8637,986.74805,3.162,0.619,1.523,-0.555209,-0.324041,0.723753,-0.250843,img_123.jpg
45967,1280,720,631.94293,353.39117,986.8637,986.74805,3.164,0.616,1.516,-0.564913,-0.324119,0.717720,-0.246370,img_124.jpg
46050,1280,720,631.94293,353.39117,986.8637,986.74805,3.164,0.614,1.513,-0.569498,-0.322127,0.715732,-0.244199,img_125.jpg
46128,1280,720,631.94293,353.39117,986.8637,986.74805,3.157,0.607,1.509,-0.571587,-0.328887,0.711691,-0.242112,img_126.jpg
46202,1280,720,631.94293,353.39117,986.8637,986.74805,3.153,0.601,1.508,-0.574218,-0.331942,0.708917,-0.239845,img_127.jpg
46283,1280,720,631.94293,353.39117,986.8637,986.74805,3.152,0.595,1.509,-0.573257,-0.333980,0.707790,-0.242625,img_128.jpg
46354,1280,720,631.94293,353.39117,986.8637,986.74805,3.150,0.590,1.511,-0.573700,-0.332565,0.707636,-0.243967,img_129.jpg
46431,1280,720,631.94293,353.39117,986.8637,986.74805,3.149,0.583,1.517,-0.572973,-0.341088,0.703900,-0.244717,img_130.jpg
46518,1280,720,631.94293,353.39117,986.8637,986.74805,3.147,0.579,1.522,-0.571977,-0.346209,0.702698,-0.243304,img_131.jpg
46591,1280,720,631.94293,353.39117,986.8637,986.74805,3.143,0.577,1.529,-0.570888,-0.349444,0.702333,-0.242289,img_132.jpg,aruco_1.jpg,0.17426427,0.17426427,0.059,0.116,0.103,-0.617417,-0.235675,0.011985,0.011985
46665,1280,720,631.94293,353.39117,986.8637,986.74805,3.140,0.574,1.537,-0.570686,-0.357998,0.698930,-0.240109,img_133.jpg
46751,1280,720,631.94293,353.39117,986.8637,986.74805,3.139,0.571,1.544,-0.571121,-0.363967,0.695788,-0.239222,img_134.jpg
46824,1280,720,631.94293,353.39117,986.8637,986.74805,3.137,0.570,1.551,-0.571493,-0.370120,0.692641,-0.238024,img_135.jpg
46917,1280,720,631.94293,353.39117,986.8637,986.74805,3.137,0.570,1.561,-0.568003,-0.377558,0.692685,-0.234543,img_136.jpg
46989,1280,720,631.94293,353.39117,986.8637,986.74805,3.136,0.569,1.570,-0.567407,-0.379435,0.692668,-0.233002,img_137.jpg
47064,1280,720,631.94293,353.39117,986.8637,986.74805,3.136,0.566,1.581,-0.569191,-0.385333,0.687963,-0.232909,img_138.jpg,aruco_2.jpg,0.1836476,0.1836476,3.471,0.337,1.758,-0.519622,0.469232,0.595446,0.595446
47151,1280,720,631.94293,353.39117,986.8637,986.74805,3.137,0.565,1.586,-0.572779,-0.387956,0.683188,-0.233813,img_139.jpg
47223,1280,720,631.94293,353.39117,986.8637,986.74805,3.138,0.564,1.587,-0.577398,-0.384963,0.679853,-0.237097,img_140.jpg
47299,1280,720,631.94293,353.39117,986.8637,986.74805,3.141,0.565,1.586,-0.581466,-0.383944,0.674904,-0.242877,img_141.jpg
47384,1280,720,631.94293,353.39117,986.8637,986.74805,3.144,0.565,1.587,-0.586363,-0.381625,0.670753,-0.246235,img_142.jpg
47456,1280,720,631.94293,353.39117,986.8637,986.74805,3.149,0.568,1.583,-0.592303,-0.375686,0.668030,-0.248541,img_143.jpg
47536,1280,720,631.94293,353.39117,986.8637,986.74805,3.160,0.574,1.571,-0.601129,-0.369400,0.663512,-0.248876,img_144.jpg
47616,1280,720,631.94293,353.39117,986.8637,986.74805,0.030,0.391,0.425,-0.943103,-0.145395,-0.237459,-0.181743,img_145.jpg
47690,1280,720,631.94293,353.39117,986.8637,986.74805,0.016,0.396,0.428,-0.943915,-0.148170,-0.239914,-0.171792,img_146.jpg
47766,1280,720,631.94293,353.39117,986.8637,986.74805,-0.005,0.404,0.427,-0.945074,-0.144662,-0.244637,-0.161433,img_147.jpg
47840,1280,720,631.94293,353.39117,986.8637,986.74805,-0.040,0.413,0.425,-0.946430,-0.137117,-0.250981,-0.149926,img_148.jpg
47933,1280,720,631.94293,353.39117,986.8637,986.74805,-0.078,0.423,0.422,-0.945465,-0.132042,-0.261760,-0.141928,img_149.jpg
48016,1280,720,631.94293,353.39117,986.8637,986.74805,-0.105,0.428,0.417,-0.946003,-0.126759,-0.266431,-0.134259,img_150.jpg
48090,1280,720,631.94293,353.39117,986.8637,986.74805,-0.131,0.434,0.411,-0.946543,-0.123984,-0.271513,-0.122330,img_151.jpg
48183,1280,720,631.94293,353.39117,986.8637,986.74805,-0.169,0.440,0.399,-0.945039,-0.121182,-0.283340,-0.109247,img_152.jpg
48256,1280,720,631.94293,353.39117,986.8637,986.74805,-0.193,0.443,0.388,-0.943605,-0.119109,-0.292704,-0.098730,img_153.jpg
48338,1280,720,631.94293,353.39117,986.8637,986.74805,-0.227,0.447,0.369,-0.939650,-0.115497,-0.309214,-0.090024,img_154.jpg
48416,1280,720,631.94293,353.39117,986.8637,986.74805,-0.248,0.448,0.354,-0.937114,-0.110688,-0.320530,-0.082624,img_155.jpg
48495,1280,720,631.94293,353.39117,986.8637,986.74805,-0.278,0.449,0.326,-0.931522,-0.105733,-0.339648,-0.075681,img_156.jpg
48566,1280,720,631.94293,353.39117,986.8637,986.74805,-0.298,0.448,0.304,-0.927724,-0.100031,-0.352975,-0.068786,img_157.jpg
48650,1280,720,631.94293,353.39117,986.8637,986.74805,-0.318,0.445,0.276,-0.923876,-0.095240,-0.365036,-0.064272,img_158.jpg
48722,1280,720,631.94293,353.39117,986.8637,986.74805,-0.353,0.445,0.264,-0.918990,-0.094194,-0.378478,-0.057791,img_159.jpg
48805,1280,720,631.94293,353.39117,986.8637,986.74805,-0.388,0.446,0.223,-0.911060,-0.093698,-0.398450,-0.049272,img_160.jpg
48883,1280,720,631.94293,353.39117,986.8637,986.74805,-0.408,0.447,0.191,-0.906378,-0.093498,-0.409953,-0.040931,img_161.jpg
48968,1280,720,631.94293,353.39117,986.8637,986.74805,-0.460,0.464,0.148,-0.896057,-0.096269,-0.431183,-0.043528,img_162.jpg
49053,1280,720,631.94293,353.39117,986.8637,986.74805,-0.475,0.478,0.132,-0.887479,-0.103297,-0.447391,-0.039400,img_163.jpg
49132,1280,720,631.94293,353.39117,986.8637,986.74805,-0.504,0.488,0.098,-0.878149,-0.103163,-0.465702,-0.036510,img_164.jpg
49217,1280,720,631.94293,353.39117,986.8637,986.74805,-0.524,0.490,0.070,-0.877253,-0.101810,-0.466769,-0.046791,img_165.jpg
49295,1280,720,631.94293,353.39117,986.8637,986.74805,-0.556,0.487,0.021,-0.873782,-0.112401,-0.469408,-0.059393,img_166.jpg
49384,1280,720,631.94293,353.39117,986.8637,986.74805,-0.584,0.475,-0.013,-0.874510,-0.110638,-0.466828,-0.071161,img_167.jpg
49467,1280,720,631.94293,353.39117,986.8637,986.74805,-0.619,0.464,-0.057,-0.881870,-0.111607,-0.451332,-0.078412,img_168.jpg
49553,1280,720,631.94293,353.39117,986.8637,986.74805,-0.638,0.454,-0.088,-0.884038,-0.113998,-0.443917,-0.091760,img_169.jpg
49635,1280,720,631.94293,353.39117,986.8637,986.74805,-0.669,0.440,-0.131,-0.893182,-0.115106,-0.421576,-0.106068,img_170.jpg
49718,1280,720,631.94293,353.39117,986.8637,986.74805,-0.697,0.432,-0.163,-0.902186,-0.109304,-0.401738,-0.112785,img_171.jpg
49795,1280,720,631.94293,353.39117,986.8637,986.74805,-0.742,0.427,-0.217,-0.914226,-0.095753,-0.373669,-0.124074,img_172.jpg
49884,1280,720,631.94293,353.39117,986.8637,986.74805,-0.773,0.431,-0.248,-0.920710,-0.091890,-0.361497,-0.114761,img_173.jpg
49955,1280,720,631.94293,353.39117,986.8637,986.74805,-0.826,0.440,-0.296,-0.924586,-0.096579,-0.355708,-0.096356,img_174.jpg
50036,1280,720,631.94293,353.39117,986.8637,986.74805,-0.854,0.446,-0.317,-0.922527,-0.100177,-0.359328,-0.098957,img_175.jpg
50118,1280,720,631.94293,353.39117,986.8637,986.74805,-0.897,0.447,-0.348,-0.918246,-0.096815,-0.373902,-0.087450,img_176.jpg
50196,1280,720,631.94293,353.39117,986.8637,986.74805,-0.967,0.447,-0.394,-0.909329,-0.084869,-0.400990,-0.071593,img_177.jpg
50284,1280,720,631.94293,353.39117,986.8637,986.74805,-1.009,0.448,-0.417,-0.898667,-0.081557,-0.426297,-0.063377,img_178.jpg
50354,1280,720,631.94293,353.39117,986.8637,986.74805,-1.056,0.447,-0.448,-0.886860,-0.075243,-0.452567,-0.054787,img_179.jpg
50435,1280,720,631.94293,353.39117,986.8637,986.74805,-1.125,0.452,-0.494,-0.869998,-0.062073,-0.488273,-0.028981,img_180.jpg
50518,1280,720,631.94293,353.39117,986.8637,986.74805,-1.168,0.454,-0.527,-0.857680,-0.053238,-0.511162,-0.016248,img_181.jpg
50593,1280,720,631.94293,353.39117,986.8637,986.74805,-1.230,0.460,-0.574,-0.842125,-0.040786,-0.537599,-0.012182,img_182.jpg
50684,1280,720,631.94293,353.39117,986.8637,986.74805,-1.269,0.467,-0.600,-0.830032,-0.037307,-0.556448,-0.004602,img_183.jpg
50754,1280,720,631.94293,353.39117,986.8637,986.74805,-1.309,0.471,-0.623,-0.816366,-0.032413,-0.576622,0.001757,img_184.jpg
50835,1280,720,631.94293,353.39117,986.8637,986.74805,-1.365,0.477,-0.647,-0.794704,-0.016882,-0.606632,0.012558,img_185.jpg
50918,1280,720,631.94293,353.39117,986.8637,986.74805,-1.402,0.486,-0.656,-0.776259,-0.012950,-0.629949,0.020458,img_186.jpg
51001,1280,720,631.94293,353.39117,986.8637,986.74805,-1.455,0.489,-0.668,-0.755359,-0.000678,-0.654393,0.034672,img_187.jpg
51083,1280,720,631.94293,353.39117,986.8637,986.74805,-1.493,0.492,-0.675,-0.741751,0.003411,-0.669107,0.045702,img_188.jpg
51160,1280,720,631.94293,353.39117,986.8637,986.74805,-1.537,0.494,-0.666,-0.721629,0.008431,-0.689866,0.057149,img_189.jpg
51234,1280,720,631.94293,353.39117,986.8637,986.74805,-1.550,0.490,-0.648,-0.708101,0.009813,-0.703339,0.061726,img_190.jpg
51306,1280,720,631.94293,353.39117,986.8637,986.74805,-1.591,0.489,-0.650,-0.699876,0.015975,-0.711564,0.059958,img_191.jpg
51385,1280,720,631.94293,353.39117,986.8637,986.74805,-1.630,0.490,-0.652,-0.689393,0.019907,-0.721566,0.060700,img_192.jpg
51457,1280,720,631.94293,353.39117,986.8637,986.74805,-1.686,0.490,-0.653,-0.679888,0.031544,-0.730148,0.060339,img_193.jpg
51536,1280,720,631.94293,353.39117,986.8637,986.74805,-1.718,0.491,-0.653,-0.669287,0.031534,-0.739585,0.063836,img_194.jpg
51618,1280,720,631.94293,353.39117,986.8637,986.74805,-1.747,0.493,-0.651,-0.656799,0.035859,-0.750414,0.064877,img_195.jpg
51692,1280,720,631.94293,353.39117,986.8637,986.74805,-1.793,0.494,-0.644,-0.632164,0.044773,-0.770193,0.071887,img_196.jpg
51785,1280,720,631.94293,353.39117,986.8637,986.74805,-1.846,0.492,-0.632,-0.607369,0.061563,-0.788373,0.076027,img_197.jpg
51866,1280,720,631.94293,353.39117,986.8637,986.74805,-1.882,0.491,-0.624,-0.584255,0.067536,-0.804192,0.085796,img_198.jpg
51937,1280,720,631.94293,353.39117,986.8637,986.74805,-1.909,0.490,-0.610,-0.559008,0.073428,-0.820654,0.092981,img_199.jpg
52018,1280,720,631.94293,353.39117,986.8637,986.74805,-1.961,0.490,-0.592,-0.510714,0.076787,-0.849273,0.109591,img_200.jpg
52102,1280,720,631.94293,353.39117,986.8637,986.74805,-1.993,0.488,-0.574,-0.485844,0.090374,-0.862773,0.106823,img_201.jpg
52183,1280,720,631.94293,353.39117,986.8637,986.74805,-2.022,0.491,-0.558,-0.457698,0.098001,-0.876881,0.109490,img_202.jpg
52263,1280,720,631.94293,353.39117,986.8637,986.74805,-2.054,0.491,-0.538,-0.439281,0.113427,-0.883804,0.114267,img_203.jpg
52337,1280,720,631.94293,353.39117,986.8637,986.74805,-2.089,0.491,-0.502,-0.413677,0.131102,-0.893104,0.118530,img_204.jpg
52418,1280,720,631.94293,353.39117,986.8637,986.74805,-2.106,0.492,-0.475,-0.396767,0.137595,-0.898814,0.125612,img_205.jpg
52496,1280,720,631.94293,353.39117,986.8637,986.74805,-2.150,0.486,-0.429,-0.389012,0.150672,-0.898337,0.137689,img_206.jpg
52585,1280,720,631.94293,353.39117,986.8637,986.74805,-2.177,0.486,-0.396,-0.384711,0.156458,-0.899317,0.136921,img_207.jpg
52657,1280,720,631.94293,353.39117,986.8637,986.74805,-2.212,0.488,-0.343,-0.375444,0.164938,-0.902155,0.133990,img_208.jpg
52737,1280,720,631.94293,353.39117,986.8637,986.74805,-2.239,0.490,-0.304,-0.364230,0.170164,-0.905588,0.135242,img_209.jpg
52817,1280,720,631.94293,353.39117,986.8637,986.74805,-2.252,0.494,-0.270,-0.352595,0.172636,-0.909235,0.138442,img_210.jpg
52902,1280,720,631.94293,353.39117,986.8637,986.74805,-2.270,0.496,-0.226,-0.335285,0.176370,-0.915814,0.133273,img_211.jpg
52984,1280,720,631.94293,353.39117,986.8637,986.74805,-2.286,0.494,-0.186,-0.309590,0.191666,-0.921450,0.135456,img_212.jpg
53068,1280,720,631.94293,353.39117,986.8637,986.74805,-2.289,0.491,-0.171,-0.289219,0.201602,-0.925138,0.140813,img_213.jpg
53154,1280,720,631.94293,353.39117,986.8637,986.74805,-2.304,0.487,-0.153,-0.272304,0.212284,-0.927210,0.145149,img_214.jpg
53239,1280,720,631.94293,353.39117,986.8637,986.74805,-2.312,0.484,-0.132,-0.238431,0.222188,-0.933727,0.148110,img_215.jpg
53319,1280,720,631.94293,353.39117,986.8637,986.74805,-2.325,0.483,-0.121,-0.214470,0.226106,-0.938059,0.151405,img_216.jpg
53406,1280,720,631.94293,353.39117,986.8637,986.74805,-2.348,0.482,-0.106,-0.182340,0.228905,-0.942854,0.159315,img_217.jpg
53483,1280,720,631.94293,353.39117,986.8637,986.74805,-2.362,0.482,-0.099,-0.165435,0.232197,-0.944804,0.161437,img_218.jpg
53569,1280,720,631.94293,353.39117,986.8637,986.74805,-2.378,0.479,-0.095,-0.147364,0.240316,-0.943874,0.172147,img_219.jpg
53653,1280,720,631.94293,353.39117,986.8637,986.74805,-2.384,0.478,-0.087,-0.136883,0.245029,-0.942518,0.181337,img_220.jpg
53738,1280,720,631.94293,353.39117,986.8637,986.74805,-2.398,0.474,-0.090,-0.124954,0.254480,-0.941124,0.184151,img_221.jpg
53836,1280,720,631.94293,353.39117,986.8637,986.74805,-2.412,0.471,-0.078,-0.112073,0.267856,-0.937579,0.191411,img_222.jpg
53919,1280,720,631.94293,353.39117,986.8637,986.74805,-2.416,0.472,-0.071,-0.085996,0.276061,-0.937171,0.195207,img_223.jpg
54019,1280,720,631.94293,353.39117,986.8637,986.74805,-2.416,0.471,-0.059,0.056911,-0.275487,0.935815,-0.212413,img_224.jpg
54103,1280,720,631.94293,353.39117,986.8637,986.74805,-2.402,0.475,-0.047,0.026333,-0.271341,0.934338,-0.229550,img_225.jpg
54186,1280,720,631.94293,353.39117,986.8637,986.74805,-2.385,0.477,-0.030,-0.010780,-0.273212,0.933475,-0.232086,img_226.jpg
54268,1280,720,631.94293,353.39117,986.8637,986.74805,-2.352,0.483,-0.008,-0.069579,-0.273947,0.929204,-0.238099,img_227.jpg
54354,1280,720,631.94293,353.39117,986.8637,986.74805,-2.327,0.486,0.006,-0.111198,-0.271155,0.925769,-0.238876,img_228.jpg
54439,1280,720,631.94293,353.39117,986.8637,986.74805,-2.293,0.489,0.022,-0.164979,-0.271362,0.917850,-0.238108,img_229.jpg
54537,1280,720,631.94293,353.39117,986.8637,986.74805,-2.261,0.488,0.037,-0.210809,-0.272002,0.909209,-0.234338,img_230.jpg
54619,1280,720,631.94293,353.39117,986.8637,986.74805,-2.243,0.484,0.043,-0.240211,-0.275896,0.901149,-0.232617,img_231.jpg
54719,1280,720,631.94293,353.39117,986.8637,986.74805,-2.210,0.477,0.050,-0.295842,-0.282915,0.882533,-0.231455,img_232.jpg
54803,1280,720,631.94293,353.39117,986.8637,986.74805,-2.192,0.480,0.057,-0.321357,-0.286312,0.873316,-0.228197,img_233.jpg
54903,1280,720,631.94293,353.39117,986.8637,986.74805,-2.172,0.480,0.064,-0.355887,-0.290009,0.859545,-0.224547,img_234.jpg
54984,1280,720,631.94293,353.39117,986.8637,986.74805,-2.162,0.484,0.068,-0.376089,-0.289119,0.851749,-0.222466,img_235.jpg
55081,1280,720,631.94293,353.39117,986.8637,986.74805,-2.154,0.486,0.073,-0.403309,-0.289411,0.839765,-0.219949,img_236.jpg
55170,1280,720,631.94293,353.39117,986.8637,986.74805,-2.151,0.489,0.076,-0.427790,-0.292265,0.827700,-0.215614,img_237.jpg
55270,1280,720,631.94293,353.39117,986.8637,986.74805,-2.156,0.491,0.076,-0.448483,-0.296094,0.816020,-0.212846,img_238.jpg
55353,1280,720,631.94293,353.39117,986.8637,986.74805,-2.157,0.492,0.072,-0.459014,-0.300104,0.808475,-0.213569,img_239.jpg
55436,1280,720,631.94293,353.39117,986.8637,986.74805,-2.160,0.490,0.072,-0.467884,-0.307195,0.799966,-0.216264,img_240.jpg
55536,1280,720,631.94293,353.39117,986.8637,986.74805,-2.166,0.489,0.073,-0.475095,-0.310453,0.793846,-0.218429,img_241.jpg
55616,1280,720,631.94293,353.39117,986.8637,986.74805,-2.171,0.489,0.075,-0.477491,-0.312279,0.791512,-0.219072,img_242.jpg
55701,1280,720,631.94293,353.39117,986.8637,986.74805,-2.178,0.489,0.078,-0.482883,-0.316174,0.786299,-0.220435,img_243.jpg
55787,1280,720,631.94293,353.39117,986.8637,986.74805,-2.179,0.489,0.080,-0.488747,-0.316453,0.782388,-0.221027,img_244.jpg
55884,1280,720,631.94293,353.39117,986.8637,986.74805,-2.181,0.488,0.082,-0.488339,-0.317101,0.781832,-0.222956,img_245.jpg
55962,1280,720,631.94293,353.39117,986.8637,986.74805,-2.181,0.486,0.087,-0.483556,-0.321513,0.783103,-0.222605,img_246.jpg
56056,1280,720,631.94293,353.39117,986.8637,986.74805,-2.177,0.483,0.091,-0.476702,-0.325629,0.785414,-0.223264,img_247.jpg,aruco_3.jpg,0.17605983,0.17605983,-1.892,0.284,0.428,-0.313713,0.643931,0.656781,0.656781
56156,1280,720,631.94293,353.39117,986.8637,986.74805,-2.168,0.478,0.094,-0.465620,-0.330537,0.788807,-0.227436,img_248.jpg
56238,1280,720,631.94293,353.39117,986.8637,986.74805,-2.161,0.474,0.095,-0.454330,-0.331653,0.793316,-0.232897,img_249.jpg
56336,1280,720,631.94293,353.39117,986.8637,986.74805,-2.150,0.470,0.097,-0.435578,-0.339489,0.800071,-0.234321,img_250.jpg
56419,1280,720,631.94293,353.39117,986.8637,986.74805,-2.141,0.468,0.097,-0.423362,-0.339466,0.805946,-0.236596,img_251.jpg
56508,1280,720,631.94293,353.39117,986.8637,986.74805,-2.129,0.466,0.098,-0.402167,-0.342411,0.815344,-0.237131,img_252.jpg
56590,1280,720,631.94293,353.39117,986.8637,986.74805,-2.116,0.463,0.097,-0.381911,-0.343844,0.824701,-0.236186,img_253.jpg
56687,1280,720,631.94293,353.39117,986.8637,986.74805,-2.099,0.460,0.094,-0.369285,-0.343816,0.828931,-0.241437,img_254.jpg
56786,1280,720,631.94293,353.39117,986.8637,986.74805,-2.085,0.458,0.092,-0.355319,-0.343815,0.834710,-0.242486,img_255.jpg
56885,1280,720,631.94293,353.39117,986.8637,986.74805,-2.071,0.456,0.090,-0.345401,-0.343480,0.837832,-0.246491,img_256.jpg
56970,1280,720,631.94293,353.39117,986.8637,986.74805,-2.061,0.455,0.087,-0.342371,-0.338411,0.840852,-0.247442,img_257.jpg
57072,1280,720,631.94293,353.39117,986.8637,986.74805,-2.049,0.452,0.087,-0.334220,-0.336135,0.845544,-0.245695,img_258.jpg
57154,1280,720,631.94293,353.39117,986.8637,986.74805,-2.038,0.446,0.088,-0.332838,-0.333805,0.847833,-0.242842,img_259.jpg
57239,1280,720,631.94293,353.39117,986.8637,986.74805,-2.031,0.440,0.091,-0.332191,-0.339612,0.846616,-0.239905,img_260.jpg,aruco_3.jpg,0.18308815,0.18308815,-1.877,0.274,0.445,-0.311506,0.643130,0.667869,0.667869
57337,1280,720,631.94293,353.39117,986.8637,986.74805,-2.024,0.430,0.092,-0.341880,-0.333115,0.847618,-0.231724,img_261.jpg
57424,1280,720,631.94293,353.39117,986.8637,986.74805,-2.020,0.418,0.094,-0.351829,-0.329932,0.845199,-0.230216,img_262.jpg
57524,1280,720,631.94293,353.39117,986.8637,986.74805,-2.017,0.393,0.102,-0.355581,-0.334108,0.840555,-0.235374,img_263.jpg
57604,1280,720,631.94293,353.39117,986.8637,986.74805,-2.016,0.383,0.106,-0.356854,-0.334057,0.839593,-0.236950,img_264.jpg
57693,1280,720,631.94293,353.39117,986.8637,986.74805,-2.018,0.372,0.114,-0.353160,-0.328588,0.843478,-0.236332,img_265.jpg
57787,1280,720,631.94293,353.39117,986.8637,986.74805,-2.023,0.363,0.124,-0.347295,-0.333168,0.845101,-0.232789,img_266.jpg
57884,1280,720,631.94293,353.39117,986.8637,986.74805,-2.029,0.360,0.131,-0.340184,-0.337887,0.846031,-0.233108,img_267.jpg
57970,1280,720,631.94293,353.39117,986.8637,986.74805,-2.032,0.361,0.136,-0.334980,-0.338932,0.847772,-0.232799,img_268.jpg
58056,1280,720,631.94293,353.39117,986.8637,986.74805,-2.037,0.367,0.138,-0.331508,-0.337859,0.850131,-0.230719,img_269.jpg
58139,1280,720,631.94293,353.39117,986.8637,986.74805,-2.045,0.379,0.140,-0.326764,-0.331536,0.855153,-0.228085,img_270.jpg
58221,1280,720,631.94293,353.39117,986.8637,986.74805,-2.049,0.389,0.142,-0.324741,-0.324929,0.859155,-0.225426,img_271.jpg
58320,1280,720,631.94293,353.39117,986.8637,986.74805,-2.058,0.405,0.142,-0.314660,-0.315199,0.867374,-0.222038,img_272.jpg
58403,1280,720,631.94293,353.39117,986.8637,986.74805,-2.063,0.411,0.140,-0.308660,-0.310937,0.871474,-0.220408,img_273.jpg
58493,1280,720,631.94293,353.39117,986.8637,986.74805,-2.071,0.422,0.141,-0.296678,-0.300135,0.879950,-0.218151,img_274.jpg
58588,1280,720,631.94293,353.39117,986.8637,986.74805,-2.082,0.433,0.143,-0.282787,-0.289459,0.889128,-0.213767,img_275.jpg
58669,1280,720,631.94293,353.39117,986.8637,986.74805,-2.090,0.441,0.147,-0.269374,-0.286467,0.894578,-0.212376,img_276.jpg
58752,1280,720,631.94293,353.39117,986.8637,986.74805,-2.104,0.451,0.156,-0.252154,-0.273295,0.904875,-0.207193,img_277.jpg
58838,1280,720,631.94293,353.39117,986.8637,986.74805,-2.113,0.457,0.165,-0.240424,-0.268668,0.910395,-0.202962,img_278.jpg
58936,1280,720,631.94293,353.39117,986.8637,986.74805,-2.129,0.463,0.179,-0.224369,-0.260630,0.918562,-0.194868,img_279.jpg
59022,1280,720,631.94293,353.39117,986.8637,986.74805,-2.146,0.466,0.198,-0.209376,-0.256698,0.924433,-0.188924,img_280.jpg
59125,1280,720,631.94293,353.39117,986.8637,986.74805,-2.167,0.470,0.217,-0.201777,-0.260554,0.926114,-0.183602,img_281.jpg
59222,1280,720,631.94293,353.39117,986.8637,986.74805,-2.190,0.474,0.236,-0.206380,-0.259969,0.925955,-0.180086,img_282.jpg
59321,1280,720,631.94293,353.39117,986.8637,986.74805,-2.215,0.481,0.259,-0.220512,-0.258963,0.923969,-0.174910,img_283.jpg
59420,1280,720,631.94293,353.39117,986.8637,986.74805,-2.247,0.488,0.281,-0.239848,-0.257025,0.920223,-0.172049,img_284.jpg
59520,1280,720,631.94293,353.39117,986.8637,986.74805,-2.285,0.502,0.284,-0.252636,-0.257594,0.917492,-0.167418,img_285.jpg
59601,1280,720,631.94293,353.39117,986.8637,986.74805,-2.328,0.512,0.308,-0.274438,-0.259658,0.911332,-0.163511,img_286.jpg
59686,1280,720,631.94293,353.39117,986.8637,986.74805,-2.374,0.527,0.324,-0.292459,-0.270579,0.902097,-0.165758,img_287.jpg
59770,1280,720,631.94293,353.39117,986.8637,986.74805,-2.404,0.535,0.339,-0.304310,-0.272556,0.897194,-0.167785,img_288.jpg
59853,1280,720,631.94293,353.39117,986.8637,986.74805,-2.430,0.543,0.353,-0.312499,-0.272517,0.893384,-0.173043,img_289.jpg
59936,1280,720,631.94293,353.39117,986.8637,986.74805,-2.461,0.548,0.375,-0.315566,-0.273034,0.890615,-0.180761,img_290.jpg
60021,1280,720,631.94293,353.39117,986.8637,986.74805,-2.477,0.550,0.392,-0.316490,-0.279301,0.888787,-0.178559,img_291.jpg
60110,1280,720,631.94293,353.39117,986.8637,986.74805,-2.490,0.552,0.416,-0.318161,-0.281240,0.887750,-0.177700,img_292.jpg
60203,1280,720,631.94293,353.39117,986.8637,986.74805,-2.494,0.548,0.447,-0.316716,-0.280837,0.886863,-0.185189,img_293.jpg
60281,1280,720,631.94293,353.39117,986.8637,986.74805,-2.500,0.547,0.470,-0.315846,-0.278653,0.887171,-0.188471,img_294.jpg
60359,1280,720,631.94293,353.39117,986.8637,986.74805,-2.507,0.544,0.516,-0.315182,-0.278007,0.886468,-0.193771,img_295.jpg
60440,1280,720,631.94293,353.39117,986.8637,986.74805,-2.512,0.542,0.553,-0.308334,-0.277812,0.888502,-0.195742,img_296.jpg
60523,1280,720,631.94293,353.39117,986.8637,986.74805,-2.518,0.540,0.611,-0.290609,-0.275677,0.893574,-0.202669,img_297.jpg
60604,1280,720,631.94293,353.39117,986.8637,986.74805,-2.520,0.537,0.654,-0.274254,-0.278002,0.896036,-0.211231,img_298.jpg
60683,1280,720,631.94293,353.39117,986.8637,986.74805,-2.518,0.535,0.695,-0.258452,-0.284970,0.897175,-0.216961,img_299.jpg
60764,1280,720,631.94293,353.39117,986.8637,986.74805,-2.514,0.538,0.753,-0.252304,-0.284521,0.898509,-0.219252,img_300.jpg
60855,1280,720,631.94293,353.39117,986.8637,986.74805,-2.509,0.543,0.794,-0.253622,-0.292844,0.896018,-0.216957,img_301.jpg
60936,1280,720,631.94293,353.39117,986.8637,986.74805,-2.493,0.553,0.849,-0.256802,-0.300303,0.893628,-0.212838,img_302.jpg
61021,1280,720,631.94293,353.39117,986.8637,986.74805,-2.473,0.560,0.907,-0.266310,-0.291332,0.894204,-0.211198,img_303.jpg
61103,1280,720,631.94293,353.39117,986.8637,986.74805,-2.456,0.562,0.950,-0.270932,-0.289347,0.894333,-0.207466,img_304.jpg
61185,1280,720,631.94293,353.39117,986.8637,986.74805,-2.430,0.565,1.013,-0.281780,-0.287961,0.892306,-0.203637,img_305.jpg
61270,1280,720,631.94293,353.39117,986.8637,986.74805,-2.407,0.568,1.058,-0.292545,-0.283883,0.890414,-0.202463,img_306.jpg
61354,1280,720,631.94293,353.39117,986.8637,986.74805,-2.366,0.571,1.126,-0.305817,-0.283728,0.884622,-0.208372,img_307.jpg
61437,1280,720,631.94293,353.39117,986.8637,986.74805,-2.336,0.573,1.171,-0.317909,-0.292607,0.877807,-0.206807,img_308.jpg
61508,1280,720,631.94293,353.39117,986.8637,986.74805,-2.306,0.574,1.214,-0.336175,-0.294856,0.871182,-0.202701,img_309.jpg
61584,1280,720,631.94293,353.39117,986.8637,986.74805,-2.258,0.577,1.269,-0.351940,-0.302571,0.860395,-0.210501,img_310.jpg
61668,1280,720,631.94293,353.39117,986.8637,986.74805,-2.228,0.579,1.307,-0.362834,-0.303100,0.855520,-0.211110,img_311.jpg
61743,1280,720,631.94293,353.39117,986.8637,986.74805,-2.197,0.580,1.336,-0.369314,-0.295476,0.854893,-0.213209,img_312.jpg
61818,1280,720,631.94293,353.39117,986.8637,986.74805,-2.149,0.578,1.388,-0.375259,-0.285458,0.855824,-0.212741,img_313.jpg
61903,1280,720,631.94293,353.39117,986.8637,986.74805,-2.113,0.576,1.422,-0.375669,-0.280585,0.857347,-0.212370,img_314.jpg
61980,1280,720,631.94293,353.39117,986.8637,986.74805,-2.076,0.576,1.455,-0.380043,-0.272033,0.858905,-0.209399,img_315.jpg
62053,1280,720,631.94293,353.39117,986.8637,986.74805,-2.015,0.574,1.515,-0.363583,-0.294254,0.856585,-0.217908,img_316.jpg
62139,1280,720,631.94293,353.39117,986.8637,986.74805,-1.982,0.579,1.545,-0.367279,-0.295213,0.856689,-0.209856,img_317.jpg
62221,1280,720,631.94293,353.39117,986.8637,986.74805,-1.933,0.582,1.597,-0.366084,-0.302173,0.855902,-0.205199,img_318.jpg
62303,1280,720,631.94293,353.39117,986.8637,986.74805,-1.905,0.582,1.634,-0.366596,-0.310689,0.854868,-0.195656,img_319.jpg
62373,1280,720,631.94293,353.39117,986.8637,986.74805,-1.879,0.579,1.672,-0.362113,-0.312630,0.856422,-0.194109,img_320.jpg
62445,1280,720,631.94293,353.39117,986.8637,986.74805,-1.852,0.573,1.718,-0.356610,-0.316984,0.858585,-0.187572,img_321.jpg
62517,1280,720,631.94293,353.39117,986.8637,986.74805,-1.816,0.569,1.787,-0.350671,-0.314088,0.863703,-0.179991,img_322.jpg
62603,1280,720,631.94293,353.39117,986.8637,986.74805,-1.791,0.571,1.836,-0.348362,-0.307416,0.867396,-0.178223,img_323.jpg
62687,1280,720,631.94293,353.39117,986.8637,986.74805,-1.755,0.585,1.907,-0.337798,-0.291345,0.873848,-0.193391,img_324.jpg
62770,1280,720,631.94293,353.39117,986.8637,986.74805,-1.734,0.603,1.948,-0.340130,-0.288062,0.875452,-0.186858,img_325.jpg
62839,1280,720,631.94293,353.39117,986.8637,986.74805,-1.715,0.619,1.986,-0.346127,-0.278209,0.876593,-0.185423,img_326.jpg
62928,1280,720,631.94293,353.39117,986.8637,986.74805,-1.681,0.630,2.042,-0.352531,-0.280012,0.872746,-0.188756,img_327.jpg
63005,1280,720,631.94293,353.39117,986.8637,986.74805,-1.660,0.634,2.073,-0.357019,-0.276810,0.870638,-0.194686,img_328.jpg
63087,1280,720,631.94293,353.39117,986.8637,986.74805,-1.629,0.638,2.121,-0.366073,-0.281083,0.865495,-0.194685,img_329.jpg
63168,1280,720,631.94293,353.39117,986.8637,986.74805,-1.606,0.638,2.152,-0.367277,-0.277406,0.865716,-0.196696,img_330.jpg
63238,1280,720,631.94293,353.39117,986.8637,986.74805,-1.584,0.638,2.183,-0.366181,-0.274521,0.867326,-0.195694,img_331.jpg
63321,1280,720,631.94293,353.39117,986.8637,986.74805,-1.546,0.634,2.236,-0.358933,-0.271500,0.870973,-0.197131,img_332.jpg
63403,1280,720,631.94293,353.39117,986.8637,986.74805,-1.518,0.630,2.273,-0.360245,-0.270281,0.870895,-0.196756,img_333.jpg
63487,1280,720,631.94293,353.39117,986.8637,986.74805,-1.471,0.636,2.333,-0.353531,-0.280467,0.871173,-0.193422,img_334.jpg
63571,1280,720,631.94293,353.39117,986.8637,986.74805,-1.443,0.647,2.368,-0.361050,-0.291374,0.868755,-0.173234,img_335.jpg
63652,1280,720,631.94293,353.39117,986.8637,986.74805,-1.402,0.652,2.423,-0.342104,-0.293085,0.872899,-0.187386,img_336.jpg
63722,1280,720,631.94293,353.39117,986.8637,986.74805,-1.376,0.648,2.457,-0.321534,-0.304585,0.873999,-0.199924,img_337.jpg
63803,1280,720,631.94293,353.39117,986.8637,986.74805,-1.353,0.643,2.487,-0.308604,-0.310910,0.873869,-0.210836,img_338.jpg
63878,1280,720,631.94293,353.39117,986.8637,986.74805,-1.322,0.634,2.524,-0.297259,-0.320565,0.871717,-0.221326,img_339.jpg
63952,1280,720,631.94293,353.39117,986.8637,986.74805,-1.302,0.630,2.542,-0.294614,-0.326510,0.867818,-0.231271,img_340.jpg
64037,1280,720,631.94293,353.39117,986.8637,986.74805,-1.280,0.630,2.562,-0.297917,-0.328632,0.863880,-0.238660,img_341.jpg
64111,1280,720,631.94293,353.39117,986.8637,986.74805,-1.259,0.633,2.576,-0.305187,-0.324503,0.861631,-0.243210,img_342.jpg
64187,1280,720,631.94293,353.39117,986.8637,986.74805,-1.252,0.638,2.578,-0.307711,-0.321792,0.861351,-0.244619,img_343.jpg
64268,1280,720,631.94293,353.39117,986.8637,986.74805,-1.246,0.638,2.585,-0.309324,-0.319557,0.860793,-0.247462,img_344.jpg
64339,1280,720,631.94293,353.39117,986.8637,986.74805,-1.239,0.638,2.592,-0.310553,-0.316134,0.859915,-0.253302,img_345.jpg
64411,1280,720,631.94293,353.39117,986.8637,986.74805,-1.227,0.639,2.609,-0.317416,-0.313641,0.857607,-0.255709,img_346.jpg
64503,1280,720,631.94293,353.39117,986.8637,986.74805,-1.220,0.640,2.620,-0.324117,-0.311705,0.854408,-0.260335,img_347.jpg
64579,1280,720,631.94293,353.39117,986.8637,986.74805,-1.213,0.639,2.631,-0.333874,-0.309609,0.851470,-0.260132,img_348.jpg
64650,1280,720,631.94293,353.39117,986.8637,986.74805,-1.204,0.641,2.648,-0.353286,-0.308776,0.845624,-0.254494,img_349.jpg
64721,1280,720,631.94293,353.39117,986.8637,986.74805,-1.197,0.641,2.662,-0.369458,-0.308410,0.840133,-0.250122,img_350.jpg
64803,1280,720,631.94293,353.39117,986.8637,986.74805,-1.190,0.641,2.680,-0.389390,-0.308511,0.832697,-0.244565,img_351.jpg
64885,1280,720,631.94293,353.39117,986.8637,986.74805,-1.181,0.642,2.710,-0.423601,-0.309439,0.818224,-0.235202,img_352.jpg
64971,1280,720,631.94293,353.39117,986.8637,986.74805,-1.174,0.639,2.734,-0.450594,-0.306834,0.806257,-0.229712,img_353.jpg
65044,1280,720,631.94293,353.39117,986.8637,986.74805,-1.165,0.639,2.760,-0.466437,-0.309712,0.795322,-0.232334,img_354.jpg
65117,1280,720,631.94293,353.39117,986.8637,986.74805,-1.155,0.644,2.799,-0.495974,-0.308908,0.779823,-0.224638,img_355.jpg
65204,1280,720,631.94293,353.39117,986.8637,986.74805,-1.155,0.647,2.826,-0.510807,-0.313436,0.769538,-0.220557,img_356.jpg
65285,1280,720,631.94293,353.39117,986.8637,986.74805,-1.151,0.650,2.863,-0.531635,-0.318484,0.752843,-0.221719,img_357.jpg
65370,1280,720,631.94293,353.39117,986.8637,986.74805,-1.149,0.651,2.881,-0.543745,-0.317180,0.741702,-0.231552,img_358.jpg
65452,1280,720,631.94293,353.39117,986.8637,986.74805,-1.141,0.648,2.904,-0.559822,-0.313591,0.724863,-0.250665,img_359.jpg
65524,1280,720,631.94293,353.39117,986.8637,986.74805,-1.133,0.642,2.913,-0.572247,-0.309708,0.713128,-0.260888,img_360.jpg
65639,1280,720,631.94293,353.39117,986.8637,986.74805,-1.116,0.630,2.917,-0.595263,-0.291074,0.697314,-0.273295,img_361.jpg
65712,1280,720,631.94293,353.39117,986.8637,986.74805,-1.106,0.624,2.909,-0.616843,-0.278618,0.684581,-0.270601,img_362.jpg
65789,1280,720,631.94293,353.39117,986.8637,986.74805,-1.090,0.613,2.888,-0.652439,-0.271054,0.657630,-0.261488,img_363.jpg
65868,1280,720,631.94293,353.39117,986.8637,986.74805,-1.078,0.604,2.871,-0.678618,-0.266994,0.635459,-0.253741,img_364.jpg
65956,1280,720,631.94293,353.39117,986.8637,986.74805,-1.060,0.593,2.841,-0.711431,-0.273467,0.598800,-0.246010,img_365.jpg
66041,1280,720,631.94293,353.39117,986.8637,986.74805,-1.050,0.586,2.820,-0.730116,-0.278096,0.574677,-0.243599,img_366.jpg
66129,1280,720,631.94293,353.39117,986.8637,986.74805,-1.045,0.580,2.786,-0.756887,-0.283881,0.539034,-0.236594,img_367.jpg
66206,1280,720,631.94293,353.39117,986.8637,986.74805,-1.044,0.575,2.768,-0.771034,-0.281470,0.520596,-0.235079,img_368.jpg
66284,1280,720,631.94293,353.39117,986.8637,986.74805,-1.053,0.571,2.741,-0.786833,-0.279713,0.500342,-0.228717,img_369.jpg
66375,1280,720,631.94293,353.39117,986.8637,986.74805,-1.054,0.564,2.727,-0.795085,-0.275386,0.490856,-0.225969,img_370.jpg
66442,1280,720,631.94293,353.39117,986.8637,986.74805,-1.071,0.561,2.701,-0.805913,-0.269541,0.477233,-0.223830,img_371.jpg
66523,1280,720,631.94293,353.39117,986.8637,986.74805,-1.083,0.560,2.683,-0.812725,-0.267816,0.467353,-0.222113,img_372.jpg
66604,1280,720,631.94293,353.39117,986.8637,986.74805,-1.091,0.557,2.672,-0.817583,-0.263385,0.460710,-0.223459,img_373.jpg
66681,1280,720,631.94293,353.39117,986.8637,986.74805,-1.100,0.554,2.659,-0.821904,-0.267895,0.449232,-0.225603,img_374.jpg
66769,1280,720,631.94293,353.39117,986.8637,986.74805,-1.103,0.553,2.659,-0.825442,-0.266517,0.443471,-0.225716,img_375.jpg
66843,1280,720,631.94293,353.39117,986.8637,986.74805,-1.107,0.550,2.653,-0.829916,-0.272700,0.428873,-0.230093,img_376.jpg
66922,1280,720,631.94293,353.39117,986.8637,986.74805,-1.110,0.548,2.653,-0.832930,-0.275690,0.420043,-0.231919,img_377.jpg
67004,1280,720,631.94293,353.39117,986.8637,986.74805,-1.114,0.548,2.655,-0.836477,-0.277119,0.412729,-0.230576,img_378.jpg
67079,1280,720,631.94293,353.39117,986.8637,986.74805,-1.115,0.548,2.666,-0.840073,-0.283387,0.399728,-0.232781,img_379.jpg
67169,1280,720,631.94293,353.39117,986.8637,986.74805,-1.115,0.551,2.675,-0.841439,-0.285130,0.395466,-0.232999,img_380.jpg
67243,1280,720,631.94293,353.39117,986.8637,986.74805,-1.115,0.555,2.685,-0.843113,-0.286987,0.392201,-0.230167,img_381.jpg
67319,1280,720,631.94293,353.39117,986.8637,986.74805,-1.114,0.558,2.697,-0.844879,-0.289735,0.387221,-0.228676,img_382.jpg
67406,1280,720,631.94293,353.39117,986.8637,986.74805,-1.111,0.562,2.717,-0.845830,-0.291694,0.384662,-0.226984,img_383.jpg
67488,1280,720,631.94293,353.39117,986.8637,986.74805,-1.108,0.565,2.740,-0.847825,-0.289149,0.382822,-0.225906,img_384.jpg
67569,1280,720,631.94293,353.39117,986.8637,986.74805,-1.104,0.568,2.756,-0.848245,-0.286484,0.384104,-0.225545,img_385.jpg
67649,1280,720,631.94293,353.39117,986.8637,986.74805,-1.098,0.571,2.777,-0.849263,-0.282235,0.386855,-0.222348,img_386.jpg
67741,1280,720,631.94293,353.39117,986.8637,986.74805,-1.093,0.572,2.790,-0.848655,-0.280275,0.388770,-0.223805,img_387.jpg
67829,1280,720,631.94293,353.39117,986.8637,986.74805,-1.081,0.573,2.807,-0.844856,-0.279006,0.396488,-0.226209,img_388.jpg
67923,1280,720,631.94293,353.39117,986.8637,986.74805,-1.067,0.576,2.822,-0.839422,-0.283507,0.405787,-0.224348,img_389.jpg
68006,1280,720,631.94293,353.39117,986.8637,986.74805,-1.054,0.577,2.830,-0.834542,-0.285587,0.414176,-0.224584,img_390.jpg
68080,1280,720,631.94293,353.39117,986.8637,986.74805,-1.040,0.577,2.837,-0.826956,-0.287777,0.425767,-0.228148,img_391.jpg
68163,1280,720,631.94293,353.39117,986.8637,986.74805,-1.016,0.577,2.850,-0.814103,-0.289142,0.447772,-0.230506,img_392.jpg
68239,1280,720,631.94293,353.39117,986.8637,986.74805,-0.996,0.575,2.860,-0.805460,-0.288896,0.461913,-0.233260,img_393.jpg
68315,1280,720,631.94293,353.39117,986.8637,986.74805,-0.973,0.570,2.871,-0.794035,-0.288327,0.477861,-0.240885,img_394.jpg
68395,1280,720,631.94293,353.39117,986.8637,986.74805,-0.937,0.563,2.887,-0.773814,-0.289568,0.505646,-0.248363,img_395.jpg
68469,1280,720,631.94293,353.39117,986.8637,986.74805,-0.911,0.562,2.899,-0.753638,-0.295622,0.527586,-0.257469,img_396.jpg
68547,1280,720,631.94293,353.39117,986.8637,986.74805,-0.873,0.564,2.920,-0.719353,-0.308077,0.563292,-0.265184,img_397.jpg
68623,1280,720,631.94293,353.39117,986.8637,986.74805,-0.849,0.567,2.936,-0.692933,-0.310030,0.591539,-0.271674,img_398.jpg
68704,1280,720,631.94293,353.39117,986.8637,986.74805,-0.825,0.571,2.951,-0.664241,-0.319260,0.617538,-0.274779,img_399.jpg
68780,1280,720,631.94293,353.39117,986.8637,986.74805,-0.795,0.578,2.971,-0.627373,-0.336296,0.648106,-0.270680,img_400.jpg
68869,1280,720,631.94293,353.39117,986.8637,986.74805,-0.777,0.583,2.978,-0.609366,-0.339243,0.664048,-0.269496,img_401.jpg
68945,1280,720,631.94293,353.39117,986.8637,986.74805,-0.760,0.587,2.984,-0.597358,-0.336883,0.676347,-0.268753,img_402.jpg
69024,1280,720,631.94293,353.39117,986.8637,986.74805,-0.735,0.595,2.994,-0.580515,-0.337095,0.691512,-0.266797,img_403.jpg
69104,1280,720,631.94293,353.39117,986.8637,986.74805,-0.723,0.602,3.001,-0.575428,-0.329283,0.699848,-0.265836,img_404.jpg
69182,1280,720,631.94293,353.39117,986.8637,986.74805,-0.703,0.606,3.011,-0.569896,-0.319663,0.708336,-0.267010,img_405.jpg
69269,1280,720,631.94293,353.39117,986.8637,986.74805,-0.693,0.607,3.016,-0.568678,-0.316251,0.711119,-0.266270,img_406.jpg
69356,1280,720,631.94293,353.39117,986.8637,986.74805,-0.671,0.601,3.024,-0.568720,-0.320092,0.708905,-0.267492,img_407.jpg
69439,1280,720,631.94293,353.39117,986.8637,986.74805,-0.659,0.600,3.027,-0.569962,-0.322701,0.704866,-0.272344,img_408.jpg
69524,1280,720,631.94293,353.39117,986.8637,986.74805,-0.637,0.600,3.036,-0.575525,-0.321934,0.700479,-0.272870,img_409.jpg
69604,1280,720,631.94293,353.39117,986.8637,986.74805,-0.623,0.600,3.049,-0.574717,-0.328407,0.699601,-0.269085,img_410.jpg
69682,1280,720,631.94293,353.39117,986.8637,986.74805,-0.606,0.597,3.081,-0.569104,-0.342593,0.699720,-0.262950,img_411.jpg
69771,1280,720,631.94293,353.39117,986.8637,986.74805,-0.590,0.595,3.122,-0.563879,-0.349537,0.702858,-0.256625,img_412.jpg
69852,1280,720,631.94293,353.39117,986.8637,986.74805,-0.579,0.593,3.158,-0.555378,-0.357577,0.706339,-0.254518,img_413.jpg
69939,1280,720,631.94293,353.39117,986.8637,986.74805,-0.570,0.590,3.199,-0.543495,-0.369026,0.709693,-0.254497,img_414.jpg
70011,1280,720,631.94293,353.39117,986.8637,986.74805,-0.565,0.589,3.241,-0.530401,-0.376081,0.715577,-0.255319,img_415.jpg
70089,1280,720,631.94293,353.39117,986.8637,986.74805,-0.566,0.589,3.311,-0.507372,-0.387638,0.728895,-0.247029,img_416.jpg
70164,1280,720,631.94293,353.39117,986.8637,986.74805,-0.568,0.587,3.358,-0.487948,-0.395469,0.739022,-0.243635,img_417.jpg
70253,1280,720,631.94293,353.39117,986.8637,986.74805,-0.577,0.582,3.421,-0.461411,-0.401108,0.754481,-0.238686,img_418.jpg
70340,1280,720,631.94293,353.39117,986.8637,986.74805,-0.593,0.579,3.477,-0.424659,-0.407160,0.774357,-0.232929,img_419.jpg
70422,1280,720,631.94293,353.39117,986.8637,986.74805,-0.614,0.584,3.508,-0.396935,-0.409785,0.791933,-0.217626,img_420.jpg
70504,1280,720,631.94293,353.39117,986.8637,986.74805,-0.631,0.587,3.539,-0.367382,-0.399971,0.811804,-0.214541,img_421.jpg
70584,1280,720,631.94293,353.39117,986.8637,986.74805,-0.661,0.592,3.575,-0.329491,-0.384378,0.836402,-0.210050,img_422.jpg
70669,1280,720,631.94293,353.39117,986.8637,986.74805,-0.675,0.596,3.596,-0.309086,-0.376664,0.847943,-0.208764,img_423.jpg
70748,1280,720,631.94293,353.39117,986.8637,986.74805,-0.684,0.602,3.621,-0.290818,-0.371469,0.857385,-0.205735,img_424.jpg
70831,1280,720,631.94293,353.39117,986.8637,986.74805,-0.689,0.612,3.646,-0.276238,-0.355753,0.868663,-0.206291,img_425.jpg
70923,1280,720,631.94293,353.39117,986.8637,986.74805,-0.676,0.615,3.663,-0.267813,-0.346226,0.871333,-0.221772,img_426.jpg
71022,1280,720,631.94293,353.39117,986.8637,986.74805,-0.655,0.612,3.689,-0.259741,-0.352608,0.870155,-0.225906,img_427.jpg
71105,1280,720,631.94293,353.39117,986.8637,986.74805,-0.638,0.605,3.713,-0.225114,-0.364715,0.873337,-0.231495,img_428.jpg
71186,1280,720,631.94293,353.39117,986.8637,986.74805,-0.619,0.593,3.762,-0.181746,-0.384099,0.871395,-0.245165,img_429.jpg
71272,1280,720,631.94293,353.39117,986.8637,986.74805,-0.599,0.581,3.808,-0.145376,-0.387197,0.872874,-0.258912,img_430.jpg
71352,1280,720,631.94293,353.39117,986.8637,986.74805,-0.589,0.570,3.842,-0.104604,-0.381910,0.880656,-0.260091,img_431.jpg
71442,1280,720,631.94293,353.39117,986.8637,986.74805,-0.571,0.555,3.889,-0.079578,-0.367208,0.884444,-0.276739,img_432.jpg
71520,1280,720,631.94293,353.39117,986.8637,986.74805,-0.559,0.552,3.915,-0.085198,-0.367687,0.883905,-0.276151,img_433.jpg
71602,1280,720,631.94293,353.39117,986.8637,986.74805,-0.548,0.549,3.939,-0.091628,-0.357404,0.885534,-0.282304,img_434.jpg
71684,1280,720,631.94293,353.39117,986.8637,986.74805,-0.531,0.546,3.971,-0.103861,-0.352330,0.886795,-0.280483,img_435.jpg
71771,1280,720,631.94293,353.39117,986.8637,986.74805,-0.509,0.552,3.991,-0.132054,-0.340945,0.888883,-0.276055,img_436.jpg
71852,1280,720,631.94293,353.39117,986.8637,986.74805,-0.494,0.558,4.002,-0.150975,-0.333211,0.891167,-0.268324,img_437.jpg
71925,1280,720,631.94293,353.39117,986.8637,986.74805,-0.477,0.566,4.007,-0.168454,-0.325423,0.892652,-0.262479,img_438.jpg
71994,1280,720,631.94293,353.39117,986.8637,986.74805,-0.464,0.574,4.006,-0.185173,-0.321052,0.892181,-0.258166,img_439.jpg
72070,1280,720,631.94293,353.39117,986.8637,986.74805,-0.454,0.583,3.999,-0.206706,-0.311509,0.890872,-0.258034,img_440.jpg
72137,1280,720,631.94293,353.39117,986.8637,986.74805,-0.445,0.588,3.997,-0.222850,-0.305729,0.888048,-0.261225,img_441.jpg
72219,1280,720,631.94293,353.39117,986.8637,986.74805,-0.434,0.596,3.991,-0.246406,-0.303559,0.883861,-0.256758,img_442.jpg
72305,1280,720,631.94293,353.39117,986.8637,986.74805,-0.420,0.599,4.008,-0.264368,-0.308583,0.878051,-0.252809,img_443.jpg
72383,1280,720,631.94293,353.39117,986.8637,986.74805,-0.408,0.602,4.004,-0.297764,-0.309546,0.868470,-0.247543,img_444.jpg
72453,1280,720,631.94293,353.39117,986.8637,986.74805,-0.402,0.603,4.000,-0.322244,-0.313108,0.859936,-0.242142,img_445.jpg
72540,1280,720,631.94293,353.39117,986.8637,986.74805,-0.392,0.604,3.999,-0.347810,-0.323631,0.847713,-0.235953,img_446.jpg
72618,1280,720,631.94293,353.39117,986.8637,986.74805,-0.379,0.605,3.996,-0.384445,-0.328406,0.832383,-0.226915,img_447.jpg
72706,1280,720,631.94293,353.39117,986.8637,986.74805,-0.369,0.597,3.995,-0.412634,-0.335156,0.817016,-0.223357,img_448.jpg
72788,1280,720,631.94293,353.39117,986.8637,986.74805,-0.363,0.595,3.994,-0.427493,-0.342005,0.806395,-0.223628,img_449.jpg
72865,1280,720,631.94293,353.39117,986.8637,986.74805,-0.359,0.590,3.992,-0.435897,-0.346220,0.798074,-0.230660,img_450.jpg
72936,1280,720,631.94293,353.39117,986.8637,986.74805,-0.359,0.583,3.989,-0.449756,-0.349351,0.788796,-0.231246,img_451.jpg
73023,1280,720,631.94293,353.39117,986.8637,986.74805,-0.357,0.581,3.989,-0.453175,-0.354849,0.783656,-0.233661,img_452.jpg
73105,1280,720,631.94293,353.39117,986.8637,986.74805,-0.359,0.578,3.986,-0.458532,-0.355856,0.781010,-0.230518,img_453.jpg
73178,1280,720,631.94293,353.39117,986.8637,986.74805,-0.363,0.576,3.986,-0.460509,-0.360702,0.778644,-0.227022,img_454.jpg
73269,1280,720,631.94293,353.39117,986.8637,986.74805,-0.366,0.574,3.986,-0.460793,-0.363252,0.777421,-0.226571,img_455.jpg
73343,1280,720,631.94293,353.39117,986.8637,986.74805,-0.367,0.570,3.990,-0.463377,-0.363505,0.776021,-0.225692,img_456.jpg
73441,1280,720,631.94293,353.39117,986.8637,986.74805,-0.368,0.566,3.994,-0.465855,-0.363509,0.774150,-0.227008,img_457.jpg
73522,1280,720,631.94293,353.39117,986.8637,986.74805,-0.367,0.560,3.998,-0.466021,-0.363339,0.772767,-0.231604,img_458.jpg,aruco_5.jpg,0.17635168,0.17635168,-0.077,0.260,4.310,-0.460919,0.503555,0.662082,0.662082
73596,1280,720,631.94293,353.39117,986.8637,986.74805,-0.367,0.556,4.002,-0.464213,-0.363382,0.773327,-0.233293,img_459.jpg
73674,1280,720,631.94293,353.39117,986.8637,986.74805,-0.379,0.557,4.006,-0.467533,-0.337261,0.790344,-0.207423,img_460.jpg
73755,1280,720,631.94293,353.39117,986.8637,986.74805,-0.387,0.558,4.013,-0.450307,-0.343266,0.798075,-0.206077,img_461.jpg
73829,1280,720,631.94293,353.39117,986.8637,986.74805,-0.396,0.563,4.019,-0.423359,-0.347258,0.809913,-0.210288,img_462.jpg
73911,1280,720,631.94293,353.39117,986.8637,986.74805,-0.414,0.568,4.027,-0.379202,-0.321971,0.842264,-0.207685,img_463.jpg
73989,1280,720,631.94293,353.39117,986.8637,986.74805,-0.424,0.566,4.034,-0.331416,-0.322833,0.860557,-0.213036,img_464.jpg
74071,1280,720,631.94293,353.39117,986.8637,986.74805,-0.433,0.563,4.034,-0.291993,-0.313372,0.875175,-0.224961,img_465.jpg
74143,1280,720,631.94293,353.39117,986.8637,986.74805,-0.441,0.556,4.030,-0.229394,-0.320868,0.887469,-0.238370,img_466.jpg
74223,1280,720,631.94293,353.39117,986.8637,986.74805,-0.441,0.554,4.020,-0.197740,-0.314595,0.896508,-0.241251,img_467.jpg
74307,1280,720,631.94293,353.39117,986.8637,986.74805,-0.436,0.555,3.997,-0.152912,-0.313648,0.905932,-0.239855,img_468.jpg
74386,1280,720,631.94293,353.39117,986.8637,986.74805,-0.431,0.556,3.982,-0.126191,-0.312094,0.911478,-0.236391,img_469.jpg
74467,1280,720,631.94293,353.39117,986.8637,986.74805,-0.424,0.561,3.965,-0.105751,-0.308950,0.915660,-0.234379,img_470.jpg
74543,1280,720,631.94293,353.39117,986.8637,986.74805,-0.416,0.567,3.945,-0.094626,-0.307179,0.917612,-0.233827,img_471.jpg
74623,1280,720,631.94293,353.39117,986.8637,986.74805,-0.404,0.574,3.919,-0.073659,-0.307770,0.916867,-0.243325,img_472.jpg
74698,1280,720,631.94293,353.39117,986.8637,986.74805,-0.399,0.584,3.899,-0.056067,-0.306745,0.917976,-0.245119,img_473.jpg
74776,1280,720,631.94293,353.39117,986.8637,986.74805,-0.388,0.606,3.863,-0.047678,-0.296961,0.922522,-0.241856,img_474.jpg
74853,1280,720,631.94293,353.39117,986.8637,986.74805,-0.382,0.621,3.836,-0.037622,-0.292938,0.925713,-0.236281,img_475.jpg
74934,1280,720,631.94293,353.39117,986.8637,986.74805,-0.373,0.638,3.805,-0.037688,-0.282040,0.929896,-0.233082,img_476.jpg
