time,sizeX,sizeY,p_x,p_y,f_x,f_y,pos_X,pos_Y,pos_Z,q_x,q_y,q_z,q_w,marker_ID,marker_x,marker_y,marker_z,marker_qx,marker_qy,marker_qz,marker_qw,marker_ID,marker_x,marker_y,marker_z,marker_qx,marker_qy,marker_qz,marker_qw,marker_ID,marker_x,marker_y,marker_z,marker_qx,marker_qy,marker_qz,marker_qw,
48323,1280,720,631.94293,353.39117,986.8637,986.74805,-0.128,0.029,0.467,-0.699714,0.444711,0.438279,0.347195,img_1.jpg
48430,1280,720,631.94293,353.39117,986.8637,986.74805,-0.128,0.028,0.468,-0.695729,0.442680,0.442260,0.352707,img_2.jpg
48514,1280,720,631.94293,353.39117,986.8637,986.74805,-0.128,0.030,0.469,-0.694611,0.442671,0.442682,0.354387,img_3.jpg
48597,1280,720,631.94293,353.39117,986.8637,986.74805,-0.127,0.031,0.470,-0.695798,0.441513,0.442002,0.354353,img_4.jpg
48682,1280,720,631.94293,353.39117,986.8637,986.74805,-0.125,0.035,0.472,-0.697530,0.440522,0.438985,0.355927,img_5.jpg
48763,1280,720,631.94293,353.39117,986.8637,986.74805,-0.124,0.037,0.472,-0.696829,0.439289,0.441191,0.356098,img_6.jpg,aruco_1.jpg,0.18209933,0.18209933,-0.118,0.010,0.158,-0.229055,0.628679,-0.035587,-0.035587
48850,1280,720,631.94293,353.39117,986.8637,986.74805,-0.121,0.040,0.474,-0.695845,0.435318,0.445801,0.357155,img_7.jpg
48931,1280,720,631.94293,353.39117,986.8637,986.74805,-0.117,0.043,0.476,-0.691534,0.429575,0.455023,0.360832,img_8.jpg
49018,1280,720,631.94293,353.39117,986.8637,986.74805,-0.108,0.046,0.479,-0.684986,0.415217,0.471320,0.369117,img_9.jpg
49099,1280,720,631.94293,353.39117,986.8637,986.74805,-0.103,0.050,0.480,-0.675679,0.410745,0.485432,0.372964,img_10.jpg
49183,1280,720,631.94293,353.39117,986.8637,986.74805,-0.094,0.057,0.482,-0.675121,0.398229,0.496824,0.372546,img_11.jpg
49265,1280,720,631.94293,353.39117,986.8637,986.74805,-0.088,0.063,0.484,-0.670532,0.397512,0.500407,0.376780,img_12.jpg
49342,1280,720,631.94293,353.39117,986.8637,986.74805,-0.080,0.072,0.488,-0.646776,0.395965,0.521714,0.390778,img_13.jpg
49431,1280,720,631.94293,353.39117,986.8637,986.74805,-0.071,0.078,0.487,-0.646111,0.377784,0.532072,0.395877,img_14.jpg
49514,1280,720,631.94293,353.39117,986.8637,986.74805,-0.058,0.088,0.488,-0.654462,0.368270,0.521176,0.405502,img_15.jpg
49598,1280,720,631.94293,353.39117,986.8637,986.74805,-0.048,0.089,0.480,-0.664735,0.346334,0.539067,0.384170,img_16.jpg
49683,1280,720,631.94293,353.39117,986.8637,986.74805,-0.041,0.092,0.473,-0.665851,0.343393,0.547591,0.372649,img_17.jpg
49765,1280,720,631.94293,353.39117,986.8637,986.74805,-0.040,0.096,0.471,-0.652406,0.339705,0.565008,0.373808,img_18.jpg
49848,1280,720,631.94293,353.39117,986.8637,986.74805,-0.040,0.098,0.463,-0.640759,0.335410,0.584460,0.367878,img_19.jpg
49932,1280,720,631.94293,353.39117,986.8637,986.74805,-0.041,0.102,0.458,-0.631820,0.329556,0.597614,0.367498,img_20.jpg
50010,1280,720,631.94293,353.39117,986.8637,986.74805,-0.041,0.106,0.456,-0.609738,0.314522,0.621340,0.378461,img_21.jpg
50097,1280,720,631.94293,353.39117,986.8637,986.74805,-0.043,0.108,0.453,-0.594943,0.305179,0.635863,0.385469,img_22.jpg
50181,1280,720,631.94293,353.39117,986.8637,986.74805,-0.047,0.111,0.448,-0.580263,0.289806,0.658363,0.381924,img_23.jpg
50281,1280,720,631.94293,353.39117,986.8637,986.74805,-0.052,0.116,0.446,-0.562188,0.283882,0.674574,0.385105,img_24.jpg
50364,1280,720,631.94293,353.39117,986.8637,986.74805,-0.055,0.118,0.445,-0.557096,0.280095,0.677576,0.389977,img_25.jpg
50453,1280,720,631.94293,353.39117,986.8637,986.74805,-0.058,0.123,0.442,-0.550809,0.273974,0.683048,0.393693,img_26.jpg
50548,1280,720,631.94293,353.39117,986.8637,986.74805,-0.058,0.128,0.443,-0.550975,0.265510,0.681742,0.401447,img_27.jpg
50630,1280,720,631.94293,353.39117,986.8637,986.74805,-0.056,0.131,0.443,-0.552372,0.263616,0.679485,0.404590,img_28.jpg
50714,1280,720,631.94293,353.39117,986.8637,986.74805,-0.044,0.135,0.442,-0.554149,0.256560,0.679218,0.407135,img_29.jpg
50802,1280,720,631.94293,353.39117,986.8637,986.74805,-0.032,0.137,0.441,-0.556482,0.246693,0.682924,0.403839,img_30.jpg
50886,1280,720,631.94293,353.39117,986.8637,986.74805,-0.003,0.138,0.445,-0.551769,0.230369,0.691195,0.405870,img_31.jpg
50986,1280,720,631.94293,353.39117,986.8637,986.74805,0.035,0.137,0.445,-0.547230,0.210985,0.702799,0.402614,img_32.jpg
51081,1280,720,631.94293,353.39117,986.8637,986.74805,0.083,0.136,0.443,-0.542471,0.187297,0.714256,0.400604,img_33.jpg
51164,1280,720,631.94293,353.39117,986.8637,986.74805,0.115,0.138,0.441,-0.530127,0.175454,0.725535,0.402220,img_34.jpg
51253,1280,720,631.94293,353.39117,986.8637,986.74805,0.161,0.149,0.439,-0.509212,0.150579,0.744990,0.403756,img_35.jpg
51348,1280,720,631.94293,353.39117,986.8637,986.74805,0.200,0.170,0.441,-0.499416,0.116653,0.755676,0.407345,img_36.jpg
51430,1280,720,631.94293,353.39117,986.8637,986.74805,0.218,0.191,0.445,-0.487578,0.103982,0.763388,0.410725,img_37.jpg
51519,1280,720,631.94293,353.39117,986.8637,986.74805,0.241,0.231,0.458,-0.471145,0.077663,0.774520,0.414861,img_38.jpg
51599,1280,720,631.94293,353.39117,986.8637,986.74805,0.254,0.263,0.471,-0.457319,0.057638,0.781895,0.419735,img_39.jpg
51677,1280,720,631.94293,353.39117,986.8637,986.74805,0.272,0.319,0.494,-0.421290,0.040301,0.795854,0.433021,img_40.jpg
51764,1280,720,631.94293,353.39117,986.8637,986.74805,0.291,0.374,0.524,-0.388836,0.019087,0.805410,0.446943,img_41.jpg
51847,1280,720,631.94293,353.39117,986.8637,986.74805,0.301,0.409,0.547,-0.368788,0.006873,0.809559,0.456685,img_42.jpg
51921,1280,720,631.94293,353.39117,986.8637,986.74805,0.311,0.442,0.571,-0.345971,-0.004117,0.814989,0.464844,img_43.jpg
51998,1280,720,631.94293,353.39117,986.8637,986.74805,0.322,0.476,0.597,-0.324927,-0.018693,0.820092,0.470662,img_44.jpg
52079,1280,720,631.94293,353.39117,986.8637,986.74805,0.339,0.526,0.633,-0.292487,-0.043266,0.833310,0.467092,img_45.jpg
52164,1280,720,631.94293,353.39117,986.8637,986.74805,0.352,0.565,0.667,-0.259824,-0.071609,0.845649,0.460697,img_46.jpg
52248,1280,720,631.94293,353.39117,986.8637,986.74805,0.364,0.583,0.688,-0.239207,-0.093995,0.852737,0.454736,img_47.jpg
52328,1280,720,631.94293,353.39117,986.8637,986.74805,0.372,0.593,0.706,-0.214216,-0.111589,0.854887,0.459159,img_48.jpg
52415,1280,720,631.94293,353.39117,986.8637,986.74805,0.388,0.605,0.739,-0.181823,-0.151726,0.859977,0.452062,img_49.jpg
52499,1280,720,631.94293,353.39117,986.8637,986.74805,0.398,0.605,0.754,-0.166453,-0.175320,0.858125,0.452966,img_50.jpg
52583,1280,720,631.94293,353.39117,986.8637,986.74805,0.418,0.602,0.781,-0.138363,-0.198530,0.855444,0.457883,img_51.jpg
52665,1280,720,631.94293,353.39117,986.8637,986.74805,0.433,0.604,0.802,-0.117620,-0.210428,0.853703,0.461603,img_52.jpg
52741,1280,720,631.94293,353.39117,986.8637,986.74805,0.468,0.593,0.828,-0.102684,-0.229194,0.851197,0.460857,img_53.jpg
52830,1280,720,631.94293,353.39117,986.8637,986.74805,0.493,0.589,0.845,-0.090515,-0.234192,0.851500,0.460335,img_54.jpg
52908,1280,720,631.94293,353.39117,986.8637,986.74805,0.521,0.581,0.858,-0.082804,-0.238937,0.849301,0.463402,img_55.jpg
52984,1280,720,631.94293,353.39117,986.8637,986.74805,0.569,0.577,0.875,-0.075823,-0.236910,0.851471,0.461651,img_56.jpg
53065,1280,720,631.94293,353.39117,986.8637,986.74805,0.613,0.577,0.891,-0.072388,-0.237306,0.852125,0.460792,img_57.jpg
53148,1280,720,631.94293,353.39117,986.8637,986.74805,0.641,0.576,0.903,-0.074483,-0.239945,0.849672,0.463612,img_58.jpg
53219,1280,720,631.94293,353.39117,986.8637,986.74805,0.662,0.577,0.911,-0.069050,-0.239209,0.848117,0.467662,img_59.jpg
53298,1280,720,631.94293,353.39117,986.8637,986.74805,0.683,0.579,0.924,0.068790,0.237927,-0.844618,-0.474636,img_60.jpg
53379,1280,720,631.94293,353.39117,986.8637,986.74805,0.711,0.582,0.941,0.065563,0.234575,-0.845895,-0.474487,img_61.jpg
53465,1280,720,631.94293,353.39117,986.8637,986.74805,0.747,0.580,0.967,0.073266,0.236180,-0.842702,-0.478230,img_62.jpg
53548,1280,720,631.94293,353.39117,986.8637,986.74805,0.777,0.579,0.990,0.075073,0.235337,-0.839858,-0.483342,img_63.jpg
53632,1280,720,631.94293,353.39117,986.8637,986.74805,0.807,0.579,1.013,0.083412,0.229434,-0.837730,-0.488478,img_64.jpg
53704,1280,720,631.94293,353.39117,986.8637,986.74805,0.848,0.577,1.054,-0.093690,-0.218120,0.833946,0.498177,img_65.jpg
53782,1280,720,631.94293,353.39117,986.8637,986.74805,0.882,0.580,1.084,-0.104294,-0.217409,0.833307,0.497450,img_66.jpg
53854,1280,720,631.94293,353.39117,986.8637,986.74805,0.914,0.587,1.115,-0.119275,-0.216629,0.831813,0.496922,img_67.jpg
53933,1280,720,631.94293,353.39117,986.8637,986.74805,0.945,0.596,1.144,-0.124537,-0.211921,0.830693,0.499529,img_68.jpg
54014,1280,720,631.94293,353.39117,986.8637,986.74805,0.986,0.610,1.178,-0.134640,-0.196313,0.832841,0.499709,img_69.jpg
54103,1280,720,631.94293,353.39117,986.8637,986.74805,1.026,0.622,1.208,-0.141291,-0.180679,0.834638,0.500771,img_70.jpg
54183,1280,720,631.94293,353.39117,986.8637,986.74805,1.052,0.627,1.222,-0.142756,-0.165403,0.836391,0.502705,img_71.jpg
54265,1280,720,631.94293,353.39117,986.8637,986.74805,1.083,0.629,1.236,-0.148503,-0.157430,0.836531,0.503368,img_72.jpg
54345,1280,720,631.94293,353.39117,986.8637,986.74805,1.129,0.626,1.254,-0.155100,-0.150666,0.837017,0.502640,img_73.jpg
54432,1280,720,631.94293,353.39117,986.8637,986.74805,1.165,0.623,1.268,-0.154653,-0.147929,0.838443,0.501211,img_74.jpg
54506,1280,720,631.94293,353.39117,986.8637,986.74805,1.220,0.616,1.283,-0.157388,-0.143205,0.839425,0.500087,img_75.jpg
54600,1280,720,631.94293,353.39117,986.8637,986.74805,1.278,0.615,1.296,-0.149449,-0.139225,0.843140,0.497390,img_76.jpg
54683,1280,720,631.94293,353.39117,986.8637,986.74805,1.319,0.618,1.304,-0.148293,-0.135875,0.842449,0.499828,img_77.jpg
54765,1280,720,631.94293,353.39117,986.8637,986.74805,1.357,0.621,1.308,-0.146968,-0.141453,0.841445,0.500361,img_78.jpg
54844,1280,720,631.94293,353.39117,986.8637,986.74805,1.410,0.626,1.313,-0.138507,-0.143099,0.840231,0.504332,img_79.jpg
54932,1280,720,631.94293,353.39117,986.8637,986.74805,1.462,0.626,1.322,-0.148761,-0.148123,0.837472,0.504549,img_80.jpg
55014,1280,720,631.94293,353.39117,986.8637,986.74805,1.489,0.628,1.327,-0.141249,-0.147055,0.839327,0.503938,img_81.jpg
55100,1280,720,631.94293,353.39117,986.8637,986.74805,1.521,0.630,1.333,-0.140793,-0.143258,0.840285,0.503562,img_82.jpg
55174,1280,720,631.94293,353.39117,986.8637,986.74805,1.577,0.628,1.340,-0.154733,-0.134233,0.843212,0.497024,img_83.jpg
55249,1280,720,631.94293,353.39117,986.8637,986.74805,1.614,0.623,1.344,-0.166280,-0.127616,0.843064,0.495286,img_84.jpg
55333,1280,720,631.94293,353.39117,986.8637,986.74805,1.656,0.618,1.350,-0.182054,-0.121235,0.839999,0.496548,img_85.jpg
55408,1280,720,631.94293,353.39117,986.8637,986.74805,1.723,0.613,1.360,-0.205940,-0.108785,0.836911,0.495313,img_86.jpg
55499,1280,720,631.94293,353.39117,986.8637,986.74805,1.796,0.610,1.366,-0.249639,-0.101298,0.835155,0.479517,img_87.jpg
55584,1280,720,631.94293,353.39117,986.8637,986.74805,1.837,0.608,1.369,-0.269841,-0.086699,0.826909,0.485687,img_88.jpg
55658,1280,720,631.94293,353.39117,986.8637,986.74805,1.877,0.609,1.369,-0.297956,-0.060371,0.822583,0.480558,img_89.jpg
55735,1280,720,631.94293,353.39117,986.8637,986.74805,1.937,0.608,1.369,-0.331872,-0.045782,0.821977,0.460563,img_90.jpg
55814,1280,720,631.94293,353.39117,986.8637,986.74805,1.970,0.606,1.368,-0.343759,-0.036650,0.819574,0.456930,img_91.jpg
55890,1280,720,631.94293,353.39117,986.8637,986.74805,2.005,0.605,1.369,-0.355950,-0.030197,0.814753,0.456690,img_92.jpg
55966,1280,720,631.94293,353.39117,986.8637,986.74805,2.056,0.602,1.363,-0.376592,-0.020932,0.811219,0.446837,img_93.jpg
56049,1280,720,631.94293,353.39117,986.8637,986.74805,2.093,0.595,1.361,-0.384357,-0.015136,0.808272,0.445800,img_94.jpg
56124,1280,720,631.94293,353.39117,986.8637,986.74805,2.135,0.590,1.359,-0.391258,-0.010485,0.806784,0.442614,img_95.jpg
56216,1280,720,631.94293,353.39117,986.8637,986.74805,2.191,0.580,1.354,-0.398099,-0.005646,0.806365,0.437335,img_96.jpg
56300,1280,720,631.94293,353.39117,986.8637,986.74805,2.252,0.573,1.347,-0.405197,-0.004982,0.806396,0.430715,img_97.jpg
56383,1280,720,631.94293,353.39117,986.8637,986.74805,2.297,0.571,1.344,-0.409614,-0.007835,0.807854,0.423706,img_98.jpg
56465,1280,720,631.94293,353.39117,986.8637,986.74805,2.340,0.571,1.341,-0.408743,-0.012996,0.810175,0.419971,img_99.jpg
56566,1280,720,631.94293,353.39117,986.8637,986.74805,2.391,0.572,1.340,-0.401277,-0.010993,0.807749,0.431739,img_100.jpg
56649,1280,720,631.94293,353.39117,986.8637,986.74805,2.440,0.578,1.340,-0.401206,-0.007067,0.808057,0.431309,img_101.jpg
56732,1280,720,631.94293,353.39117,986.8637,986.74805,2.484,0.580,1.342,-0.405008,0.003311,0.806901,0.429964,img_102.jpg
56814,1280,720,631.94293,353.39117,986.8637,986.74805,2.512,0.581,1.346,-0.406068,0.011507,0.805955,0.430596,img_103.jpg
56900,1280,720,631.94293,353.39117,986.8637,986.74805,2.554,0.580,1.356,-0.406054,0.020744,0.805516,0.431086,img_104.jpg
56984,1280,720,631.94293,353.39117,986.8637,986.74805,2.582,0.580,1.367,-0.398534,0.019644,0.808519,0.432529,img_105.jpg
57066,1280,720,631.94293,353.39117,986.8637,986.74805,2.629,0.578,1.394,-0.372661,0.008703,0.816281,0.441285,img_106.jpg
57149,1280,720,631.94293,353.39117,986.8637,986.74805,2.664,0.579,1.414,-0.362706,-0.006527,0.820565,0.441673,img_107.jpg
57233,1280,720,631.94293,353.39117,986.8637,986.74805,2.715,0.583,1.447,-0.327764,-0.032037,0.829865,0.450409,img_108.jpg
57314,1280,720,631.94293,353.39117,986.8637,986.74805,2.748,0.583,1.469,-0.309330,-0.042515,0.832545,0.457577,img_109.jpg
57384,1280,720,631.94293,353.39117,986.8637,986.74805,2.780,0.582,1.492,-0.298860,-0.057604,0.831381,0.464941,img_110.jpg
57466,1280,720,631.94293,353.39117,986.8637,986.74805,2.826,0.577,1.526,-0.278302,-0.073337,0.824586,0.487061,img_111.jpg
57549,1280,720,631.94293,353.39117,986.8637,986.74805,2.854,0.572,1.546,-0.268356,-0.087254,0.822738,0.493430,img_112.jpg
57632,1280,720,631.94293,353.39117,986.8637,986.74805,2.883,0.571,1.567,-0.249838,-0.100588,0.823233,0.499750,img_113.jpg
57704,1280,720,631.94293,353.39117,986.8637,986.74805,2.912,0.566,1.593,-0.238628,-0.115433,0.817474,0.511339,img_114.jpg
57785,1280,720,631.94293,353.39117,986.8637,986.74805,2.923,0.568,1.610,-0.235319,-0.124526,0.816089,0.512950,img_115.jpg
57863,1280,720,631.94293,353.39117,986.8637,986.74805,2.931,0.564,1.616,-0.235737,-0.133061,0.813666,0.514462,img_116.jpg
57943,1280,720,631.94293,353.39117,986.8637,986.74805,2.946,0.559,1.631,-0.239531,-0.146629,0.805571,0.521709,img_117.jpg
58032,1280,720,631.94293,353.39117,986.8637,986.74805,2.954,0.557,1.643,-0.234410,-0.157569,0.799778,0.529697,img_118.jpg
58115,1280,720,631.94293,353.39117,986.8637,986.74805,2.958,0.557,1.653,-0.221306,-0.164336,0.798400,0.535327,img_119.jpg
58191,1280,720,631.94293,353.39117,986.8637,986.74805,2.959,0.558,1.660,-0.207809,-0.173576,0.799271,0.536519,img_120.jpg
58264,1280,720,631.94293,353.39117,986.8637,986.74805,2.961,0.558,1.673,-0.180477,-0.190912,0.801610,0.537031,img_121.jpg
58351,1280,720,631.94293,353.39117,986.8637,986.74805,2.967,0.556,1.683,-0.166142,-0.207896,0.802513,0.533994,img_122.jpg
58430,1280,720,631.94293,353.39117,986.8637,986.74805,2.968,0.553,1.698,0.137173,0.237371,-0.807320,-0.522564,img_123.jpg
58515,1280,720,631.94293,353.39117,986.8637,986.74805,2.969,0.550,1.706,0.120938,0.255449,-0.805639,-0.520639,img_124.jpg
58593,1280,720,631.94293,353.39117,986.8637,986.74805,2.963,0.554,1.706,0.105129,0.266451,-0.803603,-0.521703,img_125.jpg
58672,1280,720,631.94293,353.39117,986.8637,986.74805,2.964,0.553,1.711,0.089155,0.283410,-0.798870,-0.523008,img_126.jpg
58749,1280,720,631.94293,353.39117,986.8637,986.74805,2.966,0.551,1.708,0.084572,0.294996,-0.795738,-0.522135,img_127.jpg
58825,1280,720,631.94293,353.39117,986.8637,986.74805,2.965,0.546,1.706,0.079635,0.304117,-0.791028,-0.524829,img_128.jpg
58901,1280,720,631.94293,353.39117,986.8637,986.74805,2.974,0.537,1.706,0.082442,0.309415,-0.789097,-0.524205,img_129.jpg
58985,1280,720,631.94293,353.39117,986.8637,986.74805,2.976,0.532,1.703,0.082590,0.309591,-0.787707,-0.526165,img_130.jpg
59058,1280,720,631.94293,353.39117,986.8637,986.74805,2.978,0.527,1.702,0.087932,0.313377,-0.785249,-0.526732,img_131.jpg
59131,1280,720,631.94293,353.39117,986.8637,986.74805,2.979,0.522,1.700,0.088891,0.314792,-0.783729,-0.527990,img_132.jpg
59215,1280,720,631.94293,353.39117,986.8637,986.74805,2.980,0.513,1.697,0.095383,0.318841,-0.781610,-0.527568,img_133.jpg
59300,1280,720,631.94293,353.39117,986.8637,986.74805,2.981,0.508,1.694,0.100276,0.321131,-0.781193,-0.525888,img_134.jpg
59377,1280,720,631.94293,353.39117,986.8637,986.74805,2.982,0.503,1.690,0.106578,0.320026,-0.781939,-0.524210,img_135.jpg
59473,1280,720,631.94293,353.39117,986.8637,986.74805,2.982,0.498,1.687,0.113349,0.318494,-0.782684,-0.522609,img_136.jpg
59550,1280,720,631.94293,353.39117,986.8637,986.74805,2.982,0.498,1.685,0.116339,0.316696,-0.783409,-0.521957,img_137.jpg
59626,1280,720,631.94293,353.39117,986.8637,986.74805,2.982,0.495,1.683,0.121699,0.315594,-0.783343,-0.521501,img_138.jpg
59700,1280,720,631.94293,353.39117,986.8637,986.74805,2.982,0.493,1.682,0.128473,0.312538,-0.785009,-0.519207,img_139.jpg
59785,1280,720,631.94293,353.39117,986.8637,986.74805,2.983,0.492,1.683,0.132438,0.309498,-0.786117,-0.518355,img_140.jpg
59872,1280,720,631.94293,353.39117,986.8637,986.74805,2.986,0.488,1.683,0.139137,0.308856,-0.789239,-0.512201,img_141.jpg
59951,1280,720,631.94293,353.39117,986.8637,986.74805,2.987,0.487,1.685,0.140402,0.307382,-0.790317,-0.511080,img_142.jpg
60030,1280,720,631.94293,353.39117,986.8637,986.74805,2.993,0.483,1.685,0.150094,0.302854,-0.792714,-0.507302,img_143.jpg
60117,1280,720,631.94293,353.39117,986.8637,986.74805,2.999,0.481,1.683,0.160023,0.296962,-0.793930,-0.505848,img_144.jpg
60193,1280,720,631.94293,353.39117,986.8637,986.74805,3.007,0.479,1.678,-0.172097,-0.290102,0.796041,0.502536,img_145.jpg
60274,1280,720,631.94293,353.39117,986.8637,986.74805,3.020,0.474,1.668,-0.180023,-0.284087,0.799956,0.496947,img_146.jpg
60350,1280,720,631.94293,353.39117,986.8637,986.74805,3.033,0.471,1.659,-0.186276,-0.277658,0.801564,0.495684,img_147.jpg
60428,1280,720,631.94293,353.39117,986.8637,986.74805,3.048,0.468,1.649,-0.193680,-0.269881,0.804179,0.492897,img_148.jpg
60503,1280,720,631.94293,353.39117,986.8637,986.74805,3.071,0.468,1.626,-0.202396,-0.253284,0.808120,0.491758,img_149.jpg
60585,1280,720,631.94293,353.39117,986.8637,986.74805,3.087,0.470,1.609,-0.209224,-0.239536,0.808377,0.495352,img_150.jpg
60667,1280,720,631.94293,353.39117,986.8637,986.74805,3.103,0.473,1.593,-0.215096,-0.231452,0.808780,0.496023,img_151.jpg
60745,1280,720,631.94293,353.39117,986.8637,986.74805,3.128,0.475,1.567,-0.227508,-0.219167,0.807402,0.498305,img_152.jpg
60834,1280,720,631.94293,353.39117,986.8637,986.74805,3.158,0.474,1.535,-0.247776,-0.198101,0.806107,0.499555,img_153.jpg
60917,1280,720,631.94293,353.39117,986.8637,986.74805,3.176,0.476,1.507,-0.266824,-0.173770,0.810523,0.491591,img_154.jpg
60988,1280,720,631.94293,353.39117,986.8637,986.74805,3.192,0.476,1.476,-0.288922,-0.150218,0.816678,0.476441,img_155.jpg
61068,1280,720,631.94293,353.39117,986.8637,986.74805,3.213,0.470,1.430,-0.327166,-0.123123,0.817376,0.457930,img_156.jpg
61150,1280,720,631.94293,353.39117,986.8637,986.74805,3.226,0.466,1.401,-0.342838,-0.109746,0.817321,0.449893,img_157.jpg
61234,1280,720,631.94293,353.39117,986.8637,986.74805,3.239,0.460,1.363,-0.363104,-0.100300,0.816654,0.437231,img_158.jpg
61317,1280,720,631.94293,353.39117,986.8637,986.74805,3.243,0.459,1.340,-0.373645,-0.092816,0.816930,0.429418,img_159.jpg
61399,1280,720,631.94293,353.39117,986.8637,986.74805,3.250,0.461,1.305,-0.383818,-0.078662,0.816940,0.423207,img_160.jpg
61468,1280,720,631.94293,353.39117,986.8637,986.74805,3.242,0.468,1.290,-0.390243,-0.065568,0.813821,0.425566,img_161.jpg
61551,1280,720,631.94293,353.39117,986.8637,986.74805,3.244,0.473,1.278,-0.401958,-0.052550,0.805430,0.432378,img_162.jpg
61626,1280,720,631.94293,353.39117,986.8637,986.74805,3.247,0.477,1.260,-0.410963,-0.037956,0.801300,0.433113,img_163.jpg
61706,1280,720,631.94293,353.39117,986.8637,986.74805,3.256,0.480,1.235,-0.437738,-0.018547,0.791690,0.425757,img_164.jpg
61785,1280,720,631.94293,353.39117,986.8637,986.74805,3.263,0.481,1.220,-0.444485,-0.007974,0.788683,0.424675,img_165.jpg
61860,1280,720,631.94293,353.39117,986.8637,986.74805,3.281,0.482,1.200,-0.459037,0.004787,0.783101,0.419541,img_166.jpg
61950,1280,720,631.94293,353.39117,986.8637,986.74805,3.294,0.484,1.183,-0.461912,0.014947,0.779548,0.422750,img_167.jpg
62027,1280,720,631.94293,353.39117,986.8637,986.74805,3.309,0.485,1.171,-0.465982,0.024396,0.776498,0.423458,img_168.jpg
62117,1280,720,631.94293,353.39117,986.8637,986.74805,3.340,0.491,1.156,-0.473159,0.035530,0.766987,0.431961,img_169.jpg
62187,1280,720,631.94293,353.39117,986.8637,986.74805,3.364,0.497,1.147,-0.473575,0.043211,0.762974,0.437870,img_170.jpg
62271,1280,720,631.94293,353.39117,986.8637,986.74805,3.400,0.507,1.140,-0.479677,0.044422,0.757309,0.440932,img_171.jpg
62352,1280,720,631.94293,353.39117,986.8637,986.74805,3.422,0.519,1.135,-0.477252,0.043867,0.754477,0.448408,img_172.jpg
62435,1280,720,631.94293,353.39117,986.8637,986.74805,3.450,0.535,1.130,-0.474095,0.049846,0.752866,0.453809,img_173.jpg
62517,1280,720,631.94293,353.39117,986.8637,986.74805,3.469,0.543,1.124,-0.469115,0.056526,0.753108,0.457782,img_174.jpg
62602,1280,720,631.94293,353.39117,986.8637,986.74805,3.497,0.549,1.113,-0.466732,0.064724,0.756998,0.452687,img_175.jpg
62686,1280,720,631.94293,353.39117,986.8637,986.74805,3.517,0.552,1.105,-0.467487,0.066880,0.757773,0.450294,img_176.jpg
62764,1280,720,631.94293,353.39117,986.8637,986.74805,3.552,0.551,1.086,-0.470103,0.069470,0.759673,0.443930,img_177.jpg
62851,1280,720,631.94293,353.39117,986.8637,986.74805,3.577,0.548,1.071,-0.469905,0.070287,0.762806,0.438608,img_178.jpg
62928,1280,720,631.94293,353.39117,986.8637,986.74805,3.619,0.543,1.050,-0.461842,0.074574,0.766261,0.440437,img_179.jpg
63018,1280,720,631.94293,353.39117,986.8637,986.74805,3.654,0.538,1.031,-0.460512,0.075642,0.769375,0.436198,img_180.jpg
63092,1280,720,631.94293,353.39117,986.8637,986.74805,3.707,0.534,1.000,-0.458608,0.080856,0.774272,0.428537,img_181.jpg
63169,1280,720,631.94293,353.39117,986.8637,986.74805,3.742,0.539,0.983,-0.446158,0.091681,0.774835,0.438370,img_182.jpg
63251,1280,720,631.94293,353.39117,986.8637,986.74805,3.775,0.547,0.963,-0.446406,0.098664,0.773815,0.438404,img_183.jpg
63331,1280,720,631.94293,353.39117,986.8637,986.74805,3.819,0.561,0.932,-0.438538,0.104586,0.775432,0.442098,img_184.jpg
63418,1280,720,631.94293,353.39117,986.8637,986.74805,3.848,0.567,0.913,-0.440288,0.110512,0.772403,0.444216,img_185.jpg
63485,1280,720,631.94293,353.39117,986.8637,986.74805,3.875,0.567,0.893,-0.454333,0.116032,0.765189,0.441140,img_186.jpg
63559,1280,720,631.94293,353.39117,986.8637,986.74805,3.913,0.569,0.865,-0.471311,0.132919,0.759953,0.427399,img_187.jpg
63651,1280,720,631.94293,353.39117,986.8637,986.74805,3.935,0.567,0.847,-0.488844,0.147653,0.751050,0.418514,img_188.jpg
63729,1280,720,631.94293,353.39117,986.8637,986.74805,3.972,0.563,0.820,-0.512999,0.171178,0.737582,0.404354,img_189.jpg
63818,1280,720,631.94293,353.39117,986.8637,986.74805,3.998,0.560,0.799,-0.532151,0.188969,0.726207,0.392082,img_190.jpg
63895,1280,720,631.94293,353.39117,986.8637,986.74805,4.042,0.556,0.775,-0.554652,0.215148,0.709143,0.378402,img_191.jpg
63985,1280,720,631.94293,353.39117,986.8637,986.74805,4.067,0.556,0.759,-0.568654,0.230127,0.703740,0.358363,img_192.jpg
64060,1280,720,631.94293,353.39117,986.8637,986.74805,4.106,0.562,0.750,-0.572474,0.243195,0.695359,0.360007,img_193.jpg
64152,1280,720,631.94293,353.39117,986.8637,986.74805,4.129,0.566,0.742,-0.567394,0.253290,0.696876,0.358150,img_194.jpg
64232,1280,720,631.94293,353.39117,986.8637,986.74805,4.150,0.561,0.736,-0.570445,0.259364,0.695539,0.351493,img_195.jpg
64310,1280,720,631.94293,353.39117,986.8637,986.74805,4.184,0.554,0.717,-0.596939,0.274526,0.679683,0.326083,img_196.jpg
64403,1280,720,631.94293,353.39117,986.8637,986.74805,4.209,0.544,0.697,-0.608553,0.286559,0.667064,0.320270,img_197.jpg
64485,1280,720,631.94293,353.39117,986.8637,986.74805,4.217,0.537,0.684,-0.613922,0.292979,0.662639,0.313324,img_198.jpg
64569,1280,720,631.94293,353.39117,986.8637,986.74805,4.230,0.527,0.660,-0.626198,0.307345,0.651023,0.299306,img_199.jpg
64652,1280,720,631.94293,353.39117,986.8637,986.74805,4.230,0.519,0.644,-0.627309,0.317332,0.646888,0.295498,img_200.jpg
64725,1280,720,631.94293,353.39117,986.8637,986.74805,4.240,0.510,0.619,-0.632768,0.330200,0.640858,0.282620,img_201.jpg
64818,1280,720,631.94293,353.39117,986.8637,986.74805,4.255,0.502,0.582,-0.628462,0.342755,0.641933,0.274728,img_202.jpg
64892,1280,720,631.94293,353.39117,986.8637,986.74805,4.275,0.495,0.545,-0.620773,0.340180,0.656569,0.260453,img_203.jpg
64974,1280,720,631.94293,353.39117,986.8637,986.74805,4.292,0.492,0.525,-0.616166,0.332508,0.662738,0.265623,img_204.jpg
65053,1280,720,631.94293,353.39117,986.8637,986.74805,4.310,0.487,0.506,-0.614376,0.322739,0.666028,0.273473,img_205.jpg
65135,1280,720,631.94293,353.39117,986.8637,986.74805,4.334,0.487,0.480,-0.613051,0.312962,0.671934,0.273365,img_206.jpg
65218,1280,720,631.94293,353.39117,986.8637,986.74805,4.349,0.489,0.464,-0.608319,0.311486,0.675386,0.277088,img_207.jpg
65300,1280,720,631.94293,353.39117,986.8637,986.74805,4.371,0.495,0.444,-0.600247,0.310188,0.680655,0.283188,img_208.jpg
65387,1280,720,631.94293,353.39117,986.8637,986.74805,4.393,0.500,0.434,-0.595674,0.307033,0.680291,0.296829,img_209.jpg
65459,1280,720,631.94293,353.39117,986.8637,986.74805,4.419,0.506,0.417,-0.587092,0.304623,0.682949,0.310015,img_210.jpg
65543,1280,720,631.94293,353.39117,986.8637,986.74805,4.465,0.511,0.389,-0.590904,0.300291,0.671991,0.330281,img_211.jpg
65635,1280,720,631.94293,353.39117,986.8637,986.74805,4.512,0.517,0.353,-0.598929,0.302526,0.661355,0.335220,img_212.jpg
65717,1280,720,631.94293,353.39117,986.8637,986.74805,4.539,0.524,0.327,-0.606764,0.311133,0.655058,0.325475,img_213.jpg
65796,1280,720,631.94293,353.39117,986.8637,986.74805,4.567,0.539,0.290,-0.616045,0.331720,0.645682,0.305853,img_214.jpg
65885,1280,720,631.94293,353.39117,986.8637,986.74805,4.585,0.545,0.265,-0.622853,0.344827,0.638242,0.292911,img_215.jpg
65975,1280,720,631.94293,353.39117,986.8637,986.74805,4.590,0.557,0.251,-0.627962,0.371889,0.620831,0.286236,img_216.jpg
66052,1280,720,631.94293,353.39117,986.8637,986.74805,4.589,0.560,0.247,-0.629333,0.387859,0.611742,0.281563,img_217.jpg
66129,1280,720,631.94293,353.39117,986.8637,986.74805,4.597,0.562,0.225,-0.629412,0.404221,0.604657,0.273561,img_218.jpg
66219,1280,720,631.94293,353.39117,986.8637,986.74805,4.599,0.563,0.218,-0.631953,0.412214,0.596818,0.272989,img_219.jpg
66300,1280,720,631.94293,353.39117,986.8637,986.74805,4.597,0.562,0.197,-0.631304,0.423801,0.589693,0.272232,img_220.jpg
66387,1280,720,631.94293,353.39117,986.8637,986.74805,4.598,0.559,0.178,-0.628379,0.430698,0.587500,0.272914,img_221.jpg
66463,1280,720,631.94293,353.39117,986.8637,986.74805,4.601,0.553,0.143,-0.622581,0.440879,0.584614,0.276127,img_222.jpg
66552,1280,720,631.94293,353.39117,986.8637,986.74805,4.602,0.550,0.100,-0.617493,0.448927,0.580512,0.283149,img_223.jpg
66636,1280,720,631.94293,353.39117,986.8637,986.74805,4.599,0.546,0.067,-0.614529,0.453700,0.577015,0.289076,img_224.jpg
66719,1280,720,631.94293,353.39117,986.8637,986.74805,4.593,0.545,0.037,-0.611367,0.459549,0.572803,0.294858,img_225.jpg
66802,1280,720,631.94293,353.39117,986.8637,986.74805,4.579,0.542,-0.014,-0.614412,0.466164,0.568010,0.287322,img_226.jpg
66895,1280,720,631.94293,353.39117,986.8637,986.74805,4.569,0.543,-0.046,-0.613927,0.467512,0.567697,0.286787,img_227.jpg
66969,1280,720,631.94293,353.39117,986.8637,986.74805,4.550,0.546,-0.092,-0.617502,0.471863,0.561798,0.283584,img_228.jpg
67052,1280,720,631.94293,353.39117,986.8637,986.74805,4.540,0.547,-0.119,-0.623777,0.473780,0.553951,0.282086,img_229.jpg
67130,1280,720,631.94293,353.39117,986.8637,986.74805,4.529,0.550,-0.141,-0.625274,0.477292,0.548341,0.283807,img_230.jpg
67207,1280,720,631.94293,353.39117,986.8637,986.74805,4.516,0.546,-0.179,-0.633534,0.480428,0.537453,0.281012,img_231.jpg
67281,1280,720,631.94293,353.39117,986.8637,986.74805,4.506,0.543,-0.212,-0.640560,0.485339,0.526731,0.276916,img_232.jpg
67371,1280,720,631.94293,353.39117,986.8637,986.74805,4.486,0.538,-0.257,-0.650685,0.496874,0.507752,0.268166,img_233.jpg
67454,1280,720,631.94293,353.39117,986.8637,986.74805,4.467,0.533,-0.314,-0.664779,0.510166,0.480939,0.257871,img_234.jpg
67553,1280,720,631.94293,353.39117,986.8637,986.74805,4.445,0.531,-0.377,-0.679791,0.521234,0.456611,0.240220,img_235.jpg
67636,1280,720,631.94293,353.39117,986.8637,986.74805,4.428,0.534,-0.418,-0.681784,0.532163,0.446597,0.229181,img_236.jpg
67711,1280,720,631.94293,353.39117,986.8637,986.74805,4.411,0.538,-0.457,-0.691779,0.538689,0.427182,0.220840,img_237.jpg
67784,1280,720,631.94293,353.39117,986.8637,986.74805,4.393,0.542,-0.490,-0.696216,0.554105,0.408050,0.204317,img_238.jpg
67871,1280,720,631.94293,353.39117,986.8637,986.74805,4.372,0.548,-0.529,-0.696791,0.572222,0.387617,0.191828,img_239.jpg
67945,1280,720,631.94293,353.39117,986.8637,986.74805,4.360,0.552,-0.555,-0.706088,0.573682,0.369909,0.188402,img_240.jpg
68027,1280,720,631.94293,353.39117,986.8637,986.74805,4.335,0.553,-0.586,-0.713551,0.581952,0.346802,0.178622,img_241.jpg
68101,1280,720,631.94293,353.39117,986.8637,986.74805,4.317,0.549,-0.603,-0.720615,0.585213,0.330177,0.170949,img_242.jpg
68190,1280,720,631.94293,353.39117,986.8637,986.74805,4.283,0.538,-0.622,-0.729278,0.592576,0.307286,0.150275,img_243.jpg
68272,1280,720,631.94293,353.39117,986.8637,986.74805,4.257,0.529,-0.633,-0.730673,0.600334,0.292703,0.141565,img_244.jpg
68346,1280,720,631.94293,353.39117,986.8637,986.74805,4.228,0.526,-0.644,-0.732914,0.605740,0.278501,0.135477,img_245.jpg
68425,1280,720,631.94293,353.39117,986.8637,986.74805,4.180,0.521,-0.656,-0.735816,0.610936,0.261807,0.129573,img_246.jpg
68501,1280,720,631.94293,353.39117,986.8637,986.74805,4.142,0.518,-0.665,-0.736383,0.616047,0.252864,0.119523,img_247.jpg
68574,1280,720,631.94293,353.39117,986.8637,986.74805,4.106,0.519,-0.666,-0.737618,0.619348,0.242725,0.115811,img_248.jpg
68653,1280,720,631.94293,353.39117,986.8637,986.74805,4.050,0.520,-0.677,-0.745875,0.617280,0.228328,0.102478,img_249.jpg
68736,1280,720,631.94293,353.39117,986.8637,986.74805,4.018,0.520,-0.679,-0.752835,0.615468,0.212189,0.097032,img_250.jpg
68818,1280,720,631.94293,353.39117,986.8637,986.74805,3.968,0.518,-0.685,-0.759991,0.619079,0.185443,0.069037,img_251.jpg
68901,1280,720,631.94293,353.39117,986.8637,986.74805,3.938,0.516,-0.683,-0.759955,0.626688,0.165555,0.048194,img_252.jpg
68985,1280,720,631.94293,353.39117,986.8637,986.74805,3.899,0.511,-0.681,-0.769056,0.625867,0.128176,0.020353,img_253.jpg
69069,1280,720,631.94293,353.39117,986.8637,986.74805,3.875,0.510,-0.676,-0.770439,0.628634,0.105989,0.003010,img_254.jpg
69144,1280,720,631.94293,353.39117,986.8637,986.74805,3.853,0.510,-0.671,-0.771613,0.630429,0.083760,-0.012513,img_255.jpg
69223,1280,720,631.94293,353.39117,986.8637,986.74805,3.818,0.509,-0.668,-0.773304,0.630907,0.049832,-0.038393,img_256.jpg
69302,1280,720,631.94293,353.39117,986.8637,986.74805,3.797,0.507,-0.668,-0.773649,0.630407,0.026070,-0.058100,img_257.jpg
69389,1280,720,631.94293,353.39117,986.8637,986.74805,3.778,0.509,-0.667,-0.769885,0.633243,0.004377,-0.079128,img_258.jpg
69469,1280,720,631.94293,353.39117,986.8637,986.74805,3.763,0.510,-0.672,-0.767104,0.631764,-0.025417,-0.108534,img_259.jpg
69553,1280,720,631.94293,353.39117,986.8637,986.74805,3.746,0.511,-0.675,-0.765090,0.630903,-0.042979,-0.121454,img_260.jpg
69623,1280,720,631.94293,353.39117,986.8637,986.74805,3.724,0.513,-0.678,-0.757527,0.631420,-0.071822,-0.149345,img_261.jpg
69704,1280,720,631.94293,353.39117,986.8637,986.74805,3.721,0.518,-0.689,-0.756295,0.626430,-0.096595,-0.162089,img_262.jpg
69776,1280,720,631.94293,353.39117,986.8637,986.74805,3.712,0.519,-0.689,-0.752959,0.620936,-0.121192,-0.181116,img_263.jpg
69853,1280,720,631.94293,353.39117,986.8637,986.74805,3.706,0.521,-0.689,-0.750739,0.617352,-0.138664,-0.189838,img_264.jpg
69923,1280,720,631.94293,353.39117,986.8637,986.74805,3.697,0.517,-0.687,-0.750296,0.606436,-0.155462,-0.212422,img_265.jpg
70002,1280,720,631.94293,353.39117,986.8637,986.74805,3.693,0.513,-0.687,-0.751763,0.597562,-0.158937,-0.229154,img_266.jpg
70074,1280,720,631.94293,353.39117,986.8637,986.74805,3.682,0.505,-0.687,-0.747158,0.598208,-0.159984,-0.241469,img_267.jpg
70154,1280,720,631.94293,353.39117,986.8637,986.74805,3.666,0.495,-0.680,-0.743095,0.598083,-0.159643,-0.254206,img_268.jpg
70228,1280,720,631.94293,353.39117,986.8637,986.74805,3.658,0.485,-0.675,-0.734749,0.601356,-0.159507,-0.270319,img_269.jpg
70305,1280,720,631.94293,353.39117,986.8637,986.74805,3.633,0.483,-0.669,-0.731218,0.601878,-0.161500,-0.277454,img_270.jpg
70388,1280,720,631.94293,353.39117,986.8637,986.74805,3.624,0.478,-0.657,-0.726314,0.602805,-0.163645,-0.286905,img_271.jpg
70470,1280,720,631.94293,353.39117,986.8637,986.74805,3.621,0.478,-0.651,-0.724187,0.603901,-0.166031,-0.288602,img_272.jpg
70538,1280,720,631.94293,353.39117,986.8637,986.74805,3.619,0.477,-0.644,-0.722128,0.603260,-0.168969,-0.293356,img_273.jpg
70618,1280,720,631.94293,353.39117,986.8637,986.74805,3.617,0.475,-0.636,-0.718576,0.603441,-0.173708,-0.298887,img_274.jpg
70691,1280,720,631.94293,353.39117,986.8637,986.74805,3.618,0.479,-0.625,-0.713594,0.605631,-0.181239,-0.301905,img_275.jpg
70772,1280,720,631.94293,353.39117,986.8637,986.74805,3.619,0.482,-0.619,-0.712589,0.605867,-0.184019,-0.302125,img_276.jpg
70846,1280,720,631.94293,353.39117,986.8637,986.74805,3.617,0.483,-0.618,-0.712665,0.605573,-0.184889,-0.302005,img_277.jpg
70920,1280,720,631.94293,353.39117,986.8637,986.74805,3.613,0.482,-0.613,-0.710899,0.606308,-0.183123,-0.305745,img_278.jpg
71002,1280,720,631.94293,353.39117,986.8637,986.74805,3.610,0.481,-0.611,-0.710462,0.607449,-0.181282,-0.305594,img_279.jpg
71087,1280,720,631.94293,353.39117,986.8637,986.74805,3.607,0.480,-0.607,-0.706913,0.613508,-0.176801,-0.304340,img_280.jpg
71171,1280,720,631.94293,353.39117,986.8637,986.74805,3.605,0.480,-0.606,-0.706671,0.614822,-0.173638,-0.304073,img_281.jpg
71254,1280,720,631.94293,353.39117,986.8637,986.74805,3.596,0.479,-0.599,-0.704640,0.618075,-0.168716,-0.304961,img_282.jpg
71337,1280,720,631.94293,353.39117,986.8637,986.74805,3.600,0.485,-0.604,-0.704452,0.619266,-0.166134,-0.304396,img_283.jpg
71419,1280,720,631.94293,353.39117,986.8637,986.74805,3.595,0.490,-0.601,-0.704982,0.621463,-0.162444,-0.300659,img_284.jpg
71503,1280,720,631.94293,353.39117,986.8637,986.74805,3.589,0.501,-0.598,-0.705323,0.622477,-0.159044,-0.299578,img_285.jpg
71586,1280,720,631.94293,353.39117,986.8637,986.74805,3.579,0.517,-0.592,-0.690924,0.644832,-0.131294,-0.299296,img_286.jpg
71672,1280,720,631.94293,353.39117,986.8637,986.74805,3.559,0.533,-0.578,-0.651531,0.687132,-0.087142,-0.309456,img_287.jpg
71754,1280,720,631.94293,353.39117,986.8637,986.74805,3.538,0.548,-0.571,-0.633211,0.692161,-0.063361,-0.340504,img_288.jpg
71823,1280,720,631.94293,353.39117,986.8637,986.74805,3.521,0.568,-0.563,-0.635639,0.689351,-0.073976,-0.339537,img_289.jpg
71900,1280,720,631.94293,353.39117,986.8637,986.74805,3.493,0.591,-0.553,-0.634768,0.688085,-0.068079,-0.344926,img_290.jpg
71989,1280,720,631.94293,353.39117,986.8637,986.74805,3.468,0.615,-0.539,-0.634851,0.682504,-0.101108,-0.347748,img_291.jpg
72069,1280,720,631.94293,353.39117,986.8637,986.74805,3.458,0.633,-0.532,-0.646883,0.677049,-0.129534,-0.326142,img_292.jpg
72150,1280,720,631.94293,353.39117,986.8637,986.74805,3.451,0.655,-0.527,-0.683242,0.652507,-0.181713,-0.272754,img_293.jpg
72229,1280,720,631.94293,353.39117,986.8637,986.74805,3.446,0.684,-0.521,-0.709855,0.635107,-0.227355,-0.202619,img_294.jpg
72321,1280,720,631.94293,353.39117,986.8637,986.74805,3.437,0.697,-0.517,-0.715136,0.629235,-0.243732,-0.182312,img_295.jpg
72393,1280,720,631.94293,353.39117,986.8637,986.74805,3.416,0.705,-0.512,-0.715817,0.631223,-0.246420,-0.168644,img_296.jpg
72470,1280,720,631.94293,353.39117,986.8637,986.74805,3.387,0.709,-0.512,-0.720748,0.624375,-0.254000,-0.161749,img_297.jpg
72542,1280,720,631.94293,353.39117,986.8637,986.74805,3.367,0.710,-0.511,-0.719801,0.624732,-0.255297,-0.162542,img_298.jpg
72622,1280,720,631.94293,353.39117,986.8637,986.74805,3.328,0.707,-0.513,-0.728397,0.610374,-0.267220,-0.159611,img_299.jpg
72704,1280,720,631.94293,353.39117,986.8637,986.74805,3.301,0.702,-0.515,-0.733683,0.601950,-0.270439,-0.161951,img_300.jpg
72771,1280,720,631.94293,353.39117,986.8637,986.74805,3.270,0.706,-0.517,-0.737533,0.598336,-0.269468,-0.159456,img_301.jpg
72854,1280,720,631.94293,353.39117,986.8637,986.74805,3.218,0.703,-0.517,-0.743520,0.586498,-0.267809,-0.177416,img_302.jpg
72937,1280,720,631.94293,353.39117,986.8637,986.74805,3.190,0.701,-0.515,-0.743495,0.586405,-0.263869,-0.183624,img_303.jpg
73021,1280,720,631.94293,353.39117,986.8637,986.74805,3.146,0.699,-0.510,-0.736033,0.595156,-0.259738,-0.191263,img_304.jpg
73102,1280,720,631.94293,353.39117,986.8637,986.74805,3.119,0.696,-0.506,-0.736267,0.594176,-0.257963,-0.195760,img_305.jpg
73188,1280,720,631.94293,353.39117,986.8637,986.74805,3.073,0.693,-0.494,-0.733829,0.603166,-0.245498,-0.193434,img_306.jpg
73273,1280,720,631.94293,353.39117,986.8637,986.74805,3.036,0.688,-0.488,-0.734466,0.605352,-0.238918,-0.192427,img_307.jpg
73347,1280,720,631.94293,353.39117,986.8637,986.74805,2.999,0.680,-0.476,-0.735016,0.607281,-0.231613,-0.193175,img_308.jpg
73420,1280,720,631.94293,353.39117,986.8637,986.74805,2.943,0.672,-0.457,-0.737557,0.612027,-0.218946,-0.183019,img_309.jpg
73502,1280,720,631.94293,353.39117,986.8637,986.74805,2.904,0.667,-0.442,-0.736981,0.618272,-0.209148,-0.175661,img_310.jpg
73588,1280,720,631.94293,353.39117,986.8637,986.74805,2.841,0.665,-0.421,-0.736733,0.624380,-0.191592,-0.175117,img_311.jpg
73672,1280,720,631.94293,353.39117,986.8637,986.74805,2.803,0.667,-0.407,-0.737526,0.628689,-0.177716,-0.170947,img_312.jpg
73754,1280,720,631.94293,353.39117,986.8637,986.74805,2.750,0.667,-0.394,-0.746056,0.625367,-0.162178,-0.161290,img_313.jpg
73837,1280,720,631.94293,353.39117,986.8637,986.74805,2.716,0.664,-0.389,-0.747228,0.626018,-0.150648,-0.164491,img_314.jpg
73919,1280,720,631.94293,353.39117,986.8637,986.74805,2.663,0.655,-0.386,-0.748450,0.630421,-0.129748,-0.159868,img_315.jpg
74004,1280,720,631.94293,353.39117,986.8637,986.74805,2.625,0.650,-0.387,-0.753029,0.624973,-0.122288,-0.165536,img_316.jpg
74088,1280,720,631.94293,353.39117,986.8637,986.74805,2.565,0.643,-0.387,-0.751968,0.624355,-0.123695,-0.171536,img_317.jpg
74173,1280,720,631.94293,353.39117,986.8637,986.74805,2.522,0.644,-0.386,-0.750331,0.622588,-0.134799,-0.176687,img_318.jpg
74255,1280,720,631.94293,353.39117,986.8637,986.74805,2.458,0.642,-0.390,-0.748429,0.617932,-0.147505,-0.190412,img_319.jpg
74338,1280,720,631.94293,353.39117,986.8637,986.74805,2.409,0.642,-0.393,-0.746971,0.615557,-0.150717,-0.201019,img_320.jpg
74421,1280,720,631.94293,353.39117,986.8637,986.74805,2.344,0.642,-0.395,-0.741460,0.610608,-0.166419,-0.222936,img_321.jpg
74502,1280,720,631.94293,353.39117,986.8637,986.74805,2.305,0.642,-0.394,-0.734119,0.611099,-0.183022,-0.232658,img_322.jpg
74588,1280,720,631.94293,353.39117,986.8637,986.74805,2.252,0.641,-0.391,-0.722047,0.618234,-0.191515,-0.244453,img_323.jpg
74673,1280,720,631.94293,353.39117,986.8637,986.74805,2.218,0.636,-0.391,-0.719612,0.614249,-0.193521,-0.259627,img_324.jpg
74758,1280,720,631.94293,353.39117,986.8637,986.74805,2.160,0.629,-0.387,-0.716323,0.613979,-0.193927,-0.268894,img_325.jpg
74838,1280,720,631.94293,353.39117,986.8637,986.74805,2.118,0.624,-0.383,-0.713620,0.617251,-0.190862,-0.270777,img_326.jpg
74922,1280,720,631.94293,353.39117,986.8637,986.74805,2.052,0.614,-0.384,-0.720556,0.618088,-0.178255,-0.258827,img_327.jpg
75005,1280,720,631.94293,353.39117,986.8637,986.74805,2.001,0.609,-0.383,-0.725953,0.618575,-0.169489,-0.248254,img_328.jpg
75087,1280,720,631.94293,353.39117,986.8637,986.74805,1.954,0.609,-0.384,-0.731330,0.621605,-0.158760,-0.231430,img_329.jpg
75167,1280,720,631.94293,353.39117,986.8637,986.74805,1.877,0.610,-0.383,-0.734294,0.628624,-0.136954,-0.216537,img_330.jpg
75255,1280,720,631.94293,353.39117,986.8637,986.74805,1.831,0.613,-0.383,-0.740804,0.626805,-0.124308,-0.207056,img_331.jpg
75329,1280,720,631.94293,353.39117,986.8637,986.74805,1.767,0.612,-0.388,-0.747518,0.619128,-0.112026,-0.212949,img_332.jpg
75422,1280,720,631.94293,353.39117,986.8637,986.74805,1.712,0.613,-0.394,-0.752362,0.617879,-0.104718,-0.203006,img_333.jpg
75505,1280,720,631.94293,353.39117,986.8637,986.74805,1.671,0.610,-0.399,-0.754667,0.614480,-0.103511,-0.205372,img_334.jpg
75587,1280,720,631.94293,353.39117,986.8637,986.74805,1.610,0.604,-0.409,-0.758210,0.608424,-0.106875,-0.208602,img_335.jpg
75676,1280,720,631.94293,353.39117,986.8637,986.74805,1.567,0.600,-0.415,-0.756999,0.605387,-0.114906,-0.217385,img_336.jpg
75748,1280,720,631.94293,353.39117,986.8637,986.74805,1.523,0.598,-0.420,-0.751964,0.602394,-0.132858,-0.232422,img_337.jpg
75824,1280,720,631.94293,353.39117,986.8637,986.74805,1.460,0.601,-0.429,-0.744139,0.600403,-0.146927,-0.253348,img_338.jpg
75903,1280,720,631.94293,353.39117,986.8637,986.74805,1.420,0.602,-0.432,-0.732930,0.606093,-0.154939,-0.267317,img_339.jpg
75974,1280,720,631.94293,353.39117,986.8637,986.74805,1.381,0.602,-0.438,-0.726299,0.605694,-0.164524,-0.280278,img_340.jpg
76057,1280,720,631.94293,353.39117,986.8637,986.74805,1.332,0.598,-0.448,-0.716562,0.609805,-0.169966,-0.292895,img_341.jpg
76139,1280,720,631.94293,353.39117,986.8637,986.74805,1.304,0.597,-0.458,-0.713598,0.611739,-0.168914,-0.296684,img_342.jpg
76213,1280,720,631.94293,353.39117,986.8637,986.74805,1.269,0.597,-0.461,-0.711499,0.612306,-0.172205,-0.298656,img_343.jpg
76290,1280,720,631.94293,353.39117,986.8637,986.74805,1.221,0.594,-0.459,-0.702961,0.617428,-0.179210,-0.304157,img_344.jpg
76374,1280,720,631.94293,353.39117,986.8637,986.74805,1.193,0.589,-0.456,-0.699766,0.618837,-0.184228,-0.305660,img_345.jpg
76460,1280,720,631.94293,353.39117,986.8637,986.74805,1.121,0.581,-0.444,-0.695047,0.622637,-0.194075,-0.302602,img_346.jpg
76556,1280,720,631.94293,353.39117,986.8637,986.74805,1.064,0.577,-0.433,-0.688573,0.627298,-0.206278,-0.299689,img_347.jpg
76639,1280,720,631.94293,353.39117,986.8637,986.74805,1.024,0.579,-0.422,-0.681336,0.633207,-0.213430,-0.298795,img_348.jpg
76720,1280,720,631.94293,353.39117,986.8637,986.74805,0.963,0.587,-0.408,-0.670238,0.642499,-0.220041,-0.299263,img_349.jpg
76807,1280,720,631.94293,353.39117,986.8637,986.74805,0.929,0.595,-0.402,-0.676301,0.638213,-0.228766,-0.288040,img_350.jpg
76884,1280,720,631.94293,353.39117,986.8637,986.74805,0.877,0.603,-0.397,-0.674291,0.629385,-0.241900,-0.301148,img_351.jpg
76974,1280,720,631.94293,353.39117,986.8637,986.74805,0.853,0.611,-0.398,-0.677795,0.627868,-0.250172,-0.289463,img_352.jpg
77054,1280,720,631.94293,353.39117,986.8637,986.74805,0.808,0.613,-0.393,-0.666960,0.624643,-0.270287,-0.303201,img_353.jpg
77139,1280,720,631.94293,353.39117,986.8637,986.74805,0.777,0.611,-0.392,-0.657403,0.620368,-0.285224,-0.318766,img_354.jpg
77218,1280,720,631.94293,353.39117,986.8637,986.74805,0.728,0.607,-0.397,-0.651687,0.606125,-0.311763,-0.332747,img_355.jpg
77303,1280,720,631.94293,353.39117,986.8637,986.74805,0.696,0.604,-0.399,-0.642333,0.601914,-0.325932,-0.344784,img_356.jpg
77390,1280,720,631.94293,353.39117,986.8637,986.74805,0.663,0.599,-0.402,-0.633828,0.606649,-0.329651,-0.348668,img_357.jpg
77467,1280,720,631.94293,353.39117,986.8637,986.74805,0.612,0.583,-0.405,-0.627341,0.592936,-0.333255,-0.379225,img_358.jpg
77556,1280,720,631.94293,353.39117,986.8637,986.74805,0.577,0.559,-0.402,-0.615994,0.586545,-0.328502,-0.410611,img_359.jpg
77639,1280,720,631.94293,353.39117,986.8637,986.74805,0.552,0.546,-0.401,-0.610440,0.587390,-0.318786,-0.425102,img_360.jpg
77717,1280,720,631.94293,353.39117,986.8637,986.74805,0.528,0.533,-0.403,-0.610365,0.580106,-0.313055,-0.439237,img_361.jpg
77789,1280,720,631.94293,353.39117,986.8637,986.74805,0.502,0.515,-0.403,-0.605629,0.578016,-0.301922,-0.456020,img_362.jpg
77874,1280,720,631.94293,353.39117,986.8637,986.74805,0.483,0.501,-0.406,-0.607859,0.572080,-0.291567,-0.467141,img_363.jpg
77954,1280,720,631.94293,353.39117,986.8637,986.74805,0.451,0.478,-0.408,-0.619032,0.569472,-0.270272,-0.468460,img_364.jpg
78039,1280,720,631.94293,353.39117,986.8637,986.74805,0.430,0.462,-0.404,-0.632446,0.571259,-0.256430,-0.455981,img_365.jpg
78117,1280,720,631.94293,353.39117,986.8637,986.74805,0.402,0.445,-0.411,-0.654172,0.575005,-0.230432,-0.433970,img_366.jpg
78186,1280,720,631.94293,353.39117,986.8637,986.74805,0.385,0.431,-0.417,-0.665862,0.577468,-0.206485,-0.424880,img_367.jpg
78276,1280,720,631.94293,353.39117,986.8637,986.74805,0.365,0.415,-0.430,-0.680331,0.594393,-0.163879,-0.396221,img_368.jpg
78359,1280,720,631.94293,353.39117,986.8637,986.74805,0.357,0.410,-0.443,-0.689333,0.595568,-0.142855,-0.386926,img_369.jpg
78439,1280,720,631.94293,353.39117,986.8637,986.74805,0.361,0.407,-0.460,-0.699115,0.599939,-0.116149,-0.371243,img_370.jpg
78520,1280,720,631.94293,353.39117,986.8637,986.74805,0.361,0.402,-0.480,-0.708993,0.607420,-0.079351,-0.349390,img_371.jpg
78606,1280,720,631.94293,353.39117,986.8637,986.74805,0.361,0.397,-0.497,-0.721269,0.611110,-0.040197,-0.323574,img_372.jpg
78687,1280,720,631.94293,353.39117,986.8637,986.74805,0.364,0.393,-0.504,-0.728290,0.613244,-0.013356,-0.305529,img_373.jpg
78774,1280,720,631.94293,353.39117,986.8637,986.74805,0.369,0.390,-0.509,-0.739109,0.613531,0.020861,-0.277240,img_374.jpg
78857,1280,720,631.94293,353.39117,986.8637,986.74805,0.373,0.389,-0.508,-0.743467,0.613451,0.044943,-0.262516,img_375.jpg
78940,1280,720,631.94293,353.39117,986.8637,986.74805,0.383,0.387,-0.502,-0.748854,0.612772,0.075083,-0.241019,img_376.jpg
79023,1280,720,631.94293,353.39117,986.8637,986.74805,0.388,0.385,-0.499,-0.750509,0.612707,0.089400,-0.230944,img_377.jpg
79106,1280,720,631.94293,353.39117,986.8637,986.74805,0.398,0.383,-0.497,-0.752362,0.611592,0.109968,-0.218664,img_378.jpg
79187,1280,720,631.94293,353.39117,986.8637,986.74805,0.404,0.381,-0.495,-0.754122,0.608515,0.117224,-0.217411,img_379.jpg
79273,1280,720,631.94293,353.39117,986.8637,986.74805,0.413,0.376,-0.491,-0.758017,0.602207,0.124154,-0.217583,img_380.jpg
79358,1280,720,631.94293,353.39117,986.8637,986.74805,0.417,0.374,-0.488,-0.759372,0.601101,0.126410,-0.214599,img_381.jpg
79442,1280,720,631.94293,353.39117,986.8637,986.74805,0.420,0.368,-0.484,-0.759462,0.601006,0.126304,-0.214607,img_382.jpg
79518,1280,720,631.94293,353.39117,986.8637,986.74805,0.419,0.350,-0.481,-0.757189,0.600886,0.126897,-0.222482,img_383.jpg
79611,1280,720,631.94293,353.39117,986.8637,986.74805,0.416,0.328,-0.481,-0.753020,0.601096,0.132349,-0.232655,img_384.jpg
79690,1280,720,631.94293,353.39117,986.8637,986.74805,0.416,0.316,-0.481,-0.749174,0.604257,0.134482,-0.235640,img_385.jpg
79772,1280,720,631.94293,353.39117,986.8637,986.74805,0.418,0.304,-0.482,-0.748586,0.603656,0.138369,-0.236796,img_386.jpg
79848,1280,720,631.94293,353.39117,986.8637,986.74805,0.419,0.291,-0.484,-0.748462,0.602663,0.141337,-0.237964,img_387.jpg
79923,1280,720,631.94293,353.39117,986.8637,986.74805,0.420,0.288,-0.483,-0.747887,0.604435,0.138534,-0.236923,img_388.jpg
80001,1280,720,631.94293,353.39117,986.8637,986.74805,0.420,0.283,-0.483,-0.748161,0.604205,0.139505,-0.236071,img_389.jpg
80074,1280,720,631.94293,353.39117,986.8637,986.74805,0.420,0.279,-0.483,-0.749307,0.603248,0.137113,-0.236287,img_390.jpg
80146,1280,720,631.94293,353.39117,986.8637,986.74805,0.420,0.275,-0.483,-0.752490,0.601454,0.134730,-0.232075,img_391.jpg
80240,1280,720,631.94293,353.39117,986.8637,986.74805,0.420,0.268,-0.481,-0.751647,0.601610,0.136188,-0.233548,img_392.jpg
80323,1280,720,631.94293,353.39117,986.8637,986.74805,0.421,0.265,-0.480,-0.750894,0.602203,0.135539,-0.234818,img_393.jpg
80399,1280,720,631.94293,353.39117,986.8637,986.74805,0.422,0.262,-0.478,-0.748742,0.602885,0.136106,-0.239563,img_394.jpg
80491,1280,720,631.94293,353.39117,986.8637,986.74805,0.423,0.261,-0.474,-0.746294,0.606366,0.135710,-0.238639,img_395.jpg
80578,1280,720,631.94293,353.39117,986.8637,986.74805,0.422,0.261,-0.473,-0.744016,0.608276,0.137235,-0.240013,img_396.jpg,aruco_6.jpg,0.17873527,0.17873527,0.039,-0.040,-0.598,-0.596532,0.365862,-0.443007,-0.443007
80674,1280,720,631.94293,353.39117,986.8637,986.74805,0.418,0.258,-0.473,-0.741826,0.607984,0.141827,-0.244816,img_397.jpg
80766,1280,720,631.94293,353.39117,986.8637,986.74805,0.413,0.255,-0.475,-0.740181,0.605591,0.142978,-0.254852,img_398.jpg
80856,1280,720,631.94293,353.39117,986.8637,986.74805,0.407,0.253,-0.477,-0.739390,0.600810,0.141076,-0.269123,img_399.jpg
80941,1280,720,631.94293,353.39117,986.8637,986.74805,0.393,0.248,-0.476,-0.729194,0.600464,0.141210,-0.296277,img_400.jpg
81041,1280,720,631.94293,353.39117,986.8637,986.74805,0.385,0.244,-0.482,-0.730830,0.589603,0.145604,-0.311537,img_401.jpg
81124,1280,720,631.94293,353.39117,986.8637,986.74805,0.380,0.243,-0.487,-0.731579,0.583058,0.145967,-0.321761,img_402.jpg
81218,1280,720,631.94293,353.39117,986.8637,986.74805,0.374,0.244,-0.490,-0.728876,0.580981,0.143701,-0.332491,img_403.jpg
81310,1280,720,631.94293,353.39117,986.8637,986.74805,0.387,0.264,-0.489,-0.724776,0.575727,0.115884,-0.360289,img_404.jpg,aruco_1.jpg,0.18209931,0.18209931,-0.003,0.001,0.079,-0.254016,0.617685,-0.035023,-0.035023,aruco_6.jpg,0.17873524,0.17873524,0.060,-0.023,-0.584,-0.604216,0.352011,-0.441629,-0.441629
81405,1280,720,631.94293,353.39117,986.8637,986.74805,0.378,0.268,-0.481,-0.713544,0.581555,0.098416,-0.378106,img_405.jpg
81492,1280,720,631.94293,353.39117,986.8637,986.74805,0.373,0.270,-0.475,-0.708667,0.583375,0.085190,-0.387566,img_406.jpg
81591,1280,720,631.94293,353.39117,986.8637,986.74805,0.368,0.275,-0.465,-0.697692,0.588731,0.064101,-0.403129,img_407.jpg
81691,1280,720,631.94293,353.39117,986.8637,986.74805,0.367,0.284,-0.454,-0.687359,0.596735,0.044106,-0.411703,img_408.jpg
81791,1280,720,631.94293,353.39117,986.8637,986.74805,0.369,0.291,-0.442,-0.681700,0.599807,0.021183,-0.418411,img_409.jpg
81873,1280,720,631.94293,353.39117,986.8637,986.74805,0.373,0.301,-0.436,-0.677577,0.602576,0.005598,-0.421617,img_410.jpg
81978,1280,720,631.94293,353.39117,986.8637,986.74805,0.377,0.317,-0.413,-0.663291,0.612347,-0.022930,-0.429594,img_411.jpg
82058,1280,720,631.94293,353.39117,986.8637,986.74805,0.387,0.335,-0.390,-0.651522,0.612740,-0.058426,-0.443458,img_412.jpg
82140,1280,720,631.94293,353.39117,986.8637,986.74805,0.393,0.350,-0.372,-0.643492,0.616582,-0.082172,-0.446087,img_413.jpg
82226,1280,720,631.94293,353.39117,986.8637,986.74805,0.405,0.367,-0.343,-0.624326,0.623996,-0.112914,-0.456175,img_414.jpg
82301,1280,720,631.94293,353.39117,986.8637,986.74805,0.416,0.378,-0.325,-0.618024,0.625606,-0.132675,-0.457231,img_415.jpg
82391,1280,720,631.94293,353.39117,986.8637,986.74805,0.426,0.389,-0.294,-0.603195,0.623701,-0.161576,-0.470156,img_416.jpg
82491,1280,720,631.94293,353.39117,986.8637,986.74805,0.441,0.402,-0.260,-0.592012,0.623264,-0.187487,-0.475303,img_417.jpg
82573,1280,720,631.94293,353.39117,986.8637,986.74805,0.448,0.404,-0.232,-0.581381,0.625739,-0.200702,-0.479756,img_418.jpg
82656,1280,720,631.94293,353.39117,986.8637,986.74805,0.464,0.417,-0.191,-0.578589,0.625632,-0.219553,-0.474991,img_419.jpg
82738,1280,720,631.94293,353.39117,986.8637,986.74805,0.482,0.430,-0.145,-0.578352,0.633508,-0.230911,-0.459191,img_420.jpg
82838,1280,720,631.94293,353.39117,986.8637,986.74805,0.503,0.439,-0.097,-0.581166,0.639814,-0.238013,-0.442983,img_421.jpg
82923,1280,720,631.94293,353.39117,986.8637,986.74805,0.517,0.437,-0.062,-0.580315,0.644741,-0.242548,-0.434413,img_422.jpg
83005,1280,720,631.94293,353.39117,986.8637,986.74805,0.527,0.431,-0.027,-0.573234,0.648574,-0.246675,-0.435782,img_423.jpg
83079,1280,720,631.94293,353.39117,986.8637,986.74805,0.547,0.436,0.021,-0.564896,0.645608,-0.254202,-0.446614,img_424.jpg
83161,1280,720,631.94293,353.39117,986.8637,986.74805,0.553,0.438,0.045,-0.569472,0.637430,-0.262282,-0.447876,img_425.jpg
83242,1280,720,631.94293,353.39117,986.8637,986.74805,0.555,0.442,0.079,-0.564587,0.630787,-0.266991,-0.460505,img_426.jpg
83324,1280,720,631.94293,353.39117,986.8637,986.74805,0.565,0.450,0.090,-0.561962,0.627890,-0.267332,-0.467425,img_427.jpg
83401,1280,720,631.94293,353.39117,986.8637,986.74805,0.563,0.453,0.104,-0.561685,0.622769,-0.271303,-0.472296,img_428.jpg
83473,1280,720,631.94293,353.39117,986.8637,986.74805,0.558,0.459,0.122,-0.555598,0.616140,-0.285356,-0.479849,img_429.jpg
83559,1280,720,631.94293,353.39117,986.8637,986.74805,0.556,0.466,0.134,-0.542002,0.615857,-0.300318,-0.486583,img_430.jpg
83639,1280,720,631.94293,353.39117,986.8637,986.74805,0.553,0.474,0.145,-0.537914,0.609424,-0.314464,-0.490268,img_431.jpg
83753,1280,720,631.94293,353.39117,986.8637,986.74805,0.554,0.489,0.170,-0.515320,0.601202,-0.341962,-0.506026,img_432.jpg
83843,1280,720,631.94293,353.39117,986.8637,986.74805,0.558,0.501,0.180,-0.510708,0.595256,-0.360506,-0.504860,img_433.jpg
83924,1280,720,631.94293,353.39117,986.8637,986.74805,0.562,0.507,0.187,-0.505807,0.596746,-0.367716,-0.502830,img_434.jpg
84007,1280,720,631.94293,353.39117,986.8637,986.74805,0.569,0.513,0.192,-0.507699,0.596024,-0.371537,-0.498956,img_435.jpg
84089,1280,720,631.94293,353.39117,986.8637,986.74805,0.575,0.516,0.204,-0.504034,0.599732,-0.376449,-0.494528,img_436.jpg
84166,1280,720,631.94293,353.39117,986.8637,986.74805,0.582,0.519,0.219,-0.500210,0.604478,-0.380946,-0.489158,img_437.jpg
84247,1280,720,631.94293,353.39117,986.8637,986.74805,0.593,0.521,0.242,-0.501756,0.611153,-0.380754,-0.479332,img_438.jpg
84359,1280,720,631.94293,353.39117,986.8637,986.74805,0.604,0.522,0.273,-0.509662,0.617432,-0.377708,-0.465145,img_439.jpg
84447,1280,720,631.94293,353.39117,986.8637,986.74805,0.612,0.522,0.300,-0.513197,0.626160,-0.373663,-0.452691,img_440.jpg
84530,1280,720,631.94293,353.39117,986.8637,986.74805,0.622,0.522,0.349,-0.509734,0.644098,-0.365337,-0.437993,img_441.jpg
84612,1280,720,631.94293,353.39117,986.8637,986.74805,0.637,0.525,0.392,-0.522891,0.646185,-0.364740,-0.419518,img_442.jpg
84689,1280,720,631.94293,353.39117,986.8637,986.74805,0.646,0.525,0.420,-0.521171,0.655672,-0.359244,-0.411605,img_443.jpg
84767,1280,720,631.94293,353.39117,986.8637,986.74805,0.654,0.529,0.444,-0.525488,0.661402,-0.354711,-0.400736,img_444.jpg
84854,1280,720,631.94293,353.39117,986.8637,986.74805,0.659,0.534,0.474,-0.539293,0.657317,-0.351481,-0.391866,img_445.jpg
84941,1280,720,631.94293,353.39117,986.8637,986.74805,0.656,0.537,0.494,-0.541230,0.660423,-0.346315,-0.388558,img_446.jpg
85018,1280,720,631.94293,353.39117,986.8637,986.74805,0.649,0.538,0.520,-0.547245,0.661420,-0.338760,-0.385082,img_447.jpg
85108,1280,720,631.94293,353.39117,986.8637,986.74805,0.631,0.536,0.549,-0.552640,0.660003,-0.328435,-0.388735,img_448.jpg
85189,1280,720,631.94293,353.39117,986.8637,986.74805,0.616,0.537,0.566,-0.561079,0.655928,-0.322961,-0.388130,img_449.jpg
85261,1280,720,631.94293,353.39117,986.8637,986.74805,0.597,0.539,0.579,-0.571800,0.652449,-0.315220,-0.384696,img_450.jpg
85341,1280,720,631.94293,353.39117,986.8637,986.74805,0.573,0.540,0.594,-0.585432,0.646593,-0.303132,-0.383793,img_451.jpg
85418,1280,720,631.94293,353.39117,986.8637,986.74805,0.542,0.541,0.608,-0.589991,0.649414,-0.283030,-0.387385,img_452.jpg
85494,1280,720,631.94293,353.39117,986.8637,986.74805,0.494,0.543,0.623,-0.617577,0.640148,-0.248104,-0.383736,img_453.jpg
85569,1280,720,631.94293,353.39117,986.8637,986.74805,0.457,0.545,0.630,-0.637093,0.633384,-0.223529,-0.378116,img_454.jpg
85659,1280,720,631.94293,353.39117,986.8637,986.74805,0.401,0.547,0.636,-0.659669,0.627463,-0.185047,-0.369980,img_455.jpg
85741,1280,720,631.94293,353.39117,986.8637,986.74805,0.367,0.551,0.633,-0.679351,0.620627,-0.158368,-0.358083,img_456.jpg
85820,1280,720,631.94293,353.39117,986.8637,986.74805,0.318,0.554,0.624,-0.705637,0.607712,-0.114256,-0.345988,img_457.jpg
85908,1280,720,631.94293,353.39117,986.8637,986.74805,0.280,0.557,0.606,-0.737013,0.587721,-0.073041,-0.325670,img_458.jpg
85989,1280,720,631.94293,353.39117,986.8637,986.74805,0.255,0.556,0.597,-0.750220,0.578689,-0.048460,-0.316134,img_459.jpg
86077,1280,720,631.94293,353.39117,986.8637,986.74805,0.234,0.557,0.587,-0.760680,0.570364,-0.026498,-0.308786,img_460.jpg
86153,1280,720,631.94293,353.39117,986.8637,986.74805,0.207,0.553,0.574,-0.778151,0.558586,0.009825,-0.286995,img_461.jpg
86241,1280,720,631.94293,353.39117,986.8637,986.74805,0.188,0.549,0.567,-0.784595,0.554717,0.036427,-0.274541,img_462.jpg
86319,1280,720,631.94293,353.39117,986.8637,986.74805,0.163,0.544,0.558,-0.801747,0.543258,0.073413,-0.238084,img_463.jpg
86408,1280,720,631.94293,353.39117,986.8637,986.74805,0.138,0.534,0.554,-0.805007,0.543460,0.118458,-0.206356,img_464.jpg
86490,1280,720,631.94293,353.39117,986.8637,986.74805,0.124,0.528,0.548,-0.809998,0.537035,0.151915,-0.180050,img_465.jpg
86561,1280,720,631.94293,353.39117,986.8637,986.74805,0.111,0.521,0.546,-0.811368,0.532671,0.189436,-0.148519,img_466.jpg
86644,1280,720,631.94293,353.39117,986.8637,986.74805,0.095,0.511,0.549,-0.814368,0.517950,0.240931,-0.102397,img_467.jpg
86725,1280,720,631.94293,353.39117,986.8637,986.74805,0.081,0.501,0.553,-0.814858,0.504625,0.269517,-0.093379,img_468.jpg
86809,1280,720,631.94293,353.39117,986.8637,986.74805,0.070,0.495,0.563,-0.814929,0.494269,0.290673,-0.084248,img_469.jpg
86880,1280,720,631.94293,353.39117,986.8637,986.74805,0.059,0.495,0.580,-0.810781,0.491257,0.311219,-0.066655,img_470.jpg
86962,1280,720,631.94293,353.39117,986.8637,986.74805,0.054,0.499,0.594,-0.806070,0.499776,0.308811,-0.071491,img_471.jpg
87039,1280,720,631.94293,353.39117,986.8637,986.74805,0.044,0.500,0.612,-0.805121,0.512872,0.281552,-0.097319,img_472.jpg
87112,1280,720,631.94293,353.39117,986.8637,986.74805,0.035,0.499,0.632,-0.798091,0.525185,0.269040,-0.121860,img_473.jpg
87189,1280,720,631.94293,353.39117,986.8637,986.74805,0.024,0.495,0.642,-0.788894,0.536200,0.265156,-0.140814,img_474.jpg
87277,1280,720,631.94293,353.39117,986.8637,986.74805,0.013,0.499,0.654,-0.783771,0.547713,0.254825,-0.144145,img_475.jpg
87358,1280,720,631.94293,353.39117,986.8637,986.74805,0.008,0.502,0.658,-0.782798,0.552966,0.244128,-0.147845,img_476.jpg
87449,1280,720,631.94293,353.39117,986.8637,986.74805,0.001,0.506,0.660,-0.780921,0.558924,0.231141,-0.156013,img_477.jpg
87525,1280,720,631.94293,353.39117,986.8637,986.74805,-0.001,0.509,0.662,-0.781956,0.560487,0.225770,-0.153059,img_478.jpg
87599,1280,720,631.94293,353.39117,986.8637,986.74805,-0.002,0.510,0.664,-0.780225,0.564106,0.223920,-0.151302,img_479.jpg
87668,1280,720,631.94293,353.39117,986.8637,986.74805,-0.004,0.512,0.667,-0.778796,0.566643,0.221440,-0.152829,img_480.jpg
87751,1280,720,631.94293,353.39117,986.8637,986.74805,-0.005,0.513,0.671,-0.782661,0.563666,0.206811,-0.164169,img_481.jpg
