time,sizeX,sizeY,p_x,p_y,f_x,f_y,pos_X,pos_Y,pos_Z,q_x,q_y,q_z,q_w,marker_ID,marker_x,marker_y,marker_z,marker_qx,marker_qy,marker_qz,marker_qw,marker_ID,marker_x,marker_y,marker_z,marker_qx,marker_qy,marker_qz,marker_qw,marker_ID,marker_x,marker_y,marker_z,marker_qx,marker_qy,marker_qz,marker_qw,
16918,1280,720,635.7513,340.31555,1004.0309,1005.3084,0.648,-0.182,1.123,0.085980,-0.022765,0.003917,-0.996029,img_1.jpg
17028,1280,720,635.7513,340.31555,1004.0309,1005.3084,0.650,-0.183,1.124,0.084190,-0.020998,0.005357,-0.996214,img_2.jpg
17189,1280,720,635.7513,340.31555,1004.0309,1005.3084,0.652,-0.183,1.125,0.082146,-0.017428,0.004227,-0.996459,img_3.jpg
17302,1280,720,635.7513,340.31555,1004.0309,1005.3084,0.654,-0.183,1.124,0.080238,-0.012717,0.002209,-0.996692,img_4.jpg
17421,1280,720,635.7513,340.31555,1004.0309,1005.3084,0.658,-0.186,1.123,0.085364,-0.013967,0.000286,-0.996252,img_5.jpg,marker_1.jpg,0.26023167,0.26023167,0.614,-0.257,0.502,-0.709116,0.005262,-0.007021,-0.007021
17536,1280,720,635.7513,340.31555,1004.0309,1005.3084,0.664,-0.185,1.121,0.088326,-0.015677,0.001321,-0.995967,img_6.jpg
17634,1280,720,635.7513,340.31555,1004.0309,1005.3084,0.673,-0.182,1.120,0.087370,-0.019743,0.001402,-0.995979,img_7.jpg
17754,1280,720,635.7513,340.31555,1004.0309,1005.3084,0.687,-0.177,1.122,0.079465,-0.029871,-0.002478,-0.996387,img_8.jpg
17871,1280,720,635.7513,340.31555,1004.0309,1005.3084,0.696,-0.177,1.127,0.078429,-0.030812,-0.004294,-0.996434,img_9.jpg
17972,1280,720,635.7513,340.31555,1004.0309,1005.3084,0.704,-0.179,1.138,0.079006,-0.035705,-0.004536,-0.996224,img_10.jpg,marker_1.jpg,0.26018065,0.26018065,0.614,-0.257,0.503,-0.710258,0.004512,-0.007898,-0.007898
18075,1280,720,635.7513,340.31555,1004.0309,1005.3084,0.708,-0.181,1.156,0.071035,-0.043107,-0.007552,-0.996513,img_11.jpg
18188,1280,720,635.7513,340.31555,1004.0309,1005.3084,0.715,-0.182,1.184,0.066811,-0.050212,-0.007903,-0.996470,img_12.jpg
18303,1280,720,635.7513,340.31555,1004.0309,1005.3084,0.722,-0.182,1.208,0.070104,-0.053365,-0.007139,-0.996086,img_13.jpg
18399,1280,720,635.7513,340.31555,1004.0309,1005.3084,0.727,-0.181,1.234,0.066639,-0.056917,-0.009932,-0.996103,img_14.jpg,marker_1.jpg,0.26011616,0.26011616,0.614,-0.257,0.503,-0.718038,0.007504,-0.008714,-0.008714
18519,1280,720,635.7513,340.31555,1004.0309,1005.3084,0.733,-0.178,1.268,0.074403,-0.059590,-0.013919,-0.995349,img_15.jpg
18621,1280,720,635.7513,340.31555,1004.0309,1005.3084,0.739,-0.177,1.295,0.072580,-0.051370,-0.024314,-0.995742,img_16.jpg
18737,1280,720,635.7513,340.31555,1004.0309,1005.3084,0.746,-0.175,1.319,0.079486,-0.037879,-0.027371,-0.995740,img_17.jpg
18839,1280,720,635.7513,340.31555,1004.0309,1005.3084,0.750,-0.172,1.349,0.072261,-0.033929,-0.024075,-0.996518,img_18.jpg
18945,1280,720,635.7513,340.31555,1004.0309,1005.3084,0.752,-0.168,1.375,0.068512,-0.039492,-0.020397,-0.996660,img_19.jpg
19052,1280,720,635.7513,340.31555,1004.0309,1005.3084,0.752,-0.169,1.404,0.059703,-0.042231,-0.028544,-0.996914,img_20.jpg,marker_1.jpg,0.25967628,0.25967628,0.615,-0.258,0.504,-0.717372,0.012304,-0.014035,-0.014035
19171,1280,720,635.7513,340.31555,1004.0309,1005.3084,0.757,-0.168,1.418,0.054020,-0.044856,-0.023453,-0.997256,img_21.jpg
19274,1280,720,635.7513,340.31555,1004.0309,1005.3084,0.768,-0.170,1.427,0.051495,-0.039578,-0.022347,-0.997638,img_22.jpg
19388,1280,720,635.7513,340.31555,1004.0309,1005.3084,0.783,-0.172,1.430,0.057811,-0.032472,-0.018591,-0.997626,img_23.jpg
19502,1280,720,635.7513,340.31555,1004.0309,1005.3084,0.798,-0.172,1.436,0.058385,-0.027034,-0.017329,-0.997778,img_24.jpg
19600,1280,720,635.7513,340.31555,1004.0309,1005.3084,0.815,-0.172,1.447,0.038464,-0.027681,-0.014449,-0.998772,img_25.jpg
19703,1280,720,635.7513,340.31555,1004.0309,1005.3084,0.833,-0.173,1.455,0.031657,-0.026405,-0.014433,-0.999046,img_26.jpg
19810,1280,720,635.7513,340.31555,1004.0309,1005.3084,0.851,-0.175,1.462,0.021746,-0.025909,-0.018103,-0.999264,img_27.jpg,marker_1.jpg,0.2613905,0.2613905,0.614,-0.259,0.506,-0.713506,0.004512,-0.007444,-0.007444
19917,1280,720,635.7513,340.31555,1004.0309,1005.3084,0.876,-0.178,1.464,0.058334,-0.012052,-0.000577,-0.998224,img_28.jpg
20037,1280,720,635.7513,340.31555,1004.0309,1005.3084,0.890,-0.179,1.469,0.041365,-0.011419,0.004075,-0.999071,img_29.jpg
20132,1280,720,635.7513,340.31555,1004.0309,1005.3084,0.904,-0.181,1.471,0.042741,-0.020612,-0.000710,-0.998873,img_30.jpg
20254,1280,720,635.7513,340.31555,1004.0309,1005.3084,0.922,-0.183,1.475,0.038833,-0.020174,-0.013261,-0.998954,img_31.jpg
20373,1280,720,635.7513,340.31555,1004.0309,1005.3084,0.936,-0.184,1.477,0.040619,-0.013499,-0.015021,-0.998971,img_32.jpg
20489,1280,720,635.7513,340.31555,1004.0309,1005.3084,0.960,-0.187,1.477,0.055708,-0.015071,-0.009965,-0.998284,img_33.jpg
20589,1280,720,635.7513,340.31555,1004.0309,1005.3084,0.964,-0.188,1.471,0.070854,-0.009693,-0.034708,-0.996836,img_34.jpg
20705,1280,720,635.7513,340.31555,1004.0309,1005.3084,0.972,-0.188,1.469,0.071673,-0.011304,-0.038199,-0.996632,img_35.jpg,marker_1.jpg,0.26165363,0.26165363,0.613,-0.259,0.505,-0.715282,-0.001081,-0.002042,-0.002042
20803,1280,720,635.7513,340.31555,1004.0309,1005.3084,0.986,-0.188,1.469,0.067030,-0.013906,-0.034543,-0.997056,img_36.jpg
20906,1280,720,635.7513,340.31555,1004.0309,1005.3084,1.004,-0.188,1.470,0.064220,-0.015707,-0.027982,-0.997420,img_37.jpg
21000,1280,720,635.7513,340.31555,1004.0309,1005.3084,1.023,-0.190,1.472,0.068022,-0.014487,-0.022052,-0.997335,img_38.jpg
21104,1280,720,635.7513,340.31555,1004.0309,1005.3084,1.044,-0.193,1.476,0.067044,-0.013542,-0.015142,-0.997543,img_39.jpg
21206,1280,720,635.7513,340.31555,1004.0309,1005.3084,1.061,-0.196,1.476,0.075309,-0.013190,-0.017574,-0.996918,img_40.jpg
21304,1280,720,635.7513,340.31555,1004.0309,1005.3084,1.082,-0.200,1.476,0.085586,-0.006413,-0.017979,-0.996148,img_41.jpg
21407,1280,720,635.7513,340.31555,1004.0309,1005.3084,1.107,-0.203,1.477,0.080783,0.002159,-0.011249,-0.996666,img_42.jpg
21506,1280,720,635.7513,340.31555,1004.0309,1005.3084,1.131,-0.206,1.478,0.079476,0.010756,-0.007783,-0.996748,img_43.jpg
21615,1280,720,635.7513,340.31555,1004.0309,1005.3084,1.154,-0.209,1.478,0.081354,0.017270,-0.005858,-0.996519,img_44.jpg
21712,1280,720,635.7513,340.31555,1004.0309,1005.3084,1.174,-0.210,1.478,0.078295,0.017204,-0.009752,-0.996734,img_45.jpg
21810,1280,720,635.7513,340.31555,1004.0309,1005.3084,1.196,-0.209,1.478,0.068816,0.012898,-0.014885,-0.997435,img_46.jpg
21922,1280,720,635.7513,340.31555,1004.0309,1005.3084,1.228,-0.207,1.474,0.064939,0.005045,-0.023680,-0.997596,img_47.jpg
22040,1280,720,635.7513,340.31555,1004.0309,1005.3084,1.258,-0.206,1.470,0.063050,-0.000058,-0.022271,-0.997762,img_48.jpg
22145,1280,720,635.7513,340.31555,1004.0309,1005.3084,1.284,-0.206,1.465,0.063529,-0.006573,-0.024310,-0.997662,img_49.jpg
22250,1280,720,635.7513,340.31555,1004.0309,1005.3084,1.315,-0.202,1.461,0.067277,-0.011122,-0.027245,-0.997300,img_50.jpg
22359,1280,720,635.7513,340.31555,1004.0309,1005.3084,1.340,-0.195,1.461,0.064081,-0.004885,-0.023296,-0.997661,img_51.jpg
22473,1280,720,635.7513,340.31555,1004.0309,1005.3084,1.366,-0.192,1.461,0.064228,0.000840,-0.018470,-0.997764,img_52.jpg
22581,1280,720,635.7513,340.31555,1004.0309,1005.3084,1.391,-0.189,1.459,0.071446,0.005690,-0.012417,-0.997351,img_53.jpg
22682,1280,720,635.7513,340.31555,1004.0309,1005.3084,1.414,-0.184,1.458,0.074485,0.014266,-0.017650,-0.996964,img_54.jpg
22781,1280,720,635.7513,340.31555,1004.0309,1005.3084,1.452,-0.176,1.461,0.066384,0.016206,-0.010326,-0.997609,img_55.jpg
22889,1280,720,635.7513,340.31555,1004.0309,1005.3084,1.482,-0.176,1.462,0.079343,0.026672,-0.020220,-0.996285,img_56.jpg
22987,1280,720,635.7513,340.31555,1004.0309,1005.3084,1.513,-0.175,1.463,0.096769,0.030119,-0.031522,-0.994352,img_57.jpg
23090,1280,720,635.7513,340.31555,1004.0309,1005.3084,1.549,-0.172,1.470,0.089648,0.017761,-0.028321,-0.995412,img_58.jpg
23207,1280,720,635.7513,340.31555,1004.0309,1005.3084,1.584,-0.169,1.475,0.089594,0.003595,-0.024790,-0.995663,img_59.jpg
23300,1280,720,635.7513,340.31555,1004.0309,1005.3084,1.620,-0.168,1.480,0.093570,0.006619,-0.026185,-0.995246,img_60.jpg
23424,1280,720,635.7513,340.31555,1004.0309,1005.3084,1.670,-0.166,1.489,0.091343,0.005638,-0.022733,-0.995544,img_61.jpg
23524,1280,720,635.7513,340.31555,1004.0309,1005.3084,1.703,-0.162,1.498,0.083327,0.006166,-0.021470,-0.996272,img_62.jpg
23641,1280,720,635.7513,340.31555,1004.0309,1005.3084,1.745,-0.159,1.509,0.080183,0.018103,-0.019562,-0.996424,img_63.jpg
23742,1280,720,635.7513,340.31555,1004.0309,1005.3084,1.764,-0.157,1.516,0.073307,0.021187,-0.017146,-0.996937,img_64.jpg
23854,1280,720,635.7513,340.31555,1004.0309,1005.3084,1.800,-0.153,1.525,0.066489,0.027641,-0.008903,-0.997364,img_65.jpg
23975,1280,720,635.7513,340.31555,1004.0309,1005.3084,1.824,-0.150,1.528,0.062031,0.034176,-0.006654,-0.997467,img_66.jpg
24076,1280,720,635.7513,340.31555,1004.0309,1005.3084,1.848,-0.148,1.527,0.059889,0.041642,-0.001870,-0.997334,img_67.jpg
24189,1280,720,635.7513,340.31555,1004.0309,1005.3084,1.881,-0.148,1.524,0.057366,0.050990,0.000812,-0.997050,img_68.jpg
24307,1280,720,635.7513,340.31555,1004.0309,1005.3084,1.907,-0.150,1.519,0.057024,0.059458,-0.002143,-0.996599,img_69.jpg
24411,1280,720,635.7513,340.31555,1004.0309,1005.3084,1.934,-0.150,1.514,0.050309,0.066755,-0.001282,-0.996499,img_70.jpg
24515,1280,720,635.7513,340.31555,1004.0309,1005.3084,1.972,-0.149,1.505,0.049104,0.082794,-0.002976,-0.995352,img_71.jpg
24641,1280,720,635.7513,340.31555,1004.0309,1005.3084,1.999,-0.147,1.497,0.048230,0.094699,-0.004039,-0.994329,img_72.jpg
24747,1280,720,635.7513,340.31555,1004.0309,1005.3084,2.032,-0.141,1.484,0.046454,0.110571,-0.004836,-0.992770,img_73.jpg
24857,1280,720,635.7513,340.31555,1004.0309,1005.3084,2.054,-0.138,1.474,0.042372,0.122265,-0.004652,-0.991582,img_74.jpg
24976,1280,720,635.7513,340.31555,1004.0309,1005.3084,2.077,-0.137,1.465,0.040882,0.134760,-0.004383,-0.990025,img_75.jpg
25075,1280,720,635.7513,340.31555,1004.0309,1005.3084,2.099,-0.138,1.454,0.042949,0.147350,-0.001682,-0.988150,img_76.jpg
25184,1280,720,635.7513,340.31555,1004.0309,1005.3084,2.128,-0.138,1.443,0.043535,0.169774,-0.002544,-0.984518,img_77.jpg
25292,1280,720,635.7513,340.31555,1004.0309,1005.3084,2.153,-0.139,1.438,0.042883,0.189462,0.000289,-0.980951,img_78.jpg
25405,1280,720,635.7513,340.31555,1004.0309,1005.3084,2.172,-0.140,1.436,0.043361,0.207114,-0.003250,-0.977350,img_79.jpg
25499,1280,720,635.7513,340.31555,1004.0309,1005.3084,2.192,-0.142,1.438,0.046078,0.222548,-0.002034,-0.973830,img_80.jpg
25605,1280,720,635.7513,340.31555,1004.0309,1005.3084,2.209,-0.142,1.441,0.044561,0.236167,-0.001607,-0.970689,img_81.jpg
25708,1280,720,635.7513,340.31555,1004.0309,1005.3084,2.228,-0.143,1.439,0.048036,0.246436,-0.004063,-0.967959,img_82.jpg
25814,1280,720,635.7513,340.31555,1004.0309,1005.3084,2.261,-0.145,1.440,0.049721,0.261596,0.003221,-0.963891,img_83.jpg
25924,1280,720,635.7513,340.31555,1004.0309,1005.3084,2.287,-0.146,1.440,0.048935,0.271181,0.006965,-0.961258,img_84.jpg
26041,1280,720,635.7513,340.31555,1004.0309,1005.3084,2.315,-0.147,1.438,0.050093,0.280177,0.009588,-0.958593,img_85.jpg
26137,1280,720,635.7513,340.31555,1004.0309,1005.3084,2.345,-0.147,1.436,0.049526,0.289497,0.011351,-0.955829,img_86.jpg
26258,1280,720,635.7513,340.31555,1004.0309,1005.3084,2.392,-0.146,1.430,0.049120,0.299836,0.014340,-0.952617,img_87.jpg
26376,1280,720,635.7513,340.31555,1004.0309,1005.3084,2.426,-0.143,1.426,0.047881,0.308302,0.014498,-0.949972,img_88.jpg
26478,1280,720,635.7513,340.31555,1004.0309,1005.3084,2.466,-0.136,1.423,0.047291,0.319020,0.011928,-0.946492,img_89.jpg
26592,1280,720,635.7513,340.31555,1004.0309,1005.3084,2.490,-0.131,1.423,0.045328,0.327068,0.009531,-0.943865,img_90.jpg
26690,1280,720,635.7513,340.31555,1004.0309,1005.3084,2.518,-0.129,1.423,0.042498,0.337062,0.014201,-0.940416,img_91.jpg
26791,1280,720,635.7513,340.31555,1004.0309,1005.3084,2.544,-0.130,1.422,0.047517,0.350137,0.020018,-0.935278,img_92.jpg
26891,1280,720,635.7513,340.31555,1004.0309,1005.3084,2.565,-0.134,1.418,0.055449,0.364002,0.021930,-0.929487,img_93.jpg
26989,1280,720,635.7513,340.31555,1004.0309,1005.3084,2.587,-0.135,1.414,0.060034,0.378383,0.026103,-0.923331,img_94.jpg
27081,1280,720,635.7513,340.31555,1004.0309,1005.3084,2.606,-0.136,1.406,0.063649,0.390192,0.024036,-0.918216,img_95.jpg
27191,1280,720,635.7513,340.31555,1004.0309,1005.3084,2.626,-0.139,1.396,0.070223,0.402228,0.025787,-0.912478,img_96.jpg
27282,1280,720,635.7513,340.31555,1004.0309,1005.3084,2.648,-0.141,1.386,0.071249,0.418741,0.029942,-0.904811,img_97.jpg
27389,1280,720,635.7513,340.31555,1004.0309,1005.3084,2.670,-0.141,1.370,0.070864,0.435176,0.033337,-0.896933,img_98.jpg
27479,1280,720,635.7513,340.31555,1004.0309,1005.3084,2.692,-0.138,1.352,0.063022,0.450249,0.038193,-0.889857,img_99.jpg
27572,1280,720,635.7513,340.31555,1004.0309,1005.3084,2.715,-0.134,1.332,0.058433,0.471116,0.043478,-0.879059,img_100.jpg
27674,1280,720,635.7513,340.31555,1004.0309,1005.3084,2.736,-0.125,1.311,0.050903,0.493461,0.042095,-0.867256,img_101.jpg
27772,1280,720,635.7513,340.31555,1004.0309,1005.3084,2.748,-0.121,1.299,0.050086,0.508534,0.039137,-0.858693,img_102.jpg
27869,1280,720,635.7513,340.31555,1004.0309,1005.3084,2.766,-0.117,1.285,0.045817,0.528202,0.040360,-0.846921,img_103.jpg
27976,1280,720,635.7513,340.31555,1004.0309,1005.3084,2.786,-0.117,1.272,0.046684,0.546709,0.046690,-0.834716,img_104.jpg
28075,1280,720,635.7513,340.31555,1004.0309,1005.3084,2.804,-0.119,1.262,0.051156,0.574313,0.050041,-0.815502,img_105.jpg
28180,1280,720,635.7513,340.31555,1004.0309,1005.3084,2.822,-0.123,1.256,0.046235,0.595260,0.058392,-0.800074,img_106.jpg
28281,1280,720,635.7513,340.31555,1004.0309,1005.3084,2.844,-0.127,1.232,0.052565,0.611226,0.058843,-0.787514,img_107.jpg
28393,1280,720,635.7513,340.31555,1004.0309,1005.3084,2.855,-0.129,1.217,0.051341,0.620573,0.057943,-0.780318,img_108.jpg
28492,1280,720,635.7513,340.31555,1004.0309,1005.3084,2.869,-0.131,1.202,0.052352,0.625358,0.060530,-0.776224,img_109.jpg
28597,1280,720,635.7513,340.31555,1004.0309,1005.3084,2.877,-0.133,1.191,0.055254,0.632253,0.059890,-0.770465,img_110.jpg
28699,1280,720,635.7513,340.31555,1004.0309,1005.3084,2.884,-0.135,1.183,0.057035,0.632348,0.058338,-0.770376,img_111.jpg
28799,1280,720,635.7513,340.31555,1004.0309,1005.3084,2.889,-0.136,1.176,0.057425,0.632036,0.056493,-0.770741,img_112.jpg
28902,1280,720,635.7513,340.31555,1004.0309,1005.3084,2.892,-0.135,1.173,0.056288,0.632311,0.056965,-0.770564,img_113.jpg,marker_3.jpg,0.27652463,0.27652463,3.759,-0.234,0.920,-0.487821,0.540119,-0.505838,-0.505838
29025,1280,720,635.7513,340.31555,1004.0309,1005.3084,2.895,-0.135,1.169,0.053633,0.632781,0.056222,-0.770422,img_114.jpg
29144,1280,720,635.7513,340.31555,1004.0309,1005.3084,2.896,-0.135,1.166,0.053398,0.632115,0.054921,-0.771079,img_115.jpg
29248,1280,720,635.7513,340.31555,1004.0309,1005.3084,2.895,-0.136,1.165,0.054049,0.630919,0.053628,-0.772104,img_116.jpg,marker_3.jpg,0.27125084,0.27125084,3.748,-0.232,0.926,-0.492462,0.536590,-0.505951,-0.505951
29361,1280,720,635.7513,340.31555,1004.0309,1005.3084,2.894,-0.137,1.169,0.056218,0.630568,0.054330,-0.772187,img_117.jpg
29464,1280,720,635.7513,340.31555,1004.0309,1005.3084,2.892,-0.138,1.176,0.056950,0.631977,0.053676,-0.771026,img_118.jpg
29577,1280,720,635.7513,340.31555,1004.0309,1005.3084,2.889,-0.137,1.187,0.056521,0.632568,0.054757,-0.770496,img_119.jpg
29673,1280,720,635.7513,340.31555,1004.0309,1005.3084,2.888,-0.137,1.202,0.055976,0.630695,0.058674,-0.771782,img_120.jpg
29790,1280,720,635.7513,340.31555,1004.0309,1005.3084,2.888,-0.137,1.227,0.055931,0.633034,0.061066,-0.769682,img_121.jpg
29894,1280,720,635.7513,340.31555,1004.0309,1005.3084,2.888,-0.135,1.252,0.054021,0.635946,0.060630,-0.767450,img_122.jpg
30013,1280,720,635.7513,340.31555,1004.0309,1005.3084,2.888,-0.133,1.293,0.050119,0.642383,0.058542,-0.762500,img_123.jpg,marker_3.jpg,0.2723543,0.2723543,3.751,-0.233,0.924,-0.495603,0.531817,-0.497753,-0.497753
30128,1280,720,635.7513,340.31555,1004.0309,1005.3084,2.889,-0.132,1.328,0.046415,0.647805,0.062245,-0.757839,img_124.jpg
30244,1280,720,635.7513,340.31555,1004.0309,1005.3084,2.893,-0.132,1.375,0.048103,0.654266,0.065797,-0.751860,img_125.jpg
30364,1280,720,635.7513,340.31555,1004.0309,1005.3084,2.893,-0.129,1.409,0.046491,0.656849,0.061901,-0.750038,img_126.jpg
30469,1280,720,635.7513,340.31555,1004.0309,1005.3084,2.891,-0.126,1.444,0.041576,0.658396,0.058075,-0.749275,img_127.jpg
30575,1280,720,635.7513,340.31555,1004.0309,1005.3084,2.888,-0.126,1.478,0.040149,0.661176,0.056644,-0.747012,img_128.jpg
30678,1280,720,635.7513,340.31555,1004.0309,1005.3084,2.885,-0.127,1.521,0.040484,0.663590,0.058776,-0.744684,img_129.jpg
30796,1280,720,635.7513,340.31555,1004.0309,1005.3084,2.883,-0.126,1.551,0.038436,0.665914,0.058372,-0.742748,img_130.jpg
30897,1280,720,635.7513,340.31555,1004.0309,1005.3084,2.881,-0.125,1.580,0.033449,0.669051,0.059141,-0.740104,img_131.jpg
31018,1280,720,635.7513,340.31555,1004.0309,1005.3084,2.879,-0.124,1.612,0.029964,0.676790,0.055078,-0.733502,img_132.jpg
31131,1280,720,635.7513,340.31555,1004.0309,1005.3084,2.883,-0.126,1.636,0.028022,0.682803,0.061068,-0.727507,img_133.jpg
31234,1280,720,635.7513,340.31555,1004.0309,1005.3084,2.891,-0.129,1.660,0.027191,0.688939,0.066926,-0.721210,img_134.jpg
31341,1280,720,635.7513,340.31555,1004.0309,1005.3084,2.900,-0.134,1.686,0.024972,0.695444,0.068399,-0.714882,img_135.jpg
31465,1280,720,635.7513,340.31555,1004.0309,1005.3084,2.915,-0.140,1.730,0.019365,0.701475,0.069178,-0.709064,img_136.jpg
31576,1280,720,635.7513,340.31555,1004.0309,1005.3084,2.931,-0.143,1.762,0.025314,0.702772,0.068805,-0.707628,img_137.jpg
31694,1280,720,635.7513,340.31555,1004.0309,1005.3084,2.953,-0.145,1.802,0.026010,0.699268,0.061698,-0.711717,img_138.jpg
31797,1280,720,635.7513,340.31555,1004.0309,1005.3084,2.974,-0.146,1.833,0.029661,0.701115,0.056993,-0.710148,img_139.jpg
31888,1280,720,635.7513,340.31555,1004.0309,1005.3084,2.995,-0.148,1.868,0.026590,0.703122,0.060585,-0.707985,img_140.jpg
31993,1280,720,635.7513,340.31555,1004.0309,1005.3084,3.016,-0.149,1.901,0.028985,0.710251,0.064498,-0.700388,img_141.jpg
32082,1280,720,635.7513,340.31555,1004.0309,1005.3084,3.033,-0.149,1.934,0.024213,0.713172,0.064716,-0.697575,img_142.jpg
32191,1280,720,635.7513,340.31555,1004.0309,1005.3084,3.047,-0.151,1.971,0.021082,0.720203,0.066350,-0.690261,img_143.jpg
32278,1280,720,635.7513,340.31555,1004.0309,1005.3084,3.057,-0.153,2.006,0.020577,0.729016,0.066594,-0.680938,img_144.jpg
32375,1280,720,635.7513,340.31555,1004.0309,1005.3084,3.066,-0.156,2.042,0.024233,0.735277,0.067916,-0.673920,img_145.jpg
32478,1280,720,635.7513,340.31555,1004.0309,1005.3084,3.070,-0.160,2.079,0.022827,0.738318,0.067911,-0.670637,img_146.jpg
32580,1280,720,635.7513,340.31555,1004.0309,1005.3084,3.070,-0.164,2.116,0.024758,0.738171,0.068570,-0.670663,img_147.jpg
32678,1280,720,635.7513,340.31555,1004.0309,1005.3084,3.065,-0.165,2.154,0.024176,0.734483,0.068998,-0.674677,img_148.jpg
32775,1280,720,635.7513,340.31555,1004.0309,1005.3084,3.059,-0.166,2.195,0.026749,0.730523,0.066612,-0.679105,img_149.jpg
32879,1280,720,635.7513,340.31555,1004.0309,1005.3084,3.055,-0.167,2.238,0.032629,0.728683,0.069454,-0.680538,img_150.jpg
32995,1280,720,635.7513,340.31555,1004.0309,1005.3084,3.050,-0.170,2.282,0.037580,0.727984,0.073517,-0.680604,img_151.jpg
33095,1280,720,635.7513,340.31555,1004.0309,1005.3084,3.045,-0.174,2.323,0.040413,0.729062,0.075091,-0.679115,img_152.jpg
33201,1280,720,635.7513,340.31555,1004.0309,1005.3084,3.042,-0.178,2.364,0.044733,0.731614,0.078654,-0.675688,img_153.jpg
33304,1280,720,635.7513,340.31555,1004.0309,1005.3084,3.041,-0.189,2.401,0.054081,0.734177,0.084988,-0.671443,img_154.jpg
33428,1280,720,635.7513,340.31555,1004.0309,1005.3084,3.044,-0.207,2.454,0.052889,0.736011,0.108138,-0.666181,img_155.jpg
33524,1280,720,635.7513,340.31555,1004.0309,1005.3084,3.051,-0.216,2.492,0.052749,0.736372,0.116384,-0.664401,img_156.jpg
33645,1280,720,635.7513,340.31555,1004.0309,1005.3084,3.062,-0.228,2.539,0.052454,0.735696,0.116014,-0.665238,img_157.jpg
33763,1280,720,635.7513,340.31555,1004.0309,1005.3084,3.074,-0.236,2.573,0.050670,0.734622,0.111239,-0.667374,img_158.jpg
33867,1280,720,635.7513,340.31555,1004.0309,1005.3084,3.090,-0.243,2.608,0.053097,0.730033,0.104892,-0.673224,img_159.jpg
33980,1280,720,635.7513,340.31555,1004.0309,1005.3084,3.116,-0.245,2.658,0.063978,0.724885,0.094291,-0.679381,img_160.jpg
34096,1280,720,635.7513,340.31555,1004.0309,1005.3084,3.134,-0.240,2.703,0.062891,0.732181,0.089649,-0.672249,img_161.jpg
34199,1280,720,635.7513,340.31555,1004.0309,1005.3084,3.148,-0.236,2.748,0.058654,0.742796,0.087482,-0.661181,img_162.jpg
34302,1280,720,635.7513,340.31555,1004.0309,1005.3084,3.164,-0.237,2.805,0.056129,0.753127,0.093174,-0.648820,img_163.jpg
34412,1280,720,635.7513,340.31555,1004.0309,1005.3084,3.174,-0.239,2.848,0.051194,0.759506,0.098476,-0.640962,img_164.jpg
34513,1280,720,635.7513,340.31555,1004.0309,1005.3084,3.179,-0.241,2.888,0.047118,0.764160,0.104290,-0.634793,img_165.jpg
34630,1280,720,635.7513,340.31555,1004.0309,1005.3084,3.180,-0.242,2.929,0.042780,0.766391,0.104326,-0.632401,img_166.jpg
34731,1280,720,635.7513,340.31555,1004.0309,1005.3084,3.176,-0.240,2.969,0.041135,0.765877,0.097917,-0.634155,img_167.jpg
34842,1280,720,635.7513,340.31555,1004.0309,1005.3084,3.163,-0.236,3.038,0.030617,0.760283,0.099058,-0.641265,img_168.jpg
34964,1280,720,635.7513,340.31555,1004.0309,1005.3084,3.148,-0.234,3.096,0.028773,0.763140,0.100530,-0.637718,img_169.jpg
35066,1280,720,635.7513,340.31555,1004.0309,1005.3084,3.133,-0.234,3.153,0.035094,0.764645,0.098919,-0.635847,img_170.jpg
35175,1280,720,635.7513,340.31555,1004.0309,1005.3084,3.114,-0.240,3.227,0.042308,0.765182,0.095833,-0.635234,img_171.jpg
35280,1280,720,635.7513,340.31555,1004.0309,1005.3084,3.105,-0.243,3.275,0.047551,0.765348,0.094864,-0.634808,img_172.jpg
35396,1280,720,635.7513,340.31555,1004.0309,1005.3084,3.097,-0.245,3.317,0.048572,0.764993,0.096655,-0.634890,img_173.jpg
35495,1280,720,635.7513,340.31555,1004.0309,1005.3084,3.093,-0.248,3.352,0.043866,0.764987,0.098929,-0.634889,img_174.jpg
35612,1280,720,635.7513,340.31555,1004.0309,1005.3084,3.089,-0.251,3.408,0.041381,0.768114,0.099146,-0.631235,img_175.jpg
35733,1280,720,635.7513,340.31555,1004.0309,1005.3084,3.088,-0.253,3.448,0.033781,0.769198,0.095190,-0.630978,img_176.jpg
35856,1280,720,635.7513,340.31555,1004.0309,1005.3084,3.094,-0.261,3.500,0.035065,0.767618,0.092539,-0.633221,img_177.jpg
35980,1280,720,635.7513,340.31555,1004.0309,1005.3084,3.106,-0.265,3.550,0.042685,0.760942,0.092005,-0.640844,img_178.jpg
36097,1280,720,635.7513,340.31555,1004.0309,1005.3084,3.115,-0.263,3.587,0.044680,0.759778,0.090857,-0.642251,img_179.jpg
36215,1280,720,635.7513,340.31555,1004.0309,1005.3084,3.128,-0.262,3.635,0.044820,0.761429,0.091435,-0.640201,img_180.jpg
36333,1280,720,635.7513,340.31555,1004.0309,1005.3084,3.130,-0.260,3.668,0.039560,0.763281,0.089482,-0.638616,img_181.jpg
36449,1280,720,635.7513,340.31555,1004.0309,1005.3084,3.136,-0.258,3.712,0.037998,0.763771,0.091761,-0.637801,img_182.jpg,marker_4.jpg,0.27274895,0.27274895,3.983,-0.323,4.087,-0.514595,0.504799,-0.481749,-0.481749
36565,1280,720,635.7513,340.31555,1004.0309,1005.3084,3.137,-0.257,3.745,0.035503,0.762526,0.089166,-0.639799,img_183.jpg
36660,1280,720,635.7513,340.31555,1004.0309,1005.3084,3.139,-0.259,3.780,0.040472,0.761941,0.094416,-0.639448,img_184.jpg
36781,1280,720,635.7513,340.31555,1004.0309,1005.3084,3.131,-0.258,3.820,0.047709,0.756827,0.084326,-0.646395,img_185.jpg
36881,1280,720,635.7513,340.31555,1004.0309,1005.3084,3.128,-0.254,3.852,0.051084,0.751334,0.076203,-0.653515,img_186.jpg
36981,1280,720,635.7513,340.31555,1004.0309,1005.3084,3.123,-0.252,3.887,0.054994,0.749810,0.077574,-0.654785,img_187.jpg
37080,1280,720,635.7513,340.31555,1004.0309,1005.3084,3.110,-0.246,3.914,0.051979,0.747952,0.068833,-0.658124,img_188.jpg,marker_4.jpg,0.26881802,0.26881802,3.980,-0.324,4.085,-0.502534,0.515703,-0.491695,-0.491695
37176,1280,720,635.7513,340.31555,1004.0309,1005.3084,3.098,-0.241,3.939,0.050555,0.743658,0.066082,-0.663363,img_189.jpg
37283,1280,720,635.7513,340.31555,1004.0309,1005.3084,3.088,-0.237,3.961,0.047261,0.741367,0.063366,-0.666428,img_190.jpg
37376,1280,720,635.7513,340.31555,1004.0309,1005.3084,3.081,-0.236,3.985,0.044324,0.741630,0.066110,-0.666070,img_191.jpg
37480,1280,720,635.7513,340.31555,1004.0309,1005.3084,3.079,-0.237,4.007,0.042736,0.741871,0.071883,-0.665307,img_192.jpg
37576,1280,720,635.7513,340.31555,1004.0309,1005.3084,3.079,-0.239,4.029,0.039780,0.742433,0.074922,-0.664528,img_193.jpg
37680,1280,720,635.7513,340.31555,1004.0309,1005.3084,3.083,-0.242,4.049,0.035877,0.741855,0.079504,-0.664863,img_194.jpg,marker_4.jpg,0.26941347,0.26941347,3.982,-0.323,4.085,-0.504770,0.512136,-0.495967,-0.495967
37777,1280,720,635.7513,340.31555,1004.0309,1005.3084,3.092,-0.245,4.064,0.038829,0.737818,0.079037,-0.669231,img_195.jpg
37881,1280,720,635.7513,340.31555,1004.0309,1005.3084,3.103,-0.248,4.080,0.042473,0.733098,0.076888,-0.674427,img_196.jpg
37999,1280,720,635.7513,340.31555,1004.0309,1005.3084,3.115,-0.249,4.098,0.040105,0.728507,0.072106,-0.680052,img_197.jpg
38097,1280,720,635.7513,340.31555,1004.0309,1005.3084,3.130,-0.251,4.115,0.045251,0.722396,0.070039,-0.686433,img_198.jpg
38200,1280,720,635.7513,340.31555,1004.0309,1005.3084,3.148,-0.249,4.138,0.045315,0.713946,0.064655,-0.695735,img_199.jpg,marker_4.jpg,0.2689227,0.2689227,3.982,-0.323,4.085,-0.504786,0.511760,-0.496342,-0.496342
38314,1280,720,635.7513,340.31555,1004.0309,1005.3084,3.163,-0.249,4.156,0.045671,0.711267,0.064925,-0.698426,img_200.jpg
38432,1280,720,635.7513,340.31555,1004.0309,1005.3084,3.178,-0.248,4.176,0.044053,0.711708,0.066724,-0.697911,img_201.jpg
38534,1280,720,635.7513,340.31555,1004.0309,1005.3084,3.191,-0.247,4.197,0.040415,0.715880,0.068047,-0.693723,img_202.jpg
38637,1280,720,635.7513,340.31555,1004.0309,1005.3084,3.203,-0.248,4.223,0.036246,0.719510,0.065747,-0.690413,img_203.jpg
38767,1280,720,635.7513,340.31555,1004.0309,1005.3084,3.212,-0.253,4.244,0.036962,0.720013,0.072635,-0.689158,img_204.jpg
38866,1280,720,635.7513,340.31555,1004.0309,1005.3084,3.215,-0.257,4.267,0.032835,0.720003,0.078122,-0.688777,img_205.jpg,marker_4.jpg,0.27028266,0.27028266,3.982,-0.322,4.082,-0.501368,0.514454,-0.497143,-0.497143
38971,1280,720,635.7513,340.31555,1004.0309,1005.3084,3.211,-0.258,4.303,0.031118,0.725009,0.073707,-0.684077,img_206.jpg
39081,1280,720,635.7513,340.31555,1004.0309,1005.3084,3.203,-0.256,4.326,0.022197,0.733705,0.066247,-0.675867,img_207.jpg
39186,1280,720,635.7513,340.31555,1004.0309,1005.3084,3.189,-0.255,4.373,0.029404,0.741264,0.063327,-0.667572,img_208.jpg
39300,1280,720,635.7513,340.31555,1004.0309,1005.3084,3.173,-0.252,4.408,0.028125,0.742991,0.057677,-0.666218,img_209.jpg
39413,1280,720,635.7513,340.31555,1004.0309,1005.3084,3.153,-0.251,4.453,0.031664,0.744457,0.058355,-0.664361,img_210.jpg
39515,1280,720,635.7513,340.31555,1004.0309,1005.3084,3.137,-0.250,4.483,0.032135,0.745242,0.057089,-0.663569,img_211.jpg
39633,1280,720,635.7513,340.31555,1004.0309,1005.3084,3.120,-0.248,4.511,0.032703,0.745964,0.053663,-0.663015,img_212.jpg
39741,1280,720,635.7513,340.31555,1004.0309,1005.3084,3.101,-0.249,4.546,0.031752,0.748591,0.054347,-0.660038,img_213.jpg
39848,1280,720,635.7513,340.31555,1004.0309,1005.3084,3.093,-0.251,4.571,0.031074,0.752011,0.057719,-0.655884,img_214.jpg
39968,1280,720,635.7513,340.31555,1004.0309,1005.3084,3.086,-0.254,4.603,0.025569,0.755492,0.066968,-0.651224,img_215.jpg
40083,1280,720,635.7513,340.31555,1004.0309,1005.3084,3.083,-0.255,4.626,0.021157,0.759023,0.069164,-0.647035,img_216.jpg
40194,1280,720,635.7513,340.31555,1004.0309,1005.3084,3.084,-0.257,4.650,0.017047,0.763294,0.073061,-0.641681,img_217.jpg
40301,1280,720,635.7513,340.31555,1004.0309,1005.3084,3.089,-0.260,4.682,0.017434,0.769175,0.073571,-0.634549,img_218.jpg
40416,1280,720,635.7513,340.31555,1004.0309,1005.3084,3.094,-0.261,4.708,0.018116,0.774174,0.071150,-0.628701,img_219.jpg
40534,1280,720,635.7513,340.31555,1004.0309,1005.3084,3.099,-0.263,4.735,0.013306,0.778788,0.067471,-0.623506,img_220.jpg
40638,1280,720,635.7513,340.31555,1004.0309,1005.3084,3.115,-0.263,4.771,0.019733,0.783961,0.065060,-0.617076,img_221.jpg
40751,1280,720,635.7513,340.31555,1004.0309,1005.3084,3.126,-0.263,4.799,0.019826,0.789140,0.064084,-0.610539,img_222.jpg
40865,1280,720,635.7513,340.31555,1004.0309,1005.3084,3.135,-0.265,4.830,0.018479,0.795465,0.066766,-0.602027,img_223.jpg
40970,1280,720,635.7513,340.31555,1004.0309,1005.3084,3.149,-0.265,4.867,0.017891,0.804896,0.065009,-0.589572,img_224.jpg
41084,1280,720,635.7513,340.31555,1004.0309,1005.3084,3.156,-0.265,4.890,0.018752,0.812010,0.064789,-0.579733,img_225.jpg
41199,1280,720,635.7513,340.31555,1004.0309,1005.3084,3.163,-0.267,4.914,0.017805,0.821597,0.066613,-0.565883,img_226.jpg
41295,1280,720,635.7513,340.31555,1004.0309,1005.3084,3.170,-0.270,4.938,0.018341,0.831975,0.072816,-0.549708,img_227.jpg
41418,1280,720,635.7513,340.31555,1004.0309,1005.3084,3.174,-0.276,4.971,0.016818,0.844584,0.079395,-0.529237,img_228.jpg
41536,1280,720,635.7513,340.31555,1004.0309,1005.3084,3.175,-0.283,5.005,0.019236,0.856476,0.083237,-0.509068,img_229.jpg
41650,1280,720,635.7513,340.31555,1004.0309,1005.3084,3.175,-0.288,5.033,0.019698,0.863421,0.086986,-0.496537,img_230.jpg
41767,1280,720,635.7513,340.31555,1004.0309,1005.3084,3.175,-0.293,5.064,0.018438,0.869240,0.091276,-0.485542,img_231.jpg
41867,1280,720,635.7513,340.31555,1004.0309,1005.3084,3.171,-0.298,5.108,0.011607,0.874746,0.089156,-0.476169,img_232.jpg
41983,1280,720,635.7513,340.31555,1004.0309,1005.3084,3.169,-0.298,5.144,0.012332,0.879986,0.087948,-0.466623,img_233.jpg
42080,1280,720,635.7513,340.31555,1004.0309,1005.3084,3.165,-0.296,5.178,0.009517,0.885106,0.083900,-0.457665,img_234.jpg
42197,1280,720,635.7513,340.31555,1004.0309,1005.3084,3.158,-0.298,5.221,0.009476,0.891968,0.097128,-0.441439,img_235.jpg
42302,1280,720,635.7513,340.31555,1004.0309,1005.3084,3.152,-0.306,5.249,0.015665,0.899103,0.113353,-0.422517,img_236.jpg
42417,1280,720,635.7513,340.31555,1004.0309,1005.3084,3.145,-0.321,5.279,0.016437,0.902786,0.138974,-0.406686,img_237.jpg
42514,1280,720,635.7513,340.31555,1004.0309,1005.3084,3.140,-0.341,5.305,0.016568,0.904811,0.166629,-0.391507,img_238.jpg
42616,1280,720,635.7513,340.31555,1004.0309,1005.3084,3.135,-0.361,5.327,0.014664,0.905280,0.195723,-0.376758,img_239.jpg
42714,1280,720,635.7513,340.31555,1004.0309,1005.3084,3.129,-0.381,5.348,0.008774,0.906002,0.222577,-0.359922,img_240.jpg
42817,1280,720,635.7513,340.31555,1004.0309,1005.3084,3.125,-0.399,5.365,0.009589,0.906171,0.246750,-0.343332,img_241.jpg
42918,1280,720,635.7513,340.31555,1004.0309,1005.3084,3.119,-0.415,5.379,0.006417,0.907551,0.264665,-0.325978,img_242.jpg
43035,1280,720,635.7513,340.31555,1004.0309,1005.3084,3.114,-0.431,5.394,0.007514,0.911433,0.280649,-0.300780,img_243.jpg
43153,1280,720,635.7513,340.31555,1004.0309,1005.3084,3.112,-0.444,5.405,0.007424,0.914260,0.293101,-0.279582,img_244.jpg
43268,1280,720,635.7513,340.31555,1004.0309,1005.3084,3.115,-0.465,5.418,0.007917,0.916077,0.312221,-0.251513,img_245.jpg
43379,1280,720,635.7513,340.31555,1004.0309,1005.3084,3.118,-0.477,5.425,0.004733,0.914724,0.327906,-0.236082,img_246.jpg
43482,1280,720,635.7513,340.31555,1004.0309,1005.3084,3.124,-0.485,5.430,0.005200,0.914671,0.338950,-0.220143,img_247.jpg
43596,1280,720,635.7513,340.31555,1004.0309,1005.3084,3.122,-0.497,5.434,-0.001390,0.916805,0.348782,-0.194468,img_248.jpg
43700,1280,720,635.7513,340.31555,1004.0309,1005.3084,3.116,-0.504,5.435,-0.002765,0.918791,0.356459,-0.169564,img_249.jpg
43817,1280,720,635.7513,340.31555,1004.0309,1005.3084,3.108,-0.512,5.435,-0.010187,0.921477,0.359500,-0.146754,img_250.jpg
43916,1280,720,635.7513,340.31555,1004.0309,1005.3084,3.103,-0.519,5.435,-0.012509,0.921936,0.364775,-0.129678,img_251.jpg
44033,1280,720,635.7513,340.31555,1004.0309,1005.3084,3.088,-0.529,5.433,-0.015873,0.922549,0.370815,-0.105583,img_252.jpg
44136,1280,720,635.7513,340.31555,1004.0309,1005.3084,3.079,-0.532,5.433,-0.019278,0.922677,0.373501,-0.093769,img_253.jpg
44243,1280,720,635.7513,340.31555,1004.0309,1005.3084,3.053,-0.533,5.431,-0.027241,0.924629,0.373449,-0.069682,img_254.jpg
44353,1280,720,635.7513,340.31555,1004.0309,1005.3084,3.028,-0.531,5.430,-0.035674,0.926626,0.370582,-0.052535,img_255.jpg
44451,1280,720,635.7513,340.31555,1004.0309,1005.3084,2.999,-0.529,5.427,-0.041253,0.927874,0.368631,-0.038205,img_256.jpg
44563,1280,720,635.7513,340.31555,1004.0309,1005.3084,2.969,-0.525,5.424,-0.043271,0.932247,0.358040,-0.029149,img_257.jpg
44667,1280,720,635.7513,340.31555,1004.0309,1005.3084,2.921,-0.523,5.421,-0.048099,0.930815,0.361962,-0.015911,img_258.jpg
44785,1280,720,635.7513,340.31555,1004.0309,1005.3084,2.880,-0.518,5.414,-0.055908,0.933793,0.353331,-0.007842,img_259.jpg
44883,1280,720,635.7513,340.31555,1004.0309,1005.3084,2.845,-0.513,5.404,-0.053708,0.934770,0.351151,-0.003678,img_260.jpg
45001,1280,720,635.7513,340.31555,1004.0309,1005.3084,2.794,-0.511,5.391,-0.053645,0.935882,0.348205,-0.000842,img_261.jpg
45106,1280,720,635.7513,340.31555,1004.0309,1005.3084,2.760,-0.507,5.384,-0.048299,0.938321,0.342373,0.000906,img_262.jpg
45217,1280,720,635.7513,340.31555,1004.0309,1005.3084,2.721,-0.504,5.376,-0.047289,0.939390,0.339507,0.006689,img_263.jpg
45312,1280,720,635.7513,340.31555,1004.0309,1005.3084,2.686,-0.506,5.373,-0.045700,0.937897,0.343696,0.011598,img_264.jpg
45436,1280,720,635.7513,340.31555,1004.0309,1005.3084,2.636,-0.510,5.371,-0.056443,0.934910,0.349577,0.023519,img_265.jpg
45553,1280,720,635.7513,340.31555,1004.0309,1005.3084,2.598,-0.509,5.370,-0.067700,0.936487,0.342084,0.037241,img_266.jpg
45656,1280,720,635.7513,340.31555,1004.0309,1005.3084,2.559,-0.509,5.374,-0.066898,0.937560,0.337622,0.050181,img_267.jpg
45764,1280,720,635.7513,340.31555,1004.0309,1005.3084,2.499,-0.513,5.380,-0.066962,0.938158,0.332356,0.070104,img_268.jpg
45868,1280,720,635.7513,340.31555,1004.0309,1005.3084,2.458,-0.515,5.389,-0.057663,0.940624,0.323728,0.084274,img_269.jpg
45981,1280,720,635.7513,340.31555,1004.0309,1005.3084,2.417,-0.514,5.399,-0.047350,0.941642,0.320674,0.090760,img_270.jpg
46082,1280,720,635.7513,340.31555,1004.0309,1005.3084,2.379,-0.511,5.412,-0.041246,0.942664,0.316636,0.097086,img_271.jpg
46203,1280,720,635.7513,340.31555,1004.0309,1005.3084,2.334,-0.504,5.429,-0.036245,0.944161,0.308659,0.109431,img_272.jpg
46322,1280,720,635.7513,340.31555,1004.0309,1005.3084,2.305,-0.497,5.439,-0.032139,0.943780,0.304199,0.125339,img_273.jpg
46429,1280,720,635.7513,340.31555,1004.0309,1005.3084,2.277,-0.490,5.448,-0.031101,0.946148,0.292989,0.134140,img_274.jpg
46538,1280,720,635.7513,340.31555,1004.0309,1005.3084,2.247,-0.476,5.456,-0.031558,0.950108,0.277821,0.138256,img_275.jpg
46652,1280,720,635.7513,340.31555,1004.0309,1005.3084,2.227,-0.464,5.463,-0.033884,0.954661,0.260590,0.139884,img_276.jpg
46764,1280,720,635.7513,340.31555,1004.0309,1005.3084,2.204,-0.442,5.466,-0.031149,0.963499,0.229594,0.134114,img_277.jpg
46870,1280,720,635.7513,340.31555,1004.0309,1005.3084,2.182,-0.426,5.469,-0.026563,0.971494,0.200389,0.123852,img_278.jpg
46985,1280,720,635.7513,340.31555,1004.0309,1005.3084,2.163,-0.405,5.467,-0.021426,0.976949,0.180269,0.112318,img_279.jpg
47073,1280,720,635.7513,340.31555,1004.0309,1005.3084,2.137,-0.389,5.468,-0.022610,0.980619,0.166590,0.100615,img_280.jpg
47181,1280,720,635.7513,340.31555,1004.0309,1005.3084,2.113,-0.374,5.465,-0.021427,0.983728,0.154215,0.089650,img_281.jpg
47271,1280,720,635.7513,340.31555,1004.0309,1005.3084,2.098,-0.362,5.460,-0.018435,0.986233,0.144236,0.078747,img_282.jpg,marker_6.jpg,0.26966843,0.26966843,1.946,-0.495,6.428,-0.013320,0.748807,-0.662597,-0.662597
47385,1280,720,635.7513,340.31555,1004.0309,1005.3084,2.078,-0.352,5.457,-0.017428,0.987836,0.138611,0.068285,img_283.jpg
47469,1280,720,635.7513,340.31555,1004.0309,1005.3084,2.062,-0.343,5.454,-0.016188,0.989925,0.128043,0.058241,img_284.jpg
47587,1280,720,635.7513,340.31555,1004.0309,1005.3084,2.046,-0.336,5.454,-0.013486,0.990786,0.124734,0.051011,img_285.jpg
47683,1280,720,635.7513,340.31555,1004.0309,1005.3084,2.033,-0.331,5.451,-0.013807,0.992328,0.115061,0.043087,img_286.jpg
47781,1280,720,635.7513,340.31555,1004.0309,1005.3084,2.021,-0.327,5.452,-0.016747,0.992953,0.111133,0.037598,img_287.jpg
47875,1280,720,635.7513,340.31555,1004.0309,1005.3084,2.011,-0.325,5.454,-0.021453,0.993278,0.109136,0.032052,img_288.jpg,marker_6.jpg,0.2659713,0.2659713,1.953,-0.494,6.423,-0.012028,0.733764,-0.679243,-0.679243
47998,1280,720,635.7513,340.31555,1004.0309,1005.3084,2.005,-0.319,5.467,-0.014305,0.994358,0.100771,0.029881,img_289.jpg
48104,1280,720,635.7513,340.31555,1004.0309,1005.3084,2.002,-0.316,5.480,-0.011416,0.995276,0.091517,0.030322,img_290.jpg
48219,1280,720,635.7513,340.31555,1004.0309,1005.3084,2.003,-0.313,5.500,-0.003320,0.995548,0.089765,0.028561,img_291.jpg
48323,1280,720,635.7513,340.31555,1004.0309,1005.3084,2.004,-0.309,5.519,0.002197,0.996059,0.084357,0.027304,img_292.jpg
48436,1280,720,635.7513,340.31555,1004.0309,1005.3084,2.004,-0.307,5.549,0.004058,0.997047,0.072960,0.023638,img_293.jpg,marker_6.jpg,0.26658478,0.26658478,1.953,-0.495,6.422,-0.005313,0.727627,-0.685944,-0.685944
48555,1280,720,635.7513,340.31555,1004.0309,1005.3084,2.007,-0.309,5.575,0.005422,0.997299,0.070541,0.019714,img_294.jpg
48660,1280,720,635.7513,340.31555,1004.0309,1005.3084,2.009,-0.312,5.610,0.010717,0.997681,0.065050,0.016935,img_295.jpg
48772,1280,720,635.7513,340.31555,1004.0309,1005.3084,2.010,-0.316,5.637,0.011171,0.998056,0.059098,0.016334,img_296.jpg
48886,1280,720,635.7513,340.31555,1004.0309,1005.3084,2.010,-0.321,5.666,0.014872,0.997971,0.058636,0.019871,img_297.jpg
48984,1280,720,635.7513,340.31555,1004.0309,1005.3084,2.010,-0.328,5.693,0.018051,0.998080,0.055479,0.020786,img_298.jpg
49085,1280,720,635.7513,340.31555,1004.0309,1005.3084,2.008,-0.334,5.718,0.015651,0.998523,0.048794,0.018060,img_299.jpg,marker_6.jpg,0.2630584,0.2630584,1.953,-0.494,6.414,-0.002838,0.732678,-0.680569,-0.680569
49187,1280,720,635.7513,340.31555,1004.0309,1005.3084,2.006,-0.340,5.738,0.018283,0.998689,0.044790,0.016728,img_300.jpg
49286,1280,720,635.7513,340.31555,1004.0309,1005.3084,2.005,-0.345,5.752,0.023628,0.998684,0.041042,0.019699,img_301.jpg
49399,1280,720,635.7513,340.31555,1004.0309,1005.3084,2.002,-0.350,5.766,0.029360,0.998619,0.036830,0.023269,img_302.jpg
49512,1280,720,635.7513,340.31555,1004.0309,1005.3084,2.001,-0.353,5.773,0.031989,0.998535,0.035521,0.025348,img_303.jpg
49616,1280,720,635.7513,340.31555,1004.0309,1005.3084,1.999,-0.355,5.775,0.029537,0.998747,0.029816,0.027243,img_304.jpg,marker_6.jpg,0.264255,0.264255,1.952,-0.493,6.413,0.004457,0.735133,-0.677881,-0.677881
49724,1280,720,635.7513,340.31555,1004.0309,1005.3084,1.998,-0.356,5.777,0.026769,0.998927,0.025123,0.028240,img_305.jpg
49834,1280,720,635.7513,340.31555,1004.0309,1005.3084,1.995,-0.356,5.776,0.024706,0.999041,0.019832,0.030226,img_306.jpg
49956,1280,720,635.7513,340.31555,1004.0309,1005.3084,1.994,-0.355,5.774,0.026895,0.998941,0.019350,0.031923,img_307.jpg
50070,1280,720,635.7513,340.31555,1004.0309,1005.3084,1.993,-0.351,5.766,0.024970,0.999053,0.018720,0.030331,img_308.jpg
50183,1280,720,635.7513,340.31555,1004.0309,1005.3084,1.993,-0.344,5.753,0.023408,0.999308,0.012295,0.026178,img_309.jpg
50284,1280,720,635.7513,340.31555,1004.0309,1005.3084,1.992,-0.337,5.737,0.020631,0.999512,0.007269,0.022284,img_310.jpg,marker_6.jpg,0.2642647,0.2642647,1.952,-0.493,6.414,0.001700,0.739395,-0.673269,-0.673269
50404,1280,720,635.7513,340.31555,1004.0309,1005.3084,1.987,-0.330,5.710,0.018199,0.999674,0.007890,0.016052,img_311.jpg
50521,1280,720,635.7513,340.31555,1004.0309,1005.3084,1.978,-0.327,5.688,0.014055,0.999647,0.019682,0.011045,img_312.jpg
50632,1280,720,635.7513,340.31555,1004.0309,1005.3084,1.957,-0.332,5.653,0.007015,0.998880,0.044587,0.014229,img_313.jpg
50753,1280,720,635.7513,340.31555,1004.0309,1005.3084,1.934,-0.342,5.624,0.003264,0.997341,0.071102,0.015675,img_314.jpg
50852,1280,720,635.7513,340.31555,1004.0309,1005.3084,1.912,-0.351,5.589,0.005143,0.995554,0.091985,0.019631,img_315.jpg,marker_6.jpg,0.2695132,0.2695132,1.952,-0.494,6.425,-0.000456,0.732159,-0.681034,-0.681034
50971,1280,720,635.7513,340.31555,1004.0309,1005.3084,1.878,-0.367,5.541,0.002541,0.991289,0.128294,0.029668,img_316.jpg
51089,1280,720,635.7513,340.31555,1004.0309,1005.3084,1.856,-0.383,5.506,-0.001045,0.988302,0.148006,0.036768,img_317.jpg
51198,1280,720,635.7513,340.31555,1004.0309,1005.3084,1.825,-0.401,5.470,-0.010369,0.982396,0.180785,0.045912,img_318.jpg
51304,1280,720,635.7513,340.31555,1004.0309,1005.3084,1.806,-0.415,5.443,-0.017245,0.978886,0.196967,0.051847,img_319.jpg
51421,1280,720,635.7513,340.31555,1004.0309,1005.3084,1.788,-0.433,5.417,-0.027065,0.974392,0.215936,0.056560,img_320.jpg,marker_6.jpg,0.26607168,0.26607168,1.954,-0.486,6.414,-0.007281,0.725090,-0.688539,-0.688539
51530,1280,720,635.7513,340.31555,1004.0309,1005.3084,1.766,-0.449,5.391,-0.043589,0.970069,0.228981,0.068070,img_321.jpg
51635,1280,720,635.7513,340.31555,1004.0309,1005.3084,1.740,-0.472,5.366,-0.058233,0.961046,0.255313,0.088400,img_322.jpg
51759,1280,720,635.7513,340.31555,1004.0309,1005.3084,1.718,-0.488,5.353,-0.072824,0.953239,0.273260,0.106591,img_323.jpg
51856,1280,720,635.7513,340.31555,1004.0309,1005.3084,1.693,-0.508,5.344,-0.090890,0.940809,0.298992,0.131231,img_324.jpg
51955,1280,720,635.7513,340.31555,1004.0309,1005.3084,1.680,-0.518,5.342,-0.093691,0.934113,0.313929,0.141789,img_325.jpg
52045,1280,720,635.7513,340.31555,1004.0309,1005.3084,1.657,-0.537,5.338,-0.101260,0.925626,0.329262,0.156685,img_326.jpg
52154,1280,720,635.7513,340.31555,1004.0309,1005.3084,1.618,-0.560,5.340,-0.108714,0.911027,0.355232,0.178947,img_327.jpg
52257,1280,720,635.7513,340.31555,1004.0309,1005.3084,1.586,-0.571,5.342,-0.116353,0.906205,0.358658,0.191363,img_328.jpg
52370,1280,720,635.7513,340.31555,1004.0309,1005.3084,1.552,-0.579,5.344,-0.115785,0.901389,0.365924,0.200479,img_329.jpg
52463,1280,720,635.7513,340.31555,1004.0309,1005.3084,1.518,-0.587,5.351,-0.108390,0.897400,0.374986,0.205695,img_330.jpg
52566,1280,720,635.7513,340.31555,1004.0309,1005.3084,1.481,-0.593,5.359,-0.101442,0.897959,0.374356,0.207936,img_331.jpg
52659,1280,720,635.7513,340.31555,1004.0309,1005.3084,1.441,-0.603,5.372,-0.093573,0.893082,0.383088,0.216548,img_332.jpg
52771,1280,720,635.7513,340.31555,1004.0309,1005.3084,1.401,-0.605,5.379,-0.099764,0.892581,0.374067,0.231129,img_333.jpg
52871,1280,720,635.7513,340.31555,1004.0309,1005.3084,1.362,-0.611,5.384,-0.113679,0.887741,0.378629,0.235865,img_334.jpg
52990,1280,720,635.7513,340.31555,1004.0309,1005.3084,1.323,-0.616,5.386,-0.119251,0.885183,0.381041,0.238829,img_335.jpg
53090,1280,720,635.7513,340.31555,1004.0309,1005.3084,1.279,-0.619,5.386,-0.126497,0.885576,0.380650,0.234219,img_336.jpg
53200,1280,720,635.7513,340.31555,1004.0309,1005.3084,1.215,-0.616,5.379,-0.126319,0.885512,0.384889,0.227538,img_337.jpg
53328,1280,720,635.7513,340.31555,1004.0309,1005.3084,1.162,-0.606,5.365,-0.129765,0.879491,0.396077,0.229737,img_338.jpg
53432,1280,720,635.7513,340.31555,1004.0309,1005.3084,1.092,-0.589,5.350,-0.118117,0.874301,0.405432,0.239313,img_339.jpg
53558,1280,720,635.7513,340.31555,1004.0309,1005.3084,1.048,-0.583,5.344,-0.095281,0.872556,0.414677,0.240022,img_340.jpg
53661,1280,720,635.7513,340.31555,1004.0309,1005.3084,0.997,-0.578,5.339,-0.093210,0.873552,0.415848,0.235135,img_341.jpg
53790,1280,720,635.7513,340.31555,1004.0309,1005.3084,0.946,-0.579,5.343,-0.103745,0.877251,0.409669,0.227682,img_342.jpg
53905,1280,720,635.7513,340.31555,1004.0309,1005.3084,0.908,-0.585,5.351,-0.108835,0.878560,0.406936,0.225144,img_343.jpg
54022,1280,720,635.7513,340.31555,1004.0309,1005.3084,0.857,-0.593,5.362,-0.114909,0.881931,0.395414,0.229440,img_344.jpg
54134,1280,720,635.7513,340.31555,1004.0309,1005.3084,0.782,-0.601,5.382,-0.097231,0.879794,0.394738,0.246356,img_345.jpg
54238,1280,720,635.7513,340.31555,1004.0309,1005.3084,0.721,-0.597,5.395,-0.076768,0.876615,0.396306,0.261906,img_346.jpg
54346,1280,720,635.7513,340.31555,1004.0309,1005.3084,0.662,-0.592,5.404,-0.078218,0.875724,0.386231,0.278953,img_347.jpg
54458,1280,720,635.7513,340.31555,1004.0309,1005.3084,0.615,-0.588,5.414,-0.082324,0.875467,0.378836,0.288556,img_348.jpg
54567,1280,720,635.7513,340.31555,1004.0309,1005.3084,0.567,-0.587,5.425,-0.082818,0.877713,0.374149,0.287705,img_349.jpg
54690,1280,720,635.7513,340.31555,1004.0309,1005.3084,0.524,-0.585,5.438,-0.084672,0.883044,0.367295,0.279570,img_350.jpg
54809,1280,720,635.7513,340.31555,1004.0309,1005.3084,0.492,-0.581,5.450,-0.075603,0.891348,0.358980,0.266300,img_351.jpg
54926,1280,720,635.7513,340.31555,1004.0309,1005.3084,0.447,-0.566,5.471,-0.060587,0.907983,0.336989,0.241524,img_352.jpg
55039,1280,720,635.7513,340.31555,1004.0309,1005.3084,0.412,-0.544,5.483,-0.037331,0.918660,0.319096,0.229889,img_353.jpg
55158,1280,720,635.7513,340.31555,1004.0309,1005.3084,0.374,-0.519,5.491,-0.027735,0.929686,0.297483,0.215449,img_354.jpg
55257,1280,720,635.7513,340.31555,1004.0309,1005.3084,0.334,-0.496,5.502,-0.016326,0.943216,0.273478,0.187849,img_355.jpg
55373,1280,720,635.7513,340.31555,1004.0309,1005.3084,0.314,-0.481,5.510,-0.012600,0.953349,0.251812,0.166007,img_356.jpg
55474,1280,720,635.7513,340.31555,1004.0309,1005.3084,0.292,-0.464,5.521,-0.014619,0.961091,0.231231,0.150406,img_357.jpg
55584,1280,720,635.7513,340.31555,1004.0309,1005.3084,0.281,-0.449,5.533,-0.007661,0.967440,0.210415,0.140453,img_358.jpg
55689,1280,720,635.7513,340.31555,1004.0309,1005.3084,0.273,-0.438,5.552,0.001785,0.971851,0.194055,0.133584,img_359.jpg
55797,1280,720,635.7513,340.31555,1004.0309,1005.3084,0.256,-0.429,5.583,0.008878,0.976139,0.174948,0.128326,img_360.jpg
55910,1280,720,635.7513,340.31555,1004.0309,1005.3084,0.245,-0.424,5.608,0.013322,0.978337,0.163950,0.125700,img_361.jpg
56023,1280,720,635.7513,340.31555,1004.0309,1005.3084,0.231,-0.421,5.637,0.008401,0.980884,0.153581,0.119198,img_362.jpg
56133,1280,720,635.7513,340.31555,1004.0309,1005.3084,0.226,-0.415,5.679,0.013278,0.984259,0.138644,0.108789,img_363.jpg
56258,1280,720,635.7513,340.31555,1004.0309,1005.3084,0.221,-0.410,5.717,0.013454,0.987866,0.120679,0.096832,img_364.jpg
56373,1280,720,635.7513,340.31555,1004.0309,1005.3084,0.217,-0.406,5.738,0.015116,0.989761,0.108738,0.091219,img_365.jpg
56490,1280,720,635.7513,340.31555,1004.0309,1005.3084,0.212,-0.407,5.750,0.012271,0.989969,0.108196,0.090026,img_366.jpg
56606,1280,720,635.7513,340.31555,1004.0309,1005.3084,0.206,-0.410,5.771,0.008283,0.988971,0.114775,0.093239,img_367.jpg
56725,1280,720,635.7513,340.31555,1004.0309,1005.3084,0.199,-0.415,5.782,0.003007,0.988033,0.123868,0.091862,img_368.jpg
56840,1280,720,635.7513,340.31555,1004.0309,1005.3084,0.199,-0.416,5.781,0.003936,0.987953,0.127582,0.087499,img_369.jpg
56944,1280,720,635.7513,340.31555,1004.0309,1005.3084,0.197,-0.416,5.772,0.004858,0.988199,0.127868,0.084202,img_370.jpg
57041,1280,720,635.7513,340.31555,1004.0309,1005.3084,0.192,-0.415,5.758,0.005154,0.988489,0.127484,0.081308,img_371.jpg
57139,1280,720,635.7513,340.31555,1004.0309,1005.3084,0.184,-0.413,5.738,0.004915,0.988447,0.127764,0.081391,img_372.jpg
57234,1280,720,635.7513,340.31555,1004.0309,1005.3084,0.176,-0.409,5.715,0.005814,0.988292,0.129084,0.081133,img_373.jpg
57342,1280,720,635.7513,340.31555,1004.0309,1005.3084,0.169,-0.406,5.688,0.007692,0.988401,0.130291,0.077644,img_374.jpg
57438,1280,720,635.7513,340.31555,1004.0309,1005.3084,0.160,-0.404,5.658,0.007286,0.987662,0.136607,0.076217,img_375.jpg
57542,1280,720,635.7513,340.31555,1004.0309,1005.3084,0.149,-0.407,5.628,0.003972,0.986068,0.147504,0.076787,img_376.jpg
57638,1280,720,635.7513,340.31555,1004.0309,1005.3084,0.136,-0.414,5.600,-0.001462,0.983609,0.160954,0.081270,img_377.jpg
57741,1280,720,635.7513,340.31555,1004.0309,1005.3084,0.121,-0.422,5.570,-0.009850,0.980446,0.176056,0.087369,img_378.jpg
57835,1280,720,635.7513,340.31555,1004.0309,1005.3084,0.106,-0.431,5.543,-0.012013,0.975706,0.194831,0.099471,img_379.jpg
57942,1280,720,635.7513,340.31555,1004.0309,1005.3084,0.086,-0.443,5.518,-0.022962,0.971231,0.209662,0.110566,img_380.jpg
58056,1280,720,635.7513,340.31555,1004.0309,1005.3084,0.054,-0.469,5.492,-0.044283,0.959471,0.245776,0.130570,img_381.jpg
58176,1280,720,635.7513,340.31555,1004.0309,1005.3084,0.031,-0.485,5.474,-0.058628,0.950866,0.267345,0.144715,img_382.jpg
58271,1280,720,635.7513,340.31555,1004.0309,1005.3084,0.011,-0.495,5.458,-0.073405,0.944637,0.276949,0.159911,img_383.jpg
58381,1280,720,635.7513,340.31555,1004.0309,1005.3084,-0.015,-0.502,5.446,-0.082867,0.937941,0.286903,0.176314,img_384.jpg
58479,1280,720,635.7513,340.31555,1004.0309,1005.3084,-0.041,-0.506,5.439,-0.090028,0.932128,0.294398,0.190690,img_385.jpg
58586,1280,720,635.7513,340.31555,1004.0309,1005.3084,-0.068,-0.514,5.436,-0.094784,0.927627,0.299133,0.202594,img_386.jpg
58682,1280,720,635.7513,340.31555,1004.0309,1005.3084,-0.098,-0.519,5.433,-0.099433,0.923922,0.301600,0.213352,img_387.jpg
58807,1280,720,635.7513,340.31555,1004.0309,1005.3084,-0.141,-0.531,5.437,-0.100448,0.919730,0.307123,0.222894,img_388.jpg
58911,1280,720,635.7513,340.31555,1004.0309,1005.3084,-0.176,-0.537,5.444,-0.093352,0.918478,0.310183,0.226868,img_389.jpg
59022,1280,720,635.7513,340.31555,1004.0309,1005.3084,-0.214,-0.543,5.456,-0.086194,0.917385,0.315112,0.227332,img_390.jpg
59144,1280,720,635.7513,340.31555,1004.0309,1005.3084,-0.266,-0.550,5.473,-0.077942,0.915386,0.323814,0.226139,img_391.jpg
59248,1280,720,635.7513,340.31555,1004.0309,1005.3084,-0.309,-0.557,5.487,-0.077082,0.911935,0.333034,0.226983,img_392.jpg
59363,1280,720,635.7513,340.31555,1004.0309,1005.3084,-0.364,-0.564,5.504,-0.077343,0.908158,0.339149,0.232907,img_393.jpg
59474,1280,720,635.7513,340.31555,1004.0309,1005.3084,-0.401,-0.572,5.513,-0.087181,0.906354,0.341561,0.232935,img_394.jpg
59585,1280,720,635.7513,340.31555,1004.0309,1005.3084,-0.445,-0.582,5.523,-0.090193,0.905181,0.349497,0.224420,img_395.jpg
59691,1280,720,635.7513,340.31555,1004.0309,1005.3084,-0.480,-0.589,5.525,-0.103104,0.905000,0.350363,0.218155,img_396.jpg
59809,1280,720,635.7513,340.31555,1004.0309,1005.3084,-0.514,-0.594,5.525,-0.105718,0.906451,0.353383,0.205648,img_397.jpg
59929,1280,720,635.7513,340.31555,1004.0309,1005.3084,-0.563,-0.592,5.514,-0.104423,0.910043,0.352509,0.191456,img_398.jpg
60041,1280,720,635.7513,340.31555,1004.0309,1005.3084,-0.607,-0.586,5.499,-0.105379,0.909932,0.356426,0.184065,img_399.jpg
60149,1280,720,635.7513,340.31555,1004.0309,1005.3084,-0.651,-0.577,5.482,-0.106782,0.909407,0.359014,0.180789,img_400.jpg
60260,1280,720,635.7513,340.31555,1004.0309,1005.3084,-0.707,-0.568,5.460,-0.102846,0.912324,0.355593,0.175047,img_401.jpg
60375,1280,720,635.7513,340.31555,1004.0309,1005.3084,-0.746,-0.565,5.446,-0.101409,0.913884,0.352549,0.173902,img_402.jpg
60482,1280,720,635.7513,340.31555,1004.0309,1005.3084,-0.781,-0.564,5.436,-0.100106,0.914146,0.351777,0.174840,img_403.jpg
60588,1280,720,635.7513,340.31555,1004.0309,1005.3084,-0.830,-0.565,5.427,-0.106185,0.912743,0.351180,0.179716,img_404.jpg
60713,1280,720,635.7513,340.31555,1004.0309,1005.3084,-0.868,-0.570,5.425,-0.112227,0.911469,0.350215,0.184333,img_405.jpg
60831,1280,720,635.7513,340.31555,1004.0309,1005.3084,-0.906,-0.575,5.427,-0.113714,0.911069,0.349021,0.187632,img_406.jpg
60945,1280,720,635.7513,340.31555,1004.0309,1005.3084,-0.961,-0.587,5.435,-0.104940,0.909864,0.353779,0.189670,img_407.jpg
61046,1280,720,635.7513,340.31555,1004.0309,1005.3084,-1.005,-0.594,5.442,-0.098433,0.911602,0.350423,0.191041,img_408.jpg
61160,1280,720,635.7513,340.31555,1004.0309,1005.3084,-1.068,-0.606,5.458,-0.092894,0.906409,0.366362,0.188606,img_409.jpg
61274,1280,720,635.7513,340.31555,1004.0309,1005.3084,-1.115,-0.608,5.465,-0.092107,0.905015,0.367410,0.193579,img_410.jpg
61385,1280,720,635.7513,340.31555,1004.0309,1005.3084,-1.180,-0.613,5.468,-0.113671,0.901417,0.364102,0.204831,img_411.jpg
61491,1280,720,635.7513,340.31555,1004.0309,1005.3084,-1.217,-0.615,5.468,-0.119319,0.899916,0.364564,0.207380,img_412.jpg
61609,1280,720,635.7513,340.31555,1004.0309,1005.3084,-1.258,-0.618,5.472,-0.127554,0.897120,0.368121,0.208310,img_413.jpg
61718,1280,720,635.7513,340.31555,1004.0309,1005.3084,-1.303,-0.620,5.472,-0.132668,0.897534,0.365809,0.207403,img_414.jpg
61824,1280,720,635.7513,340.31555,1004.0309,1005.3084,-1.365,-0.622,5.472,-0.128804,0.900114,0.365064,0.199831,img_415.jpg
61941,1280,720,635.7513,340.31555,1004.0309,1005.3084,-1.413,-0.618,5.468,-0.126240,0.904633,0.358460,0.192897,img_416.jpg
62036,1280,720,635.7513,340.31555,1004.0309,1005.3084,-1.462,-0.612,5.460,-0.127662,0.907126,0.356094,0.184453,img_417.jpg
62140,1280,720,635.7513,340.31555,1004.0309,1005.3084,-1.509,-0.605,5.450,-0.130587,0.907442,0.356801,0.179414,img_418.jpg
62232,1280,720,635.7513,340.31555,1004.0309,1005.3084,-1.553,-0.601,5.441,-0.126865,0.907533,0.358399,0.178437,img_419.jpg
62340,1280,720,635.7513,340.31555,1004.0309,1005.3084,-1.593,-0.596,5.435,-0.120427,0.908580,0.356254,0.181833,img_420.jpg
62433,1280,720,635.7513,340.31555,1004.0309,1005.3084,-1.626,-0.595,5.437,-0.114183,0.907535,0.360880,0.181953,img_421.jpg
62541,1280,720,635.7513,340.31555,1004.0309,1005.3084,-1.653,-0.593,5.443,-0.110583,0.909679,0.358849,0.177434,img_422.jpg
62630,1280,720,635.7513,340.31555,1004.0309,1005.3084,-1.678,-0.596,5.454,-0.106771,0.910811,0.359999,0.171536,img_423.jpg
62741,1280,720,635.7513,340.31555,1004.0309,1005.3084,-1.700,-0.598,5.469,-0.096957,0.917043,0.351902,0.160615,img_424.jpg
62836,1280,720,635.7513,340.31555,1004.0309,1005.3084,-1.721,-0.595,5.490,-0.079464,0.926464,0.336784,0.148079,img_425.jpg
62944,1280,720,635.7513,340.31555,1004.0309,1005.3084,-1.742,-0.586,5.515,-0.059728,0.939231,0.310324,0.134082,img_426.jpg
63051,1280,720,635.7513,340.31555,1004.0309,1005.3084,-1.771,-0.575,5.553,-0.033549,0.950466,0.285502,0.118229,img_427.jpg
63175,1280,720,635.7513,340.31555,1004.0309,1005.3084,-1.793,-0.568,5.582,-0.023238,0.953518,0.277137,0.116013,img_428.jpg
63294,1280,720,635.7513,340.31555,1004.0309,1005.3084,-1.814,-0.554,5.607,-0.021795,0.960424,0.253169,0.114085,img_429.jpg
63404,1280,720,635.7513,340.31555,1004.0309,1005.3084,-1.835,-0.543,5.638,-0.015609,0.964322,0.242658,0.104673,img_430.jpg
63513,1280,720,635.7513,340.31555,1004.0309,1005.3084,-1.852,-0.537,5.657,-0.018734,0.968387,0.230969,0.092355,img_431.jpg
63625,1280,720,635.7513,340.31555,1004.0309,1005.3084,-1.876,-0.522,5.681,-0.015939,0.974504,0.211608,0.072877,img_432.jpg
63745,1280,720,635.7513,340.31555,1004.0309,1005.3084,-1.893,-0.503,5.688,-0.010365,0.980570,0.187226,0.057626,img_433.jpg
63844,1280,720,635.7513,340.31555,1004.0309,1005.3084,-1.911,-0.485,5.691,-0.004150,0.984380,0.170685,0.042957,img_434.jpg
63960,1280,720,635.7513,340.31555,1004.0309,1005.3084,-1.935,-0.466,5.693,-0.002547,0.987156,0.157112,0.028860,img_435.jpg
64076,1280,720,635.7513,340.31555,1004.0309,1005.3084,-1.947,-0.453,5.689,0.000083,0.989314,0.145278,0.012313,img_436.jpg
64189,1280,720,635.7513,340.31555,1004.0309,1005.3084,-1.962,-0.437,5.688,0.000733,0.991393,0.130740,-0.006857,img_437.jpg
64294,1280,720,635.7513,340.31555,1004.0309,1005.3084,-1.970,-0.423,5.685,0.004064,0.993221,0.114865,-0.017390,img_438.jpg
64410,1280,720,635.7513,340.31555,1004.0309,1005.3084,-1.980,-0.410,5.679,0.004497,0.994886,0.098427,-0.022226,img_439.jpg
64511,1280,720,635.7513,340.31555,1004.0309,1005.3084,-1.991,-0.400,5.676,-0.000598,0.996145,0.084436,-0.023773,img_440.jpg
64618,1280,720,635.7513,340.31555,1004.0309,1005.3084,-2.000,-0.392,5.673,-0.005395,0.996702,0.077050,-0.024875,img_441.jpg,marker_7.png,0.26379126,0.26379126,-2.000,-0.543,6.401,-0.001268,0.728644,-0.684880,-0.684880
64744,1280,720,635.7513,340.31555,1004.0309,1005.3084,-2.008,-0.381,5.666,-0.007989,0.997388,0.066542,-0.026945,img_442.jpg
64843,1280,720,635.7513,340.31555,1004.0309,1005.3084,-2.016,-0.375,5.662,-0.007713,0.997641,0.061771,-0.028930,img_443.jpg
64953,1280,720,635.7513,340.31555,1004.0309,1005.3084,-2.022,-0.371,5.657,-0.012206,0.997965,0.055769,-0.028407,img_444.jpg
65063,1280,720,635.7513,340.31555,1004.0309,1005.3084,-2.029,-0.365,5.655,-0.010669,0.998288,0.049712,-0.028928,img_445.jpg
65170,1280,720,635.7513,340.31555,1004.0309,1005.3084,-2.031,-0.362,5.655,-0.007839,0.998377,0.049349,-0.027340,img_446.jpg
65270,1280,720,635.7513,340.31555,1004.0309,1005.3084,-2.032,-0.359,5.654,-0.005720,0.998653,0.046474,-0.022360,img_447.jpg,marker_7.png,0.26255375,0.26255375,-2.002,-0.542,6.397,-0.004144,0.728961,-0.684516,-0.684516
65388,1280,720,635.7513,340.31555,1004.0309,1005.3084,-2.029,-0.357,5.658,-0.005878,0.998915,0.043018,-0.016873,img_448.jpg
65495,1280,720,635.7513,340.31555,1004.0309,1005.3084,-2.021,-0.358,5.664,-0.001251,0.998868,0.046628,-0.009326,img_449.jpg
65609,1280,720,635.7513,340.31555,1004.0309,1005.3084,-2.012,-0.359,5.668,-0.002864,0.999154,0.040940,-0.002805,img_450.jpg
65719,1280,720,635.7513,340.31555,1004.0309,1005.3084,-2.004,-0.365,5.675,-0.005737,0.999084,0.042403,-0.000591,img_451.jpg
65837,1280,720,635.7513,340.31555,1004.0309,1005.3084,-1.993,-0.374,5.692,0.002248,0.998945,0.045783,0.002763,img_452.jpg,marker_7.png,0.2609015,0.2609015,-2.000,-0.542,6.395,-0.012373,0.725633,-0.687970,-0.687970
65947,1280,720,635.7513,340.31555,1004.0309,1005.3084,-1.986,-0.382,5.715,0.009695,0.998402,0.055622,0.002440,img_453.jpg
66048,1280,720,635.7513,340.31555,1004.0309,1005.3084,-1.980,-0.387,5.737,0.017899,0.998665,0.048389,-0.002714,img_454.jpg
66155,1280,720,635.7513,340.31555,1004.0309,1005.3084,-1.982,-0.393,5.767,0.012184,0.998828,0.044372,-0.015010,img_455.jpg
66279,1280,720,635.7513,340.31555,1004.0309,1005.3084,-1.980,-0.399,5.788,0.012857,0.998860,0.042170,-0.018330,img_456.jpg
66388,1280,720,635.7513,340.31555,1004.0309,1005.3084,-1.981,-0.401,5.809,0.006474,0.999324,0.029672,-0.020704,img_457.jpg,marker_7.png,0.26140523,0.26140523,-2.001,-0.543,6.399,-0.008755,0.733679,-0.679438,-0.679438
66514,1280,720,635.7513,340.31555,1004.0309,1005.3084,-1.982,-0.400,5.815,0.006578,0.999587,0.018295,-0.021183,img_458.jpg
66625,1280,720,635.7513,340.31555,1004.0309,1005.3084,-1.986,-0.400,5.817,0.006229,0.999704,0.013439,-0.019325,img_459.jpg
66742,1280,720,635.7513,340.31555,1004.0309,1005.3084,-1.990,-0.402,5.815,0.006270,0.999767,0.013865,-0.015314,img_460.jpg
66842,1280,720,635.7513,340.31555,1004.0309,1005.3084,-1.992,-0.402,5.808,0.004247,0.999858,0.010555,-0.012408,img_461.jpg
66950,1280,720,635.7513,340.31555,1004.0309,1005.3084,-1.988,-0.403,5.795,0.013270,0.999729,0.017978,-0.006512,img_462.jpg
67060,1280,720,635.7513,340.31555,1004.0309,1005.3084,-1.990,-0.405,5.780,0.007584,0.999698,0.023347,-0.000979,img_463.jpg
67160,1280,720,635.7513,340.31555,1004.0309,1005.3084,-1.990,-0.410,5.758,-0.002073,0.999466,0.032246,0.004808,img_464.jpg,marker_7.png,0.26548383,0.26548383,-2.002,-0.545,6.406,-0.009507,0.726188,-0.687422,-0.687422
67254,1280,720,635.7513,340.31555,1004.0309,1005.3084,-1.987,-0.415,5.730,0.002576,0.998431,0.052493,0.019337,img_465.jpg
67362,1280,720,635.7513,340.31555,1004.0309,1005.3084,-1.987,-0.422,5.700,-0.006929,0.997009,0.070758,0.030288,img_466.jpg
67459,1280,720,635.7513,340.31555,1004.0309,1005.3084,-1.987,-0.434,5.676,-0.011304,0.993418,0.101568,0.051740,img_467.jpg
67562,1280,720,635.7513,340.31555,1004.0309,1005.3084,-1.988,-0.444,5.650,-0.022308,0.990164,0.119803,0.068734,img_468.jpg
67650,1280,720,635.7513,340.31555,1004.0309,1005.3084,-1.990,-0.456,5.629,-0.031976,0.986550,0.137387,0.082587,img_469.jpg
67761,1280,720,635.7513,340.31555,1004.0309,1005.3084,-1.993,-0.468,5.611,-0.036011,0.982991,0.151348,0.097603,img_470.jpg
67861,1280,720,635.7513,340.31555,1004.0309,1005.3084,-2.001,-0.477,5.597,-0.040041,0.979905,0.159838,0.112407,img_471.jpg
67978,1280,720,635.7513,340.31555,1004.0309,1005.3084,-2.013,-0.490,5.584,-0.052623,0.976642,0.166031,0.125840,img_472.jpg,marker_7.png,0.26177585,0.26177585,-2.001,-0.544,6.399,-0.002131,0.735268,-0.677708,-0.677708
68079,1280,720,635.7513,340.31555,1004.0309,1005.3084,-2.033,-0.509,5.579,-0.057687,0.971209,0.182262,0.142149,img_473.jpg
68211,1280,720,635.7513,340.31555,1004.0309,1005.3084,-2.051,-0.521,5.577,-0.056295,0.967327,0.191470,0.156361,img_474.jpg
68329,1280,720,635.7513,340.31555,1004.0309,1005.3084,-2.088,-0.542,5.580,-0.065974,0.960148,0.210678,0.171401,img_475.jpg
68448,1280,720,635.7513,340.31555,1004.0309,1005.3084,-2.119,-0.556,5.589,-0.067541,0.950541,0.238486,0.187173,img_476.jpg
68557,1280,720,635.7513,340.31555,1004.0309,1005.3084,-2.152,-0.567,5.597,-0.073511,0.942474,0.254774,0.203540,img_477.jpg
68658,1280,720,635.7513,340.31555,1004.0309,1005.3084,-2.196,-0.585,5.608,-0.074211,0.929009,0.286308,0.222401,img_478.jpg
68777,1280,720,635.7513,340.31555,1004.0309,1005.3084,-2.228,-0.597,5.617,-0.077815,0.921559,0.298927,0.235193,img_479.jpg
68875,1280,720,635.7513,340.31555,1004.0309,1005.3084,-2.259,-0.607,5.621,-0.085862,0.914030,0.310711,0.246242,img_480.jpg
68998,1280,720,635.7513,340.31555,1004.0309,1005.3084,-2.294,-0.617,5.623,-0.098611,0.902894,0.325372,0.263042,img_481.jpg
69125,1280,720,635.7513,340.31555,1004.0309,1005.3084,-2.331,-0.626,5.626,-0.109201,0.890080,0.340075,0.283164,img_482.jpg
69245,1280,720,635.7513,340.31555,1004.0309,1005.3084,-2.357,-0.628,5.625,-0.119275,0.881317,0.349629,0.294641,img_483.jpg
69356,1280,720,635.7513,340.31555,1004.0309,1005.3084,-2.393,-0.634,5.633,-0.125542,0.872731,0.353898,0.311988,img_484.jpg
69477,1280,720,635.7513,340.31555,1004.0309,1005.3084,-2.420,-0.640,5.642,-0.128822,0.865994,0.355587,0.327137,img_485.jpg
69589,1280,720,635.7513,340.31555,1004.0309,1005.3084,-2.460,-0.646,5.658,-0.130986,0.857696,0.351482,0.351653,img_486.jpg
69699,1280,720,635.7513,340.31555,1004.0309,1005.3084,-2.490,-0.647,5.670,-0.136100,0.849074,0.350053,0.371502,img_487.jpg
69827,1280,720,635.7513,340.31555,1004.0309,1005.3084,-2.532,-0.644,5.690,0.141735,-0.837242,-0.347649,-0.397589,img_488.jpg
69944,1280,720,635.7513,340.31555,1004.0309,1005.3084,-2.562,-0.637,5.703,0.141150,-0.829994,-0.341128,-0.418113,img_489.jpg
70047,1280,720,635.7513,340.31555,1004.0309,1005.3084,-2.592,-0.624,5.711,0.144153,-0.824934,-0.322638,-0.441145,img_490.jpg
70150,1280,720,635.7513,340.31555,1004.0309,1005.3084,-2.627,-0.601,5.716,0.144318,-0.821363,-0.287860,-0.470821,img_491.jpg
70262,1280,720,635.7513,340.31555,1004.0309,1005.3084,-2.645,-0.585,5.718,0.142847,-0.818284,-0.263549,-0.490457,img_492.jpg
70371,1280,720,635.7513,340.31555,1004.0309,1005.3084,-2.663,-0.566,5.718,0.138392,-0.816236,-0.235667,-0.508987,img_493.jpg
70479,1280,720,635.7513,340.31555,1004.0309,1005.3084,-2.682,-0.540,5.719,0.130429,-0.813196,-0.204639,-0.528983,img_494.jpg
70594,1280,720,635.7513,340.31555,1004.0309,1005.3084,-2.697,-0.522,5.719,0.120369,-0.810076,-0.186671,-0.542625,img_495.jpg
70717,1280,720,635.7513,340.31555,1004.0309,1005.3084,-2.708,-0.505,5.718,0.110559,-0.805344,-0.171996,-0.556431,img_496.jpg
70825,1280,720,635.7513,340.31555,1004.0309,1005.3084,-2.722,-0.487,5.712,0.102077,-0.798449,-0.150463,-0.573952,img_497.jpg
70945,1280,720,635.7513,340.31555,1004.0309,1005.3084,-2.730,-0.476,5.704,0.096032,-0.793679,-0.131193,-0.586208,img_498.jpg
71051,1280,720,635.7513,340.31555,1004.0309,1005.3084,-2.747,-0.463,5.688,0.084260,-0.784610,-0.113796,-0.603604,img_499.jpg
71181,1280,720,635.7513,340.31555,1004.0309,1005.3084,-2.767,-0.455,5.665,0.082910,-0.776909,-0.097460,-0.616473,img_500.jpg
71296,1280,720,635.7513,340.31555,1004.0309,1005.3084,-2.776,-0.448,5.643,0.075944,-0.769410,-0.089815,-0.627833,img_501.jpg
71406,1280,720,635.7513,340.31555,1004.0309,1005.3084,-2.783,-0.443,5.617,0.068919,-0.762324,-0.090279,-0.637152,img_502.jpg
71519,1280,720,635.7513,340.31555,1004.0309,1005.3084,-2.794,-0.438,5.573,0.060982,-0.750271,-0.088664,-0.652315,img_503.jpg
71628,1280,720,635.7513,340.31555,1004.0309,1005.3084,-2.807,-0.435,5.542,0.062886,-0.745354,-0.086898,-0.657983,img_504.jpg
71741,1280,720,635.7513,340.31555,1004.0309,1005.3084,-2.817,-0.430,5.513,0.060389,-0.741172,-0.090626,-0.662423,img_505.jpg
71862,1280,720,635.7513,340.31555,1004.0309,1005.3084,-2.828,-0.421,5.470,0.057868,-0.737991,-0.082581,-0.667234,img_506.jpg
71974,1280,720,635.7513,340.31555,1004.0309,1005.3084,-2.837,-0.412,5.430,0.054910,-0.738775,-0.078560,-0.667102,img_507.jpg
72079,1280,720,635.7513,340.31555,1004.0309,1005.3084,-2.843,-0.408,5.400,0.051402,-0.739515,-0.077546,-0.666679,img_508.jpg
72194,1280,720,635.7513,340.31555,1004.0309,1005.3084,-2.851,-0.406,5.373,0.046230,-0.738881,-0.086094,-0.666712,img_509.jpg
72292,1280,720,635.7513,340.31555,1004.0309,1005.3084,-2.861,-0.404,5.346,0.043196,-0.741786,-0.080744,-0.664356,img_510.jpg
72394,1280,720,635.7513,340.31555,1004.0309,1005.3084,-2.875,-0.400,5.324,0.046122,-0.741621,-0.075640,-0.664944,img_511.jpg,marker_8.jpg,0.26762432,0.26762432,-3.665,-0.511,5.389,-0.503539,-0.523999,0.489683,0.489683
72496,1280,720,635.7513,340.31555,1004.0309,1005.3084,-2.890,-0.398,5.308,0.047461,-0.740035,-0.066885,-0.667549,img_512.jpg
72594,1280,720,635.7513,340.31555,1004.0309,1005.3084,-2.910,-0.397,5.298,0.046775,-0.737027,-0.064995,-0.671103,img_513.jpg
72695,1280,720,635.7513,340.31555,1004.0309,1005.3084,-2.931,-0.395,5.292,0.042415,-0.737600,-0.058268,-0.671381,img_514.jpg
72812,1280,720,635.7513,340.31555,1004.0309,1005.3084,-2.961,-0.394,5.292,0.035992,-0.735009,-0.056940,-0.674703,img_515.jpg
72930,1280,720,635.7513,340.31555,1004.0309,1005.3084,-2.983,-0.394,5.294,0.029394,-0.734403,-0.057861,-0.675604,img_516.jpg
73030,1280,720,635.7513,340.31555,1004.0309,1005.3084,-3.007,-0.394,5.301,0.023634,-0.734644,-0.063158,-0.675093,img_517.jpg,marker_8.jpg,0.2668135,0.2668135,-3.669,-0.512,5.389,-0.499927,-0.529643,0.481453,0.481453
73143,1280,720,635.7513,340.31555,1004.0309,1005.3084,-3.031,-0.396,5.307,0.026520,-0.737043,-0.063682,-0.672317,img_518.jpg
73246,1280,720,635.7513,340.31555,1004.0309,1005.3084,-3.055,-0.398,5.318,0.025981,-0.736985,-0.065329,-0.672242,img_519.jpg
73366,1280,720,635.7513,340.31555,1004.0309,1005.3084,-3.067,-0.399,5.324,0.025834,-0.737114,-0.065274,-0.672112,img_520.jpg
73473,1280,720,635.7513,340.31555,1004.0309,1005.3084,-3.080,-0.404,5.333,0.032018,-0.740650,-0.073014,-0.667144,img_521.jpg
73595,1280,720,635.7513,340.31555,1004.0309,1005.3084,-3.086,-0.408,5.337,0.036890,-0.741080,-0.076317,-0.666044,img_522.jpg
73696,1280,720,635.7513,340.31555,1004.0309,1005.3084,-3.086,-0.411,5.336,0.040216,-0.738138,-0.079240,-0.668772,img_523.jpg,marker_8.jpg,0.26647875,0.26647875,-3.669,-0.513,5.390,-0.501920,-0.523481,0.492259,0.492259
73814,1280,720,635.7513,340.31555,1004.0309,1005.3084,-3.077,-0.411,5.329,0.041420,-0.735320,-0.078642,-0.671866,img_524.jpg
73932,1280,720,635.7513,340.31555,1004.0309,1005.3084,-3.061,-0.410,5.319,0.040003,-0.734154,-0.080149,-0.673048,img_525.jpg
74035,1280,720,635.7513,340.31555,1004.0309,1005.3084,-3.039,-0.407,5.306,0.042328,-0.733547,-0.081905,-0.673357,img_526.jpg
74148,1280,720,635.7513,340.31555,1004.0309,1005.3084,-3.003,-0.399,5.287,0.044073,-0.732597,-0.083706,-0.674056,img_527.jpg
74281,1280,720,635.7513,340.31555,1004.0309,1005.3084,-2.964,-0.391,5.268,0.046356,-0.737040,-0.079539,-0.669550,img_528.jpg,marker_8.jpg,0.26778197,0.26778197,-3.669,-0.513,5.390,-0.500523,-0.526757,0.485464,0.485464
74400,1280,720,635.7513,340.31555,1004.0309,1005.3084,-2.936,-0.387,5.253,0.050555,-0.737974,-0.082572,-0.667847,img_529.jpg
74513,1280,720,635.7513,340.31555,1004.0309,1005.3084,-2.910,-0.384,5.235,0.053614,-0.738370,-0.076086,-0.667942,img_530.jpg
74636,1280,720,635.7513,340.31555,1004.0309,1005.3084,-2.880,-0.382,5.206,0.065247,-0.740877,-0.066663,-0.665132,img_531.jpg
74750,1280,720,635.7513,340.31555,1004.0309,1005.3084,-2.854,-0.379,5.179,0.065674,-0.739207,-0.066231,-0.666988,img_532.jpg
74882,1280,720,635.7513,340.31555,1004.0309,1005.3084,-2.832,-0.371,5.151,0.059632,-0.738510,-0.062410,-0.668695,img_533.jpg
74999,1280,720,635.7513,340.31555,1004.0309,1005.3084,-2.821,-0.366,5.130,0.053951,-0.741276,-0.055975,-0.666683,img_534.jpg
75119,1280,720,635.7513,340.31555,1004.0309,1005.3084,-2.813,-0.364,5.103,0.048563,-0.735478,-0.052979,-0.673726,img_535.jpg
75235,1280,720,635.7513,340.31555,1004.0309,1005.3084,-2.803,-0.364,5.060,0.043684,-0.729012,-0.044992,-0.681622,img_536.jpg,marker_8.jpg,0.26754096,0.26754096,-3.667,-0.513,5.390,-0.505154,-0.522016,0.487294,0.487294
75342,1280,720,635.7513,340.31555,1004.0309,1005.3084,-2.799,-0.367,5.018,0.040726,-0.724002,-0.049317,-0.686826,img_537.jpg
75466,1280,720,635.7513,340.31555,1004.0309,1005.3084,-2.797,-0.368,4.986,0.033948,-0.725928,-0.045980,-0.685392,img_538.jpg
75578,1280,720,635.7513,340.31555,1004.0309,1005.3084,-2.797,-0.371,4.941,0.026235,-0.729999,-0.050500,-0.681075,img_539.jpg
75700,1280,720,635.7513,340.31555,1004.0309,1005.3084,-2.798,-0.372,4.905,0.023488,-0.733804,-0.058775,-0.676407,img_540.jpg
75810,1280,720,635.7513,340.31555,1004.0309,1005.3084,-2.800,-0.370,4.850,0.023299,-0.736303,-0.057566,-0.673796,img_541.jpg
75933,1280,720,635.7513,340.31555,1004.0309,1005.3084,-2.801,-0.364,4.808,0.020117,-0.732352,-0.051408,-0.678685,img_542.jpg
76047,1280,720,635.7513,340.31555,1004.0309,1005.3084,-2.801,-0.360,4.767,0.025605,-0.728322,-0.046567,-0.683171,img_543.jpg
76160,1280,720,635.7513,340.31555,1004.0309,1005.3084,-2.798,-0.354,4.723,0.021097,-0.728894,-0.040637,-0.683094,img_544.jpg
76284,1280,720,635.7513,340.31555,1004.0309,1005.3084,-2.799,-0.352,4.678,0.028610,-0.732740,-0.041644,-0.678631,img_545.jpg
76396,1280,720,635.7513,340.31555,1004.0309,1005.3084,-2.793,-0.348,4.643,0.026039,-0.737476,-0.037863,-0.673808,img_546.jpg
76517,1280,720,635.7513,340.31555,1004.0309,1005.3084,-2.786,-0.342,4.594,0.029323,-0.746982,-0.044279,-0.662719,img_547.jpg
76632,1280,720,635.7513,340.31555,1004.0309,1005.3084,-2.780,-0.334,4.549,0.034518,-0.752133,-0.043297,-0.656681,img_548.jpg
76747,1280,720,635.7513,340.31555,1004.0309,1005.3084,-2.770,-0.329,4.486,0.042253,-0.747728,-0.047259,-0.660972,img_549.jpg
76864,1280,720,635.7513,340.31555,1004.0309,1005.3084,-2.761,-0.328,4.443,0.038313,-0.745672,-0.052707,-0.663120,img_550.jpg
76977,1280,720,635.7513,340.31555,1004.0309,1005.3084,-2.754,-0.328,4.387,0.039511,-0.743178,-0.050574,-0.666009,img_551.jpg
77082,1280,720,635.7513,340.31555,1004.0309,1005.3084,-2.755,-0.328,4.348,0.043985,-0.744442,-0.046815,-0.664590,img_552.jpg
77199,1280,720,635.7513,340.31555,1004.0309,1005.3084,-2.760,-0.327,4.315,0.044073,-0.743394,-0.046040,-0.665810,img_553.jpg
77294,1280,720,635.7513,340.31555,1004.0309,1005.3084,-2.768,-0.329,4.278,0.046904,-0.739342,-0.041174,-0.670431,img_554.jpg
77415,1280,720,635.7513,340.31555,1004.0309,1005.3084,-2.785,-0.333,4.232,0.039770,-0.736350,-0.039506,-0.674274,img_555.jpg
77515,1280,720,635.7513,340.31555,1004.0309,1005.3084,-2.809,-0.339,4.198,0.039093,-0.733909,-0.049711,-0.676298,img_556.jpg
77632,1280,720,635.7513,340.31555,1004.0309,1005.3084,-2.827,-0.344,4.160,0.034295,-0.731675,-0.052340,-0.678775,img_557.jpg
77729,1280,720,635.7513,340.31555,1004.0309,1005.3084,-2.847,-0.347,4.126,0.026315,-0.730116,-0.056172,-0.680502,img_558.jpg
77833,1280,720,635.7513,340.31555,1004.0309,1005.3084,-2.872,-0.348,4.092,0.025129,-0.730455,-0.058082,-0.680022,img_559.jpg
77932,1280,720,635.7513,340.31555,1004.0309,1005.3084,-2.899,-0.347,4.062,0.028190,-0.726871,-0.059771,-0.683587,img_560.jpg
78039,1280,720,635.7513,340.31555,1004.0309,1005.3084,-2.922,-0.343,4.032,0.028885,-0.724083,-0.050738,-0.687238,img_561.jpg
78158,1280,720,635.7513,340.31555,1004.0309,1005.3084,-2.946,-0.340,3.999,0.027699,-0.721176,-0.049141,-0.690452,img_562.jpg
78264,1280,720,635.7513,340.31555,1004.0309,1005.3084,-2.960,-0.340,3.976,0.025000,-0.718680,-0.045747,-0.693384,img_563.jpg
78384,1280,720,635.7513,340.31555,1004.0309,1005.3084,-2.978,-0.341,3.945,0.021653,-0.718097,-0.038013,-0.694566,img_564.jpg,marker_9.jpg,0.26685834,0.26685834,-3.681,-0.429,3.872,-0.497289,-0.533912,0.483925,0.483925
78502,1280,720,635.7513,340.31555,1004.0309,1005.3084,-2.986,-0.341,3.922,0.021637,-0.720467,-0.034607,-0.692287,img_565.jpg
78614,1280,720,635.7513,340.31555,1004.0309,1005.3084,-2.991,-0.339,3.901,0.020960,-0.723251,-0.037268,-0.689260,img_566.jpg
78731,1280,720,635.7513,340.31555,1004.0309,1005.3084,-2.997,-0.336,3.873,0.023525,-0.725201,-0.036998,-0.687141,img_567.jpg
78848,1280,720,635.7513,340.31555,1004.0309,1005.3084,-3.000,-0.333,3.856,0.025058,-0.725827,-0.039814,-0.686267,img_568.jpg
78956,1280,720,635.7513,340.31555,1004.0309,1005.3084,-3.006,-0.334,3.833,0.026676,-0.725408,-0.044241,-0.686378,img_569.jpg
79066,1280,720,635.7513,340.31555,1004.0309,1005.3084,-3.010,-0.334,3.818,0.027922,-0.725958,-0.044125,-0.685754,img_570.jpg
79176,1280,720,635.7513,340.31555,1004.0309,1005.3084,-3.012,-0.334,3.799,0.029719,-0.726758,-0.044120,-0.684831,img_571.jpg,marker_9.jpg,0.26931453,0.26931453,-3.683,-0.431,3.874,-0.499372,-0.528802,0.489761,0.489761
79302,1280,720,635.7513,340.31555,1004.0309,1005.3084,-3.012,-0.333,3.786,0.031949,-0.728242,-0.043905,-0.683166,img_572.jpg
79415,1280,720,635.7513,340.31555,1004.0309,1005.3084,-3.008,-0.330,3.768,0.032828,-0.731578,-0.043875,-0.679553,img_573.jpg
79534,1280,720,635.7513,340.31555,1004.0309,1005.3084,-3.002,-0.328,3.753,0.033312,-0.734813,-0.041243,-0.676194,img_574.jpg
79641,1280,720,635.7513,340.31555,1004.0309,1005.3084,-2.994,-0.326,3.733,0.034635,-0.740843,-0.043621,-0.669365,img_575.jpg,marker_9.jpg,0.2670421,0.2670421,-3.678,-0.431,3.874,-0.501948,-0.527009,0.483648,0.483648
79766,1280,720,635.7513,340.31555,1004.0309,1005.3084,-2.985,-0.325,3.716,0.034933,-0.745357,-0.043232,-0.664345,img_576.jpg
79875,1280,720,635.7513,340.31555,1004.0309,1005.3084,-2.972,-0.324,3.694,0.036202,-0.750592,-0.047500,-0.658062,img_577.jpg
79998,1280,720,635.7513,340.31555,1004.0309,1005.3084,-2.959,-0.321,3.675,0.033550,-0.751526,-0.045837,-0.657254,img_578.jpg
80110,1280,720,635.7513,340.31555,1004.0309,1005.3084,-2.946,-0.320,3.647,0.044064,-0.751244,-0.039291,-0.657379,img_579.jpg
80232,1280,720,635.7513,340.31555,1004.0309,1005.3084,-2.940,-0.322,3.628,0.053582,-0.749113,-0.050246,-0.658358,img_580.jpg
80351,1280,720,635.7513,340.31555,1004.0309,1005.3084,-2.923,-0.323,3.591,0.059349,-0.747400,-0.038288,-0.660609,img_581.jpg
80465,1280,720,635.7513,340.31555,1004.0309,1005.3084,-2.913,-0.319,3.563,0.048610,-0.745641,-0.028203,-0.663974,img_582.jpg
80577,1280,720,635.7513,340.31555,1004.0309,1005.3084,-2.910,-0.314,3.523,0.038747,-0.740124,-0.032624,-0.670560,img_583.jpg
80703,1280,720,635.7513,340.31555,1004.0309,1005.3084,-2.910,-0.310,3.484,0.033133,-0.741584,-0.025062,-0.669572,img_584.jpg
80813,1280,720,635.7513,340.31555,1004.0309,1005.3084,-2.919,-0.306,3.426,0.029362,-0.737264,-0.033520,-0.674133,img_585.jpg,marker_9.jpg,0.26681352,0.26681352,-3.678,-0.431,3.874,-0.502527,-0.526602,0.482311,0.482311
80936,1280,720,635.7513,340.31555,1004.0309,1005.3084,-2.926,-0.303,3.383,0.026003,-0.736806,-0.030013,-0.674937,img_586.jpg
81049,1280,720,635.7513,340.31555,1004.0309,1005.3084,-2.946,-0.306,3.331,0.033150,-0.738601,-0.035657,-0.672383,img_587.jpg
81167,1280,720,635.7513,340.31555,1004.0309,1005.3084,-2.960,-0.309,3.293,0.035306,-0.736159,-0.036475,-0.674902,img_588.jpg
81278,1280,720,635.7513,340.31555,1004.0309,1005.3084,-2.969,-0.312,3.240,0.038188,-0.727471,-0.034327,-0.684214,img_589.jpg
81400,1280,720,635.7513,340.31555,1004.0309,1005.3084,-2.974,-0.312,3.197,0.042754,-0.720634,-0.029315,-0.691375,img_590.jpg
81510,1280,720,635.7513,340.31555,1004.0309,1005.3084,-2.973,-0.309,3.142,0.039850,-0.715609,-0.021649,-0.697027,img_591.jpg
81616,1280,720,635.7513,340.31555,1004.0309,1005.3084,-2.969,-0.308,3.101,0.040691,-0.714564,-0.021220,-0.698063,img_592.jpg
81734,1280,720,635.7513,340.31555,1004.0309,1005.3084,-2.962,-0.306,3.059,0.039903,-0.715336,-0.022227,-0.697287,img_593.jpg
81841,1280,720,635.7513,340.31555,1004.0309,1005.3084,-2.952,-0.300,3.015,0.037639,-0.717486,-0.021418,-0.695226,img_594.jpg
81946,1280,720,635.7513,340.31555,1004.0309,1005.3084,-2.940,-0.290,2.957,0.040679,-0.720029,-0.030753,-0.692068,img_595.jpg
82050,1280,720,635.7513,340.31555,1004.0309,1005.3084,-2.928,-0.283,2.916,0.038278,-0.721736,-0.036157,-0.690163,img_596.jpg
82169,1280,720,635.7513,340.31555,1004.0309,1005.3084,-2.913,-0.278,2.866,0.035802,-0.719126,-0.047040,-0.692361,img_597.jpg
82285,1280,720,635.7513,340.31555,1004.0309,1005.3084,-2.904,-0.274,2.830,0.035328,-0.716017,-0.043501,-0.695829,img_598.jpg
82380,1280,720,635.7513,340.31555,1004.0309,1005.3084,-2.897,-0.271,2.792,0.040320,-0.713062,-0.035348,-0.699047,img_599.jpg
82483,1280,720,635.7513,340.31555,1004.0309,1005.3084,-2.894,-0.271,2.755,0.045100,-0.708623,-0.032829,-0.703379,img_600.jpg
82582,1280,720,635.7513,340.31555,1004.0309,1005.3084,-2.894,-0.271,2.719,0.047643,-0.704540,-0.026357,-0.707572,img_601.jpg
82677,1280,720,635.7513,340.31555,1004.0309,1005.3084,-2.896,-0.270,2.684,0.045412,-0.702316,-0.024217,-0.710003,img_602.jpg
82783,1280,720,635.7513,340.31555,1004.0309,1005.3084,-2.902,-0.272,2.649,0.042485,-0.701519,-0.026155,-0.710902,img_603.jpg
82874,1280,720,635.7513,340.31555,1004.0309,1005.3084,-2.911,-0.276,2.613,0.044166,-0.702442,-0.027234,-0.709847,img_604.jpg
82983,1280,720,635.7513,340.31555,1004.0309,1005.3084,-2.922,-0.279,2.579,0.043446,-0.706708,-0.029457,-0.705556,img_605.jpg
83095,1280,720,635.7513,340.31555,1004.0309,1005.3084,-2.936,-0.278,2.546,0.043903,-0.710415,-0.032327,-0.701668,img_606.jpg
83217,1280,720,635.7513,340.31555,1004.0309,1005.3084,-2.956,-0.276,2.506,0.042704,-0.714218,-0.032690,-0.697854,img_607.jpg
83336,1280,720,635.7513,340.31555,1004.0309,1005.3084,-2.972,-0.274,2.477,0.045395,-0.714640,-0.030571,-0.697348,img_608.jpg
83437,1280,720,635.7513,340.31555,1004.0309,1005.3084,-2.988,-0.269,2.442,0.044944,-0.714267,-0.027621,-0.697882,img_609.jpg
83551,1280,720,635.7513,340.31555,1004.0309,1005.3084,-2.997,-0.267,2.416,0.045849,-0.713653,-0.024480,-0.698569,img_610.jpg
83668,1280,720,635.7513,340.31555,1004.0309,1005.3084,-3.009,-0.267,2.379,0.051025,-0.713322,-0.021710,-0.698639,img_611.jpg
83783,1280,720,635.7513,340.31555,1004.0309,1005.3084,-3.014,-0.262,2.351,0.046940,-0.715051,-0.018910,-0.697238,img_612.jpg
83904,1280,720,635.7513,340.31555,1004.0309,1005.3084,-3.020,-0.253,2.314,0.036497,-0.718762,-0.018648,-0.694047,img_613.jpg
84018,1280,720,635.7513,340.31555,1004.0309,1005.3084,-3.027,-0.245,2.285,0.026809,-0.723382,-0.024094,-0.689507,img_614.jpg
84127,1280,720,635.7513,340.31555,1004.0309,1005.3084,-3.038,-0.239,2.252,0.028111,-0.725858,-0.029623,-0.686631,img_615.jpg
84235,1280,720,635.7513,340.31555,1004.0309,1005.3084,-3.051,-0.233,2.208,0.030742,-0.729270,-0.038807,-0.682433,img_616.jpg
84355,1280,720,635.7513,340.31555,1004.0309,1005.3084,-3.058,-0.231,2.177,0.032062,-0.729629,-0.044720,-0.681626,img_617.jpg
84468,1280,720,635.7513,340.31555,1004.0309,1005.3084,-3.069,-0.230,2.143,0.035593,-0.740621,-0.048175,-0.669248,img_618.jpg,marker_10.jpg,0.27038357,0.27038357,-3.709,-0.345,2.103,-0.496990,-0.521032,0.490941,0.490941
84584,1280,720,635.7513,340.31555,1004.0309,1005.3084,-3.083,-0.233,2.119,0.045481,-0.744368,-0.047776,-0.664504,img_619.jpg
84687,1280,720,635.7513,340.31555,1004.0309,1005.3084,-3.092,-0.233,2.097,0.048955,-0.744359,-0.040857,-0.664729,img_620.jpg
84818,1280,720,635.7513,340.31555,1004.0309,1005.3084,-3.108,-0.236,2.077,0.050134,-0.741800,-0.046058,-0.667156,img_621.jpg
84935,1280,720,635.7513,340.31555,1004.0309,1005.3084,-3.118,-0.236,2.069,0.043662,-0.740041,-0.048456,-0.669391,img_622.jpg
85038,1280,720,635.7513,340.31555,1004.0309,1005.3084,-3.131,-0.235,2.062,0.036135,-0.740616,-0.056157,-0.668602,img_623.jpg,marker_10.jpg,0.26872012,0.26872012,-3.705,-0.343,2.105,-0.496687,-0.522930,0.491172,0.491172
85153,1280,720,635.7513,340.31555,1004.0309,1005.3084,-3.138,-0.233,2.057,0.032791,-0.741292,-0.055397,-0.668089,img_624.jpg
85257,1280,720,635.7513,340.31555,1004.0309,1005.3084,-3.144,-0.231,2.051,0.030600,-0.741265,-0.056874,-0.668098,img_625.jpg
85365,1280,720,635.7513,340.31555,1004.0309,1005.3084,-3.145,-0.229,2.043,0.024564,-0.738236,-0.059580,-0.671457,img_626.jpg
85489,1280,720,635.7513,340.31555,1004.0309,1005.3084,-3.143,-0.227,2.035,0.022169,-0.734986,-0.060115,-0.675048,img_627.jpg
85605,1280,720,635.7513,340.31555,1004.0309,1005.3084,-3.139,-0.225,2.020,0.025773,-0.726981,-0.064859,-0.683102,img_628.jpg,marker_10.jpg,0.26829895,0.26829895,-3.704,-0.343,2.106,-0.496974,-0.522102,0.492720,0.492720
85722,1280,720,635.7513,340.31555,1004.0309,1005.3084,-3.131,-0.221,2.007,0.024915,-0.719805,-0.059683,-0.691157,img_629.jpg
85841,1280,720,635.7513,340.31555,1004.0309,1005.3084,-3.119,-0.218,1.990,0.024872,-0.709199,-0.059083,-0.702088,img_630.jpg
85952,1280,720,635.7513,340.31555,1004.0309,1005.3084,-3.110,-0.217,1.978,0.031301,-0.703301,-0.061420,-0.707542,img_631.jpg
86053,1280,720,635.7513,340.31555,1004.0309,1005.3084,-3.099,-0.217,1.967,0.034518,-0.696050,-0.066529,-0.714071,img_632.jpg
86163,1280,720,635.7513,340.31555,1004.0309,1005.3084,-3.080,-0.216,1.950,0.036846,-0.684328,-0.065891,-0.725256,img_633.jpg
86271,1280,720,635.7513,340.31555,1004.0309,1005.3084,-3.062,-0.215,1.935,0.037332,-0.673920,-0.064174,-0.735065,img_634.jpg
86385,1280,720,635.7513,340.31555,1004.0309,1005.3084,-3.047,-0.214,1.918,0.040220,-0.663095,-0.060145,-0.745031,img_635.jpg
86492,1280,720,635.7513,340.31555,1004.0309,1005.3084,-3.035,-0.214,1.899,0.045004,-0.648763,-0.060789,-0.757223,img_636.jpg
86615,1280,720,635.7513,340.31555,1004.0309,1005.3084,-3.018,-0.214,1.872,0.048375,-0.628699,-0.059803,-0.773835,img_637.jpg,marker_10.jpg,0.26712707,0.26712707,-3.696,-0.341,2.105,-0.508401,-0.512410,0.475867,0.475867
86738,1280,720,635.7513,340.31555,1004.0309,1005.3084,-3.003,-0.216,1.845,0.049732,-0.608580,-0.058884,-0.789740,img_638.jpg
86852,1280,720,635.7513,340.31555,1004.0309,1005.3084,-2.993,-0.216,1.825,0.051415,-0.593617,-0.056523,-0.801112,img_639.jpg
86954,1280,720,635.7513,340.31555,1004.0309,1005.3084,-2.987,-0.217,1.807,0.051961,-0.578463,-0.055504,-0.812157,img_640.jpg
87057,1280,720,635.7513,340.31555,1004.0309,1005.3084,-2.985,-0.218,1.788,0.054078,-0.561984,-0.054861,-0.823553,img_641.jpg
87153,1280,720,635.7513,340.31555,1004.0309,1005.3084,-2.985,-0.215,1.773,0.051136,-0.546803,-0.055055,-0.833883,img_642.jpg
87257,1280,720,635.7513,340.31555,1004.0309,1005.3084,-2.985,-0.213,1.756,0.050465,-0.532652,-0.051235,-0.843274,img_643.jpg
87353,1280,720,635.7513,340.31555,1004.0309,1005.3084,-2.985,-0.210,1.741,0.049724,-0.517584,-0.049774,-0.852735,img_644.jpg
87451,1280,720,635.7513,340.31555,1004.0309,1005.3084,-2.985,-0.209,1.724,0.049999,-0.500332,-0.046369,-0.863144,img_645.jpg
87548,1280,720,635.7513,340.31555,1004.0309,1005.3084,-2.984,-0.209,1.705,0.049098,-0.481909,-0.043618,-0.873757,img_646.jpg
87653,1280,720,635.7513,340.31555,1004.0309,1005.3084,-2.982,-0.209,1.689,0.045536,-0.460337,-0.042081,-0.885576,img_647.jpg
87752,1280,720,635.7513,340.31555,1004.0309,1005.3084,-2.978,-0.209,1.669,0.045437,-0.440549,-0.037746,-0.895783,img_648.jpg
87853,1280,720,635.7513,340.31555,1004.0309,1005.3084,-2.969,-0.207,1.646,0.040174,-0.408843,-0.035806,-0.911017,img_649.jpg
87969,1280,720,635.7513,340.31555,1004.0309,1005.3084,-2.960,-0.206,1.629,0.035642,-0.384078,-0.033884,-0.921990,img_650.jpg
88087,1280,720,635.7513,340.31555,1004.0309,1005.3084,-2.951,-0.204,1.615,0.033660,-0.360657,-0.033447,-0.931491,img_651.jpg
88205,1280,720,635.7513,340.31555,1004.0309,1005.3084,-2.941,-0.203,1.600,0.033889,-0.333119,-0.031240,-0.941758,img_652.jpg
88319,1280,720,635.7513,340.31555,1004.0309,1005.3084,-2.934,-0.203,1.588,0.036396,-0.314453,-0.028627,-0.948143,img_653.jpg
88424,1280,720,635.7513,340.31555,1004.0309,1005.3084,-2.925,-0.203,1.579,0.037781,-0.294665,-0.025082,-0.954524,img_654.jpg
88533,1280,720,635.7513,340.31555,1004.0309,1005.3084,-2.915,-0.203,1.570,0.034761,-0.264686,-0.027521,-0.963315,img_655.jpg
88648,1280,720,635.7513,340.31555,1004.0309,1005.3084,-2.905,-0.203,1.564,0.032779,-0.244987,-0.026149,-0.968619,img_656.jpg
88752,1280,720,635.7513,340.31555,1004.0309,1005.3084,-2.891,-0.204,1.556,0.032234,-0.227040,-0.025250,-0.973024,img_657.jpg
88857,1280,720,635.7513,340.31555,1004.0309,1005.3084,-2.876,-0.206,1.550,0.035846,-0.211778,-0.026168,-0.976310,img_658.jpg
88959,1280,720,635.7513,340.31555,1004.0309,1005.3084,-2.861,-0.206,1.542,0.036437,-0.200037,-0.026652,-0.978748,img_659.jpg
89069,1280,720,635.7513,340.31555,1004.0309,1005.3084,-2.835,-0.206,1.523,0.045431,-0.181740,-0.030500,-0.981823,img_660.jpg
89189,1280,720,635.7513,340.31555,1004.0309,1005.3084,-2.812,-0.204,1.516,0.040440,-0.168314,-0.029012,-0.984476,img_661.jpg
89297,1280,720,635.7513,340.31555,1004.0309,1005.3084,-2.779,-0.202,1.505,0.035553,-0.154248,-0.019486,-0.987200,img_662.jpg
89422,1280,720,635.7513,340.31555,1004.0309,1005.3084,-2.757,-0.201,1.495,0.034964,-0.137556,-0.021631,-0.989640,img_663.jpg
89522,1280,720,635.7513,340.31555,1004.0309,1005.3084,-2.736,-0.201,1.481,0.033064,-0.126130,-0.021257,-0.991235,img_664.jpg
89630,1280,720,635.7513,340.31555,1004.0309,1005.3084,-2.709,-0.203,1.462,0.036508,-0.117839,-0.017673,-0.992204,img_665.jpg
89737,1280,720,635.7513,340.31555,1004.0309,1005.3084,-2.689,-0.203,1.452,0.036103,-0.111690,-0.014521,-0.992981,img_666.jpg
89854,1280,720,635.7513,340.31555,1004.0309,1005.3084,-2.672,-0.204,1.443,0.040743,-0.107032,-0.014580,-0.993313,img_667.jpg
89953,1280,720,635.7513,340.31555,1004.0309,1005.3084,-2.658,-0.204,1.437,0.040462,-0.102913,-0.006344,-0.993847,img_668.jpg
90076,1280,720,635.7513,340.31555,1004.0309,1005.3084,-2.636,-0.203,1.424,0.039305,-0.095434,0.005425,-0.994645,img_669.jpg
90207,1280,720,635.7513,340.31555,1004.0309,1005.3084,-2.624,-0.201,1.411,0.035692,-0.086244,0.005924,-0.995617,img_670.jpg
90341,1280,720,635.7513,340.31555,1004.0309,1005.3084,-2.618,-0.203,1.394,0.035061,-0.075292,0.008010,-0.996513,img_671.jpg,marker_11.jpg,0.25898233,0.25898233,-2.662,-0.313,0.626,-0.706962,-0.018478,0.021314,0.021314
90449,1280,720,635.7513,340.31555,1004.0309,1005.3084,-2.616,-0.204,1.377,0.037209,-0.072712,0.007856,-0.996628,img_672.jpg
90557,1280,720,635.7513,340.31555,1004.0309,1005.3084,-2.616,-0.204,1.363,0.039459,-0.069538,0.001728,-0.996797,img_673.jpg
90666,1280,720,635.7513,340.31555,1004.0309,1005.3084,-2.614,-0.203,1.346,0.036826,-0.067892,0.004648,-0.997002,img_674.jpg
90790,1280,720,635.7513,340.31555,1004.0309,1005.3084,-2.613,-0.201,1.334,0.036451,-0.067162,0.000711,-0.997076,img_675.jpg
90896,1280,720,635.7513,340.31555,1004.0309,1005.3084,-2.609,-0.199,1.323,0.031440,-0.066225,0.003741,-0.997302,img_676.jpg
91024,1280,720,635.7513,340.31555,1004.0309,1005.3084,-2.605,-0.198,1.315,0.032731,-0.066152,0.005125,-0.997259,img_677.jpg
91141,1280,720,635.7513,340.31555,1004.0309,1005.3084,-2.601,-0.196,1.308,0.030955,-0.065358,0.007492,-0.997353,img_678.jpg,marker_11.jpg,0.25836602,0.25836602,-2.663,-0.314,0.624,-0.699648,-0.032515,0.035620,0.035620
91250,1280,720,635.7513,340.31555,1004.0309,1005.3084,-2.597,-0.195,1.304,0.031106,-0.063546,0.011682,-0.997426,img_679.jpg
91351,1280,720,635.7513,340.31555,1004.0309,1005.3084,-2.595,-0.195,1.302,0.030823,-0.062271,0.011933,-0.997512,img_680.jpg
91470,1280,720,635.7513,340.31555,1004.0309,1005.3084,-2.593,-0.195,1.301,0.030606,-0.060832,0.012006,-0.997606,img_681.jpg
91591,1280,720,635.7513,340.31555,1004.0309,1005.3084,-2.591,-0.197,1.300,0.034028,-0.057262,0.009014,-0.997738,img_682.jpg
91701,1280,720,635.7513,340.31555,1004.0309,1005.3084,-2.589,-0.201,1.304,0.043700,-0.051816,0.005555,-0.997685,img_683.jpg,marker_11.jpg,0.2577833,0.2577833,-2.663,-0.314,0.623,-0.696484,-0.028043,0.034352,0.034352
91828,1280,720,635.7513,340.31555,1004.0309,1005.3084,-2.588,-0.203,1.312,0.048086,-0.051089,0.003344,-0.997530,img_684.jpg
91930,1280,720,635.7513,340.31555,1004.0309,1005.3084,-2.585,-0.202,1.322,0.051966,-0.047483,0.004220,-0.997510,img_685.jpg
92033,1280,720,635.7513,340.31555,1004.0309,1005.3084,-2.581,-0.198,1.330,0.050746,-0.046054,0.005818,-0.997632,img_686.jpg
92138,1280,720,635.7513,340.31555,1004.0309,1005.3084,-2.576,-0.195,1.334,0.050429,-0.038098,0.002239,-0.997998,img_687.jpg,marker_11.jpg,0.25973684,0.25973684,-2.662,-0.314,0.623,-0.702198,-0.027166,0.034006,0.034006
92234,1280,720,635.7513,340.31555,1004.0309,1005.3084,-2.567,-0.193,1.336,0.048219,-0.035917,0.003701,-0.998184,img_688.jpg
92337,1280,720,635.7513,340.31555,1004.0309,1005.3084,-2.557,-0.191,1.339,0.051151,-0.031368,-0.003675,-0.998192,img_689.jpg
92437,1280,720,635.7513,340.31555,1004.0309,1005.3084,-2.541,-0.186,1.347,0.043417,-0.023994,-0.006775,-0.998746,img_690.jpg
92538,1280,720,635.7513,340.31555,1004.0309,1005.3084,-2.517,-0.180,1.358,0.037026,-0.019343,-0.001057,-0.999127,img_691.jpg
92637,1280,720,635.7513,340.31555,1004.0309,1005.3084,-2.492,-0.177,1.371,0.039146,-0.019902,-0.000718,-0.999035,img_692.jpg
92732,1280,720,635.7513,340.31555,1004.0309,1005.3084,-2.462,-0.175,1.385,0.041214,-0.022047,-0.002885,-0.998903,img_693.jpg
92839,1280,720,635.7513,340.31555,1004.0309,1005.3084,-2.424,-0.179,1.399,0.047812,-0.024921,-0.009168,-0.998503,img_694.jpg
92933,1280,720,635.7513,340.31555,1004.0309,1005.3084,-2.378,-0.185,1.418,0.052952,-0.025376,-0.014318,-0.998172,img_695.jpg
93041,1280,720,635.7513,340.31555,1004.0309,1005.3084,-2.329,-0.188,1.442,0.044154,-0.029793,-0.008408,-0.998545,img_696.jpg
93155,1280,720,635.7513,340.31555,1004.0309,1005.3084,-2.283,-0.188,1.464,0.040979,-0.026164,-0.002765,-0.998814,img_697.jpg
93260,1280,720,635.7513,340.31555,1004.0309,1005.3084,-2.227,-0.187,1.490,0.037805,-0.018468,-0.003655,-0.999108,img_698.jpg
93372,1280,720,635.7513,340.31555,1004.0309,1005.3084,-2.185,-0.187,1.506,0.034582,-0.009167,-0.005854,-0.999343,img_699.jpg
93489,1280,720,635.7513,340.31555,1004.0309,1005.3084,-2.141,-0.191,1.511,0.041187,0.000205,-0.003219,-0.999146,img_700.jpg,marker_11.jpg,0.26107308,0.26107308,-2.663,-0.315,0.619,-0.701367,-0.036807,0.045346,0.045346
93599,1280,720,635.7513,340.31555,1004.0309,1005.3084,-2.082,-0.197,1.518,0.042369,0.005829,0.003458,-0.999079,img_701.jpg
93722,1280,720,635.7513,340.31555,1004.0309,1005.3084,-2.037,-0.201,1.519,0.043212,0.006249,0.005560,-0.999031,img_702.jpg
93831,1280,720,635.7513,340.31555,1004.0309,1005.3084,-1.983,-0.206,1.518,0.038061,0.001824,-0.001991,-0.999272,img_703.jpg
93939,1280,720,635.7513,340.31555,1004.0309,1005.3084,-1.940,-0.210,1.515,0.034502,-0.004168,-0.002933,-0.999392,img_704.jpg
94056,1280,720,635.7513,340.31555,1004.0309,1005.3084,-1.884,-0.210,1.516,0.034310,-0.007236,-0.010752,-0.999327,img_705.jpg
94172,1280,720,635.7513,340.31555,1004.0309,1005.3084,-1.839,-0.207,1.519,0.029439,-0.002679,-0.006624,-0.999541,img_706.jpg
94289,1280,720,635.7513,340.31555,1004.0309,1005.3084,-1.799,-0.205,1.520,0.031453,0.001600,-0.010463,-0.999449,img_707.jpg
94391,1280,720,635.7513,340.31555,1004.0309,1005.3084,-1.760,-0.203,1.525,0.032549,0.003493,-0.010704,-0.999407,img_708.jpg
94506,1280,720,635.7513,340.31555,1004.0309,1005.3084,-1.701,-0.201,1.537,0.031424,0.003848,-0.004564,-0.999488,img_709.jpg
94627,1280,720,635.7513,340.31555,1004.0309,1005.3084,-1.658,-0.199,1.552,0.030161,0.003683,-0.009909,-0.999489,img_710.jpg
94730,1280,720,635.7513,340.31555,1004.0309,1005.3084,-1.611,-0.201,1.566,0.033553,0.012488,-0.020408,-0.999151,img_711.jpg
94843,1280,720,635.7513,340.31555,1004.0309,1005.3084,-1.553,-0.203,1.589,0.038169,0.008580,-0.030724,-0.998762,img_712.jpg
94947,1280,720,635.7513,340.31555,1004.0309,1005.3084,-1.507,-0.207,1.598,0.071223,0.008493,-0.026816,-0.997064,img_713.jpg
95076,1280,720,635.7513,340.31555,1004.0309,1005.3084,-1.453,-0.212,1.624,0.080187,-0.005410,-0.031423,-0.996270,img_714.jpg
95186,1280,720,635.7513,340.31555,1004.0309,1005.3084,-1.404,-0.212,1.647,0.083271,-0.010342,-0.032314,-0.995949,img_715.jpg
95310,1280,720,635.7513,340.31555,1004.0309,1005.3084,-1.369,-0.213,1.660,0.079444,-0.017232,-0.022745,-0.996431,img_716.jpg
95426,1280,720,635.7513,340.31555,1004.0309,1005.3084,-1.339,-0.216,1.670,0.079391,-0.022786,-0.022099,-0.996338,img_717.jpg
95535,1280,720,635.7513,340.31555,1004.0309,1005.3084,-1.305,-0.220,1.675,0.076191,-0.035020,-0.021938,-0.996237,img_718.jpg
95657,1280,720,635.7513,340.31555,1004.0309,1005.3084,-1.275,-0.223,1.678,0.068894,-0.056418,-0.025542,-0.995700,img_719.jpg
95758,1280,720,635.7513,340.31555,1004.0309,1005.3084,-1.253,-0.227,1.679,0.067886,-0.072886,-0.031707,-0.994522,img_720.jpg
95894,1280,720,635.7513,340.31555,1004.0309,1005.3084,-1.218,-0.234,1.681,0.065264,-0.100678,-0.036141,-0.992118,img_721.jpg
96009,1280,720,635.7513,340.31555,1004.0309,1005.3084,-1.193,-0.237,1.679,0.068118,-0.115739,-0.040438,-0.990116,img_722.jpg
96125,1280,720,635.7513,340.31555,1004.0309,1005.3084,-1.164,-0.237,1.682,0.061241,-0.124407,-0.035366,-0.989708,img_723.jpg
96230,1280,720,635.7513,340.31555,1004.0309,1005.3084,-1.120,-0.233,1.694,0.053231,-0.126608,-0.027317,-0.990147,img_724.jpg
96340,1280,720,635.7513,340.31555,1004.0309,1005.3084,-1.084,-0.230,1.707,0.047379,-0.128243,-0.019134,-0.990426,img_725.jpg
96465,1280,720,635.7513,340.31555,1004.0309,1005.3084,-1.045,-0.228,1.721,0.047577,-0.128183,-0.018045,-0.990444,img_726.jpg
96564,1280,720,635.7513,340.31555,1004.0309,1005.3084,-0.992,-0.225,1.744,0.044345,-0.132474,-0.019316,-0.990006,img_727.jpg
96689,1280,720,635.7513,340.31555,1004.0309,1005.3084,-0.938,-0.222,1.757,0.050467,-0.133483,-0.023018,-0.989498,img_728.jpg
96793,1280,720,635.7513,340.31555,1004.0309,1005.3084,-0.897,-0.218,1.769,0.048281,-0.129743,-0.024351,-0.990072,img_729.jpg
96919,1280,720,635.7513,340.31555,1004.0309,1005.3084,-0.858,-0.215,1.780,0.048435,-0.123880,-0.026999,-0.990747,img_730.jpg
97026,1280,720,635.7513,340.31555,1004.0309,1005.3084,-0.812,-0.212,1.795,0.047671,-0.116612,-0.029436,-0.991596,img_731.jpg
97139,1280,720,635.7513,340.31555,1004.0309,1005.3084,-0.781,-0.211,1.801,0.048257,-0.111737,-0.025158,-0.992247,img_732.jpg
97232,1280,720,635.7513,340.31555,1004.0309,1005.3084,-0.757,-0.209,1.804,0.045922,-0.106650,-0.022824,-0.992973,img_733.jpg
97339,1280,720,635.7513,340.31555,1004.0309,1005.3084,-0.737,-0.207,1.807,0.044728,-0.101854,-0.017027,-0.993647,img_734.jpg
97431,1280,720,635.7513,340.31555,1004.0309,1005.3084,-0.721,-0.206,1.810,0.045865,-0.100474,-0.017383,-0.993730,img_735.jpg
97540,1280,720,635.7513,340.31555,1004.0309,1005.3084,-0.708,-0.207,1.812,0.047369,-0.100003,-0.015300,-0.993741,img_736.jpg
97631,1280,720,635.7513,340.31555,1004.0309,1005.3084,-0.694,-0.207,1.814,0.046806,-0.095954,-0.008222,-0.994251,img_737.jpg,marker_12.jpg,0.26432788,0.26432788,-0.755,-0.335,0.981,-0.720721,-0.013887,-0.015439,-0.015439
97740,1280,720,635.7513,340.31555,1004.0309,1005.3084,-0.681,-0.207,1.817,0.043784,-0.082885,0.000214,-0.995597,img_738.jpg
97832,1280,720,635.7513,340.31555,1004.0309,1005.3084,-0.672,-0.205,1.814,0.038650,-0.071228,0.007440,-0.996683,img_739.jpg
97943,1280,720,635.7513,340.31555,1004.0309,1005.3084,-0.669,-0.205,1.811,0.042494,-0.056866,0.004833,-0.997465,img_740.jpg
98035,1280,720,635.7513,340.31555,1004.0309,1005.3084,-0.668,-0.207,1.806,0.043263,-0.049713,0.000918,-0.997826,img_741.jpg
98141,1280,720,635.7513,340.31555,1004.0309,1005.3084,-0.665,-0.207,1.801,0.049268,-0.040353,-0.002586,-0.997967,img_742.jpg,marker_12.jpg,0.26583868,0.26583868,-0.755,-0.335,0.979,-0.716914,-0.031817,0.003631,0.003631
98243,1280,720,635.7513,340.31555,1004.0309,1005.3084,-0.661,-0.207,1.798,0.047966,-0.033522,-0.004977,-0.998274,img_743.jpg
98342,1280,720,635.7513,340.31555,1004.0309,1005.3084,-0.656,-0.206,1.794,0.045178,-0.031615,-0.003583,-0.998472,img_744.jpg
98457,1280,720,635.7513,340.31555,1004.0309,1005.3084,-0.655,-0.207,1.789,0.047853,-0.030772,-0.005245,-0.998367,img_745.jpg
98578,1280,720,635.7513,340.31555,1004.0309,1005.3084,-0.656,-0.207,1.786,0.047742,-0.032990,-0.005545,-0.998299,img_746.jpg
98693,1280,720,635.7513,340.31555,1004.0309,1005.3084,-0.657,-0.207,1.783,0.046450,-0.035171,-0.007411,-0.998274,img_747.jpg
98805,1280,720,635.7513,340.31555,1004.0309,1005.3084,-0.658,-0.206,1.780,0.046485,-0.035690,-0.009703,-0.998234,img_748.jpg,marker_12.jpg,0.26548243,0.26548243,-0.755,-0.336,0.974,-0.716516,-0.038546,0.010758,0.010758
98924,1280,720,635.7513,340.31555,1004.0309,1005.3084,-0.656,-0.207,1.779,0.045749,-0.036441,-0.010370,-0.998234,img_749.jpg
99042,1280,720,635.7513,340.31555,1004.0309,1005.3084,-0.656,-0.207,1.778,0.045829,-0.037215,-0.012363,-0.998179,img_750.jpg
