time,sizeX,sizeY,p_x,p_y,f_x,f_y,pos_X,pos_Y,pos_Z,q_x,q_y,q_z,q_w,marker_ID,marker_x,marker_y,marker_z,marker_qx,marker_qy,marker_qz,marker_qw,marker_ID,marker_x,marker_y,marker_z,marker_qx,marker_qy,marker_qz,marker_qw,marker_ID,marker_x,marker_y,marker_z,marker_qx,marker_qy,marker_qz,marker_qw,
13845,1280,720,636.0204,341.0984,1003.9038,1005.69714,0.486,-0.052,1.106,0.102056,-0.002555,-0.001057,-0.994775,img_1.jpg
13955,1280,720,636.0204,341.0984,1003.9038,1005.69714,0.486,-0.049,1.106,0.101488,-0.002064,0.001535,-0.994833,img_2.jpg
14064,1280,720,636.0204,341.0984,1003.9038,1005.69714,0.488,-0.049,1.104,0.099420,0.000705,-0.002110,-0.995043,img_3.jpg,marker_1.jpg,0.26418924,0.26418924,0.475,-0.151,0.463,-0.706504,-0.006371,0.001913,0.001913
14175,1280,720,636.0204,341.0984,1003.9038,1005.69714,0.489,-0.050,1.100,0.101369,0.010651,-0.011169,-0.994729,img_4.jpg
14276,1280,720,636.0204,341.0984,1003.9038,1005.69714,0.491,-0.053,1.096,0.104575,0.009165,-0.016647,-0.994336,img_5.jpg
14377,1280,720,636.0204,341.0984,1003.9038,1005.69714,0.496,-0.053,1.094,0.092494,0.009720,-0.013162,-0.995579,img_6.jpg
14492,1280,720,636.0204,341.0984,1003.9038,1005.69714,0.504,-0.050,1.095,0.082912,-0.004219,-0.009073,-0.996507,img_7.jpg
14608,1280,720,636.0204,341.0984,1003.9038,1005.69714,0.511,-0.048,1.101,0.074806,-0.010813,-0.006070,-0.997121,img_8.jpg
14704,1280,720,636.0204,341.0984,1003.9038,1005.69714,0.522,-0.045,1.113,0.067215,-0.017294,-0.004346,-0.997579,img_9.jpg,marker_1.jpg,0.26393944,0.26393944,0.474,-0.151,0.464,-0.712613,-0.004171,-0.000690,-0.000690
14825,1280,720,636.0204,341.0984,1003.9038,1005.69714,0.541,-0.042,1.136,0.059289,-0.019726,-0.006082,-0.998027,img_10.jpg
14930,1280,720,636.0204,341.0984,1003.9038,1005.69714,0.560,-0.040,1.158,0.054681,-0.024590,-0.001473,-0.998200,img_11.jpg
15042,1280,720,636.0204,341.0984,1003.9038,1005.69714,0.580,-0.039,1.181,0.051422,-0.026253,-0.003726,-0.998325,img_12.jpg
15160,1280,720,636.0204,341.0984,1003.9038,1005.69714,0.599,-0.038,1.202,0.053341,-0.028176,-0.010291,-0.998126,img_13.jpg
15254,1280,720,636.0204,341.0984,1003.9038,1005.69714,0.620,-0.039,1.220,0.052903,-0.037098,-0.011965,-0.997839,img_14.jpg,marker_1.jpg,0.26450628,0.26450628,0.474,-0.150,0.465,-0.708548,-0.003766,0.003303,0.003303
15376,1280,720,636.0204,341.0984,1003.9038,1005.69714,0.649,-0.042,1.244,0.058491,-0.034283,-0.015731,-0.997575,img_15.jpg
15476,1280,720,636.0204,341.0984,1003.9038,1005.69714,0.674,-0.041,1.264,0.052217,-0.028498,-0.017721,-0.998072,img_16.jpg
15581,1280,720,636.0204,341.0984,1003.9038,1005.69714,0.699,-0.038,1.286,0.045384,-0.031148,-0.016768,-0.998343,img_17.jpg
15685,1280,720,636.0204,341.0984,1003.9038,1005.69714,0.720,-0.038,1.305,0.039304,-0.030443,-0.017371,-0.998612,img_18.jpg
15790,1280,720,636.0204,341.0984,1003.9038,1005.69714,0.741,-0.039,1.323,0.037248,-0.025138,-0.016066,-0.998861,img_19.jpg,marker_1.jpg,0.26539966,0.26539966,0.474,-0.151,0.465,-0.715478,0.004145,-0.006733,-0.006733
15910,1280,720,636.0204,341.0984,1003.9038,1005.69714,0.774,-0.041,1.342,0.041602,-0.021447,-0.013354,-0.998815,img_20.jpg
16016,1280,720,636.0204,341.0984,1003.9038,1005.69714,0.804,-0.042,1.357,0.040689,-0.021051,-0.011592,-0.998883,img_21.jpg
16127,1280,720,636.0204,341.0984,1003.9038,1005.69714,0.854,-0.041,1.377,0.052579,-0.036191,0.005746,-0.997944,img_22.jpg
16244,1280,720,636.0204,341.0984,1003.9038,1005.69714,0.898,-0.037,1.396,0.043968,-0.025781,0.005017,-0.998688,img_23.jpg
16361,1280,720,636.0204,341.0984,1003.9038,1005.69714,0.958,-0.035,1.424,0.032880,-0.006841,-0.012803,-0.999354,img_24.jpg
16476,1280,720,636.0204,341.0984,1003.9038,1005.69714,1.005,-0.035,1.440,0.037816,-0.009738,-0.011204,-0.999175,img_25.jpg
16577,1280,720,636.0204,341.0984,1003.9038,1005.69714,1.049,-0.035,1.457,0.043272,-0.025485,-0.005497,-0.998723,img_26.jpg
16674,1280,720,636.0204,341.0984,1003.9038,1005.69714,1.084,-0.034,1.471,0.046650,-0.034284,-0.009927,-0.998273,img_27.jpg
16794,1280,720,636.0204,341.0984,1003.9038,1005.69714,1.119,-0.034,1.487,0.045956,-0.041651,-0.012197,-0.998000,img_28.jpg
16885,1280,720,636.0204,341.0984,1003.9038,1005.69714,1.147,-0.034,1.500,0.043073,-0.035401,-0.017390,-0.998293,img_29.jpg
16982,1280,720,636.0204,341.0984,1003.9038,1005.69714,1.177,-0.035,1.515,0.040369,-0.029461,-0.013670,-0.998657,img_30.jpg
17084,1280,720,636.0204,341.0984,1003.9038,1005.69714,1.208,-0.038,1.524,0.039778,-0.019423,-0.009536,-0.998974,img_31.jpg
17194,1280,720,636.0204,341.0984,1003.9038,1005.69714,1.255,-0.042,1.530,0.039178,-0.027790,0.013670,-0.998752,img_32.jpg
17311,1280,720,636.0204,341.0984,1003.9038,1005.69714,1.291,-0.044,1.531,0.035717,-0.010167,0.012090,-0.999237,img_33.jpg
17417,1280,720,636.0204,341.0984,1003.9038,1005.69714,1.333,-0.044,1.531,0.034310,-0.006033,0.019564,-0.999202,img_34.jpg
17525,1280,720,636.0204,341.0984,1003.9038,1005.69714,1.383,-0.040,1.525,0.034519,-0.002829,0.012577,-0.999321,img_35.jpg
17643,1280,720,636.0204,341.0984,1003.9038,1005.69714,1.418,-0.036,1.520,0.039607,-0.009401,0.013840,-0.999075,img_36.jpg
17748,1280,720,636.0204,341.0984,1003.9038,1005.69714,1.452,-0.035,1.515,0.055795,0.000106,0.013088,-0.998356,img_37.jpg
17848,1280,720,636.0204,341.0984,1003.9038,1005.69714,1.490,-0.036,1.515,0.058298,0.005870,0.018029,-0.998119,img_38.jpg
17954,1280,720,636.0204,341.0984,1003.9038,1005.69714,1.532,-0.037,1.515,0.061575,0.010753,0.026747,-0.997686,img_39.jpg
18056,1280,720,636.0204,341.0984,1003.9038,1005.69714,1.575,-0.037,1.520,0.056518,0.009419,0.028776,-0.997942,img_40.jpg
18164,1280,720,636.0204,341.0984,1003.9038,1005.69714,1.634,-0.039,1.529,0.061022,-0.001295,0.027005,-0.997770,img_41.jpg
18277,1280,720,636.0204,341.0984,1003.9038,1005.69714,1.677,-0.039,1.542,0.064384,-0.011065,0.017317,-0.997714,img_42.jpg
18383,1280,720,636.0204,341.0984,1003.9038,1005.69714,1.724,-0.037,1.558,0.065514,-0.016886,0.015376,-0.997590,img_43.jpg
18483,1280,720,636.0204,341.0984,1003.9038,1005.69714,1.767,-0.034,1.571,0.063519,-0.016476,0.010300,-0.997791,img_44.jpg
18597,1280,720,636.0204,341.0984,1003.9038,1005.69714,1.817,-0.032,1.583,0.065874,-0.011409,0.007399,-0.997735,img_45.jpg
18711,1280,720,636.0204,341.0984,1003.9038,1005.69714,1.851,-0.032,1.587,0.065476,-0.002925,0.008948,-0.997810,img_46.jpg
18814,1280,720,636.0204,341.0984,1003.9038,1005.69714,1.883,-0.033,1.586,0.065778,0.004341,0.019746,-0.997629,img_47.jpg
18914,1280,720,636.0204,341.0984,1003.9038,1005.69714,1.914,-0.035,1.578,0.064988,0.017462,0.024437,-0.997434,img_48.jpg
19020,1280,720,636.0204,341.0984,1003.9038,1005.69714,1.945,-0.039,1.564,0.069241,0.032567,0.027868,-0.996679,img_49.jpg
19118,1280,720,636.0204,341.0984,1003.9038,1005.69714,1.975,-0.044,1.545,0.075214,0.051927,0.025461,-0.995489,img_50.jpg
19217,1280,720,636.0204,341.0984,1003.9038,1005.69714,2.004,-0.048,1.525,0.076751,0.069858,0.021985,-0.994357,img_51.jpg
19315,1280,720,636.0204,341.0984,1003.9038,1005.69714,2.031,-0.046,1.502,0.076482,0.088055,0.011967,-0.993103,img_52.jpg
19421,1280,720,636.0204,341.0984,1003.9038,1005.69714,2.058,-0.042,1.482,0.072763,0.102192,0.007930,-0.992068,img_53.jpg
19528,1280,720,636.0204,341.0984,1003.9038,1005.69714,2.094,-0.039,1.457,0.069710,0.128124,0.012731,-0.989223,img_54.jpg
19645,1280,720,636.0204,341.0984,1003.9038,1005.69714,2.121,-0.041,1.441,0.069662,0.145524,0.019626,-0.986704,img_55.jpg
19748,1280,720,636.0204,341.0984,1003.9038,1005.69714,2.149,-0.042,1.426,0.072731,0.162574,0.025838,-0.983673,img_56.jpg
19855,1280,720,636.0204,341.0984,1003.9038,1005.69714,2.180,-0.042,1.413,0.072223,0.177779,0.032113,-0.980891,img_57.jpg
19965,1280,720,636.0204,341.0984,1003.9038,1005.69714,2.221,-0.044,1.396,0.074874,0.194614,0.032625,-0.977474,img_58.jpg
20078,1280,720,636.0204,341.0984,1003.9038,1005.69714,2.255,-0.044,1.385,0.071456,0.200586,0.035076,-0.976437,img_59.jpg
20196,1280,720,636.0204,341.0984,1003.9038,1005.69714,2.299,-0.042,1.375,0.064741,0.207407,0.029432,-0.975666,img_60.jpg
20295,1280,720,636.0204,341.0984,1003.9038,1005.69714,2.336,-0.041,1.370,0.059175,0.211597,0.032101,-0.975036,img_61.jpg
20411,1280,720,636.0204,341.0984,1003.9038,1005.69714,2.375,-0.042,1.366,0.056278,0.218421,0.037799,-0.973497,img_62.jpg
20508,1280,720,636.0204,341.0984,1003.9038,1005.69714,2.412,-0.042,1.362,0.058775,0.227611,0.044990,-0.970935,img_63.jpg
20628,1280,720,636.0204,341.0984,1003.9038,1005.69714,2.453,-0.044,1.356,0.058358,0.238573,0.041183,-0.968494,img_64.jpg
20730,1280,720,636.0204,341.0984,1003.9038,1005.69714,2.479,-0.043,1.349,0.061693,0.248009,0.045980,-0.965697,img_65.jpg
20845,1280,720,636.0204,341.0984,1003.9038,1005.69714,2.501,-0.042,1.341,0.062679,0.256920,0.044965,-0.963349,img_66.jpg
20948,1280,720,636.0204,341.0984,1003.9038,1005.69714,2.521,-0.043,1.330,0.061955,0.270595,0.042517,-0.959757,img_67.jpg
21048,1280,720,636.0204,341.0984,1003.9038,1005.69714,2.545,-0.044,1.315,0.064298,0.285538,0.047316,-0.955037,img_68.jpg
21152,1280,720,636.0204,341.0984,1003.9038,1005.69714,2.562,-0.047,1.295,0.069324,0.301149,0.045541,-0.949963,img_69.jpg
21251,1280,720,636.0204,341.0984,1003.9038,1005.69714,2.588,-0.050,1.262,0.071911,0.331144,0.049779,-0.939518,img_70.jpg
21364,1280,720,636.0204,341.0984,1003.9038,1005.69714,2.605,-0.050,1.236,0.067313,0.359874,0.048563,-0.929302,img_71.jpg
21478,1280,720,636.0204,341.0984,1003.9038,1005.69714,2.625,-0.046,1.206,0.065783,0.389893,0.052921,-0.916982,img_72.jpg
21596,1280,720,636.0204,341.0984,1003.9038,1005.69714,2.650,-0.040,1.170,0.062986,0.433006,0.052052,-0.897680,img_73.jpg
21712,1280,720,636.0204,341.0984,1003.9038,1005.69714,2.669,-0.036,1.145,0.062109,0.463587,0.059203,-0.881887,img_74.jpg
21813,1280,720,636.0204,341.0984,1003.9038,1005.69714,2.687,-0.034,1.124,0.058937,0.490660,0.054798,-0.867627,img_75.jpg
21909,1280,720,636.0204,341.0984,1003.9038,1005.69714,2.705,-0.033,1.102,0.062340,0.511060,0.057837,-0.855328,img_76.jpg
22013,1280,720,636.0204,341.0984,1003.9038,1005.69714,2.722,-0.034,1.085,0.063415,0.529766,0.060125,-0.843630,img_77.jpg
22114,1280,720,636.0204,341.0984,1003.9038,1005.69714,2.736,-0.035,1.072,0.063170,0.549060,0.062935,-0.831013,img_78.jpg
22214,1280,720,636.0204,341.0984,1003.9038,1005.69714,2.750,-0.036,1.061,0.061341,0.567769,0.064338,-0.818374,img_79.jpg
22312,1280,720,636.0204,341.0984,1003.9038,1005.69714,2.764,-0.039,1.051,0.060449,0.586575,0.065797,-0.804951,img_80.jpg
22430,1280,720,636.0204,341.0984,1003.9038,1005.69714,2.782,-0.042,1.037,0.065029,0.600562,0.062520,-0.794474,img_81.jpg,marker_3.jpg,0.2693863,0.2693863,3.608,-0.131,0.820,-0.505377,0.517310,-0.488126,-0.488126
22547,1280,720,636.0204,341.0984,1003.9038,1005.69714,2.793,-0.043,1.026,0.067382,0.609278,0.061592,-0.787684,img_82.jpg
22644,1280,720,636.0204,341.0984,1003.9038,1005.69714,2.802,-0.044,1.017,0.069228,0.615956,0.060698,-0.782382,img_83.jpg
22737,1280,720,636.0204,341.0984,1003.9038,1005.69714,2.808,-0.045,1.011,0.072519,0.621722,0.061205,-0.777468,img_84.jpg
22829,1280,720,636.0204,341.0984,1003.9038,1005.69714,2.809,-0.044,1.009,0.073155,0.622405,0.061114,-0.776869,img_85.jpg
22932,1280,720,636.0204,341.0984,1003.9038,1005.69714,2.810,-0.043,1.009,0.074779,0.625273,0.062147,-0.774325,img_86.jpg
23029,1280,720,636.0204,341.0984,1003.9038,1005.69714,2.809,-0.041,1.011,0.072525,0.626625,0.061997,-0.773458,img_87.jpg,marker_3.jpg,0.27006054,0.27006054,3.608,-0.132,0.821,-0.503477,0.519627,-0.490366,-0.490366
23133,1280,720,636.0204,341.0984,1003.9038,1005.69714,2.808,-0.041,1.013,0.072228,0.627983,0.063449,-0.772266,img_88.jpg
23230,1280,720,636.0204,341.0984,1003.9038,1005.69714,2.806,-0.040,1.019,0.072012,0.628400,0.065661,-0.771762,img_89.jpg
23331,1280,720,636.0204,341.0984,1003.9038,1005.69714,2.800,-0.041,1.028,0.071581,0.627363,0.068486,-0.772400,img_90.jpg
23431,1280,720,636.0204,341.0984,1003.9038,1005.69714,2.792,-0.042,1.041,0.071929,0.626802,0.070102,-0.772678,img_91.jpg
23531,1280,720,636.0204,341.0984,1003.9038,1005.69714,2.782,-0.042,1.060,0.070980,0.627009,0.073143,-0.772316,img_92.jpg
23630,1280,720,636.0204,341.0984,1003.9038,1005.69714,2.770,-0.043,1.084,0.072082,0.626809,0.074842,-0.772213,img_93.jpg,marker_3.jpg,0.26950762,0.26950762,3.609,-0.132,0.820,-0.512205,0.512144,-0.483869,-0.483869
23731,1280,720,636.0204,341.0984,1003.9038,1005.69714,2.757,-0.044,1.113,0.072708,0.624338,0.078116,-0.773831,img_94.jpg
23847,1280,720,636.0204,341.0984,1003.9038,1005.69714,2.745,-0.046,1.145,0.072010,0.624591,0.077738,-0.773730,img_95.jpg
23950,1280,720,636.0204,341.0984,1003.9038,1005.69714,2.739,-0.047,1.178,0.073808,0.625798,0.077889,-0.772569,img_96.jpg
24050,1280,720,636.0204,341.0984,1003.9038,1005.69714,2.735,-0.044,1.213,0.069045,0.628469,0.081135,-0.770504,img_97.jpg
24154,1280,720,636.0204,341.0984,1003.9038,1005.69714,2.728,-0.040,1.261,0.059487,0.633945,0.077854,-0.767147,img_98.jpg
24263,1280,720,636.0204,341.0984,1003.9038,1005.69714,2.723,-0.036,1.298,0.052885,0.638566,0.077364,-0.763840,img_99.jpg
24363,1280,720,636.0204,341.0984,1003.9038,1005.69714,2.718,-0.034,1.334,0.047781,0.643211,0.074676,-0.760539,img_100.jpg
24465,1280,720,636.0204,341.0984,1003.9038,1005.69714,2.712,-0.033,1.367,0.043600,0.647975,0.071957,-0.757000,img_101.jpg
24579,1280,720,636.0204,341.0984,1003.9038,1005.69714,2.708,-0.034,1.400,0.042929,0.650980,0.073105,-0.754346,img_102.jpg
24676,1280,720,636.0204,341.0984,1003.9038,1005.69714,2.702,-0.033,1.428,0.039284,0.655569,0.067554,-0.751081,img_103.jpg,marker_3.jpg,0.26965758,0.26965758,3.609,-0.133,0.822,-0.508167,0.515508,-0.484185,-0.484185
24779,1280,720,636.0204,341.0984,1003.9038,1005.69714,2.698,-0.031,1.453,0.035584,0.661696,0.061926,-0.746363,img_104.jpg
24880,1280,720,636.0204,341.0984,1003.9038,1005.69714,2.694,-0.027,1.475,0.028614,0.666617,0.056819,-0.742681,img_105.jpg
24992,1280,720,636.0204,341.0984,1003.9038,1005.69714,2.694,-0.019,1.501,0.018800,0.672977,0.051650,-0.737618,img_106.jpg
25098,1280,720,636.0204,341.0984,1003.9038,1005.69714,2.700,-0.015,1.516,0.014969,0.676564,0.046880,-0.734738,img_107.jpg
25217,1280,720,636.0204,341.0984,1003.9038,1005.69714,2.710,-0.014,1.528,0.015622,0.679063,0.044781,-0.732547,img_108.jpg
25333,1280,720,636.0204,341.0984,1003.9038,1005.69714,2.733,-0.019,1.547,0.024302,0.684405,0.044313,-0.727348,img_109.jpg
25448,1280,720,636.0204,341.0984,1003.9038,1005.69714,2.758,-0.025,1.565,0.031621,0.688902,0.046061,-0.722698,img_110.jpg
25567,1280,720,636.0204,341.0984,1003.9038,1005.69714,2.794,-0.029,1.593,0.035596,0.697668,0.047023,-0.713990,img_111.jpg
25682,1280,720,636.0204,341.0984,1003.9038,1005.69714,2.819,-0.029,1.615,0.034041,0.704253,0.048382,-0.707480,img_112.jpg
25781,1280,720,636.0204,341.0984,1003.9038,1005.69714,2.841,-0.027,1.639,0.021561,0.716096,0.050868,-0.695812,img_113.jpg
25884,1280,720,636.0204,341.0984,1003.9038,1005.69714,2.860,-0.029,1.660,0.016365,0.726629,0.053744,-0.684730,img_114.jpg
25988,1280,720,636.0204,341.0984,1003.9038,1005.69714,2.877,-0.035,1.680,0.020319,0.732201,0.061299,-0.678020,img_115.jpg
26098,1280,720,636.0204,341.0984,1003.9038,1005.69714,2.893,-0.040,1.712,0.019687,0.739134,0.062590,-0.670355,img_116.jpg
26216,1280,720,636.0204,341.0984,1003.9038,1005.69714,2.900,-0.043,1.739,0.018295,0.740154,0.062283,-0.669297,img_117.jpg
26327,1280,720,636.0204,341.0984,1003.9038,1005.69714,2.908,-0.047,1.787,0.011308,0.739956,0.064716,-0.669439,img_118.jpg
26449,1280,720,636.0204,341.0984,1003.9038,1005.69714,2.909,-0.048,1.828,0.010099,0.737730,0.061765,-0.672189,img_119.jpg
26555,1280,720,636.0204,341.0984,1003.9038,1005.69714,2.905,-0.047,1.886,0.008220,0.730506,0.061382,-0.680092,img_120.jpg
26665,1280,720,636.0204,341.0984,1003.9038,1005.69714,2.901,-0.047,1.931,0.010814,0.725530,0.064577,-0.685069,img_121.jpg
26781,1280,720,636.0204,341.0984,1003.9038,1005.69714,2.892,-0.048,1.975,0.016605,0.724755,0.061094,-0.686092,img_122.jpg
26876,1280,720,636.0204,341.0984,1003.9038,1005.69714,2.881,-0.051,2.018,0.020723,0.727504,0.058324,-0.683306,img_123.jpg
26982,1280,720,636.0204,341.0984,1003.9038,1005.69714,2.873,-0.055,2.062,0.025023,0.732785,0.063021,-0.677073,img_124.jpg
27077,1280,720,636.0204,341.0984,1003.9038,1005.69714,2.862,-0.059,2.099,0.029569,0.739287,0.059503,-0.670105,img_125.jpg
27198,1280,720,636.0204,341.0984,1003.9038,1005.69714,2.853,-0.065,2.144,0.024038,0.742616,0.072541,-0.665343,img_126.jpg
27298,1280,720,636.0204,341.0984,1003.9038,1005.69714,2.849,-0.070,2.174,0.019060,0.747546,0.076315,-0.659536,img_127.jpg
27415,1280,720,636.0204,341.0984,1003.9038,1005.69714,2.847,-0.075,2.205,0.014466,0.750102,0.083180,-0.655911,img_128.jpg
27516,1280,720,636.0204,341.0984,1003.9038,1005.69714,2.852,-0.082,2.237,0.020570,0.751643,0.090289,-0.653037,img_129.jpg
27618,1280,720,636.0204,341.0984,1003.9038,1005.69714,2.859,-0.095,2.283,0.028957,0.753660,0.092961,-0.650013,img_130.jpg
27734,1280,720,636.0204,341.0984,1003.9038,1005.69714,2.866,-0.105,2.321,0.038005,0.754938,0.094134,-0.647891,img_131.jpg
27824,1280,720,636.0204,341.0984,1003.9038,1005.69714,2.871,-0.106,2.359,0.046223,0.757771,0.080254,-0.645914,img_132.jpg
27935,1280,720,636.0204,341.0984,1003.9038,1005.69714,2.879,-0.105,2.401,0.050790,0.758080,0.086138,-0.644449,img_133.jpg
28022,1280,720,636.0204,341.0984,1003.9038,1005.69714,2.884,-0.102,2.435,0.050487,0.763481,0.082160,-0.638591,img_134.jpg
28118,1280,720,636.0204,341.0984,1003.9038,1005.69714,2.890,-0.102,2.475,0.043106,0.765121,0.094378,-0.635471,img_135.jpg
28221,1280,720,636.0204,341.0984,1003.9038,1005.69714,2.895,-0.101,2.512,0.041942,0.765602,0.094987,-0.634879,img_136.jpg
28334,1280,720,636.0204,341.0984,1003.9038,1005.69714,2.897,-0.102,2.553,0.034585,0.761602,0.094004,-0.640257,img_137.jpg
28420,1280,720,636.0204,341.0984,1003.9038,1005.69714,2.900,-0.106,2.600,0.034243,0.756612,0.097948,-0.645579,img_138.jpg
28517,1280,720,636.0204,341.0984,1003.9038,1005.69714,2.895,-0.110,2.648,0.034820,0.749420,0.094040,-0.654457,img_139.jpg
28617,1280,720,636.0204,341.0984,1003.9038,1005.69714,2.884,-0.111,2.698,0.034295,0.739811,0.085702,-0.666452,img_140.jpg
28719,1280,720,636.0204,341.0984,1003.9038,1005.69714,2.873,-0.109,2.746,0.037841,0.732883,0.084159,-0.674068,img_141.jpg
28832,1280,720,636.0204,341.0984,1003.9038,1005.69714,2.862,-0.108,2.792,0.039852,0.727573,0.082598,-0.679873,img_142.jpg
28933,1280,720,636.0204,341.0984,1003.9038,1005.69714,2.851,-0.108,2.833,0.042640,0.722969,0.082399,-0.684622,img_143.jpg
29050,1280,720,636.0204,341.0984,1003.9038,1005.69714,2.837,-0.107,2.881,0.040884,0.722048,0.076523,-0.686381,img_144.jpg
29167,1280,720,636.0204,341.0984,1003.9038,1005.69714,2.834,-0.106,2.916,0.035838,0.724962,0.084630,-0.682630,img_145.jpg
29282,1280,720,636.0204,341.0984,1003.9038,1005.69714,2.834,-0.106,2.953,0.033169,0.730254,0.080120,-0.677650,img_146.jpg
29401,1280,720,636.0204,341.0984,1003.9038,1005.69714,2.840,-0.107,2.983,0.030931,0.734757,0.081069,-0.672758,img_147.jpg
29519,1280,720,636.0204,341.0984,1003.9038,1005.69714,2.849,-0.110,3.012,0.034458,0.738187,0.081060,-0.668821,img_148.jpg
29620,1280,720,636.0204,341.0984,1003.9038,1005.69714,2.866,-0.113,3.054,0.042909,0.740859,0.075044,-0.666075,img_149.jpg
29737,1280,720,636.0204,341.0984,1003.9038,1005.69714,2.883,-0.116,3.088,0.051640,0.742716,0.065439,-0.664397,img_150.jpg
29850,1280,720,636.0204,341.0984,1003.9038,1005.69714,2.909,-0.116,3.137,0.063291,0.749122,0.062613,-0.656422,img_151.jpg
29966,1280,720,636.0204,341.0984,1003.9038,1005.69714,2.924,-0.115,3.172,0.060611,0.757791,0.060837,-0.646821,img_152.jpg
30066,1280,720,636.0204,341.0984,1003.9038,1005.69714,2.938,-0.116,3.206,0.057405,0.763630,0.065783,-0.639724,img_153.jpg
30171,1280,720,636.0204,341.0984,1003.9038,1005.69714,2.948,-0.118,3.236,0.056778,0.766992,0.063622,-0.635966,img_154.jpg
30268,1280,720,636.0204,341.0984,1003.9038,1005.69714,2.955,-0.120,3.274,0.047642,0.766059,0.073040,-0.636827,img_155.jpg
30369,1280,720,636.0204,341.0984,1003.9038,1005.69714,2.960,-0.122,3.311,0.041783,0.762892,0.075097,-0.640789,img_156.jpg
30484,1280,720,636.0204,341.0984,1003.9038,1005.69714,2.961,-0.122,3.348,0.036362,0.756863,0.074098,-0.648341,img_157.jpg
30587,1280,720,636.0204,341.0984,1003.9038,1005.69714,2.956,-0.119,3.403,0.033295,0.749474,0.068438,-0.657645,img_158.jpg
30702,1280,720,636.0204,341.0984,1003.9038,1005.69714,2.949,-0.112,3.448,0.028448,0.743963,0.069575,-0.663979,img_159.jpg
30804,1280,720,636.0204,341.0984,1003.9038,1005.69714,2.938,-0.105,3.489,0.028978,0.740023,0.060169,-0.669258,img_160.jpg
30903,1280,720,636.0204,341.0984,1003.9038,1005.69714,2.925,-0.101,3.528,0.030085,0.736644,0.051819,-0.673621,img_161.jpg
31017,1280,720,636.0204,341.0984,1003.9038,1005.69714,2.910,-0.098,3.577,0.030735,0.737751,0.048423,-0.672632,img_162.jpg
31136,1280,720,636.0204,341.0984,1003.9038,1005.69714,2.899,-0.096,3.611,0.025920,0.742340,0.036339,-0.668535,img_163.jpg
31235,1280,720,636.0204,341.0984,1003.9038,1005.69714,2.892,-0.092,3.642,0.017981,0.744271,0.039506,-0.666465,img_164.jpg
31341,1280,720,636.0204,341.0984,1003.9038,1005.69714,2.885,-0.091,3.668,0.014188,0.746114,0.039008,-0.664523,img_165.jpg
31444,1280,720,636.0204,341.0984,1003.9038,1005.69714,2.882,-0.091,3.696,0.012572,0.748697,0.039372,-0.661622,img_166.jpg
31567,1280,720,636.0204,341.0984,1003.9038,1005.69714,2.883,-0.095,3.714,0.016986,0.751137,0.044360,-0.658435,img_167.jpg
31689,1280,720,636.0204,341.0984,1003.9038,1005.69714,2.885,-0.099,3.736,0.020124,0.753739,0.049425,-0.655004,img_168.jpg,marker_4.jpg,0.26914895,0.26914895,3.898,-0.176,3.939,-0.513736,0.497463,-0.486590,-0.486590
31801,1280,720,636.0204,341.0984,1003.9038,1005.69714,2.888,-0.100,3.752,0.019992,0.754646,0.048976,-0.653996,img_169.jpg
31893,1280,720,636.0204,341.0984,1003.9038,1005.69714,2.893,-0.101,3.770,0.019405,0.754143,0.047944,-0.654670,img_170.jpg
32001,1280,720,636.0204,341.0984,1003.9038,1005.69714,2.902,-0.103,3.790,0.019216,0.751079,0.047397,-0.658228,img_171.jpg
32090,1280,720,636.0204,341.0984,1003.9038,1005.69714,2.913,-0.107,3.811,0.021651,0.748888,0.045217,-0.660798,img_172.jpg,marker_4.jpg,0.26736283,0.26736283,3.895,-0.175,3.934,-0.509708,0.500012,-0.490491,-0.490491
32184,1280,720,636.0204,341.0984,1003.9038,1005.69714,2.927,-0.113,3.835,0.027994,0.745651,0.048769,-0.663960,img_173.jpg
32285,1280,720,636.0204,341.0984,1003.9038,1005.69714,2.943,-0.118,3.857,0.039860,0.741658,0.050925,-0.667654,img_174.jpg
32385,1280,720,636.0204,341.0984,1003.9038,1005.69714,2.956,-0.120,3.883,0.041117,0.735559,0.056902,-0.673813,img_175.jpg
32484,1280,720,636.0204,341.0984,1003.9038,1005.69714,2.968,-0.121,3.911,0.041607,0.735470,0.062623,-0.673373,img_176.jpg
32585,1280,720,636.0204,341.0984,1003.9038,1005.69714,2.978,-0.124,3.938,0.041879,0.737869,0.064350,-0.670563,img_177.jpg
32684,1280,720,636.0204,341.0984,1003.9038,1005.69714,2.986,-0.129,3.966,0.040294,0.736371,0.076587,-0.671021,img_178.jpg,marker_4.jpg,0.26515424,0.26515424,3.891,-0.174,3.932,-0.506521,0.503503,-0.494572,-0.494572
32801,1280,720,636.0204,341.0984,1003.9038,1005.69714,2.988,-0.132,3.991,0.038504,0.735220,0.073330,-0.672750,img_179.jpg
32896,1280,720,636.0204,341.0984,1003.9038,1005.69714,2.986,-0.133,4.021,0.031022,0.727197,0.075204,-0.681592,img_180.jpg
33018,1280,720,636.0204,341.0984,1003.9038,1005.69714,2.976,-0.134,4.065,0.025687,0.713728,0.075917,-0.695822,img_181.jpg
33136,1280,720,636.0204,341.0984,1003.9038,1005.69714,2.964,-0.131,4.101,0.024229,0.702943,0.072999,-0.707075,img_182.jpg
33235,1280,720,636.0204,341.0984,1003.9038,1005.69714,2.948,-0.127,4.135,0.017150,0.689619,0.070247,-0.720554,img_183.jpg,marker_4.jpg,0.26430488,0.26430488,3.891,-0.176,3.933,-0.501479,0.505625,-0.491926,-0.491926
33340,1280,720,636.0204,341.0984,1003.9038,1005.69714,2.933,-0.127,4.167,0.018982,0.682650,0.065560,-0.727551,img_184.jpg
33436,1280,720,636.0204,341.0984,1003.9038,1005.69714,2.919,-0.128,4.201,0.021424,0.679360,0.067052,-0.730421,img_185.jpg
33541,1280,720,636.0204,341.0984,1003.9038,1005.69714,2.905,-0.129,4.232,0.026069,0.679247,0.068983,-0.730195,img_186.jpg
33647,1280,720,636.0204,341.0984,1003.9038,1005.69714,2.887,-0.131,4.270,0.028221,0.684271,0.065708,-0.725713,img_187.jpg
33768,1280,720,636.0204,341.0984,1003.9038,1005.69714,2.879,-0.132,4.298,0.024398,0.693409,0.068265,-0.716888,img_188.jpg
33861,1280,720,636.0204,341.0984,1003.9038,1005.69714,2.871,-0.131,4.327,0.018752,0.702526,0.070928,-0.707866,img_189.jpg,marker_4.jpg,0.26998222,0.26998222,3.887,-0.175,3.930,-0.499598,0.511064,-0.504798,-0.504798
33985,1280,720,636.0204,341.0984,1003.9038,1005.69714,2.873,-0.132,4.363,0.019441,0.716920,0.073505,-0.692997,img_190.jpg
34108,1280,720,636.0204,341.0984,1003.9038,1005.69714,2.879,-0.135,4.390,0.022166,0.728245,0.075757,-0.680756,img_191.jpg
34219,1280,720,636.0204,341.0984,1003.9038,1005.69714,2.888,-0.138,4.420,0.024675,0.737722,0.076325,-0.670322,img_192.jpg
34321,1280,720,636.0204,341.0984,1003.9038,1005.69714,2.908,-0.142,4.461,0.032524,0.749756,0.075096,-0.656634,img_193.jpg
34436,1280,720,636.0204,341.0984,1003.9038,1005.69714,2.928,-0.141,4.495,0.038998,0.757762,0.069479,-0.647649,img_194.jpg
34546,1280,720,636.0204,341.0984,1003.9038,1005.69714,2.951,-0.138,4.538,0.042571,0.766294,0.067128,-0.637554,img_195.jpg
34652,1280,720,636.0204,341.0984,1003.9038,1005.69714,2.967,-0.135,4.569,0.037425,0.774756,0.067362,-0.627546,img_196.jpg
34769,1280,720,636.0204,341.0984,1003.9038,1005.69714,2.981,-0.137,4.599,0.033479,0.784855,0.068430,-0.614980,img_197.jpg
34870,1280,720,636.0204,341.0984,1003.9038,1005.69714,2.994,-0.141,4.630,0.034808,0.792822,0.075050,-0.603812,img_198.jpg
34981,1280,720,636.0204,341.0984,1003.9038,1005.69714,3.005,-0.144,4.677,0.027585,0.803845,0.080536,-0.588716,img_199.jpg
35085,1280,720,636.0204,341.0984,1003.9038,1005.69714,3.008,-0.144,4.715,0.020953,0.809384,0.081082,-0.581278,img_200.jpg
35202,1280,720,636.0204,341.0984,1003.9038,1005.69714,3.011,-0.147,4.756,0.017636,0.813520,0.082363,-0.575405,img_201.jpg
35298,1280,720,636.0204,341.0984,1003.9038,1005.69714,3.009,-0.146,4.797,0.013391,0.813472,0.078334,-0.576149,img_202.jpg
35418,1280,720,636.0204,341.0984,1003.9038,1005.69714,3.005,-0.144,4.855,0.012992,0.814054,0.077760,-0.575413,img_203.jpg
35524,1280,720,636.0204,341.0984,1003.9038,1005.69714,2.997,-0.141,4.897,0.014850,0.816167,0.077404,-0.572415,img_204.jpg
35636,1280,720,636.0204,341.0984,1003.9038,1005.69714,2.990,-0.142,4.938,0.017638,0.818310,0.077400,-0.569269,img_205.jpg
35737,1280,720,636.0204,341.0984,1003.9038,1005.69714,2.982,-0.146,4.978,0.020996,0.822069,0.082887,-0.562932,img_206.jpg
35838,1280,720,636.0204,341.0984,1003.9038,1005.69714,2.972,-0.149,5.014,0.022522,0.827626,0.085156,-0.554325,img_207.jpg
35951,1280,720,636.0204,341.0984,1003.9038,1005.69714,2.959,-0.154,5.060,0.018008,0.838828,0.094203,-0.535881,img_208.jpg
36053,1280,720,636.0204,341.0984,1003.9038,1005.69714,2.950,-0.157,5.088,0.011804,0.848584,0.107413,-0.517907,img_209.jpg
36170,1280,720,636.0204,341.0984,1003.9038,1005.69714,2.942,-0.163,5.113,0.012085,0.860001,0.119249,-0.496017,img_210.jpg
36264,1280,720,636.0204,341.0984,1003.9038,1005.69714,2.936,-0.169,5.133,0.010393,0.868448,0.136468,-0.476515,img_211.jpg
36368,1280,720,636.0204,341.0984,1003.9038,1005.69714,2.931,-0.175,5.146,0.014866,0.877453,0.146152,-0.456613,img_212.jpg
36468,1280,720,636.0204,341.0984,1003.9038,1005.69714,2.927,-0.179,5.157,0.013139,0.886518,0.156216,-0.435328,img_213.jpg
36568,1280,720,636.0204,341.0984,1003.9038,1005.69714,2.926,-0.184,5.164,0.019911,0.896439,0.166445,-0.410239,img_214.jpg
36665,1280,720,636.0204,341.0984,1003.9038,1005.69714,2.925,-0.188,5.166,0.027327,0.903428,0.176577,-0.389733,img_215.jpg
36771,1280,720,636.0204,341.0984,1003.9038,1005.69714,2.927,-0.193,5.165,0.031172,0.911284,0.185892,-0.366107,img_216.jpg
36871,1280,720,636.0204,341.0984,1003.9038,1005.69714,2.930,-0.199,5.163,0.032346,0.916633,0.193675,-0.348178,img_217.jpg
36968,1280,720,636.0204,341.0984,1003.9038,1005.69714,2.932,-0.204,5.162,0.032948,0.918795,0.202506,-0.337226,img_218.jpg
37057,1280,720,636.0204,341.0984,1003.9038,1005.69714,2.939,-0.213,5.161,0.036869,0.921909,0.218111,-0.318045,img_219.jpg
37168,1280,720,636.0204,341.0984,1003.9038,1005.69714,2.943,-0.227,5.159,0.039150,0.926449,0.235882,-0.290721,img_220.jpg
37271,1280,720,636.0204,341.0984,1003.9038,1005.69714,2.942,-0.233,5.157,0.042220,0.928072,0.245598,-0.276733,img_221.jpg
37375,1280,720,636.0204,341.0984,1003.9038,1005.69714,2.942,-0.241,5.152,0.048754,0.930319,0.254939,-0.259105,img_222.jpg
37467,1280,720,636.0204,341.0984,1003.9038,1005.69714,2.942,-0.247,5.146,0.050154,0.929686,0.266156,-0.249659,img_223.jpg
37562,1280,720,636.0204,341.0984,1003.9038,1005.69714,2.941,-0.251,5.138,0.055538,0.932114,0.266495,-0.238872,img_224.jpg
37652,1280,720,636.0204,341.0984,1003.9038,1005.69714,2.935,-0.255,5.132,0.053432,0.933936,0.269486,-0.228661,img_225.jpg
37752,1280,720,636.0204,341.0984,1003.9038,1005.69714,2.924,-0.261,5.131,0.049724,0.934662,0.276982,-0.217293,img_226.jpg
37854,1280,720,636.0204,341.0984,1003.9038,1005.69714,2.911,-0.268,5.132,0.041803,0.935975,0.283239,-0.204890,img_227.jpg
37969,1280,720,636.0204,341.0984,1003.9038,1005.69714,2.893,-0.273,5.133,0.036088,0.936192,0.290451,-0.194631,img_228.jpg
38065,1280,720,636.0204,341.0984,1003.9038,1005.69714,2.875,-0.276,5.132,0.032747,0.936285,0.296127,-0.186032,img_229.jpg
38188,1280,720,636.0204,341.0984,1003.9038,1005.69714,2.845,-0.281,5.133,0.020175,0.935797,0.304731,-0.176112,img_230.jpg
38288,1280,720,636.0204,341.0984,1003.9038,1005.69714,2.821,-0.281,5.132,0.012841,0.937733,0.303234,-0.168941,img_231.jpg
38404,1280,720,636.0204,341.0984,1003.9038,1005.69714,2.792,-0.280,5.129,0.003748,0.939451,0.302357,-0.161240,img_232.jpg
38503,1280,720,636.0204,341.0984,1003.9038,1005.69714,2.760,-0.280,5.124,-0.001839,0.940668,0.302280,-0.154166,img_233.jpg
38621,1280,720,636.0204,341.0984,1003.9038,1005.69714,2.710,-0.279,5.118,-0.007271,0.942124,0.300695,-0.148097,img_234.jpg
38725,1280,720,636.0204,341.0984,1003.9038,1005.69714,2.670,-0.278,5.113,-0.012783,0.943047,0.300372,-0.142396,img_235.jpg
38838,1280,720,636.0204,341.0984,1003.9038,1005.69714,2.630,-0.281,5.107,-0.013537,0.943036,0.304282,-0.133838,img_236.jpg
38937,1280,720,636.0204,341.0984,1003.9038,1005.69714,2.592,-0.285,5.103,-0.016612,0.942293,0.311295,-0.122075,img_237.jpg
39032,1280,720,636.0204,341.0984,1003.9038,1005.69714,2.554,-0.289,5.098,-0.022356,0.941005,0.320683,-0.105698,img_238.jpg
39140,1280,720,636.0204,341.0984,1003.9038,1005.69714,2.519,-0.291,5.091,-0.025779,0.941521,0.324740,-0.086123,img_239.jpg
39242,1280,720,636.0204,341.0984,1003.9038,1005.69714,2.478,-0.295,5.088,-0.037304,0.941649,0.329986,-0.054908,img_240.jpg
39354,1280,720,636.0204,341.0984,1003.9038,1005.69714,2.447,-0.300,5.088,-0.047227,0.940154,0.336191,-0.029246,img_241.jpg
39454,1280,720,636.0204,341.0984,1003.9038,1005.69714,2.418,-0.307,5.092,-0.055938,0.936609,0.345880,-0.001510,img_242.jpg
39572,1280,720,636.0204,341.0984,1003.9038,1005.69714,2.382,-0.318,5.100,-0.061694,0.930985,0.358464,0.031063,img_243.jpg
39672,1280,720,636.0204,341.0984,1003.9038,1005.69714,2.353,-0.322,5.109,-0.065253,0.928226,0.362476,0.052439,img_244.jpg
39788,1280,720,636.0204,341.0984,1003.9038,1005.69714,2.321,-0.327,5.123,-0.065329,0.926848,0.363105,0.069570,img_245.jpg
39909,1280,720,636.0204,341.0984,1003.9038,1005.69714,2.290,-0.332,5.142,-0.061441,0.925140,0.365660,0.081446,img_246.jpg
40012,1280,720,636.0204,341.0984,1003.9038,1005.69714,2.254,-0.337,5.171,-0.055998,0.922359,0.371517,0.089968,img_247.jpg
40123,1280,720,636.0204,341.0984,1003.9038,1005.69714,2.231,-0.340,5.194,-0.051414,0.920146,0.377086,0.092164,img_248.jpg
40239,1280,720,636.0204,341.0984,1003.9038,1005.69714,2.212,-0.342,5.217,-0.050401,0.917246,0.383159,0.096487,img_249.jpg
40342,1280,720,636.0204,341.0984,1003.9038,1005.69714,2.186,-0.341,5.248,-0.048404,0.917332,0.381076,0.104595,img_250.jpg
40455,1280,720,636.0204,341.0984,1003.9038,1005.69714,2.171,-0.329,5.267,-0.043398,0.923593,0.364354,0.111083,img_251.jpg
40572,1280,720,636.0204,341.0984,1003.9038,1005.69714,2.152,-0.315,5.286,-0.038864,0.931733,0.343577,0.110984,img_252.jpg
40669,1280,720,636.0204,341.0984,1003.9038,1005.69714,2.133,-0.297,5.307,-0.033932,0.942602,0.316525,0.100812,img_253.jpg
40788,1280,720,636.0204,341.0984,1003.9038,1005.69714,2.111,-0.277,5.335,-0.029619,0.955784,0.279896,0.085194,img_254.jpg
40888,1280,720,636.0204,341.0984,1003.9038,1005.69714,2.090,-0.268,5.355,-0.024780,0.963522,0.254100,0.080280,img_255.jpg
41006,1280,720,636.0204,341.0984,1003.9038,1005.69714,2.067,-0.253,5.372,-0.017434,0.971854,0.224793,0.068302,img_256.jpg
41109,1280,720,636.0204,341.0984,1003.9038,1005.69714,2.043,-0.232,5.386,-0.009291,0.980229,0.190095,0.054123,img_257.jpg
41211,1280,720,636.0204,341.0984,1003.9038,1005.69714,2.006,-0.201,5.402,0.000291,0.988962,0.141918,0.042593,img_258.jpg
41325,1280,720,636.0204,341.0984,1003.9038,1005.69714,1.981,-0.184,5.411,0.000501,0.992108,0.121544,0.030814,img_259.jpg
41440,1280,720,636.0204,341.0984,1003.9038,1005.69714,1.956,-0.169,5.418,0.003226,0.994210,0.105321,0.021049,img_260.jpg
41543,1280,720,636.0204,341.0984,1003.9038,1005.69714,1.931,-0.156,5.423,0.008490,0.995775,0.090720,0.011436,img_261.jpg
41656,1280,720,636.0204,341.0984,1003.9038,1005.69714,1.921,-0.152,5.428,0.011875,0.996451,0.083268,0.003271,img_262.jpg
41756,1280,720,636.0204,341.0984,1003.9038,1005.69714,1.912,-0.149,5.427,0.012112,0.997143,0.074513,-0.002799,img_263.jpg,marker_6.jpg,0.26894754,0.26894754,1.922,-0.305,6.302,-0.009937,0.730463,-0.682779,-0.682779
41847,1280,720,636.0204,341.0984,1003.9038,1005.69714,1.904,-0.145,5.427,0.011695,0.997761,0.065387,-0.007780,img_264.jpg
41953,1280,720,636.0204,341.0984,1003.9038,1005.69714,1.900,-0.138,5.426,0.008241,0.998217,0.057372,-0.014288,img_265.jpg
42041,1280,720,636.0204,341.0984,1003.9038,1005.69714,1.895,-0.133,5.423,0.008304,0.998595,0.048925,-0.018567,img_266.jpg
42136,1280,720,636.0204,341.0984,1003.9038,1005.69714,1.891,-0.128,5.423,0.008073,0.999038,0.038806,-0.018767,img_267.jpg
42238,1280,720,636.0204,341.0984,1003.9038,1005.69714,1.887,-0.125,5.424,0.006835,0.999248,0.034008,-0.017327,img_268.jpg
42337,1280,720,636.0204,341.0984,1003.9038,1005.69714,1.885,-0.123,5.425,0.007520,0.999278,0.032126,-0.018854,img_269.jpg,marker_6.jpg,0.2594628,0.2594628,1.920,-0.301,6.272,0.004682,0.711743,-0.702422,-0.702422
42440,1280,720,636.0204,341.0984,1003.9038,1005.69714,1.887,-0.118,5.424,0.009293,0.999457,0.022939,-0.021768,img_270.jpg
42537,1280,720,636.0204,341.0984,1003.9038,1005.69714,1.889,-0.114,5.421,0.009163,0.999613,0.015441,-0.021270,img_271.jpg
42639,1280,720,636.0204,341.0984,1003.9038,1005.69714,1.892,-0.113,5.424,0.008030,0.999600,0.018346,-0.019984,img_272.jpg
42737,1280,720,636.0204,341.0984,1003.9038,1005.69714,1.897,-0.120,5.424,0.005060,0.998820,0.036539,-0.031577,img_273.jpg
42839,1280,720,636.0204,341.0984,1003.9038,1005.69714,1.906,-0.137,5.424,-0.006409,0.995214,0.078889,-0.057320,img_274.jpg
42956,1280,720,636.0204,341.0984,1003.9038,1005.69714,1.915,-0.157,5.418,-0.002619,0.993225,0.102297,-0.055069,img_275.jpg,marker_6.jpg,0.26370865,0.26370865,1.922,-0.305,6.296,-0.005234,0.724309,-0.689455,-0.689455
43056,1280,720,636.0204,341.0984,1003.9038,1005.69714,1.921,-0.170,5.408,0.003266,0.991765,0.120505,-0.043237,img_276.jpg
43151,1280,720,636.0204,341.0984,1003.9038,1005.69714,1.926,-0.180,5.401,0.002286,0.989854,0.139015,-0.029287,img_277.jpg
43271,1280,720,636.0204,341.0984,1003.9038,1005.69714,1.931,-0.193,5.385,0.007523,0.987200,0.159067,-0.008811,img_278.jpg
43372,1280,720,636.0204,341.0984,1003.9038,1005.69714,1.937,-0.203,5.374,0.011835,0.983839,0.178493,0.007829,img_279.jpg
43496,1280,720,636.0204,341.0984,1003.9038,1005.69714,1.938,-0.212,5.360,0.018253,0.981279,0.190775,0.019067,img_280.jpg,marker_6.jpg,0.26827985,0.26827985,1.918,-0.305,6.297,-0.020420,0.725649,-0.687683,-0.687683
43598,1280,720,636.0204,341.0984,1003.9038,1005.69714,1.931,-0.219,5.347,0.010698,0.978867,0.202725,0.024662,img_281.jpg
43726,1280,720,636.0204,341.0984,1003.9038,1005.69714,1.921,-0.230,5.332,0.011613,0.975602,0.217946,0.023768,img_282.jpg
43833,1280,720,636.0204,341.0984,1003.9038,1005.69714,1.909,-0.243,5.324,0.016628,0.971420,0.235857,0.020943,img_283.jpg
43941,1280,720,636.0204,341.0984,1003.9038,1005.69714,1.884,-0.262,5.310,0.020602,0.965870,0.257657,0.016856,img_284.jpg
44059,1280,720,636.0204,341.0984,1003.9038,1005.69714,1.856,-0.276,5.299,0.018999,0.961943,0.272146,0.015556,img_285.jpg
44154,1280,720,636.0204,341.0984,1003.9038,1005.69714,1.822,-0.286,5.285,0.012964,0.958137,0.285635,0.014762,img_286.jpg
44252,1280,720,636.0204,341.0984,1003.9038,1005.69714,1.785,-0.295,5.270,0.006856,0.954858,0.296611,0.014839,img_287.jpg
44356,1280,720,636.0204,341.0984,1003.9038,1005.69714,1.748,-0.303,5.253,0.003222,0.950560,0.310199,0.014175,img_288.jpg
44456,1280,720,636.0204,341.0984,1003.9038,1005.69714,1.710,-0.312,5.235,-0.002735,0.946051,0.323409,0.019654,img_289.jpg
44564,1280,720,636.0204,341.0984,1003.9038,1005.69714,1.672,-0.319,5.215,-0.013816,0.940438,0.338621,0.026872,img_290.jpg
44690,1280,720,636.0204,341.0984,1003.9038,1005.69714,1.624,-0.326,5.191,-0.024162,0.936775,0.346295,0.044145,img_291.jpg
44792,1280,720,636.0204,341.0984,1003.9038,1005.69714,1.591,-0.328,5.177,-0.036502,0.933320,0.352223,0.059336,img_292.jpg
44896,1280,720,636.0204,341.0984,1003.9038,1005.69714,1.560,-0.329,5.169,-0.043137,0.931753,0.352844,0.074001,img_293.jpg
44996,1280,720,636.0204,341.0984,1003.9038,1005.69714,1.528,-0.331,5.163,-0.051345,0.929207,0.354302,0.091703,img_294.jpg
45108,1280,720,636.0204,341.0984,1003.9038,1005.69714,1.485,-0.336,5.162,-0.059049,0.924933,0.358523,0.111684,img_295.jpg
45225,1280,720,636.0204,341.0984,1003.9038,1005.69714,1.452,-0.341,5.164,-0.057285,0.923032,0.359641,0.124051,img_296.jpg
45344,1280,720,636.0204,341.0984,1003.9038,1005.69714,1.395,-0.347,5.175,-0.048801,0.920615,0.361696,0.138788,img_297.jpg
45457,1280,720,636.0204,341.0984,1003.9038,1005.69714,1.351,-0.347,5.185,-0.036640,0.922221,0.358129,0.141104,img_298.jpg
45575,1280,720,636.0204,341.0984,1003.9038,1005.69714,1.292,-0.346,5.201,-0.039861,0.918358,0.366936,0.142785,img_299.jpg
45691,1280,720,636.0204,341.0984,1003.9038,1005.69714,1.248,-0.349,5.212,-0.045313,0.913845,0.373526,0.152687,img_300.jpg
45793,1280,720,636.0204,341.0984,1003.9038,1005.69714,1.205,-0.351,5.220,-0.052696,0.910599,0.373922,0.167974,img_301.jpg
45897,1280,720,636.0204,341.0984,1003.9038,1005.69714,1.167,-0.352,5.225,-0.058678,0.907795,0.375482,0.177419,img_302.jpg
46000,1280,720,636.0204,341.0984,1003.9038,1005.69714,1.128,-0.356,5.230,-0.063460,0.905994,0.375699,0.184386,img_303.jpg
46107,1280,720,636.0204,341.0984,1003.9038,1005.69714,1.070,-0.363,5.234,-0.073040,0.904106,0.377871,0.185665,img_304.jpg
46226,1280,720,636.0204,341.0984,1003.9038,1005.69714,1.018,-0.367,5.234,-0.076119,0.905047,0.375368,0.184917,img_305.jpg
46327,1280,720,636.0204,341.0984,1003.9038,1005.69714,0.964,-0.368,5.231,-0.078428,0.907133,0.372097,0.180285,img_306.jpg
46437,1280,720,636.0204,341.0984,1003.9038,1005.69714,0.906,-0.368,5.226,-0.076893,0.908271,0.372352,0.174601,img_307.jpg
46542,1280,720,636.0204,341.0984,1003.9038,1005.69714,0.831,-0.361,5.218,-0.076167,0.908859,0.374517,0.167067,img_308.jpg
46657,1280,720,636.0204,341.0984,1003.9038,1005.69714,0.783,-0.359,5.213,-0.069177,0.908857,0.378831,0.160249,img_309.jpg
46754,1280,720,636.0204,341.0984,1003.9038,1005.69714,0.742,-0.358,5.210,-0.063534,0.910072,0.379405,0.154219,img_310.jpg
46856,1280,720,636.0204,341.0984,1003.9038,1005.69714,0.704,-0.360,5.212,-0.066532,0.908178,0.382928,0.155412,img_311.jpg
46950,1280,720,636.0204,341.0984,1003.9038,1005.69714,0.668,-0.360,5.218,-0.069164,0.908659,0.381553,0.154830,img_312.jpg
47057,1280,720,636.0204,341.0984,1003.9038,1005.69714,0.631,-0.362,5.228,-0.070811,0.909010,0.379725,0.156510,img_313.jpg
47144,1280,720,636.0204,341.0984,1003.9038,1005.69714,0.593,-0.364,5.244,-0.071139,0.909196,0.378284,0.158756,img_314.jpg
47238,1280,720,636.0204,341.0984,1003.9038,1005.69714,0.555,-0.363,5.263,-0.063935,0.913537,0.368498,0.159913,img_315.jpg
47341,1280,720,636.0204,341.0984,1003.9038,1005.69714,0.515,-0.361,5.285,-0.051511,0.916670,0.361021,0.163483,img_316.jpg
47437,1280,720,636.0204,341.0984,1003.9038,1005.69714,0.474,-0.360,5.308,-0.042424,0.915725,0.363478,0.165929,img_317.jpg
47540,1280,720,636.0204,341.0984,1003.9038,1005.69714,0.433,-0.362,5.327,-0.044277,0.908721,0.374371,0.179197,img_318.jpg
47654,1280,720,636.0204,341.0984,1003.9038,1005.69714,0.393,-0.367,5.340,-0.049253,0.904381,0.375546,0.196558,img_319.jpg
47748,1280,720,636.0204,341.0984,1003.9038,1005.69714,0.351,-0.373,5.354,-0.062238,0.896518,0.383872,0.212190,img_320.jpg
47855,1280,720,636.0204,341.0984,1003.9038,1005.69714,0.312,-0.374,5.362,-0.071003,0.893079,0.381668,0.227374,img_321.jpg
47954,1280,720,636.0204,341.0984,1003.9038,1005.69714,0.269,-0.374,5.368,-0.086630,0.892190,0.373829,0.238212,img_322.jpg
48075,1280,720,636.0204,341.0984,1003.9038,1005.69714,0.212,-0.373,5.374,-0.095747,0.893962,0.362612,0.245308,img_323.jpg
48176,1280,720,636.0204,341.0984,1003.9038,1005.69714,0.164,-0.372,5.378,-0.100189,0.897153,0.353008,0.245893,img_324.jpg
48291,1280,720,636.0204,341.0984,1003.9038,1005.69714,0.114,-0.369,5.380,-0.100341,0.899695,0.347741,0.244045,img_325.jpg
48391,1280,720,636.0204,341.0984,1003.9038,1005.69714,0.062,-0.364,5.376,-0.097039,0.902414,0.341787,0.243749,img_326.jpg
48508,1280,720,636.0204,341.0984,1003.9038,1005.69714,-0.005,-0.360,5.366,-0.107823,0.901309,0.347126,0.235628,img_327.jpg
48628,1280,720,636.0204,341.0984,1003.9038,1005.69714,-0.048,-0.355,5.355,-0.103834,0.903314,0.345377,0.232287,img_328.jpg
48728,1280,720,636.0204,341.0984,1003.9038,1005.69714,-0.087,-0.352,5.345,-0.097869,0.904769,0.342090,0.234070,img_329.jpg
48836,1280,720,636.0204,341.0984,1003.9038,1005.69714,-0.127,-0.352,5.338,-0.102344,0.902342,0.343221,0.239798,img_330.jpg
48943,1280,720,636.0204,341.0984,1003.9038,1005.69714,-0.177,-0.350,5.332,-0.107303,0.900989,0.341606,0.244969,img_331.jpg
49059,1280,720,636.0204,341.0984,1003.9038,1005.69714,-0.216,-0.353,5.331,-0.106807,0.901029,0.337660,0.250448,img_332.jpg
49159,1280,720,636.0204,341.0984,1003.9038,1005.69714,-0.261,-0.360,5.334,-0.109468,0.897533,0.340775,0.257534,img_333.jpg
49275,1280,720,636.0204,341.0984,1003.9038,1005.69714,-0.322,-0.366,5.340,-0.098960,0.897369,0.342250,0.260386,img_334.jpg
49395,1280,720,636.0204,341.0984,1003.9038,1005.69714,-0.375,-0.372,5.347,-0.089181,0.895778,0.348582,0.260997,img_335.jpg
49503,1280,720,636.0204,341.0984,1003.9038,1005.69714,-0.447,-0.378,5.361,-0.079209,0.890723,0.363366,0.261350,img_336.jpg
49612,1280,720,636.0204,341.0984,1003.9038,1005.69714,-0.499,-0.374,5.368,-0.078150,0.889631,0.361698,0.267625,img_337.jpg
49725,1280,720,636.0204,341.0984,1003.9038,1005.69714,-0.550,-0.374,5.374,-0.089464,0.887771,0.357142,0.276240,img_338.jpg
49842,1280,720,636.0204,341.0984,1003.9038,1005.69714,-0.610,-0.372,5.378,-0.099688,0.888704,0.351072,0.277517,img_339.jpg
49943,1280,720,636.0204,341.0984,1003.9038,1005.69714,-0.654,-0.376,5.380,-0.105186,0.889476,0.352579,0.271028,img_340.jpg
50056,1280,720,636.0204,341.0984,1003.9038,1005.69714,-0.701,-0.381,5.381,-0.101140,0.892470,0.353887,0.260829,img_341.jpg
50152,1280,720,636.0204,341.0984,1003.9038,1005.69714,-0.754,-0.382,5.381,-0.095262,0.897744,0.348007,0.252728,img_342.jpg
50256,1280,720,636.0204,341.0984,1003.9038,1005.69714,-0.811,-0.380,5.377,-0.091416,0.904160,0.340517,0.241218,img_343.jpg
50354,1280,720,636.0204,341.0984,1003.9038,1005.69714,-0.870,-0.377,5.371,-0.088805,0.906350,0.342058,0.231601,img_344.jpg
50475,1280,720,636.0204,341.0984,1003.9038,1005.69714,-0.945,-0.367,5.357,-0.084211,0.908349,0.344029,0.222384,img_345.jpg
50577,1280,720,636.0204,341.0984,1003.9038,1005.69714,-0.996,-0.365,5.349,-0.073471,0.910318,0.341460,0.222100,img_346.jpg
50693,1280,720,636.0204,341.0984,1003.9038,1005.69714,-1.049,-0.365,5.345,-0.080195,0.906444,0.346001,0.228497,img_347.jpg
50787,1280,720,636.0204,341.0984,1003.9038,1005.69714,-1.096,-0.360,5.344,-0.083297,0.906973,0.343547,0.228991,img_348.jpg
50908,1280,720,636.0204,341.0984,1003.9038,1005.69714,-1.156,-0.358,5.351,-0.078664,0.907515,0.340405,0.233139,img_349.jpg
51026,1280,720,636.0204,341.0984,1003.9038,1005.69714,-1.205,-0.361,5.359,-0.073535,0.906536,0.341462,0.237041,img_350.jpg
51126,1280,720,636.0204,341.0984,1003.9038,1005.69714,-1.259,-0.368,5.372,-0.064648,0.903475,0.347883,0.241931,img_351.jpg
51235,1280,720,636.0204,341.0984,1003.9038,1005.69714,-1.312,-0.376,5.386,-0.052601,0.900650,0.356090,0.243439,img_352.jpg
51358,1280,720,636.0204,341.0984,1003.9038,1005.69714,-1.378,-0.376,5.409,-0.040395,0.897444,0.367402,0.240786,img_353.jpg
51462,1280,720,636.0204,341.0984,1003.9038,1005.69714,-1.416,-0.367,5.425,-0.026767,0.902880,0.357000,0.237997,img_354.jpg
51565,1280,720,636.0204,341.0984,1003.9038,1005.69714,-1.454,-0.360,5.440,-0.026668,0.908774,0.345548,0.232411,img_355.jpg
51672,1280,720,636.0204,341.0984,1003.9038,1005.69714,-1.489,-0.350,5.454,-0.024014,0.917245,0.329737,0.222170,img_356.jpg
51771,1280,720,636.0204,341.0984,1003.9038,1005.69714,-1.538,-0.339,5.467,-0.021345,0.930346,0.306386,0.200319,img_357.jpg
51876,1280,720,636.0204,341.0984,1003.9038,1005.69714,-1.579,-0.328,5.472,-0.019935,0.939226,0.290840,0.181300,img_358.jpg
51977,1280,720,636.0204,341.0984,1003.9038,1005.69714,-1.614,-0.312,5.471,-0.012320,0.949231,0.269848,0.161216,img_359.jpg
52076,1280,720,636.0204,341.0984,1003.9038,1005.69714,-1.650,-0.292,5.470,-0.004666,0.957249,0.252015,0.141920,img_360.jpg
52167,1280,720,636.0204,341.0984,1003.9038,1005.69714,-1.684,-0.268,5.469,0.002966,0.964722,0.231343,0.125632,img_361.jpg
52279,1280,720,636.0204,341.0984,1003.9038,1005.69714,-1.716,-0.248,5.472,0.010603,0.971553,0.209439,0.110032,img_362.jpg
52378,1280,720,636.0204,341.0984,1003.9038,1005.69714,-1.742,-0.230,5.470,0.015209,0.975878,0.193330,0.100272,img_363.jpg,marker_7.png,0.27287957,0.27287957,-1.963,-0.343,6.416,-0.035045,0.721799,-0.690715,-0.690715
52476,1280,720,636.0204,341.0984,1003.9038,1005.69714,-1.762,-0.215,5.470,0.019689,0.980850,0.171179,0.090793,img_364.jpg
52568,1280,720,636.0204,341.0984,1003.9038,1005.69714,-1.778,-0.203,5.468,0.020825,0.983990,0.153861,0.087505,img_365.jpg
52676,1280,720,636.0204,341.0984,1003.9038,1005.69714,-1.792,-0.188,5.465,0.022046,0.987518,0.132213,0.082715,img_366.jpg
52767,1280,720,636.0204,341.0984,1003.9038,1005.69714,-1.799,-0.176,5.464,0.023956,0.990290,0.108333,0.083762,img_367.jpg
52877,1280,720,636.0204,341.0984,1003.9038,1005.69714,-1.806,-0.162,5.471,0.021387,0.991731,0.088498,0.090444,img_368.jpg
52977,1280,720,636.0204,341.0984,1003.9038,1005.69714,-1.820,-0.144,5.481,0.012215,0.992730,0.073419,0.094593,img_369.jpg
53096,1280,720,636.0204,341.0984,1003.9038,1005.69714,-1.828,-0.126,5.495,0.015513,0.993033,0.056097,0.102463,img_370.jpg
53196,1280,720,636.0204,341.0984,1003.9038,1005.69714,-1.830,-0.119,5.503,0.013561,0.993527,0.048951,0.101610,img_371.jpg
53295,1280,720,636.0204,341.0984,1003.9038,1005.69714,-1.829,-0.111,5.510,0.013365,0.993877,0.040481,0.101940,img_372.jpg
53397,1280,720,636.0204,341.0984,1003.9038,1005.69714,-1.827,-0.104,5.513,0.013287,0.994247,0.034607,0.100496,img_373.jpg
53502,1280,720,636.0204,341.0984,1003.9038,1005.69714,-1.826,-0.100,5.521,0.014113,0.994382,0.032340,0.099797,img_374.jpg,marker_7.png,0.26395842,0.26395842,-1.957,-0.341,6.393,-0.019072,0.752917,-0.657828,-0.657828
53627,1280,720,636.0204,341.0984,1003.9038,1005.69714,-1.826,-0.099,5.524,0.011841,0.994549,0.032256,0.098448,img_375.jpg
53731,1280,720,636.0204,341.0984,1003.9038,1005.69714,-1.827,-0.101,5.527,0.011849,0.994526,0.034990,0.097745,img_376.jpg
53834,1280,720,636.0204,341.0984,1003.9038,1005.69714,-1.825,-0.105,5.535,0.010792,0.994546,0.039715,0.095837,img_377.jpg
53943,1280,720,636.0204,341.0984,1003.9038,1005.69714,-1.825,-0.109,5.541,0.009923,0.994431,0.045079,0.094743,img_378.jpg
54061,1280,720,636.0204,341.0984,1003.9038,1005.69714,-1.825,-0.115,5.549,0.007424,0.993889,0.054731,0.095574,img_379.jpg
54178,1280,720,636.0204,341.0984,1003.9038,1005.69714,-1.825,-0.120,5.557,0.005212,0.993536,0.059887,0.096294,img_380.jpg
54294,1280,720,636.0204,341.0984,1003.9038,1005.69714,-1.826,-0.123,5.567,0.003961,0.993608,0.059996,0.095543,img_381.jpg,marker_7.png,0.26335588,0.26335588,-1.967,-0.344,6.395,-0.029971,0.760590,-0.648435,-0.648435
54396,1280,720,636.0204,341.0984,1003.9038,1005.69714,-1.825,-0.125,5.584,0.001415,0.994419,0.054956,0.090043,img_382.jpg
54506,1280,720,636.0204,341.0984,1003.9038,1005.69714,-1.824,-0.130,5.619,0.001485,0.994398,0.053385,0.091212,img_383.jpg
54627,1280,720,636.0204,341.0984,1003.9038,1005.69714,-1.823,-0.138,5.661,-0.002277,0.993624,0.062282,0.093957,img_384.jpg
54752,1280,720,636.0204,341.0984,1003.9038,1005.69714,-1.821,-0.144,5.688,-0.004244,0.993524,0.065468,0.092770,img_385.jpg
54880,1280,720,636.0204,341.0984,1003.9038,1005.69714,-1.818,-0.147,5.713,-0.005084,0.994212,0.060437,0.088676,img_386.jpg,marker_7.png,0.26394147,0.26394147,-1.967,-0.345,6.398,-0.021323,0.756399,-0.653735,-0.653735
54994,1280,720,636.0204,341.0984,1003.9038,1005.69714,-1.815,-0.150,5.726,-0.002484,0.993668,0.062204,0.093532,img_387.jpg
55129,1280,720,636.0204,341.0984,1003.9038,1005.69714,-1.812,-0.156,5.737,0.002665,0.992615,0.067410,0.100815,img_388.jpg
55240,1280,720,636.0204,341.0984,1003.9038,1005.69714,-1.811,-0.162,5.744,-0.000519,0.991811,0.071774,0.105633,img_389.jpg
55346,1280,720,636.0204,341.0984,1003.9038,1005.69714,-1.810,-0.165,5.748,-0.002226,0.991213,0.074853,0.109039,img_390.jpg
55462,1280,720,636.0204,341.0984,1003.9038,1005.69714,-1.810,-0.172,5.749,-0.002555,0.989762,0.082430,0.116490,img_391.jpg,marker_7.png,0.26635998,0.26635998,-1.967,-0.347,6.402,-0.011492,0.742158,-0.670123,-0.670123
55580,1280,720,636.0204,341.0984,1003.9038,1005.69714,-1.811,-0.182,5.749,-0.002048,0.987416,0.095642,0.125929,img_392.jpg
55693,1280,720,636.0204,341.0984,1003.9038,1005.69714,-1.814,-0.196,5.747,-0.009833,0.984377,0.111004,0.136324,img_393.jpg
55794,1280,720,636.0204,341.0984,1003.9038,1005.69714,-1.821,-0.220,5.743,-0.022028,0.977256,0.140399,0.157394,img_394.jpg
55900,1280,720,636.0204,341.0984,1003.9038,1005.69714,-1.831,-0.239,5.738,-0.028903,0.971759,0.160453,0.170602,img_395.jpg
56013,1280,720,636.0204,341.0984,1003.9038,1005.69714,-1.843,-0.255,5.731,-0.035175,0.967075,0.176389,0.180043,img_396.jpg,marker_7.png,0.26635998,0.26635998,-1.964,-0.343,6.399,-0.000735,0.761016,-0.648479,-0.648479
56119,1280,720,636.0204,341.0984,1003.9038,1005.69714,-1.861,-0.273,5.725,-0.040519,0.961899,0.191905,0.190474,img_397.jpg
56230,1280,720,636.0204,341.0984,1003.9038,1005.69714,-1.891,-0.298,5.714,-0.054186,0.954009,0.215100,0.201648,img_398.jpg
56345,1280,720,636.0204,341.0984,1003.9038,1005.69714,-1.921,-0.318,5.706,-0.059355,0.943971,0.239667,0.218986,img_399.jpg
56449,1280,720,636.0204,341.0984,1003.9038,1005.69714,-1.954,-0.338,5.695,-0.069695,0.935496,0.257407,0.231800,img_400.jpg
56544,1280,720,636.0204,341.0984,1003.9038,1005.69714,-1.989,-0.352,5.686,-0.075208,0.927647,0.273244,0.243211,img_401.jpg
56650,1280,720,636.0204,341.0984,1003.9038,1005.69714,-2.024,-0.360,5.676,-0.080903,0.921290,0.284501,0.252465,img_402.jpg
56745,1280,720,636.0204,341.0984,1003.9038,1005.69714,-2.060,-0.367,5.664,-0.089077,0.914658,0.293216,0.263611,img_403.jpg
56842,1280,720,636.0204,341.0984,1003.9038,1005.69714,-2.090,-0.373,5.653,-0.088108,0.910110,0.298878,0.273146,img_404.jpg
56930,1280,720,636.0204,341.0984,1003.9038,1005.69714,-2.122,-0.384,5.648,-0.092100,0.904627,0.303156,0.285069,img_405.jpg
57025,1280,720,636.0204,341.0984,1003.9038,1005.69714,-2.152,-0.389,5.640,-0.091695,0.899774,0.307283,0.295933,img_406.jpg
57131,1280,720,636.0204,341.0984,1003.9038,1005.69714,-2.184,-0.395,5.634,-0.094880,0.895345,0.307857,0.307538,img_407.jpg
57225,1280,720,636.0204,341.0984,1003.9038,1005.69714,-2.219,-0.399,5.632,-0.106710,0.888979,0.307502,0.322137,img_408.jpg
57329,1280,720,636.0204,341.0984,1003.9038,1005.69714,-2.254,-0.401,5.635,-0.112836,0.883993,0.303411,0.337292,img_409.jpg
57430,1280,720,636.0204,341.0984,1003.9038,1005.69714,-2.280,-0.401,5.637,-0.117384,0.879430,0.301175,0.349452,img_410.jpg
57523,1280,720,636.0204,341.0984,1003.9038,1005.69714,-2.321,-0.396,5.643,-0.118229,0.874155,0.294443,0.367665,img_411.jpg
57615,1280,720,636.0204,341.0984,1003.9038,1005.69714,-2.364,-0.390,5.652,-0.113217,0.869335,0.285325,0.387335,img_412.jpg
57709,1280,720,636.0204,341.0984,1003.9038,1005.69714,-2.406,-0.386,5.665,-0.110856,0.863879,0.278418,0.404855,img_413.jpg
57814,1280,720,636.0204,341.0984,1003.9038,1005.69714,-2.444,-0.383,5.683,-0.107315,0.858483,0.276529,0.418356,img_414.jpg
57912,1280,720,636.0204,341.0984,1003.9038,1005.69714,-2.484,-0.382,5.699,0.109140,-0.849888,-0.277832,-0.434268,img_415.jpg
58019,1280,720,636.0204,341.0984,1003.9038,1005.69714,-2.516,-0.379,5.715,0.108320,-0.843450,-0.271743,-0.450571,img_416.jpg
58129,1280,720,636.0204,341.0984,1003.9038,1005.69714,-2.558,-0.368,5.726,0.111479,-0.836537,-0.255640,-0.471621,img_417.jpg
58247,1280,720,636.0204,341.0984,1003.9038,1005.69714,-2.583,-0.356,5.730,0.110075,-0.832305,-0.246126,-0.484328,img_418.jpg
58347,1280,720,636.0204,341.0984,1003.9038,1005.69714,-2.605,-0.344,5.734,0.100192,-0.830643,-0.236105,-0.494215,img_419.jpg
58454,1280,720,636.0204,341.0984,1003.9038,1005.69714,-2.626,-0.330,5.735,0.094389,-0.830487,-0.222453,-0.501894,img_420.jpg
58555,1280,720,636.0204,341.0984,1003.9038,1005.69714,-2.647,-0.317,5.732,0.090551,-0.832449,-0.208344,-0.505393,img_421.jpg
58679,1280,720,636.0204,341.0984,1003.9038,1005.69714,-2.673,-0.299,5.727,0.073233,-0.836087,-0.189378,-0.509638,img_422.jpg
58782,1280,720,636.0204,341.0984,1003.9038,1005.69714,-2.691,-0.283,5.718,0.062630,-0.843332,-0.162395,-0.508425,img_423.jpg
58888,1280,720,636.0204,341.0984,1003.9038,1005.69714,-2.707,-0.266,5.705,0.054639,-0.845420,-0.144713,-0.511213,img_424.jpg
59015,1280,720,636.0204,341.0984,1003.9038,1005.69714,-2.725,-0.241,5.684,0.033623,-0.844441,-0.123568,-0.520115,img_425.jpg
59114,1280,720,636.0204,341.0984,1003.9038,1005.69714,-2.738,-0.226,5.662,0.027363,-0.842921,-0.112260,-0.525483,img_426.jpg
59223,1280,720,636.0204,341.0984,1003.9038,1005.69714,-2.751,-0.216,5.642,0.017580,-0.838440,-0.106874,-0.534123,img_427.jpg
59331,1280,720,636.0204,341.0984,1003.9038,1005.69714,-2.773,-0.205,5.609,0.024534,-0.835260,-0.098118,-0.540474,img_428.jpg
59447,1280,720,636.0204,341.0984,1003.9038,1005.69714,-2.787,-0.195,5.583,0.025712,-0.831412,-0.091300,-0.547501,img_429.jpg
59546,1280,720,636.0204,341.0984,1003.9038,1005.69714,-2.802,-0.189,5.555,0.027077,-0.826522,-0.083757,-0.555979,img_430.jpg
59668,1280,720,636.0204,341.0984,1003.9038,1005.69714,-2.814,-0.183,5.527,0.026417,-0.819970,-0.078861,-0.566332,img_431.jpg
59769,1280,720,636.0204,341.0984,1003.9038,1005.69714,-2.831,-0.179,5.492,0.025884,-0.811004,-0.082538,-0.578611,img_432.jpg
59880,1280,720,636.0204,341.0984,1003.9038,1005.69714,-2.841,-0.175,5.464,0.024814,-0.804453,-0.079944,-0.588089,img_433.jpg
59979,1280,720,636.0204,341.0984,1003.9038,1005.69714,-2.850,-0.171,5.436,0.027873,-0.799154,-0.077125,-0.595507,img_434.jpg
60097,1280,720,636.0204,341.0984,1003.9038,1005.69714,-2.856,-0.168,5.408,0.028567,-0.792089,-0.069755,-0.605733,img_435.jpg
60216,1280,720,636.0204,341.0984,1003.9038,1005.69714,-2.861,-0.167,5.392,0.034837,-0.786697,-0.066515,-0.612757,img_436.jpg
60321,1280,720,636.0204,341.0984,1003.9038,1005.69714,-2.867,-0.169,5.381,0.029913,-0.779500,-0.066893,-0.622101,img_437.jpg
60435,1280,720,636.0204,341.0984,1003.9038,1005.69714,-2.873,-0.169,5.370,0.034798,-0.769805,-0.062195,-0.634288,img_438.jpg
60537,1280,720,636.0204,341.0984,1003.9038,1005.69714,-2.883,-0.170,5.364,0.036331,-0.760304,-0.064838,-0.645301,img_439.jpg
60646,1280,720,636.0204,341.0984,1003.9038,1005.69714,-2.889,-0.171,5.361,0.036904,-0.755793,-0.068401,-0.650182,img_440.jpg
60748,1280,720,636.0204,341.0984,1003.9038,1005.69714,-2.895,-0.172,5.357,0.036360,-0.752019,-0.068724,-0.654540,img_441.jpg
60865,1280,720,636.0204,341.0984,1003.9038,1005.69714,-2.905,-0.174,5.353,0.036069,-0.746213,-0.070215,-0.661011,img_442.jpg
60983,1280,720,636.0204,341.0984,1003.9038,1005.69714,-2.913,-0.175,5.350,0.037191,-0.741288,-0.069550,-0.666537,img_443.jpg
61087,1280,720,636.0204,341.0984,1003.9038,1005.69714,-2.920,-0.176,5.347,0.037253,-0.737293,-0.069344,-0.670971,img_444.jpg
61195,1280,720,636.0204,341.0984,1003.9038,1005.69714,-2.926,-0.177,5.345,0.037941,-0.733606,-0.071427,-0.674745,img_445.jpg
61300,1280,720,636.0204,341.0984,1003.9038,1005.69714,-2.933,-0.179,5.343,0.038328,-0.729988,-0.073221,-0.678445,img_446.jpg
61416,1280,720,636.0204,341.0984,1003.9038,1005.69714,-2.940,-0.180,5.341,0.039881,-0.728282,-0.073318,-0.680176,img_447.jpg
61517,1280,720,636.0204,341.0984,1003.9038,1005.69714,-2.944,-0.180,5.338,0.040355,-0.725355,-0.072197,-0.683388,img_448.jpg,marker_8.jpg,0.26269636,0.26269636,-3.642,-0.317,5.430,-0.494751,-0.524546,0.503032,0.503032
61619,1280,720,636.0204,341.0984,1003.9038,1005.69714,-2.950,-0.181,5.328,0.044789,-0.719130,-0.071888,-0.689694,img_449.jpg
61730,1280,720,636.0204,341.0984,1003.9038,1005.69714,-2.950,-0.181,5.323,0.043671,-0.714188,-0.073394,-0.694724,img_450.jpg
61829,1280,720,636.0204,341.0984,1003.9038,1005.69714,-2.954,-0.183,5.305,0.042552,-0.701532,-0.074617,-0.707442,img_451.jpg
61930,1280,720,636.0204,341.0984,1003.9038,1005.69714,-2.958,-0.186,5.286,0.049512,-0.690913,-0.079570,-0.716838,img_452.jpg
62028,1280,720,636.0204,341.0984,1003.9038,1005.69714,-2.957,-0.187,5.262,0.050909,-0.683023,-0.081910,-0.724002,img_453.jpg,marker_8.jpg,0.26555493,0.26555493,-3.640,-0.316,5.432,-0.500563,-0.519237,0.494405,0.494405
62132,1280,720,636.0204,341.0984,1003.9038,1005.69714,-2.952,-0.190,5.234,0.052441,-0.674366,-0.082114,-0.731941,img_454.jpg
62249,1280,720,636.0204,341.0984,1003.9038,1005.69714,-2.946,-0.195,5.200,0.056170,-0.669946,-0.079781,-0.735970,img_455.jpg
62342,1280,720,636.0204,341.0984,1003.9038,1005.69714,-2.934,-0.197,5.160,0.063693,-0.670335,-0.072931,-0.735714,img_456.jpg
62448,1280,720,636.0204,341.0984,1003.9038,1005.69714,-2.918,-0.196,5.116,0.062964,-0.675854,-0.067689,-0.731215,img_457.jpg
62548,1280,720,636.0204,341.0984,1003.9038,1005.69714,-2.900,-0.191,5.069,0.063652,-0.686512,-0.065845,-0.721328,img_458.jpg
62638,1280,720,636.0204,341.0984,1003.9038,1005.69714,-2.878,-0.191,5.025,0.055212,-0.696158,-0.073650,-0.711963,img_459.jpg
62731,1280,720,636.0204,341.0984,1003.9038,1005.69714,-2.856,-0.192,4.977,0.052271,-0.699992,-0.075060,-0.708269,img_460.jpg
62834,1280,720,636.0204,341.0984,1003.9038,1005.69714,-2.835,-0.192,4.931,0.052272,-0.700871,-0.074343,-0.707475,img_461.jpg
62948,1280,720,636.0204,341.0984,1003.9038,1005.69714,-2.815,-0.191,4.885,0.059641,-0.700923,-0.070566,-0.707227,img_462.jpg
63052,1280,720,636.0204,341.0984,1003.9038,1005.69714,-2.792,-0.192,4.827,0.059956,-0.696411,-0.063856,-0.712277,img_463.jpg
63165,1280,720,636.0204,341.0984,1003.9038,1005.69714,-2.779,-0.192,4.785,0.057826,-0.691980,-0.057902,-0.717264,img_464.jpg
63283,1280,720,636.0204,341.0984,1003.9038,1005.69714,-2.773,-0.192,4.744,0.062132,-0.686504,-0.051621,-0.722626,img_465.jpg
63380,1280,720,636.0204,341.0984,1003.9038,1005.69714,-2.773,-0.192,4.703,0.063033,-0.685088,-0.046831,-0.724215,img_466.jpg
63500,1280,720,636.0204,341.0984,1003.9038,1005.69714,-2.781,-0.195,4.648,0.057302,-0.683305,-0.055369,-0.725772,img_467.jpg
63617,1280,720,636.0204,341.0984,1003.9038,1005.69714,-2.792,-0.196,4.608,0.048301,-0.678317,-0.068233,-0.729999,img_468.jpg
63719,1280,720,636.0204,341.0984,1003.9038,1005.69714,-2.804,-0.190,4.567,0.056670,-0.679150,-0.069586,-0.728493,img_469.jpg
63849,1280,720,636.0204,341.0984,1003.9038,1005.69714,-2.816,-0.182,4.515,0.052512,-0.674762,-0.067444,-0.733069,img_470.jpg
63949,1280,720,636.0204,341.0984,1003.9038,1005.69714,-2.828,-0.182,4.478,0.059825,-0.671295,-0.065856,-0.735831,img_471.jpg
64063,1280,720,636.0204,341.0984,1003.9038,1005.69714,-2.838,-0.183,4.431,0.051859,-0.668567,-0.069519,-0.738577,img_472.jpg
64165,1280,720,636.0204,341.0984,1003.9038,1005.69714,-2.846,-0.185,4.388,0.056494,-0.671732,-0.065501,-0.735727,img_473.jpg
64284,1280,720,636.0204,341.0984,1003.9038,1005.69714,-2.851,-0.184,4.341,0.048614,-0.674720,-0.062836,-0.733786,img_474.jpg
64401,1280,720,636.0204,341.0984,1003.9038,1005.69714,-2.849,-0.175,4.277,0.048305,-0.686999,-0.056444,-0.722851,img_475.jpg
64516,1280,720,636.0204,341.0984,1003.9038,1005.69714,-2.843,-0.168,4.230,0.044252,-0.696199,-0.056982,-0.714214,img_476.jpg
64622,1280,720,636.0204,341.0984,1003.9038,1005.69714,-2.837,-0.160,4.185,0.046212,-0.705707,-0.056993,-0.704694,img_477.jpg
64721,1280,720,636.0204,341.0984,1003.9038,1005.69714,-2.830,-0.155,4.133,0.046139,-0.715504,-0.060302,-0.694470,img_478.jpg
64833,1280,720,636.0204,341.0984,1003.9038,1005.69714,-2.826,-0.153,4.101,0.041519,-0.720184,-0.062266,-0.689735,img_479.jpg
64949,1280,720,636.0204,341.0984,1003.9038,1005.69714,-2.826,-0.152,4.071,0.049802,-0.718419,-0.063635,-0.690902,img_480.jpg,marker_9.jpg,0.26291203,0.26291203,-3.695,-0.261,3.944,-0.495839,-0.523175,0.499560,0.499560
65055,1280,720,636.0204,341.0984,1003.9038,1005.69714,-2.830,-0.156,4.040,0.046779,-0.716121,-0.066195,-0.693254,img_481.jpg
65166,1280,720,636.0204,341.0984,1003.9038,1005.69714,-2.838,-0.158,4.017,0.052293,-0.714700,-0.059571,-0.694925,img_482.jpg
65283,1280,720,636.0204,341.0984,1003.9038,1005.69714,-2.848,-0.158,3.994,0.058073,-0.708256,-0.059140,-0.701073,img_483.jpg
65383,1280,720,636.0204,341.0984,1003.9038,1005.69714,-2.856,-0.159,3.974,0.056859,-0.701854,-0.063546,-0.707199,img_484.jpg
65498,1280,720,636.0204,341.0984,1003.9038,1005.69714,-2.868,-0.161,3.946,0.057414,-0.697197,-0.066835,-0.711444,img_485.jpg
65618,1280,720,636.0204,341.0984,1003.9038,1005.69714,-2.879,-0.164,3.923,0.052751,-0.695194,-0.074126,-0.713042,img_486.jpg
65719,1280,720,636.0204,341.0984,1003.9038,1005.69714,-2.897,-0.163,3.892,0.047942,-0.697733,-0.081275,-0.710115,img_487.jpg,marker_9.jpg,0.26463416,0.26463416,-3.699,-0.261,3.945,-0.491981,-0.529054,0.498773,0.498773
65833,1280,720,636.0204,341.0984,1003.9038,1005.69714,-2.914,-0.163,3.870,0.046103,-0.698843,-0.086008,-0.708587,img_488.jpg
65949,1280,720,636.0204,341.0984,1003.9038,1005.69714,-2.928,-0.164,3.849,0.052862,-0.699657,-0.085466,-0.707376,img_489.jpg
66053,1280,720,636.0204,341.0984,1003.9038,1005.69714,-2.941,-0.163,3.833,0.053613,-0.702043,-0.084334,-0.705088,img_490.jpg
66166,1280,720,636.0204,341.0984,1003.9038,1005.69714,-2.956,-0.166,3.813,0.062333,-0.708049,-0.084945,-0.698259,img_491.jpg,marker_9.jpg,0.2636212,0.2636212,-3.701,-0.260,3.946,-0.486404,-0.533605,0.504458,0.504458
66300,1280,720,636.0204,341.0984,1003.9038,1005.69714,-2.964,-0.167,3.790,0.067640,-0.718720,-0.079446,-0.687426,img_492.jpg
66416,1280,720,636.0204,341.0984,1003.9038,1005.69714,-2.966,-0.168,3.769,0.068644,-0.728432,-0.075763,-0.677447,img_493.jpg
66517,1280,720,636.0204,341.0984,1003.9038,1005.69714,-2.957,-0.165,3.734,0.069699,-0.744734,-0.069409,-0.660073,img_494.jpg
66635,1280,720,636.0204,341.0984,1003.9038,1005.69714,-2.941,-0.162,3.704,0.061034,-0.757354,-0.068168,-0.646562,img_495.jpg
66750,1280,720,636.0204,341.0984,1003.9038,1005.69714,-2.925,-0.158,3.666,0.063093,-0.765152,-0.063191,-0.637627,img_496.jpg,marker_9.jpg,0.2634385,0.2634385,-3.700,-0.261,3.944,-0.492579,-0.529444,0.500293,0.500293
66860,1280,720,636.0204,341.0984,1003.9038,1005.69714,-2.898,-0.154,3.611,0.059605,-0.767788,-0.062521,-0.634855,img_497.jpg
66971,1280,720,636.0204,341.0984,1003.9038,1005.69714,-2.879,-0.153,3.570,0.062315,-0.766643,-0.065718,-0.635654,img_498.jpg
67067,1280,720,636.0204,341.0984,1003.9038,1005.69714,-2.859,-0.153,3.533,0.063306,-0.763674,-0.069704,-0.638699,img_499.jpg
67161,1280,720,636.0204,341.0984,1003.9038,1005.69714,-2.839,-0.152,3.498,0.062169,-0.757806,-0.070409,-0.645684,img_500.jpg
67266,1280,720,636.0204,341.0984,1003.9038,1005.69714,-2.824,-0.149,3.464,0.067619,-0.750315,-0.062848,-0.654603,img_501.jpg
67358,1280,720,636.0204,341.0984,1003.9038,1005.69714,-2.812,-0.147,3.433,0.070144,-0.740204,-0.059703,-0.666043,img_502.jpg
67466,1280,720,636.0204,341.0984,1003.9038,1005.69714,-2.805,-0.147,3.400,0.072529,-0.729044,-0.058259,-0.678115,img_503.jpg
67556,1280,720,636.0204,341.0984,1003.9038,1005.69714,-2.799,-0.150,3.366,0.078333,-0.716593,-0.055040,-0.690891,img_504.jpg
67666,1280,720,636.0204,341.0984,1003.9038,1005.69714,-2.800,-0.154,3.334,0.083514,-0.703421,-0.058841,-0.703393,img_505.jpg
67757,1280,720,636.0204,341.0984,1003.9038,1005.69714,-2.799,-0.157,3.300,0.083972,-0.693131,-0.062083,-0.713207,img_506.jpg
67868,1280,720,636.0204,341.0984,1003.9038,1005.69714,-2.802,-0.159,3.263,0.079265,-0.684139,-0.066730,-0.721954,img_507.jpg
67991,1280,720,636.0204,341.0984,1003.9038,1005.69714,-2.809,-0.161,3.222,0.075420,-0.677677,-0.071341,-0.727995,img_508.jpg
68091,1280,720,636.0204,341.0984,1003.9038,1005.69714,-2.819,-0.161,3.180,0.075411,-0.672177,-0.076370,-0.732570,img_509.jpg
68207,1280,720,636.0204,341.0984,1003.9038,1005.69714,-2.837,-0.160,3.131,0.076900,-0.666732,-0.089106,-0.735945,img_510.jpg
68321,1280,720,636.0204,341.0984,1003.9038,1005.69714,-2.846,-0.156,3.093,0.071259,-0.661631,-0.088530,-0.741167,img_511.jpg
68437,1280,720,636.0204,341.0984,1003.9038,1005.69714,-2.856,-0.154,3.043,0.078428,-0.653054,-0.081912,-0.748772,img_512.jpg
68552,1280,720,636.0204,341.0984,1003.9038,1005.69714,-2.858,-0.152,2.991,0.076728,-0.652246,-0.070782,-0.750785,img_513.jpg
68668,1280,720,636.0204,341.0984,1003.9038,1005.69714,-2.859,-0.152,2.951,0.078234,-0.656586,-0.065122,-0.747351,img_514.jpg
68789,1280,720,636.0204,341.0984,1003.9038,1005.69714,-2.856,-0.151,2.895,0.074580,-0.670227,-0.060654,-0.735904,img_515.jpg
68919,1280,720,636.0204,341.0984,1003.9038,1005.69714,-2.848,-0.144,2.838,0.067845,-0.685300,-0.059582,-0.722642,img_516.jpg
69035,1280,720,636.0204,341.0984,1003.9038,1005.69714,-2.840,-0.138,2.795,0.070357,-0.695933,-0.056255,-0.712435,img_517.jpg
69137,1280,720,636.0204,341.0984,1003.9038,1005.69714,-2.831,-0.133,2.758,0.068500,-0.704174,-0.059400,-0.704215,img_518.jpg
69239,1280,720,636.0204,341.0984,1003.9038,1005.69714,-2.822,-0.129,2.724,0.066824,-0.710274,-0.060611,-0.698120,img_519.jpg
69351,1280,720,636.0204,341.0984,1003.9038,1005.69714,-2.812,-0.126,2.692,0.066203,-0.712690,-0.058809,-0.695867,img_520.jpg
69460,1280,720,636.0204,341.0984,1003.9038,1005.69714,-2.801,-0.125,2.653,0.066374,-0.710672,-0.050856,-0.698537,img_521.jpg
69574,1280,720,636.0204,341.0984,1003.9038,1005.69714,-2.797,-0.124,2.627,0.070415,-0.708820,-0.042762,-0.700563,img_522.jpg
69680,1280,720,636.0204,341.0984,1003.9038,1005.69714,-2.799,-0.122,2.604,0.070248,-0.706251,-0.037355,-0.703476,img_523.jpg
69784,1280,720,636.0204,341.0984,1003.9038,1005.69714,-2.804,-0.121,2.581,0.070070,-0.703152,-0.033480,-0.706786,img_524.jpg
69901,1280,720,636.0204,341.0984,1003.9038,1005.69714,-2.816,-0.119,2.548,0.071547,-0.695748,-0.032337,-0.713982,img_525.jpg
70006,1280,720,636.0204,341.0984,1003.9038,1005.69714,-2.828,-0.117,2.523,0.064987,-0.689802,-0.037140,-0.720119,img_526.jpg
70118,1280,720,636.0204,341.0984,1003.9038,1005.69714,-2.849,-0.116,2.486,0.057967,-0.685693,-0.041243,-0.724406,img_527.jpg
70235,1280,720,636.0204,341.0984,1003.9038,1005.69714,-2.868,-0.113,2.461,0.054132,-0.685902,-0.043373,-0.724381,img_528.jpg
70340,1280,720,636.0204,341.0984,1003.9038,1005.69714,-2.886,-0.113,2.435,0.054426,-0.682600,-0.045358,-0.727350,img_529.jpg,marker_10.jpg,0.26322114,0.26322114,-3.773,-0.208,2.205,-0.483086,-0.525692,0.500334,0.500334
70449,1280,720,636.0204,341.0984,1003.9038,1005.69714,-2.906,-0.112,2.404,0.054646,-0.674039,-0.044937,-0.735300,img_530.jpg
70571,1280,720,636.0204,341.0984,1003.9038,1005.69714,-2.919,-0.112,2.383,0.058457,-0.671025,-0.043781,-0.737829,img_531.jpg
70679,1280,720,636.0204,341.0984,1003.9038,1005.69714,-2.928,-0.112,2.362,0.058237,-0.669872,-0.043492,-0.738910,img_532.jpg
70804,1280,720,636.0204,341.0984,1003.9038,1005.69714,-2.938,-0.114,2.326,0.059827,-0.674520,-0.038475,-0.734822,img_533.jpg
70907,1280,720,636.0204,341.0984,1003.9038,1005.69714,-2.941,-0.116,2.297,0.064690,-0.683685,-0.033159,-0.726148,img_534.jpg
71010,1280,720,636.0204,341.0984,1003.9038,1005.69714,-2.940,-0.116,2.271,0.061639,-0.693632,-0.036635,-0.716752,img_535.jpg,marker_10.jpg,0.26540834,0.26540834,-3.775,-0.209,2.204,-0.470319,-0.535384,0.518848,0.518848
71112,1280,720,636.0204,341.0984,1003.9038,1005.69714,-2.933,-0.115,2.238,0.062602,-0.710432,-0.038682,-0.699908,img_536.jpg
71219,1280,720,636.0204,341.0984,1003.9038,1005.69714,-2.929,-0.114,2.214,0.063421,-0.719845,-0.041037,-0.690012,img_537.jpg
71319,1280,720,636.0204,341.0984,1003.9038,1005.69714,-2.922,-0.113,2.192,0.058027,-0.723379,-0.046167,-0.686458,img_538.jpg
71435,1280,720,636.0204,341.0984,1003.9038,1005.69714,-2.916,-0.112,2.168,0.058232,-0.728698,-0.046710,-0.680754,img_539.jpg
71528,1280,720,636.0204,341.0984,1003.9038,1005.69714,-2.911,-0.112,2.147,0.057859,-0.733549,-0.049187,-0.675381,img_540.jpg,marker_10.jpg,0.2646295,0.2646295,-3.775,-0.208,2.204,-0.491230,-0.517998,0.505215,0.505215
71632,1280,720,636.0204,341.0984,1003.9038,1005.69714,-2.906,-0.112,2.128,0.060342,-0.736280,-0.048888,-0.672206,img_541.jpg
71722,1280,720,636.0204,341.0984,1003.9038,1005.69714,-2.902,-0.114,2.106,0.064534,-0.733300,-0.047331,-0.675179,img_542.jpg
71832,1280,720,636.0204,341.0984,1003.9038,1005.69714,-2.901,-0.116,2.082,0.068170,-0.724596,-0.043033,-0.684442,img_543.jpg
71925,1280,720,636.0204,341.0984,1003.9038,1005.69714,-2.902,-0.118,2.065,0.059073,-0.701965,-0.045004,-0.708329,img_544.jpg
72015,1280,720,636.0204,341.0984,1003.9038,1005.69714,-2.908,-0.121,2.046,0.064967,-0.691074,-0.044935,-0.718455,img_545.jpg
72119,1280,720,636.0204,341.0984,1003.9038,1005.69714,-2.918,-0.124,2.027,0.061097,-0.662767,-0.047591,-0.744810,img_546.jpg
72235,1280,720,636.0204,341.0984,1003.9038,1005.69714,-2.930,-0.129,2.007,0.070826,-0.643074,-0.051701,-0.760767,img_547.jpg
72323,1280,720,636.0204,341.0984,1003.9038,1005.69714,-2.943,-0.133,1.987,0.072516,-0.622698,-0.057883,-0.776942,img_548.jpg,marker_10.jpg,0.27152678,0.27152678,-3.772,-0.207,2.212,-0.498149,-0.513762,0.497215,0.497215
72435,1280,720,636.0204,341.0984,1003.9038,1005.69714,-2.959,-0.136,1.965,0.071760,-0.600716,-0.061104,-0.793887,img_549.jpg
72527,1280,720,636.0204,341.0984,1003.9038,1005.69714,-2.973,-0.134,1.940,0.074641,-0.579829,-0.056003,-0.809377,img_550.jpg
72635,1280,720,636.0204,341.0984,1003.9038,1005.69714,-2.986,-0.132,1.917,0.069642,-0.556362,-0.059618,-0.825867,img_551.jpg
72727,1280,720,636.0204,341.0984,1003.9038,1005.69714,-2.998,-0.128,1.893,0.067080,-0.532558,-0.060353,-0.841570,img_552.jpg
72835,1280,720,636.0204,341.0984,1003.9038,1005.69714,-3.008,-0.126,1.869,0.065086,-0.508361,-0.058205,-0.856706,img_553.jpg
72932,1280,720,636.0204,341.0984,1003.9038,1005.69714,-3.018,-0.125,1.848,0.061801,-0.479736,-0.059849,-0.873185,img_554.jpg
73054,1280,720,636.0204,341.0984,1003.9038,1005.69714,-3.026,-0.123,1.817,0.066558,-0.440255,-0.053906,-0.893778,img_555.jpg
73171,1280,720,636.0204,341.0984,1003.9038,1005.69714,-3.028,-0.122,1.796,0.065032,-0.411631,-0.048891,-0.907712,img_556.jpg
73275,1280,720,636.0204,341.0984,1003.9038,1005.69714,-3.028,-0.122,1.777,0.067533,-0.380838,-0.048979,-0.920871,img_557.jpg
73388,1280,720,636.0204,341.0984,1003.9038,1005.69714,-3.026,-0.121,1.760,0.069327,-0.353711,-0.045509,-0.931671,img_558.jpg
73496,1280,720,636.0204,341.0984,1003.9038,1005.69714,-3.021,-0.119,1.741,0.074014,-0.321506,-0.040239,-0.943153,img_559.jpg
73619,1280,720,636.0204,341.0984,1003.9038,1005.69714,-3.018,-0.117,1.724,0.070212,-0.290087,-0.038894,-0.953628,img_560.jpg
73736,1280,720,636.0204,341.0984,1003.9038,1005.69714,-3.013,-0.115,1.715,0.069222,-0.270073,-0.035626,-0.959687,img_561.jpg
73851,1280,720,636.0204,341.0984,1003.9038,1005.69714,-3.007,-0.114,1.706,0.067515,-0.243789,-0.032392,-0.966933,img_562.jpg
73973,1280,720,636.0204,341.0984,1003.9038,1005.69714,-3.001,-0.114,1.695,0.068799,-0.222120,-0.029137,-0.972152,img_563.jpg
74086,1280,720,636.0204,341.0984,1003.9038,1005.69714,-2.990,-0.113,1.689,0.067138,-0.199715,-0.027985,-0.977151,img_564.jpg
74207,1280,720,636.0204,341.0984,1003.9038,1005.69714,-2.971,-0.110,1.683,0.064584,-0.173073,-0.018505,-0.982615,img_565.jpg
74337,1280,720,636.0204,341.0984,1003.9038,1005.69714,-2.954,-0.107,1.680,0.058633,-0.149467,-0.016228,-0.986893,img_566.jpg
74453,1280,720,636.0204,341.0984,1003.9038,1005.69714,-2.933,-0.104,1.677,0.059722,-0.130571,-0.012437,-0.989560,img_567.jpg
74571,1280,720,636.0204,341.0984,1003.9038,1005.69714,-2.916,-0.105,1.674,0.063517,-0.119114,-0.012619,-0.990766,img_568.jpg
74681,1280,720,636.0204,341.0984,1003.9038,1005.69714,-2.899,-0.106,1.673,0.066045,-0.112492,-0.010077,-0.991404,img_569.jpg
74794,1280,720,636.0204,341.0984,1003.9038,1005.69714,-2.883,-0.106,1.672,0.064835,-0.108322,-0.005462,-0.991984,img_570.jpg
74900,1280,720,636.0204,341.0984,1003.9038,1005.69714,-2.854,-0.103,1.672,0.061890,-0.099523,0.000966,-0.993108,img_571.jpg
75021,1280,720,636.0204,341.0984,1003.9038,1005.69714,-2.829,-0.101,1.672,0.059214,-0.091490,0.005819,-0.994027,img_572.jpg
75124,1280,720,636.0204,341.0984,1003.9038,1005.69714,-2.798,-0.102,1.669,0.060487,-0.086034,0.009336,-0.994411,img_573.jpg
75233,1280,720,636.0204,341.0984,1003.9038,1005.69714,-2.776,-0.102,1.666,0.062043,-0.081483,0.012055,-0.994669,img_574.jpg
75333,1280,720,636.0204,341.0984,1003.9038,1005.69714,-2.756,-0.100,1.664,0.060676,-0.076365,0.012009,-0.995160,img_575.jpg
75450,1280,720,636.0204,341.0984,1003.9038,1005.69714,-2.727,-0.099,1.661,0.061956,-0.070187,0.013314,-0.995519,img_576.jpg
75574,1280,720,636.0204,341.0984,1003.9038,1005.69714,-2.706,-0.100,1.660,0.064885,-0.066928,0.014056,-0.995547,img_577.jpg
75681,1280,720,636.0204,341.0984,1003.9038,1005.69714,-2.680,-0.099,1.659,0.065489,-0.066170,0.013709,-0.995563,img_578.jpg
75791,1280,720,636.0204,341.0984,1003.9038,1005.69714,-2.661,-0.099,1.659,0.067221,-0.066529,0.013604,-0.995425,img_579.jpg
75906,1280,720,636.0204,341.0984,1003.9038,1005.69714,-2.640,-0.099,1.659,0.068876,-0.067009,0.012041,-0.995299,img_580.jpg
76018,1280,720,636.0204,341.0984,1003.9038,1005.69714,-2.618,-0.100,1.662,0.069800,-0.068781,0.011866,-0.995116,img_581.jpg
76140,1280,720,636.0204,341.0984,1003.9038,1005.69714,-2.585,-0.099,1.667,0.069520,-0.072215,0.012943,-0.994879,img_582.jpg
76236,1280,720,636.0204,341.0984,1003.9038,1005.69714,-2.560,-0.097,1.671,0.068488,-0.074351,0.012788,-0.994795,img_583.jpg
76339,1280,720,636.0204,341.0984,1003.9038,1005.69714,-2.536,-0.095,1.676,0.066145,-0.072712,0.009682,-0.995110,img_584.jpg
76465,1280,720,636.0204,341.0984,1003.9038,1005.69714,-2.505,-0.092,1.683,0.061376,-0.067664,0.004419,-0.995809,img_585.jpg
76571,1280,720,636.0204,341.0984,1003.9038,1005.69714,-2.487,-0.090,1.687,0.059853,-0.065307,0.005952,-0.996051,img_586.jpg
76676,1280,720,636.0204,341.0984,1003.9038,1005.69714,-2.462,-0.088,1.686,0.054326,-0.059337,0.002802,-0.996755,img_587.jpg
76791,1280,720,636.0204,341.0984,1003.9038,1005.69714,-2.443,-0.087,1.680,0.053713,-0.052234,0.003126,-0.997184,img_588.jpg
76904,1280,720,636.0204,341.0984,1003.9038,1005.69714,-2.421,-0.087,1.668,0.052694,-0.041894,0.001106,-0.997731,img_589.jpg
77002,1280,720,636.0204,341.0984,1003.9038,1005.69714,-2.397,-0.086,1.654,0.048854,-0.031935,-0.001574,-0.998294,img_590.jpg
77105,1280,720,636.0204,341.0984,1003.9038,1005.69714,-2.373,-0.087,1.636,0.046708,-0.020794,-0.008180,-0.998659,img_591.jpg
77200,1280,720,636.0204,341.0984,1003.9038,1005.69714,-2.346,-0.085,1.615,0.048296,-0.016220,-0.008363,-0.998666,img_592.jpg
77305,1280,720,636.0204,341.0984,1003.9038,1005.69714,-2.325,-0.082,1.598,0.045462,-0.010476,-0.010223,-0.998859,img_593.jpg
77401,1280,720,636.0204,341.0984,1003.9038,1005.69714,-2.304,-0.081,1.579,0.046404,-0.007185,-0.008247,-0.998863,img_594.jpg
77506,1280,720,636.0204,341.0984,1003.9038,1005.69714,-2.286,-0.081,1.559,0.052843,0.000183,-0.008799,-0.998564,img_595.jpg
77602,1280,720,636.0204,341.0984,1003.9038,1005.69714,-2.268,-0.080,1.544,0.053807,0.010576,-0.011327,-0.998431,img_596.jpg
77705,1280,720,636.0204,341.0984,1003.9038,1005.69714,-2.248,-0.082,1.529,0.061759,0.017366,-0.007186,-0.997914,img_597.jpg
77804,1280,720,636.0204,341.0984,1003.9038,1005.69714,-2.226,-0.083,1.520,0.061578,0.021968,-0.007643,-0.997831,img_598.jpg
77921,1280,720,636.0204,341.0984,1003.9038,1005.69714,-2.190,-0.086,1.511,0.062696,0.022912,-0.002265,-0.997767,img_599.jpg
78039,1280,720,636.0204,341.0984,1003.9038,1005.69714,-2.158,-0.089,1.510,0.064471,0.021502,0.000569,-0.997688,img_600.jpg
78144,1280,720,636.0204,341.0984,1003.9038,1005.69714,-2.121,-0.089,1.514,0.064068,0.023347,0.000930,-0.997672,img_601.jpg
78261,1280,720,636.0204,341.0984,1003.9038,1005.69714,-2.066,-0.088,1.524,0.062532,0.028333,0.005970,-0.997623,img_602.jpg
78375,1280,720,636.0204,341.0984,1003.9038,1005.69714,-2.025,-0.088,1.536,0.061948,0.032983,0.007643,-0.997505,img_603.jpg
78482,1280,720,636.0204,341.0984,1003.9038,1005.69714,-1.973,-0.085,1.558,0.059316,0.036356,0.007830,-0.997546,img_604.jpg
78608,1280,720,636.0204,341.0984,1003.9038,1005.69714,-1.940,-0.087,1.576,0.061425,0.039440,0.004316,-0.997323,img_605.jpg
78714,1280,720,636.0204,341.0984,1003.9038,1005.69714,-1.896,-0.093,1.599,0.068416,0.041416,-0.002312,-0.996794,img_606.jpg
78839,1280,720,636.0204,341.0984,1003.9038,1005.69714,-1.869,-0.098,1.613,0.067290,0.042312,-0.015124,-0.996721,img_607.jpg
78939,1280,720,636.0204,341.0984,1003.9038,1005.69714,-1.842,-0.102,1.623,0.066159,0.044594,-0.019994,-0.996612,img_608.jpg
79052,1280,720,636.0204,341.0984,1003.9038,1005.69714,-1.800,-0.107,1.629,0.067424,0.047009,-0.019234,-0.996431,img_609.jpg
79157,1280,720,636.0204,341.0984,1003.9038,1005.69714,-1.766,-0.112,1.625,0.069370,0.048793,-0.022066,-0.996153,img_610.jpg
79273,1280,720,636.0204,341.0984,1003.9038,1005.69714,-1.733,-0.117,1.615,0.072066,0.047117,-0.030705,-0.995813,img_611.jpg
79383,1280,720,636.0204,341.0984,1003.9038,1005.69714,-1.692,-0.127,1.595,0.078950,0.041795,-0.060621,-0.994156,img_612.jpg
79490,1280,720,636.0204,341.0984,1003.9038,1005.69714,-1.663,-0.137,1.578,0.099297,0.037080,-0.072888,-0.991692,img_613.jpg
79610,1280,720,636.0204,341.0984,1003.9038,1005.69714,-1.635,-0.136,1.571,0.101417,0.019913,-0.070034,-0.992176,img_614.jpg
79712,1280,720,636.0204,341.0984,1003.9038,1005.69714,-1.597,-0.131,1.565,0.099995,-0.004708,-0.041680,-0.994103,img_615.jpg
79825,1280,720,636.0204,341.0984,1003.9038,1005.69714,-1.566,-0.129,1.566,0.098340,-0.030543,-0.016617,-0.994545,img_616.jpg
79940,1280,720,636.0204,341.0984,1003.9038,1005.69714,-1.535,-0.133,1.569,0.094324,-0.046085,-0.021079,-0.994251,img_617.jpg
80053,1280,720,636.0204,341.0984,1003.9038,1005.69714,-1.487,-0.140,1.579,0.102927,-0.078647,-0.025759,-0.991240,img_618.jpg
80179,1280,720,636.0204,341.0984,1003.9038,1005.69714,-1.440,-0.141,1.597,0.104583,-0.108244,-0.037805,-0.987885,img_619.jpg
80291,1280,720,636.0204,341.0984,1003.9038,1005.69714,-1.407,-0.138,1.615,0.097907,-0.122303,-0.046377,-0.986562,img_620.jpg
80414,1280,720,636.0204,341.0984,1003.9038,1005.69714,-1.374,-0.135,1.636,0.102075,-0.139664,-0.047194,-0.983792,img_621.jpg
80525,1280,720,636.0204,341.0984,1003.9038,1005.69714,-1.333,-0.134,1.669,0.096491,-0.150014,-0.051239,-0.982629,img_622.jpg
80643,1280,720,636.0204,341.0984,1003.9038,1005.69714,-1.297,-0.133,1.696,0.090010,-0.143539,-0.048446,-0.984351,img_623.jpg
80748,1280,720,636.0204,341.0984,1003.9038,1005.69714,-1.247,-0.136,1.733,0.091274,-0.137185,-0.050384,-0.985043,img_624.jpg
80875,1280,720,636.0204,341.0984,1003.9038,1005.69714,-1.210,-0.137,1.764,0.089614,-0.139689,-0.051303,-0.984797,img_625.jpg
80992,1280,720,636.0204,341.0984,1003.9038,1005.69714,-1.161,-0.136,1.814,0.083179,-0.142847,-0.056657,-0.984615,img_626.jpg
81109,1280,720,636.0204,341.0984,1003.9038,1005.69714,-1.123,-0.130,1.851,0.084646,-0.142581,-0.059091,-0.984385,img_627.jpg
81218,1280,720,636.0204,341.0984,1003.9038,1005.69714,-1.070,-0.117,1.897,0.076913,-0.139394,-0.057917,-0.985545,img_628.jpg
81326,1280,720,636.0204,341.0984,1003.9038,1005.69714,-1.032,-0.110,1.924,0.068340,-0.136416,-0.056838,-0.986656,img_629.jpg
81436,1280,720,636.0204,341.0984,1003.9038,1005.69714,-0.985,-0.101,1.947,0.060414,-0.127999,-0.050797,-0.988628,img_630.jpg
81558,1280,720,636.0204,341.0984,1003.9038,1005.69714,-0.952,-0.097,1.956,0.050690,-0.125255,-0.042513,-0.989916,img_631.jpg
81676,1280,720,636.0204,341.0984,1003.9038,1005.69714,-0.916,-0.096,1.957,0.044732,-0.115273,-0.043272,-0.991382,img_632.jpg
81783,1280,720,636.0204,341.0984,1003.9038,1005.69714,-0.869,-0.092,1.954,0.040701,-0.112205,-0.041619,-0.991978,img_633.jpg
81892,1280,720,636.0204,341.0984,1003.9038,1005.69714,-0.839,-0.089,1.945,0.031641,-0.096345,-0.049687,-0.993603,img_634.jpg
81994,1280,720,636.0204,341.0984,1003.9038,1005.69714,-0.814,-0.086,1.930,0.028192,-0.089716,-0.048279,-0.994397,img_635.jpg
82091,1280,720,636.0204,341.0984,1003.9038,1005.69714,-0.794,-0.085,1.917,0.028856,-0.090271,-0.045440,-0.994462,img_636.jpg
82192,1280,720,636.0204,341.0984,1003.9038,1005.69714,-0.774,-0.083,1.905,0.027027,-0.091280,-0.039783,-0.994663,img_637.jpg
82290,1280,720,636.0204,341.0984,1003.9038,1005.69714,-0.756,-0.081,1.894,0.023409,-0.092282,-0.036592,-0.994785,img_638.jpg
82393,1280,720,636.0204,341.0984,1003.9038,1005.69714,-0.744,-0.080,1.887,0.020379,-0.094418,-0.038506,-0.994579,img_639.jpg,marker_12.jpg,0.26456982,0.26456982,-0.823,-0.228,1.047,-0.718086,-0.016952,-0.014251,-0.014251
82490,1280,720,636.0204,341.0984,1003.9038,1005.69714,-0.736,-0.079,1.882,0.018082,-0.097714,-0.040309,-0.994234,img_640.jpg
82592,1280,720,636.0204,341.0984,1003.9038,1005.69714,-0.730,-0.077,1.877,0.019777,-0.096411,-0.038059,-0.994417,img_641.jpg
82692,1280,720,636.0204,341.0984,1003.9038,1005.69714,-0.726,-0.075,1.874,0.020686,-0.089422,-0.037993,-0.995054,img_642.jpg
82791,1280,720,636.0204,341.0984,1003.9038,1005.69714,-0.723,-0.071,1.871,0.030008,-0.082183,-0.024407,-0.995866,img_643.jpg
82892,1280,720,636.0204,341.0984,1003.9038,1005.69714,-0.726,-0.067,1.868,0.043075,-0.069672,-0.029862,-0.996192,img_644.jpg
83001,1280,720,636.0204,341.0984,1003.9038,1005.69714,-0.725,-0.065,1.868,0.040414,-0.060605,-0.024021,-0.997054,img_645.jpg,marker_12.jpg,0.26380426,0.26380426,-0.825,-0.228,1.048,-0.713666,-0.023770,-0.000371,-0.000371
83109,1280,720,636.0204,341.0984,1003.9038,1005.69714,-0.728,-0.063,1.866,0.047807,-0.050118,-0.022719,-0.997340,img_646.jpg
83220,1280,720,636.0204,341.0984,1003.9038,1005.69714,-0.728,-0.062,1.868,0.044213,-0.035359,-0.028925,-0.997977,img_647.jpg
83321,1280,720,636.0204,341.0984,1003.9038,1005.69714,-0.725,-0.060,1.868,0.047256,-0.035701,-0.024731,-0.997938,img_648.jpg
83443,1280,720,636.0204,341.0984,1003.9038,1005.69714,-0.728,-0.061,1.872,0.042435,-0.038883,-0.033310,-0.997786,img_649.jpg
83559,1280,720,636.0204,341.0984,1003.9038,1005.69714,-0.726,-0.059,1.876,0.035488,-0.036215,-0.025572,-0.998386,img_650.jpg
83677,1280,720,636.0204,341.0984,1003.9038,1005.69714,-0.724,-0.056,1.879,0.032800,-0.029743,-0.022947,-0.998756,img_651.jpg,marker_12.jpg,0.26408195,0.26408195,-0.824,-0.227,1.049,-0.717616,-0.021718,-0.006523,-0.006523
83795,1280,720,636.0204,341.0984,1003.9038,1005.69714,-0.722,-0.055,1.883,0.030741,-0.031918,-0.022715,-0.998759,img_652.jpg
83900,1280,720,636.0204,341.0984,1003.9038,1005.69714,-0.720,-0.054,1.884,0.030981,-0.034815,-0.017472,-0.998761,img_653.jpg
84026,1280,720,636.0204,341.0984,1003.9038,1005.69714,-0.717,-0.052,1.887,0.032390,-0.036985,-0.012585,-0.998711,img_654.jpg
84133,1280,720,636.0204,341.0984,1003.9038,1005.69714,-0.718,-0.052,1.889,0.032837,-0.039645,-0.015324,-0.998557,img_655.jpg
84249,1280,720,636.0204,341.0984,1003.9038,1005.69714,-0.717,-0.051,1.892,0.033050,-0.042065,-0.015149,-0.998453,img_656.jpg,marker_12.jpg,0.26345545,0.26345545,-0.823,-0.227,1.045,-0.716480,-0.026859,-0.000126,-0.000126
