time,sizeX,sizeY,p_x,p_y,f_x,f_y,pos_X,pos_Y,pos_Z,q_x,q_y,q_z,q_w,marker_ID,marker_x,marker_y,marker_z,marker_qx,marker_qy,marker_qz,marker_qw,marker_ID,marker_x,marker_y,marker_z,marker_qx,marker_qy,marker_qz,marker_qw,marker_ID,marker_x,marker_y,marker_z,marker_qx,marker_qy,marker_qz,marker_qw,
15495,1280,720,636.0204,341.0984,1003.9038,1005.69714,0.719,-0.121,1.054,0.079835,-0.003555,-0.003522,-0.996796,img_1.jpg
15617,1280,720,636.0204,341.0984,1003.9038,1005.69714,0.721,-0.120,1.053,0.081178,-0.003073,-0.003660,-0.996688,img_2.jpg
15720,1280,720,636.0204,341.0984,1003.9038,1005.69714,0.723,-0.119,1.052,0.079093,-0.003770,-0.001004,-0.996860,img_3.jpg
15831,1280,720,636.0204,341.0984,1003.9038,1005.69714,0.725,-0.118,1.051,0.078018,-0.003457,-0.000336,-0.996946,img_4.jpg
15945,1280,720,636.0204,341.0984,1003.9038,1005.69714,0.728,-0.117,1.049,0.078727,-0.001291,0.001446,-0.996894,img_5.jpg
16046,1280,720,636.0204,341.0984,1003.9038,1005.69714,0.730,-0.117,1.046,0.081448,0.000113,-0.002841,-0.996674,img_6.jpg
16152,1280,720,636.0204,341.0984,1003.9038,1005.69714,0.734,-0.116,1.045,0.081222,-0.004830,-0.000527,-0.996684,img_7.jpg,marker_1.jpg,0.27217203,0.27217203,0.693,-0.173,0.456,-0.702216,0.004581,-0.003987,-0.003987
16249,1280,720,636.0204,341.0984,1003.9038,1005.69714,0.739,-0.114,1.045,0.082287,-0.009509,-0.000407,-0.996563,img_8.jpg
16345,1280,720,636.0204,341.0984,1003.9038,1005.69714,0.744,-0.113,1.051,0.078624,-0.013517,0.002251,-0.996810,img_9.jpg
16446,1280,720,636.0204,341.0984,1003.9038,1005.69714,0.748,-0.113,1.061,0.075180,-0.020626,0.003170,-0.996952,img_10.jpg
16548,1280,720,636.0204,341.0984,1003.9038,1005.69714,0.750,-0.111,1.078,0.070671,-0.027184,0.003714,-0.997122,img_11.jpg
16652,1280,720,636.0204,341.0984,1003.9038,1005.69714,0.752,-0.106,1.099,0.064221,-0.030994,-0.000176,-0.997454,img_12.jpg
16751,1280,720,636.0204,341.0984,1003.9038,1005.69714,0.758,-0.099,1.123,0.057268,-0.032931,-0.000283,-0.997816,img_13.jpg,marker_1.jpg,0.2706492,0.2706492,0.693,-0.173,0.457,-0.701080,0.000969,-0.001939,-0.001939
16850,1280,720,636.0204,341.0984,1003.9038,1005.69714,0.765,-0.095,1.149,0.048868,-0.034896,0.002313,-0.998193,img_14.jpg
16947,1280,720,636.0204,341.0984,1003.9038,1005.69714,0.775,-0.092,1.174,0.046109,-0.043582,0.003588,-0.997979,img_15.jpg
17050,1280,720,636.0204,341.0984,1003.9038,1005.69714,0.788,-0.089,1.195,0.072806,-0.037194,0.000620,-0.996652,img_16.jpg
17150,1280,720,636.0204,341.0984,1003.9038,1005.69714,0.801,-0.084,1.217,0.072544,-0.039356,0.002985,-0.996584,img_17.jpg
17244,1280,720,636.0204,341.0984,1003.9038,1005.69714,0.809,-0.079,1.239,0.065766,-0.038818,-0.004042,-0.997072,img_18.jpg,marker_1.jpg,0.27230456,0.27230456,0.693,-0.173,0.458,-0.709065,0.006019,-0.008312,-0.008312
17362,1280,720,636.0204,341.0984,1003.9038,1005.69714,0.822,-0.071,1.265,0.055196,-0.029364,-0.009444,-0.997999,img_19.jpg
17462,1280,720,636.0204,341.0984,1003.9038,1005.69714,0.836,-0.067,1.281,0.049670,-0.022355,-0.007222,-0.998489,img_20.jpg
17579,1280,720,636.0204,341.0984,1003.9038,1005.69714,0.849,-0.065,1.291,0.040912,-0.008049,-0.013012,-0.999046,img_21.jpg
17686,1280,720,636.0204,341.0984,1003.9038,1005.69714,0.866,-0.066,1.299,0.039048,-0.001033,-0.015982,-0.999109,img_22.jpg
17791,1280,720,636.0204,341.0984,1003.9038,1005.69714,0.893,-0.067,1.308,0.047273,0.012009,-0.009501,-0.998765,img_23.jpg,marker_1.jpg,0.27602643,0.27602643,0.688,-0.173,0.456,-0.717585,0.019192,-0.012948,-0.012948
17898,1280,720,636.0204,341.0984,1003.9038,1005.69714,0.913,-0.068,1.315,0.045902,0.024799,-0.013886,-0.998542,img_24.jpg
18014,1280,720,636.0204,341.0984,1003.9038,1005.69714,0.934,-0.068,1.324,0.046283,0.028107,-0.010866,-0.998474,img_25.jpg
18131,1280,720,636.0204,341.0984,1003.9038,1005.69714,0.956,-0.069,1.335,0.045498,0.026441,-0.007810,-0.998584,img_26.jpg
18241,1280,720,636.0204,341.0984,1003.9038,1005.69714,0.988,-0.070,1.351,0.045472,0.023185,-0.003537,-0.998690,img_27.jpg
18363,1280,720,636.0204,341.0984,1003.9038,1005.69714,1.019,-0.074,1.365,0.032725,0.021745,-0.015085,-0.999114,img_28.jpg
18479,1280,720,636.0204,341.0984,1003.9038,1005.69714,1.048,-0.075,1.374,0.030228,0.019188,-0.015716,-0.999235,img_29.jpg
18581,1280,720,636.0204,341.0984,1003.9038,1005.69714,1.079,-0.075,1.383,0.034412,0.010905,-0.009708,-0.999301,img_30.jpg
18677,1280,720,636.0204,341.0984,1003.9038,1005.69714,1.106,-0.078,1.393,0.035337,0.001326,-0.007920,-0.999343,img_31.jpg
18796,1280,720,636.0204,341.0984,1003.9038,1005.69714,1.145,-0.082,1.403,0.043611,-0.007269,0.000525,-0.999022,img_32.jpg,marker_1.jpg,0.26812184,0.26812184,0.690,-0.171,0.466,-0.711490,0.005263,-0.001682,-0.001682
18896,1280,720,636.0204,341.0984,1003.9038,1005.69714,1.175,-0.084,1.412,0.049031,-0.009622,0.003056,-0.998746,img_33.jpg
19013,1280,720,636.0204,341.0984,1003.9038,1005.69714,1.203,-0.086,1.421,0.053087,-0.010778,0.003638,-0.998525,img_34.jpg
19110,1280,720,636.0204,341.0984,1003.9038,1005.69714,1.227,-0.086,1.428,0.059419,-0.011506,0.005364,-0.998152,img_35.jpg
19229,1280,720,636.0204,341.0984,1003.9038,1005.69714,1.253,-0.084,1.436,0.064502,-0.009905,0.007527,-0.997840,img_36.jpg
19347,1280,720,636.0204,341.0984,1003.9038,1005.69714,1.267,-0.082,1.441,0.062711,-0.007699,0.007195,-0.997976,img_37.jpg
19443,1280,720,636.0204,341.0984,1003.9038,1005.69714,1.281,-0.080,1.445,0.060876,-0.006356,0.006569,-0.998103,img_38.jpg
19563,1280,720,636.0204,341.0984,1003.9038,1005.69714,1.299,-0.082,1.444,0.065822,0.001796,0.003376,-0.997824,img_39.jpg
19664,1280,720,636.0204,341.0984,1003.9038,1005.69714,1.314,-0.084,1.440,0.068663,0.009556,-0.001291,-0.997593,img_40.jpg
19779,1280,720,636.0204,341.0984,1003.9038,1005.69714,1.330,-0.086,1.436,0.064724,0.015268,-0.005134,-0.997773,img_41.jpg
19870,1280,720,636.0204,341.0984,1003.9038,1005.69714,1.350,-0.089,1.429,0.067942,0.019500,-0.002503,-0.997496,img_42.jpg
19979,1280,720,636.0204,341.0984,1003.9038,1005.69714,1.372,-0.091,1.422,0.069064,0.019782,-0.000057,-0.997416,img_43.jpg
20080,1280,720,636.0204,341.0984,1003.9038,1005.69714,1.396,-0.093,1.413,0.071547,0.017541,-0.000444,-0.997283,img_44.jpg
20187,1280,720,636.0204,341.0984,1003.9038,1005.69714,1.425,-0.095,1.402,0.073374,0.016930,-0.002142,-0.997158,img_45.jpg
20284,1280,720,636.0204,341.0984,1003.9038,1005.69714,1.465,-0.094,1.387,0.076827,0.014398,-0.003366,-0.996935,img_46.jpg
20397,1280,720,636.0204,341.0984,1003.9038,1005.69714,1.494,-0.091,1.378,0.078007,0.017101,-0.005834,-0.996789,img_47.jpg
20497,1280,720,636.0204,341.0984,1003.9038,1005.69714,1.524,-0.090,1.369,0.079966,0.019665,-0.005501,-0.996589,img_48.jpg
20613,1280,720,636.0204,341.0984,1003.9038,1005.69714,1.553,-0.090,1.359,0.086777,0.028577,-0.010361,-0.995764,img_49.jpg
20715,1280,720,636.0204,341.0984,1003.9038,1005.69714,1.583,-0.088,1.354,0.085922,0.038606,-0.007780,-0.995523,img_50.jpg
20817,1280,720,636.0204,341.0984,1003.9038,1005.69714,1.620,-0.083,1.351,0.084188,0.046591,-0.004741,-0.995349,img_51.jpg
20916,1280,720,636.0204,341.0984,1003.9038,1005.69714,1.648,-0.077,1.353,0.071693,0.048050,0.001422,-0.996268,img_52.jpg
21014,1280,720,636.0204,341.0984,1003.9038,1005.69714,1.668,-0.076,1.355,0.061911,0.050804,-0.000282,-0.996788,img_53.jpg
21102,1280,720,636.0204,341.0984,1003.9038,1005.69714,1.705,-0.075,1.359,0.057342,0.048036,0.003027,-0.997194,img_54.jpg
21213,1280,720,636.0204,341.0984,1003.9038,1005.69714,1.745,-0.072,1.369,0.050304,0.041601,0.001242,-0.997866,img_55.jpg
21307,1280,720,636.0204,341.0984,1003.9038,1005.69714,1.788,-0.067,1.379,0.048708,0.039566,-0.001411,-0.998028,img_56.jpg
21414,1280,720,636.0204,341.0984,1003.9038,1005.69714,1.829,-0.063,1.390,0.047016,0.032104,-0.001485,-0.998377,img_57.jpg
21511,1280,720,636.0204,341.0984,1003.9038,1005.69714,1.867,-0.062,1.400,0.050280,0.027656,-0.002247,-0.998350,img_58.jpg
21631,1280,720,636.0204,341.0984,1003.9038,1005.69714,1.916,-0.062,1.411,0.054059,0.026243,-0.002030,-0.998191,img_59.jpg
21731,1280,720,636.0204,341.0984,1003.9038,1005.69714,1.951,-0.062,1.419,0.056552,0.028650,-0.000768,-0.997988,img_60.jpg
21827,1280,720,636.0204,341.0984,1003.9038,1005.69714,1.983,-0.060,1.427,0.050785,0.033727,-0.004552,-0.998130,img_61.jpg
21950,1280,720,636.0204,341.0984,1003.9038,1005.69714,2.011,-0.058,1.433,0.048295,0.044084,-0.000736,-0.997860,img_62.jpg
22046,1280,720,636.0204,341.0984,1003.9038,1005.69714,2.036,-0.058,1.436,0.047760,0.054969,0.003433,-0.997339,img_63.jpg
22150,1280,720,636.0204,341.0984,1003.9038,1005.69714,2.058,-0.059,1.434,0.049773,0.067168,0.004498,-0.996489,img_64.jpg
22252,1280,720,636.0204,341.0984,1003.9038,1005.69714,2.084,-0.061,1.424,0.057108,0.081603,0.003501,-0.995021,img_65.jpg
22366,1280,720,636.0204,341.0984,1003.9038,1005.69714,2.105,-0.062,1.415,0.057405,0.093234,0.002607,-0.993985,img_66.jpg
22488,1280,720,636.0204,341.0984,1003.9038,1005.69714,2.127,-0.064,1.407,0.055446,0.107385,0.002241,-0.992668,img_67.jpg
22592,1280,720,636.0204,341.0984,1003.9038,1005.69714,2.159,-0.065,1.388,0.058748,0.127141,-0.001373,-0.990142,img_68.jpg
22699,1280,720,636.0204,341.0984,1003.9038,1005.69714,2.183,-0.064,1.373,0.056921,0.140351,-0.003463,-0.988458,img_69.jpg
22815,1280,720,636.0204,341.0984,1003.9038,1005.69714,2.205,-0.062,1.360,0.054257,0.153835,-0.004366,-0.986596,img_70.jpg
22910,1280,720,636.0204,341.0984,1003.9038,1005.69714,2.225,-0.059,1.349,0.051126,0.166329,-0.000469,-0.984744,img_71.jpg
23032,1280,720,636.0204,341.0984,1003.9038,1005.69714,2.248,-0.061,1.330,0.055566,0.185437,-0.000643,-0.981084,img_72.jpg
23133,1280,720,636.0204,341.0984,1003.9038,1005.69714,2.265,-0.064,1.318,0.057072,0.201954,0.000675,-0.977730,img_73.jpg
23249,1280,720,636.0204,341.0984,1003.9038,1005.69714,2.282,-0.068,1.308,0.059238,0.215805,0.007072,-0.974612,img_74.jpg
23347,1280,720,636.0204,341.0984,1003.9038,1005.69714,2.302,-0.072,1.298,0.067092,0.230158,0.010565,-0.970780,img_75.jpg
23466,1280,720,636.0204,341.0984,1003.9038,1005.69714,2.332,-0.075,1.286,0.068940,0.247774,0.018447,-0.966186,img_76.jpg
23569,1280,720,636.0204,341.0984,1003.9038,1005.69714,2.360,-0.079,1.274,0.075436,0.258192,0.024070,-0.962843,img_77.jpg
23689,1280,720,636.0204,341.0984,1003.9038,1005.69714,2.399,-0.083,1.257,0.076367,0.263602,0.032904,-0.961041,img_78.jpg
23799,1280,720,636.0204,341.0984,1003.9038,1005.69714,2.429,-0.087,1.245,0.074723,0.264671,0.032050,-0.960905,img_79.jpg
23900,1280,720,636.0204,341.0984,1003.9038,1005.69714,2.463,-0.087,1.235,0.070281,0.270876,0.034306,-0.959432,img_80.jpg
24016,1280,720,636.0204,341.0984,1003.9038,1005.69714,2.508,-0.086,1.225,0.064493,0.288566,0.030817,-0.954788,img_81.jpg
24132,1280,720,636.0204,341.0984,1003.9038,1005.69714,2.542,-0.084,1.221,0.065991,0.301694,0.033012,-0.950545,img_82.jpg
24248,1280,720,636.0204,341.0984,1003.9038,1005.69714,2.575,-0.083,1.218,0.066778,0.315625,0.031131,-0.946019,img_83.jpg
24351,1280,720,636.0204,341.0984,1003.9038,1005.69714,2.603,-0.081,1.216,0.065426,0.326825,0.030320,-0.942330,img_84.jpg
24455,1280,720,636.0204,341.0984,1003.9038,1005.69714,2.635,-0.080,1.213,0.059851,0.344784,0.023272,-0.936483,img_85.jpg
24567,1280,720,636.0204,341.0984,1003.9038,1005.69714,2.658,-0.078,1.209,0.060240,0.355400,0.030138,-0.932284,img_86.jpg
24683,1280,720,636.0204,341.0984,1003.9038,1005.69714,2.682,-0.076,1.198,0.059658,0.373435,0.030833,-0.925223,img_87.jpg
24800,1280,720,636.0204,341.0984,1003.9038,1005.69714,2.701,-0.076,1.187,0.063498,0.390896,0.038584,-0.917431,img_88.jpg
24901,1280,720,636.0204,341.0984,1003.9038,1005.69714,2.716,-0.076,1.172,0.064864,0.408696,0.038564,-0.909546,img_89.jpg
25000,1280,720,636.0204,341.0984,1003.9038,1005.69714,2.730,-0.076,1.153,0.066365,0.427805,0.036577,-0.900689,img_90.jpg
25093,1280,720,636.0204,341.0984,1003.9038,1005.69714,2.745,-0.074,1.132,0.064579,0.447634,0.040136,-0.890979,img_91.jpg
25199,1280,720,636.0204,341.0984,1003.9038,1005.69714,2.757,-0.071,1.107,0.058638,0.473178,0.030955,-0.878468,img_92.jpg
25299,1280,720,636.0204,341.0984,1003.9038,1005.69714,2.773,-0.066,1.081,0.056738,0.496421,0.032559,-0.865614,img_93.jpg
25404,1280,720,636.0204,341.0984,1003.9038,1005.69714,2.791,-0.062,1.054,0.054944,0.520566,0.035568,-0.851309,img_94.jpg
25520,1280,720,636.0204,341.0984,1003.9038,1005.69714,2.813,-0.060,1.022,0.051046,0.547830,0.041013,-0.834023,img_95.jpg
25633,1280,720,636.0204,341.0984,1003.9038,1005.69714,2.827,-0.060,1.001,0.049097,0.569117,0.042465,-0.819690,img_96.jpg
25736,1280,720,636.0204,341.0984,1003.9038,1005.69714,2.840,-0.058,0.982,0.047830,0.585849,0.044891,-0.807761,img_97.jpg
25841,1280,720,636.0204,341.0984,1003.9038,1005.69714,2.853,-0.057,0.967,0.045344,0.600533,0.046368,-0.796966,img_98.jpg
25930,1280,720,636.0204,341.0984,1003.9038,1005.69714,2.866,-0.056,0.953,0.046728,0.610539,0.049597,-0.789050,img_99.jpg
26034,1280,720,636.0204,341.0984,1003.9038,1005.69714,2.883,-0.057,0.940,0.050209,0.616566,0.050766,-0.784059,img_100.jpg
26123,1280,720,636.0204,341.0984,1003.9038,1005.69714,2.901,-0.060,0.929,0.054007,0.616926,0.053863,-0.783317,img_101.jpg,marker_3.jpg,0.27342442,0.27342442,3.845,-0.163,0.710,-0.501468,0.511326,-0.499570,-0.499570
26234,1280,720,636.0204,341.0984,1003.9038,1005.69714,2.922,-0.062,0.921,0.054987,0.614752,0.056316,-0.784783,img_102.jpg
26321,1280,720,636.0204,341.0984,1003.9038,1005.69714,2.945,-0.062,0.917,0.053573,0.614283,0.059363,-0.785024,img_103.jpg
26434,1280,720,636.0204,341.0984,1003.9038,1005.69714,2.969,-0.060,0.916,0.049741,0.613656,0.062118,-0.785553,img_104.jpg
26521,1280,720,636.0204,341.0984,1003.9038,1005.69714,2.992,-0.058,0.915,0.048136,0.612242,0.059217,-0.786979,img_105.jpg
26634,1280,720,636.0204,341.0984,1003.9038,1005.69714,3.015,-0.058,0.914,0.045828,0.608571,0.063957,-0.789589,img_106.jpg
26718,1280,720,636.0204,341.0984,1003.9038,1005.69714,3.028,-0.060,0.915,0.040942,0.606334,0.058438,-0.792003,img_107.jpg,marker_3.jpg,0.27583697,0.27583697,3.851,-0.164,0.709,-0.491083,0.519910,-0.491768,-0.491768
26819,1280,720,636.0204,341.0984,1003.9038,1005.69714,3.041,-0.065,0.914,0.047210,0.609645,0.062298,-0.788811,img_108.jpg
26919,1280,720,636.0204,341.0984,1003.9038,1005.69714,3.051,-0.067,0.906,0.050811,0.611791,0.060902,-0.787033,img_109.jpg
27034,1280,720,636.0204,341.0984,1003.9038,1005.69714,3.057,-0.064,0.897,0.046162,0.616713,0.058933,-0.783621,img_110.jpg
27136,1280,720,636.0204,341.0984,1003.9038,1005.69714,3.063,-0.063,0.886,0.045350,0.615315,0.066526,-0.784159,img_111.jpg
27241,1280,720,636.0204,341.0984,1003.9038,1005.69714,3.067,-0.064,0.872,0.046991,0.618761,0.061632,-0.781747,img_112.jpg
27339,1280,720,636.0204,341.0984,1003.9038,1005.69714,3.067,-0.065,0.865,0.044462,0.618815,0.069596,-0.781184,img_113.jpg,marker_3.jpg,0.27151826,0.27151826,3.840,-0.162,0.713,-0.508383,0.505383,-0.488927,-0.488927
27452,1280,720,636.0204,341.0984,1003.9038,1005.69714,3.067,-0.069,0.857,0.048938,0.631176,0.067274,-0.771166,img_114.jpg
27569,1280,720,636.0204,341.0984,1003.9038,1005.69714,3.065,-0.072,0.856,0.055032,0.639702,0.065025,-0.763888,img_115.jpg
27674,1280,720,636.0204,341.0984,1003.9038,1005.69714,3.065,-0.074,0.864,0.052604,0.651571,0.062432,-0.754182,img_116.jpg
27784,1280,720,636.0204,341.0984,1003.9038,1005.69714,3.070,-0.075,0.885,0.047904,0.665845,0.066159,-0.741605,img_117.jpg
27886,1280,720,636.0204,341.0984,1003.9038,1005.69714,3.071,-0.075,0.907,0.045239,0.672860,0.065515,-0.735473,img_118.jpg
28003,1280,720,636.0204,341.0984,1003.9038,1005.69714,3.071,-0.073,0.935,0.040243,0.677746,0.068100,-0.731029,img_119.jpg,marker_3.jpg,0.27448726,0.27448726,3.837,-0.163,0.714,-0.502559,0.509551,-0.493585,-0.493585
28118,1280,720,636.0204,341.0984,1003.9038,1005.69714,3.071,-0.071,0.968,0.033378,0.680297,0.068011,-0.729010,img_120.jpg
28221,1280,720,636.0204,341.0984,1003.9038,1005.69714,3.070,-0.069,1.018,0.027687,0.678386,0.071162,-0.730727,img_121.jpg
28338,1280,720,636.0204,341.0984,1003.9038,1005.69714,3.069,-0.069,1.055,0.037096,0.675404,0.065185,-0.733624,img_122.jpg
28445,1280,720,636.0204,341.0984,1003.9038,1005.69714,3.067,-0.069,1.094,0.051793,0.661364,0.065250,-0.745425,img_123.jpg
28561,1280,720,636.0204,341.0984,1003.9038,1005.69714,3.057,-0.068,1.152,0.049189,0.663089,0.062603,-0.744295,img_124.jpg
28686,1280,720,636.0204,341.0984,1003.9038,1005.69714,3.046,-0.068,1.210,0.042740,0.668115,0.065870,-0.739903,img_125.jpg
28802,1280,720,636.0204,341.0984,1003.9038,1005.69714,3.037,-0.068,1.252,0.041094,0.674547,0.063205,-0.734373,img_126.jpg
28904,1280,720,636.0204,341.0984,1003.9038,1005.69714,3.029,-0.068,1.289,0.036769,0.675688,0.064710,-0.733422,img_127.jpg,marker_3.jpg,0.27450588,0.27450588,3.836,-0.163,0.714,-0.501155,0.510852,-0.496336,-0.496336
29014,1280,720,636.0204,341.0984,1003.9038,1005.69714,3.027,-0.069,1.324,0.037607,0.686322,0.070018,-0.722942,img_128.jpg
29112,1280,720,636.0204,341.0984,1003.9038,1005.69714,3.024,-0.069,1.356,0.031830,0.699718,0.066350,-0.710619,img_129.jpg
29223,1280,720,636.0204,341.0984,1003.9038,1005.69714,3.024,-0.071,1.400,0.025534,0.717741,0.068437,-0.692468,img_130.jpg
29337,1280,720,636.0204,341.0984,1003.9038,1005.69714,3.029,-0.073,1.432,0.024342,0.728034,0.069246,-0.681600,img_131.jpg
29442,1280,720,636.0204,341.0984,1003.9038,1005.69714,3.036,-0.075,1.462,0.026217,0.734830,0.066151,-0.674508,img_132.jpg
29547,1280,720,636.0204,341.0984,1003.9038,1005.69714,3.050,-0.076,1.493,0.031720,0.740918,0.059795,-0.668175,img_133.jpg
29670,1280,720,636.0204,341.0984,1003.9038,1005.69714,3.069,-0.074,1.538,0.029823,0.742593,0.052596,-0.667008,img_134.jpg
29774,1280,720,636.0204,341.0984,1003.9038,1005.69714,3.085,-0.072,1.573,0.028789,0.745733,0.050816,-0.663680,img_135.jpg
29874,1280,720,636.0204,341.0984,1003.9038,1005.69714,3.099,-0.069,1.606,0.027639,0.750451,0.050944,-0.658380,img_136.jpg
29990,1280,720,636.0204,341.0984,1003.9038,1005.69714,3.114,-0.071,1.650,0.023259,0.755259,0.054608,-0.652734,img_137.jpg
30103,1280,720,636.0204,341.0984,1003.9038,1005.69714,3.124,-0.073,1.685,0.023723,0.759792,0.058230,-0.647118,img_138.jpg
30205,1280,720,636.0204,341.0984,1003.9038,1005.69714,3.128,-0.075,1.727,0.015499,0.761140,0.060286,-0.645593,img_139.jpg
30320,1280,720,636.0204,341.0984,1003.9038,1005.69714,3.128,-0.078,1.774,0.010604,0.760421,0.058762,-0.646680,img_140.jpg
30425,1280,720,636.0204,341.0984,1003.9038,1005.69714,3.117,-0.080,1.842,0.003255,0.756047,0.058549,-0.651885,img_141.jpg
30538,1280,720,636.0204,341.0984,1003.9038,1005.69714,3.104,-0.080,1.895,0.004690,0.754793,0.056903,-0.653474,img_142.jpg
30641,1280,720,636.0204,341.0984,1003.9038,1005.69714,3.091,-0.077,1.950,0.004108,0.752006,0.062861,-0.656139,img_143.jpg
30757,1280,720,636.0204,341.0984,1003.9038,1005.69714,3.073,-0.077,2.014,0.015073,0.750776,0.062742,-0.657398,img_144.jpg
30871,1280,720,636.0204,341.0984,1003.9038,1005.69714,3.060,-0.078,2.058,0.017752,0.749680,0.064960,-0.658366,img_145.jpg
30963,1280,720,636.0204,341.0984,1003.9038,1005.69714,3.047,-0.076,2.098,0.013347,0.749395,0.062476,-0.659034,img_146.jpg
31053,1280,720,636.0204,341.0984,1003.9038,1005.69714,3.039,-0.074,2.136,0.004469,0.751792,0.068168,-0.655852,img_147.jpg
31154,1280,720,636.0204,341.0984,1003.9038,1005.69714,3.035,-0.076,2.171,0.002927,0.755019,0.067964,-0.652165,img_148.jpg
31255,1280,720,636.0204,341.0984,1003.9038,1005.69714,3.038,-0.081,2.208,0.000172,0.758181,0.077541,-0.647417,img_149.jpg
31355,1280,720,636.0204,341.0984,1003.9038,1005.69714,3.047,-0.089,2.243,0.004243,0.761127,0.083849,-0.643146,img_150.jpg
31455,1280,720,636.0204,341.0984,1003.9038,1005.69714,3.060,-0.096,2.283,0.010335,0.763241,0.088176,-0.639986,img_151.jpg
31556,1280,720,636.0204,341.0984,1003.9038,1005.69714,3.075,-0.099,2.325,0.016676,0.761953,0.089882,-0.641148,img_152.jpg
31656,1280,720,636.0204,341.0984,1003.9038,1005.69714,3.090,-0.095,2.369,0.024652,0.764175,0.077426,-0.639870,img_153.jpg
31756,1280,720,636.0204,341.0984,1003.9038,1005.69714,3.105,-0.090,2.415,0.026975,0.767764,0.078435,-0.635341,img_154.jpg
31855,1280,720,636.0204,341.0984,1003.9038,1005.69714,3.120,-0.086,2.461,0.031115,0.781884,0.072711,-0.618387,img_155.jpg
31973,1280,720,636.0204,341.0984,1003.9038,1005.69714,3.132,-0.086,2.504,0.031188,0.787841,0.077108,-0.610236,img_156.jpg
32071,1280,720,636.0204,341.0984,1003.9038,1005.69714,3.145,-0.085,2.543,0.032246,0.790279,0.074823,-0.607306,img_157.jpg
32176,1280,720,636.0204,341.0984,1003.9038,1005.69714,3.156,-0.088,2.585,0.026338,0.787783,0.079959,-0.610173,img_158.jpg
32276,1280,720,636.0204,341.0984,1003.9038,1005.69714,3.164,-0.092,2.625,0.025675,0.784392,0.083962,-0.614020,img_159.jpg
32372,1280,720,636.0204,341.0984,1003.9038,1005.69714,3.166,-0.096,2.672,0.019446,0.779531,0.087387,-0.619934,img_160.jpg
32489,1280,720,636.0204,341.0984,1003.9038,1005.69714,3.163,-0.101,2.738,0.022965,0.774655,0.083711,-0.626398,img_161.jpg
32605,1280,720,636.0204,341.0984,1003.9038,1005.69714,3.157,-0.101,2.792,0.027464,0.772091,0.078196,-0.630085,img_162.jpg
32699,1280,720,636.0204,341.0984,1003.9038,1005.69714,3.152,-0.096,2.851,0.030905,0.769532,0.082790,-0.632464,img_163.jpg
32819,1280,720,636.0204,341.0984,1003.9038,1005.69714,3.142,-0.093,2.918,0.038899,0.762375,0.078283,-0.641204,img_164.jpg
32922,1280,720,636.0204,341.0984,1003.9038,1005.69714,3.135,-0.091,2.962,0.040861,0.757716,0.078570,-0.646548,img_165.jpg
33038,1280,720,636.0204,341.0984,1003.9038,1005.69714,3.127,-0.091,3.001,0.040784,0.756547,0.071567,-0.648731,img_166.jpg
33145,1280,720,636.0204,341.0984,1003.9038,1005.69714,3.125,-0.093,3.041,0.034433,0.755834,0.079629,-0.648990,img_167.jpg
33255,1280,720,636.0204,341.0984,1003.9038,1005.69714,3.130,-0.098,3.091,0.032775,0.757063,0.082787,-0.647246,img_168.jpg
33406,1280,720,636.0204,341.0984,1003.9038,1005.69714,3.142,-0.106,3.142,0.031496,0.758857,0.091279,-0.644059,img_169.jpg
33505,1280,720,636.0204,341.0984,1003.9038,1005.69714,3.151,-0.110,3.179,0.035787,0.762267,0.082542,-0.640980,img_170.jpg
33624,1280,720,636.0204,341.0984,1003.9038,1005.69714,3.168,-0.114,3.236,0.043134,0.765518,0.075351,-0.637530,img_171.jpg
33742,1280,720,636.0204,341.0984,1003.9038,1005.69714,3.182,-0.112,3.277,0.051981,0.763734,0.071423,-0.639459,img_172.jpg
33850,1280,720,636.0204,341.0984,1003.9038,1005.69714,3.198,-0.104,3.326,0.049379,0.764114,0.063267,-0.640069,img_173.jpg
33974,1280,720,636.0204,341.0984,1003.9038,1005.69714,3.209,-0.099,3.361,0.037682,0.762538,0.062481,-0.642816,img_174.jpg
34072,1280,720,636.0204,341.0984,1003.9038,1005.69714,3.222,-0.096,3.395,0.038768,0.762431,0.060703,-0.643048,img_175.jpg
34180,1280,720,636.0204,341.0984,1003.9038,1005.69714,3.236,-0.095,3.443,0.030790,0.756744,0.063994,-0.649843,img_176.jpg
34290,1280,720,636.0204,341.0984,1003.9038,1005.69714,3.247,-0.096,3.483,0.026841,0.749904,0.065898,-0.657709,img_177.jpg
34406,1280,720,636.0204,341.0984,1003.9038,1005.69714,3.255,-0.099,3.527,0.025410,0.743300,0.065146,-0.665293,img_178.jpg
34504,1280,720,636.0204,341.0984,1003.9038,1005.69714,3.256,-0.100,3.573,0.023905,0.734160,0.065879,-0.675350,img_179.jpg
34609,1280,720,636.0204,341.0984,1003.9038,1005.69714,3.253,-0.099,3.617,0.024182,0.728907,0.062062,-0.681365,img_180.jpg,marker_4.jpg,0.27261087,0.27261087,4.267,-0.153,3.849,-0.520584,0.483372,-0.479842,-0.479842
34712,1280,720,636.0204,341.0984,1003.9038,1005.69714,3.247,-0.094,3.672,0.024453,0.720672,0.058040,-0.690410,img_181.jpg
34838,1280,720,636.0204,341.0984,1003.9038,1005.69714,3.244,-0.092,3.709,0.027553,0.715393,0.056808,-0.695864,img_182.jpg
34931,1280,720,636.0204,341.0984,1003.9038,1005.69714,3.240,-0.091,3.741,0.026541,0.708895,0.055217,-0.702648,img_183.jpg
35028,1280,720,636.0204,341.0984,1003.9038,1005.69714,3.236,-0.087,3.766,0.023872,0.705112,0.049872,-0.706937,img_184.jpg
35118,1280,720,636.0204,341.0984,1003.9038,1005.69714,3.235,-0.084,3.789,0.018689,0.702064,0.052146,-0.709956,img_185.jpg,marker_4.jpg,0.27209,0.27209,4.268,-0.151,3.848,-0.515529,0.482270,-0.488046,-0.488046
35223,1280,720,636.0204,341.0984,1003.9038,1005.69714,3.236,-0.085,3.807,0.021143,0.699886,0.052071,-0.712040,img_186.jpg
35312,1280,720,636.0204,341.0984,1003.9038,1005.69714,3.238,-0.086,3.824,0.022013,0.696835,0.053606,-0.714886,img_187.jpg
35421,1280,720,636.0204,341.0984,1003.9038,1005.69714,3.244,-0.087,3.840,0.022868,0.695878,0.056563,-0.715564,img_188.jpg
35510,1280,720,636.0204,341.0984,1003.9038,1005.69714,3.252,-0.090,3.858,0.023895,0.696661,0.059887,-0.714497,img_189.jpg
35623,1280,720,636.0204,341.0984,1003.9038,1005.69714,3.262,-0.092,3.881,0.024311,0.698978,0.060012,-0.712206,img_190.jpg
35714,1280,720,636.0204,341.0984,1003.9038,1005.69714,3.274,-0.096,3.906,0.028536,0.700070,0.059182,-0.711046,img_191.jpg,marker_4.jpg,0.2711739,0.2711739,4.268,-0.151,3.846,-0.512663,0.487564,-0.486567,-0.486567
35823,1280,720,636.0204,341.0984,1003.9038,1005.69714,3.288,-0.095,3.930,0.032580,0.698424,0.058664,-0.712531,img_192.jpg
35918,1280,720,636.0204,341.0984,1003.9038,1005.69714,3.300,-0.092,3.952,0.032829,0.695482,0.055333,-0.715657,img_193.jpg
36042,1280,720,636.0204,341.0984,1003.9038,1005.69714,3.312,-0.090,3.974,0.037015,0.697319,0.057966,-0.713454,img_194.jpg
36147,1280,720,636.0204,341.0984,1003.9038,1005.69714,3.323,-0.089,3.998,0.037716,0.702175,0.058396,-0.708603,img_195.jpg
36251,1280,720,636.0204,341.0984,1003.9038,1005.69714,3.333,-0.090,4.032,0.036848,0.703709,0.066984,-0.706363,img_196.jpg
36360,1280,720,636.0204,341.0984,1003.9038,1005.69714,3.333,-0.090,4.062,0.030932,0.704180,0.064565,-0.706403,img_197.jpg
36479,1280,720,636.0204,341.0984,1003.9038,1005.69714,3.333,-0.093,4.096,0.025221,0.699285,0.069019,-0.711057,img_198.jpg,marker_4.jpg,0.2703032,0.2703032,4.264,-0.151,3.845,-0.513652,0.486551,-0.490095,-0.490095
36583,1280,720,636.0204,341.0984,1003.9038,1005.69714,3.321,-0.094,4.147,0.018817,0.689727,0.067920,-0.720631,img_199.jpg
36691,1280,720,636.0204,341.0984,1003.9038,1005.69714,3.309,-0.093,4.188,0.021197,0.686792,0.062215,-0.723877,img_200.jpg
36808,1280,720,636.0204,341.0984,1003.9038,1005.69714,3.290,-0.089,4.241,0.015498,0.680353,0.058543,-0.730379,img_201.jpg
36933,1280,720,636.0204,341.0984,1003.9038,1005.69714,3.276,-0.090,4.275,0.020257,0.676954,0.060626,-0.733245,img_202.jpg
37037,1280,720,636.0204,341.0984,1003.9038,1005.69714,3.262,-0.091,4.307,0.025168,0.675553,0.060809,-0.734368,img_203.jpg,marker_4.jpg,0.26855147,0.26855147,4.263,-0.150,3.845,-0.514037,0.487811,-0.489196,-0.489196
37138,1280,720,636.0204,341.0984,1003.9038,1005.69714,3.250,-0.094,4.339,0.029985,0.677488,0.063827,-0.732146,img_204.jpg
37260,1280,720,636.0204,341.0984,1003.9038,1005.69714,3.236,-0.099,4.380,0.030922,0.682368,0.067687,-0.727211,img_205.jpg
37377,1280,720,636.0204,341.0984,1003.9038,1005.69714,3.227,-0.101,4.417,0.026853,0.690243,0.074905,-0.719189,img_206.jpg
37492,1280,720,636.0204,341.0984,1003.9038,1005.69714,3.226,-0.100,4.443,0.022628,0.696597,0.074263,-0.713250,img_207.jpg
37609,1280,720,636.0204,341.0984,1003.9038,1005.69714,3.231,-0.100,4.480,0.020026,0.710653,0.077561,-0.698967,img_208.jpg
37710,1280,720,636.0204,341.0984,1003.9038,1005.69714,3.240,-0.101,4.506,0.025614,0.722393,0.073932,-0.687042,img_209.jpg
37827,1280,720,636.0204,341.0984,1003.9038,1005.69714,3.252,-0.102,4.534,0.028142,0.731524,0.070577,-0.677569,img_210.jpg
37927,1280,720,636.0204,341.0984,1003.9038,1005.69714,3.268,-0.103,4.562,0.034516,0.738671,0.067626,-0.669777,img_211.jpg
38042,1280,720,636.0204,341.0984,1003.9038,1005.69714,3.286,-0.101,4.592,0.036584,0.744917,0.064693,-0.663005,img_212.jpg
38150,1280,720,636.0204,341.0984,1003.9038,1005.69714,3.310,-0.099,4.633,0.036609,0.756412,0.062559,-0.650067,img_213.jpg
38260,1280,720,636.0204,341.0984,1003.9038,1005.69714,3.328,-0.098,4.662,0.034486,0.765248,0.069027,-0.639094,img_214.jpg
38375,1280,720,636.0204,341.0984,1003.9038,1005.69714,3.344,-0.098,4.686,0.034298,0.775881,0.073831,-0.625605,img_215.jpg
38473,1280,720,636.0204,341.0984,1003.9038,1005.69714,3.353,-0.098,4.704,0.033062,0.786320,0.070050,-0.612944,img_216.jpg
38593,1280,720,636.0204,341.0984,1003.9038,1005.69714,3.365,-0.101,4.732,0.032066,0.798233,0.077475,-0.596484,img_217.jpg
38693,1280,720,636.0204,341.0984,1003.9038,1005.69714,3.371,-0.102,4.757,0.029958,0.808813,0.074225,-0.582593,img_218.jpg
38797,1280,720,636.0204,341.0984,1003.9038,1005.69714,3.378,-0.103,4.784,0.037034,0.819497,0.064761,-0.568207,img_219.jpg
38896,1280,720,636.0204,341.0984,1003.9038,1005.69714,3.386,-0.104,4.815,0.037688,0.825874,0.063565,-0.558991,img_220.jpg
39002,1280,720,636.0204,341.0984,1003.9038,1005.69714,3.392,-0.107,4.848,0.036993,0.830799,0.065937,-0.551414,img_221.jpg
39110,1280,720,636.0204,341.0984,1003.9038,1005.69714,3.398,-0.110,4.882,0.036113,0.834444,0.070538,-0.545366,img_222.jpg
39220,1280,720,636.0204,341.0984,1003.9038,1005.69714,3.398,-0.107,4.924,0.031063,0.839228,0.067825,-0.538638,img_223.jpg
39328,1280,720,636.0204,341.0984,1003.9038,1005.69714,3.396,-0.105,4.954,0.030671,0.846263,0.063989,-0.528019,img_224.jpg
39443,1280,720,636.0204,341.0984,1003.9038,1005.69714,3.396,-0.106,4.992,0.029894,0.853283,0.068033,-0.516127,img_225.jpg
39564,1280,720,636.0204,341.0984,1003.9038,1005.69714,3.398,-0.107,5.019,0.028488,0.859175,0.071087,-0.505918,img_226.jpg
39690,1280,720,636.0204,341.0984,1003.9038,1005.69714,3.398,-0.107,5.043,0.024235,0.864855,0.071421,-0.496324,img_227.jpg
39815,1280,720,636.0204,341.0984,1003.9038,1005.69714,3.401,-0.106,5.075,0.028118,0.874318,0.069972,-0.479459,img_228.jpg
39930,1280,720,636.0204,341.0984,1003.9038,1005.69714,3.403,-0.105,5.093,0.028153,0.880190,0.071139,-0.468414,img_229.jpg
40039,1280,720,636.0204,341.0984,1003.9038,1005.69714,3.404,-0.107,5.119,0.025216,0.888332,0.080719,-0.451348,img_230.jpg
40148,1280,720,636.0204,341.0984,1003.9038,1005.69714,3.403,-0.110,5.137,0.024324,0.895854,0.085403,-0.435385,img_231.jpg
40260,1280,720,636.0204,341.0984,1003.9038,1005.69714,3.402,-0.114,5.154,0.024021,0.899990,0.093672,-0.425049,img_232.jpg
40369,1280,720,636.0204,341.0984,1003.9038,1005.69714,3.400,-0.121,5.170,0.025993,0.902932,0.101771,-0.416751,img_233.jpg
40470,1280,720,636.0204,341.0984,1003.9038,1005.69714,3.398,-0.132,5.183,0.029054,0.905155,0.113118,-0.408723,img_234.jpg
40574,1280,720,636.0204,341.0984,1003.9038,1005.69714,3.393,-0.145,5.198,0.029806,0.906805,0.132272,-0.399150,img_235.jpg
40677,1280,720,636.0204,341.0984,1003.9038,1005.69714,3.388,-0.156,5.207,0.030478,0.907073,0.148474,-0.392740,img_236.jpg
40795,1280,720,636.0204,341.0984,1003.9038,1005.69714,3.382,-0.168,5.215,0.031679,0.907598,0.164203,-0.385098,img_237.jpg
40888,1280,720,636.0204,341.0984,1003.9038,1005.69714,3.373,-0.177,5.222,0.031536,0.907094,0.186737,-0.375919,img_238.jpg
41010,1280,720,636.0204,341.0984,1003.9038,1005.69714,3.365,-0.194,5.226,0.037479,0.903850,0.218672,-0.365833,img_239.jpg
41112,1280,720,636.0204,341.0984,1003.9038,1005.69714,3.361,-0.204,5.226,0.042694,0.899794,0.242421,-0.360249,img_240.jpg
41227,1280,720,636.0204,341.0984,1003.9038,1005.69714,3.357,-0.215,5.224,0.045641,0.895812,0.260516,-0.357169,img_241.jpg
41326,1280,720,636.0204,341.0984,1003.9038,1005.69714,3.355,-0.225,5.222,0.048147,0.893289,0.279732,-0.348520,img_242.jpg
41446,1280,720,636.0204,341.0984,1003.9038,1005.69714,3.353,-0.241,5.219,0.046961,0.889603,0.306569,-0.335287,img_243.jpg
41562,1280,720,636.0204,341.0984,1003.9038,1005.69714,3.353,-0.253,5.211,0.051666,0.889469,0.321537,-0.320607,img_244.jpg
41660,1280,720,636.0204,341.0984,1003.9038,1005.69714,3.354,-0.263,5.202,0.056750,0.888233,0.334994,-0.309194,img_245.jpg
41779,1280,720,636.0204,341.0984,1003.9038,1005.69714,3.352,-0.272,5.195,0.055482,0.886902,0.348965,-0.297575,img_246.jpg
41877,1280,720,636.0204,341.0984,1003.9038,1005.69714,3.346,-0.281,5.184,0.056641,0.888993,0.358181,-0.279625,img_247.jpg
41991,1280,720,636.0204,341.0984,1003.9038,1005.69714,3.336,-0.289,5.179,0.052483,0.890337,0.368058,-0.262828,img_248.jpg
42090,1280,720,636.0204,341.0984,1003.9038,1005.69714,3.324,-0.294,5.172,0.048843,0.892539,0.375942,-0.244244,img_249.jpg
42209,1280,720,636.0204,341.0984,1003.9038,1005.69714,3.304,-0.299,5.163,0.042123,0.897375,0.382140,-0.216595,img_250.jpg
42311,1280,720,636.0204,341.0984,1003.9038,1005.69714,3.285,-0.301,5.154,0.037344,0.902614,0.382629,-0.193618,img_251.jpg
42427,1280,720,636.0204,341.0984,1003.9038,1005.69714,3.263,-0.303,5.145,0.031596,0.906156,0.384383,-0.173587,img_252.jpg
42527,1280,720,636.0204,341.0984,1003.9038,1005.69714,3.237,-0.305,5.137,0.023030,0.910122,0.383163,-0.155994,img_253.jpg
42646,1280,720,636.0204,341.0984,1003.9038,1005.69714,3.207,-0.303,5.129,0.009876,0.915193,0.378031,-0.139344,img_254.jpg
42743,1280,720,636.0204,341.0984,1003.9038,1005.69714,3.160,-0.307,5.122,0.002043,0.918817,0.377331,-0.115724,img_255.jpg
42861,1280,720,636.0204,341.0984,1003.9038,1005.69714,3.123,-0.314,5.115,-0.000966,0.916438,0.386551,-0.103532,img_256.jpg
42969,1280,720,636.0204,341.0984,1003.9038,1005.69714,3.074,-0.317,5.102,-0.004844,0.916013,0.389025,-0.097755,img_257.jpg
43079,1280,720,636.0204,341.0984,1003.9038,1005.69714,3.035,-0.319,5.092,-0.011281,0.916552,0.389004,-0.092091,img_258.jpg
43196,1280,720,636.0204,341.0984,1003.9038,1005.69714,2.998,-0.318,5.081,-0.020087,0.917009,0.388989,-0.085898,img_259.jpg
43312,1280,720,636.0204,341.0984,1003.9038,1005.69714,2.951,-0.317,5.069,-0.026378,0.918710,0.387441,-0.071875,img_260.jpg
43428,1280,720,636.0204,341.0984,1003.9038,1005.69714,2.918,-0.317,5.060,-0.034270,0.919954,0.386424,-0.056456,img_261.jpg
43529,1280,720,636.0204,341.0984,1003.9038,1005.69714,2.886,-0.318,5.052,-0.032953,0.922137,0.383652,-0.037258,img_262.jpg
43645,1280,720,636.0204,341.0984,1003.9038,1005.69714,2.841,-0.317,5.049,-0.037853,0.924875,0.378015,-0.016712,img_263.jpg
43766,1280,720,636.0204,341.0984,1003.9038,1005.69714,2.808,-0.315,5.049,-0.042139,0.928318,0.369378,-0.002985,img_264.jpg
43868,1280,720,636.0204,341.0984,1003.9038,1005.69714,2.775,-0.317,5.054,-0.040160,0.930837,0.363082,0.009996,img_265.jpg
43980,1280,720,636.0204,341.0984,1003.9038,1005.69714,2.749,-0.323,5.064,-0.037455,0.929911,0.365247,0.021376,img_266.jpg
44095,1280,720,636.0204,341.0984,1003.9038,1005.69714,2.719,-0.329,5.080,-0.036275,0.927553,0.370364,0.034066,img_267.jpg
44206,1280,720,636.0204,341.0984,1003.9038,1005.69714,2.680,-0.328,5.106,-0.028961,0.930335,0.362803,0.044859,img_268.jpg
44312,1280,720,636.0204,341.0984,1003.9038,1005.69714,2.649,-0.321,5.132,-0.029570,0.933045,0.354270,0.055189,img_269.jpg
44430,1280,720,636.0204,341.0984,1003.9038,1005.69714,2.619,-0.307,5.162,-0.027200,0.938408,0.338496,0.063810,img_270.jpg
44537,1280,720,636.0204,341.0984,1003.9038,1005.69714,2.586,-0.283,5.198,-0.023594,0.946086,0.314740,0.072825,img_271.jpg
44663,1280,720,636.0204,341.0984,1003.9038,1005.69714,2.569,-0.266,5.220,-0.021691,0.950183,0.301255,0.076984,img_272.jpg
44769,1280,720,636.0204,341.0984,1003.9038,1005.69714,2.549,-0.245,5.249,-0.020504,0.956948,0.277273,0.083368,img_273.jpg
44879,1280,720,636.0204,341.0984,1003.9038,1005.69714,2.537,-0.229,5.269,-0.021390,0.963279,0.255779,0.078817,img_274.jpg
44977,1280,720,636.0204,341.0984,1003.9038,1005.69714,2.528,-0.214,5.285,-0.015991,0.968848,0.235509,0.074921,img_275.jpg
45066,1280,720,636.0204,341.0984,1003.9038,1005.69714,2.523,-0.199,5.295,-0.018689,0.973196,0.218866,0.068098,img_276.jpg
45160,1280,720,636.0204,341.0984,1003.9038,1005.69714,2.514,-0.186,5.307,-0.017026,0.977117,0.203542,0.059363,img_277.jpg
45263,1280,720,636.0204,341.0984,1003.9038,1005.69714,2.508,-0.175,5.312,-0.013782,0.980329,0.189903,0.051972,img_278.jpg
45353,1280,720,636.0204,341.0984,1003.9038,1005.69714,2.497,-0.160,5.325,-0.010814,0.985696,0.163400,0.039838,img_279.jpg
45464,1280,720,636.0204,341.0984,1003.9038,1005.69714,2.478,-0.139,5.343,-0.009477,0.990865,0.130855,0.031208,img_280.jpg
45581,1280,720,636.0204,341.0984,1003.9038,1005.69714,2.456,-0.123,5.366,-0.013132,0.993370,0.110906,0.027271,img_281.jpg
45680,1280,720,636.0204,341.0984,1003.9038,1005.69714,2.435,-0.106,5.381,-0.018699,0.995299,0.092734,0.020760,img_282.jpg
45780,1280,720,636.0204,341.0984,1003.9038,1005.69714,2.415,-0.095,5.397,-0.016788,0.996670,0.078382,0.014941,img_283.jpg
45883,1280,720,636.0204,341.0984,1003.9038,1005.69714,2.396,-0.085,5.410,-0.016304,0.997630,0.066270,0.008798,img_284.jpg,marker_6.jpg,0.2636999,0.2636999,2.390,-0.249,6.304,-0.037210,0.720323,-0.691945,-0.691945
46016,1280,720,636.0204,341.0984,1003.9038,1005.69714,2.375,-0.076,5.427,-0.013305,0.998609,0.050978,-0.002264,img_285.jpg
46113,1280,720,636.0204,341.0984,1003.9038,1005.69714,2.361,-0.073,5.442,-0.011876,0.998829,0.045681,-0.010603,img_286.jpg
46230,1280,720,636.0204,341.0984,1003.9038,1005.69714,2.349,-0.073,5.459,-0.010478,0.999010,0.039470,-0.017654,img_287.jpg
46329,1280,720,636.0204,341.0984,1003.9038,1005.69714,2.339,-0.075,5.476,-0.011677,0.998920,0.036867,-0.025760,img_288.jpg
46447,1280,720,636.0204,341.0984,1003.9038,1005.69714,2.327,-0.075,5.499,-0.014417,0.998943,0.029828,-0.031866,img_289.jpg
46565,1280,720,636.0204,341.0984,1003.9038,1005.69714,2.320,-0.077,5.513,-0.016421,0.998748,0.028139,-0.037952,img_290.jpg
46663,1280,720,636.0204,341.0984,1003.9038,1005.69714,2.318,-0.078,5.526,-0.014815,0.998724,0.027299,-0.039823,img_291.jpg,marker_6.jpg,0.26575884,0.26575884,2.390,-0.252,6.316,-0.039372,0.717281,-0.694928,-0.694928
46766,1280,720,636.0204,341.0984,1003.9038,1005.69714,2.316,-0.079,5.537,-0.014009,0.998635,0.024971,-0.043688,img_292.jpg
46864,1280,720,636.0204,341.0984,1003.9038,1005.69714,2.319,-0.083,5.551,-0.016470,0.998379,0.026010,-0.047872,img_293.jpg
46981,1280,720,636.0204,341.0984,1003.9038,1005.69714,2.320,-0.085,5.563,-0.016513,0.998230,0.027588,-0.050032,img_294.jpg
47100,1280,720,636.0204,341.0984,1003.9038,1005.69714,2.323,-0.087,5.576,-0.013874,0.998295,0.026830,-0.049947,img_295.jpg,marker_6.jpg,0.26576078,0.26576078,2.390,-0.251,6.313,-0.034675,0.715744,-0.696894,-0.696894
47214,1280,720,636.0204,341.0984,1003.9038,1005.69714,2.325,-0.089,5.584,-0.011730,0.998313,0.027163,-0.049956,img_296.jpg
47335,1280,720,636.0204,341.0984,1003.9038,1005.69714,2.331,-0.090,5.591,-0.006954,0.998422,0.027922,-0.048217,img_297.jpg
47438,1280,720,636.0204,341.0984,1003.9038,1005.69714,2.342,-0.092,5.598,-0.003816,0.998391,0.030184,-0.047860,img_298.jpg
47550,1280,720,636.0204,341.0984,1003.9038,1005.69714,2.353,-0.092,5.601,-0.000364,0.998387,0.033842,-0.045589,img_299.jpg
47666,1280,720,636.0204,341.0984,1003.9038,1005.69714,2.365,-0.092,5.595,0.006093,0.998482,0.036136,-0.041113,img_300.jpg
47781,1280,720,636.0204,341.0984,1003.9038,1005.69714,2.372,-0.094,5.587,0.007230,0.998516,0.040981,-0.035142,img_301.jpg
47881,1280,720,636.0204,341.0984,1003.9038,1005.69714,2.378,-0.094,5.573,0.007114,0.998549,0.045510,-0.027900,img_302.jpg,marker_6.jpg,0.2643544,0.2643544,2.390,-0.251,6.311,-0.035035,0.719475,-0.692997,-0.692997
47995,1280,720,636.0204,341.0984,1003.9038,1005.69714,2.384,-0.095,5.553,0.009728,0.998648,0.047272,-0.019296,img_303.jpg
48096,1280,720,636.0204,341.0984,1003.9038,1005.69714,2.390,-0.098,5.531,0.009873,0.998349,0.053927,-0.017123,img_304.jpg
48215,1280,720,636.0204,341.0984,1003.9038,1005.69714,2.392,-0.104,5.507,0.001418,0.997026,0.075501,-0.015391,img_305.jpg
48335,1280,720,636.0204,341.0984,1003.9038,1005.69714,2.390,-0.103,5.488,0.005499,0.997611,0.068828,-0.002034,img_306.jpg
48438,1280,720,636.0204,341.0984,1003.9038,1005.69714,2.376,-0.105,5.458,-0.003946,0.997524,0.069922,0.006385,img_307.jpg,marker_6.jpg,0.2674393,0.2674393,2.390,-0.251,6.313,-0.035030,0.715848,-0.696799,-0.696799
48552,1280,720,636.0204,341.0984,1003.9038,1005.69714,2.360,-0.107,5.432,-0.006683,0.997609,0.067590,0.012813,img_308.jpg
48651,1280,720,636.0204,341.0984,1003.9038,1005.69714,2.340,-0.108,5.406,-0.011122,0.997335,0.069932,0.017577,img_309.jpg
48757,1280,720,636.0204,341.0984,1003.9038,1005.69714,2.319,-0.109,5.380,-0.013692,0.996953,0.074099,0.020144,img_310.jpg
48872,1280,720,636.0204,341.0984,1003.9038,1005.69714,2.290,-0.113,5.347,-0.020318,0.996452,0.079629,0.018151,img_311.jpg,marker_6.jpg,0.2668465,0.2668465,2.391,-0.251,6.308,-0.025738,0.717894,-0.695406,-0.695406
48982,1280,720,636.0204,341.0984,1003.9038,1005.69714,2.270,-0.118,5.321,-0.022202,0.996013,0.084868,0.016204,img_312.jpg
49079,1280,720,636.0204,341.0984,1003.9038,1005.69714,2.248,-0.126,5.294,-0.022788,0.994944,0.095908,0.019212,img_313.jpg
49199,1280,720,636.0204,341.0984,1003.9038,1005.69714,2.216,-0.140,5.261,-0.025018,0.993166,0.110753,0.026999,img_314.jpg
49298,1280,720,636.0204,341.0984,1003.9038,1005.69714,2.195,-0.149,5.233,-0.022664,0.991466,0.123432,0.035286,img_315.jpg
49414,1280,720,636.0204,341.0984,1003.9038,1005.69714,2.174,-0.162,5.206,-0.020673,0.989600,0.134822,0.045685,img_316.jpg
49517,1280,720,636.0204,341.0984,1003.9038,1005.69714,2.155,-0.178,5.183,-0.020245,0.986044,0.155205,0.056733,img_317.jpg
49632,1280,720,636.0204,341.0984,1003.9038,1005.69714,2.129,-0.195,5.156,-0.026551,0.980447,0.182849,0.067711,img_318.jpg
49750,1280,720,636.0204,341.0984,1003.9038,1005.69714,2.110,-0.206,5.141,-0.026843,0.977033,0.195565,0.080246,img_319.jpg
49853,1280,720,636.0204,341.0984,1003.9038,1005.69714,2.089,-0.218,5.129,-0.032818,0.971886,0.214948,0.090322,img_320.jpg
49950,1280,720,636.0204,341.0984,1003.9038,1005.69714,2.070,-0.230,5.118,-0.037942,0.965145,0.239904,0.097475,img_321.jpg
50041,1280,720,636.0204,341.0984,1003.9038,1005.69714,2.048,-0.243,5.108,-0.040119,0.957838,0.263831,0.106444,img_322.jpg,marker_6.jpg,0.26900876,0.26900876,2.392,-0.252,6.315,-0.029901,0.713400,-0.699753,-0.699753
50149,1280,720,636.0204,341.0984,1003.9038,1005.69714,2.021,-0.256,5.102,-0.038646,0.952184,0.279466,0.117267,img_323.jpg
50238,1280,720,636.0204,341.0984,1003.9038,1005.69714,1.989,-0.270,5.096,-0.044709,0.949095,0.288184,0.119035,img_324.jpg
50335,1280,720,636.0204,341.0984,1003.9038,1005.69714,1.956,-0.279,5.093,-0.040748,0.945809,0.301356,0.113882,img_325.jpg
50432,1280,720,636.0204,341.0984,1003.9038,1005.69714,1.918,-0.286,5.085,-0.027077,0.944579,0.307678,0.111229,img_326.jpg
50534,1280,720,636.0204,341.0984,1003.9038,1005.69714,1.881,-0.293,5.086,-0.016725,0.941731,0.320557,0.100526,img_327.jpg
50633,1280,720,636.0204,341.0984,1003.9038,1005.69714,1.838,-0.293,5.081,-0.021844,0.940054,0.328761,0.087963,img_328.jpg
50737,1280,720,636.0204,341.0984,1003.9038,1005.69714,1.801,-0.286,5.078,-0.017713,0.941731,0.324396,0.087158,img_329.jpg
50833,1280,720,636.0204,341.0984,1003.9038,1005.69714,1.768,-0.283,5.075,-0.025214,0.941941,0.323791,0.085269,img_330.jpg
50935,1280,720,636.0204,341.0984,1003.9038,1005.69714,1.738,-0.278,5.074,-0.030431,0.942954,0.321571,0.080649,img_331.jpg
51054,1280,720,636.0204,341.0984,1003.9038,1005.69714,1.705,-0.278,5.076,-0.038809,0.942716,0.322567,0.075703,img_332.jpg
51167,1280,720,636.0204,341.0984,1003.9038,1005.69714,1.649,-0.283,5.081,-0.047837,0.942447,0.323547,0.069440,img_333.jpg
51287,1280,720,636.0204,341.0984,1003.9038,1005.69714,1.599,-0.288,5.083,-0.049845,0.941973,0.325102,0.067165,img_334.jpg
51390,1280,720,636.0204,341.0984,1003.9038,1005.69714,1.546,-0.289,5.080,-0.044968,0.943135,0.323789,0.060290,img_335.jpg
51499,1280,720,636.0204,341.0984,1003.9038,1005.69714,1.475,-0.288,5.077,-0.038812,0.943437,0.324727,0.054524,img_336.jpg
51617,1280,720,636.0204,341.0984,1003.9038,1005.69714,1.425,-0.286,5.073,-0.040665,0.942295,0.328866,0.047686,img_337.jpg
51713,1280,720,636.0204,341.0984,1003.9038,1005.69714,1.383,-0.287,5.069,-0.036833,0.940723,0.334326,0.043708,img_338.jpg
51834,1280,720,636.0204,341.0984,1003.9038,1005.69714,1.335,-0.288,5.063,-0.030783,0.941767,0.332097,0.042884,img_339.jpg
51952,1280,720,636.0204,341.0984,1003.9038,1005.69714,1.304,-0.289,5.063,-0.037971,0.940971,0.333677,0.042331,img_340.jpg
52068,1280,720,636.0204,341.0984,1003.9038,1005.69714,1.274,-0.291,5.071,-0.039237,0.940635,0.334301,0.043687,img_341.jpg
52176,1280,720,636.0204,341.0984,1003.9038,1005.69714,1.233,-0.294,5.089,-0.047517,0.939378,0.335988,0.049231,img_342.jpg
52283,1280,720,636.0204,341.0984,1003.9038,1005.69714,1.200,-0.299,5.108,-0.043875,0.938579,0.337473,0.057069,img_343.jpg
52398,1280,720,636.0204,341.0984,1003.9038,1005.69714,1.150,-0.307,5.141,-0.027810,0.935935,0.344442,0.067908,img_344.jpg
52518,1280,720,636.0204,341.0984,1003.9038,1005.69714,1.117,-0.309,5.167,-0.012258,0.933278,0.352159,0.069462,img_345.jpg
52629,1280,720,636.0204,341.0984,1003.9038,1005.69714,1.086,-0.308,5.191,-0.005114,0.931401,0.355588,0.077610,img_346.jpg
52736,1280,720,636.0204,341.0984,1003.9038,1005.69714,1.044,-0.308,5.219,-0.009729,0.932748,0.349080,0.089603,img_347.jpg
52850,1280,720,636.0204,341.0984,1003.9038,1005.69714,1.013,-0.311,5.239,-0.019191,0.930729,0.353083,0.093311,img_348.jpg
52968,1280,720,636.0204,341.0984,1003.9038,1005.69714,0.984,-0.310,5.256,-0.021437,0.932745,0.346804,0.096195,img_349.jpg
53070,1280,720,636.0204,341.0984,1003.9038,1005.69714,0.939,-0.312,5.277,-0.035857,0.933897,0.343220,0.093552,img_350.jpg
53180,1280,720,636.0204,341.0984,1003.9038,1005.69714,0.901,-0.311,5.293,-0.038136,0.937966,0.332227,0.091603,img_351.jpg
53283,1280,720,636.0204,341.0984,1003.9038,1005.69714,0.861,-0.303,5.303,-0.040191,0.943355,0.316531,0.090961,img_352.jpg
53397,1280,720,636.0204,341.0984,1003.9038,1005.69714,0.814,-0.295,5.311,-0.036032,0.949203,0.300461,0.086243,img_353.jpg
53496,1280,720,636.0204,341.0984,1003.9038,1005.69714,0.751,-0.285,5.324,-0.037791,0.951629,0.294302,0.079753,img_354.jpg
53617,1280,720,636.0204,341.0984,1003.9038,1005.69714,0.707,-0.279,5.330,-0.032384,0.954714,0.287553,0.069176,img_355.jpg
53737,1280,720,636.0204,341.0984,1003.9038,1005.69714,0.648,-0.285,5.336,-0.033121,0.952308,0.295350,0.069148,img_356.jpg
53850,1280,720,636.0204,341.0984,1003.9038,1005.69714,0.606,-0.296,5.340,-0.037852,0.947153,0.309313,0.076123,img_357.jpg
53968,1280,720,636.0204,341.0984,1003.9038,1005.69714,0.555,-0.308,5.343,-0.047356,0.942128,0.320031,0.087939,img_358.jpg
54084,1280,720,636.0204,341.0984,1003.9038,1005.69714,0.518,-0.312,5.341,-0.056630,0.938736,0.325493,0.098096,img_359.jpg
54195,1280,720,636.0204,341.0984,1003.9038,1005.69714,0.473,-0.317,5.348,-0.063982,0.936238,0.326354,0.113392,img_360.jpg
54301,1280,720,636.0204,341.0984,1003.9038,1005.69714,0.440,-0.318,5.354,-0.066886,0.935051,0.325210,0.124275,img_361.jpg
54418,1280,720,636.0204,341.0984,1003.9038,1005.69714,0.405,-0.318,5.365,-0.062600,0.934947,0.322816,0.133213,img_362.jpg
54537,1280,720,636.0204,341.0984,1003.9038,1005.69714,0.350,-0.319,5.386,-0.057580,0.934233,0.321313,0.143707,img_363.jpg
54652,1280,720,636.0204,341.0984,1003.9038,1005.69714,0.308,-0.321,5.406,-0.044528,0.934617,0.320472,0.147668,img_364.jpg
54755,1280,720,636.0204,341.0984,1003.9038,1005.69714,0.265,-0.320,5.424,-0.046311,0.931967,0.325530,0.152719,img_365.jpg
54852,1280,720,636.0204,341.0984,1003.9038,1005.69714,0.225,-0.320,5.443,-0.049081,0.928673,0.331275,0.159418,img_366.jpg
54954,1280,720,636.0204,341.0984,1003.9038,1005.69714,0.195,-0.319,5.459,-0.047496,0.929522,0.326729,0.164261,img_367.jpg
55045,1280,720,636.0204,341.0984,1003.9038,1005.69714,0.167,-0.323,5.473,-0.051943,0.926681,0.332061,0.168224,img_368.jpg
55151,1280,720,636.0204,341.0984,1003.9038,1005.69714,0.135,-0.323,5.482,-0.058369,0.926091,0.331147,0.171146,img_369.jpg
55244,1280,720,636.0204,341.0984,1003.9038,1005.69714,0.095,-0.325,5.488,-0.069256,0.925299,0.329683,0.174165,img_370.jpg
55353,1280,720,636.0204,341.0984,1003.9038,1005.69714,0.053,-0.330,5.495,-0.073015,0.925068,0.331796,0.169794,img_371.jpg
55445,1280,720,636.0204,341.0984,1003.9038,1005.69714,0.008,-0.333,5.504,-0.074169,0.926793,0.329552,0.164162,img_372.jpg
55551,1280,720,636.0204,341.0984,1003.9038,1005.69714,-0.040,-0.333,5.510,-0.078482,0.927305,0.334605,0.148275,img_373.jpg
55642,1280,720,636.0204,341.0984,1003.9038,1005.69714,-0.091,-0.329,5.512,-0.070224,0.931254,0.329835,0.137995,img_374.jpg
55751,1280,720,636.0204,341.0984,1003.9038,1005.69714,-0.145,-0.324,5.515,-0.075966,0.931031,0.332351,0.130206,img_375.jpg
55841,1280,720,636.0204,341.0984,1003.9038,1005.69714,-0.194,-0.319,5.513,-0.070331,0.932199,0.333443,0.121962,img_376.jpg
55952,1280,720,636.0204,341.0984,1003.9038,1005.69714,-0.241,-0.321,5.511,-0.071291,0.927415,0.345714,0.123694,img_377.jpg
56053,1280,720,636.0204,341.0984,1003.9038,1005.69714,-0.284,-0.326,5.506,-0.066743,0.924668,0.352259,0.128247,img_378.jpg
56160,1280,720,636.0204,341.0984,1003.9038,1005.69714,-0.339,-0.329,5.508,-0.081879,0.919993,0.359561,0.132756,img_379.jpg
56268,1280,720,636.0204,341.0984,1003.9038,1005.69714,-0.375,-0.330,5.514,-0.081458,0.918994,0.360802,0.136514,img_380.jpg
56385,1280,720,636.0204,341.0984,1003.9038,1005.69714,-0.416,-0.335,5.522,-0.084575,0.915780,0.366209,0.141721,img_381.jpg
56482,1280,720,636.0204,341.0984,1003.9038,1005.69714,-0.454,-0.343,5.534,-0.079916,0.910569,0.377462,0.148322,img_382.jpg
56603,1280,720,636.0204,341.0984,1003.9038,1005.69714,-0.509,-0.351,5.552,-0.060536,0.906961,0.386614,0.155839,img_383.jpg
56702,1280,720,636.0204,341.0984,1003.9038,1005.69714,-0.553,-0.357,5.567,-0.043577,0.906440,0.389206,0.158072,img_384.jpg
56818,1280,720,636.0204,341.0984,1003.9038,1005.69714,-0.598,-0.357,5.580,-0.046152,0.906318,0.391924,0.151173,img_385.jpg
56918,1280,720,636.0204,341.0984,1003.9038,1005.69714,-0.636,-0.352,5.592,-0.046219,0.907813,0.385221,0.159202,img_386.jpg
57036,1280,720,636.0204,341.0984,1003.9038,1005.69714,-0.681,-0.352,5.604,-0.053403,0.909682,0.379952,0.158944,img_387.jpg
57156,1280,720,636.0204,341.0984,1003.9038,1005.69714,-0.716,-0.352,5.609,-0.058434,0.909958,0.378789,0.158367,img_388.jpg
57265,1280,720,636.0204,341.0984,1003.9038,1005.69714,-0.755,-0.355,5.612,-0.069204,0.909581,0.377372,0.159572,img_389.jpg
57383,1280,720,636.0204,341.0984,1003.9038,1005.69714,-0.815,-0.358,5.615,-0.075858,0.911774,0.373027,0.154160,img_390.jpg
57502,1280,720,636.0204,341.0984,1003.9038,1005.69714,-0.884,-0.357,5.615,-0.078457,0.916050,0.363838,0.149396,img_391.jpg
57619,1280,720,636.0204,341.0984,1003.9038,1005.69714,-0.940,-0.354,5.611,-0.067477,0.919436,0.359022,0.145560,img_392.jpg
57724,1280,720,636.0204,341.0984,1003.9038,1005.69714,-0.997,-0.345,5.603,-0.063526,0.923205,0.349203,0.147356,img_393.jpg
57832,1280,720,636.0204,341.0984,1003.9038,1005.69714,-1.057,-0.337,5.588,-0.051390,0.924102,0.348080,0.149113,img_394.jpg
57935,1280,720,636.0204,341.0984,1003.9038,1005.69714,-1.097,-0.336,5.581,-0.042787,0.926204,0.342849,0.150898,img_395.jpg
58052,1280,720,636.0204,341.0984,1003.9038,1005.69714,-1.135,-0.333,5.580,-0.046973,0.930169,0.331384,0.150880,img_396.jpg
58152,1280,720,636.0204,341.0984,1003.9038,1005.69714,-1.169,-0.328,5.586,-0.051387,0.933084,0.321841,0.152094,img_397.jpg
58265,1280,720,636.0204,341.0984,1003.9038,1005.69714,-1.209,-0.320,5.604,-0.046546,0.938371,0.308199,0.149357,img_398.jpg
58371,1280,720,636.0204,341.0984,1003.9038,1005.69714,-1.236,-0.314,5.622,-0.042765,0.942164,0.297131,0.149036,img_399.jpg
58486,1280,720,636.0204,341.0984,1003.9038,1005.69714,-1.261,-0.305,5.643,-0.029128,0.947167,0.281276,0.151360,img_400.jpg
58605,1280,720,636.0204,341.0984,1003.9038,1005.69714,-1.287,-0.295,5.671,0.007719,0.955073,0.249188,0.160255,img_401.jpg
58719,1280,720,636.0204,341.0984,1003.9038,1005.69714,-1.306,-0.292,5.698,0.013427,0.959821,0.238813,0.146740,img_402.jpg
58819,1280,720,636.0204,341.0984,1003.9038,1005.69714,-1.328,-0.286,5.722,0.013108,0.964198,0.222101,0.144299,img_403.jpg
58935,1280,720,636.0204,341.0984,1003.9038,1005.69714,-1.353,-0.273,5.748,-0.000293,0.971644,0.194136,0.134980,img_404.jpg
59037,1280,720,636.0204,341.0984,1003.9038,1005.69714,-1.368,-0.261,5.766,-0.003066,0.975865,0.177119,0.127696,img_405.jpg
59152,1280,720,636.0204,341.0984,1003.9038,1005.69714,-1.383,-0.249,5.780,-0.003400,0.980155,0.158839,0.118553,img_406.jpg
59259,1280,720,636.0204,341.0984,1003.9038,1005.69714,-1.398,-0.236,5.791,-0.005996,0.983912,0.143791,0.105858,img_407.jpg
59367,1280,720,636.0204,341.0984,1003.9038,1005.69714,-1.422,-0.221,5.806,-0.007548,0.987749,0.124046,0.094383,img_408.jpg
59486,1280,720,636.0204,341.0984,1003.9038,1005.69714,-1.440,-0.209,5.820,-0.007055,0.990351,0.109035,0.085239,img_409.jpg
59583,1280,720,636.0204,341.0984,1003.9038,1005.69714,-1.460,-0.196,5.837,-0.004281,0.992380,0.096597,0.076377,img_410.jpg
59703,1280,720,636.0204,341.0984,1003.9038,1005.69714,-1.483,-0.179,5.864,-0.004743,0.995153,0.076485,0.061631,img_411.jpg,marker_7.png,0.2737812,0.2737812,-1.613,-0.324,6.642,-0.044073,0.728875,-0.682464,-0.682464
59820,1280,720,636.0204,341.0984,1003.9038,1005.69714,-1.502,-0.170,5.880,-0.002511,0.996458,0.066183,0.051813,img_412.jpg
59926,1280,720,636.0204,341.0984,1003.9038,1005.69714,-1.523,-0.158,5.894,0.000415,0.997780,0.054954,0.037609,img_413.jpg
60020,1280,720,636.0204,341.0984,1003.9038,1005.69714,-1.533,-0.149,5.899,0.003996,0.998524,0.044989,0.030173,img_414.jpg
60121,1280,720,636.0204,341.0984,1003.9038,1005.69714,-1.544,-0.145,5.899,0.007296,0.999068,0.036999,0.020986,img_415.jpg
60219,1280,720,636.0204,341.0984,1003.9038,1005.69714,-1.553,-0.141,5.897,0.009522,0.999319,0.031295,0.017054,img_416.jpg
60319,1280,720,636.0204,341.0984,1003.9038,1005.69714,-1.564,-0.138,5.893,0.009748,0.999546,0.026472,0.010603,img_417.jpg,marker_7.png,0.26815394,0.26815394,-1.610,-0.324,6.633,-0.036394,0.729830,-0.682181,-0.682181
60437,1280,720,636.0204,341.0984,1003.9038,1005.69714,-1.573,-0.137,5.890,0.009301,0.999561,0.027737,0.004737,img_418.jpg
60536,1280,720,636.0204,341.0984,1003.9038,1005.69714,-1.583,-0.137,5.889,0.009442,0.999487,0.030526,0.001947,img_419.jpg
60656,1280,720,636.0204,341.0984,1003.9038,1005.69714,-1.595,-0.137,5.886,0.009008,0.999486,0.030750,0.000433,img_420.jpg
60757,1280,720,636.0204,341.0984,1003.9038,1005.69714,-1.601,-0.137,5.884,0.007267,0.999442,0.032581,-0.001234,img_421.jpg
60851,1280,720,636.0204,341.0984,1003.9038,1005.69714,-1.613,-0.137,5.881,0.007344,0.999428,0.032874,-0.003011,img_422.jpg,marker_7.png,0.2675537,0.2675537,-1.611,-0.325,6.629,-0.034471,0.719268,-0.693463,-0.693463
60958,1280,720,636.0204,341.0984,1003.9038,1005.69714,-1.621,-0.139,5.880,0.008323,0.999341,0.035163,-0.003477,img_423.jpg
61070,1280,720,636.0204,341.0984,1003.9038,1005.69714,-1.630,-0.142,5.881,0.005787,0.999231,0.038405,-0.005460,img_424.jpg
61187,1280,720,636.0204,341.0984,1003.9038,1005.69714,-1.639,-0.147,5.887,0.000699,0.998958,0.044619,-0.009571,img_425.jpg
61289,1280,720,636.0204,341.0984,1003.9038,1005.69714,-1.647,-0.155,5.893,-0.000365,0.998577,0.051283,-0.014640,img_426.jpg
61405,1280,720,636.0204,341.0984,1003.9038,1005.69714,-1.653,-0.161,5.893,0.001413,0.998492,0.053045,-0.014074,img_427.jpg
61503,1280,720,636.0204,341.0984,1003.9038,1005.69714,-1.663,-0.174,5.902,-0.002754,0.997485,0.070278,-0.008776,img_428.jpg,marker_7.png,0.26631194,0.26631194,-1.611,-0.324,6.627,-0.035886,0.718592,-0.694103,-0.694103
61621,1280,720,636.0204,341.0984,1003.9038,1005.69714,-1.677,-0.195,5.902,-0.003464,0.995277,0.097008,0.000858,img_429.jpg
61755,1280,720,636.0204,341.0984,1003.9038,1005.69714,-1.687,-0.210,5.892,0.001326,0.993317,0.115115,0.008275,img_430.jpg
61859,1280,720,636.0204,341.0984,1003.9038,1005.69714,-1.698,-0.224,5.875,0.006620,0.991072,0.132378,0.014453,img_431.jpg
61962,1280,720,636.0204,341.0984,1003.9038,1005.69714,-1.721,-0.242,5.848,0.008708,0.987317,0.156914,0.022508,img_432.jpg
62074,1280,720,636.0204,341.0984,1003.9038,1005.69714,-1.740,-0.253,5.822,0.012070,0.985909,0.163953,0.030943,img_433.jpg
62171,1280,720,636.0204,341.0984,1003.9038,1005.69714,-1.762,-0.261,5.796,0.006419,0.983676,0.175883,0.037504,img_434.jpg
62273,1280,720,636.0204,341.0984,1003.9038,1005.69714,-1.785,-0.270,5.777,0.003335,0.981215,0.186866,0.047822,img_435.jpg
62388,1280,720,636.0204,341.0984,1003.9038,1005.69714,-1.808,-0.274,5.764,-0.003604,0.978218,0.198222,0.061526,img_436.jpg
62495,1280,720,636.0204,341.0984,1003.9038,1005.69714,-1.835,-0.280,5.753,-0.008369,0.975267,0.206871,0.077384,img_437.jpg
62597,1280,720,636.0204,341.0984,1003.9038,1005.69714,-1.864,-0.288,5.748,-0.013648,0.970793,0.219146,0.096700,img_438.jpg,marker_7.png,0.2661801,0.2661801,-1.611,-0.323,6.625,-0.037269,0.712887,-0.699860,-0.699860
62694,1280,720,636.0204,341.0984,1003.9038,1005.69714,-1.906,-0.307,5.747,-0.017807,0.962937,0.241362,0.119078,img_439.jpg
62804,1280,720,636.0204,341.0984,1003.9038,1005.69714,-1.937,-0.323,5.751,-0.024613,0.955710,0.262316,0.131158,img_440.jpg
62924,1280,720,636.0204,341.0984,1003.9038,1005.69714,-1.978,-0.343,5.767,-0.035964,0.948513,0.279737,0.144139,img_441.jpg
63038,1280,720,636.0204,341.0984,1003.9038,1005.69714,-2.011,-0.353,5.777,-0.044755,0.944065,0.288988,0.152394,img_442.jpg
63155,1280,720,636.0204,341.0984,1003.9038,1005.69714,-2.047,-0.358,5.785,-0.059408,0.939905,0.294321,0.162557,img_443.jpg
63260,1280,720,636.0204,341.0984,1003.9038,1005.69714,-2.084,-0.359,5.790,-0.071529,0.937061,0.293304,0.175424,img_444.jpg
63371,1280,720,636.0204,341.0984,1003.9038,1005.69714,-2.133,-0.351,5.790,-0.086989,0.931765,0.289845,0.200592,img_445.jpg
63478,1280,720,636.0204,341.0984,1003.9038,1005.69714,-2.163,-0.349,5.792,-0.093764,0.928675,0.284298,0.218966,img_446.jpg
63583,1280,720,636.0204,341.0984,1003.9038,1005.69714,-2.188,-0.349,5.795,-0.101268,0.924662,0.281502,0.235587,img_447.jpg
63705,1280,720,636.0204,341.0984,1003.9038,1005.69714,-2.213,-0.348,5.800,-0.109091,0.917964,0.280001,0.258924,img_448.jpg
63808,1280,720,636.0204,341.0984,1003.9038,1005.69714,-2.230,-0.346,5.804,-0.111310,0.912770,0.278119,0.277689,img_449.jpg
63935,1280,720,636.0204,341.0984,1003.9038,1005.69714,-2.250,-0.340,5.811,-0.110574,0.905940,0.270148,0.306703,img_450.jpg
64060,1280,720,636.0204,341.0984,1003.9038,1005.69714,-2.268,-0.324,5.816,-0.101557,0.899568,0.250355,0.343200,img_451.jpg
64174,1280,720,636.0204,341.0984,1003.9038,1005.69714,-2.283,-0.306,5.823,-0.097301,0.893825,0.232116,0.371123,img_452.jpg
64290,1280,720,636.0204,341.0984,1003.9038,1005.69714,-2.302,-0.280,5.832,-0.088892,0.886648,0.204911,0.404926,img_453.jpg
64405,1280,720,636.0204,341.0984,1003.9038,1005.69714,-2.309,-0.262,5.838,-0.084243,0.879808,0.187127,0.428748,img_454.jpg
64528,1280,720,636.0204,341.0984,1003.9038,1005.69714,-2.319,-0.241,5.843,-0.076859,0.871110,0.165786,0.455823,img_455.jpg
64640,1280,720,636.0204,341.0984,1003.9038,1005.69714,-2.323,-0.225,5.844,-0.068282,0.865296,0.149816,0.473451,img_456.jpg
64772,1280,720,636.0204,341.0984,1003.9038,1005.69714,-2.325,-0.207,5.846,-0.058322,0.856830,0.131481,0.495129,img_457.jpg
64892,1280,720,636.0204,341.0984,1003.9038,1005.69714,-2.325,-0.200,5.844,-0.053727,0.849372,0.122238,0.510626,img_458.jpg
64999,1280,720,636.0204,341.0984,1003.9038,1005.69714,-2.326,-0.193,5.840,-0.051571,0.838012,0.112799,0.531368,img_459.jpg
65102,1280,720,636.0204,341.0984,1003.9038,1005.69714,-2.327,-0.190,5.835,-0.051666,0.827991,0.106122,0.548179,img_460.jpg
65195,1280,720,636.0204,341.0984,1003.9038,1005.69714,-2.329,-0.188,5.831,-0.052535,0.817138,0.101791,0.564946,img_461.jpg
65302,1280,720,636.0204,341.0984,1003.9038,1005.69714,-2.332,-0.188,5.824,-0.054137,0.806003,0.097920,0.581240,img_462.jpg
65394,1280,720,636.0204,341.0984,1003.9038,1005.69714,-2.332,-0.186,5.813,-0.054632,0.794386,0.091347,0.598015,img_463.jpg
65502,1280,720,636.0204,341.0984,1003.9038,1005.69714,-2.336,-0.185,5.800,-0.054603,0.782593,0.085641,0.614193,img_464.jpg
65594,1280,720,636.0204,341.0984,1003.9038,1005.69714,-2.342,-0.185,5.783,-0.054668,0.771509,0.080824,0.628691,img_465.jpg
65708,1280,720,636.0204,341.0984,1003.9038,1005.69714,-2.353,-0.184,5.765,-0.056065,0.761664,0.076151,0.641035,img_466.jpg
65798,1280,720,636.0204,341.0984,1003.9038,1005.69714,-2.366,-0.183,5.747,0.057192,-0.755264,-0.071405,-0.649005,img_467.jpg
65902,1280,720,636.0204,341.0984,1003.9038,1005.69714,-2.380,-0.183,5.729,0.055091,-0.750767,-0.070168,-0.654515,img_468.jpg
65996,1280,720,636.0204,341.0984,1003.9038,1005.69714,-2.396,-0.184,5.711,0.051858,-0.747153,-0.067733,-0.659155,img_469.jpg
66103,1280,720,636.0204,341.0984,1003.9038,1005.69714,-2.415,-0.186,5.691,0.055765,-0.745784,-0.065845,-0.660576,img_470.jpg
66207,1280,720,636.0204,341.0984,1003.9038,1005.69714,-2.435,-0.188,5.669,0.056720,-0.747530,-0.065530,-0.658550,img_471.jpg
66325,1280,720,636.0204,341.0984,1003.9038,1005.69714,-2.460,-0.190,5.642,0.057180,-0.750934,-0.065446,-0.654634,img_472.jpg
66445,1280,720,636.0204,341.0984,1003.9038,1005.69714,-2.474,-0.188,5.618,0.050561,-0.752593,-0.065294,-0.653287,img_473.jpg
66551,1280,720,636.0204,341.0984,1003.9038,1005.69714,-2.494,-0.188,5.592,0.048238,-0.758778,-0.068285,-0.645962,img_474.jpg
66676,1280,720,636.0204,341.0984,1003.9038,1005.69714,-2.507,-0.190,5.573,-0.047622,0.764809,0.070534,0.638612,img_475.jpg
66777,1280,720,636.0204,341.0984,1003.9038,1005.69714,-2.517,-0.191,5.555,-0.048876,0.770595,0.071188,0.631448,img_476.jpg
66908,1280,720,636.0204,341.0984,1003.9038,1005.69714,-2.525,-0.191,5.524,-0.052453,0.779424,0.069201,0.620449,img_477.jpg
67027,1280,720,636.0204,341.0984,1003.9038,1005.69714,-2.526,-0.193,5.491,-0.053626,0.783246,0.068521,0.615593,img_478.jpg,marker_8.jpg,0.26186588,0.26186588,-3.341,-0.334,5.758,-0.471135,-0.537958,0.515474,0.515474
67142,1280,720,636.0204,341.0984,1003.9038,1005.69714,-2.525,-0.196,5.469,-0.053521,0.780928,0.070720,0.618293,img_479.jpg
67244,1280,720,636.0204,341.0984,1003.9038,1005.69714,-2.524,-0.197,5.448,-0.056936,0.777343,0.072561,0.622279,img_480.jpg
67357,1280,720,636.0204,341.0984,1003.9038,1005.69714,-2.524,-0.199,5.423,-0.054167,0.772420,0.071136,0.628787,img_481.jpg
67476,1280,720,636.0204,341.0984,1003.9038,1005.69714,-2.531,-0.200,5.404,-0.058129,0.767071,0.069477,0.635134,img_482.jpg
67591,1280,720,636.0204,341.0984,1003.9038,1005.69714,-2.539,-0.200,5.385,0.055482,-0.757717,-0.067277,-0.646730,img_483.jpg,marker_8.jpg,0.26901087,0.26901087,-3.354,-0.336,5.762,-0.483278,-0.528319,0.510772,0.510772
67696,1280,720,636.0204,341.0984,1003.9038,1005.69714,-2.556,-0.199,5.359,0.049419,-0.746650,-0.065581,-0.660129,img_484.jpg
67808,1280,720,636.0204,341.0984,1003.9038,1005.69714,-2.573,-0.197,5.338,0.045115,-0.739057,-0.064264,-0.669051,img_485.jpg
67907,1280,720,636.0204,341.0984,1003.9038,1005.69714,-2.591,-0.194,5.317,0.040200,-0.732617,-0.064489,-0.676386,img_486.jpg
68005,1280,720,636.0204,341.0984,1003.9038,1005.69714,-2.609,-0.192,5.294,0.037831,-0.724772,-0.060999,-0.685239,img_487.jpg
68115,1280,720,636.0204,341.0984,1003.9038,1005.69714,-2.627,-0.190,5.270,0.043913,-0.715348,-0.059962,-0.694805,img_488.jpg
68223,1280,720,636.0204,341.0984,1003.9038,1005.69714,-2.644,-0.190,5.242,0.044429,-0.702182,-0.059084,-0.708150,img_489.jpg
68339,1280,720,636.0204,341.0984,1003.9038,1005.69714,-2.653,-0.192,5.221,0.049648,-0.697215,-0.060490,-0.712578,img_490.jpg
68440,1280,720,636.0204,341.0984,1003.9038,1005.69714,-2.654,-0.193,5.197,0.046409,-0.690833,-0.057655,-0.719217,img_491.jpg
68558,1280,720,636.0204,341.0984,1003.9038,1005.69714,-2.651,-0.196,5.158,0.046115,-0.686166,-0.058181,-0.723647,img_492.jpg
68676,1280,720,636.0204,341.0984,1003.9038,1005.69714,-2.640,-0.195,5.121,0.054720,-0.688839,-0.054867,-0.720761,img_493.jpg
68774,1280,720,636.0204,341.0984,1003.9038,1005.69714,-2.627,-0.195,5.083,0.055723,-0.688866,-0.062613,-0.720027,img_494.jpg
68887,1280,720,636.0204,341.0984,1003.9038,1005.69714,-2.609,-0.194,5.040,0.054523,-0.695463,-0.062123,-0.713793,img_495.jpg
68992,1280,720,636.0204,341.0984,1003.9038,1005.69714,-2.584,-0.191,4.985,0.046877,-0.701215,-0.066135,-0.708327,img_496.jpg
69110,1280,720,636.0204,341.0984,1003.9038,1005.69714,-2.566,-0.189,4.941,0.048749,-0.705368,-0.067996,-0.703887,img_497.jpg
69225,1280,720,636.0204,341.0984,1003.9038,1005.69714,-2.545,-0.187,4.887,0.057157,-0.713134,-0.066275,-0.695544,img_498.jpg
69341,1280,720,636.0204,341.0984,1003.9038,1005.69714,-2.530,-0.186,4.851,0.056512,-0.710983,-0.066548,-0.697768,img_499.jpg
69460,1280,720,636.0204,341.0984,1003.9038,1005.69714,-2.514,-0.184,4.802,0.066935,-0.707130,-0.059024,-0.701429,img_500.jpg
69575,1280,720,636.0204,341.0984,1003.9038,1005.69714,-2.503,-0.182,4.772,0.060603,-0.699314,-0.051283,-0.710392,img_501.jpg
69693,1280,720,636.0204,341.0984,1003.9038,1005.69714,-2.498,-0.185,4.733,0.061584,-0.683651,-0.052669,-0.725296,img_502.jpg
69858,1280,720,636.0204,341.0984,1003.9038,1005.69714,-2.502,-0.192,4.682,0.061921,-0.669207,-0.059260,-0.738116,img_503.jpg
69974,1280,720,636.0204,341.0984,1003.9038,1005.69714,-2.512,-0.195,4.652,0.057852,-0.666505,-0.062601,-0.740612,img_504.jpg
70076,1280,720,636.0204,341.0984,1003.9038,1005.69714,-2.528,-0.196,4.621,0.053776,-0.667953,-0.068959,-0.739048,img_505.jpg
70180,1280,720,636.0204,341.0984,1003.9038,1005.69714,-2.547,-0.195,4.585,0.051925,-0.673231,-0.069572,-0.734318,img_506.jpg
70282,1280,720,636.0204,341.0984,1003.9038,1005.69714,-2.576,-0.194,4.542,0.054858,-0.675523,-0.072647,-0.731698,img_507.jpg
70392,1280,720,636.0204,341.0984,1003.9038,1005.69714,-2.592,-0.192,4.510,0.054240,-0.673864,-0.070395,-0.733492,img_508.jpg
70495,1280,720,636.0204,341.0984,1003.9038,1005.69714,-2.606,-0.192,4.477,0.059802,-0.672237,-0.064844,-0.735062,img_509.jpg
70609,1280,720,636.0204,341.0984,1003.9038,1005.69714,-2.620,-0.193,4.450,0.061292,-0.669957,-0.063731,-0.737116,img_510.jpg
70706,1280,720,636.0204,341.0984,1003.9038,1005.69714,-2.633,-0.194,4.423,0.058510,-0.671703,-0.061570,-0.735936,img_511.jpg
70808,1280,720,636.0204,341.0984,1003.9038,1005.69714,-2.647,-0.196,4.392,0.054936,-0.674737,-0.060612,-0.733511,img_512.jpg
70907,1280,720,636.0204,341.0984,1003.9038,1005.69714,-2.661,-0.197,4.359,0.054549,-0.683828,-0.058066,-0.725280,img_513.jpg
71009,1280,720,636.0204,341.0984,1003.9038,1005.69714,-2.669,-0.197,4.325,0.050109,-0.695884,-0.054915,-0.714296,img_514.jpg
71119,1280,720,636.0204,341.0984,1003.9038,1005.69714,-2.677,-0.195,4.290,0.049244,-0.706016,-0.055149,-0.704326,img_515.jpg,marker_9.jpg,0.26398665,0.26398665,-3.487,-0.308,4.255,-0.463202,-0.546056,0.522430,0.522430
71224,1280,720,636.0204,341.0984,1003.9038,1005.69714,-2.683,-0.190,4.245,0.049302,-0.720651,-0.052167,-0.689572,img_516.jpg
71343,1280,720,636.0204,341.0984,1003.9038,1005.69714,-2.686,-0.188,4.217,0.047434,-0.729874,-0.053225,-0.679853,img_517.jpg
71443,1280,720,636.0204,341.0984,1003.9038,1005.69714,-2.688,-0.187,4.193,0.045219,-0.737997,-0.052848,-0.671210,img_518.jpg
71551,1280,720,636.0204,341.0984,1003.9038,1005.69714,-2.690,-0.187,4.172,0.045209,-0.745953,-0.052338,-0.662398,img_519.jpg
71658,1280,720,636.0204,341.0984,1003.9038,1005.69714,-2.692,-0.188,4.149,0.043858,-0.753657,-0.051622,-0.653768,img_520.jpg
71775,1280,720,636.0204,341.0984,1003.9038,1005.69714,-2.696,-0.188,4.134,0.046308,-0.757677,-0.048784,-0.649155,img_521.jpg
71883,1280,720,636.0204,341.0984,1003.9038,1005.69714,-2.699,-0.187,4.123,0.045119,-0.763437,-0.048225,-0.642498,img_522.jpg
71996,1280,720,636.0204,341.0984,1003.9038,1005.69714,-2.707,-0.187,4.111,-0.037707,0.764144,0.050686,0.641944,img_523.jpg
72126,1280,720,636.0204,341.0984,1003.9038,1005.69714,-2.721,-0.190,4.098,-0.038894,0.764399,0.061296,0.640643,img_524.jpg,marker_9.jpg,0.2640042,0.2640042,-3.490,-0.308,4.254,-0.472020,-0.539241,0.515916,0.515916
72250,1280,720,636.0204,341.0984,1003.9038,1005.69714,-2.742,-0.192,4.078,-0.042515,0.765230,0.067213,0.638826,img_525.jpg
72375,1280,720,636.0204,341.0984,1003.9038,1005.69714,-2.758,-0.190,4.061,-0.044285,0.764556,0.069052,0.639316,img_526.jpg
72481,1280,720,636.0204,341.0984,1003.9038,1005.69714,-2.772,-0.188,4.042,0.042765,-0.756595,-0.066712,-0.649065,img_527.jpg
72592,1280,720,636.0204,341.0984,1003.9038,1005.69714,-2.787,-0.185,4.016,0.043393,-0.747100,-0.057137,-0.660829,img_528.jpg
72710,1280,720,636.0204,341.0984,1003.9038,1005.69714,-2.796,-0.185,3.997,0.048433,-0.744956,-0.057145,-0.662895,img_529.jpg
72810,1280,720,636.0204,341.0984,1003.9038,1005.69714,-2.798,-0.185,3.975,0.045137,-0.745187,-0.053383,-0.663182,img_530.jpg,marker_9.jpg,0.265722,0.265722,-3.492,-0.309,4.257,-0.476273,-0.535813,0.514583,0.514583
72920,1280,720,636.0204,341.0984,1003.9038,1005.69714,-2.798,-0.188,3.937,0.047252,-0.745719,-0.055932,-0.662225,img_531.jpg
73026,1280,720,636.0204,341.0984,1003.9038,1005.69714,-2.789,-0.188,3.900,0.052737,-0.750487,-0.050354,-0.656851,img_532.jpg
73142,1280,720,636.0204,341.0984,1003.9038,1005.69714,-2.778,-0.188,3.861,0.059053,-0.754270,-0.055363,-0.651555,img_533.jpg
73259,1280,720,636.0204,341.0984,1003.9038,1005.69714,-2.758,-0.188,3.807,0.054872,-0.756560,-0.053273,-0.649436,img_534.jpg
73377,1280,720,636.0204,341.0984,1003.9038,1005.69714,-2.741,-0.187,3.762,0.058648,-0.756383,-0.045764,-0.649885,img_535.jpg
73477,1280,720,636.0204,341.0984,1003.9038,1005.69714,-2.725,-0.185,3.720,0.063440,-0.756418,-0.041673,-0.649669,img_536.jpg
73586,1280,720,636.0204,341.0984,1003.9038,1005.69714,-2.709,-0.185,3.683,0.063135,-0.753485,-0.044461,-0.652915,img_537.jpg
73691,1280,720,636.0204,341.0984,1003.9038,1005.69714,-2.688,-0.186,3.634,0.062429,-0.748097,-0.048728,-0.658847,img_538.jpg
73812,1280,720,636.0204,341.0984,1003.9038,1005.69714,-2.676,-0.187,3.599,0.063399,-0.740441,-0.047041,-0.667469,img_539.jpg
73924,1280,720,636.0204,341.0984,1003.9038,1005.69714,-2.664,-0.187,3.564,0.066688,-0.738089,-0.038192,-0.670312,img_540.jpg
74045,1280,720,636.0204,341.0984,1003.9038,1005.69714,-2.648,-0.190,3.511,0.059711,-0.725201,-0.039127,-0.684827,img_541.jpg
74159,1280,720,636.0204,341.0984,1003.9038,1005.69714,-2.647,-0.193,3.478,0.055660,-0.717475,-0.045092,-0.692892,img_542.jpg
74282,1280,720,636.0204,341.0984,1003.9038,1005.69714,-2.653,-0.198,3.442,0.057936,-0.716086,-0.049989,-0.693805,img_543.jpg
74390,1280,720,636.0204,341.0984,1003.9038,1005.69714,-2.662,-0.204,3.390,0.067799,-0.721240,-0.066281,-0.686166,img_544.jpg
74514,1280,720,636.0204,341.0984,1003.9038,1005.69714,-2.666,-0.203,3.351,0.053103,-0.718536,-0.080177,-0.688809,img_545.jpg
74617,1280,720,636.0204,341.0984,1003.9038,1005.69714,-2.674,-0.199,3.297,0.057709,-0.711086,-0.091507,-0.694732,img_546.jpg
74744,1280,720,636.0204,341.0984,1003.9038,1005.69714,-2.681,-0.194,3.245,0.058579,-0.703612,-0.090322,-0.702382,img_547.jpg
74859,1280,720,636.0204,341.0984,1003.9038,1005.69714,-2.684,-0.189,3.210,0.057256,-0.701691,-0.078509,-0.705824,img_548.jpg
74981,1280,720,636.0204,341.0984,1003.9038,1005.69714,-2.691,-0.187,3.159,0.061748,-0.702178,-0.060097,-0.706769,img_549.jpg
75095,1280,720,636.0204,341.0984,1003.9038,1005.69714,-2.696,-0.190,3.120,0.061765,-0.702804,-0.057338,-0.706374,img_550.jpg
75193,1280,720,636.0204,341.0984,1003.9038,1005.69714,-2.701,-0.192,3.078,0.063815,-0.706021,-0.054340,-0.703214,img_551.jpg
75294,1280,720,636.0204,341.0984,1003.9038,1005.69714,-2.701,-0.191,3.034,0.061531,-0.713095,-0.050347,-0.696545,img_552.jpg
75410,1280,720,636.0204,341.0984,1003.9038,1005.69714,-2.701,-0.188,2.975,0.059524,-0.723258,-0.054200,-0.685869,img_553.jpg
75527,1280,720,636.0204,341.0984,1003.9038,1005.69714,-2.700,-0.182,2.930,0.060207,-0.730461,-0.052617,-0.678258,img_554.jpg
75617,1280,720,636.0204,341.0984,1003.9038,1005.69714,-2.699,-0.179,2.889,0.059187,-0.734894,-0.055670,-0.673297,img_555.jpg
75723,1280,720,636.0204,341.0984,1003.9038,1005.69714,-2.698,-0.177,2.850,0.057849,-0.738303,-0.056535,-0.669601,img_556.jpg
75818,1280,720,636.0204,341.0984,1003.9038,1005.69714,-2.697,-0.177,2.815,0.060166,-0.740118,-0.056053,-0.667430,img_557.jpg
75923,1280,720,636.0204,341.0984,1003.9038,1005.69714,-2.697,-0.178,2.783,0.060591,-0.739171,-0.053874,-0.668620,img_558.jpg
76019,1280,720,636.0204,341.0984,1003.9038,1005.69714,-2.700,-0.178,2.755,0.066884,-0.737220,-0.048445,-0.670586,img_559.jpg
76154,1280,720,636.0204,341.0984,1003.9038,1005.69714,-2.711,-0.180,2.723,0.068468,-0.733806,-0.042611,-0.674556,img_560.jpg
76284,1280,720,636.0204,341.0984,1003.9038,1005.69714,-2.730,-0.185,2.692,0.073195,-0.730466,-0.040043,-0.677834,img_561.jpg
76397,1280,720,636.0204,341.0984,1003.9038,1005.69714,-2.748,-0.188,2.671,0.072105,-0.727478,-0.046609,-0.680738,img_562.jpg
76512,1280,720,636.0204,341.0984,1003.9038,1005.69714,-2.772,-0.187,2.642,0.059988,-0.724661,-0.049268,-0.684720,img_563.jpg,marker_10.jpg,0.26374486,0.26374486,-3.663,-0.290,2.522,-0.463445,-0.532341,0.518175,0.518175
76627,1280,720,636.0204,341.0984,1003.9038,1005.69714,-2.792,-0.183,2.619,0.054384,-0.724789,-0.051398,-0.684895,img_564.jpg
76740,1280,720,636.0204,341.0984,1003.9038,1005.69714,-2.812,-0.180,2.596,0.046361,-0.724954,-0.049643,-0.685440,img_565.jpg
76861,1280,720,636.0204,341.0984,1003.9038,1005.69714,-2.840,-0.179,2.569,0.048905,-0.720372,-0.047745,-0.690212,img_566.jpg
76979,1280,720,636.0204,341.0984,1003.9038,1005.69714,-2.866,-0.181,2.545,0.057174,-0.720124,-0.045950,-0.689957,img_567.jpg,marker_10.jpg,0.26581848,0.26581848,-3.666,-0.290,2.521,-0.447737,-0.548572,0.524719,0.524719
77097,1280,720,636.0204,341.0984,1003.9038,1005.69714,-2.878,-0.182,2.530,0.051333,-0.721022,-0.046638,-0.689432,img_568.jpg
77206,1280,720,636.0204,341.0984,1003.9038,1005.69714,-2.887,-0.181,2.511,0.049966,-0.727152,-0.045337,-0.683152,img_569.jpg
77327,1280,720,636.0204,341.0984,1003.9038,1005.69714,-2.894,-0.180,2.486,0.048151,-0.738768,-0.044507,-0.670763,img_570.jpg
77448,1280,720,636.0204,341.0984,1003.9038,1005.69714,-2.895,-0.176,2.460,0.045359,-0.750592,-0.044785,-0.657685,img_571.jpg
77561,1280,720,636.0204,341.0984,1003.9038,1005.69714,-2.893,-0.173,2.438,0.042610,-0.757558,-0.045202,-0.649805,img_572.jpg
77683,1280,720,636.0204,341.0984,1003.9038,1005.69714,-2.889,-0.171,2.411,0.039910,-0.763614,-0.048240,-0.642630,img_573.jpg,marker_10.jpg,0.26499784,0.26499784,-3.666,-0.290,2.522,-0.460730,-0.537811,0.530126,0.530126
77812,1280,720,636.0204,341.0984,1003.9038,1005.69714,-2.885,-0.169,2.386,-0.041522,0.768268,0.045953,0.637126,img_574.jpg
77928,1280,720,636.0204,341.0984,1003.9038,1005.69714,-2.880,-0.168,2.369,-0.042975,0.771278,0.045082,0.633443,img_575.jpg
78033,1280,720,636.0204,341.0984,1003.9038,1005.69714,-2.872,-0.167,2.352,-0.042831,0.773137,0.043250,0.631312,img_576.jpg
78141,1280,720,636.0204,341.0984,1003.9038,1005.69714,-2.860,-0.165,2.328,-0.041879,0.772227,0.041142,0.632629,img_577.jpg
78248,1280,720,636.0204,341.0984,1003.9038,1005.69714,-2.852,-0.164,2.309,0.042128,-0.769179,-0.039498,-0.636419,img_578.jpg
78361,1280,720,636.0204,341.0984,1003.9038,1005.69714,-2.842,-0.164,2.289,0.041650,-0.764307,-0.038285,-0.642367,img_579.jpg,marker_10.jpg,0.26402754,0.26402754,-3.662,-0.290,2.522,-0.470244,-0.530169,0.518963,0.518963
78467,1280,720,636.0204,341.0984,1003.9038,1005.69714,-2.834,-0.164,2.269,0.042986,-0.758191,-0.037732,-0.649519,img_580.jpg
78579,1280,720,636.0204,341.0984,1003.9038,1005.69714,-2.827,-0.165,2.244,0.044535,-0.750113,-0.038336,-0.658694,img_581.jpg
78698,1280,720,636.0204,341.0984,1003.9038,1005.69714,-2.823,-0.167,2.227,0.049300,-0.744746,-0.038663,-0.664401,img_582.jpg
78801,1280,720,636.0204,341.0984,1003.9038,1005.69714,-2.822,-0.170,2.210,0.054285,-0.739360,-0.038308,-0.670024,img_583.jpg,marker_10.jpg,0.26467746,0.26467746,-3.660,-0.290,2.523,-0.473394,-0.529270,0.514397,0.514397
78911,1280,720,636.0204,341.0984,1003.9038,1005.69714,-2.821,-0.173,2.189,0.056825,-0.731316,-0.040885,-0.678436,img_584.jpg
79029,1280,720,636.0204,341.0984,1003.9038,1005.69714,-2.820,-0.174,2.174,0.056031,-0.723672,-0.043316,-0.686501,img_585.jpg
79133,1280,720,636.0204,341.0984,1003.9038,1005.69714,-2.821,-0.175,2.161,0.053518,-0.715820,-0.046050,-0.694706,img_586.jpg
79246,1280,720,636.0204,341.0984,1003.9038,1005.69714,-2.826,-0.177,2.150,0.058688,-0.708222,-0.048458,-0.701875,img_587.jpg
79351,1280,720,636.0204,341.0984,1003.9038,1005.69714,-2.834,-0.181,2.136,0.064382,-0.697400,-0.049543,-0.712063,img_588.jpg
79468,1280,720,636.0204,341.0984,1003.9038,1005.69714,-2.843,-0.184,2.123,0.070616,-0.686478,-0.050871,-0.721923,img_589.jpg
79580,1280,720,636.0204,341.0984,1003.9038,1005.69714,-2.858,-0.187,2.102,0.076982,-0.664639,-0.048641,-0.741595,img_590.jpg
79698,1280,720,636.0204,341.0984,1003.9038,1005.69714,-2.871,-0.191,2.085,0.079229,-0.640810,-0.046547,-0.762180,img_591.jpg
79802,1280,720,636.0204,341.0984,1003.9038,1005.69714,-2.888,-0.194,2.068,0.081317,-0.613562,-0.048776,-0.783933,img_592.jpg
79908,1280,720,636.0204,341.0984,1003.9038,1005.69714,-2.905,-0.193,2.045,0.080322,-0.576561,-0.046725,-0.811752,img_593.jpg
80029,1280,720,636.0204,341.0984,1003.9038,1005.69714,-2.916,-0.192,2.028,0.083952,-0.547717,-0.041702,-0.831396,img_594.jpg
80126,1280,720,636.0204,341.0984,1003.9038,1005.69714,-2.925,-0.192,2.013,0.086387,-0.517449,-0.041373,-0.850337,img_595.jpg
80229,1280,720,636.0204,341.0984,1003.9038,1005.69714,-2.932,-0.194,2.001,0.085121,-0.489541,-0.045793,-0.866607,img_596.jpg
80326,1280,720,636.0204,341.0984,1003.9038,1005.69714,-2.937,-0.196,1.986,0.086947,-0.462196,-0.045568,-0.881328,img_597.jpg
80428,1280,720,636.0204,341.0984,1003.9038,1005.69714,-2.939,-0.196,1.976,0.088029,-0.437965,-0.045200,-0.893529,img_598.jpg
80525,1280,720,636.0204,341.0984,1003.9038,1005.69714,-2.939,-0.195,1.968,0.086496,-0.414452,-0.045217,-0.904822,img_599.jpg
80620,1280,720,636.0204,341.0984,1003.9038,1005.69714,-2.936,-0.195,1.959,0.080680,-0.387276,-0.045239,-0.917312,img_600.jpg
80729,1280,720,636.0204,341.0984,1003.9038,1005.69714,-2.930,-0.193,1.951,0.079125,-0.359248,-0.040209,-0.929012,img_601.jpg
80818,1280,720,636.0204,341.0984,1003.9038,1005.69714,-2.924,-0.191,1.942,0.076220,-0.330325,-0.036836,-0.940063,img_602.jpg
80929,1280,720,636.0204,341.0984,1003.9038,1005.69714,-2.918,-0.190,1.934,0.074255,-0.303046,-0.033676,-0.949482,img_603.jpg
81023,1280,720,636.0204,341.0984,1003.9038,1005.69714,-2.911,-0.189,1.927,0.072613,-0.278173,-0.029095,-0.957340,img_604.jpg
81126,1280,720,636.0204,341.0984,1003.9038,1005.69714,-2.906,-0.189,1.920,0.073263,-0.252465,-0.024886,-0.964508,img_605.jpg
81229,1280,720,636.0204,341.0984,1003.9038,1005.69714,-2.900,-0.189,1.914,0.068364,-0.228815,-0.021594,-0.970826,img_606.jpg
81346,1280,720,636.0204,341.0984,1003.9038,1005.69714,-2.896,-0.188,1.908,0.063998,-0.195729,-0.018510,-0.978393,img_607.jpg
81446,1280,720,636.0204,341.0984,1003.9038,1005.69714,-2.893,-0.190,1.901,0.061797,-0.171120,-0.018682,-0.983133,img_608.jpg
81563,1280,720,636.0204,341.0984,1003.9038,1005.69714,-2.890,-0.193,1.893,0.063845,-0.148796,-0.021647,-0.986567,img_609.jpg
81682,1280,720,636.0204,341.0984,1003.9038,1005.69714,-2.888,-0.196,1.887,0.067467,-0.133489,-0.021039,-0.988527,img_610.jpg
81783,1280,720,636.0204,341.0984,1003.9038,1005.69714,-2.879,-0.198,1.881,0.066455,-0.119900,-0.019734,-0.990363,img_611.jpg
81899,1280,720,636.0204,341.0984,1003.9038,1005.69714,-2.869,-0.196,1.875,0.059729,-0.111923,-0.021021,-0.991697,img_612.jpg
81999,1280,720,636.0204,341.0984,1003.9038,1005.69714,-2.857,-0.195,1.863,0.057496,-0.104780,-0.019596,-0.992639,img_613.jpg
82102,1280,720,636.0204,341.0984,1003.9038,1005.69714,-2.841,-0.194,1.851,0.054231,-0.096519,-0.018811,-0.993675,img_614.jpg
82207,1280,720,636.0204,341.0984,1003.9038,1005.69714,-2.823,-0.192,1.840,0.053020,-0.090623,-0.015123,-0.994358,img_615.jpg
82315,1280,720,636.0204,341.0984,1003.9038,1005.69714,-2.797,-0.191,1.825,0.051411,-0.086742,-0.009941,-0.994854,img_616.jpg
82431,1280,720,636.0204,341.0984,1003.9038,1005.69714,-2.774,-0.192,1.809,0.054665,-0.081940,-0.007058,-0.995112,img_617.jpg
82543,1280,720,636.0204,341.0984,1003.9038,1005.69714,-2.740,-0.193,1.788,0.056864,-0.076467,-0.004173,-0.995441,img_618.jpg,marker_11.jpg,0.2769155,0.2769155,-2.735,-0.319,0.927,-0.711630,-0.081579,0.094397,0.094397
82667,1280,720,636.0204,341.0984,1003.9038,1005.69714,-2.714,-0.195,1.771,0.058604,-0.072946,-0.003089,-0.995608,img_619.jpg
82773,1280,720,636.0204,341.0984,1003.9038,1005.69714,-2.688,-0.195,1.756,0.061583,-0.070629,0.001102,-0.995599,img_620.jpg
82894,1280,720,636.0204,341.0984,1003.9038,1005.69714,-2.657,-0.198,1.739,0.062326,-0.069055,-0.002037,-0.995662,img_621.jpg
83016,1280,720,636.0204,341.0984,1003.9038,1005.69714,-2.628,-0.201,1.721,0.062833,-0.072635,-0.003725,-0.995370,img_622.jpg,marker_11.jpg,0.2666602,0.2666602,-2.739,-0.319,0.940,-0.700295,-0.044780,0.053685,0.053685
83133,1280,720,636.0204,341.0984,1003.9038,1005.69714,-2.608,-0.202,1.707,0.063633,-0.078767,-0.005661,-0.994844,img_623.jpg
83249,1280,720,636.0204,341.0984,1003.9038,1005.69714,-2.585,-0.207,1.687,0.070654,-0.092412,-0.006670,-0.993189,img_624.jpg
83367,1280,720,636.0204,341.0984,1003.9038,1005.69714,-2.570,-0.210,1.674,0.077222,-0.101354,-0.008758,-0.991810,img_625.jpg
83479,1280,720,636.0204,341.0984,1003.9038,1005.69714,-2.551,-0.212,1.665,0.079832,-0.110449,-0.011249,-0.990607,img_626.jpg
83602,1280,720,636.0204,341.0984,1003.9038,1005.69714,-2.540,-0.211,1.663,0.076306,-0.115938,-0.011471,-0.990255,img_627.jpg
83711,1280,720,636.0204,341.0984,1003.9038,1005.69714,-2.525,-0.209,1.674,0.068482,-0.117794,-0.008618,-0.990636,img_628.jpg,marker_11.jpg,0.2627332,0.2627332,-2.736,-0.317,0.947,-0.702677,-0.052802,0.060327,0.060327
83831,1280,720,636.0204,341.0984,1003.9038,1005.69714,-2.516,-0.209,1.685,0.063821,-0.112426,-0.011863,-0.991537,img_629.jpg
83939,1280,720,636.0204,341.0984,1003.9038,1005.69714,-2.502,-0.208,1.696,0.064677,-0.105028,-0.013731,-0.992269,img_630.jpg
84038,1280,720,636.0204,341.0984,1003.9038,1005.69714,-2.478,-0.210,1.711,0.072442,-0.092696,-0.021570,-0.992821,img_631.jpg
84149,1280,720,636.0204,341.0984,1003.9038,1005.69714,-2.459,-0.211,1.731,0.070731,-0.087376,-0.029802,-0.993214,img_632.jpg
84267,1280,720,636.0204,341.0984,1003.9038,1005.69714,-2.439,-0.212,1.752,0.070645,-0.083625,-0.035242,-0.993365,img_633.jpg,marker_11.jpg,0.26570693,0.26570693,-2.741,-0.317,0.944,-0.706874,-0.049226,0.055960,0.055960
84388,1280,720,636.0204,341.0984,1003.9038,1005.69714,-2.409,-0.214,1.788,0.071178,-0.083078,-0.038022,-0.993270,img_634.jpg
84499,1280,720,636.0204,341.0984,1003.9038,1005.69714,-2.388,-0.216,1.812,0.073193,-0.078025,-0.044184,-0.993279,img_635.jpg
84600,1280,720,636.0204,341.0984,1003.9038,1005.69714,-2.365,-0.214,1.835,0.073234,-0.076108,-0.047626,-0.993265,img_636.jpg
84712,1280,720,636.0204,341.0984,1003.9038,1005.69714,-2.333,-0.209,1.860,0.074756,-0.069478,-0.049247,-0.993559,img_637.jpg
84816,1280,720,636.0204,341.0984,1003.9038,1005.69714,-2.310,-0.208,1.870,0.077783,-0.063883,-0.046438,-0.993837,img_638.jpg
84935,1280,720,636.0204,341.0984,1003.9038,1005.69714,-2.285,-0.207,1.878,0.078846,-0.056916,-0.042164,-0.994367,img_639.jpg
85034,1280,720,636.0204,341.0984,1003.9038,1005.69714,-2.258,-0.204,1.886,0.075695,-0.049849,-0.040819,-0.995047,img_640.jpg
85123,1280,720,636.0204,341.0984,1003.9038,1005.69714,-2.224,-0.199,1.888,0.073659,-0.043044,-0.034781,-0.995747,img_641.jpg
85216,1280,720,636.0204,341.0984,1003.9038,1005.69714,-2.185,-0.196,1.885,0.069758,-0.036742,-0.029562,-0.996449,img_642.jpg
85307,1280,720,636.0204,341.0984,1003.9038,1005.69714,-2.140,-0.194,1.876,0.072051,-0.030725,-0.025820,-0.996593,img_643.jpg,marker_11.jpg,0.26575428,0.26575428,-2.741,-0.317,0.943,-0.698283,-0.049402,0.053050,0.053050
85415,1280,720,636.0204,341.0984,1003.9038,1005.69714,-2.092,-0.193,1.866,0.073989,-0.027605,-0.024625,-0.996573,img_644.jpg
85508,1280,720,636.0204,341.0984,1003.9038,1005.69714,-2.046,-0.193,1.856,0.077722,-0.031805,-0.029659,-0.996026,img_645.jpg
85616,1280,720,636.0204,341.0984,1003.9038,1005.69714,-2.001,-0.197,1.843,0.080936,-0.042442,-0.030039,-0.995362,img_646.jpg
85735,1280,720,636.0204,341.0984,1003.9038,1005.69714,-1.933,-0.198,1.827,0.080922,-0.061537,-0.024978,-0.994505,img_647.jpg
85833,1280,720,636.0204,341.0984,1003.9038,1005.69714,-1.883,-0.195,1.815,0.082894,-0.064910,-0.020945,-0.994222,img_648.jpg
85949,1280,720,636.0204,341.0984,1003.9038,1005.69714,-1.840,-0.194,1.806,0.081848,-0.062529,-0.020432,-0.994472,img_649.jpg
86042,1280,720,636.0204,341.0984,1003.9038,1005.69714,-1.800,-0.192,1.801,0.079133,-0.056572,-0.015894,-0.995131,img_650.jpg
86169,1280,720,636.0204,341.0984,1003.9038,1005.69714,-1.761,-0.190,1.799,0.073420,-0.048492,-0.015376,-0.996003,img_651.jpg
86286,1280,720,636.0204,341.0984,1003.9038,1005.69714,-1.712,-0.193,1.800,0.072668,-0.038189,-0.019448,-0.996435,img_652.jpg
86401,1280,720,636.0204,341.0984,1003.9038,1005.69714,-1.674,-0.199,1.802,0.072503,-0.027231,-0.030353,-0.996534,img_653.jpg
86509,1280,720,636.0204,341.0984,1003.9038,1005.69714,-1.622,-0.209,1.812,0.076298,-0.023484,-0.045709,-0.995760,img_654.jpg
86636,1280,720,636.0204,341.0984,1003.9038,1005.69714,-1.585,-0.207,1.825,0.074445,-0.030981,-0.050899,-0.995443,img_655.jpg
86745,1280,720,636.0204,341.0984,1003.9038,1005.69714,-1.533,-0.198,1.847,0.069928,-0.038538,-0.050589,-0.995523,img_656.jpg
86852,1280,720,636.0204,341.0984,1003.9038,1005.69714,-1.493,-0.193,1.865,0.070433,-0.044103,-0.040478,-0.995719,img_657.jpg
86962,1280,720,636.0204,341.0984,1003.9038,1005.69714,-1.454,-0.190,1.880,0.071021,-0.046950,-0.037338,-0.995669,img_658.jpg
87069,1280,720,636.0204,341.0984,1003.9038,1005.69714,-1.417,-0.187,1.891,0.072102,-0.050760,-0.034380,-0.995511,img_659.jpg
87180,1280,720,636.0204,341.0984,1003.9038,1005.69714,-1.378,-0.183,1.901,0.067134,-0.054522,-0.033358,-0.995695,img_660.jpg
87292,1280,720,636.0204,341.0984,1003.9038,1005.69714,-1.317,-0.182,1.906,0.064250,-0.059793,-0.032152,-0.995622,img_661.jpg
87419,1280,720,636.0204,341.0984,1003.9038,1005.69714,-1.249,-0.182,1.910,0.059376,-0.068451,-0.036221,-0.995227,img_662.jpg
87543,1280,720,636.0204,341.0984,1003.9038,1005.69714,-1.180,-0.183,1.912,0.063241,-0.074412,-0.041393,-0.994359,img_663.jpg
87650,1280,720,636.0204,341.0984,1003.9038,1005.69714,-1.133,-0.184,1.914,0.076271,-0.077343,-0.043095,-0.993148,img_664.jpg
87783,1280,720,636.0204,341.0984,1003.9038,1005.69714,-1.079,-0.179,1.924,0.066905,-0.076141,-0.045785,-0.993796,img_665.jpg
87902,1280,720,636.0204,341.0984,1003.9038,1005.69714,-1.041,-0.173,1.931,0.066921,-0.074542,-0.043810,-0.994005,img_666.jpg
88004,1280,720,636.0204,341.0984,1003.9038,1005.69714,-0.993,-0.164,1.945,0.057970,-0.071310,-0.036780,-0.995089,img_667.jpg
88117,1280,720,636.0204,341.0984,1003.9038,1005.69714,-0.964,-0.161,1.955,0.057098,-0.067302,-0.035704,-0.995457,img_668.jpg
88234,1280,720,636.0204,341.0984,1003.9038,1005.69714,-0.926,-0.158,1.968,0.054710,-0.062447,-0.032744,-0.996010,img_669.jpg
88352,1280,720,636.0204,341.0984,1003.9038,1005.69714,-0.901,-0.160,1.979,0.056557,-0.061280,-0.033204,-0.995964,img_670.jpg
88469,1280,720,636.0204,341.0984,1003.9038,1005.69714,-0.878,-0.162,1.994,0.056233,-0.065117,-0.046048,-0.995227,img_671.jpg
88570,1280,720,636.0204,341.0984,1003.9038,1005.69714,-0.854,-0.162,2.013,0.047119,-0.069113,-0.053796,-0.995042,img_672.jpg
88682,1280,720,636.0204,341.0984,1003.9038,1005.69714,-0.823,-0.160,2.032,0.047667,-0.069435,-0.055559,-0.994897,img_673.jpg
88803,1280,720,636.0204,341.0984,1003.9038,1005.69714,-0.801,-0.154,2.042,0.045771,-0.067007,-0.058635,-0.994976,img_674.jpg
88919,1280,720,636.0204,341.0984,1003.9038,1005.69714,-0.775,-0.144,2.050,0.042171,-0.065287,-0.055185,-0.995447,img_675.jpg
89037,1280,720,636.0204,341.0984,1003.9038,1005.69714,-0.754,-0.140,2.049,0.042180,-0.061803,-0.053034,-0.995786,img_676.jpg,marker_12.jpg,0.2669088,0.2669088,-0.795,-0.322,1.155,-0.701682,-0.071499,0.044721,0.044721
89170,1280,720,636.0204,341.0984,1003.9038,1005.69714,-0.728,-0.140,2.041,0.045166,-0.059352,-0.045174,-0.996191,img_677.jpg
89288,1280,720,636.0204,341.0984,1003.9038,1005.69714,-0.709,-0.141,2.032,0.046106,-0.059522,-0.039681,-0.996372,img_678.jpg
89405,1280,720,636.0204,341.0984,1003.9038,1005.69714,-0.683,-0.140,2.016,0.041814,-0.064210,-0.035762,-0.996419,img_679.jpg
89539,1280,720,636.0204,341.0984,1003.9038,1005.69714,-0.655,-0.139,1.997,0.039655,-0.071111,-0.040363,-0.995862,img_680.jpg,marker_12.jpg,0.26608285,0.26608285,-0.793,-0.323,1.153,-0.702523,-0.073699,0.047470,0.047470
89656,1280,720,636.0204,341.0984,1003.9038,1005.69714,-0.632,-0.139,1.982,0.040750,-0.082905,-0.037756,-0.995008,img_681.jpg
89768,1280,720,636.0204,341.0984,1003.9038,1005.69714,-0.599,-0.141,1.961,0.043100,-0.096430,-0.036505,-0.993736,img_682.jpg
89888,1280,720,636.0204,341.0984,1003.9038,1005.69714,-0.574,-0.142,1.947,0.043099,-0.109641,-0.035254,-0.992411,img_683.jpg
89992,1280,720,636.0204,341.0984,1003.9038,1005.69714,-0.549,-0.145,1.935,0.042123,-0.118596,-0.035465,-0.991415,img_684.jpg
90102,1280,720,636.0204,341.0984,1003.9038,1005.69714,-0.514,-0.152,1.928,0.048400,-0.129328,-0.038604,-0.989667,img_685.jpg
90204,1280,720,636.0204,341.0984,1003.9038,1005.69714,-0.486,-0.156,1.927,0.050734,-0.135864,-0.038089,-0.988694,img_686.jpg
90303,1280,720,636.0204,341.0984,1003.9038,1005.69714,-0.454,-0.159,1.929,0.054869,-0.139907,-0.034203,-0.988051,img_687.jpg,marker_12.jpg,0.2690139,0.2690139,-0.795,-0.324,1.146,-0.707975,-0.069510,0.047382,0.047382
90403,1280,720,636.0204,341.0984,1003.9038,1005.69714,-0.420,-0.160,1.934,0.055132,-0.141822,-0.034456,-0.987755,img_688.jpg
90515,1280,720,636.0204,341.0984,1003.9038,1005.69714,-0.382,-0.164,1.940,0.056371,-0.145830,-0.035774,-0.987054,img_689.jpg
90607,1280,720,636.0204,341.0984,1003.9038,1005.69714,-0.349,-0.167,1.945,0.061372,-0.162620,-0.039591,-0.983982,img_690.jpg
90718,1280,720,636.0204,341.0984,1003.9038,1005.69714,-0.324,-0.170,1.949,0.076862,-0.189006,-0.041963,-0.978063,img_691.jpg,marker_12.jpg,0.2677304,0.2677304,-0.794,-0.322,1.145,-0.705308,-0.064628,0.041522,0.041522
90812,1280,720,636.0204,341.0984,1003.9038,1005.69714,-0.320,-0.174,1.949,0.107143,-0.219921,-0.063938,-0.967506,img_692.jpg
90918,1280,720,636.0204,341.0984,1003.9038,1005.69714,-0.310,-0.173,1.954,0.109670,-0.247380,-0.069008,-0.960215,img_693.jpg
91018,1280,720,636.0204,341.0984,1003.9038,1005.69714,-0.298,-0.170,1.962,0.095921,-0.252294,-0.076479,-0.959843,img_694.jpg
91113,1280,720,636.0204,341.0984,1003.9038,1005.69714,-0.287,-0.164,1.963,0.087804,-0.256812,-0.076336,-0.959433,img_695.jpg
91220,1280,720,636.0204,341.0984,1003.9038,1005.69714,-0.279,-0.159,1.960,0.086458,-0.260030,-0.076934,-0.958640,img_696.jpg
91324,1280,720,636.0204,341.0984,1003.9038,1005.69714,-0.272,-0.154,1.956,0.088306,-0.266073,-0.074169,-0.957030,img_697.jpg,marker_12.jpg,0.26858222,0.26858222,-0.798,-0.325,1.148,-0.707420,-0.061531,0.035172,0.035172
91429,1280,720,636.0204,341.0984,1003.9038,1005.69714,-0.267,-0.148,1.952,0.084443,-0.271540,-0.065171,-0.956498,img_698.jpg
91532,1280,720,636.0204,341.0984,1003.9038,1005.69714,-0.264,-0.144,1.950,0.083076,-0.275964,-0.061308,-0.955606,img_699.jpg
91636,1280,720,636.0204,341.0984,1003.9038,1005.69714,-0.262,-0.142,1.949,0.079325,-0.282106,-0.055577,-0.954482,img_700.jpg
91755,1280,720,636.0204,341.0984,1003.9038,1005.69714,-0.263,-0.140,1.949,0.077733,-0.285202,-0.052337,-0.953875,img_701.jpg
91874,1280,720,636.0204,341.0984,1003.9038,1005.69714,-0.265,-0.141,1.948,0.075684,-0.290245,-0.051854,-0.952544,img_702.jpg
