time,sizeX,sizeY,p_x,p_y,f_x,f_y,pos_X,pos_Y,pos_Z,q_x,q_y,q_z,q_w,marker_ID,marker_x,marker_y,marker_z,marker_qx,marker_qy,marker_qz,marker_qw,marker_ID,marker_x,marker_y,marker_z,marker_qx,marker_qy,marker_qz,marker_qw,marker_ID,marker_x,marker_y,marker_z,marker_qx,marker_qy,marker_qz,marker_qw,
18415,1280,720,636.74744,340.8734,1001.24854,1002.55206,0.487,-0.152,1.064,0.053850,-0.043704,0.001564,-0.997591,img_1.jpg
18521,1280,720,636.74744,340.8734,1001.24854,1002.55206,0.489,-0.152,1.061,0.062217,-0.034258,0.004626,-0.997464,img_2.jpg
18596,1280,720,636.74744,340.8734,1001.24854,1002.55206,0.492,-0.151,1.062,0.058497,-0.032165,0.004125,-0.997761,img_3.jpg
18690,1280,720,636.74744,340.8734,1001.24854,1002.55206,0.493,-0.150,1.064,0.055441,-0.030449,0.003231,-0.997992,img_4.jpg
18769,1280,720,636.74744,340.8734,1001.24854,1002.55206,0.495,-0.147,1.069,0.051798,-0.029306,0.004457,-0.998218,img_5.jpg
18854,1280,720,636.74744,340.8734,1001.24854,1002.55206,0.495,-0.146,1.073,0.050429,-0.031969,0.004988,-0.998203,img_6.jpg,marker_1.jpg,0.26686803,0.26686803,0.439,-0.208,0.411,-0.707248,-0.016967,0.017252,0.017252
18930,1280,720,636.74744,340.8734,1001.24854,1002.55206,0.496,-0.143,1.083,0.046444,-0.034059,0.003873,-0.998333,img_7.jpg
19020,1280,720,636.74744,340.8734,1001.24854,1002.55206,0.496,-0.142,1.093,0.043215,-0.035215,0.004566,-0.998435,img_8.jpg
19093,1280,720,636.74744,340.8734,1001.24854,1002.55206,0.496,-0.141,1.104,0.041810,-0.037191,0.003733,-0.998426,img_9.jpg
19170,1280,720,636.74744,340.8734,1001.24854,1002.55206,0.498,-0.140,1.123,0.044561,-0.036846,-0.000778,-0.998327,img_10.jpg
19253,1280,720,636.74744,340.8734,1001.24854,1002.55206,0.501,-0.140,1.137,0.043557,-0.031108,-0.004525,-0.998556,img_11.jpg
19328,1280,720,636.74744,340.8734,1001.24854,1002.55206,0.505,-0.141,1.149,0.049494,-0.024972,-0.007325,-0.998435,img_12.jpg
19402,1280,720,636.74744,340.8734,1001.24854,1002.55206,0.514,-0.143,1.170,0.056240,-0.018368,-0.006132,-0.998229,img_13.jpg
19487,1280,720,636.74744,340.8734,1001.24854,1002.55206,0.523,-0.144,1.182,0.058752,-0.010977,-0.008751,-0.998174,img_14.jpg,marker_1.jpg,0.26765242,0.26765242,0.438,-0.208,0.411,-0.708777,-0.015045,0.017305,0.017305
19566,1280,720,636.74744,340.8734,1001.24854,1002.55206,0.541,-0.143,1.200,0.056118,-0.001891,-0.002166,-0.998420,img_15.jpg
19656,1280,720,636.74744,340.8734,1001.24854,1002.55206,0.555,-0.142,1.212,0.055073,-0.000714,0.004209,-0.998473,img_16.jpg
19731,1280,720,636.74744,340.8734,1001.24854,1002.55206,0.578,-0.142,1.228,0.053994,0.001754,0.004123,-0.998531,img_17.jpg
19820,1280,720,636.74744,340.8734,1001.24854,1002.55206,0.596,-0.142,1.238,0.054142,0.003299,0.009079,-0.998487,img_18.jpg
19895,1280,720,636.74744,340.8734,1001.24854,1002.55206,0.617,-0.142,1.251,0.054703,0.003315,0.012233,-0.998422,img_19.jpg
19972,1280,720,636.74744,340.8734,1001.24854,1002.55206,0.652,-0.141,1.270,0.070059,0.006714,0.017943,-0.997359,img_20.jpg
20054,1280,720,636.74744,340.8734,1001.24854,1002.55206,0.674,-0.140,1.287,0.080297,0.019295,0.011408,-0.996519,img_21.jpg
20135,1280,720,636.74744,340.8734,1001.24854,1002.55206,0.702,-0.136,1.318,0.097362,0.019146,0.010414,-0.995010,img_22.jpg,marker_1.jpg,0.26852247,0.26852247,0.435,-0.206,0.412,-0.707608,-0.012728,0.015628,0.015628
20220,1280,720,636.74744,340.8734,1001.24854,1002.55206,0.727,-0.137,1.337,0.100238,0.017656,0.017614,-0.994651,img_23.jpg
20306,1280,720,636.74744,340.8734,1001.24854,1002.55206,0.764,-0.137,1.364,0.097056,0.011437,0.022064,-0.994969,img_24.jpg
20387,1280,720,636.74744,340.8734,1001.24854,1002.55206,0.786,-0.136,1.379,0.102828,0.010520,0.024279,-0.994347,img_25.jpg
20460,1280,720,636.74744,340.8734,1001.24854,1002.55206,0.809,-0.135,1.396,0.099047,0.006804,0.030569,-0.994590,img_26.jpg
20542,1280,720,636.74744,340.8734,1001.24854,1002.55206,0.839,-0.132,1.412,0.105506,0.011991,0.034093,-0.993762,img_27.jpg
20620,1280,720,636.74744,340.8734,1001.24854,1002.55206,0.858,-0.129,1.424,0.110977,0.016743,0.037432,-0.992977,img_28.jpg
20705,1280,720,636.74744,340.8734,1001.24854,1002.55206,0.886,-0.127,1.439,0.121239,0.034402,0.036625,-0.991351,img_29.jpg
20787,1280,720,636.74744,340.8734,1001.24854,1002.55206,0.905,-0.126,1.451,0.119390,0.041624,0.039253,-0.991198,img_30.jpg
20857,1280,720,636.74744,340.8734,1001.24854,1002.55206,0.924,-0.127,1.458,0.126314,0.047130,0.048437,-0.989686,img_31.jpg
20940,1280,720,636.74744,340.8734,1001.24854,1002.55206,0.952,-0.128,1.462,0.130470,0.065236,0.047842,-0.988146,img_32.jpg
21024,1280,720,636.74744,340.8734,1001.24854,1002.55206,0.970,-0.128,1.463,0.130705,0.073970,0.045333,-0.987618,img_33.jpg
21100,1280,720,636.74744,340.8734,1001.24854,1002.55206,1.000,-0.127,1.462,0.125995,0.084696,0.042038,-0.987514,img_34.jpg
21187,1280,720,636.74744,340.8734,1001.24854,1002.55206,1.021,-0.127,1.456,0.124790,0.089181,0.037575,-0.987452,img_35.jpg
21260,1280,720,636.74744,340.8734,1001.24854,1002.55206,1.052,-0.124,1.445,0.119449,0.091179,0.024497,-0.988341,img_36.jpg
21356,1280,720,636.74744,340.8734,1001.24854,1002.55206,1.076,-0.120,1.437,0.121063,0.092618,0.023984,-0.988023,img_37.jpg
21430,1280,720,636.74744,340.8734,1001.24854,1002.55206,1.111,-0.113,1.428,0.122592,0.099651,0.024692,-0.987133,img_38.jpg
21520,1280,720,636.74744,340.8734,1001.24854,1002.55206,1.132,-0.108,1.424,0.118943,0.108929,0.018049,-0.986743,img_39.jpg
21595,1280,720,636.74744,340.8734,1001.24854,1002.55206,1.163,-0.102,1.419,0.113145,0.121479,0.011368,-0.986059,img_40.jpg
21689,1280,720,636.74744,340.8734,1001.24854,1002.55206,1.185,-0.099,1.415,0.116926,0.123912,0.020704,-0.985163,img_41.jpg
21765,1280,720,636.74744,340.8734,1001.24854,1002.55206,1.218,-0.098,1.410,0.116923,0.133092,0.024761,-0.983871,img_42.jpg
21854,1280,720,636.74744,340.8734,1001.24854,1002.55206,1.242,-0.098,1.409,0.114018,0.136226,0.029864,-0.983641,img_43.jpg
21937,1280,720,636.74744,340.8734,1001.24854,1002.55206,1.281,-0.100,1.405,0.114267,0.137832,0.037742,-0.983118,img_44.jpg
22021,1280,720,636.74744,340.8734,1001.24854,1002.55206,1.310,-0.101,1.403,0.109994,0.137283,0.038490,-0.983653,img_45.jpg
22101,1280,720,636.74744,340.8734,1001.24854,1002.55206,1.356,-0.101,1.404,0.106939,0.129083,0.044678,-0.984838,img_46.jpg
22188,1280,720,636.74744,340.8734,1001.24854,1002.55206,1.387,-0.100,1.408,0.099481,0.122519,0.040650,-0.986631,img_47.jpg
22260,1280,720,636.74744,340.8734,1001.24854,1002.55206,1.419,-0.097,1.412,0.093648,0.117243,0.036185,-0.988016,img_48.jpg
22344,1280,720,636.74744,340.8734,1001.24854,1002.55206,1.470,-0.090,1.422,0.086012,0.109571,0.039721,-0.989454,img_49.jpg
22421,1280,720,636.74744,340.8734,1001.24854,1002.55206,1.503,-0.086,1.428,0.085239,0.108054,0.037754,-0.989764,img_50.jpg
22505,1280,720,636.74744,340.8734,1001.24854,1002.55206,1.547,-0.083,1.436,0.084116,0.104705,0.033181,-0.990384,img_51.jpg
22588,1280,720,636.74744,340.8734,1001.24854,1002.55206,1.574,-0.082,1.440,0.085717,0.103816,0.032803,-0.990353,img_52.jpg
22660,1280,720,636.74744,340.8734,1001.24854,1002.55206,1.611,-0.084,1.444,0.088846,0.107179,0.032257,-0.989737,img_53.jpg
22755,1280,720,636.74744,340.8734,1001.24854,1002.55206,1.634,-0.086,1.447,0.088083,0.111538,0.032574,-0.989313,img_54.jpg
22824,1280,720,636.74744,340.8734,1001.24854,1002.55206,1.665,-0.088,1.447,0.092102,0.117825,0.040189,-0.987937,img_55.jpg
22905,1280,720,636.74744,340.8734,1001.24854,1002.55206,1.682,-0.090,1.444,0.093730,0.124207,0.042989,-0.986884,img_56.jpg
22988,1280,720,636.74744,340.8734,1001.24854,1002.55206,1.698,-0.093,1.440,0.094647,0.130293,0.044024,-0.985965,img_57.jpg
23072,1280,720,636.74744,340.8734,1001.24854,1002.55206,1.723,-0.098,1.429,0.101939,0.142106,0.049506,-0.983343,img_58.jpg
23154,1280,720,636.74744,340.8734,1001.24854,1002.55206,1.740,-0.102,1.419,0.108756,0.150048,0.052394,-0.981281,img_59.jpg
23228,1280,720,636.74744,340.8734,1001.24854,1002.55206,1.764,-0.106,1.404,0.110810,0.162716,0.049423,-0.979184,img_60.jpg
23322,1280,720,636.74744,340.8734,1001.24854,1002.55206,1.780,-0.107,1.393,0.109212,0.171729,0.047381,-0.977925,img_61.jpg
23393,1280,720,636.74744,340.8734,1001.24854,1002.55206,1.806,-0.106,1.371,0.104476,0.184638,0.045494,-0.976178,img_62.jpg
23472,1280,720,636.74744,340.8734,1001.24854,1002.55206,1.824,-0.104,1.354,0.099309,0.192358,0.042085,-0.975380,img_63.jpg
23555,1280,720,636.74744,340.8734,1001.24854,1002.55206,1.842,-0.102,1.336,0.096525,0.199209,0.040427,-0.974353,img_64.jpg
23631,1280,720,636.74744,340.8734,1001.24854,1002.55206,1.865,-0.099,1.310,0.091557,0.211094,0.038022,-0.972425,img_65.jpg
23721,1280,720,636.74744,340.8734,1001.24854,1002.55206,1.881,-0.099,1.295,0.090692,0.221993,0.038491,-0.970058,img_66.jpg
23792,1280,720,636.74744,340.8734,1001.24854,1002.55206,1.896,-0.099,1.280,0.089862,0.233936,0.038902,-0.967308,img_67.jpg
23867,1280,720,636.74744,340.8734,1001.24854,1002.55206,1.917,-0.101,1.264,0.088920,0.249642,0.041981,-0.963333,img_68.jpg
23955,1280,720,636.74744,340.8734,1001.24854,1002.55206,1.932,-0.102,1.251,0.092758,0.257537,0.047431,-0.960636,img_69.jpg
24025,1280,720,636.74744,340.8734,1001.24854,1002.55206,1.954,-0.103,1.236,0.093113,0.272495,0.047875,-0.956444,img_70.jpg
24122,1280,720,636.74744,340.8734,1001.24854,1002.55206,1.979,-0.105,1.222,0.095205,0.283421,0.054684,-0.952690,img_71.jpg
24205,1280,720,636.74744,340.8734,1001.24854,1002.55206,1.996,-0.108,1.211,0.096521,0.289341,0.056242,-0.950685,img_72.jpg
24290,1280,720,636.74744,340.8734,1001.24854,1002.55206,2.023,-0.110,1.195,0.098618,0.297199,0.057900,-0.947942,img_73.jpg
24372,1280,720,636.74744,340.8734,1001.24854,1002.55206,2.043,-0.111,1.184,0.096534,0.301728,0.057489,-0.946750,img_74.jpg
24444,1280,720,636.74744,340.8734,1001.24854,1002.55206,2.064,-0.112,1.173,0.095239,0.306224,0.058633,-0.945367,img_75.jpg
24522,1280,720,636.74744,340.8734,1001.24854,1002.55206,2.087,-0.111,1.164,0.091378,0.311933,0.059317,-0.943838,img_76.jpg
24599,1280,720,636.74744,340.8734,1001.24854,1002.55206,2.127,-0.109,1.148,0.085042,0.321987,0.058988,-0.941070,img_77.jpg
24691,1280,720,636.74744,340.8734,1001.24854,1002.55206,2.170,-0.107,1.134,0.080710,0.334108,0.053334,-0.937557,img_78.jpg
24791,1280,720,636.74744,340.8734,1001.24854,1002.55206,2.219,-0.105,1.120,0.085407,0.349061,0.054665,-0.931597,img_79.jpg
24874,1280,720,636.74744,340.8734,1001.24854,1002.55206,2.253,-0.103,1.113,0.084141,0.355600,0.061855,-0.928786,img_80.jpg
24959,1280,720,636.74744,340.8734,1001.24854,1002.55206,2.296,-0.102,1.103,0.083910,0.369472,0.059853,-0.923508,img_81.jpg
25039,1280,720,636.74744,340.8734,1001.24854,1002.55206,2.319,-0.100,1.097,0.081765,0.379881,0.052640,-0.919910,img_82.jpg
25120,1280,720,636.74744,340.8734,1001.24854,1002.55206,2.343,-0.100,1.092,0.077879,0.396043,0.049134,-0.913603,img_83.jpg
25206,1280,720,636.74744,340.8734,1001.24854,1002.55206,2.380,-0.099,1.083,0.076163,0.417277,0.051338,-0.904126,img_84.jpg
25290,1280,720,636.74744,340.8734,1001.24854,1002.55206,2.401,-0.098,1.075,0.079096,0.427957,0.051552,-0.898854,img_85.jpg
25364,1280,720,636.74744,340.8734,1001.24854,1002.55206,2.429,-0.098,1.063,0.079793,0.445532,0.049192,-0.890345,img_86.jpg
25439,1280,720,636.74744,340.8734,1001.24854,1002.55206,2.447,-0.098,1.054,0.079698,0.456758,0.049866,-0.884609,img_87.jpg
25523,1280,720,636.74744,340.8734,1001.24854,1002.55206,2.466,-0.099,1.044,0.080551,0.468138,0.053212,-0.878366,img_88.jpg
25600,1280,720,636.74744,340.8734,1001.24854,1002.55206,2.493,-0.100,1.026,0.079133,0.487391,0.050709,-0.868111,img_89.jpg
25690,1280,720,636.74744,340.8734,1001.24854,1002.55206,2.520,-0.100,1.004,0.080025,0.504696,0.050760,-0.858080,img_90.jpg
25772,1280,720,636.74744,340.8734,1001.24854,1002.55206,2.538,-0.100,0.988,0.078969,0.511498,0.054238,-0.853927,img_91.jpg
25842,1280,720,636.74744,340.8734,1001.24854,1002.55206,2.556,-0.099,0.970,0.080587,0.521875,0.054045,-0.847485,img_92.jpg
25940,1280,720,636.74744,340.8734,1001.24854,1002.55206,2.582,-0.097,0.945,0.074863,0.535435,0.058732,-0.839200,img_93.jpg
26011,1280,720,636.74744,340.8734,1001.24854,1002.55206,2.599,-0.095,0.928,0.072358,0.548980,0.058493,-0.830641,img_94.jpg
26088,1280,720,636.74744,340.8734,1001.24854,1002.55206,2.618,-0.093,0.911,0.071550,0.560680,0.062211,-0.822587,img_95.jpg
26173,1280,720,636.74744,340.8734,1001.24854,1002.55206,2.644,-0.091,0.889,0.068407,0.578651,0.066402,-0.809984,img_96.jpg
26244,1280,720,636.74744,340.8734,1001.24854,1002.55206,2.662,-0.090,0.873,0.068110,0.589728,0.067745,-0.801868,img_97.jpg
26340,1280,720,636.74744,340.8734,1001.24854,1002.55206,2.683,-0.091,0.852,0.069436,0.600303,0.069521,-0.793714,img_98.jpg
26424,1280,720,636.74744,340.8734,1001.24854,1002.55206,2.701,-0.093,0.833,0.071494,0.607691,0.065301,-0.788249,img_99.jpg
26507,1280,720,636.74744,340.8734,1001.24854,1002.55206,2.711,-0.095,0.824,0.071887,0.611359,0.064508,-0.785437,img_100.jpg
26590,1280,720,636.74744,340.8734,1001.24854,1002.55206,2.724,-0.099,0.813,0.075347,0.616918,0.068994,-0.780369,img_101.jpg
26675,1280,720,636.74744,340.8734,1001.24854,1002.55206,2.733,-0.102,0.808,0.079660,0.623117,0.068834,-0.775011,img_102.jpg
26752,1280,720,636.74744,340.8734,1001.24854,1002.55206,2.739,-0.105,0.806,0.081243,0.625561,0.072088,-0.772578,img_103.jpg,marker_3.jpg,0.26385942,0.26385942,3.546,-0.195,0.617,-0.499490,0.512532,-0.497536,-0.497536
26830,1280,720,636.74744,340.8734,1001.24854,1002.55206,2.744,-0.106,0.806,0.079110,0.627601,0.072525,-0.771103,img_104.jpg
26910,1280,720,636.74744,340.8734,1001.24854,1002.55206,2.747,-0.107,0.810,0.076963,0.629101,0.073121,-0.770040,img_105.jpg
26985,1280,720,636.74744,340.8734,1001.24854,1002.55206,2.751,-0.107,0.815,0.077032,0.628253,0.078851,-0.770160,img_106.jpg
27056,1280,720,636.74744,340.8734,1001.24854,1002.55206,2.752,-0.107,0.822,0.073826,0.628306,0.079214,-0.770394,img_107.jpg
27137,1280,720,636.74744,340.8734,1001.24854,1002.55206,2.757,-0.107,0.839,0.073346,0.629611,0.083792,-0.768888,img_108.jpg
27224,1280,720,636.74744,340.8734,1001.24854,1002.55206,2.763,-0.106,0.862,0.073407,0.630281,0.089269,-0.767716,img_109.jpg,marker_3.jpg,0.26652902,0.26652902,3.553,-0.196,0.612,-0.505399,0.506528,-0.490914,-0.490914
27306,1280,720,636.74744,340.8734,1001.24854,1002.55206,2.765,-0.106,0.881,0.071055,0.631819,0.087588,-0.766867,img_110.jpg
27380,1280,720,636.74744,340.8734,1001.24854,1002.55206,2.767,-0.106,0.903,0.071219,0.635339,0.085663,-0.764156,img_111.jpg
27452,1280,720,636.74744,340.8734,1001.24854,1002.55206,2.771,-0.102,0.944,0.067161,0.642219,0.085429,-0.758779,img_112.jpg
27540,1280,720,636.74744,340.8734,1001.24854,1002.55206,2.773,-0.100,0.972,0.062943,0.645574,0.081122,-0.756764,img_113.jpg
27612,1280,720,636.74744,340.8734,1001.24854,1002.55206,2.777,-0.098,1.001,0.064641,0.647909,0.078241,-0.754926,img_114.jpg
27691,1280,720,636.74744,340.8734,1001.24854,1002.55206,2.783,-0.093,1.048,0.062779,0.651972,0.074051,-0.752003,img_115.jpg
27774,1280,720,636.74744,340.8734,1001.24854,1002.55206,2.789,-0.091,1.080,0.064629,0.653882,0.076744,-0.749915,img_116.jpg
27843,1280,720,636.74744,340.8734,1001.24854,1002.55206,2.795,-0.090,1.111,0.066892,0.653161,0.080091,-0.749995,img_117.jpg
27920,1280,720,636.74744,340.8734,1001.24854,1002.55206,2.803,-0.089,1.155,0.068050,0.655120,0.074577,-0.748749,img_118.jpg
28010,1280,720,636.74744,340.8734,1001.24854,1002.55206,2.807,-0.088,1.185,0.065666,0.653674,0.072619,-0.750416,img_119.jpg
28083,1280,720,636.74744,340.8734,1001.24854,1002.55206,2.811,-0.089,1.213,0.067334,0.654208,0.072895,-0.749776,img_120.jpg
28161,1280,720,636.74744,340.8734,1001.24854,1002.55206,2.814,-0.090,1.254,0.064874,0.654797,0.072469,-0.749520,img_121.jpg
28241,1280,720,636.74744,340.8734,1001.24854,1002.55206,2.816,-0.091,1.280,0.062269,0.658812,0.071077,-0.746350,img_122.jpg
28318,1280,720,636.74744,340.8734,1001.24854,1002.55206,2.817,-0.091,1.306,0.058557,0.663820,0.071865,-0.742125,img_123.jpg
28394,1280,720,636.74744,340.8734,1001.24854,1002.55206,2.822,-0.091,1.343,0.053899,0.675674,0.071465,-0.731746,img_124.jpg
28476,1280,720,636.74744,340.8734,1001.24854,1002.55206,2.826,-0.093,1.365,0.054361,0.686315,0.067448,-0.722127,img_125.jpg
28559,1280,720,636.74744,340.8734,1001.24854,1002.55206,2.834,-0.096,1.401,0.054275,0.697454,0.069272,-0.711206,img_126.jpg
28641,1280,720,636.74744,340.8734,1001.24854,1002.55206,2.841,-0.098,1.423,0.052170,0.699514,0.074416,-0.708816,img_127.jpg
28717,1280,720,636.74744,340.8734,1001.24854,1002.55206,2.849,-0.102,1.445,0.053967,0.707487,0.071115,-0.701065,img_128.jpg
28792,1280,720,636.74744,340.8734,1001.24854,1002.55206,2.865,-0.109,1.482,0.059442,0.711620,0.071797,-0.696354,img_129.jpg
28878,1280,720,636.74744,340.8734,1001.24854,1002.55206,2.876,-0.114,1.509,0.056601,0.712980,0.070864,-0.695294,img_130.jpg
28957,1280,720,636.74744,340.8734,1001.24854,1002.55206,2.896,-0.121,1.550,0.062688,0.715008,0.073011,-0.692462,img_131.jpg
29041,1280,720,636.74744,340.8734,1001.24854,1002.55206,2.910,-0.123,1.575,0.067627,0.715376,0.074504,-0.691457,img_132.jpg
29124,1280,720,636.74744,340.8734,1001.24854,1002.55206,2.923,-0.124,1.602,0.069627,0.716550,0.070653,-0.690447,img_133.jpg
29196,1280,720,636.74744,340.8734,1001.24854,1002.55206,2.945,-0.124,1.648,0.067546,0.721771,0.074593,-0.684777,img_134.jpg
29277,1280,720,636.74744,340.8734,1001.24854,1002.55206,2.960,-0.123,1.681,0.067986,0.730643,0.075513,-0.675157,img_135.jpg
29355,1280,720,636.74744,340.8734,1001.24854,1002.55206,2.977,-0.121,1.722,0.062435,0.735977,0.078012,-0.669592,img_136.jpg
29441,1280,720,636.74744,340.8734,1001.24854,1002.55206,2.988,-0.119,1.742,0.060694,0.734599,0.081485,-0.670850,img_137.jpg
29520,1280,720,636.74744,340.8734,1001.24854,1002.55206,3.003,-0.116,1.769,0.066341,0.737276,0.071880,-0.668473,img_138.jpg
29609,1280,720,636.74744,340.8734,1001.24854,1002.55206,3.009,-0.114,1.787,0.065377,0.738065,0.069233,-0.667977,img_139.jpg
29683,1280,720,636.74744,340.8734,1001.24854,1002.55206,3.015,-0.115,1.811,0.064910,0.739404,0.068827,-0.666582,img_140.jpg
29760,1280,720,636.74744,340.8734,1001.24854,1002.55206,3.023,-0.119,1.853,0.065895,0.742087,0.069524,-0.663423,img_141.jpg
29842,1280,720,636.74744,340.8734,1001.24854,1002.55206,3.027,-0.119,1.884,0.066318,0.741738,0.073359,-0.663359,img_142.jpg
29924,1280,720,636.74744,340.8734,1001.24854,1002.55206,3.029,-0.118,1.931,0.067682,0.738613,0.069403,-0.667123,img_143.jpg
30009,1280,720,636.74744,340.8734,1001.24854,1002.55206,3.030,-0.115,1.961,0.074366,0.735770,0.061401,-0.670330,img_144.jpg
30084,1280,720,636.74744,340.8734,1001.24854,1002.55206,3.030,-0.112,1.993,0.079576,0.733385,0.056054,-0.672809,img_145.jpg
30175,1280,720,636.74744,340.8734,1001.24854,1002.55206,3.027,-0.107,2.046,0.080746,0.728286,0.053125,-0.678422,img_146.jpg
30258,1280,720,636.74744,340.8734,1001.24854,1002.55206,3.024,-0.108,2.096,0.089582,0.726209,0.049865,-0.679786,img_147.jpg
30366,1280,720,636.74744,340.8734,1001.24854,1002.55206,3.020,-0.110,2.146,0.091148,0.722800,0.054819,-0.682823,img_148.jpg
30443,1280,720,636.74744,340.8734,1001.24854,1002.55206,3.017,-0.111,2.175,0.089731,0.722810,0.055622,-0.682935,img_149.jpg
30529,1280,720,636.74744,340.8734,1001.24854,1002.55206,3.016,-0.114,2.218,0.082020,0.723842,0.070394,-0.681447,img_150.jpg
30625,1280,720,636.74744,340.8734,1001.24854,1002.55206,3.015,-0.117,2.256,0.078043,0.725909,0.079350,-0.678726,img_151.jpg
30707,1280,720,636.74744,340.8734,1001.24854,1002.55206,3.016,-0.119,2.280,0.076420,0.730289,0.080461,-0.674066,img_152.jpg
30782,1280,720,636.74744,340.8734,1001.24854,1002.55206,3.018,-0.122,2.306,0.073682,0.733372,0.086854,-0.670218,img_153.jpg
30855,1280,720,636.74744,340.8734,1001.24854,1002.55206,3.023,-0.126,2.331,0.073851,0.734697,0.093364,-0.667869,img_154.jpg
30936,1280,720,636.74744,340.8734,1001.24854,1002.55206,3.031,-0.130,2.365,0.075763,0.737287,0.095181,-0.664537,img_155.jpg
31026,1280,720,636.74744,340.8734,1001.24854,1002.55206,3.039,-0.133,2.401,0.074724,0.740778,0.093645,-0.660980,img_156.jpg
31109,1280,720,636.74744,340.8734,1001.24854,1002.55206,3.048,-0.137,2.428,0.078449,0.742946,0.095439,-0.657852,img_157.jpg
31181,1280,720,636.74744,340.8734,1001.24854,1002.55206,3.057,-0.140,2.456,0.083818,0.745845,0.093039,-0.654242,img_158.jpg
31259,1280,720,636.74744,340.8734,1001.24854,1002.55206,3.070,-0.141,2.501,0.088654,0.747728,0.100008,-0.650416,img_159.jpg
31359,1280,720,636.74744,340.8734,1001.24854,1002.55206,3.081,-0.138,2.539,0.092819,0.752483,0.095108,-0.645065,img_160.jpg
31442,1280,720,636.74744,340.8734,1001.24854,1002.55206,3.087,-0.135,2.563,0.092518,0.756796,0.090738,-0.640677,img_161.jpg
31525,1280,720,636.74744,340.8734,1001.24854,1002.55206,3.096,-0.132,2.601,0.088631,0.759176,0.098294,-0.637287,img_162.jpg
31610,1280,720,636.74744,340.8734,1001.24854,1002.55206,3.102,-0.130,2.623,0.087519,0.761105,0.097870,-0.635201,img_163.jpg
31687,1280,720,636.74744,340.8734,1001.24854,1002.55206,3.107,-0.129,2.646,0.083440,0.761219,0.097610,-0.635654,img_164.jpg
31764,1280,720,636.74744,340.8734,1001.24854,1002.55206,3.113,-0.129,2.681,0.078639,0.757749,0.099361,-0.640125,img_165.jpg
31843,1280,720,636.74744,340.8734,1001.24854,1002.55206,3.117,-0.131,2.707,0.077856,0.754242,0.101768,-0.643972,img_166.jpg
31923,1280,720,636.74744,340.8734,1001.24854,1002.55206,3.121,-0.132,2.748,0.076288,0.747209,0.100342,-0.652526,img_167.jpg
32010,1280,720,636.74744,340.8734,1001.24854,1002.55206,3.120,-0.131,2.777,0.073990,0.741354,0.096594,-0.659992,img_168.jpg
32086,1280,720,636.74744,340.8734,1001.24854,1002.55206,3.116,-0.129,2.806,0.073289,0.735272,0.088589,-0.667949,img_169.jpg
32166,1280,720,636.74744,340.8734,1001.24854,1002.55206,3.109,-0.123,2.855,0.071206,0.727253,0.084177,-0.677456,img_170.jpg
32243,1280,720,636.74744,340.8734,1001.24854,1002.55206,3.106,-0.119,2.888,0.070839,0.721544,0.085743,-0.683378,img_171.jpg
32324,1280,720,636.74744,340.8734,1001.24854,1002.55206,3.099,-0.114,2.929,0.075669,0.715236,0.076286,-0.690574,img_172.jpg
32409,1280,720,636.74744,340.8734,1001.24854,1002.55206,3.096,-0.113,2.955,0.076059,0.712348,0.070041,-0.694168,img_173.jpg
32482,1280,720,636.74744,340.8734,1001.24854,1002.55206,3.095,-0.114,2.989,0.078927,0.708775,0.068426,-0.697658,img_174.jpg
32576,1280,720,636.74744,340.8734,1001.24854,1002.55206,3.096,-0.115,3.012,0.076230,0.708012,0.074223,-0.698140,img_175.jpg
32647,1280,720,636.74744,340.8734,1001.24854,1002.55206,3.100,-0.117,3.036,0.073322,0.705243,0.083221,-0.700236,img_176.jpg
32728,1280,720,636.74744,340.8734,1001.24854,1002.55206,3.108,-0.121,3.068,0.074191,0.705088,0.086945,-0.699848,img_177.jpg
32811,1280,720,636.74744,340.8734,1001.24854,1002.55206,3.115,-0.124,3.090,0.073129,0.705071,0.088179,-0.699822,img_178.jpg
32889,1280,720,636.74744,340.8734,1001.24854,1002.55206,3.130,-0.127,3.123,0.074224,0.705764,0.090307,-0.698737,img_179.jpg
32976,1280,720,636.74744,340.8734,1001.24854,1002.55206,3.142,-0.131,3.146,0.079519,0.706979,0.087583,-0.697271,img_180.jpg
33048,1280,720,636.74744,340.8734,1001.24854,1002.55206,3.163,-0.136,3.184,0.084038,0.706468,0.086201,-0.697431,img_181.jpg
33144,1280,720,636.74744,340.8734,1001.24854,1002.55206,3.179,-0.138,3.210,0.087888,0.704955,0.083711,-0.698790,img_182.jpg
33214,1280,720,636.74744,340.8734,1001.24854,1002.55206,3.194,-0.139,3.236,0.092916,0.706168,0.082800,-0.697020,img_183.jpg
33294,1280,720,636.74744,340.8734,1001.24854,1002.55206,3.216,-0.136,3.276,0.093546,0.715775,0.079852,-0.687414,img_184.jpg
33378,1280,720,636.74744,340.8734,1001.24854,1002.55206,3.228,-0.131,3.304,0.086483,0.722088,0.077672,-0.681966,img_185.jpg
33452,1280,720,636.74744,340.8734,1001.24854,1002.55206,3.238,-0.121,3.335,0.072036,0.727035,0.081919,-0.677879,img_186.jpg
33544,1280,720,636.74744,340.8734,1001.24854,1002.55206,3.245,-0.117,3.355,0.064958,0.731412,0.075716,-0.674599,img_187.jpg
33615,1280,720,636.74744,340.8734,1001.24854,1002.55206,3.251,-0.114,3.375,0.060280,0.733578,0.075084,-0.672749,img_188.jpg
33691,1280,720,636.74744,340.8734,1001.24854,1002.55206,3.260,-0.112,3.403,0.056416,0.732181,0.074421,-0.674677,img_189.jpg
33777,1280,720,636.74744,340.8734,1001.24854,1002.55206,3.266,-0.112,3.421,0.058489,0.730742,0.069307,-0.676604,img_190.jpg
33849,1280,720,636.74744,340.8734,1001.24854,1002.55206,3.272,-0.111,3.453,0.056157,0.725040,0.066430,-0.683191,img_191.jpg
33944,1280,720,636.74744,340.8734,1001.24854,1002.55206,3.272,-0.109,3.471,0.054466,0.720045,0.062862,-0.688925,img_192.jpg
34013,1280,720,636.74744,340.8734,1001.24854,1002.55206,3.273,-0.107,3.492,0.053950,0.715490,0.056459,-0.694245,img_193.jpg
34093,1280,720,636.74744,340.8734,1001.24854,1002.55206,3.271,-0.104,3.527,0.051415,0.708548,0.053700,-0.701736,img_194.jpg
34178,1280,720,636.74744,340.8734,1001.24854,1002.55206,3.271,-0.101,3.551,0.052815,0.704811,0.054574,-0.705319,img_195.jpg
34250,1280,720,636.74744,340.8734,1001.24854,1002.55206,3.268,-0.099,3.577,0.051734,0.703076,0.052952,-0.707251,img_196.jpg
34328,1280,720,636.74744,340.8734,1001.24854,1002.55206,3.265,-0.096,3.614,0.048336,0.699266,0.056304,-0.711000,img_197.jpg
34412,1280,720,636.74744,340.8734,1001.24854,1002.55206,3.263,-0.095,3.636,0.050553,0.697664,0.056654,-0.712391,img_198.jpg
34491,1280,720,636.74744,340.8734,1001.24854,1002.55206,3.258,-0.096,3.667,0.055000,0.695131,0.057341,-0.714479,img_199.jpg
34578,1280,720,636.74744,340.8734,1001.24854,1002.55206,3.254,-0.097,3.688,0.056801,0.695339,0.057540,-0.714119,img_200.jpg,marker_4.jpg,0.2687941,0.2687941,4.035,-0.186,3.701,-0.510074,0.490195,-0.488386,-0.488386
34661,1280,720,636.74744,340.8734,1001.24854,1002.55206,3.247,-0.096,3.719,0.057502,0.691809,0.061117,-0.717188,img_201.jpg
34745,1280,720,636.74744,340.8734,1001.24854,1002.55206,3.241,-0.094,3.738,0.055471,0.689565,0.060628,-0.719547,img_202.jpg
34818,1280,720,636.74744,340.8734,1001.24854,1002.55206,3.233,-0.093,3.764,0.050338,0.688158,0.056644,-0.721592,img_203.jpg
34910,1280,720,636.74744,340.8734,1001.24854,1002.55206,3.229,-0.094,3.780,0.047094,0.688061,0.058744,-0.721736,img_204.jpg
34981,1280,720,636.74744,340.8734,1001.24854,1002.55206,3.227,-0.094,3.797,0.044910,0.689268,0.060945,-0.720540,img_205.jpg
35057,1280,720,636.74744,340.8734,1001.24854,1002.55206,3.226,-0.095,3.819,0.041248,0.689691,0.060781,-0.720369,img_206.jpg,marker_4.jpg,0.2669819,0.2669819,4.033,-0.186,3.700,-0.511628,0.488306,-0.488194,-0.488194
35144,1280,720,636.74744,340.8734,1001.24854,1002.55206,3.226,-0.094,3.833,0.037540,0.689611,0.062234,-0.720523,img_207.jpg
35215,1280,720,636.74744,340.8734,1001.24854,1002.55206,3.228,-0.094,3.845,0.032434,0.686209,0.065667,-0.723708,img_208.jpg
35296,1280,720,636.74744,340.8734,1001.24854,1002.55206,3.233,-0.096,3.862,0.029955,0.681788,0.070725,-0.727506,img_209.jpg
35380,1280,720,636.74744,340.8734,1001.24854,1002.55206,3.238,-0.098,3.873,0.029787,0.679279,0.071102,-0.729821,img_210.jpg
35453,1280,720,636.74744,340.8734,1001.24854,1002.55206,3.247,-0.100,3.891,0.030155,0.675215,0.077558,-0.732913,img_211.jpg
35545,1280,720,636.74744,340.8734,1001.24854,1002.55206,3.253,-0.102,3.903,0.034253,0.675467,0.075778,-0.732686,img_212.jpg
35616,1280,720,636.74744,340.8734,1001.24854,1002.55206,3.265,-0.105,3.926,0.038172,0.666525,0.075373,-0.740680,img_213.jpg
35712,1280,720,636.74744,340.8734,1001.24854,1002.55206,3.276,-0.108,3.944,0.040552,0.661788,0.080752,-0.744225,img_214.jpg,marker_4.jpg,0.26768053,0.26768053,4.035,-0.186,3.699,-0.514506,0.485645,-0.483836,-0.483836
35788,1280,720,636.74744,340.8734,1001.24854,1002.55206,3.293,-0.111,3.972,0.047936,0.668846,0.075007,-0.738052,img_215.jpg
35883,1280,720,636.74744,340.8734,1001.24854,1002.55206,3.305,-0.112,3.992,0.052295,0.676062,0.079993,-0.730620,img_216.jpg
35965,1280,720,636.74744,340.8734,1001.24854,1002.55206,3.319,-0.112,4.020,0.051263,0.689571,0.077976,-0.718181,img_217.jpg
36063,1280,720,636.74744,340.8734,1001.24854,1002.55206,3.332,-0.109,4.049,0.044506,0.699772,0.085526,-0.707831,img_218.jpg
36146,1280,720,636.74744,340.8734,1001.24854,1002.55206,3.337,-0.108,4.067,0.041961,0.705703,0.089858,-0.701533,img_219.jpg
36217,1280,720,636.74744,340.8734,1001.24854,1002.55206,3.339,-0.105,4.093,0.034881,0.716739,0.083785,-0.691411,img_220.jpg
36311,1280,720,636.74744,340.8734,1001.24854,1002.55206,3.339,-0.105,4.112,0.028784,0.720688,0.087843,-0.687069,img_221.jpg
36388,1280,720,636.74744,340.8734,1001.24854,1002.55206,3.339,-0.107,4.141,0.026929,0.725734,0.087165,-0.681900,img_222.jpg
36480,1280,720,636.74744,340.8734,1001.24854,1002.55206,3.335,-0.107,4.163,0.024069,0.728261,0.086847,-0.679349,img_223.jpg
36558,1280,720,636.74744,340.8734,1001.24854,1002.55206,3.332,-0.110,4.198,0.020058,0.728763,0.091650,-0.678309,img_224.jpg
36647,1280,720,636.74744,340.8734,1001.24854,1002.55206,3.327,-0.112,4.221,0.022589,0.729727,0.089098,-0.677532,img_225.jpg
36722,1280,720,636.74744,340.8734,1001.24854,1002.55206,3.322,-0.114,4.261,0.023657,0.731644,0.090204,-0.675279,img_226.jpg
36813,1280,720,636.74744,340.8734,1001.24854,1002.55206,3.316,-0.114,4.290,0.024769,0.734682,0.091235,-0.671792,img_227.jpg
36890,1280,720,636.74744,340.8734,1001.24854,1002.55206,3.307,-0.114,4.333,0.027211,0.741868,0.087974,-0.664193,img_228.jpg
36979,1280,720,636.74744,340.8734,1001.24854,1002.55206,3.302,-0.115,4.360,0.028474,0.745300,0.087167,-0.660393,img_229.jpg
37050,1280,720,636.74744,340.8734,1001.24854,1002.55206,3.294,-0.115,4.398,0.029796,0.749547,0.089775,-0.655158,img_230.jpg
37145,1280,720,636.74744,340.8734,1001.24854,1002.55206,3.290,-0.116,4.424,0.033566,0.753070,0.092844,-0.650492,img_231.jpg
37215,1280,720,636.74744,340.8734,1001.24854,1002.55206,3.285,-0.120,4.460,0.040413,0.758478,0.101418,-0.642490,img_232.jpg
37312,1280,720,636.74744,340.8734,1001.24854,1002.55206,3.281,-0.122,4.482,0.041426,0.765266,0.100319,-0.634498,img_233.jpg
37382,1280,720,636.74744,340.8734,1001.24854,1002.55206,3.277,-0.124,4.501,0.042167,0.772022,0.106236,-0.625235,img_234.jpg
37457,1280,720,636.74744,340.8734,1001.24854,1002.55206,3.272,-0.128,4.529,0.039568,0.781957,0.108513,-0.612538,img_235.jpg
37546,1280,720,636.74744,340.8734,1001.24854,1002.55206,3.270,-0.131,4.546,0.040493,0.788823,0.110878,-0.603179,img_236.jpg
37620,1280,720,636.74744,340.8734,1001.24854,1002.55206,3.268,-0.136,4.574,0.042797,0.801384,0.116798,-0.585073,img_237.jpg
37710,1280,720,636.74744,340.8734,1001.24854,1002.55206,3.268,-0.140,4.592,0.043530,0.810392,0.117872,-0.572255,img_238.jpg
37783,1280,720,636.74744,340.8734,1001.24854,1002.55206,3.270,-0.142,4.610,0.043097,0.817771,0.119508,-0.561347,img_239.jpg
37857,1280,720,636.74744,340.8734,1001.24854,1002.55206,3.275,-0.145,4.634,0.045268,0.829658,0.117035,-0.543987,img_240.jpg
37946,1280,720,636.74744,340.8734,1001.24854,1002.55206,3.279,-0.147,4.651,0.045936,0.835829,0.119638,-0.533823,img_241.jpg
38023,1280,720,636.74744,340.8734,1001.24854,1002.55206,3.286,-0.150,4.683,0.040971,0.845805,0.121576,-0.517837,img_242.jpg
38111,1280,720,636.74744,340.8734,1001.24854,1002.55206,3.296,-0.155,4.714,0.040320,0.856894,0.122123,-0.499193,img_243.jpg
38196,1280,720,636.74744,340.8734,1001.24854,1002.55206,3.304,-0.157,4.737,0.039266,0.863574,0.125117,-0.486871,img_244.jpg
38283,1280,720,636.74744,340.8734,1001.24854,1002.55206,3.312,-0.157,4.759,0.036750,0.871468,0.120896,-0.473897,img_245.jpg
38379,1280,720,636.74744,340.8734,1001.24854,1002.55206,3.326,-0.159,4.804,0.033514,0.885593,0.126556,-0.445629,img_246.jpg
38466,1280,720,636.74744,340.8734,1001.24854,1002.55206,3.334,-0.161,4.826,0.036790,0.893212,0.133771,-0.427697,img_247.jpg
38563,1280,720,636.74744,340.8734,1001.24854,1002.55206,3.344,-0.164,4.858,0.037233,0.903281,0.149416,-0.400465,img_248.jpg
38647,1280,720,636.74744,340.8734,1001.24854,1002.55206,3.351,-0.170,4.878,0.033831,0.909217,0.160835,-0.382509,img_249.jpg
38746,1280,720,636.74744,340.8734,1001.24854,1002.55206,3.363,-0.184,4.906,0.031634,0.915623,0.184853,-0.355616,img_250.jpg
38819,1280,720,636.74744,340.8734,1001.24854,1002.55206,3.372,-0.197,4.930,0.031046,0.918055,0.212944,-0.332965,img_251.jpg
38911,1280,720,636.74744,340.8734,1001.24854,1002.55206,3.377,-0.207,4.942,0.030028,0.919548,0.228599,-0.318232,img_252.jpg
38983,1280,720,636.74744,340.8734,1001.24854,1002.55206,3.377,-0.220,4.958,0.026461,0.922705,0.257298,-0.285856,img_253.jpg
39064,1280,720,636.74744,340.8734,1001.24854,1002.55206,3.374,-0.227,4.968,0.024941,0.926058,0.274013,-0.258286,img_254.jpg
39146,1280,720,636.74744,340.8734,1001.24854,1002.55206,3.372,-0.236,4.979,0.021908,0.927308,0.291229,-0.234106,img_255.jpg
39232,1280,720,636.74744,340.8734,1001.24854,1002.55206,3.366,-0.250,4.995,0.023626,0.926945,0.313428,-0.204886,img_256.jpg
39306,1280,720,636.74744,340.8734,1001.24854,1002.55206,3.359,-0.257,5.003,0.023995,0.927339,0.321215,-0.190492,img_257.jpg
39396,1280,720,636.74744,340.8734,1001.24854,1002.55206,3.345,-0.269,5.019,0.018815,0.927494,0.332242,-0.170341,img_258.jpg
39475,1280,720,636.74744,340.8734,1001.24854,1002.55206,3.332,-0.274,5.027,0.014188,0.927724,0.337813,-0.158141,img_259.jpg
39563,1280,720,636.74744,340.8734,1001.24854,1002.55206,3.310,-0.279,5.038,0.003069,0.926745,0.347336,-0.143152,img_260.jpg
39635,1280,720,636.74744,340.8734,1001.24854,1002.55206,3.295,-0.279,5.041,-0.001907,0.926327,0.350844,-0.137199,img_261.jpg
39730,1280,720,636.74744,340.8734,1001.24854,1002.55206,3.273,-0.284,5.048,-0.005229,0.924805,0.356185,-0.133569,img_262.jpg
39802,1280,720,636.74744,340.8734,1001.24854,1002.55206,3.260,-0.289,5.052,-0.004250,0.923740,0.359277,-0.132692,img_263.jpg
39877,1280,720,636.74744,340.8734,1001.24854,1002.55206,3.244,-0.292,5.056,-0.005769,0.922928,0.362123,-0.130532,img_264.jpg
39955,1280,720,636.74744,340.8734,1001.24854,1002.55206,3.216,-0.298,5.064,-0.007823,0.922694,0.365016,-0.123845,img_265.jpg
40047,1280,720,636.74744,340.8734,1001.24854,1002.55206,3.194,-0.302,5.068,-0.011378,0.921329,0.369718,-0.119716,img_266.jpg
40128,1280,720,636.74744,340.8734,1001.24854,1002.55206,3.157,-0.305,5.074,-0.015497,0.921464,0.371192,-0.113495,img_267.jpg
40213,1280,720,636.74744,340.8734,1001.24854,1002.55206,3.116,-0.310,5.079,-0.020042,0.921397,0.373246,-0.106369,img_268.jpg
40296,1280,720,636.74744,340.8734,1001.24854,1002.55206,3.088,-0.316,5.083,-0.022194,0.920571,0.377275,-0.098594,img_269.jpg
40380,1280,720,636.74744,340.8734,1001.24854,1002.55206,3.042,-0.324,5.088,-0.026140,0.919631,0.381943,-0.087840,img_270.jpg
40467,1280,720,636.74744,340.8734,1001.24854,1002.55206,3.012,-0.329,5.091,-0.027327,0.919543,0.383771,-0.080086,img_271.jpg
40549,1280,720,636.74744,340.8734,1001.24854,1002.55206,2.974,-0.335,5.092,-0.027314,0.917708,0.390134,-0.069721,img_272.jpg
40630,1280,720,636.74744,340.8734,1001.24854,1002.55206,2.943,-0.341,5.094,-0.027756,0.918066,0.390260,-0.063893,img_273.jpg
40709,1280,720,636.74744,340.8734,1001.24854,1002.55206,2.918,-0.344,5.094,-0.027820,0.919572,0.387915,-0.055996,img_274.jpg
40784,1280,720,636.74744,340.8734,1001.24854,1002.55206,2.882,-0.350,5.098,-0.032290,0.919818,0.388841,-0.041174,img_275.jpg
40865,1280,720,636.74744,340.8734,1001.24854,1002.55206,2.862,-0.353,5.101,-0.038564,0.918867,0.391503,-0.030361,img_276.jpg
40945,1280,720,636.74744,340.8734,1001.24854,1002.55206,2.831,-0.357,5.108,-0.046633,0.918675,0.392020,-0.013485,img_277.jpg
41031,1280,720,636.74744,340.8734,1001.24854,1002.55206,2.809,-0.362,5.115,-0.051510,0.917063,0.395396,-0.002203,img_278.jpg
41115,1280,720,636.74744,340.8734,1001.24854,1002.55206,2.776,-0.369,5.128,-0.051805,0.915073,0.399837,0.009406,img_279.jpg
41198,1280,720,636.74744,340.8734,1001.24854,1002.55206,2.752,-0.374,5.135,-0.048207,0.914795,0.400768,0.014555,img_280.jpg
41280,1280,720,636.74744,340.8734,1001.24854,1002.55206,2.715,-0.382,5.152,-0.042481,0.912155,0.406603,0.029026,img_281.jpg
41368,1280,720,636.74744,340.8734,1001.24854,1002.55206,2.688,-0.386,5.164,-0.036819,0.910271,0.410757,0.036458,img_282.jpg
41443,1280,720,636.74744,340.8734,1001.24854,1002.55206,2.650,-0.390,5.182,-0.031744,0.906816,0.417758,0.046414,img_283.jpg
41531,1280,720,636.74744,340.8734,1001.24854,1002.55206,2.626,-0.393,5.194,-0.028277,0.906120,0.418665,0.053542,img_284.jpg
41607,1280,720,636.74744,340.8734,1001.24854,1002.55206,2.599,-0.397,5.208,-0.029709,0.901049,0.427890,0.064324,img_285.jpg
41686,1280,720,636.74744,340.8734,1001.24854,1002.55206,2.559,-0.403,5.229,-0.035342,0.896238,0.433669,0.086251,img_286.jpg
41764,1280,720,636.74744,340.8734,1001.24854,1002.55206,2.534,-0.406,5.242,-0.037975,0.894895,0.433568,0.098694,img_287.jpg
41838,1280,720,636.74744,340.8734,1001.24854,1002.55206,2.509,-0.410,5.254,-0.042644,0.891710,0.436980,0.109923,img_288.jpg
41921,1280,720,636.74744,340.8734,1001.24854,1002.55206,2.476,-0.415,5.269,-0.045490,0.889685,0.438086,0.120301,img_289.jpg
41998,1280,720,636.74744,340.8734,1001.24854,1002.55206,2.454,-0.417,5.279,-0.046543,0.891070,0.434699,0.121922,img_290.jpg
42074,1280,720,636.74744,340.8734,1001.24854,1002.55206,2.419,-0.418,5.297,-0.048887,0.894333,0.428351,0.119555,img_291.jpg
42164,1280,720,636.74744,340.8734,1001.24854,1002.55206,2.395,-0.415,5.310,-0.044248,0.900058,0.417885,0.115365,img_292.jpg
42240,1280,720,636.74744,340.8734,1001.24854,1002.55206,2.370,-0.411,5.323,-0.043813,0.906571,0.405482,0.108602,img_293.jpg
42320,1280,720,636.74744,340.8734,1001.24854,1002.55206,2.336,-0.394,5.338,-0.040804,0.919014,0.379707,0.097830,img_294.jpg
42398,1280,720,636.74744,340.8734,1001.24854,1002.55206,2.311,-0.383,5.351,-0.038507,0.927043,0.362971,0.085799,img_295.jpg
42478,1280,720,636.74744,340.8734,1001.24854,1002.55206,2.291,-0.364,5.359,-0.032497,0.936473,0.340415,0.077970,img_296.jpg
42554,1280,720,636.74744,340.8734,1001.24854,1002.55206,2.258,-0.335,5.375,-0.026101,0.950090,0.303858,0.065712,img_297.jpg
42631,1280,720,636.74744,340.8734,1001.24854,1002.55206,2.237,-0.312,5.383,-0.024559,0.959872,0.273880,0.055072,img_298.jpg
42709,1280,720,636.74744,340.8734,1001.24854,1002.55206,2.219,-0.289,5.388,-0.015568,0.969503,0.239282,0.050647,img_299.jpg
42798,1280,720,636.74744,340.8734,1001.24854,1002.55206,2.192,-0.259,5.401,-0.006068,0.978880,0.200164,0.041126,img_300.jpg
42872,1280,720,636.74744,340.8734,1001.24854,1002.55206,2.176,-0.241,5.409,0.004241,0.983860,0.174763,0.038207,img_301.jpg
42967,1280,720,636.74744,340.8734,1001.24854,1002.55206,2.159,-0.215,5.414,0.006752,0.988804,0.146127,0.029443,img_302.jpg
43065,1280,720,636.74744,340.8734,1001.24854,1002.55206,2.143,-0.190,5.414,0.005472,0.992479,0.120736,0.019433,img_303.jpg
43136,1280,720,636.74744,340.8734,1001.24854,1002.55206,2.134,-0.175,5.412,0.002643,0.994147,0.107416,0.011244,img_304.jpg
43231,1280,720,636.74744,340.8734,1001.24854,1002.55206,2.125,-0.157,5.414,0.002438,0.995815,0.091359,0.000113,img_305.jpg
43302,1280,720,636.74744,340.8734,1001.24854,1002.55206,2.122,-0.149,5.413,0.003528,0.996557,0.082706,-0.004584,img_306.jpg
43378,1280,720,636.74744,340.8734,1001.24854,1002.55206,2.118,-0.139,5.413,0.002910,0.997377,0.071808,-0.008563,img_307.jpg
43465,1280,720,636.74744,340.8734,1001.24854,1002.55206,2.116,-0.132,5.411,0.002973,0.997959,0.063264,-0.008178,img_308.jpg
43536,1280,720,636.74744,340.8734,1001.24854,1002.55206,2.118,-0.125,5.409,0.004513,0.998514,0.053708,-0.008029,img_309.jpg
43619,1280,720,636.74744,340.8734,1001.24854,1002.55206,2.118,-0.114,5.405,0.001742,0.999259,0.038201,-0.004377,img_310.jpg
43698,1280,720,636.74744,340.8734,1001.24854,1002.55206,2.119,-0.107,5.403,-0.003935,0.999442,0.033054,-0.002944,img_311.jpg
43772,1280,720,636.74744,340.8734,1001.24854,1002.55206,2.121,-0.102,5.403,-0.005621,0.999499,0.031086,-0.002042,img_312.jpg
43851,1280,720,636.74744,340.8734,1001.24854,1002.55206,2.121,-0.095,5.402,-0.006032,0.999750,0.021527,0.000469,img_313.jpg
43933,1280,720,636.74744,340.8734,1001.24854,1002.55206,2.120,-0.092,5.407,-0.009673,0.999729,0.021052,0.002203,img_314.jpg
44010,1280,720,636.74744,340.8734,1001.24854,1002.55206,2.121,-0.090,5.413,-0.008153,0.999770,0.018472,0.007208,img_315.jpg
44099,1280,720,636.74744,340.8734,1001.24854,1002.55206,2.120,-0.088,5.419,-0.005616,0.999767,0.018476,0.009629,img_316.jpg
44180,1280,720,636.74744,340.8734,1001.24854,1002.55206,2.120,-0.087,5.426,-0.002681,0.999734,0.019789,0.011571,img_317.jpg
44265,1280,720,636.74744,340.8734,1001.24854,1002.55206,2.120,-0.086,5.428,-0.003496,0.999723,0.020178,0.011627,img_318.jpg
44338,1280,720,636.74744,340.8734,1001.24854,1002.55206,2.119,-0.085,5.431,-0.004120,0.999696,0.021224,0.011815,img_319.jpg
44420,1280,720,636.74744,340.8734,1001.24854,1002.55206,2.120,-0.085,5.433,-0.003521,0.999684,0.022414,0.010830,img_320.jpg
44494,1280,720,636.74744,340.8734,1001.24854,1002.55206,2.119,-0.088,5.435,-0.004239,0.999607,0.026126,0.009250,img_321.jpg
44582,1280,720,636.74744,340.8734,1001.24854,1002.55206,2.119,-0.091,5.435,-0.008153,0.999370,0.033949,0.006297,img_322.jpg
44658,1280,720,636.74744,340.8734,1001.24854,1002.55206,2.120,-0.103,5.434,-0.015831,0.998170,0.058347,-0.001593,img_323.jpg
44749,1280,720,636.74744,340.8734,1001.24854,1002.55206,2.122,-0.112,5.430,-0.015564,0.997378,0.070668,0.001233,img_324.jpg
44829,1280,720,636.74744,340.8734,1001.24854,1002.55206,2.120,-0.126,5.422,-0.017155,0.996717,0.077066,0.017965,img_325.jpg
44918,1280,720,636.74744,340.8734,1001.24854,1002.55206,2.113,-0.141,5.419,-0.016827,0.994358,0.097840,0.037359,img_326.jpg
45015,1280,720,636.74744,340.8734,1001.24854,1002.55206,2.100,-0.155,5.415,-0.029978,0.991052,0.122017,0.045056,img_327.jpg
45099,1280,720,636.74744,340.8734,1001.24854,1002.55206,2.091,-0.165,5.409,-0.032613,0.988629,0.138406,0.048910,img_328.jpg
45174,1280,720,636.74744,340.8734,1001.24854,1002.55206,2.080,-0.175,5.401,-0.035579,0.986629,0.151307,0.049020,img_329.jpg,marker_6.jpg,0.26330957,0.26330957,2.133,-0.263,6.168,-0.050254,0.719937,-0.691024,-0.691024
45254,1280,720,636.74744,340.8734,1001.24854,1002.55206,2.059,-0.189,5.388,-0.036854,0.983664,0.170711,0.043640,img_330.jpg
45332,1280,720,636.74744,340.8734,1001.24854,1002.55206,2.042,-0.198,5.376,-0.036355,0.982360,0.179343,0.038503,img_331.jpg
45416,1280,720,636.74744,340.8734,1001.24854,1002.55206,2.013,-0.207,5.358,-0.038551,0.980761,0.190055,0.022385,img_332.jpg
45498,1280,720,636.74744,340.8734,1001.24854,1002.55206,1.993,-0.211,5.344,-0.034442,0.979648,0.197366,0.012251,img_333.jpg
45582,1280,720,636.74744,340.8734,1001.24854,1002.55206,1.961,-0.217,5.320,-0.030528,0.977936,0.206660,-0.000534,img_334.jpg
45666,1280,720,636.74744,340.8734,1001.24854,1002.55206,1.937,-0.225,5.302,-0.032653,0.975704,0.216528,-0.007129,img_335.jpg
45738,1280,720,636.74744,340.8734,1001.24854,1002.55206,1.915,-0.232,5.287,-0.033180,0.972048,0.232122,-0.011913,img_336.jpg
45825,1280,720,636.74744,340.8734,1001.24854,1002.55206,1.883,-0.246,5.267,-0.032425,0.966736,0.253409,-0.012375,img_337.jpg
45917,1280,720,636.74744,340.8734,1001.24854,1002.55206,1.853,-0.258,5.249,-0.033350,0.962220,0.270151,-0.006196,img_338.jpg
45997,1280,720,636.74744,340.8734,1001.24854,1002.55206,1.831,-0.265,5.238,-0.038244,0.959937,0.277589,0.001427,img_339.jpg
46072,1280,720,636.74744,340.8734,1001.24854,1002.55206,1.811,-0.270,5.231,-0.043962,0.956411,0.288458,0.011747,img_340.jpg
46148,1280,720,636.74744,340.8734,1001.24854,1002.55206,1.780,-0.280,5.219,-0.049868,0.952859,0.297775,0.030061,img_341.jpg
46234,1280,720,636.74744,340.8734,1001.24854,1002.55206,1.760,-0.285,5.215,-0.054627,0.950286,0.303276,0.044684,img_342.jpg
46307,1280,720,636.74744,340.8734,1001.24854,1002.55206,1.739,-0.291,5.210,-0.059720,0.947088,0.309723,0.059407,img_343.jpg
46398,1280,720,636.74744,340.8734,1001.24854,1002.55206,1.707,-0.299,5.208,-0.064856,0.942344,0.317975,0.081696,img_344.jpg
46471,1280,720,636.74744,340.8734,1001.24854,1002.55206,1.686,-0.305,5.208,-0.067377,0.939435,0.322200,0.095445,img_345.jpg
46545,1280,720,636.74744,340.8734,1001.24854,1002.55206,1.655,-0.311,5.210,-0.069517,0.935926,0.326289,0.112898,img_346.jpg
46633,1280,720,636.74744,340.8734,1001.24854,1002.55206,1.631,-0.316,5.212,-0.071464,0.933508,0.329301,0.122544,img_347.jpg
46704,1280,720,636.74744,340.8734,1001.24854,1002.55206,1.606,-0.321,5.217,-0.072572,0.931045,0.333466,0.129183,img_348.jpg
46783,1280,720,636.74744,340.8734,1001.24854,1002.55206,1.567,-0.327,5.227,-0.072942,0.928202,0.338072,0.137213,img_349.jpg
46866,1280,720,636.74744,340.8734,1001.24854,1002.55206,1.538,-0.330,5.236,-0.076417,0.925653,0.342085,0.142497,img_350.jpg
46950,1280,720,636.74744,340.8734,1001.24854,1002.55206,1.497,-0.335,5.252,-0.076799,0.922512,0.347283,0.149892,img_351.jpg
47034,1280,720,636.74744,340.8734,1001.24854,1002.55206,1.471,-0.338,5.265,-0.077448,0.919562,0.352949,0.154385,img_352.jpg
47117,1280,720,636.74744,340.8734,1001.24854,1002.55206,1.431,-0.341,5.282,-0.078349,0.917818,0.353739,0.162299,img_353.jpg
47221,1280,720,636.74744,340.8734,1001.24854,1002.55206,1.392,-0.348,5.298,-0.087156,0.913259,0.360017,0.169557,img_354.jpg
47298,1280,720,636.74744,340.8734,1001.24854,1002.55206,1.366,-0.351,5.307,-0.088881,0.910929,0.363574,0.173557,img_355.jpg
47386,1280,720,636.74744,340.8734,1001.24854,1002.55206,1.322,-0.354,5.319,-0.096802,0.909542,0.362395,0.178977,img_356.jpg
47467,1280,720,636.74744,340.8734,1001.24854,1002.55206,1.291,-0.357,5.326,-0.106032,0.907897,0.363522,0.179811,img_357.jpg
47541,1280,720,636.74744,340.8734,1001.24854,1002.55206,1.243,-0.361,5.335,-0.108206,0.908744,0.361259,0.178798,img_358.jpg
47635,1280,720,636.74744,340.8734,1001.24854,1002.55206,1.206,-0.363,5.340,-0.111611,0.909098,0.359804,0.177833,img_359.jpg
47706,1280,720,636.74744,340.8734,1001.24854,1002.55206,1.149,-0.363,5.341,-0.111291,0.911060,0.356595,0.174424,img_360.jpg
47798,1280,720,636.74744,340.8734,1001.24854,1002.55206,1.109,-0.362,5.341,-0.110132,0.911810,0.355756,0.172949,img_361.jpg
47870,1280,720,636.74744,340.8734,1001.24854,1002.55206,1.068,-0.360,5.340,-0.112940,0.910265,0.358784,0.173024,img_362.jpg
47943,1280,720,636.74744,340.8734,1001.24854,1002.55206,1.031,-0.354,5.338,-0.112128,0.910858,0.356850,0.174420,img_363.jpg
48029,1280,720,636.74744,340.8734,1001.24854,1002.55206,0.979,-0.348,5.334,-0.107919,0.910616,0.356641,0.178716,img_364.jpg
48117,1280,720,636.74744,340.8734,1001.24854,1002.55206,0.931,-0.348,5.333,-0.106107,0.907876,0.361720,0.183471,img_365.jpg
48198,1280,720,636.74744,340.8734,1001.24854,1002.55206,0.903,-0.349,5.335,-0.106911,0.906115,0.364198,0.186777,img_366.jpg
48273,1280,720,636.74744,340.8734,1001.24854,1002.55206,0.862,-0.350,5.338,-0.106355,0.905678,0.363301,0.190916,img_367.jpg
48353,1280,720,636.74744,340.8734,1001.24854,1002.55206,0.834,-0.350,5.343,-0.106997,0.906595,0.358959,0.194383,img_368.jpg
48450,1280,720,636.74744,340.8734,1001.24854,1002.55206,0.793,-0.344,5.352,-0.104483,0.911669,0.344809,0.197610,img_369.jpg
48533,1280,720,636.74744,340.8734,1001.24854,1002.55206,0.766,-0.340,5.360,-0.099647,0.915137,0.336185,0.198932,img_370.jpg
48614,1280,720,636.74744,340.8734,1001.24854,1002.55206,0.724,-0.335,5.374,-0.093310,0.918201,0.328269,0.201096,img_371.jpg
48702,1280,720,636.74744,340.8734,1001.24854,1002.55206,0.696,-0.335,5.384,-0.089010,0.918627,0.327435,0.202458,img_372.jpg
48776,1280,720,636.74744,340.8734,1001.24854,1002.55206,0.647,-0.341,5.402,-0.079105,0.914795,0.337464,0.207390,img_373.jpg
48867,1280,720,636.74744,340.8734,1001.24854,1002.55206,0.612,-0.346,5.412,-0.082912,0.908899,0.347501,0.215106,img_374.jpg
48940,1280,720,636.74744,340.8734,1001.24854,1002.55206,0.557,-0.347,5.426,-0.091269,0.901941,0.351213,0.234142,img_375.jpg
49034,1280,720,636.74744,340.8734,1001.24854,1002.55206,0.528,-0.347,5.432,0.097171,-0.899365,-0.347558,-0.246789,img_376.jpg
49107,1280,720,636.74744,340.8734,1001.24854,1002.55206,0.487,-0.346,5.439,0.106113,-0.896452,-0.342938,-0.259821,img_377.jpg
49199,1280,720,636.74744,340.8734,1001.24854,1002.55206,0.458,-0.344,5.444,0.109489,-0.895172,-0.339015,-0.267859,img_378.jpg
49273,1280,720,636.74744,340.8734,1001.24854,1002.55206,0.415,-0.345,5.450,0.121081,-0.894232,-0.331611,-0.275179,img_379.jpg
49351,1280,720,636.74744,340.8734,1001.24854,1002.55206,0.386,-0.346,5.454,0.125066,-0.894589,-0.328417,-0.276066,img_380.jpg
49434,1280,720,636.74744,340.8734,1001.24854,1002.55206,0.355,-0.347,5.458,0.127073,-0.894889,-0.326254,-0.276738,img_381.jpg
49508,1280,720,636.74744,340.8734,1001.24854,1002.55206,0.304,-0.349,5.462,0.125547,-0.897738,-0.319253,-0.276375,img_382.jpg
49599,1280,720,636.74744,340.8734,1001.24854,1002.55206,0.267,-0.348,5.463,0.125974,-0.899215,-0.315752,-0.275398,img_383.jpg
49674,1280,720,636.74744,340.8734,1001.24854,1002.55206,0.229,-0.345,5.461,0.123884,-0.901541,-0.312005,-0.272999,img_384.jpg
49753,1280,720,636.74744,340.8734,1001.24854,1002.55206,0.171,-0.339,5.459,0.120417,-0.902183,-0.313102,-0.271169,img_385.jpg
49851,1280,720,636.74744,340.8734,1001.24854,1002.55206,0.114,-0.338,5.457,0.122072,-0.899284,-0.321302,-0.270465,img_386.jpg
49934,1280,720,636.74744,340.8734,1001.24854,1002.55206,0.078,-0.336,5.455,0.119224,-0.899188,-0.323226,-0.269760,img_387.jpg
50015,1280,720,636.74744,340.8734,1001.24854,1002.55206,0.029,-0.336,5.453,0.113265,-0.898734,-0.324309,-0.272529,img_388.jpg
50101,1280,720,636.74744,340.8734,1001.24854,1002.55206,-0.003,-0.334,5.452,0.119766,-0.897503,-0.324981,-0.273006,img_389.jpg
50179,1280,720,636.74744,340.8734,1001.24854,1002.55206,-0.049,-0.333,5.453,0.122226,-0.897823,-0.323977,-0.272055,img_390.jpg
50267,1280,720,636.74744,340.8734,1001.24854,1002.55206,-0.078,-0.334,5.454,0.121190,-0.897625,-0.323887,-0.273275,img_391.jpg
50340,1280,720,636.74744,340.8734,1001.24854,1002.55206,-0.110,-0.336,5.457,0.124244,-0.896979,-0.323282,-0.274736,img_392.jpg
50425,1280,720,636.74744,340.8734,1001.24854,1002.55206,-0.157,-0.343,5.466,0.123833,-0.896636,-0.325273,-0.273691,img_393.jpg
50501,1280,720,636.74744,340.8734,1001.24854,1002.55206,-0.192,-0.350,5.474,0.120563,-0.896240,-0.330295,-0.270415,img_394.jpg
50582,1280,720,636.74744,340.8734,1001.24854,1002.55206,-0.249,-0.357,5.486,0.110877,-0.895735,-0.339345,-0.264973,img_395.jpg
50670,1280,720,636.74744,340.8734,1001.24854,1002.55206,-0.285,-0.360,5.492,0.094940,-0.898123,-0.341621,-0.260108,img_396.jpg
50744,1280,720,636.74744,340.8734,1001.24854,1002.55206,-0.347,-0.362,5.504,0.097257,-0.890439,-0.359657,-0.261357,img_397.jpg
50835,1280,720,636.74744,340.8734,1001.24854,1002.55206,-0.386,-0.358,5.510,0.097983,-0.891706,-0.354830,-0.263355,img_398.jpg
50916,1280,720,636.74744,340.8734,1001.24854,1002.55206,-0.425,-0.357,5.518,0.100817,-0.890816,-0.351560,-0.269609,img_399.jpg
50995,1280,720,636.74744,340.8734,1001.24854,1002.55206,-0.481,-0.356,5.526,0.116303,-0.891831,-0.347496,-0.265251,img_400.jpg
51085,1280,720,636.74744,340.8734,1001.24854,1002.55206,-0.535,-0.360,5.534,0.115500,-0.892605,-0.346521,-0.264272,img_401.jpg
51170,1280,720,636.74744,340.8734,1001.24854,1002.55206,-0.575,-0.362,5.536,0.119986,-0.894919,-0.342739,-0.259332,img_402.jpg
51250,1280,720,636.74744,340.8734,1001.24854,1002.55206,-0.641,-0.365,5.540,0.120511,-0.897107,-0.345153,-0.248084,img_403.jpg
51334,1280,720,636.74744,340.8734,1001.24854,1002.55206,-0.685,-0.363,5.539,0.117148,-0.901523,-0.338949,-0.242170,img_404.jpg
51412,1280,720,636.74744,340.8734,1001.24854,1002.55206,-0.749,-0.356,5.533,-0.105419,0.909741,0.332407,0.225308,img_405.jpg
51499,1280,720,636.74744,340.8734,1001.24854,1002.55206,-0.792,-0.353,5.531,-0.100060,0.910354,0.338289,0.216344,img_406.jpg
51580,1280,720,636.74744,340.8734,1001.24854,1002.55206,-0.850,-0.344,5.523,-0.090521,0.915659,0.333985,0.204520,img_407.jpg
51668,1280,720,636.74744,340.8734,1001.24854,1002.55206,-0.885,-0.342,5.522,-0.080962,0.919236,0.329522,0.199665,img_408.jpg
51743,1280,720,636.74744,340.8734,1001.24854,1002.55206,-0.922,-0.343,5.525,-0.078612,0.916709,0.336788,0.200096,img_409.jpg
51830,1280,720,636.74744,340.8734,1001.24854,1002.55206,-0.976,-0.343,5.530,-0.086701,0.915058,0.340101,0.198703,img_410.jpg
51918,1280,720,636.74744,340.8734,1001.24854,1002.55206,-1.029,-0.350,5.535,-0.080634,0.912568,0.346902,0.200938,img_411.jpg
52019,1280,720,636.74744,340.8734,1001.24854,1002.55206,-1.084,-0.357,5.543,-0.079098,0.911768,0.347891,0.203458,img_412.jpg
52099,1280,720,636.74744,340.8734,1001.24854,1002.55206,-1.120,-0.361,5.551,-0.079209,0.911043,0.349832,0.203333,img_413.jpg
52182,1280,720,636.74744,340.8734,1001.24854,1002.55206,-1.176,-0.363,5.564,-0.068223,0.912436,0.348582,0.203217,img_414.jpg
52268,1280,720,636.74744,340.8734,1001.24854,1002.55206,-1.231,-0.360,5.578,-0.057768,0.911309,0.351402,0.206630,img_415.jpg
52356,1280,720,636.74744,340.8734,1001.24854,1002.55206,-1.267,-0.356,5.589,-0.057472,0.907676,0.360533,0.206970,img_416.jpg
52436,1280,720,636.74744,340.8734,1001.24854,1002.55206,-1.298,-0.347,5.598,-0.051882,0.912545,0.350799,0.203739,img_417.jpg
52510,1280,720,636.74744,340.8734,1001.24854,1002.55206,-1.346,-0.337,5.614,-0.057007,0.918469,0.337661,0.197865,img_418.jpg
52600,1280,720,636.74744,340.8734,1001.24854,1002.55206,-1.388,-0.321,5.631,-0.061947,0.927009,0.320485,0.184680,img_419.jpg
52686,1280,720,636.74744,340.8734,1001.24854,1002.55206,-1.417,-0.310,5.642,-0.059876,0.935247,0.303158,0.172695,img_420.jpg
52762,1280,720,636.74744,340.8734,1001.24854,1002.55206,-1.446,-0.300,5.653,-0.059413,0.942838,0.287456,0.157781,img_421.jpg
52854,1280,720,636.74744,340.8734,1001.24854,1002.55206,-1.487,-0.281,5.671,-0.047970,0.954952,0.258544,0.137556,img_422.jpg
52935,1280,720,636.74744,340.8734,1001.24854,1002.55206,-1.525,-0.252,5.683,-0.043465,0.966478,0.225891,0.114038,img_423.jpg
53035,1280,720,636.74744,340.8734,1001.24854,1002.55206,-1.559,-0.224,5.697,-0.031407,0.975899,0.194058,0.094743,img_424.jpg
53118,1280,720,636.74744,340.8734,1001.24854,1002.55206,-1.577,-0.206,5.710,-0.025919,0.979893,0.179782,0.082559,img_425.jpg
53189,1280,720,636.74744,340.8734,1001.24854,1002.55206,-1.594,-0.188,5.718,-0.018974,0.984150,0.162218,0.069088,img_426.jpg
53272,1280,720,636.74744,340.8734,1001.24854,1002.55206,-1.610,-0.171,5.727,-0.008178,0.987845,0.143359,0.059522,img_427.jpg
53350,1280,720,636.74744,340.8734,1001.24854,1002.55206,-1.636,-0.150,5.740,-0.001752,0.992679,0.109219,0.051536,img_428.jpg
53435,1280,720,636.74744,340.8734,1001.24854,1002.55206,-1.654,-0.138,5.742,-0.006967,0.994773,0.092450,0.042783,img_429.jpg
53516,1280,720,636.74744,340.8734,1001.24854,1002.55206,-1.670,-0.123,5.745,-0.003017,0.996855,0.072764,0.031264,img_430.jpg
53600,1280,720,636.74744,340.8734,1001.24854,1002.55206,-1.677,-0.115,5.749,-0.000815,0.997712,0.061886,0.027206,img_431.jpg
53679,1280,720,636.74744,340.8734,1001.24854,1002.55206,-1.687,-0.102,5.751,-0.000569,0.998756,0.044910,0.021673,img_432.jpg
53771,1280,720,636.74744,340.8734,1001.24854,1002.55206,-1.691,-0.094,5.747,0.004741,0.999316,0.028704,0.022843,img_433.jpg
53849,1280,720,636.74744,340.8734,1001.24854,1002.55206,-1.693,-0.083,5.746,0.004334,0.999618,0.016692,0.021593,img_434.jpg
53952,1280,720,636.74744,340.8734,1001.24854,1002.55206,-1.697,-0.076,5.745,0.001839,0.999777,0.009756,0.018640,img_435.jpg
54035,1280,720,636.74744,340.8734,1001.24854,1002.55206,-1.698,-0.071,5.741,0.003579,0.999838,0.003503,0.017284,img_436.jpg
54135,1280,720,636.74744,340.8734,1001.24854,1002.55206,-1.703,-0.071,5.740,-0.000017,0.999867,0.001438,0.016232,img_437.jpg
54210,1280,720,636.74744,340.8734,1001.24854,1002.55206,-1.709,-0.071,5.742,-0.004310,0.999838,0.002842,0.017232,img_438.jpg
54300,1280,720,636.74744,340.8734,1001.24854,1002.55206,-1.717,-0.075,5.744,-0.008234,0.999795,0.010336,0.015350,img_439.jpg
54385,1280,720,636.74744,340.8734,1001.24854,1002.55206,-1.719,-0.078,5.744,-0.008413,0.999704,0.017717,0.014422,img_440.jpg
54467,1280,720,636.74744,340.8734,1001.24854,1002.55206,-1.721,-0.083,5.746,-0.005120,0.999549,0.024161,0.017108,img_441.jpg
54546,1280,720,636.74744,340.8734,1001.24854,1002.55206,-1.726,-0.093,5.750,-0.008958,0.999063,0.038070,0.018556,img_442.jpg
54636,1280,720,636.74744,340.8734,1001.24854,1002.55206,-1.734,-0.110,5.755,-0.013237,0.997902,0.058273,0.024917,img_443.jpg
54719,1280,720,636.74744,340.8734,1001.24854,1002.55206,-1.739,-0.120,5.757,-0.018165,0.996446,0.074808,0.034192,img_444.jpg
54799,1280,720,636.74744,340.8734,1001.24854,1002.55206,-1.747,-0.133,5.762,-0.021650,0.994778,0.087986,0.046981,img_445.jpg
54873,1280,720,636.74744,340.8734,1001.24854,1002.55206,-1.757,-0.144,5.766,-0.024956,0.992766,0.099295,0.062717,img_446.jpg
54947,1280,720,636.74744,340.8734,1001.24854,1002.55206,-1.773,-0.158,5.773,-0.032220,0.988390,0.119100,0.088666,img_447.jpg
55036,1280,720,636.74744,340.8734,1001.24854,1002.55206,-1.788,-0.173,5.780,-0.036759,0.983177,0.137683,0.114257,img_448.jpg
55119,1280,720,636.74744,340.8734,1001.24854,1002.55206,-1.795,-0.182,5.782,-0.038797,0.979158,0.150448,0.130806,img_449.jpg
55200,1280,720,636.74744,340.8734,1001.24854,1002.55206,-1.810,-0.199,5.790,-0.044767,0.971671,0.170720,0.157183,img_450.jpg
55286,1280,720,636.74744,340.8734,1001.24854,1002.55206,-1.818,-0.211,5.794,-0.045622,0.965947,0.182494,0.177654,img_451.jpg
55360,1280,720,636.74744,340.8734,1001.24854,1002.55206,-1.827,-0.221,5.798,-0.045756,0.959973,0.193233,0.197534,img_452.jpg
55454,1280,720,636.74744,340.8734,1001.24854,1002.55206,-1.841,-0.232,5.800,-0.049103,0.950614,0.206003,0.226902,img_453.jpg
55531,1280,720,636.74744,340.8734,1001.24854,1002.55206,-1.852,-0.237,5.803,-0.052855,0.945210,0.213482,0.241267,img_454.jpg
55603,1280,720,636.74744,340.8734,1001.24854,1002.55206,-1.873,-0.248,5.811,0.058717,-0.937017,-0.224122,-0.261381,img_455.jpg
55684,1280,720,636.74744,340.8734,1001.24854,1002.55206,-1.889,-0.255,5.813,0.066276,-0.931907,-0.230820,-0.271808,img_456.jpg
55757,1280,720,636.74744,340.8734,1001.24854,1002.55206,-1.909,-0.265,5.816,0.074422,-0.927568,-0.237639,-0.278579,img_457.jpg
55829,1280,720,636.74744,340.8734,1001.24854,1002.55206,-1.930,-0.276,5.819,0.082203,-0.923408,-0.244209,-0.284467,img_458.jpg
55914,1280,720,636.74744,340.8734,1001.24854,1002.55206,-1.964,-0.290,5.821,0.095408,-0.917922,-0.254633,-0.288927,img_459.jpg
56003,1280,720,636.74744,340.8734,1001.24854,1002.55206,-2.000,-0.305,5.819,0.106529,-0.911985,-0.267213,-0.292460,img_460.jpg
56086,1280,720,636.74744,340.8734,1001.24854,1002.55206,-2.025,-0.311,5.818,0.116469,-0.907877,-0.275926,-0.293359,img_461.jpg
56157,1280,720,636.74744,340.8734,1001.24854,1002.55206,-2.050,-0.316,5.818,0.122348,-0.902855,-0.284822,-0.297928,img_462.jpg
56231,1280,720,636.74744,340.8734,1001.24854,1002.55206,-2.076,-0.317,5.814,0.129927,-0.897898,-0.291838,-0.302868,img_463.jpg
56313,1280,720,636.74744,340.8734,1001.24854,1002.55206,-2.115,-0.314,5.806,0.131814,-0.893870,-0.293965,-0.311779,img_464.jpg
56403,1280,720,636.74744,340.8734,1001.24854,1002.55206,-2.146,-0.314,5.800,0.129632,-0.891005,-0.292273,-0.322308,img_465.jpg
56483,1280,720,636.74744,340.8734,1001.24854,1002.55206,-2.183,-0.308,5.791,0.126290,-0.887116,-0.283463,-0.341650,img_466.jpg
56570,1280,720,636.74744,340.8734,1001.24854,1002.55206,-2.217,-0.303,5.784,0.124688,-0.884172,-0.272756,-0.358186,img_467.jpg
56655,1280,720,636.74744,340.8734,1001.24854,1002.55206,-2.239,-0.299,5.782,0.125176,-0.880534,-0.265365,-0.372252,img_468.jpg
56736,1280,720,636.74744,340.8734,1001.24854,1002.55206,-2.275,-0.290,5.775,0.129257,-0.875352,-0.252769,-0.391355,img_469.jpg
56820,1280,720,636.74744,340.8734,1001.24854,1002.55206,-2.298,-0.284,5.772,0.124805,-0.871752,-0.240248,-0.408354,img_470.jpg
56894,1280,720,636.74744,340.8734,1001.24854,1002.55206,-2.320,-0.277,5.769,0.119862,-0.866811,-0.228900,-0.426470,img_471.jpg
56976,1280,720,636.74744,340.8734,1001.24854,1002.55206,-2.357,-0.266,5.763,0.120386,-0.860798,-0.214646,-0.445490,img_472.jpg
57055,1280,720,636.74744,340.8734,1001.24854,1002.55206,-2.381,-0.259,5.762,0.115701,-0.857124,-0.205191,-0.458092,img_473.jpg
57130,1280,720,636.74744,340.8734,1001.24854,1002.55206,-2.405,-0.253,5.761,0.107800,-0.851671,-0.197187,-0.473447,img_474.jpg
57218,1280,720,636.74744,340.8734,1001.24854,1002.55206,-2.442,-0.245,5.763,0.105591,-0.842794,-0.186812,-0.493609,img_475.jpg
57293,1280,720,636.74744,340.8734,1001.24854,1002.55206,-2.463,-0.237,5.765,0.095153,-0.838863,-0.177565,-0.505693,img_476.jpg
57377,1280,720,636.74744,340.8734,1001.24854,1002.55206,-2.496,-0.225,5.764,0.091348,-0.828955,-0.164041,-0.526858,img_477.jpg
57473,1280,720,636.74744,340.8734,1001.24854,1002.55206,-2.525,-0.213,5.760,0.087640,-0.816252,-0.149909,-0.550980,img_478.jpg
57575,1280,720,636.74744,340.8734,1001.24854,1002.55206,-2.550,-0.203,5.754,0.076968,-0.801406,-0.139806,-0.576436,img_479.jpg
57673,1280,720,636.74744,340.8734,1001.24854,1002.55206,-2.580,-0.194,5.744,0.075639,-0.786772,-0.130463,-0.598538,img_480.jpg
57756,1280,720,636.74744,340.8734,1001.24854,1002.55206,-2.597,-0.189,5.737,0.073190,-0.778114,-0.124470,-0.611301,img_481.jpg
57838,1280,720,636.74744,340.8734,1001.24854,1002.55206,-2.618,-0.179,5.721,0.065408,-0.766566,-0.109796,-0.629319,img_482.jpg
57920,1280,720,636.74744,340.8734,1001.24854,1002.55206,-2.627,-0.173,5.708,0.061278,-0.758792,-0.099544,-0.640758,img_483.jpg
58000,1280,720,636.74744,340.8734,1001.24854,1002.55206,-2.640,-0.163,5.683,0.061254,-0.747556,-0.084589,-0.655936,img_484.jpg
58087,1280,720,636.74744,340.8734,1001.24854,1002.55206,-2.648,-0.156,5.666,0.057199,-0.743497,-0.075381,-0.662011,img_485.jpg
58170,1280,720,636.74744,340.8734,1001.24854,1002.55206,-2.657,-0.147,5.642,0.054088,-0.741105,-0.068596,-0.665682,img_486.jpg
58254,1280,720,636.74744,340.8734,1001.24854,1002.55206,-2.668,-0.143,5.625,0.055934,-0.741419,-0.063609,-0.665675,img_487.jpg
58327,1280,720,636.74744,340.8734,1001.24854,1002.55206,-2.677,-0.140,5.609,0.051534,-0.737816,-0.059083,-0.670433,img_488.jpg
58411,1280,720,636.74744,340.8734,1001.24854,1002.55206,-2.691,-0.136,5.585,0.050378,-0.735491,-0.053989,-0.673498,img_489.jpg
58489,1280,720,636.74744,340.8734,1001.24854,1002.55206,-2.699,-0.134,5.570,0.052709,-0.734889,-0.052108,-0.674125,img_490.jpg,marker_8.jpg,0.25164193,0.25164193,-3.388,-0.269,5.564,-0.494414,-0.519792,0.506929,0.506929
58570,1280,720,636.74744,340.8734,1001.24854,1002.55206,-2.708,-0.135,5.550,0.050591,-0.735086,-0.052644,-0.674031,img_491.jpg
58654,1280,720,636.74744,340.8734,1001.24854,1002.55206,-2.712,-0.136,5.536,0.050149,-0.735281,-0.052751,-0.673843,img_492.jpg
58738,1280,720,636.74744,340.8734,1001.24854,1002.55206,-2.717,-0.137,5.512,0.052766,-0.736557,-0.052754,-0.672247,img_493.jpg
58838,1280,720,636.74744,340.8734,1001.24854,1002.55206,-2.719,-0.138,5.496,0.054280,-0.737124,-0.053585,-0.671439,img_494.jpg
58912,1280,720,636.74744,340.8734,1001.24854,1002.55206,-2.721,-0.136,5.469,0.053457,-0.739994,-0.052657,-0.668415,img_495.jpg
59002,1280,720,636.74744,340.8734,1001.24854,1002.55206,-2.719,-0.135,5.440,0.055267,-0.743840,-0.051677,-0.664061,img_496.jpg
59088,1280,720,636.74744,340.8734,1001.24854,1002.55206,-2.716,-0.135,5.421,0.056541,-0.746809,-0.051313,-0.660641,img_497.jpg,marker_8.jpg,0.25332716,0.25332716,-3.393,-0.270,5.565,-0.481047,-0.530520,0.510646,0.510646
59166,1280,720,636.74744,340.8734,1001.24854,1002.55206,-2.710,-0.136,5.402,0.053558,-0.747745,-0.053811,-0.659632,img_498.jpg
59254,1280,720,636.74744,340.8734,1001.24854,1002.55206,-2.705,-0.137,5.372,0.051405,-0.745791,-0.059187,-0.661552,img_499.jpg
59328,1280,720,636.74744,340.8734,1001.24854,1002.55206,-2.700,-0.138,5.351,0.051757,-0.746127,-0.059512,-0.661116,img_500.jpg
59405,1280,720,636.74744,340.8734,1001.24854,1002.55206,-2.697,-0.142,5.320,0.058349,-0.743998,-0.064488,-0.662498,img_501.jpg
59488,1280,720,636.74744,340.8734,1001.24854,1002.55206,-2.696,-0.145,5.299,0.059790,-0.740568,-0.064758,-0.666176,img_502.jpg
59572,1280,720,636.74744,340.8734,1001.24854,1002.55206,-2.699,-0.149,5.269,0.066446,-0.736281,-0.066469,-0.670118,img_503.jpg
59655,1280,720,636.74744,340.8734,1001.24854,1002.55206,-2.702,-0.153,5.249,0.068783,-0.731573,-0.071309,-0.674526,img_504.jpg
59729,1280,720,636.74744,340.8734,1001.24854,1002.55206,-2.704,-0.156,5.227,0.066776,-0.728260,-0.076768,-0.677706,img_505.jpg
59816,1280,720,636.74744,340.8734,1001.24854,1002.55206,-2.709,-0.159,5.192,0.067217,-0.724744,-0.085306,-0.680406,img_506.jpg
59906,1280,720,636.74744,340.8734,1001.24854,1002.55206,-2.718,-0.161,5.159,0.064777,-0.722603,-0.094631,-0.681685,img_507.jpg
59986,1280,720,636.74744,340.8734,1001.24854,1002.55206,-2.725,-0.161,5.136,0.060048,-0.719195,-0.099494,-0.685022,img_508.jpg
60071,1280,720,636.74744,340.8734,1001.24854,1002.55206,-2.737,-0.159,5.094,0.064651,-0.711927,-0.099625,-0.692138,img_509.jpg
60159,1280,720,636.74744,340.8734,1001.24854,1002.55206,-2.746,-0.159,5.066,0.075227,-0.704427,-0.101907,-0.698383,img_510.jpg
60256,1280,720,636.74744,340.8734,1001.24854,1002.55206,-2.755,-0.158,5.026,0.072953,-0.689832,-0.095334,-0.713947,img_511.jpg
60333,1280,720,636.74744,340.8734,1001.24854,1002.55206,-2.765,-0.159,4.983,0.084046,-0.678611,-0.085509,-0.724646,img_512.jpg
60422,1280,720,636.74744,340.8734,1001.24854,1002.55206,-2.772,-0.159,4.956,0.088789,-0.673935,-0.082121,-0.728824,img_513.jpg
60494,1280,720,636.74744,340.8734,1001.24854,1002.55206,-2.775,-0.162,4.916,0.091066,-0.668799,-0.074926,-0.734030,img_514.jpg
60589,1280,720,636.74744,340.8734,1001.24854,1002.55206,-2.776,-0.165,4.886,0.089864,-0.669966,-0.072182,-0.733389,img_515.jpg
60661,1280,720,636.74744,340.8734,1001.24854,1002.55206,-2.776,-0.169,4.852,0.089138,-0.672429,-0.072042,-0.731234,img_516.jpg
60736,1280,720,636.74744,340.8734,1001.24854,1002.55206,-2.771,-0.171,4.796,0.085069,-0.678185,-0.066629,-0.726904,img_517.jpg
60821,1280,720,636.74744,340.8734,1001.24854,1002.55206,-2.764,-0.170,4.757,0.081131,-0.684497,-0.065005,-0.721565,img_518.jpg
60890,1280,720,636.74744,340.8734,1001.24854,1002.55206,-2.755,-0.167,4.718,0.076944,-0.692544,-0.061998,-0.714576,img_519.jpg
60975,1280,720,636.74744,340.8734,1001.24854,1002.55206,-2.747,-0.163,4.659,0.076792,-0.702934,-0.064698,-0.704132,img_520.jpg
61056,1280,720,636.74744,340.8734,1001.24854,1002.55206,-2.743,-0.160,4.622,0.081206,-0.708995,-0.066611,-0.697348,img_521.jpg
61131,1280,720,636.74744,340.8734,1001.24854,1002.55206,-2.738,-0.158,4.570,0.081243,-0.715949,-0.065529,-0.690306,img_522.jpg
61221,1280,720,636.74744,340.8734,1001.24854,1002.55206,-2.736,-0.156,4.539,0.079904,-0.715616,-0.063822,-0.690967,img_523.jpg
61305,1280,720,636.74744,340.8734,1001.24854,1002.55206,-2.737,-0.152,4.498,0.080225,-0.711725,-0.059780,-0.695297,img_524.jpg
61387,1280,720,636.74744,340.8734,1001.24854,1002.55206,-2.740,-0.148,4.470,0.075892,-0.707113,-0.057333,-0.700674,img_525.jpg
61461,1280,720,636.74744,340.8734,1001.24854,1002.55206,-2.743,-0.145,4.443,0.070179,-0.701869,-0.052669,-0.706881,img_526.jpg
61538,1280,720,636.74744,340.8734,1001.24854,1002.55206,-2.751,-0.142,4.401,0.069104,-0.695580,-0.045872,-0.713645,img_527.jpg
61639,1280,720,636.74744,340.8734,1001.24854,1002.55206,-2.762,-0.142,4.363,0.067181,-0.689328,-0.046489,-0.719828,img_528.jpg
61723,1280,720,636.74744,340.8734,1001.24854,1002.55206,-2.771,-0.144,4.337,0.064795,-0.686155,-0.048763,-0.722921,img_529.jpg
61803,1280,720,636.74744,340.8734,1001.24854,1002.55206,-2.787,-0.146,4.302,0.058871,-0.683871,-0.054921,-0.725147,img_530.jpg
61889,1280,720,636.74744,340.8734,1001.24854,1002.55206,-2.800,-0.146,4.278,0.055438,-0.684727,-0.059052,-0.724285,img_531.jpg
61969,1280,720,636.74744,340.8734,1001.24854,1002.55206,-2.812,-0.145,4.256,0.054707,-0.686958,-0.060139,-0.722135,img_532.jpg
62051,1280,720,636.74744,340.8734,1001.24854,1002.55206,-2.831,-0.145,4.224,0.063161,-0.686791,-0.061825,-0.721461,img_533.jpg
62141,1280,720,636.74744,340.8734,1001.24854,1002.55206,-2.844,-0.145,4.198,0.060862,-0.686681,-0.059059,-0.721995,img_534.jpg,marker_9.jpg,0.2618397,0.2618397,-3.546,-0.251,4.087,-0.473447,-0.536795,0.521032,0.521032
62240,1280,720,636.74744,340.8734,1001.24854,1002.55206,-2.859,-0.146,4.174,0.066313,-0.687080,-0.057050,-0.721297,img_535.jpg
62322,1280,720,636.74744,340.8734,1001.24854,1002.55206,-2.865,-0.146,4.158,0.063144,-0.688152,-0.050771,-0.721029,img_536.jpg
62405,1280,720,636.74744,340.8734,1001.24854,1002.55206,-2.874,-0.148,4.135,0.066058,-0.694227,-0.046315,-0.715220,img_537.jpg
62489,1280,720,636.74744,340.8734,1001.24854,1002.55206,-2.880,-0.150,4.118,0.066771,-0.697601,-0.046612,-0.711844,img_538.jpg
62565,1280,720,636.74744,340.8734,1001.24854,1002.55206,-2.883,-0.151,4.097,0.067452,-0.701082,-0.043658,-0.708540,img_539.jpg
62646,1280,720,636.74744,340.8734,1001.24854,1002.55206,-2.885,-0.152,4.059,0.070400,-0.703241,-0.038937,-0.706386,img_540.jpg,marker_9.jpg,0.26289508,0.26289508,-3.546,-0.250,4.088,-0.465186,-0.542369,0.526944,0.526944
62739,1280,720,636.74744,340.8734,1001.24854,1002.55206,-2.882,-0.155,4.016,0.073007,-0.703013,-0.036194,-0.706493,img_541.jpg
62822,1280,720,636.74744,340.8734,1001.24854,1002.55206,-2.877,-0.155,3.985,0.073409,-0.704487,-0.033343,-0.705123,img_542.jpg
62902,1280,720,636.74744,340.8734,1001.24854,1002.55206,-2.867,-0.151,3.942,0.073257,-0.711101,-0.033033,-0.698483,img_543.jpg
62987,1280,720,636.74744,340.8734,1001.24854,1002.55206,-2.858,-0.148,3.913,0.072838,-0.716160,-0.034449,-0.693269,img_544.jpg
63066,1280,720,636.74744,340.8734,1001.24854,1002.55206,-2.843,-0.144,3.870,0.071360,-0.722390,-0.038043,-0.686741,img_545.jpg
63158,1280,720,636.74744,340.8734,1001.24854,1002.55206,-2.834,-0.144,3.842,0.069266,-0.724279,-0.042232,-0.684718,img_546.jpg
63258,1280,720,636.74744,340.8734,1001.24854,1002.55206,-2.821,-0.145,3.798,0.073126,-0.724822,-0.046655,-0.683454,img_547.jpg
63335,1280,720,636.74744,340.8734,1001.24854,1002.55206,-2.808,-0.145,3.758,0.068409,-0.722018,-0.046586,-0.686907,img_548.jpg,marker_9.jpg,0.26288286,0.26288286,-3.549,-0.250,4.090,-0.475673,-0.534003,0.517421,0.517421
63439,1280,720,636.74744,340.8734,1001.24854,1002.55206,-2.801,-0.147,3.716,0.075385,-0.713685,-0.042702,-0.695088,img_549.jpg
63541,1280,720,636.74744,340.8734,1001.24854,1002.55206,-2.798,-0.149,3.678,0.076164,-0.706322,-0.043446,-0.702440,img_550.jpg
63641,1280,720,636.74744,340.8734,1001.24854,1002.55206,-2.800,-0.152,3.640,0.077797,-0.699016,-0.043448,-0.709533,img_551.jpg
63723,1280,720,636.74744,340.8734,1001.24854,1002.55206,-2.802,-0.154,3.614,0.081628,-0.697748,-0.039431,-0.710585,img_552.jpg
63808,1280,720,636.74744,340.8734,1001.24854,1002.55206,-2.811,-0.159,3.575,0.085313,-0.693932,-0.037719,-0.713973,img_553.jpg
63887,1280,720,636.74744,340.8734,1001.24854,1002.55206,-2.819,-0.163,3.547,0.083488,-0.691466,-0.041951,-0.716341,img_554.jpg
63970,1280,720,636.74744,340.8734,1001.24854,1002.55206,-2.833,-0.168,3.502,0.079395,-0.688888,-0.050939,-0.718704,img_555.jpg
64056,1280,720,636.74744,340.8734,1001.24854,1002.55206,-2.844,-0.169,3.471,0.074217,-0.688657,-0.056323,-0.719076,img_556.jpg
64135,1280,720,636.74744,340.8734,1001.24854,1002.55206,-2.860,-0.162,3.423,0.075146,-0.692666,-0.051474,-0.715484,img_557.jpg
64239,1280,720,636.74744,340.8734,1001.24854,1002.55206,-2.877,-0.156,3.374,0.076835,-0.684367,-0.047132,-0.723545,img_558.jpg
64323,1280,720,636.74744,340.8734,1001.24854,1002.55206,-2.885,-0.153,3.340,0.076988,-0.679287,-0.042854,-0.728564,img_559.jpg
64406,1280,720,636.74744,340.8734,1001.24854,1002.55206,-2.901,-0.152,3.288,0.083144,-0.670586,-0.040432,-0.736048,img_560.jpg
64487,1280,720,636.74744,340.8734,1001.24854,1002.55206,-2.906,-0.150,3.257,0.079854,-0.667540,-0.036204,-0.739393,img_561.jpg
64567,1280,720,636.74744,340.8734,1001.24854,1002.55206,-2.911,-0.151,3.224,0.082306,-0.666902,-0.030616,-0.739952,img_562.jpg
64647,1280,720,636.74744,340.8734,1001.24854,1002.55206,-2.919,-0.156,3.177,0.083100,-0.671092,-0.029190,-0.736123,img_563.jpg
64742,1280,720,636.74744,340.8734,1001.24854,1002.55206,-2.918,-0.158,3.127,0.077343,-0.675830,-0.027573,-0.732469,img_564.jpg
64823,1280,720,636.74744,340.8734,1001.24854,1002.55206,-2.913,-0.157,3.089,0.079172,-0.679991,-0.022260,-0.728594,img_565.jpg
64896,1280,720,636.74744,340.8734,1001.24854,1002.55206,-2.909,-0.155,3.049,0.076281,-0.683175,-0.021721,-0.725935,img_566.jpg
64982,1280,720,636.74744,340.8734,1001.24854,1002.55206,-2.900,-0.148,2.992,0.079361,-0.688228,-0.020505,-0.720849,img_567.jpg
65074,1280,720,636.74744,340.8734,1001.24854,1002.55206,-2.890,-0.143,2.938,0.077259,-0.690220,-0.025467,-0.719013,img_568.jpg
65159,1280,720,636.74744,340.8734,1001.24854,1002.55206,-2.882,-0.143,2.903,0.077132,-0.689390,-0.030980,-0.719605,img_569.jpg
65237,1280,720,636.74744,340.8734,1001.24854,1002.55206,-2.876,-0.144,2.855,0.076578,-0.688190,-0.033421,-0.720704,img_570.jpg
65323,1280,720,636.74744,340.8734,1001.24854,1002.55206,-2.873,-0.141,2.813,0.077353,-0.687723,-0.029499,-0.721238,img_571.jpg
65406,1280,720,636.74744,340.8734,1001.24854,1002.55206,-2.872,-0.138,2.786,0.077768,-0.687088,-0.025936,-0.721935,img_572.jpg
65490,1280,720,636.74744,340.8734,1001.24854,1002.55206,-2.872,-0.137,2.762,0.074708,-0.684620,-0.025309,-0.724620,img_573.jpg
65566,1280,720,636.74744,340.8734,1001.24854,1002.55206,-2.875,-0.136,2.727,0.069931,-0.681403,-0.022962,-0.728198,img_574.jpg
65656,1280,720,636.74744,340.8734,1001.24854,1002.55206,-2.880,-0.135,2.693,0.068849,-0.678547,-0.020032,-0.731049,img_575.jpg
65742,1280,720,636.74744,340.8734,1001.24854,1002.55206,-2.886,-0.135,2.672,0.067985,-0.677810,-0.020558,-0.731799,img_576.jpg
65841,1280,720,636.74744,340.8734,1001.24854,1002.55206,-2.899,-0.138,2.640,0.064395,-0.676313,-0.024880,-0.733373,img_577.jpg
65923,1280,720,636.74744,340.8734,1001.24854,1002.55206,-2.911,-0.140,2.617,0.065660,-0.675297,-0.027535,-0.734102,img_578.jpg
66004,1280,720,636.74744,340.8734,1001.24854,1002.55206,-2.926,-0.141,2.584,0.063835,-0.676629,-0.033921,-0.732767,img_579.jpg
66081,1280,720,636.74744,340.8734,1001.24854,1002.55206,-2.937,-0.140,2.564,0.064161,-0.679340,-0.037594,-0.730046,img_580.jpg
66165,1280,720,636.74744,340.8734,1001.24854,1002.55206,-2.952,-0.138,2.538,0.061089,-0.674211,-0.044707,-0.734649,img_581.jpg
66257,1280,720,636.74744,340.8734,1001.24854,1002.55206,-2.960,-0.133,2.511,0.054768,-0.668931,-0.043629,-0.740019,img_582.jpg,marker_10.jpg,0.26686966,0.26686966,-3.716,-0.233,2.345,-0.470039,-0.529755,0.519073,0.519073
66342,1280,720,636.74744,340.8734,1001.24854,1002.55206,-2.969,-0.133,2.493,0.057318,-0.667195,-0.044491,-0.741341,img_583.jpg
66424,1280,720,636.74744,340.8734,1001.24854,1002.55206,-2.977,-0.133,2.476,0.059078,-0.666521,-0.046511,-0.741685,img_584.jpg
66501,1280,720,636.74744,340.8734,1001.24854,1002.55206,-2.985,-0.133,2.449,0.061031,-0.671927,-0.041059,-0.736956,img_585.jpg
66588,1280,720,636.74744,340.8734,1001.24854,1002.55206,-2.991,-0.134,2.430,0.065094,-0.678183,-0.037387,-0.731049,img_586.jpg
66665,1280,720,636.74744,340.8734,1001.24854,1002.55206,-2.997,-0.138,2.397,0.066349,-0.688588,-0.032602,-0.721375,img_587.jpg
66760,1280,720,636.74744,340.8734,1001.24854,1002.55206,-3.000,-0.139,2.375,0.068924,-0.695596,-0.031479,-0.714426,img_588.jpg
66839,1280,720,636.74744,340.8734,1001.24854,1002.55206,-2.998,-0.138,2.342,0.058947,-0.705948,-0.032151,-0.705073,img_589.jpg
66924,1280,720,636.74744,340.8734,1001.24854,1002.55206,-2.995,-0.134,2.304,0.058390,-0.714119,-0.030624,-0.696913,img_590.jpg,marker_10.jpg,0.26456836,0.26456836,-3.711,-0.232,2.345,-0.478627,-0.520932,0.529148,0.529148
67026,1280,720,636.74744,340.8734,1001.24854,1002.55206,-2.992,-0.131,2.279,0.054846,-0.716418,-0.031744,-0.694788,img_591.jpg
67099,1280,720,636.74744,340.8734,1001.24854,1002.55206,-2.986,-0.128,2.242,0.056175,-0.718476,-0.031706,-0.692554,img_592.jpg
67189,1280,720,636.74744,340.8734,1001.24854,1002.55206,-2.983,-0.127,2.219,0.056825,-0.717284,-0.034022,-0.693627,img_593.jpg
67264,1280,720,636.74744,340.8734,1001.24854,1002.55206,-2.977,-0.128,2.185,0.060532,-0.714972,-0.035403,-0.695628,img_594.jpg
67359,1280,720,636.74744,340.8734,1001.24854,1002.55206,-2.969,-0.129,2.157,0.060294,-0.712331,-0.037112,-0.698264,img_595.jpg
67458,1280,720,636.74744,340.8734,1001.24854,1002.55206,-2.963,-0.130,2.132,0.057770,-0.707062,-0.034860,-0.703926,img_596.jpg,marker_10.jpg,0.26834437,0.26834437,-3.721,-0.233,2.347,-0.471426,-0.529263,0.517995,0.517995
67544,1280,720,636.74744,340.8734,1001.24854,1002.55206,-2.960,-0.130,2.115,0.065348,-0.703758,-0.029090,-0.706830,img_597.jpg
67626,1280,720,636.74744,340.8734,1001.24854,1002.55206,-2.961,-0.132,2.093,0.065313,-0.696258,-0.028945,-0.714228,img_598.jpg
67707,1280,720,636.74744,340.8734,1001.24854,1002.55206,-2.963,-0.133,2.078,0.065424,-0.688768,-0.027458,-0.721502,img_599.jpg
67789,1280,720,636.74744,340.8734,1001.24854,1002.55206,-2.968,-0.135,2.059,0.074870,-0.679421,-0.020036,-0.729644,img_600.jpg
67866,1280,720,636.74744,340.8734,1001.24854,1002.55206,-2.978,-0.141,2.032,0.084098,-0.660109,-0.025954,-0.745996,img_601.jpg
67959,1280,720,636.74744,340.8734,1001.24854,1002.55206,-2.987,-0.144,2.015,0.085744,-0.646599,-0.032394,-0.757304,img_602.jpg
68038,1280,720,636.74744,340.8734,1001.24854,1002.55206,-3.001,-0.147,1.987,0.086650,-0.626339,-0.035979,-0.773884,img_603.jpg
68124,1280,720,636.74744,340.8734,1001.24854,1002.55206,-3.017,-0.147,1.957,0.086619,-0.603956,-0.041409,-0.791214,img_604.jpg
68208,1280,720,636.74744,340.8734,1001.24854,1002.55206,-3.028,-0.146,1.936,0.088613,-0.590625,-0.041102,-0.801012,img_605.jpg
68285,1280,720,636.74744,340.8734,1001.24854,1002.55206,-3.037,-0.144,1.915,0.084966,-0.574582,-0.039518,-0.813065,img_606.jpg
68375,1280,720,636.74744,340.8734,1001.24854,1002.55206,-3.051,-0.141,1.883,0.085827,-0.547890,-0.034219,-0.831432,img_607.jpg
68458,1280,720,636.74744,340.8734,1001.24854,1002.55206,-3.064,-0.140,1.856,0.083231,-0.521938,-0.035737,-0.848160,img_608.jpg
68545,1280,720,636.74744,340.8734,1001.24854,1002.55206,-3.070,-0.140,1.839,0.081296,-0.501952,-0.037434,-0.860252,img_609.jpg
68629,1280,720,636.74744,340.8734,1001.24854,1002.55206,-3.077,-0.140,1.812,0.078407,-0.461077,-0.032070,-0.883308,img_610.jpg
68726,1280,720,636.74744,340.8734,1001.24854,1002.55206,-3.076,-0.139,1.782,0.080751,-0.418140,-0.022593,-0.904504,img_611.jpg
68808,1280,720,636.74744,340.8734,1001.24854,1002.55206,-3.076,-0.139,1.764,0.083253,-0.388382,-0.020827,-0.917494,img_612.jpg
68886,1280,720,636.74744,340.8734,1001.24854,1002.55206,-3.076,-0.138,1.749,0.086530,-0.360898,-0.018682,-0.928395,img_613.jpg
68969,1280,720,636.74744,340.8734,1001.24854,1002.55206,-3.071,-0.134,1.735,0.082940,-0.323049,-0.014962,-0.942622,img_614.jpg
69058,1280,720,636.74744,340.8734,1001.24854,1002.55206,-3.064,-0.132,1.717,0.076326,-0.281038,-0.014186,-0.956552,img_615.jpg
69144,1280,720,636.74744,340.8734,1001.24854,1002.55206,-3.057,-0.129,1.704,0.075283,-0.258098,-0.009819,-0.963131,img_616.jpg
69221,1280,720,636.74744,340.8734,1001.24854,1002.55206,-3.047,-0.124,1.687,0.066302,-0.226706,-0.011903,-0.971631,img_617.jpg
69308,1280,720,636.74744,340.8734,1001.24854,1002.55206,-3.042,-0.123,1.671,0.065567,-0.209513,-0.011156,-0.975541,img_618.jpg
69386,1280,720,636.74744,340.8734,1001.24854,1002.55206,-3.029,-0.121,1.658,0.064001,-0.187031,-0.015284,-0.980148,img_619.jpg
69475,1280,720,636.74744,340.8734,1001.24854,1002.55206,-3.016,-0.122,1.648,0.064744,-0.174594,-0.013190,-0.982421,img_620.jpg
69560,1280,720,636.74744,340.8734,1001.24854,1002.55206,-2.990,-0.123,1.636,0.071207,-0.156468,-0.007529,-0.985084,img_621.jpg
69643,1280,720,636.74744,340.8734,1001.24854,1002.55206,-2.973,-0.123,1.630,0.070728,-0.144906,-0.008515,-0.986878,img_622.jpg
69726,1280,720,636.74744,340.8734,1001.24854,1002.55206,-2.948,-0.122,1.622,0.072082,-0.133114,-0.005901,-0.988458,img_623.jpg
69810,1280,720,636.74744,340.8734,1001.24854,1002.55206,-2.933,-0.122,1.617,0.070768,-0.127550,-0.006592,-0.989282,img_624.jpg
69885,1280,720,636.74744,340.8734,1001.24854,1002.55206,-2.918,-0.121,1.613,0.069004,-0.123223,-0.006046,-0.989959,img_625.jpg
69962,1280,720,636.74744,340.8734,1001.24854,1002.55206,-2.895,-0.119,1.610,0.064730,-0.117828,-0.000926,-0.990922,img_626.jpg
70059,1280,720,636.74744,340.8734,1001.24854,1002.55206,-2.871,-0.117,1.604,0.062300,-0.110508,0.001927,-0.991919,img_627.jpg
70145,1280,720,636.74744,340.8734,1001.24854,1002.55206,-2.854,-0.116,1.602,0.060780,-0.105816,0.003372,-0.992521,img_628.jpg
70226,1280,720,636.74744,340.8734,1001.24854,1002.55206,-2.830,-0.114,1.600,0.058423,-0.099075,0.006155,-0.993344,img_629.jpg
70309,1280,720,636.74744,340.8734,1001.24854,1002.55206,-2.815,-0.113,1.599,0.058307,-0.094707,0.008001,-0.993764,img_630.jpg
70389,1280,720,636.74744,340.8734,1001.24854,1002.55206,-2.799,-0.113,1.598,0.058144,-0.090215,0.008465,-0.994188,img_631.jpg
70468,1280,720,636.74744,340.8734,1001.24854,1002.55206,-2.776,-0.114,1.598,0.059570,-0.083927,0.008562,-0.994653,img_632.jpg
70562,1280,720,636.74744,340.8734,1001.24854,1002.55206,-2.753,-0.115,1.598,0.061562,-0.079589,0.007426,-0.994897,img_633.jpg
70644,1280,720,636.74744,340.8734,1001.24854,1002.55206,-2.736,-0.116,1.598,0.062240,-0.077426,0.006914,-0.995030,img_634.jpg
70717,1280,720,636.74744,340.8734,1001.24854,1002.55206,-2.720,-0.117,1.600,0.061954,-0.075850,0.007011,-0.995168,img_635.jpg
70800,1280,720,636.74744,340.8734,1001.24854,1002.55206,-2.694,-0.118,1.603,0.063186,-0.073332,0.008424,-0.995268,img_636.jpg
70893,1280,720,636.74744,340.8734,1001.24854,1002.55206,-2.668,-0.120,1.607,0.064989,-0.071577,0.009321,-0.995272,img_637.jpg
70974,1280,720,636.74744,340.8734,1001.24854,1002.55206,-2.650,-0.122,1.610,0.066761,-0.071172,0.011511,-0.995161,img_638.jpg
71060,1280,720,636.74744,340.8734,1001.24854,1002.55206,-2.633,-0.124,1.612,0.067304,-0.069807,0.010042,-0.995237,img_639.jpg
71135,1280,720,636.74744,340.8734,1001.24854,1002.55206,-2.608,-0.127,1.614,0.067266,-0.066276,0.009239,-0.995489,img_640.jpg,marker_11.jpg,0.27078217,0.27078217,-2.768,-0.277,0.753,-0.698829,-0.039663,0.055566,0.055566
71226,1280,720,636.74744,340.8734,1001.24854,1002.55206,-2.582,-0.128,1.614,0.068255,-0.059525,0.010517,-0.995835,img_641.jpg
71309,1280,720,636.74744,340.8734,1001.24854,1002.55206,-2.564,-0.128,1.611,0.069069,-0.053503,0.011395,-0.996111,img_642.jpg
71389,1280,720,636.74744,340.8734,1001.24854,1002.55206,-2.537,-0.130,1.605,0.069971,-0.042364,0.010396,-0.996595,img_643.jpg
71476,1280,720,636.74744,340.8734,1001.24854,1002.55206,-2.520,-0.132,1.599,0.075245,-0.040031,0.011796,-0.996291,img_644.jpg
71563,1280,720,636.74744,340.8734,1001.24854,1002.55206,-2.490,-0.137,1.589,0.077186,-0.036280,0.009081,-0.996315,img_645.jpg
71659,1280,720,636.74744,340.8734,1001.24854,1002.55206,-2.456,-0.142,1.577,0.078124,-0.032306,0.003506,-0.996414,img_646.jpg
71745,1280,720,636.74744,340.8734,1001.24854,1002.55206,-2.433,-0.145,1.566,0.080351,-0.028570,0.000567,-0.996357,img_647.jpg
71843,1280,720,636.74744,340.8734,1001.24854,1002.55206,-2.398,-0.146,1.546,0.082531,-0.021075,-0.010142,-0.996314,img_648.jpg
71919,1280,720,636.74744,340.8734,1001.24854,1002.55206,-2.375,-0.145,1.533,0.082317,-0.019861,-0.011920,-0.996337,img_649.jpg
71999,1280,720,636.74744,340.8734,1001.24854,1002.55206,-2.344,-0.147,1.509,0.090912,-0.017609,-0.009862,-0.995654,img_650.jpg
72095,1280,720,636.74744,340.8734,1001.24854,1002.55206,-2.315,-0.153,1.488,0.091185,-0.012023,-0.013580,-0.995669,img_651.jpg
72175,1280,720,636.74744,340.8734,1001.24854,1002.55206,-2.293,-0.157,1.475,0.087845,-0.008831,-0.011069,-0.996034,img_652.jpg,marker_11.jpg,0.27064344,0.27064344,-2.768,-0.277,0.754,-0.700648,-0.035980,0.051363,0.051363
72255,1280,720,636.74744,340.8734,1001.24854,1002.55206,-2.270,-0.162,1.460,0.092412,-0.008484,-0.005136,-0.995672,img_653.jpg
72336,1280,720,636.74744,340.8734,1001.24854,1002.55206,-2.232,-0.163,1.441,0.089946,-0.010284,-0.004997,-0.995881,img_654.jpg
72428,1280,720,636.74744,340.8734,1001.24854,1002.55206,-2.186,-0.165,1.422,0.087987,-0.019920,0.002421,-0.995920,img_655.jpg
72511,1280,720,636.74744,340.8734,1001.24854,1002.55206,-2.155,-0.168,1.409,0.087469,-0.027592,0.000223,-0.995785,img_656.jpg
72588,1280,720,636.74744,340.8734,1001.24854,1002.55206,-2.122,-0.170,1.394,0.093618,-0.039609,-0.003386,-0.994814,img_657.jpg
72677,1280,720,636.74744,340.8734,1001.24854,1002.55206,-2.071,-0.170,1.377,0.095775,-0.052818,-0.007112,-0.993975,img_658.jpg
72758,1280,720,636.74744,340.8734,1001.24854,1002.55206,-2.039,-0.168,1.369,0.093189,-0.044546,-0.019255,-0.994465,img_659.jpg
72841,1280,720,636.74744,340.8734,1001.24854,1002.55206,-1.987,-0.162,1.356,0.094638,-0.050018,-0.017067,-0.994108,img_660.jpg
72914,1280,720,636.74744,340.8734,1001.24854,1002.55206,-1.953,-0.159,1.347,0.098067,-0.055445,-0.010888,-0.993575,img_661.jpg
73007,1280,720,636.74744,340.8734,1001.24854,1002.55206,-1.904,-0.155,1.339,0.102671,-0.042785,-0.004382,-0.993785,img_662.jpg
73084,1280,720,636.74744,340.8734,1001.24854,1002.55206,-1.874,-0.152,1.338,0.097633,-0.025325,-0.004407,-0.994891,img_663.jpg
73164,1280,720,636.74744,340.8734,1001.24854,1002.55206,-1.833,-0.148,1.346,0.090742,-0.006383,-0.003432,-0.995848,img_664.jpg
73260,1280,720,636.74744,340.8734,1001.24854,1002.55206,-1.804,-0.149,1.362,0.095524,-0.007985,0.004887,-0.995383,img_665.jpg
73343,1280,720,636.74744,340.8734,1001.24854,1002.55206,-1.781,-0.150,1.376,0.088304,-0.000307,0.009896,-0.996044,img_666.jpg
73420,1280,720,636.74744,340.8734,1001.24854,1002.55206,-1.749,-0.153,1.402,0.083260,0.020676,0.005200,-0.996300,img_667.jpg
73512,1280,720,636.74744,340.8734,1001.24854,1002.55206,-1.724,-0.153,1.419,0.085927,0.034469,0.002269,-0.995702,img_668.jpg
73592,1280,720,636.74744,340.8734,1001.24854,1002.55206,-1.692,-0.153,1.448,0.086949,0.048797,-0.001841,-0.995015,img_669.jpg
73678,1280,720,636.74744,340.8734,1001.24854,1002.55206,-1.673,-0.154,1.466,0.090358,0.058116,-0.007963,-0.994180,img_670.jpg
73755,1280,720,636.74744,340.8734,1001.24854,1002.55206,-1.653,-0.155,1.483,0.097430,0.062152,-0.010870,-0.993240,img_671.jpg
73862,1280,720,636.74744,340.8734,1001.24854,1002.55206,-1.613,-0.151,1.524,0.096325,0.063987,-0.015869,-0.993164,img_672.jpg
73941,1280,720,636.74744,340.8734,1001.24854,1002.55206,-1.591,-0.148,1.543,0.094748,0.057159,-0.012179,-0.993784,img_673.jpg
74046,1280,720,636.74744,340.8734,1001.24854,1002.55206,-1.557,-0.146,1.571,0.092783,0.045151,-0.011882,-0.994591,img_674.jpg
74119,1280,720,636.74744,340.8734,1001.24854,1002.55206,-1.521,-0.147,1.596,0.092250,0.026063,-0.014240,-0.995293,img_675.jpg
74208,1280,720,636.74744,340.8734,1001.24854,1002.55206,-1.496,-0.149,1.613,0.092608,0.012763,-0.015668,-0.995498,img_676.jpg
74294,1280,720,636.74744,340.8734,1001.24854,1002.55206,-1.454,-0.152,1.637,0.087453,-0.009638,-0.020970,-0.995901,img_677.jpg
74382,1280,720,636.74744,340.8734,1001.24854,1002.55206,-1.424,-0.154,1.648,0.092673,-0.025777,-0.022586,-0.995107,img_678.jpg
74462,1280,720,636.74744,340.8734,1001.24854,1002.55206,-1.379,-0.155,1.666,0.102612,-0.042578,-0.029152,-0.993382,img_679.jpg
74544,1280,720,636.74744,340.8734,1001.24854,1002.55206,-1.350,-0.154,1.681,0.104542,-0.051595,-0.031203,-0.992691,img_680.jpg
74623,1280,720,636.74744,340.8734,1001.24854,1002.55206,-1.313,-0.152,1.705,0.099144,-0.063823,-0.033628,-0.992455,img_681.jpg
74711,1280,720,636.74744,340.8734,1001.24854,1002.55206,-1.288,-0.150,1.721,0.099060,-0.072819,-0.028577,-0.992002,img_682.jpg
74790,1280,720,636.74744,340.8734,1001.24854,1002.55206,-1.249,-0.147,1.749,0.091862,-0.081305,-0.022387,-0.992194,img_683.jpg
74877,1280,720,636.74744,340.8734,1001.24854,1002.55206,-1.226,-0.147,1.767,0.089265,-0.085004,-0.020587,-0.992160,img_684.jpg
74951,1280,720,636.74744,340.8734,1001.24854,1002.55206,-1.189,-0.147,1.795,0.079896,-0.086083,-0.018760,-0.992902,img_685.jpg
75044,1280,720,636.74744,340.8734,1001.24854,1002.55206,-1.163,-0.148,1.813,0.069172,-0.086182,-0.018072,-0.993711,img_686.jpg
75127,1280,720,636.74744,340.8734,1001.24854,1002.55206,-1.122,-0.152,1.837,0.061468,-0.085482,-0.023618,-0.994161,img_687.jpg
75208,1280,720,636.74744,340.8734,1001.24854,1002.55206,-1.095,-0.152,1.851,0.051926,-0.085726,-0.030860,-0.994486,img_688.jpg
75295,1280,720,636.74744,340.8734,1001.24854,1002.55206,-1.055,-0.150,1.868,0.036763,-0.081860,-0.038412,-0.995225,img_689.jpg
75381,1280,720,636.74744,340.8734,1001.24854,1002.55206,-1.029,-0.145,1.877,0.034092,-0.075396,-0.041683,-0.995699,img_690.jpg
75463,1280,720,636.74744,340.8734,1001.24854,1002.55206,-0.993,-0.134,1.886,0.028694,-0.073032,-0.040409,-0.996097,img_691.jpg
75544,1280,720,636.74744,340.8734,1001.24854,1002.55206,-0.971,-0.128,1.888,0.027331,-0.072418,-0.040350,-0.996183,img_692.jpg
75625,1280,720,636.74744,340.8734,1001.24854,1002.55206,-0.940,-0.122,1.886,0.026342,-0.073925,-0.036636,-0.996242,img_693.jpg
75712,1280,720,636.74744,340.8734,1001.24854,1002.55206,-0.920,-0.118,1.882,0.022358,-0.074273,-0.033080,-0.996438,img_694.jpg,marker_12.jpg,0.26999906,0.26999906,-0.828,-0.294,1.020,-0.703525,-0.069782,0.053181,0.053181
75787,1280,720,636.74744,340.8734,1001.24854,1002.55206,-0.890,-0.113,1.871,0.020202,-0.077422,-0.028033,-0.996400,img_695.jpg
75878,1280,720,636.74744,340.8734,1001.24854,1002.55206,-0.870,-0.112,1.860,0.019306,-0.079692,-0.026298,-0.996286,img_696.jpg
75951,1280,720,636.74744,340.8734,1001.24854,1002.55206,-0.851,-0.110,1.848,0.019252,-0.080990,-0.024659,-0.996224,img_697.jpg
76047,1280,720,636.74744,340.8734,1001.24854,1002.55206,-0.820,-0.109,1.829,0.018067,-0.080285,-0.024130,-0.996316,img_698.jpg
76128,1280,720,636.74744,340.8734,1001.24854,1002.55206,-0.793,-0.112,1.811,0.019703,-0.078426,-0.026058,-0.996385,img_699.jpg
76209,1280,720,636.74744,340.8734,1001.24854,1002.55206,-0.778,-0.116,1.800,0.022974,-0.079963,-0.028562,-0.996124,img_700.jpg
76289,1280,720,636.74744,340.8734,1001.24854,1002.55206,-0.759,-0.120,1.787,0.024517,-0.084350,-0.030220,-0.995676,img_701.jpg
76383,1280,720,636.74744,340.8734,1001.24854,1002.55206,-0.748,-0.122,1.780,0.025651,-0.087200,-0.029696,-0.995418,img_702.jpg,marker_12.jpg,0.26156747,0.26156747,-0.828,-0.293,1.038,-0.710765,-0.045703,0.025073,0.025073
76459,1280,720,636.74744,340.8734,1001.24854,1002.55206,-0.737,-0.126,1.771,0.026262,-0.087988,-0.029147,-0.995349,img_703.jpg
76545,1280,720,636.74744,340.8734,1001.24854,1002.55206,-0.731,-0.128,1.766,0.028923,-0.088803,-0.025812,-0.995295,img_704.jpg
76625,1280,720,636.74744,340.8734,1001.24854,1002.55206,-0.724,-0.132,1.759,0.039280,-0.086787,-0.022107,-0.995207,img_705.jpg
76712,1280,720,636.74744,340.8734,1001.24854,1002.55206,-0.718,-0.133,1.755,0.048343,-0.093718,-0.013570,-0.994332,img_706.jpg
76793,1280,720,636.74744,340.8734,1001.24854,1002.55206,-0.714,-0.134,1.753,0.048468,-0.090220,-0.018952,-0.994561,img_707.jpg
76879,1280,720,636.74744,340.8734,1001.24854,1002.55206,-0.711,-0.134,1.750,0.056254,-0.086778,-0.019956,-0.994438,img_708.jpg
76953,1280,720,636.74744,340.8734,1001.24854,1002.55206,-0.706,-0.132,1.748,0.056310,-0.076518,-0.012474,-0.995399,img_709.jpg
77046,1280,720,636.74744,340.8734,1001.24854,1002.55206,-0.703,-0.133,1.747,0.061199,-0.078306,-0.016485,-0.994913,img_710.jpg,marker_12.jpg,0.2622572,0.2622572,-0.827,-0.293,1.038,-0.704229,-0.052373,0.033797,0.033797
77121,1280,720,636.74744,340.8734,1001.24854,1002.55206,-0.700,-0.132,1.749,0.061941,-0.082778,-0.022273,-0.994392,img_711.jpg
77209,1280,720,636.74744,340.8734,1001.24854,1002.55206,-0.697,-0.132,1.750,0.060750,-0.083261,-0.024571,-0.994371,img_712.jpg
77285,1280,720,636.74744,340.8734,1001.24854,1002.55206,-0.694,-0.130,1.752,0.059296,-0.081172,-0.025932,-0.994597,img_713.jpg
77380,1280,720,636.74744,340.8734,1001.24854,1002.55206,-0.692,-0.130,1.751,0.059889,-0.080700,-0.024833,-0.994628,img_714.jpg
77457,1280,720,636.74744,340.8734,1001.24854,1002.55206,-0.688,-0.131,1.751,0.061230,-0.078530,-0.023333,-0.994756,img_715.jpg
77547,1280,720,636.74744,340.8734,1001.24854,1002.55206,-0.687,-0.130,1.751,0.058733,-0.079479,-0.023041,-0.994838,img_716.jpg,marker_12.jpg,0.26219192,0.26219192,-0.828,-0.293,1.035,-0.706306,-0.057588,0.039146,0.039146
77624,1280,720,636.74744,340.8734,1001.24854,1002.55206,-0.683,-0.129,1.752,0.055063,-0.081743,-0.018970,-0.994950,img_717.jpg
77714,1280,720,636.74744,340.8734,1001.24854,1002.55206,-0.680,-0.128,1.751,0.054153,-0.086440,-0.015739,-0.994660,img_718.jpg
