time,sizeX,sizeY,p_x,p_y,f_x,f_y,pos_X,pos_Y,pos_Z,q_x,q_y,q_z,q_w,marker_ID,marker_x,marker_y,marker_z,marker_qx,marker_qy,marker_qz,marker_qw,marker_ID,marker_x,marker_y,marker_z,marker_qx,marker_qy,marker_qz,marker_qw,marker_ID,marker_x,marker_y,marker_z,marker_qx,marker_qy,marker_qz,marker_qw,
18302,1280,720,636.0204,341.0984,1003.9038,1005.69714,0.164,-0.165,0.997,0.077497,0.019638,-0.014015,-0.996701,img_1.jpg
18425,1280,720,636.0204,341.0984,1003.9038,1005.69714,0.168,-0.163,0.998,0.077878,0.018660,-0.012725,-0.996707,img_2.jpg
18546,1280,720,636.0204,341.0984,1003.9038,1005.69714,0.170,-0.161,1.000,0.067306,0.028436,-0.013643,-0.997234,img_3.jpg
18662,1280,720,636.0204,341.0984,1003.9038,1005.69714,0.174,-0.160,0.999,0.068640,0.030665,-0.018649,-0.996996,img_4.jpg,marker_1.jpg,0.26316932,0.26316932,0.167,-0.183,0.430,-0.718226,-0.009207,0.004942,0.004942
18776,1280,720,636.0204,341.0984,1003.9038,1005.69714,0.178,-0.158,1.003,0.061771,0.024600,-0.017098,-0.997641,img_5.jpg
18895,1280,720,636.0204,341.0984,1003.9038,1005.69714,0.183,-0.157,1.009,0.054673,0.018462,-0.014563,-0.998227,img_6.jpg
18999,1280,720,636.0204,341.0984,1003.9038,1005.69714,0.191,-0.153,1.014,0.053557,0.010683,-0.013192,-0.998421,img_7.jpg
19109,1280,720,636.0204,341.0984,1003.9038,1005.69714,0.197,-0.151,1.019,0.051017,0.003782,-0.013229,-0.998603,img_8.jpg
19226,1280,720,636.0204,341.0984,1003.9038,1005.69714,0.202,-0.149,1.024,0.047716,-0.003347,-0.012995,-0.998771,img_9.jpg,marker_1.jpg,0.2630111,0.2630111,0.167,-0.184,0.427,-0.721276,0.018288,-0.020969,-0.020969
19326,1280,720,636.0204,341.0984,1003.9038,1005.69714,0.208,-0.146,1.030,0.045888,-0.013468,-0.012442,-0.998778,img_10.jpg
19432,1280,720,636.0204,341.0984,1003.9038,1005.69714,0.216,-0.144,1.043,0.044081,-0.021600,-0.011124,-0.998733,img_11.jpg
19544,1280,720,636.0204,341.0984,1003.9038,1005.69714,0.223,-0.142,1.057,0.041160,-0.024667,-0.007511,-0.998820,img_12.jpg
19641,1280,720,636.0204,341.0984,1003.9038,1005.69714,0.229,-0.143,1.073,0.041722,-0.024006,-0.009577,-0.998795,img_13.jpg
19747,1280,720,636.0204,341.0984,1003.9038,1005.69714,0.239,-0.141,1.093,0.036760,-0.024093,-0.009729,-0.998986,img_14.jpg
19861,1280,720,636.0204,341.0984,1003.9038,1005.69714,0.249,-0.140,1.114,0.033442,-0.022515,-0.014661,-0.999079,img_15.jpg,marker_1.jpg,0.26491573,0.26491573,0.167,-0.184,0.425,-0.715919,0.022990,-0.026500,-0.026500
19968,1280,720,636.0204,341.0984,1003.9038,1005.69714,0.262,-0.141,1.144,0.029264,-0.020184,-0.026375,-0.999020,img_16.jpg
20077,1280,720,636.0204,341.0984,1003.9038,1005.69714,0.275,-0.142,1.166,0.030342,-0.020077,-0.026169,-0.998995,img_17.jpg
20180,1280,720,636.0204,341.0984,1003.9038,1005.69714,0.289,-0.141,1.190,0.028069,-0.018270,-0.027604,-0.999058,img_18.jpg
20277,1280,720,636.0204,341.0984,1003.9038,1005.69714,0.306,-0.139,1.218,0.023696,-0.014911,-0.025633,-0.999279,img_19.jpg
20394,1280,720,636.0204,341.0984,1003.9038,1005.69714,0.327,-0.138,1.253,0.022731,-0.006630,-0.028549,-0.999312,img_20.jpg,marker_1.jpg,0.26555946,0.26555946,0.166,-0.184,0.425,-0.713828,0.029322,-0.030901,-0.030901
20494,1280,720,636.0204,341.0984,1003.9038,1005.69714,0.338,-0.137,1.270,0.023605,-0.001841,-0.030766,-0.999246,img_21.jpg
20603,1280,720,636.0204,341.0984,1003.9038,1005.69714,0.360,-0.132,1.299,0.021514,0.010434,-0.038454,-0.998974,img_22.jpg
20729,1280,720,636.0204,341.0984,1003.9038,1005.69714,0.384,-0.124,1.323,0.020183,0.020348,-0.043803,-0.998629,img_23.jpg
20845,1280,720,636.0204,341.0984,1003.9038,1005.69714,0.407,-0.118,1.344,0.019802,0.022824,-0.040781,-0.998711,img_24.jpg
20964,1280,720,636.0204,341.0984,1003.9038,1005.69714,0.440,-0.115,1.369,0.016064,0.022389,-0.035120,-0.999003,img_25.jpg
21077,1280,720,636.0204,341.0984,1003.9038,1005.69714,0.468,-0.115,1.386,0.021487,0.019002,-0.026287,-0.999243,img_26.jpg
21171,1280,720,636.0204,341.0984,1003.9038,1005.69714,0.494,-0.115,1.399,0.021797,0.017521,-0.028359,-0.999207,img_27.jpg,marker_1.jpg,0.26305482,0.26305482,0.168,-0.184,0.433,-0.718333,0.030093,-0.030802,-0.030802
21294,1280,720,636.0204,341.0984,1003.9038,1005.69714,0.533,-0.112,1.416,0.020636,0.011372,-0.024760,-0.999416,img_28.jpg
21394,1280,720,636.0204,341.0984,1003.9038,1005.69714,0.563,-0.109,1.431,0.017562,0.005361,-0.023608,-0.999553,img_29.jpg
21510,1280,720,636.0204,341.0984,1003.9038,1005.69714,0.596,-0.105,1.444,0.016040,-0.004692,-0.019026,-0.999679,img_30.jpg
21605,1280,720,636.0204,341.0984,1003.9038,1005.69714,0.628,-0.104,1.458,0.017952,-0.013129,-0.018374,-0.999584,img_31.jpg
21727,1280,720,636.0204,341.0984,1003.9038,1005.69714,0.660,-0.103,1.472,0.017228,-0.017573,-0.019843,-0.999500,img_32.jpg
21824,1280,720,636.0204,341.0984,1003.9038,1005.69714,0.698,-0.100,1.493,0.017290,-0.022075,-0.019403,-0.999418,img_33.jpg
21944,1280,720,636.0204,341.0984,1003.9038,1005.69714,0.724,-0.097,1.505,0.019504,-0.021048,-0.017126,-0.999442,img_34.jpg
22043,1280,720,636.0204,341.0984,1003.9038,1005.69714,0.748,-0.093,1.515,0.017402,-0.016751,-0.013914,-0.999611,img_35.jpg,marker_1.jpg,0.26171356,0.26171356,0.168,-0.183,0.435,-0.718245,0.025009,-0.025391,-0.025391
22144,1280,720,636.0204,341.0984,1003.9038,1005.69714,0.773,-0.092,1.523,0.017204,-0.011996,-0.007840,-0.999749,img_36.jpg
22249,1280,720,636.0204,341.0984,1003.9038,1005.69714,0.798,-0.096,1.534,0.000904,0.006094,-0.011479,-0.999915,img_37.jpg
22347,1280,720,636.0204,341.0984,1003.9038,1005.69714,0.824,-0.101,1.540,0.007146,0.018852,-0.013703,-0.999703,img_38.jpg
22448,1280,720,636.0204,341.0984,1003.9038,1005.69714,0.852,-0.108,1.537,0.024899,0.028066,-0.010904,-0.999236,img_39.jpg
22546,1280,720,636.0204,341.0984,1003.9038,1005.69714,0.887,-0.112,1.534,0.031710,0.034136,0.005172,-0.998901,img_40.jpg
22651,1280,720,636.0204,341.0984,1003.9038,1005.69714,0.921,-0.113,1.528,0.038485,0.038836,0.011317,-0.998440,img_41.jpg
22752,1280,720,636.0204,341.0984,1003.9038,1005.69714,0.950,-0.109,1.516,0.039985,0.044042,0.011935,-0.998158,img_42.jpg
22859,1280,720,636.0204,341.0984,1003.9038,1005.69714,0.987,-0.105,1.501,0.051175,0.049532,0.005884,-0.997443,img_43.jpg
22971,1280,720,636.0204,341.0984,1003.9038,1005.69714,1.016,-0.103,1.491,0.059758,0.054680,0.007290,-0.996688,img_44.jpg
23078,1280,720,636.0204,341.0984,1003.9038,1005.69714,1.040,-0.103,1.479,0.075629,0.067654,0.009561,-0.994792,img_45.jpg
23178,1280,720,636.0204,341.0984,1003.9038,1005.69714,1.063,-0.104,1.476,0.082904,0.074846,0.011213,-0.993680,img_46.jpg
23283,1280,720,636.0204,341.0984,1003.9038,1005.69714,1.089,-0.102,1.473,0.085095,0.084537,0.014773,-0.992670,img_47.jpg
23388,1280,720,636.0204,341.0984,1003.9038,1005.69714,1.118,-0.098,1.477,0.076532,0.088178,0.021658,-0.992924,img_48.jpg
23512,1280,720,636.0204,341.0984,1003.9038,1005.69714,1.161,-0.098,1.480,0.073910,0.089876,0.019085,-0.993023,img_49.jpg
23617,1280,720,636.0204,341.0984,1003.9038,1005.69714,1.199,-0.099,1.486,0.073142,0.082710,0.020975,-0.993665,img_50.jpg
23726,1280,720,636.0204,341.0984,1003.9038,1005.69714,1.238,-0.098,1.496,0.070850,0.073579,0.018703,-0.994594,img_51.jpg
23879,1280,720,636.0204,341.0984,1003.9038,1005.69714,1.308,-0.094,1.517,0.070555,0.063912,0.018675,-0.995283,img_52.jpg
23969,1280,720,636.0204,341.0984,1003.9038,1005.69714,1.347,-0.094,1.529,0.072951,0.060753,0.015305,-0.995366,img_53.jpg
24077,1280,720,636.0204,341.0984,1003.9038,1005.69714,1.382,-0.094,1.538,0.076026,0.060305,0.013766,-0.995185,img_54.jpg
24168,1280,720,636.0204,341.0984,1003.9038,1005.69714,1.414,-0.094,1.544,0.078943,0.064101,0.014290,-0.994713,img_55.jpg
24277,1280,720,636.0204,341.0984,1003.9038,1005.69714,1.443,-0.096,1.547,0.079805,0.072794,0.011023,-0.994088,img_56.jpg
24367,1280,720,636.0204,341.0984,1003.9038,1005.69714,1.470,-0.095,1.549,0.077819,0.083354,0.015427,-0.993357,img_57.jpg
24461,1280,720,636.0204,341.0984,1003.9038,1005.69714,1.495,-0.095,1.546,0.078447,0.096800,0.018889,-0.992028,img_58.jpg
24562,1280,720,636.0204,341.0984,1003.9038,1005.69714,1.519,-0.095,1.541,0.078626,0.115270,0.019662,-0.990022,img_59.jpg
24661,1280,720,636.0204,341.0984,1003.9038,1005.69714,1.546,-0.095,1.535,0.080036,0.129822,0.022484,-0.988046,img_60.jpg
24762,1280,720,636.0204,341.0984,1003.9038,1005.69714,1.575,-0.095,1.526,0.076867,0.151850,0.017150,-0.985261,img_61.jpg
24861,1280,720,636.0204,341.0984,1003.9038,1005.69714,1.603,-0.095,1.510,0.081802,0.166984,0.019833,-0.982360,img_62.jpg
24962,1280,720,636.0204,341.0984,1003.9038,1005.69714,1.630,-0.096,1.489,0.087117,0.182256,0.018687,-0.979206,img_63.jpg
25078,1280,720,636.0204,341.0984,1003.9038,1005.69714,1.655,-0.098,1.469,0.088463,0.197777,0.021773,-0.976004,img_64.jpg
25174,1280,720,636.0204,341.0984,1003.9038,1005.69714,1.679,-0.101,1.450,0.090929,0.214661,0.030452,-0.971970,img_65.jpg
25296,1280,720,636.0204,341.0984,1003.9038,1005.69714,1.710,-0.104,1.424,0.090112,0.243200,0.032794,-0.965225,img_66.jpg
25397,1280,720,636.0204,341.0984,1003.9038,1005.69714,1.732,-0.104,1.409,0.089937,0.263019,0.033705,-0.959998,img_67.jpg
25514,1280,720,636.0204,341.0984,1003.9038,1005.69714,1.756,-0.103,1.396,0.088048,0.286172,0.032221,-0.953580,img_68.jpg
25608,1280,720,636.0204,341.0984,1003.9038,1005.69714,1.783,-0.100,1.386,0.081691,0.306088,0.028068,-0.948077,img_69.jpg
25729,1280,720,636.0204,341.0984,1003.9038,1005.69714,1.828,-0.101,1.377,0.078287,0.336517,0.038120,-0.937643,img_70.jpg
25831,1280,720,636.0204,341.0984,1003.9038,1005.69714,1.864,-0.104,1.367,0.077230,0.349396,0.046730,-0.932617,img_71.jpg
25946,1280,720,636.0204,341.0984,1003.9038,1005.69714,1.899,-0.105,1.361,0.075933,0.360839,0.046306,-0.928378,img_72.jpg
26051,1280,720,636.0204,341.0984,1003.9038,1005.69714,1.930,-0.102,1.357,0.071400,0.366565,0.043494,-0.926629,img_73.jpg
26148,1280,720,636.0204,341.0984,1003.9038,1005.69714,1.962,-0.099,1.355,0.067867,0.375419,0.040905,-0.923462,img_74.jpg
26257,1280,720,636.0204,341.0984,1003.9038,1005.69714,1.996,-0.099,1.354,0.068390,0.385446,0.042496,-0.919211,img_75.jpg
26352,1280,720,636.0204,341.0984,1003.9038,1005.69714,2.026,-0.101,1.353,0.070956,0.392438,0.041728,-0.916088,img_76.jpg
26459,1280,720,636.0204,341.0984,1003.9038,1005.69714,2.059,-0.102,1.351,0.073242,0.403116,0.043429,-0.911179,img_77.jpg
26563,1280,720,636.0204,341.0984,1003.9038,1005.69714,2.082,-0.104,1.350,0.076845,0.413072,0.051151,-0.906008,img_78.jpg
26681,1280,720,636.0204,341.0984,1003.9038,1005.69714,2.100,-0.105,1.344,0.075937,0.426425,0.044237,-0.900243,img_79.jpg
26773,1280,720,636.0204,341.0984,1003.9038,1005.69714,2.120,-0.106,1.336,0.079260,0.439693,0.046637,-0.893427,img_80.jpg
26880,1280,720,636.0204,341.0984,1003.9038,1005.69714,2.138,-0.106,1.329,0.080931,0.455869,0.049994,-0.884949,img_81.jpg
26981,1280,720,636.0204,341.0984,1003.9038,1005.69714,2.155,-0.106,1.320,0.079800,0.475475,0.049319,-0.874713,img_82.jpg
27083,1280,720,636.0204,341.0984,1003.9038,1005.69714,2.172,-0.104,1.310,0.080045,0.493721,0.051892,-0.864372,img_83.jpg
27177,1280,720,636.0204,341.0984,1003.9038,1005.69714,2.187,-0.103,1.298,0.077890,0.511234,0.049406,-0.854478,img_84.jpg
27299,1280,720,636.0204,341.0984,1003.9038,1005.69714,2.207,-0.098,1.282,0.075731,0.530401,0.051826,-0.842766,img_85.jpg
27397,1280,720,636.0204,341.0984,1003.9038,1005.69714,2.221,-0.092,1.272,0.070537,0.544618,0.051450,-0.834128,img_86.jpg
27513,1280,720,636.0204,341.0984,1003.9038,1005.69714,2.238,-0.088,1.260,0.068623,0.560249,0.050950,-0.823903,img_87.jpg
27611,1280,720,636.0204,341.0984,1003.9038,1005.69714,2.255,-0.087,1.248,0.068106,0.574366,0.050760,-0.814180,img_88.jpg
27730,1280,720,636.0204,341.0984,1003.9038,1005.69714,2.275,-0.090,1.230,0.071929,0.588469,0.053164,-0.803557,img_89.jpg
27833,1280,720,636.0204,341.0984,1003.9038,1005.69714,2.286,-0.093,1.217,0.074456,0.591347,0.052363,-0.801264,img_90.jpg
27947,1280,720,636.0204,341.0984,1003.9038,1005.69714,2.297,-0.095,1.204,0.074550,0.596936,0.056731,-0.796801,img_91.jpg
28046,1280,720,636.0204,341.0984,1003.9038,1005.69714,2.302,-0.095,1.196,0.073080,0.598376,0.058124,-0.795755,img_92.jpg
28147,1280,720,636.0204,341.0984,1003.9038,1005.69714,2.305,-0.095,1.190,0.072844,0.597745,0.061565,-0.795993,img_93.jpg
28246,1280,720,636.0204,341.0984,1003.9038,1005.69714,2.307,-0.095,1.185,0.076215,0.596775,0.064394,-0.796181,img_94.jpg
28347,1280,720,636.0204,341.0984,1003.9038,1005.69714,2.309,-0.098,1.183,0.078364,0.597306,0.065136,-0.795514,img_95.jpg
28446,1280,720,636.0204,341.0984,1003.9038,1005.69714,2.310,-0.100,1.183,0.080436,0.598411,0.068393,-0.794202,img_96.jpg
28536,1280,720,636.0204,341.0984,1003.9038,1005.69714,2.310,-0.103,1.185,0.083079,0.603632,0.071189,-0.789720,img_97.jpg
28633,1280,720,636.0204,341.0984,1003.9038,1005.69714,2.310,-0.105,1.192,0.084240,0.607622,0.071449,-0.786508,img_98.jpg
28721,1280,720,636.0204,341.0984,1003.9038,1005.69714,2.309,-0.104,1.205,0.080754,0.611349,0.069780,-0.784131,img_99.jpg
28815,1280,720,636.0204,341.0984,1003.9038,1005.69714,2.309,-0.103,1.224,0.078624,0.613050,0.074432,-0.782590,img_100.jpg
28914,1280,720,636.0204,341.0984,1003.9038,1005.69714,2.309,-0.103,1.245,0.074602,0.617229,0.072486,-0.779877,img_101.jpg
29018,1280,720,636.0204,341.0984,1003.9038,1005.69714,2.311,-0.104,1.261,0.071974,0.621813,0.072093,-0.776512,img_102.jpg
29124,1280,720,636.0204,341.0984,1003.9038,1005.69714,2.315,-0.105,1.298,0.066661,0.631797,0.073056,-0.768799,img_103.jpg
29232,1280,720,636.0204,341.0984,1003.9038,1005.69714,2.315,-0.103,1.328,0.061319,0.639313,0.072008,-0.763108,img_104.jpg
29349,1280,720,636.0204,341.0984,1003.9038,1005.69714,2.315,-0.099,1.358,0.054633,0.646521,0.065503,-0.758113,img_105.jpg
29452,1280,720,636.0204,341.0984,1003.9038,1005.69714,2.315,-0.092,1.399,0.046760,0.655676,0.058416,-0.751326,img_106.jpg
29565,1280,720,636.0204,341.0984,1003.9038,1005.69714,2.316,-0.087,1.428,0.042861,0.661472,0.052295,-0.746916,img_107.jpg
29665,1280,720,636.0204,341.0984,1003.9038,1005.69714,2.318,-0.083,1.455,0.041723,0.663797,0.049137,-0.745130,img_108.jpg
29782,1280,720,636.0204,341.0984,1003.9038,1005.69714,2.323,-0.077,1.490,0.040349,0.665853,0.045491,-0.743601,img_109.jpg
29899,1280,720,636.0204,341.0984,1003.9038,1005.69714,2.322,-0.071,1.515,0.038322,0.667857,0.042687,-0.742075,img_110.jpg
30001,1280,720,636.0204,341.0984,1003.9038,1005.69714,2.320,-0.066,1.542,0.034281,0.670531,0.042210,-0.739886,img_111.jpg
30116,1280,720,636.0204,341.0984,1003.9038,1005.69714,2.320,-0.066,1.572,0.037499,0.678761,0.042436,-0.732173,img_112.jpg
30236,1280,720,636.0204,341.0984,1003.9038,1005.69714,2.320,-0.070,1.593,0.040145,0.682796,0.050880,-0.727728,img_113.jpg
30350,1280,720,636.0204,341.0984,1003.9038,1005.69714,2.321,-0.075,1.619,0.040845,0.690262,0.055678,-0.720257,img_114.jpg
30466,1280,720,636.0204,341.0984,1003.9038,1005.69714,2.327,-0.081,1.642,0.043038,0.703731,0.055507,-0.706986,img_115.jpg
30584,1280,720,636.0204,341.0984,1003.9038,1005.69714,2.338,-0.088,1.668,0.048835,0.711716,0.059024,-0.698278,img_116.jpg
30691,1280,720,636.0204,341.0984,1003.9038,1005.69714,2.359,-0.095,1.705,0.051290,0.722625,0.063068,-0.686444,img_117.jpg
30800,1280,720,636.0204,341.0984,1003.9038,1005.69714,2.375,-0.095,1.736,0.053622,0.730776,0.059058,-0.677940,img_118.jpg
30919,1280,720,636.0204,341.0984,1003.9038,1005.69714,2.388,-0.090,1.767,0.049098,0.737227,0.053383,-0.671741,img_119.jpg
31027,1280,720,636.0204,341.0984,1003.9038,1005.69714,2.402,-0.082,1.803,0.039423,0.747100,0.057427,-0.661052,img_120.jpg
31150,1280,720,636.0204,341.0984,1003.9038,1005.69714,2.411,-0.078,1.834,0.033577,0.755369,0.056074,-0.652033,img_121.jpg
31266,1280,720,636.0204,341.0984,1003.9038,1005.69714,2.416,-0.077,1.858,0.032204,0.760902,0.056744,-0.645578,img_122.jpg
31384,1280,720,636.0204,341.0984,1003.9038,1005.69714,2.419,-0.078,1.886,0.028478,0.765045,0.059692,-0.640571,img_123.jpg
31489,1280,720,636.0204,341.0984,1003.9038,1005.69714,2.419,-0.081,1.925,0.025129,0.767120,0.059788,-0.638217,img_124.jpg
31600,1280,720,636.0204,341.0984,1003.9038,1005.69714,2.417,-0.084,1.960,0.022708,0.764950,0.061987,-0.640698,img_125.jpg
31701,1280,720,636.0204,341.0984,1003.9038,1005.69714,2.410,-0.089,1.997,0.025478,0.759985,0.062867,-0.646392,img_126.jpg
31802,1280,720,636.0204,341.0984,1003.9038,1005.69714,2.398,-0.093,2.039,0.025265,0.753184,0.064594,-0.654143,img_127.jpg
31907,1280,720,636.0204,341.0984,1003.9038,1005.69714,2.386,-0.098,2.080,0.031630,0.748453,0.067228,-0.659013,img_128.jpg
32008,1280,720,636.0204,341.0984,1003.9038,1005.69714,2.370,-0.100,2.123,0.035089,0.746177,0.066507,-0.661488,img_129.jpg
32113,1280,720,636.0204,341.0984,1003.9038,1005.69714,2.355,-0.100,2.164,0.035787,0.741356,0.073244,-0.666143,img_130.jpg
32234,1280,720,636.0204,341.0984,1003.9038,1005.69714,2.334,-0.102,2.212,0.037285,0.744040,0.068298,-0.663588,img_131.jpg
32350,1280,720,636.0204,341.0984,1003.9038,1005.69714,2.321,-0.105,2.258,0.034459,0.748476,0.074769,-0.658031,img_132.jpg
32466,1280,720,636.0204,341.0984,1003.9038,1005.69714,2.315,-0.105,2.288,0.034836,0.752544,0.073189,-0.653535,img_133.jpg
32563,1280,720,636.0204,341.0984,1003.9038,1005.69714,2.314,-0.106,2.317,0.034143,0.755440,0.074039,-0.650125,img_134.jpg
32683,1280,720,636.0204,341.0984,1003.9038,1005.69714,2.317,-0.110,2.349,0.034631,0.760636,0.079833,-0.643320,img_135.jpg
32781,1280,720,636.0204,341.0984,1003.9038,1005.69714,2.325,-0.114,2.394,0.043211,0.778255,0.069542,-0.622588,img_136.jpg
32900,1280,720,636.0204,341.0984,1003.9038,1005.69714,2.338,-0.118,2.435,0.043647,0.779804,0.071469,-0.620398,img_137.jpg
32990,1280,720,636.0204,341.0984,1003.9038,1005.69714,2.353,-0.117,2.473,0.046712,0.781217,0.065899,-0.619012,img_138.jpg
33100,1280,720,636.0204,341.0984,1003.9038,1005.69714,2.367,-0.116,2.512,0.047226,0.782617,0.065938,-0.617198,img_139.jpg
33189,1280,720,636.0204,341.0984,1003.9038,1005.69714,2.381,-0.114,2.550,0.049413,0.790866,0.064581,-0.606562,img_140.jpg
33300,1280,720,636.0204,341.0984,1003.9038,1005.69714,2.391,-0.111,2.589,0.041966,0.797309,0.061217,-0.598991,img_141.jpg
33388,1280,720,636.0204,341.0984,1003.9038,1005.69714,2.403,-0.111,2.625,0.039496,0.801465,0.066625,-0.593005,img_142.jpg
33501,1280,720,636.0204,341.0984,1003.9038,1005.69714,2.412,-0.110,2.660,0.034541,0.803743,0.063303,-0.590591,img_143.jpg
33590,1280,720,636.0204,341.0984,1003.9038,1005.69714,2.421,-0.112,2.699,0.028372,0.803140,0.069377,-0.591057,img_144.jpg
33702,1280,720,636.0204,341.0984,1003.9038,1005.69714,2.425,-0.115,2.738,0.024734,0.800709,0.072789,-0.594101,img_145.jpg
33788,1280,720,636.0204,341.0984,1003.9038,1005.69714,2.425,-0.118,2.780,0.023695,0.798222,0.069590,-0.597861,img_146.jpg
33900,1280,720,636.0204,341.0984,1003.9038,1005.69714,2.421,-0.120,2.827,0.022016,0.793602,0.067570,-0.604273,img_147.jpg
33994,1280,720,636.0204,341.0984,1003.9038,1005.69714,2.418,-0.120,2.872,0.027802,0.787701,0.067059,-0.611765,img_148.jpg
34119,1280,720,636.0204,341.0984,1003.9038,1005.69714,2.410,-0.117,2.931,0.034718,0.779565,0.065561,-0.621912,img_149.jpg
34236,1280,720,636.0204,341.0984,1003.9038,1005.69714,2.403,-0.117,2.974,0.039662,0.777463,0.060152,-0.624788,img_150.jpg
34335,1280,720,636.0204,341.0984,1003.9038,1005.69714,2.396,-0.120,3.015,0.043446,0.771601,0.064520,-0.631333,img_151.jpg
34444,1280,720,636.0204,341.0984,1003.9038,1005.69714,2.389,-0.124,3.048,0.047486,0.770411,0.062930,-0.632655,img_152.jpg
34555,1280,720,636.0204,341.0984,1003.9038,1005.69714,2.386,-0.127,3.098,0.043363,0.770161,0.074418,-0.632008,img_153.jpg
34667,1280,720,636.0204,341.0984,1003.9038,1005.69714,2.386,-0.130,3.136,0.039064,0.771206,0.075186,-0.630921,img_154.jpg
34768,1280,720,636.0204,341.0984,1003.9038,1005.69714,2.391,-0.135,3.176,0.034230,0.773258,0.080457,-0.628035,img_155.jpg
34865,1280,720,636.0204,341.0984,1003.9038,1005.69714,2.401,-0.143,3.215,0.035740,0.774019,0.080501,-0.627007,img_156.jpg
34963,1280,720,636.0204,341.0984,1003.9038,1005.69714,2.410,-0.145,3.255,0.034617,0.773543,0.074562,-0.628390,img_157.jpg
35068,1280,720,636.0204,341.0984,1003.9038,1005.69714,2.419,-0.141,3.294,0.039529,0.772432,0.073276,-0.629616,img_158.jpg
35166,1280,720,636.0204,341.0984,1003.9038,1005.69714,2.426,-0.136,3.332,0.042421,0.773409,0.079049,-0.627527,img_159.jpg
35265,1280,720,636.0204,341.0984,1003.9038,1005.69714,2.429,-0.134,3.369,0.034173,0.780245,0.076439,-0.619845,img_160.jpg
35368,1280,720,636.0204,341.0984,1003.9038,1005.69714,2.436,-0.135,3.406,0.033452,0.781604,0.082813,-0.617348,img_161.jpg
35477,1280,720,636.0204,341.0984,1003.9038,1005.69714,2.441,-0.138,3.455,0.038524,0.788488,0.077151,-0.608975,img_162.jpg
35586,1280,720,636.0204,341.0984,1003.9038,1005.69714,2.443,-0.140,3.498,0.036040,0.784256,0.080796,-0.614097,img_163.jpg
35701,1280,720,636.0204,341.0984,1003.9038,1005.69714,2.440,-0.142,3.541,0.033047,0.779286,0.081094,-0.620520,img_164.jpg
35804,1280,720,636.0204,341.0984,1003.9038,1005.69714,2.433,-0.143,3.583,0.034055,0.772786,0.076549,-0.629113,img_165.jpg
35914,1280,720,636.0204,341.0984,1003.9038,1005.69714,2.421,-0.138,3.641,0.031930,0.763500,0.076567,-0.640457,img_166.jpg
36039,1280,720,636.0204,341.0984,1003.9038,1005.69714,2.409,-0.135,3.683,0.034520,0.756321,0.075708,-0.648888,img_167.jpg
36143,1280,720,636.0204,341.0984,1003.9038,1005.69714,2.395,-0.135,3.723,0.036750,0.749468,0.077699,-0.656437,img_168.jpg,marker_4.jpg,0.26268375,0.26268375,3.412,-0.207,3.994,-0.498314,0.512377,-0.495552,-0.495552
36249,1280,720,636.0204,341.0984,1003.9038,1005.69714,2.374,-0.138,3.774,0.036143,0.743341,0.084243,-0.662602,img_169.jpg
36369,1280,720,636.0204,341.0984,1003.9038,1005.69714,2.361,-0.141,3.806,0.037347,0.743386,0.082579,-0.662694,img_170.jpg
36479,1280,720,636.0204,341.0984,1003.9038,1005.69714,2.352,-0.144,3.835,0.033823,0.744896,0.089105,-0.660338,img_171.jpg
36580,1280,720,636.0204,341.0984,1003.9038,1005.69714,2.346,-0.145,3.871,0.030113,0.745628,0.091845,-0.659315,img_172.jpg
36702,1280,720,636.0204,341.0984,1003.9038,1005.69714,2.346,-0.147,3.900,0.027663,0.748719,0.092137,-0.655870,img_173.jpg
36794,1280,720,636.0204,341.0984,1003.9038,1005.69714,2.351,-0.151,3.929,0.028252,0.754179,0.093655,-0.649341,img_174.jpg,marker_4.jpg,0.26423326,0.26423326,3.415,-0.208,3.995,-0.498126,0.512791,-0.505518,-0.505518
36902,1280,720,636.0204,341.0984,1003.9038,1005.69714,2.357,-0.154,3.962,0.028635,0.757168,0.091805,-0.646102,img_175.jpg
37005,1280,720,636.0204,341.0984,1003.9038,1005.69714,2.366,-0.158,3.997,0.035527,0.756527,0.090802,-0.646653,img_176.jpg
37109,1280,720,636.0204,341.0984,1003.9038,1005.69714,2.374,-0.158,4.032,0.045075,0.754871,0.080615,-0.649337,img_177.jpg
37212,1280,720,636.0204,341.0984,1003.9038,1005.69714,2.382,-0.156,4.070,0.048452,0.750372,0.082179,-0.654096,img_178.jpg,marker_4.jpg,0.26387396,0.26387396,3.415,-0.207,3.994,-0.500357,0.509975,-0.504697,-0.504697
37342,1280,720,636.0204,341.0984,1003.9038,1005.69714,2.391,-0.152,4.122,0.047899,0.756715,0.081110,-0.646923,img_179.jpg
37446,1280,720,636.0204,341.0984,1003.9038,1005.69714,2.399,-0.151,4.174,0.039404,0.769249,0.084729,-0.632079,img_180.jpg
37553,1280,720,636.0204,341.0984,1003.9038,1005.69714,2.404,-0.152,4.212,0.037038,0.778717,0.082210,-0.620862,img_181.jpg
37669,1280,720,636.0204,341.0984,1003.9038,1005.69714,2.409,-0.155,4.252,0.031024,0.783207,0.090350,-0.614379,img_182.jpg
37769,1280,720,636.0204,341.0984,1003.9038,1005.69714,2.413,-0.159,4.287,0.031963,0.785668,0.090486,-0.611160,img_183.jpg
37873,1280,720,636.0204,341.0984,1003.9038,1005.69714,2.414,-0.164,4.331,0.028489,0.783989,0.096200,-0.612614,img_184.jpg
37970,1280,720,636.0204,341.0984,1003.9038,1005.69714,2.413,-0.165,4.374,0.028223,0.784191,0.091057,-0.613153,img_185.jpg
38066,1280,720,636.0204,341.0984,1003.9038,1005.69714,2.410,-0.163,4.421,0.029379,0.786319,0.088358,-0.610764,img_186.jpg
38158,1280,720,636.0204,341.0984,1003.9038,1005.69714,2.405,-0.159,4.464,0.031838,0.784457,0.086166,-0.613342,img_187.jpg
38269,1280,720,636.0204,341.0984,1003.9038,1005.69714,2.399,-0.156,4.505,0.029289,0.783202,0.085116,-0.615217,img_188.jpg
38357,1280,720,636.0204,341.0984,1003.9038,1005.69714,2.394,-0.155,4.543,0.029876,0.784918,0.084053,-0.613145,img_189.jpg
38467,1280,720,636.0204,341.0984,1003.9038,1005.69714,2.390,-0.156,4.579,0.031135,0.786127,0.086085,-0.611248,img_190.jpg
38556,1280,720,636.0204,341.0984,1003.9038,1005.69714,2.387,-0.160,4.610,0.034347,0.787084,0.086834,-0.609737,img_191.jpg
38667,1280,720,636.0204,341.0984,1003.9038,1005.69714,2.389,-0.162,4.637,0.036798,0.788914,0.087333,-0.607152,img_192.jpg
38756,1280,720,636.0204,341.0984,1003.9038,1005.69714,2.392,-0.164,4.662,0.031120,0.790145,0.092430,-0.605110,img_193.jpg
38869,1280,720,636.0204,341.0984,1003.9038,1005.69714,2.399,-0.167,4.685,0.030916,0.796430,0.092151,-0.596868,img_194.jpg
38957,1280,720,636.0204,341.0984,1003.9038,1005.69714,2.411,-0.171,4.709,0.029163,0.804102,0.098827,-0.585493,img_195.jpg
39067,1280,720,636.0204,341.0984,1003.9038,1005.69714,2.427,-0.175,4.731,0.032960,0.813107,0.103348,-0.571918,img_196.jpg
39160,1280,720,636.0204,341.0984,1003.9038,1005.69714,2.445,-0.177,4.749,0.038292,0.822385,0.099540,-0.558846,img_197.jpg
39267,1280,720,636.0204,341.0984,1003.9038,1005.69714,2.469,-0.178,4.766,0.041451,0.828570,0.102678,-0.548827,img_198.jpg
39370,1280,720,636.0204,341.0984,1003.9038,1005.69714,2.494,-0.174,4.779,0.042115,0.831823,0.098133,-0.544672,img_199.jpg
39476,1280,720,636.0204,341.0984,1003.9038,1005.69714,2.530,-0.171,4.787,0.039741,0.827676,0.100443,-0.550712,img_200.jpg
39586,1280,720,636.0204,341.0984,1003.9038,1005.69714,2.555,-0.168,4.779,0.039740,0.817996,0.089921,-0.566761,img_201.jpg
39703,1280,720,636.0204,341.0984,1003.9038,1005.69714,2.577,-0.166,4.771,0.032937,0.810029,0.085598,-0.579173,img_202.jpg
39804,1280,720,636.0204,341.0984,1003.9038,1005.69714,2.596,-0.167,4.772,0.028173,0.805710,0.088005,-0.585057,img_203.jpg
39921,1280,720,636.0204,341.0984,1003.9038,1005.69714,2.614,-0.175,4.792,0.029294,0.814358,0.101427,-0.570680,img_204.jpg
40040,1280,720,636.0204,341.0984,1003.9038,1005.69714,2.617,-0.183,4.820,0.030473,0.827661,0.112026,-0.549089,img_205.jpg
40137,1280,720,636.0204,341.0984,1003.9038,1005.69714,2.614,-0.192,4.851,0.031225,0.849397,0.120662,-0.512826,img_206.jpg
40239,1280,720,636.0204,341.0984,1003.9038,1005.69714,2.603,-0.197,4.885,0.024969,0.872780,0.126332,-0.470821,img_207.jpg
40335,1280,720,636.0204,341.0984,1003.9038,1005.69714,2.594,-0.205,4.915,0.021309,0.891950,0.133134,-0.431564,img_208.jpg
40457,1280,720,636.0204,341.0984,1003.9038,1005.69714,2.583,-0.218,4.948,0.025893,0.908586,0.145645,-0.390626,img_209.jpg
40570,1280,720,636.0204,341.0984,1003.9038,1005.69714,2.575,-0.223,4.966,0.025941,0.917833,0.154732,-0.364647,img_210.jpg
40673,1280,720,636.0204,341.0984,1003.9038,1005.69714,2.568,-0.232,4.987,0.024801,0.924480,0.169924,-0.340365,img_211.jpg
40768,1280,720,636.0204,341.0984,1003.9038,1005.69714,2.560,-0.240,5.004,0.024590,0.931377,0.181919,-0.314383,img_212.jpg
40887,1280,720,636.0204,341.0984,1003.9038,1005.69714,2.547,-0.250,5.025,0.022490,0.937771,0.201071,-0.282223,img_213.jpg
40987,1280,720,636.0204,341.0984,1003.9038,1005.69714,2.538,-0.255,5.035,0.021138,0.941138,0.210253,-0.263832,img_214.jpg
41103,1280,720,636.0204,341.0984,1003.9038,1005.69714,2.528,-0.261,5.045,0.021065,0.943814,0.217587,-0.247845,img_215.jpg
41204,1280,720,636.0204,341.0984,1003.9038,1005.69714,2.519,-0.268,5.052,0.020810,0.945640,0.224689,-0.234193,img_216.jpg
41329,1280,720,636.0204,341.0984,1003.9038,1005.69714,2.511,-0.278,5.062,0.020186,0.946430,0.237225,-0.218144,img_217.jpg
41440,1280,720,636.0204,341.0984,1003.9038,1005.69714,2.506,-0.286,5.068,0.020808,0.944350,0.254004,-0.207972,img_218.jpg
41538,1280,720,636.0204,341.0984,1003.9038,1005.69714,2.503,-0.296,5.071,0.020330,0.940288,0.273305,-0.201868,img_219.jpg
41650,1280,720,636.0204,341.0984,1003.9038,1005.69714,2.502,-0.308,5.073,0.023684,0.934236,0.297406,-0.195429,img_220.jpg
41754,1280,720,636.0204,341.0984,1003.9038,1005.69714,2.502,-0.317,5.073,0.025357,0.926860,0.322268,-0.190869,img_221.jpg
41872,1280,720,636.0204,341.0984,1003.9038,1005.69714,2.502,-0.325,5.073,0.025023,0.922347,0.338742,-0.184128,img_222.jpg
41971,1280,720,636.0204,341.0984,1003.9038,1005.69714,2.501,-0.331,5.072,0.025095,0.920989,0.347338,-0.174662,img_223.jpg
42088,1280,720,636.0204,341.0984,1003.9038,1005.69714,2.500,-0.338,5.070,0.024256,0.920249,0.356204,-0.160225,img_224.jpg
42206,1280,720,636.0204,341.0984,1003.9038,1005.69714,2.500,-0.340,5.066,-0.023201,-0.921138,-0.358795,0.149105,img_225.jpg
42309,1280,720,636.0204,341.0984,1003.9038,1005.69714,2.501,-0.344,5.059,-0.022897,-0.922048,-0.362695,0.133253,img_226.jpg
42422,1280,720,636.0204,341.0984,1003.9038,1005.69714,2.500,-0.347,5.052,-0.023008,-0.923617,-0.363859,0.118362,img_227.jpg
42538,1280,720,636.0204,341.0984,1003.9038,1005.69714,2.498,-0.349,5.049,-0.021365,-0.923828,-0.367171,0.106161,img_228.jpg
42641,1280,720,636.0204,341.0984,1003.9038,1005.69714,2.489,-0.349,5.048,-0.015797,-0.926705,-0.364013,0.091998,img_229.jpg
42754,1280,720,636.0204,341.0984,1003.9038,1005.69714,2.476,-0.353,5.050,-0.010116,-0.928065,-0.363778,0.079109,img_230.jpg
42870,1280,720,636.0204,341.0984,1003.9038,1005.69714,2.449,-0.360,5.056,-0.000910,-0.927917,-0.368423,0.056870,img_231.jpg
42989,1280,720,636.0204,341.0984,1003.9038,1005.69714,2.425,-0.366,5.060,0.006920,-0.927074,-0.372321,0.043175,img_232.jpg
43079,1280,720,636.0204,341.0984,1003.9038,1005.69714,2.396,-0.368,5.063,0.014665,-0.927378,-0.372553,0.030969,img_233.jpg
43171,1280,720,636.0204,341.0984,1003.9038,1005.69714,2.365,-0.372,5.067,0.022486,-0.926683,-0.374512,0.022220,img_234.jpg
43272,1280,720,636.0204,341.0984,1003.9038,1005.69714,2.335,-0.377,5.071,0.024490,-0.925168,-0.378355,0.017668,img_235.jpg
43372,1280,720,636.0204,341.0984,1003.9038,1005.69714,2.305,-0.380,5.075,0.024015,-0.924188,-0.380900,0.014646,img_236.jpg
43472,1280,720,636.0204,341.0984,1003.9038,1005.69714,2.271,-0.383,5.078,0.024763,-0.922815,-0.384310,0.010257,img_237.jpg
43571,1280,720,636.0204,341.0984,1003.9038,1005.69714,2.246,-0.386,5.081,0.026450,-0.921943,-0.386362,0.006806,img_238.jpg
43666,1280,720,636.0204,341.0984,1003.9038,1005.69714,2.208,-0.388,5.083,0.025387,-0.921832,-0.386738,0.003956,img_239.jpg
43754,1280,720,636.0204,341.0984,1003.9038,1005.69714,2.169,-0.391,5.085,0.022764,-0.921682,-0.387275,0.001292,img_240.jpg
43852,1280,720,636.0204,341.0984,1003.9038,1005.69714,2.130,-0.395,5.088,0.024279,-0.920224,-0.390626,-0.002975,img_241.jpg
43945,1280,720,636.0204,341.0984,1003.9038,1005.69714,2.100,-0.394,5.088,0.025646,-0.921338,-0.387840,-0.007636,img_242.jpg
44053,1280,720,636.0204,341.0984,1003.9038,1005.69714,2.070,-0.392,5.088,0.026003,-0.923302,-0.382859,-0.015988,img_243.jpg
44155,1280,720,636.0204,341.0984,1003.9038,1005.69714,2.045,-0.392,5.089,0.032047,-0.923768,-0.380748,-0.025630,img_244.jpg
44256,1280,720,636.0204,341.0984,1003.9038,1005.69714,2.020,-0.393,5.094,0.035483,-0.924003,-0.378780,-0.038535,img_245.jpg
44372,1280,720,636.0204,341.0984,1003.9038,1005.69714,1.996,-0.394,5.102,0.038669,-0.923852,-0.377169,-0.052405,img_246.jpg
44479,1280,720,636.0204,341.0984,1003.9038,1005.69714,1.970,-0.398,5.119,0.044118,-0.920547,-0.382268,-0.067211,img_247.jpg
44594,1280,720,636.0204,341.0984,1003.9038,1005.69714,1.953,-0.400,5.134,0.046719,-0.917335,-0.388203,-0.074911,img_248.jpg
44706,1280,720,636.0204,341.0984,1003.9038,1005.69714,1.936,-0.405,5.155,0.046852,-0.911238,-0.400383,-0.084525,img_249.jpg
44824,1280,720,636.0204,341.0984,1003.9038,1005.69714,1.916,-0.413,5.188,0.047510,-0.905648,-0.410986,-0.092921,img_250.jpg
44945,1280,720,636.0204,341.0984,1003.9038,1005.69714,1.895,-0.422,5.224,0.040818,-0.900576,-0.417728,-0.113135,img_251.jpg
45056,1280,720,636.0204,341.0984,1003.9038,1005.69714,1.881,-0.426,5.246,0.041666,-0.897633,-0.420892,-0.123973,img_252.jpg
45155,1280,720,636.0204,341.0984,1003.9038,1005.69714,1.867,-0.430,5.266,0.044311,-0.893741,-0.424311,-0.138652,img_253.jpg
45275,1280,720,636.0204,341.0984,1003.9038,1005.69714,1.851,-0.432,5.283,0.047141,-0.890573,-0.423772,-0.158350,img_254.jpg
45389,1280,720,636.0204,341.0984,1003.9038,1005.69714,1.840,-0.431,5.293,0.046280,-0.887632,-0.424586,-0.172319,img_255.jpg
45507,1280,720,636.0204,341.0984,1003.9038,1005.69714,1.825,-0.428,5.301,0.042768,-0.888866,-0.416516,-0.186017,img_256.jpg
45624,1280,720,636.0204,341.0984,1003.9038,1005.69714,1.810,-0.425,5.306,0.044416,-0.891963,-0.406879,-0.192037,img_257.jpg
45741,1280,720,636.0204,341.0984,1003.9038,1005.69714,1.789,-0.417,5.312,0.041938,-0.902500,-0.382179,-0.194099,img_258.jpg
45854,1280,720,636.0204,341.0984,1003.9038,1005.69714,1.771,-0.409,5.318,0.042358,-0.910365,-0.363761,-0.192664,img_259.jpg
45956,1280,720,636.0204,341.0984,1003.9038,1005.69714,1.749,-0.396,5.325,0.037395,-0.920750,-0.339825,-0.187991,img_260.jpg
46074,1280,720,636.0204,341.0984,1003.9038,1005.69714,1.728,-0.384,5.332,0.029913,-0.928919,-0.320792,-0.182503,img_261.jpg
46175,1280,720,636.0204,341.0984,1003.9038,1005.69714,1.693,-0.369,5.346,0.024686,-0.939551,-0.297764,-0.167245,img_262.jpg
46307,1280,720,636.0204,341.0984,1003.9038,1005.69714,1.656,-0.354,5.361,0.015550,-0.951310,-0.271391,-0.145306,img_263.jpg
46426,1280,720,636.0204,341.0984,1003.9038,1005.69714,1.627,-0.345,5.371,0.009995,-0.958047,-0.256676,-0.127135,img_264.jpg
46529,1280,720,636.0204,341.0984,1003.9038,1005.69714,1.598,-0.335,5.379,0.008134,-0.963318,-0.245332,-0.108461,img_265.jpg
46634,1280,720,636.0204,341.0984,1003.9038,1005.69714,1.573,-0.326,5.387,0.005634,-0.967860,-0.234362,-0.091053,img_266.jpg
46733,1280,720,636.0204,341.0984,1003.9038,1005.69714,1.549,-0.319,5.392,0.006383,-0.971292,-0.224871,-0.077360,img_267.jpg
46841,1280,720,636.0204,341.0984,1003.9038,1005.69714,1.525,-0.314,5.403,0.010055,-0.974611,-0.213506,-0.066687,img_268.jpg,marker_6.jpg,0.26585272,0.26585272,1.349,-0.368,6.292,0.005079,-0.746899,0.664887,0.664887
46957,1280,720,636.0204,341.0984,1003.9038,1005.69714,1.514,-0.309,5.409,0.012142,-0.977024,-0.202844,-0.064279,img_269.jpg
47061,1280,720,636.0204,341.0984,1003.9038,1005.69714,1.503,-0.303,5.416,0.009664,-0.979322,-0.190014,-0.068773,img_270.jpg
47162,1280,720,636.0204,341.0984,1003.9038,1005.69714,1.495,-0.296,5.426,0.009555,-0.981467,-0.177844,-0.070730,img_271.jpg
47282,1280,720,636.0204,341.0984,1003.9038,1005.69714,1.489,-0.283,5.439,0.003446,-0.985460,-0.152850,-0.074118,img_272.jpg
47392,1280,720,636.0204,341.0984,1003.9038,1005.69714,1.485,-0.278,5.455,0.000199,-0.987606,-0.138486,-0.073867,img_273.jpg
47496,1280,720,636.0204,341.0984,1003.9038,1005.69714,1.483,-0.272,5.479,-0.004772,-0.988740,-0.130087,-0.073803,img_274.jpg,marker_6.jpg,0.26686916,0.26686916,1.350,-0.368,6.292,0.008231,-0.730900,0.682430,0.682430
47609,1280,720,636.0204,341.0984,1003.9038,1005.69714,1.478,-0.263,5.510,-0.008672,-0.990870,-0.112827,-0.073291,img_275.jpg
47724,1280,720,636.0204,341.0984,1003.9038,1005.69714,1.472,-0.254,5.532,-0.004869,-0.991994,-0.102601,-0.073461,img_276.jpg
47842,1280,720,636.0204,341.0984,1003.9038,1005.69714,1.466,-0.244,5.553,-0.003098,-0.993530,-0.086936,-0.073006,img_277.jpg
47941,1280,720,636.0204,341.0984,1003.9038,1005.69714,1.460,-0.235,5.562,0.000641,-0.994548,-0.076433,-0.070937,img_278.jpg
48055,1280,720,636.0204,341.0984,1003.9038,1005.69714,1.451,-0.228,5.571,-0.003203,-0.995693,-0.063687,-0.067304,img_279.jpg,marker_6.jpg,0.2648333,0.2648333,1.350,-0.366,6.289,0.002148,-0.705931,0.708277,0.708277
48142,1280,720,636.0204,341.0984,1003.9038,1005.69714,1.438,-0.221,5.578,-0.004052,-0.996672,-0.054474,-0.060500,img_280.jpg
48240,1280,720,636.0204,341.0984,1003.9038,1005.69714,1.422,-0.213,5.584,-0.000724,-0.997611,-0.047503,-0.050150,img_281.jpg
48343,1280,720,636.0204,341.0984,1003.9038,1005.69714,1.406,-0.207,5.588,-0.000464,-0.998363,-0.041495,-0.039355,img_282.jpg
48441,1280,720,636.0204,341.0984,1003.9038,1005.69714,1.389,-0.203,5.590,-0.001893,-0.998794,-0.040169,-0.028172,img_283.jpg
48540,1280,720,636.0204,341.0984,1003.9038,1005.69714,1.371,-0.202,5.592,-0.005589,-0.998987,-0.041450,-0.016603,img_284.jpg
48642,1280,720,636.0204,341.0984,1003.9038,1005.69714,1.353,-0.201,5.592,-0.004914,-0.999141,-0.040653,-0.006443,img_285.jpg,marker_6.jpg,0.26489562,0.26489562,1.350,-0.367,6.291,0.003188,-0.724984,0.688734,0.688734
48740,1280,720,636.0204,341.0984,1003.9038,1005.69714,1.337,-0.200,5.592,-0.005283,-0.999264,-0.037666,0.004954,img_286.jpg
48841,1280,720,636.0204,341.0984,1003.9038,1005.69714,1.322,-0.198,5.590,-0.004054,-0.999124,-0.037178,0.018768,img_287.jpg
48940,1280,720,636.0204,341.0984,1003.9038,1005.69714,1.309,-0.196,5.587,-0.004368,-0.998892,-0.035531,0.030560,img_288.jpg
49040,1280,720,636.0204,341.0984,1003.9038,1005.69714,1.302,-0.196,5.582,-0.005943,-0.998780,-0.033081,0.036178,img_289.jpg
49138,1280,720,636.0204,341.0984,1003.9038,1005.69714,1.289,-0.196,5.570,-0.001356,-0.998564,-0.033204,0.042025,img_290.jpg
49258,1280,720,636.0204,341.0984,1003.9038,1005.69714,1.284,-0.200,5.559,-0.002602,-0.998267,-0.039992,0.043088,img_291.jpg
49375,1280,720,636.0204,341.0984,1003.9038,1005.69714,1.280,-0.203,5.536,-0.003193,-0.998115,-0.042213,0.044427,img_292.jpg,marker_6.jpg,0.2665104,0.2665104,1.350,-0.368,6.297,-0.004946,-0.724293,0.689363,0.689363
49489,1280,720,636.0204,341.0984,1003.9038,1005.69714,1.279,-0.204,5.514,-0.005802,-0.998045,-0.043815,0.044194,img_293.jpg
49596,1280,720,636.0204,341.0984,1003.9038,1005.69714,1.275,-0.205,5.488,-0.007308,-0.997931,-0.047703,0.042481,img_294.jpg
49710,1280,720,636.0204,341.0984,1003.9038,1005.69714,1.272,-0.209,5.451,-0.009930,-0.997825,-0.050803,0.040805,img_295.jpg
49844,1280,720,636.0204,341.0984,1003.9038,1005.69714,1.268,-0.210,5.409,-0.005551,-0.997568,-0.052768,0.045201,img_296.jpg,marker_6.jpg,0.26642308,0.26642308,1.351,-0.367,6.295,-0.003872,-0.726400,0.687153,0.687153
49958,1280,720,636.0204,341.0984,1003.9038,1005.69714,1.265,-0.215,5.381,-0.005979,-0.996819,-0.065620,0.044838,img_297.jpg
50075,1280,720,636.0204,341.0984,1003.9038,1005.69714,1.256,-0.224,5.351,-0.001528,-0.994956,-0.092165,0.039578,img_298.jpg
50176,1280,720,636.0204,341.0984,1003.9038,1005.69714,1.247,-0.232,5.336,-0.006059,-0.993770,-0.107726,0.027934,img_299.jpg
50291,1280,720,636.0204,341.0984,1003.9038,1005.69714,1.234,-0.244,5.327,-0.000029,-0.991931,-0.125955,0.014420,img_300.jpg
50393,1280,720,636.0204,341.0984,1003.9038,1005.69714,1.221,-0.258,5.318,0.002162,-0.989406,-0.145043,0.005820,img_301.jpg
50510,1280,720,636.0204,341.0984,1003.9038,1005.69714,1.207,-0.272,5.311,0.003311,-0.986513,-0.163591,-0.004398,img_302.jpg
50614,1280,720,636.0204,341.0984,1003.9038,1005.69714,1.182,-0.290,5.295,0.003211,-0.982087,-0.187614,-0.017201,img_303.jpg
50725,1280,720,636.0204,341.0984,1003.9038,1005.69714,1.162,-0.304,5.283,0.000642,-0.978874,-0.202922,-0.025044,img_304.jpg
50832,1280,720,636.0204,341.0984,1003.9038,1005.69714,1.139,-0.320,5.275,-0.001608,-0.974816,-0.221120,-0.028938,img_305.jpg
50931,1280,720,636.0204,341.0984,1003.9038,1005.69714,1.113,-0.334,5.272,0.003874,-0.970680,-0.238133,-0.032522,img_306.jpg
51043,1280,720,636.0204,341.0984,1003.9038,1005.69714,1.079,-0.348,5.267,0.005894,-0.966922,-0.252077,-0.038514,img_307.jpg,marker_6.jpg,0.2729408,0.2729408,1.350,-0.367,6.294,-0.002277,-0.725681,0.687761,0.687761
51158,1280,720,636.0204,341.0984,1003.9038,1005.69714,1.053,-0.360,5.265,0.009722,-0.963787,-0.263190,-0.041843,img_308.jpg
51265,1280,720,636.0204,341.0984,1003.9038,1005.69714,1.026,-0.376,5.261,0.012230,-0.958880,-0.279170,-0.049630,img_309.jpg
51364,1280,720,636.0204,341.0984,1003.9038,1005.69714,0.997,-0.392,5.258,0.018520,-0.953809,-0.293900,-0.059391,img_310.jpg
51476,1280,720,636.0204,341.0984,1003.9038,1005.69714,0.959,-0.410,5.250,0.024569,-0.948089,-0.308212,-0.074359,img_311.jpg
51576,1280,720,636.0204,341.0984,1003.9038,1005.69714,0.933,-0.423,5.241,0.027657,-0.943455,-0.319754,-0.082972,img_312.jpg
51692,1280,720,636.0204,341.0984,1003.9038,1005.69714,0.909,-0.436,5.232,0.031100,-0.938858,-0.331026,-0.089443,img_313.jpg
51787,1280,720,636.0204,341.0984,1003.9038,1005.69714,0.888,-0.445,5.222,0.035825,-0.934202,-0.342464,-0.093284,img_314.jpg
51909,1280,720,636.0204,341.0984,1003.9038,1005.69714,0.859,-0.454,5.205,0.040431,-0.930361,-0.350843,-0.098504,img_315.jpg
52029,1280,720,636.0204,341.0984,1003.9038,1005.69714,0.835,-0.459,5.193,0.044110,-0.927864,-0.355692,-0.102988,img_316.jpg
52124,1280,720,636.0204,341.0984,1003.9038,1005.69714,0.812,-0.465,5.182,0.049069,-0.924372,-0.362449,-0.108438,img_317.jpg
52230,1280,720,636.0204,341.0984,1003.9038,1005.69714,0.789,-0.468,5.170,0.053746,-0.920968,-0.367624,-0.117391,img_318.jpg
52327,1280,720,636.0204,341.0984,1003.9038,1005.69714,0.764,-0.471,5.159,0.056698,-0.917827,-0.370439,-0.130977,img_319.jpg
52430,1280,720,636.0204,341.0984,1003.9038,1005.69714,0.737,-0.475,5.149,0.063982,-0.913426,-0.374415,-0.146194,img_320.jpg
52530,1280,720,636.0204,341.0984,1003.9038,1005.69714,0.713,-0.478,5.143,0.068744,-0.909195,-0.375983,-0.165154,img_321.jpg
52639,1280,720,636.0204,341.0984,1003.9038,1005.69714,0.688,-0.478,5.139,0.071316,-0.906357,-0.374407,-0.182348,img_322.jpg
52741,1280,720,636.0204,341.0984,1003.9038,1005.69714,0.653,-0.479,5.137,0.078846,-0.901168,-0.375903,-0.200940,img_323.jpg
52859,1280,720,636.0204,341.0984,1003.9038,1005.69714,0.626,-0.480,5.139,0.082774,-0.898289,-0.375340,-0.212945,img_324.jpg
52957,1280,720,636.0204,341.0984,1003.9038,1005.69714,0.594,-0.482,5.144,0.082071,-0.896991,-0.372476,-0.223458,img_325.jpg
53065,1280,720,636.0204,341.0984,1003.9038,1005.69714,0.547,-0.487,5.158,0.086292,-0.893584,-0.376800,-0.228219,img_326.jpg
53159,1280,720,636.0204,341.0984,1003.9038,1005.69714,0.525,-0.492,5.168,0.081076,-0.890243,-0.384792,-0.229845,img_327.jpg
53255,1280,720,636.0204,341.0984,1003.9038,1005.69714,0.492,-0.496,5.181,0.079890,-0.885522,-0.393576,-0.233595,img_328.jpg
53359,1280,720,636.0204,341.0984,1003.9038,1005.69714,0.457,-0.495,5.192,0.083618,-0.882410,-0.393841,-0.243413,img_329.jpg
53457,1280,720,636.0204,341.0984,1003.9038,1005.69714,0.424,-0.492,5.200,0.087913,-0.882180,-0.386693,-0.253963,img_330.jpg
53558,1280,720,636.0204,341.0984,1003.9038,1005.69714,0.390,-0.492,5.205,0.095501,-0.879091,-0.386685,-0.261827,img_331.jpg
53650,1280,720,636.0204,341.0984,1003.9038,1005.69714,0.358,-0.492,5.208,0.101647,-0.879660,-0.382591,-0.263609,img_332.jpg
53758,1280,720,636.0204,341.0984,1003.9038,1005.69714,0.324,-0.493,5.213,0.104437,-0.882229,-0.378789,-0.259390,img_333.jpg
53855,1280,720,636.0204,341.0984,1003.9038,1005.69714,0.285,-0.495,5.217,0.104819,-0.885500,-0.376634,-0.251099,img_334.jpg
53959,1280,720,636.0204,341.0984,1003.9038,1005.69714,0.242,-0.491,5.215,0.103830,-0.891486,-0.370722,-0.238824,img_335.jpg
54057,1280,720,636.0204,341.0984,1003.9038,1005.69714,0.200,-0.486,5.211,0.095955,-0.896656,-0.368727,-0.225479,img_336.jpg
54159,1280,720,636.0204,341.0984,1003.9038,1005.69714,0.156,-0.479,5.205,0.094406,-0.899750,-0.367798,-0.215085,img_337.jpg
54267,1280,720,636.0204,341.0984,1003.9038,1005.69714,0.117,-0.475,5.199,0.084738,-0.902828,-0.367861,-0.205914,img_338.jpg
54367,1280,720,636.0204,341.0984,1003.9038,1005.69714,0.067,-0.474,5.188,0.077975,-0.904565,-0.369431,-0.197997,img_339.jpg
54494,1280,720,636.0204,341.0984,1003.9038,1005.69714,0.037,-0.472,5.184,0.073499,-0.906742,-0.366678,-0.194846,img_340.jpg
54596,1280,720,636.0204,341.0984,1003.9038,1005.69714,0.007,-0.469,5.186,0.076431,-0.908023,-0.362477,-0.195608,img_341.jpg
54696,1280,720,636.0204,341.0984,1003.9038,1005.69714,-0.021,-0.467,5.193,0.079252,-0.910093,-0.357019,-0.194904,img_342.jpg
54804,1280,720,636.0204,341.0984,1003.9038,1005.69714,-0.057,-0.467,5.211,0.077461,-0.911297,-0.355034,-0.193621,img_343.jpg
54927,1280,720,636.0204,341.0984,1003.9038,1005.69714,-0.083,-0.465,5.228,0.064793,-0.913345,-0.351741,-0.194630,img_344.jpg
55028,1280,720,636.0204,341.0984,1003.9038,1005.69714,-0.123,-0.463,5.255,0.054974,-0.913085,-0.351574,-0.199123,img_345.jpg
55128,1280,720,636.0204,341.0984,1003.9038,1005.69714,-0.153,-0.461,5.275,0.052501,-0.912836,-0.350921,-0.202062,img_346.jpg
55243,1280,720,636.0204,341.0984,1003.9038,1005.69714,-0.186,-0.460,5.292,0.057259,-0.909224,-0.350895,-0.216580,img_347.jpg
55345,1280,720,636.0204,341.0984,1003.9038,1005.69714,-0.218,-0.458,5.301,0.065236,-0.906105,-0.346402,-0.233929,img_348.jpg
55458,1280,720,636.0204,341.0984,1003.9038,1005.69714,-0.251,-0.461,5.311,0.074595,-0.900232,-0.349986,-0.248049,img_349.jpg
55553,1280,720,636.0204,341.0984,1003.9038,1005.69714,-0.282,-0.462,5.318,0.080841,-0.896548,-0.349236,-0.260195,img_350.jpg
55680,1280,720,636.0204,341.0984,1003.9038,1005.69714,-0.313,-0.465,5.321,0.090006,-0.893278,-0.350003,-0.267303,img_351.jpg
55787,1280,720,636.0204,341.0984,1003.9038,1005.69714,-0.360,-0.468,5.324,0.098981,-0.890680,-0.350473,-0.272141,img_352.jpg
55911,1280,720,636.0204,341.0984,1003.9038,1005.69714,-0.414,-0.472,5.326,0.103165,-0.891600,-0.348214,-0.270468,img_353.jpg
56031,1280,720,636.0204,341.0984,1003.9038,1005.69714,-0.457,-0.472,5.324,0.102767,-0.894089,-0.344805,-0.266744,img_354.jpg
56134,1280,720,636.0204,341.0984,1003.9038,1005.69714,-0.521,-0.467,5.312,0.098581,-0.897506,-0.342558,-0.259653,img_355.jpg
56260,1280,720,636.0204,341.0984,1003.9038,1005.69714,-0.587,-0.461,5.294,0.100098,-0.896275,-0.350851,-0.252141,img_356.jpg
56360,1280,720,636.0204,341.0984,1003.9038,1005.69714,-0.625,-0.455,5.280,0.089714,-0.899541,-0.349058,-0.246852,img_357.jpg
56477,1280,720,636.0204,341.0984,1003.9038,1005.69714,-0.659,-0.449,5.269,0.082638,-0.904654,-0.338776,-0.244954,img_358.jpg
56579,1280,720,636.0204,341.0984,1003.9038,1005.69714,-0.696,-0.445,5.262,0.094654,-0.905026,-0.333938,-0.245874,img_359.jpg
56694,1280,720,636.0204,341.0984,1003.9038,1005.69714,-0.730,-0.442,5.259,0.096667,-0.906227,-0.329696,-0.246392,img_360.jpg
56807,1280,720,636.0204,341.0984,1003.9038,1005.69714,-0.777,-0.443,5.261,0.094647,-0.905801,-0.327156,-0.252063,img_361.jpg
56927,1280,720,636.0204,341.0984,1003.9038,1005.69714,-0.815,-0.445,5.265,0.089104,-0.904699,-0.328098,-0.256773,img_362.jpg
57034,1280,720,636.0204,341.0984,1003.9038,1005.69714,-0.854,-0.444,5.270,0.080426,-0.905710,-0.325120,-0.259841,img_363.jpg
57124,1280,720,636.0204,341.0984,1003.9038,1005.69714,-0.894,-0.440,5.275,0.069868,-0.904924,-0.326882,-0.263400,img_364.jpg
57219,1280,720,636.0204,341.0984,1003.9038,1005.69714,-0.936,-0.438,5.284,0.063304,-0.901610,-0.333518,-0.268062,img_365.jpg
57313,1280,720,636.0204,341.0984,1003.9038,1005.69714,-0.977,-0.437,5.291,0.066898,-0.897261,-0.335631,-0.278926,img_366.jpg
57413,1280,720,636.0204,341.0984,1003.9038,1005.69714,-1.016,-0.438,5.296,0.072054,-0.895681,-0.332145,-0.286782,img_367.jpg
57506,1280,720,636.0204,341.0984,1003.9038,1005.69714,-1.054,-0.441,5.300,0.080222,-0.892174,-0.336032,-0.290984,img_368.jpg
57612,1280,720,636.0204,341.0984,1003.9038,1005.69714,-1.092,-0.443,5.301,0.087388,-0.891657,-0.333127,-0.293833,img_369.jpg
57701,1280,720,636.0204,341.0984,1003.9038,1005.69714,-1.134,-0.448,5.300,0.094561,-0.892133,-0.332281,-0.291114,img_370.jpg
57812,1280,720,636.0204,341.0984,1003.9038,1005.69714,-1.178,-0.452,5.298,0.094363,-0.893705,-0.332539,-0.286015,img_371.jpg
57912,1280,720,636.0204,341.0984,1003.9038,1005.69714,-1.223,-0.453,5.288,0.091487,-0.897273,-0.330702,-0.277790,img_372.jpg
58013,1280,720,636.0204,341.0984,1003.9038,1005.69714,-1.272,-0.453,5.277,0.086169,-0.899063,-0.333530,-0.270221,img_373.jpg
58113,1280,720,636.0204,341.0984,1003.9038,1005.69714,-1.322,-0.449,5.261,0.087441,-0.900113,-0.334997,-0.264440,img_374.jpg
58229,1280,720,636.0204,341.0984,1003.9038,1005.69714,-1.383,-0.444,5.239,0.081443,-0.901578,-0.338504,-0.256785,img_375.jpg
58345,1280,720,636.0204,341.0984,1003.9038,1005.69714,-1.423,-0.440,5.220,0.082634,-0.902719,-0.338693,-0.252105,img_376.jpg
58449,1280,720,636.0204,341.0984,1003.9038,1005.69714,-1.464,-0.440,5.205,0.082524,-0.902851,-0.337840,-0.252812,img_377.jpg
58560,1280,720,636.0204,341.0984,1003.9038,1005.69714,-1.503,-0.441,5.194,0.094009,-0.901291,-0.338077,-0.254048,img_378.jpg
58669,1280,720,636.0204,341.0984,1003.9038,1005.69714,-1.552,-0.447,5.188,0.097439,-0.898512,-0.338361,-0.262095,img_379.jpg
58780,1280,720,636.0204,341.0984,1003.9038,1005.69714,-1.592,-0.452,5.186,0.098460,-0.897513,-0.338029,-0.265541,img_380.jpg
58890,1280,720,636.0204,341.0984,1003.9038,1005.69714,-1.633,-0.459,5.189,0.095772,-0.898465,-0.339316,-0.261636,img_381.jpg
59004,1280,720,636.0204,341.0984,1003.9038,1005.69714,-1.697,-0.464,5.195,0.084491,-0.901651,-0.337681,-0.256627,img_382.jpg
59111,1280,720,636.0204,341.0984,1003.9038,1005.69714,-1.750,-0.470,5.203,0.070895,-0.899775,-0.345195,-0.257331,img_383.jpg
59229,1280,720,636.0204,341.0984,1003.9038,1005.69714,-1.805,-0.472,5.211,0.077513,-0.895363,-0.351046,-0.262836,img_384.jpg
59327,1280,720,636.0204,341.0984,1003.9038,1005.69714,-1.864,-0.470,5.223,0.077516,-0.896134,-0.344742,-0.268492,img_385.jpg
59444,1280,720,636.0204,341.0984,1003.9038,1005.69714,-1.903,-0.469,5.230,0.076496,-0.899327,-0.341033,-0.262786,img_386.jpg
59563,1280,720,636.0204,341.0984,1003.9038,1005.69714,-1.953,-0.473,5.241,0.079549,-0.902831,-0.340210,-0.250649,img_387.jpg
59678,1280,720,636.0204,341.0984,1003.9038,1005.69714,-1.989,-0.472,5.248,0.078004,-0.908058,-0.335593,-0.238168,img_388.jpg
59798,1280,720,636.0204,341.0984,1003.9038,1005.69714,-2.048,-0.461,5.256,0.069308,-0.919329,-0.317957,-0.221212,img_389.jpg
59912,1280,720,636.0204,341.0984,1003.9038,1005.69714,-2.096,-0.445,5.257,0.062369,-0.930576,-0.297312,-0.204315,img_390.jpg
60021,1280,720,636.0204,341.0984,1003.9038,1005.69714,-2.144,-0.425,5.256,0.055540,-0.939440,-0.280407,-0.189048,img_391.jpg
60119,1280,720,636.0204,341.0984,1003.9038,1005.69714,-2.188,-0.400,5.257,0.045744,-0.950602,-0.255926,-0.169607,img_392.jpg
60223,1280,720,636.0204,341.0984,1003.9038,1005.69714,-2.227,-0.376,5.258,0.032273,-0.960881,-0.227998,-0.153893,img_393.jpg
60325,1280,720,636.0204,341.0984,1003.9038,1005.69714,-2.264,-0.354,5.264,0.025925,-0.968972,-0.203070,-0.138507,img_394.jpg
60430,1280,720,636.0204,341.0984,1003.9038,1005.69714,-2.302,-0.329,5.268,0.014659,-0.976661,-0.174538,-0.124318,img_395.jpg
60546,1280,720,636.0204,341.0984,1003.9038,1005.69714,-2.325,-0.313,5.278,0.012981,-0.980082,-0.158919,-0.118387,img_396.jpg
60648,1280,720,636.0204,341.0984,1003.9038,1005.69714,-2.350,-0.300,5.278,0.014478,-0.983518,-0.135426,-0.118922,img_397.jpg
60761,1280,720,636.0204,341.0984,1003.9038,1005.69714,-2.379,-0.286,5.280,0.018557,-0.985877,-0.111525,-0.123546,img_398.jpg
60881,1280,720,636.0204,341.0984,1003.9038,1005.69714,-2.396,-0.275,5.293,0.016413,-0.987058,-0.103151,-0.121684,img_399.jpg
60990,1280,720,636.0204,341.0984,1003.9038,1005.69714,-2.412,-0.266,5.317,0.003776,-0.988168,-0.091135,-0.123307,img_400.jpg
61115,1280,720,636.0204,341.0984,1003.9038,1005.69714,-2.425,-0.261,5.341,0.001500,-0.988865,-0.084097,-0.122768,img_401.jpg
61260,1280,720,636.0204,341.0984,1003.9038,1005.69714,-2.436,-0.256,5.373,-0.003127,-0.990290,-0.076099,-0.116294,img_402.jpg,marker_7.png,0.26921657,0.26921657,-2.613,-0.453,6.258,0.022967,-0.741755,0.670256,0.670256
61379,1280,720,636.0204,341.0984,1003.9038,1005.69714,-2.444,-0.254,5.403,-0.007557,-0.991448,-0.070668,-0.109450,img_403.jpg
61498,1280,720,636.0204,341.0984,1003.9038,1005.69714,-2.454,-0.256,5.437,-0.006790,-0.992120,-0.071271,-0.102824,img_404.jpg
61630,1280,720,636.0204,341.0984,1003.9038,1005.69714,-2.464,-0.261,5.469,-0.003207,-0.992355,-0.072523,-0.099812,img_405.jpg
61748,1280,720,636.0204,341.0984,1003.9038,1005.69714,-2.473,-0.263,5.492,-0.001142,-0.992159,-0.073458,-0.101111,img_406.jpg
61861,1280,720,636.0204,341.0984,1003.9038,1005.69714,-2.479,-0.265,5.515,-0.000018,-0.991916,-0.073288,-0.103594,img_407.jpg,marker_7.png,0.26921657,0.26921657,-2.615,-0.455,6.262,0.008343,-0.731310,0.681978,0.681978
61970,1280,720,636.0204,341.0984,1003.9038,1005.69714,-2.487,-0.266,5.538,0.000490,-0.992500,-0.065663,-0.103112,img_408.jpg
62095,1280,720,636.0204,341.0984,1003.9038,1005.69714,-2.496,-0.270,5.558,0.008631,-0.992710,-0.066748,-0.099989,img_409.jpg
62195,1280,720,636.0204,341.0984,1003.9038,1005.69714,-2.505,-0.272,5.570,0.012057,-0.993054,-0.066912,-0.096029,img_410.jpg
62312,1280,720,636.0204,341.0984,1003.9038,1005.69714,-2.513,-0.273,5.579,0.013681,-0.993830,-0.066982,-0.087335,img_411.jpg,marker_7.png,0.26448363,0.26448363,-2.611,-0.450,6.242,0.000575,-0.706489,0.707673,0.707673
62408,1280,720,636.0204,341.0984,1003.9038,1005.69714,-2.521,-0.272,5.586,0.014578,-0.994924,-0.065504,-0.074992,img_412.jpg
62512,1280,720,636.0204,341.0984,1003.9038,1005.69714,-2.528,-0.271,5.589,0.012521,-0.995795,-0.064802,-0.063534,img_413.jpg
62609,1280,720,636.0204,341.0984,1003.9038,1005.69714,-2.538,-0.269,5.589,0.015139,-0.996234,-0.065216,-0.055092,img_414.jpg
62711,1280,720,636.0204,341.0984,1003.9038,1005.69714,-2.547,-0.269,5.583,0.011659,-0.996590,-0.065201,-0.049203,img_415.jpg
62809,1280,720,636.0204,341.0984,1003.9038,1005.69714,-2.557,-0.271,5.579,0.013658,-0.996510,-0.069958,-0.043450,img_416.jpg
62912,1280,720,636.0204,341.0984,1003.9038,1005.69714,-2.565,-0.275,5.574,0.012870,-0.996399,-0.073738,-0.039821,img_417.jpg,marker_7.png,0.2666773,0.2666773,-2.613,-0.452,6.250,-0.004306,-0.722941,0.690704,0.690704
63008,1280,720,636.0204,341.0984,1003.9038,1005.69714,-2.574,-0.279,5.565,0.014600,-0.996368,-0.075269,-0.037051,img_418.jpg
63112,1280,720,636.0204,341.0984,1003.9038,1005.69714,-2.586,-0.284,5.556,0.016751,-0.995826,-0.079622,-0.041366,img_419.jpg
63216,1280,720,636.0204,341.0984,1003.9038,1005.69714,-2.603,-0.292,5.546,0.024056,-0.994415,-0.091546,-0.046675,img_420.jpg
63317,1280,720,636.0204,341.0984,1003.9038,1005.69714,-2.619,-0.302,5.536,0.028076,-0.992812,-0.103456,-0.053227,img_421.jpg
63425,1280,720,636.0204,341.0984,1003.9038,1005.69714,-2.633,-0.312,5.524,0.033120,-0.991011,-0.115270,-0.059269,img_422.jpg
63523,1280,720,636.0204,341.0984,1003.9038,1005.69714,-2.646,-0.323,5.513,0.036782,-0.988765,-0.127835,-0.068189,img_423.jpg,marker_7.png,0.2703322,0.2703322,-2.611,-0.452,6.252,0.010425,-0.719952,0.693914,0.693914
63638,1280,720,636.0204,341.0984,1003.9038,1005.69714,-2.666,-0.339,5.501,0.041948,-0.984073,-0.149368,-0.086776,img_424.jpg
63748,1280,720,636.0204,341.0984,1003.9038,1005.69714,-2.682,-0.351,5.493,0.046080,-0.979908,-0.164143,-0.103507,img_425.jpg
63863,1280,720,636.0204,341.0984,1003.9038,1005.69714,-2.701,-0.368,5.480,0.053516,-0.973102,-0.184130,-0.127690,img_426.jpg
63970,1280,720,636.0204,341.0984,1003.9038,1005.69714,-2.716,-0.381,5.470,0.061008,-0.966911,-0.200589,-0.145346,img_427.jpg
64081,1280,720,636.0204,341.0984,1003.9038,1005.69714,-2.729,-0.394,5.462,0.069400,-0.960172,-0.215517,-0.163724,img_428.jpg
64192,1280,720,636.0204,341.0984,1003.9038,1005.69714,-2.746,-0.410,5.454,0.078244,-0.950866,-0.233931,-0.187103,img_429.jpg
64312,1280,720,636.0204,341.0984,1003.9038,1005.69714,-2.765,-0.423,5.454,0.089032,-0.943454,-0.247249,-0.202080,img_430.jpg
64412,1280,720,636.0204,341.0984,1003.9038,1005.69714,-2.781,-0.434,5.454,0.101962,-0.935074,-0.260431,-0.217752,img_431.jpg
64516,1280,720,636.0204,341.0984,1003.9038,1005.69714,-2.798,-0.449,5.462,0.108354,-0.928459,-0.268886,-0.232215,img_432.jpg
64621,1280,720,636.0204,341.0984,1003.9038,1005.69714,-2.816,-0.461,5.468,0.113898,-0.921531,-0.276397,-0.247814,img_433.jpg
64719,1280,720,636.0204,341.0984,1003.9038,1005.69714,-2.833,-0.472,5.473,0.116864,-0.913487,-0.285714,-0.265050,img_434.jpg
64826,1280,720,636.0204,341.0984,1003.9038,1005.69714,-2.861,-0.488,5.484,0.126586,-0.899785,-0.300351,-0.290089,img_435.jpg
64931,1280,720,636.0204,341.0984,1003.9038,1005.69714,-2.881,-0.500,5.490,0.132906,-0.887799,-0.312863,-0.310267,img_436.jpg
65046,1280,720,636.0204,341.0984,1003.9038,1005.69714,-2.903,-0.511,5.499,0.138041,-0.877242,-0.320648,-0.329508,img_437.jpg
65145,1280,720,636.0204,341.0984,1003.9038,1005.69714,-2.923,-0.520,5.509,0.141174,-0.868256,-0.327062,-0.345300,img_438.jpg
65261,1280,720,636.0204,341.0984,1003.9038,1005.69714,-2.947,-0.529,5.523,0.146298,-0.857525,-0.334065,-0.362834,img_439.jpg
65383,1280,720,636.0204,341.0984,1003.9038,1005.69714,-2.957,-0.529,5.532,0.148156,-0.850701,-0.337650,-0.374633,img_440.jpg
65480,1280,720,636.0204,341.0984,1003.9038,1005.69714,-2.969,-0.528,5.539,0.152567,-0.844697,-0.337114,-0.386735,img_441.jpg
65590,1280,720,636.0204,341.0984,1003.9038,1005.69714,-2.991,-0.527,5.545,0.160800,-0.838024,-0.334279,-0.400146,img_442.jpg
65698,1280,720,636.0204,341.0984,1003.9038,1005.69714,-3.012,-0.527,5.547,0.167209,-0.833778,-0.332055,-0.408161,img_443.jpg
65810,1280,720,636.0204,341.0984,1003.9038,1005.69714,-3.035,-0.529,5.548,0.168928,-0.831750,-0.330769,-0.412611,img_444.jpg
65912,1280,720,636.0204,341.0984,1003.9038,1005.69714,-3.063,-0.530,5.546,0.173216,-0.831758,-0.326017,-0.414593,img_445.jpg
66030,1280,720,636.0204,341.0984,1003.9038,1005.69714,-3.103,-0.527,5.541,0.170219,-0.836263,-0.313233,-0.416624,img_446.jpg
66131,1280,720,636.0204,341.0984,1003.9038,1005.69714,-3.135,-0.522,5.535,0.164385,-0.838207,-0.304242,-0.421691,img_447.jpg
66247,1280,720,636.0204,341.0984,1003.9038,1005.69714,-3.168,-0.514,5.526,0.161411,-0.839681,-0.294462,-0.426819,img_448.jpg
66351,1280,720,636.0204,341.0984,1003.9038,1005.69714,-3.203,-0.505,5.518,0.155268,-0.842253,-0.283848,-0.431198,img_449.jpg
66461,1280,720,636.0204,341.0984,1003.9038,1005.69714,-3.243,-0.485,5.506,0.137969,-0.848530,-0.264430,-0.437079,img_450.jpg
66585,1280,720,636.0204,341.0984,1003.9038,1005.69714,-3.266,-0.470,5.499,0.123959,-0.853231,-0.250312,-0.440426,img_451.jpg
66689,1280,720,636.0204,341.0984,1003.9038,1005.69714,-3.283,-0.454,5.490,0.104881,-0.857009,-0.232877,-0.447553,img_452.jpg
66792,1280,720,636.0204,341.0984,1003.9038,1005.69714,-3.304,-0.435,5.481,0.098786,-0.855473,-0.216329,-0.460010,img_453.jpg
66914,1280,720,636.0204,341.0984,1003.9038,1005.69714,-3.323,-0.419,5.475,0.087511,-0.849568,-0.198063,-0.480985,img_454.jpg
67018,1280,720,636.0204,341.0984,1003.9038,1005.69714,-3.347,-0.395,5.465,0.076721,-0.838174,-0.172395,-0.511721,img_455.jpg
67130,1280,720,636.0204,341.0984,1003.9038,1005.69714,-3.363,-0.378,5.459,0.079360,-0.828614,-0.159884,-0.530601,img_456.jpg
67230,1280,720,636.0204,341.0984,1003.9038,1005.69714,-3.373,-0.366,5.457,0.074512,-0.823085,-0.147399,-0.543371,img_457.jpg
67331,1280,720,636.0204,341.0984,1003.9038,1005.69714,-3.381,-0.357,5.458,0.070546,-0.818217,-0.137664,-0.553709,img_458.jpg
67431,1280,720,636.0204,341.0984,1003.9038,1005.69714,-3.386,-0.348,5.457,0.070076,-0.813945,-0.127297,-0.562475,img_459.jpg
67530,1280,720,636.0204,341.0984,1003.9038,1005.69714,-3.392,-0.341,5.453,0.068878,-0.808902,-0.118854,-0.571670,img_460.jpg
67647,1280,720,636.0204,341.0984,1003.9038,1005.69714,-3.396,-0.335,5.448,0.064854,-0.802174,-0.112296,-0.582838,img_461.jpg
67745,1280,720,636.0204,341.0984,1003.9038,1005.69714,-3.398,-0.329,5.440,0.063869,-0.793910,-0.105923,-0.595322,img_462.jpg
67849,1280,720,636.0204,341.0984,1003.9038,1005.69714,-3.400,-0.324,5.428,0.062861,-0.785450,-0.099607,-0.607614,img_463.jpg
67950,1280,720,636.0204,341.0984,1003.9038,1005.69714,-3.401,-0.319,5.416,0.059726,-0.777174,-0.095312,-0.619152,img_464.jpg
68049,1280,720,636.0204,341.0984,1003.9038,1005.69714,-3.401,-0.315,5.405,0.054020,-0.769221,-0.092406,-0.629954,img_465.jpg
68172,1280,720,636.0204,341.0984,1003.9038,1005.69714,-3.403,-0.313,5.389,0.052189,-0.757762,-0.092688,-0.643803,img_466.jpg
68299,1280,720,636.0204,341.0984,1003.9038,1005.69714,-3.404,-0.312,5.371,0.051817,-0.747280,-0.089775,-0.656375,img_467.jpg
68416,1280,720,636.0204,341.0984,1003.9038,1005.69714,-3.404,-0.310,5.358,0.053479,-0.739366,-0.084917,-0.665783,img_468.jpg
68514,1280,720,636.0204,341.0984,1003.9038,1005.69714,-3.402,-0.306,5.344,0.050294,-0.733805,-0.080357,-0.672713,img_469.jpg
68621,1280,720,636.0204,341.0984,1003.9038,1005.69714,-3.400,-0.303,5.328,0.045676,-0.724362,-0.079491,-0.683296,img_470.jpg
68733,1280,720,636.0204,341.0984,1003.9038,1005.69714,-3.399,-0.304,5.314,0.051381,-0.717158,-0.082166,-0.690140,img_471.jpg
68848,1280,720,636.0204,341.0984,1003.9038,1005.69714,-3.397,-0.306,5.300,0.055511,-0.707280,-0.085676,-0.699523,img_472.jpg
68948,1280,720,636.0204,341.0984,1003.9038,1005.69714,-3.395,-0.308,5.286,0.054521,-0.700888,-0.087787,-0.705745,img_473.jpg,marker_8.jpg,0.26693735,0.26693735,-4.291,-0.446,5.208,-0.512158,-0.506472,0.497668,0.497668
69066,1280,720,636.0204,341.0984,1003.9038,1005.69714,-3.394,-0.306,5.264,0.049851,-0.694543,-0.084321,-0.712752,img_474.jpg
69183,1280,720,636.0204,341.0984,1003.9038,1005.69714,-3.394,-0.303,5.243,0.043549,-0.695785,-0.077818,-0.712693,img_475.jpg
69283,1280,720,636.0204,341.0984,1003.9038,1005.69714,-3.400,-0.303,5.219,0.046208,-0.705715,-0.073712,-0.703134,img_476.jpg
69397,1280,720,636.0204,341.0984,1003.9038,1005.69714,-3.411,-0.311,5.190,0.051438,-0.717847,-0.082789,-0.689345,img_477.jpg
69516,1280,720,636.0204,341.0984,1003.9038,1005.69714,-3.417,-0.312,5.164,0.048798,-0.727458,-0.079876,-0.679738,img_478.jpg
69627,1280,720,636.0204,341.0984,1003.9038,1005.69714,-3.423,-0.308,5.131,0.045601,-0.736170,-0.076901,-0.670866,img_479.jpg
69750,1280,720,636.0204,341.0984,1003.9038,1005.69714,-3.425,-0.306,5.106,0.044770,-0.744237,-0.074800,-0.662202,img_480.jpg
69860,1280,720,636.0204,341.0984,1003.9038,1005.69714,-3.426,-0.306,5.076,0.041786,-0.753245,-0.076203,-0.651973,img_481.jpg
69984,1280,720,636.0204,341.0984,1003.9038,1005.69714,-3.427,-0.307,5.052,0.047318,-0.757334,-0.076476,-0.646806,img_482.jpg
70100,1280,720,636.0204,341.0984,1003.9038,1005.69714,-3.422,-0.309,5.022,0.046925,-0.759415,-0.076293,-0.644412,img_483.jpg,marker_8.jpg,0.26473403,0.26473403,-4.287,-0.446,5.210,-0.505679,-0.515413,0.487511,0.487511
70215,1280,720,636.0204,341.0984,1003.9038,1005.69714,-3.417,-0.312,4.999,0.054816,-0.758719,-0.075515,-0.644701,img_484.jpg
70310,1280,720,636.0204,341.0984,1003.9038,1005.69714,-3.411,-0.315,4.979,0.063193,-0.757595,-0.075653,-0.645238,img_485.jpg
70431,1280,720,636.0204,341.0984,1003.9038,1005.69714,-3.402,-0.319,4.954,0.067576,-0.752488,-0.077441,-0.650536,img_486.jpg
70553,1280,720,636.0204,341.0984,1003.9038,1005.69714,-3.396,-0.323,4.936,0.067462,-0.746535,-0.080413,-0.657014,img_487.jpg
70660,1280,720,636.0204,341.0984,1003.9038,1005.69714,-3.394,-0.328,4.904,0.072890,-0.737108,-0.081973,-0.666813,img_488.jpg
70786,1280,720,636.0204,341.0984,1003.9038,1005.69714,-3.396,-0.332,4.877,0.083628,-0.737558,-0.085655,-0.664588,img_489.jpg
70885,1280,720,636.0204,341.0984,1003.9038,1005.69714,-3.400,-0.335,4.830,0.096706,-0.742317,-0.086051,-0.657426,img_490.jpg,marker_8.jpg,0.27015513,0.27015513,-4.288,-0.445,5.217,-0.509880,-0.510527,0.476094,0.476094
71015,1280,720,636.0204,341.0984,1003.9038,1005.69714,-3.400,-0.330,4.790,0.085281,-0.741195,-0.081039,-0.660901,img_491.jpg
71113,1280,720,636.0204,341.0984,1003.9038,1005.69714,-3.402,-0.324,4.751,0.077511,-0.736411,-0.083256,-0.666902,img_492.jpg
71223,1280,720,636.0204,341.0984,1003.9038,1005.69714,-3.406,-0.314,4.699,0.074438,-0.733434,-0.084289,-0.670394,img_493.jpg
71333,1280,720,636.0204,341.0984,1003.9038,1005.69714,-3.411,-0.308,4.658,0.076443,-0.727428,-0.088946,-0.676087,img_494.jpg
71448,1280,720,636.0204,341.0984,1003.9038,1005.69714,-3.416,-0.302,4.608,0.084185,-0.720616,-0.087876,-0.682571,img_495.jpg
71567,1280,720,636.0204,341.0984,1003.9038,1005.69714,-3.413,-0.297,4.578,0.069793,-0.719262,-0.082636,-0.686268,img_496.jpg
71682,1280,720,636.0204,341.0984,1003.9038,1005.69714,-3.407,-0.297,4.529,0.066550,-0.724325,-0.078006,-0.681792,img_497.jpg
71798,1280,720,636.0204,341.0984,1003.9038,1005.69714,-3.396,-0.297,4.485,0.070228,-0.729441,-0.072734,-0.676530,img_498.jpg
71906,1280,720,636.0204,341.0984,1003.9038,1005.69714,-3.386,-0.296,4.439,0.073739,-0.737496,-0.071249,-0.667523,img_499.jpg
72015,1280,720,636.0204,341.0984,1003.9038,1005.69714,-3.373,-0.292,4.393,0.070801,-0.744540,-0.070462,-0.660063,img_500.jpg
72115,1280,720,636.0204,341.0984,1003.9038,1005.69714,-3.360,-0.286,4.343,0.071787,-0.750211,-0.064538,-0.654114,img_501.jpg
72215,1280,720,636.0204,341.0984,1003.9038,1005.69714,-3.337,-0.279,4.281,0.069209,-0.753495,-0.065679,-0.650493,img_502.jpg
72315,1280,720,636.0204,341.0984,1003.9038,1005.69714,-3.321,-0.276,4.241,0.063477,-0.751611,-0.068938,-0.652916,img_503.jpg
72432,1280,720,636.0204,341.0984,1003.9038,1005.69714,-3.308,-0.276,4.204,0.064805,-0.747567,-0.069739,-0.657328,img_504.jpg
72524,1280,720,636.0204,341.0984,1003.9038,1005.69714,-3.300,-0.277,4.168,0.070471,-0.741488,-0.067638,-0.663818,img_505.jpg
72633,1280,720,636.0204,341.0984,1003.9038,1005.69714,-3.296,-0.277,4.136,0.071040,-0.733477,-0.067208,-0.672643,img_506.jpg
72722,1280,720,636.0204,341.0984,1003.9038,1005.69714,-3.297,-0.277,4.102,0.075613,-0.725362,-0.064528,-0.681152,img_507.jpg
72832,1280,720,636.0204,341.0984,1003.9038,1005.69714,-3.302,-0.279,4.069,0.075664,-0.715767,-0.067630,-0.690926,img_508.jpg
72926,1280,720,636.0204,341.0984,1003.9038,1005.69714,-3.311,-0.282,4.037,0.072794,-0.706089,-0.072300,-0.700651,img_509.jpg
73032,1280,720,636.0204,341.0984,1003.9038,1005.69714,-3.324,-0.284,4.002,0.072674,-0.696957,-0.074520,-0.709519,img_510.jpg
73123,1280,720,636.0204,341.0984,1003.9038,1005.69714,-3.338,-0.286,3.967,0.065129,-0.687103,-0.084055,-0.718737,img_511.jpg
73250,1280,720,636.0204,341.0984,1003.9038,1005.69714,-3.354,-0.282,3.917,0.061286,-0.681684,-0.084778,-0.724130,img_512.jpg
73369,1280,720,636.0204,341.0984,1003.9038,1005.69714,-3.367,-0.279,3.882,0.065285,-0.676158,-0.078874,-0.729608,img_513.jpg
73484,1280,720,636.0204,341.0984,1003.9038,1005.69714,-3.380,-0.278,3.844,0.066677,-0.669338,-0.076858,-0.735957,img_514.jpg
73600,1280,720,636.0204,341.0984,1003.9038,1005.69714,-3.388,-0.281,3.824,0.065711,-0.664912,-0.082948,-0.739387,img_515.jpg
73723,1280,720,636.0204,341.0984,1003.9038,1005.69714,-3.395,-0.278,3.792,0.067714,-0.667923,-0.073066,-0.737534,img_516.jpg,marker_9.jpg,0.2702033,0.2702033,-4.294,-0.393,3.709,-0.483668,-0.534189,0.511814,0.511814
73851,1280,720,636.0204,341.0984,1003.9038,1005.69714,-3.399,-0.277,3.766,0.056709,-0.673347,-0.070200,-0.733798,img_517.jpg
73969,1280,720,636.0204,341.0984,1003.9038,1005.69714,-3.403,-0.276,3.740,0.063020,-0.681801,-0.065971,-0.725827,img_518.jpg
74081,1280,720,636.0204,341.0984,1003.9038,1005.69714,-3.406,-0.276,3.716,0.059337,-0.689497,-0.065485,-0.718878,img_519.jpg
74188,1280,720,636.0204,341.0984,1003.9038,1005.69714,-3.406,-0.274,3.679,0.061886,-0.702243,-0.064269,-0.706324,img_520.jpg
74300,1280,720,636.0204,341.0984,1003.9038,1005.69714,-3.403,-0.270,3.653,0.060679,-0.710281,-0.064962,-0.698283,img_521.jpg
74412,1280,720,636.0204,341.0984,1003.9038,1005.69714,-3.397,-0.265,3.625,0.059793,-0.717458,-0.062488,-0.691212,img_522.jpg
74519,1280,720,636.0204,341.0984,1003.9038,1005.69714,-3.392,-0.262,3.598,0.063648,-0.724554,-0.061907,-0.683475,img_523.jpg
74637,1280,720,636.0204,341.0984,1003.9038,1005.69714,-3.382,-0.258,3.564,0.064680,-0.732792,-0.060283,-0.674684,img_524.jpg
74742,1280,720,636.0204,341.0984,1003.9038,1005.69714,-3.369,-0.255,3.539,0.062679,-0.738041,-0.058512,-0.669286,img_525.jpg
74851,1280,720,636.0204,341.0984,1003.9038,1005.69714,-3.353,-0.252,3.504,0.056251,-0.740141,-0.061607,-0.667257,img_526.jpg
74987,1280,720,636.0204,341.0984,1003.9038,1005.69714,-3.337,-0.251,3.469,0.054660,-0.739102,-0.063993,-0.668316,img_527.jpg,marker_9.jpg,0.2682499,0.2682499,-4.294,-0.393,3.709,-0.505221,-0.516301,0.487493,0.487493
75100,1280,720,636.0204,341.0984,1003.9038,1005.69714,-3.325,-0.251,3.443,0.055241,-0.737112,-0.064554,-0.670408,img_528.jpg
75215,1280,720,636.0204,341.0984,1003.9038,1005.69714,-3.316,-0.253,3.417,0.054830,-0.731956,-0.061919,-0.676314,img_529.jpg
75323,1280,720,636.0204,341.0984,1003.9038,1005.69714,-3.311,-0.253,3.381,0.061332,-0.724961,-0.053734,-0.683947,img_530.jpg
75450,1280,720,636.0204,341.0984,1003.9038,1005.69714,-3.311,-0.253,3.357,0.059479,-0.719144,-0.053072,-0.690273,img_531.jpg
75554,1280,720,636.0204,341.0984,1003.9038,1005.69714,-3.317,-0.258,3.332,0.062593,-0.711605,-0.057149,-0.697449,img_532.jpg
75666,1280,720,636.0204,341.0984,1003.9038,1005.69714,-3.330,-0.266,3.295,0.065854,-0.701170,-0.068932,-0.706592,img_533.jpg
75787,1280,720,636.0204,341.0984,1003.9038,1005.69714,-3.346,-0.271,3.257,0.065783,-0.694760,-0.081665,-0.711556,img_534.jpg
75900,1280,720,636.0204,341.0984,1003.9038,1005.69714,-3.360,-0.271,3.224,0.062544,-0.690302,-0.087208,-0.715518,img_535.jpg
76016,1280,720,636.0204,341.0984,1003.9038,1005.69714,-3.373,-0.264,3.180,0.057008,-0.680404,-0.085647,-0.725579,img_536.jpg
76120,1280,720,636.0204,341.0984,1003.9038,1005.69714,-3.384,-0.259,3.147,0.060083,-0.672120,-0.077526,-0.733918,img_537.jpg
76234,1280,720,636.0204,341.0984,1003.9038,1005.69714,-3.393,-0.258,3.120,0.068065,-0.665987,-0.074367,-0.739119,img_538.jpg
76339,1280,720,636.0204,341.0984,1003.9038,1005.69714,-3.400,-0.258,3.094,0.067475,-0.661035,-0.073254,-0.743716,img_539.jpg
76452,1280,720,636.0204,341.0984,1003.9038,1005.69714,-3.408,-0.259,3.052,0.068198,-0.658565,-0.070139,-0.746138,img_540.jpg
76570,1280,720,636.0204,341.0984,1003.9038,1005.69714,-3.411,-0.261,3.014,0.065736,-0.661989,-0.068994,-0.743431,img_541.jpg
76686,1280,720,636.0204,341.0984,1003.9038,1005.69714,-3.411,-0.262,2.975,0.065211,-0.665905,-0.065251,-0.740311,img_542.jpg
76793,1280,720,636.0204,341.0984,1003.9038,1005.69714,-3.401,-0.259,2.915,0.058266,-0.675931,-0.059101,-0.732277,img_543.jpg
76900,1280,720,636.0204,341.0984,1003.9038,1005.69714,-3.393,-0.254,2.869,0.059937,-0.682531,-0.059056,-0.725997,img_544.jpg
77007,1280,720,636.0204,341.0984,1003.9038,1005.69714,-3.383,-0.250,2.827,0.057304,-0.688541,-0.061819,-0.720282,img_545.jpg
77118,1280,720,636.0204,341.0984,1003.9038,1005.69714,-3.366,-0.248,2.775,0.055748,-0.694167,-0.067833,-0.714439,img_546.jpg
77235,1280,720,636.0204,341.0984,1003.9038,1005.69714,-3.353,-0.246,2.737,0.057543,-0.695168,-0.067469,-0.713357,img_547.jpg
77329,1280,720,636.0204,341.0984,1003.9038,1005.69714,-3.339,-0.247,2.701,0.059241,-0.692413,-0.064599,-0.716158,img_548.jpg
77434,1280,720,636.0204,341.0984,1003.9038,1005.69714,-3.330,-0.248,2.666,0.072041,-0.689813,-0.059024,-0.717973,img_549.jpg
77530,1280,720,636.0204,341.0984,1003.9038,1005.69714,-3.322,-0.249,2.638,0.073215,-0.686362,-0.056094,-0.721388,img_550.jpg
77634,1280,720,636.0204,341.0984,1003.9038,1005.69714,-3.317,-0.247,2.610,0.076303,-0.683445,-0.051133,-0.724200,img_551.jpg
77725,1280,720,636.0204,341.0984,1003.9038,1005.69714,-3.314,-0.248,2.584,0.073101,-0.678306,-0.053186,-0.729197,img_552.jpg
77834,1280,720,636.0204,341.0984,1003.9038,1005.69714,-3.314,-0.251,2.556,0.066456,-0.671373,-0.060960,-0.735613,img_553.jpg
77927,1280,720,636.0204,341.0984,1003.9038,1005.69714,-3.314,-0.255,2.525,0.065429,-0.663408,-0.067229,-0.742354,img_554.jpg
78034,1280,720,636.0204,341.0984,1003.9038,1005.69714,-3.318,-0.258,2.494,0.060096,-0.658146,-0.077627,-0.746463,img_555.jpg
78127,1280,720,636.0204,341.0984,1003.9038,1005.69714,-3.322,-0.255,2.463,0.047301,-0.655597,-0.081764,-0.749180,img_556.jpg
78235,1280,720,636.0204,341.0984,1003.9038,1005.69714,-3.331,-0.251,2.428,0.049920,-0.655944,-0.081819,-0.748699,img_557.jpg
78337,1280,720,636.0204,341.0984,1003.9038,1005.69714,-3.343,-0.246,2.395,0.048372,-0.652964,-0.083063,-0.751265,img_558.jpg
78452,1280,720,636.0204,341.0984,1003.9038,1005.69714,-3.353,-0.241,2.353,0.048038,-0.647456,-0.070116,-0.757348,img_559.jpg
78570,1280,720,636.0204,341.0984,1003.9038,1005.69714,-3.363,-0.238,2.323,0.049767,-0.645237,-0.064284,-0.759644,img_560.jpg
78680,1280,720,636.0204,341.0984,1003.9038,1005.69714,-3.374,-0.235,2.296,0.048995,-0.645421,-0.062802,-0.759663,img_561.jpg
78802,1280,720,636.0204,341.0984,1003.9038,1005.69714,-3.391,-0.235,2.258,0.053579,-0.648713,-0.057704,-0.756949,img_562.jpg
78904,1280,720,636.0204,341.0984,1003.9038,1005.69714,-3.402,-0.238,2.229,0.055197,-0.654917,-0.060809,-0.751225,img_563.jpg
79006,1280,720,636.0204,341.0984,1003.9038,1005.69714,-3.412,-0.240,2.201,0.056060,-0.661570,-0.065599,-0.744902,img_564.jpg
79110,1280,720,636.0204,341.0984,1003.9038,1005.69714,-3.422,-0.236,2.162,0.050710,-0.670732,-0.066082,-0.737007,img_565.jpg,marker_10.jpg,0.2639759,0.2639759,-4.300,-0.341,1.969,-0.477855,-0.531001,0.501593,0.501593
79235,1280,720,636.0204,341.0984,1003.9038,1005.69714,-3.429,-0.232,2.131,0.042494,-0.670191,-0.067745,-0.737867,img_566.jpg
79344,1280,720,636.0204,341.0984,1003.9038,1005.69714,-3.433,-0.230,2.100,0.040977,-0.673719,-0.069181,-0.734600,img_567.jpg
79469,1280,720,636.0204,341.0984,1003.9038,1005.69714,-3.440,-0.228,2.062,0.044690,-0.679361,-0.068066,-0.729273,img_568.jpg
79577,1280,720,636.0204,341.0984,1003.9038,1005.69714,-3.440,-0.228,2.036,0.046429,-0.684674,-0.068308,-0.724155,img_569.jpg
79686,1280,720,636.0204,341.0984,1003.9038,1005.69714,-3.439,-0.229,2.015,0.044738,-0.690351,-0.069143,-0.718772,img_570.jpg
79804,1280,720,636.0204,341.0984,1003.9038,1005.69714,-3.436,-0.231,1.987,0.040322,-0.696254,-0.073397,-0.712894,img_571.jpg,marker_10.jpg,0.26442453,0.26442453,-4.309,-0.343,1.966,-0.489791,-0.519382,0.499346,0.499346
79905,1280,720,636.0204,341.0984,1003.9038,1005.69714,-3.431,-0.231,1.964,0.044122,-0.700761,-0.071114,-0.708470,img_572.jpg
80018,1280,720,636.0204,341.0984,1003.9038,1005.69714,-3.423,-0.231,1.938,0.042803,-0.705278,-0.069358,-0.704231,img_573.jpg
80138,1280,720,636.0204,341.0984,1003.9038,1005.69714,-3.418,-0.232,1.922,0.042630,-0.707088,-0.067072,-0.702645,img_574.jpg
80246,1280,720,636.0204,341.0984,1003.9038,1005.69714,-3.416,-0.231,1.901,0.044873,-0.707074,-0.061384,-0.703040,img_575.jpg
80371,1280,720,636.0204,341.0984,1003.9038,1005.69714,-3.418,-0.232,1.885,0.045830,-0.704015,-0.059390,-0.706212,img_576.jpg
80488,1280,720,636.0204,341.0984,1003.9038,1005.69714,-3.423,-0.234,1.864,0.050334,-0.698446,-0.061426,-0.711243,img_577.jpg,marker_10.jpg,0.26390573,0.26390573,-4.308,-0.343,1.966,-0.494322,-0.516217,0.494311,0.494311
80621,1280,720,636.0204,341.0984,1003.9038,1005.69714,-3.432,-0.235,1.840,0.050985,-0.692446,-0.062662,-0.716933,img_578.jpg
80739,1280,720,636.0204,341.0984,1003.9038,1005.69714,-3.441,-0.236,1.819,0.054227,-0.688736,-0.062169,-0.720304,img_579.jpg
80869,1280,720,636.0204,341.0984,1003.9038,1005.69714,-3.453,-0.237,1.789,0.054604,-0.678947,-0.066183,-0.729157,img_580.jpg
80982,1280,720,636.0204,341.0984,1003.9038,1005.69714,-3.460,-0.235,1.763,0.056088,-0.669430,-0.064230,-0.737965,img_581.jpg
81088,1280,720,636.0204,341.0984,1003.9038,1005.69714,-3.472,-0.235,1.724,0.060280,-0.649818,-0.066985,-0.754729,img_582.jpg,marker_10.jpg,0.26709297,0.26709297,-4.309,-0.343,1.971,-0.495846,-0.513515,0.494899,0.494899
81221,1280,720,636.0204,341.0984,1003.9038,1005.69714,-3.485,-0.237,1.687,0.060499,-0.629645,-0.072085,-0.771162,img_583.jpg
81339,1280,720,636.0204,341.0984,1003.9038,1005.69714,-3.493,-0.238,1.663,0.064046,-0.614216,-0.073532,-0.783090,img_584.jpg
81446,1280,720,636.0204,341.0984,1003.9038,1005.69714,-3.501,-0.237,1.631,0.065648,-0.594058,-0.069393,-0.798730,img_585.jpg
81571,1280,720,636.0204,341.0984,1003.9038,1005.69714,-3.507,-0.237,1.611,0.069688,-0.572317,-0.073139,-0.813786,img_586.jpg
81689,1280,720,636.0204,341.0984,1003.9038,1005.69714,-3.507,-0.239,1.580,0.067086,-0.544716,-0.071666,-0.832855,img_587.jpg
81804,1280,720,636.0204,341.0984,1003.9038,1005.69714,-3.505,-0.242,1.559,0.072207,-0.527775,-0.071742,-0.843263,img_588.jpg
81904,1280,720,636.0204,341.0984,1003.9038,1005.69714,-3.502,-0.244,1.537,0.077226,-0.515934,-0.068323,-0.850400,img_589.jpg
82018,1280,720,636.0204,341.0984,1003.9038,1005.69714,-3.493,-0.247,1.508,0.081777,-0.498017,-0.070033,-0.860458,img_590.jpg
82121,1280,720,636.0204,341.0984,1003.9038,1005.69714,-3.484,-0.243,1.487,0.076055,-0.474938,-0.071615,-0.873797,img_591.jpg
82236,1280,720,636.0204,341.0984,1003.9038,1005.69714,-3.470,-0.237,1.461,0.077006,-0.447166,-0.063748,-0.888847,img_592.jpg
82339,1280,720,636.0204,341.0984,1003.9038,1005.69714,-3.463,-0.237,1.450,0.075097,-0.432518,-0.062842,-0.896292,img_593.jpg
82437,1280,720,636.0204,341.0984,1003.9038,1005.69714,-3.455,-0.235,1.437,0.074449,-0.408124,-0.065126,-0.907552,img_594.jpg
82539,1280,720,636.0204,341.0984,1003.9038,1005.69714,-3.447,-0.234,1.425,0.072935,-0.383887,-0.063414,-0.918308,img_595.jpg
82639,1280,720,636.0204,341.0984,1003.9038,1005.69714,-3.436,-0.233,1.409,0.076445,-0.349804,-0.056546,-0.931985,img_596.jpg
82738,1280,720,636.0204,341.0984,1003.9038,1005.69714,-3.431,-0.232,1.402,0.078640,-0.334161,-0.051713,-0.937805,img_597.jpg
82834,1280,720,636.0204,341.0984,1003.9038,1005.69714,-3.425,-0.231,1.391,0.078312,-0.308379,-0.049661,-0.946733,img_598.jpg
82940,1280,720,636.0204,341.0984,1003.9038,1005.69714,-3.418,-0.229,1.383,0.076726,-0.288332,-0.048893,-0.953198,img_599.jpg
83036,1280,720,636.0204,341.0984,1003.9038,1005.69714,-3.409,-0.227,1.377,0.071466,-0.267320,-0.051678,-0.959563,img_600.jpg
83140,1280,720,636.0204,341.0984,1003.9038,1005.69714,-3.400,-0.226,1.371,0.061238,-0.240483,-0.053101,-0.967263,img_601.jpg
83253,1280,720,636.0204,341.0984,1003.9038,1005.69714,-3.384,-0.221,1.363,0.048450,-0.207611,-0.042483,-0.976087,img_602.jpg
83372,1280,720,636.0204,341.0984,1003.9038,1005.69714,-3.374,-0.217,1.358,0.038291,-0.182490,-0.036732,-0.981775,img_603.jpg
83476,1280,720,636.0204,341.0984,1003.9038,1005.69714,-3.368,-0.216,1.354,0.028687,-0.160668,-0.035320,-0.985959,img_604.jpg,marker_1.jpg,0.26186803,0.26186803,0.169,-0.171,0.413,-0.711306,0.031452,-0.030390,-0.030390,marker_4.jpg,0.2637956,0.2637956,3.345,-0.123,4.083,-0.481764,0.513856,-0.517647,-0.517647,marker_6.jpg,0.2729272,0.2729272,1.212,-0.228,6.319,-0.020631,-0.715431,0.697805,0.697805,marker_10.jpg,0.26709306,0.26709306,-4.309,-0.343,1.971,-0.495852,-0.513521,0.494896,0.494896,marker_8.jpg,0.27015245,0.27015245,-4.365,-0.269,5.030,-0.515979,-0.490177,0.476434,0.476434,marker_9.jpg,0.26818264,0.26818264,-4.309,-0.259,3.520,-0.512057,-0.495713,0.487419,0.487419,marker_7.png,0.2703322,0.2703322,-2.729,-0.268,6.124,-0.008475,-0.710407,0.703555,0.703555
83596,1280,720,636.0204,341.0984,1003.9038,1005.69714,-3.361,-0.215,1.350,0.022528,-0.137943,-0.030220,-0.989723,img_605.jpg
83705,1280,720,636.0204,341.0984,1003.9038,1005.69714,-3.357,-0.216,1.343,0.020122,-0.127501,-0.025656,-0.991302,img_606.jpg
83823,1280,720,636.0204,341.0984,1003.9038,1005.69714,-3.462,-0.070,2.985,0.021538,-0.773873,-0.060608,-0.630067,img_607.jpg
83943,1280,720,636.0204,341.0984,1003.9038,1005.69714,-3.463,-0.070,2.962,0.023604,-0.778220,-0.062847,-0.624393,img_608.jpg
84054,1280,720,636.0204,341.0984,1003.9038,1005.69714,-3.466,-0.073,2.952,0.028587,-0.776645,-0.069504,-0.625440,img_609.jpg
84175,1280,720,636.0204,341.0984,1003.9038,1005.69714,-3.470,-0.073,2.946,0.033632,-0.775802,-0.073243,-0.625808,img_610.jpg
84281,1280,720,636.0204,341.0984,1003.9038,1005.69714,-3.465,-0.064,2.953,0.041367,-0.768021,-0.081693,-0.633844,img_611.jpg
84385,1280,720,636.0204,341.0984,1003.9038,1005.69714,-3.467,-0.066,2.945,0.046147,-0.764229,-0.085498,-0.637585,img_612.jpg
84491,1280,720,636.0204,341.0984,1003.9038,1005.69714,-3.471,-0.069,2.936,0.050739,-0.758897,-0.089755,-0.642997,img_613.jpg
84601,1280,720,636.0204,341.0984,1003.9038,1005.69714,-3.475,-0.072,2.924,0.055816,-0.753950,-0.092084,-0.648047,img_614.jpg
84705,1280,720,636.0204,341.0984,1003.9038,1005.69714,-3.490,-0.066,2.916,0.062845,-0.745968,-0.100140,-0.655403,img_615.jpg
84819,1280,720,636.0204,341.0984,1003.9038,1005.69714,-3.496,-0.069,2.895,0.070081,-0.736549,-0.102719,-0.664856,img_616.jpg
84923,1280,720,636.0204,341.0984,1003.9038,1005.69714,-3.500,-0.072,2.880,0.071411,-0.728716,-0.103500,-0.673173,img_617.jpg
85039,1280,720,636.0204,341.0984,1003.9038,1005.69714,-3.506,-0.075,2.858,0.075088,-0.722329,-0.102290,-0.679808,img_618.jpg
85151,1280,720,636.0204,341.0984,1003.9038,1005.69714,-3.514,-0.080,2.830,0.076192,-0.715853,-0.103315,-0.686349,img_619.jpg
85256,1280,720,636.0204,341.0984,1003.9038,1005.69714,-3.521,-0.082,2.808,0.076879,-0.713195,-0.103487,-0.689009,img_620.jpg
85375,1280,720,636.0204,341.0984,1003.9038,1005.69714,-3.530,-0.085,2.780,0.075300,-0.713361,-0.104121,-0.688916,img_621.jpg,marker_11.jpg,0.27129066,0.27129066,-4.324,-0.252,2.856,-0.469878,-0.542057,0.472193,0.472193
85489,1280,720,636.0204,341.0984,1003.9038,1005.69714,-3.540,-0.086,2.756,0.077234,-0.717657,-0.104002,-0.684242,img_622.jpg
85606,1280,720,636.0204,341.0984,1003.9038,1005.69714,-3.545,-0.087,2.738,0.075871,-0.722773,-0.106784,-0.678558,img_623.jpg
85705,1280,720,636.0204,341.0984,1003.9038,1005.69714,-3.546,-0.087,2.715,0.075311,-0.730339,-0.111761,-0.669659,img_624.jpg,marker_11.jpg,0.26705757,0.26705757,-4.316,-0.250,2.856,-0.469796,-0.540508,0.486319,0.486319
85822,1280,720,636.0204,341.0984,1003.9038,1005.69714,-3.539,-0.083,2.697,0.076362,-0.732768,-0.106453,-0.667748,img_625.jpg
85922,1280,720,636.0204,341.0984,1003.9038,1005.69714,-3.530,-0.077,2.672,0.074379,-0.733798,-0.097326,-0.668234,img_626.jpg
86041,1280,720,636.0204,341.0984,1003.9038,1005.69714,-3.510,-0.073,2.636,0.067430,-0.728732,-0.090685,-0.675411,img_627.jpg
86158,1280,720,636.0204,341.0984,1003.9038,1005.69714,-3.493,-0.069,2.604,0.060342,-0.724652,-0.092533,-0.680203,img_628.jpg
86272,1280,720,636.0204,341.0984,1003.9038,1005.69714,-3.473,-0.066,2.569,0.056283,-0.720897,-0.098349,-0.683716,img_629.jpg
86380,1280,720,636.0204,341.0984,1003.9038,1005.69714,-3.456,-0.063,2.533,0.051818,-0.718815,-0.106203,-0.685085,img_630.jpg
86485,1280,720,636.0204,341.0984,1003.9038,1005.69714,-3.433,-0.060,2.486,0.053948,-0.712890,-0.113276,-0.689961,img_631.jpg,marker_11.jpg,0.2744676,0.2744676,-4.324,-0.252,2.860,-0.480023,-0.530155,0.468997,0.468997
86608,1280,720,636.0204,341.0984,1003.9038,1005.69714,-3.428,-0.060,2.445,0.057714,-0.713310,-0.111876,-0.689450,img_632.jpg
86706,1280,720,636.0204,341.0984,1003.9038,1005.69714,-3.436,-0.062,2.402,0.057837,-0.710375,-0.113390,-0.692217,img_633.jpg
86823,1280,720,636.0204,341.0984,1003.9038,1005.69714,-3.452,-0.062,2.332,0.066433,-0.706819,-0.107087,-0.696079,img_634.jpg
86941,1280,720,636.0204,341.0984,1003.9038,1005.69714,-3.463,-0.062,2.278,0.060193,-0.708336,-0.107353,-0.695062,img_635.jpg
87046,1280,720,636.0204,341.0984,1003.9038,1005.69714,-3.477,-0.060,2.212,0.048111,-0.717455,-0.114721,-0.685407,img_636.jpg
87159,1280,720,636.0204,341.0984,1003.9038,1005.69714,-3.481,-0.053,2.165,0.047175,-0.721857,-0.118594,-0.680170,img_637.jpg
87257,1280,720,636.0204,341.0984,1003.9038,1005.69714,-3.480,-0.044,2.121,0.043169,-0.724934,-0.117412,-0.677364,img_638.jpg
87357,1280,720,636.0204,341.0984,1003.9038,1005.69714,-3.479,-0.039,2.078,0.046112,-0.727911,-0.117171,-0.674011,img_639.jpg
87453,1280,720,636.0204,341.0984,1003.9038,1005.69714,-3.473,-0.034,2.037,0.044932,-0.730103,-0.114847,-0.672117,img_640.jpg
87559,1280,720,636.0204,341.0984,1003.9038,1005.69714,-3.461,-0.030,1.995,0.044261,-0.730823,-0.111460,-0.671949,img_641.jpg
87650,1280,720,636.0204,341.0984,1003.9038,1005.69714,-3.449,-0.028,1.952,0.042387,-0.730734,-0.107498,-0.672812,img_642.jpg
87760,1280,720,636.0204,341.0984,1003.9038,1005.69714,-3.437,-0.029,1.912,0.034129,-0.728318,-0.106426,-0.676063,img_643.jpg
87854,1280,720,636.0204,341.0984,1003.9038,1005.69714,-3.424,-0.031,1.872,0.028234,-0.730400,-0.112344,-0.673125,img_644.jpg
87974,1280,720,636.0204,341.0984,1003.9038,1005.69714,-3.409,-0.031,1.816,0.019365,-0.728743,-0.127206,-0.672590,img_645.jpg
88074,1280,720,636.0204,341.0984,1003.9038,1005.69714,-3.401,-0.026,1.770,0.018761,-0.726371,-0.131784,-0.674290,img_646.jpg
88192,1280,720,636.0204,341.0984,1003.9038,1005.69714,-3.394,-0.019,1.726,0.019143,-0.722317,-0.130217,-0.678922,img_647.jpg
88308,1280,720,636.0204,341.0984,1003.9038,1005.69714,-3.383,-0.013,1.673,0.017580,-0.719632,-0.128784,-0.682081,img_648.jpg
88423,1280,720,636.0204,341.0984,1003.9038,1005.69714,-3.373,-0.011,1.634,0.020073,-0.716521,-0.128543,-0.685326,img_649.jpg
88545,1280,720,636.0204,341.0984,1003.9038,1005.69714,-3.362,-0.008,1.583,0.023193,-0.717225,-0.125002,-0.685146,img_650.jpg
88658,1280,720,636.0204,341.0984,1003.9038,1005.69714,-3.353,-0.007,1.544,0.025704,-0.720339,-0.123497,-0.682055,img_651.jpg
88776,1280,720,636.0204,341.0984,1003.9038,1005.69714,-3.343,-0.003,1.493,0.035210,-0.726435,-0.126031,-0.674662,img_652.jpg
88890,1280,720,636.0204,341.0984,1003.9038,1005.69714,-3.328,0.002,1.459,0.033863,-0.732016,-0.127128,-0.668464,img_653.jpg
89003,1280,720,636.0204,341.0984,1003.9038,1005.69714,-3.300,0.007,1.418,0.029514,-0.742598,-0.132897,-0.655756,img_654.jpg
89124,1280,720,636.0204,341.0984,1003.9038,1005.69714,-3.274,0.013,1.390,0.023909,-0.749152,-0.134271,-0.648206,img_655.jpg
89232,1280,720,636.0204,341.0984,1003.9038,1005.69714,-3.249,0.023,1.358,0.025348,-0.754684,-0.129188,-0.642744,img_656.jpg
89341,1280,720,636.0204,341.0984,1003.9038,1005.69714,-3.215,0.035,1.318,0.028350,-0.757714,-0.122948,-0.640273,img_657.jpg
89459,1280,720,636.0204,341.0984,1003.9038,1005.69714,-3.188,0.040,1.294,0.030020,-0.758309,-0.120964,-0.639870,img_658.jpg
89570,1280,720,636.0204,341.0984,1003.9038,1005.69714,-3.147,0.045,1.264,0.029846,-0.757153,-0.123868,-0.640691,img_659.jpg
89675,1280,720,636.0204,341.0984,1003.9038,1005.69714,-3.117,0.049,1.243,0.031143,-0.756558,-0.128194,-0.640481,img_660.jpg
89787,1280,720,636.0204,341.0984,1003.9038,1005.69714,-3.088,0.054,1.221,0.024960,-0.754237,-0.131170,-0.642883,img_661.jpg
89890,1280,720,636.0204,341.0984,1003.9038,1005.69714,-3.068,0.059,1.196,0.027456,-0.751997,-0.134480,-0.644719,img_662.jpg
90004,1280,720,636.0204,341.0984,1003.9038,1005.69714,-3.052,0.063,1.169,0.023930,-0.746027,-0.133173,-0.652024,img_663.jpg
90111,1280,720,636.0204,341.0984,1003.9038,1005.69714,-3.042,0.067,1.135,0.024851,-0.737588,-0.130670,-0.662021,img_664.jpg
90224,1280,720,636.0204,341.0984,1003.9038,1005.69714,-3.042,0.071,1.112,0.022184,-0.731334,-0.126274,-0.669861,img_665.jpg
90351,1280,720,636.0204,341.0984,1003.9038,1005.69714,-3.049,0.074,1.077,0.029340,-0.724719,-0.118978,-0.678060,img_666.jpg
90463,1280,720,636.0204,341.0984,1003.9038,1005.69714,-3.056,0.076,1.049,0.026399,-0.719232,-0.116189,-0.684477,img_667.jpg
90576,1280,720,636.0204,341.0984,1003.9038,1005.69714,-3.068,0.079,1.012,0.028476,-0.716991,-0.115404,-0.686873,img_668.jpg,marker_12.jpg,0.26596528,0.26596528,-3.925,-0.147,0.954,-0.506742,-0.533065,0.455934,0.455934
90691,1280,720,636.0204,341.0984,1003.9038,1005.69714,-3.078,0.080,0.985,0.028791,-0.717828,-0.113746,-0.686262,img_669.jpg
90789,1280,720,636.0204,341.0984,1003.9038,1005.69714,-3.091,0.080,0.960,0.033829,-0.717939,-0.113450,-0.685965,img_670.jpg
90894,1280,720,636.0204,341.0984,1003.9038,1005.69714,-3.102,0.081,0.940,0.033105,-0.718958,-0.110437,-0.685425,img_671.jpg
90998,1280,720,636.0204,341.0984,1003.9038,1005.69714,-3.116,0.081,0.914,0.036825,-0.721992,-0.106216,-0.682707,img_672.jpg
91111,1280,720,636.0204,341.0984,1003.9038,1005.69714,-3.122,0.078,0.902,0.031980,-0.725932,-0.108053,-0.678472,img_673.jpg
91225,1280,720,636.0204,341.0984,1003.9038,1005.69714,-3.130,0.076,0.891,0.034348,-0.730628,-0.109049,-0.673135,img_674.jpg,marker_12.jpg,0.26877806,0.26877806,-3.933,-0.149,0.956,-0.482356,-0.553285,0.476516,0.476516
91332,1280,720,636.0204,341.0984,1003.9038,1005.69714,-3.134,0.074,0.880,0.033929,-0.734601,-0.108043,-0.668983,img_675.jpg
91458,1280,720,636.0204,341.0984,1003.9038,1005.69714,-3.140,0.072,0.869,0.035951,-0.738945,-0.108408,-0.664015,img_676.jpg
91566,1280,720,636.0204,341.0984,1003.9038,1005.69714,-3.142,0.072,0.865,0.036628,-0.743207,-0.108823,-0.659135,img_677.jpg
91671,1280,720,636.0204,341.0984,1003.9038,1005.69714,-3.141,0.075,0.864,0.037501,-0.745441,-0.109895,-0.656380,img_678.jpg,marker_12.jpg,0.26879933,0.26879933,-3.936,-0.150,0.956,-0.480997,-0.552643,0.479890,0.479890
91787,1280,720,636.0204,341.0984,1003.9038,1005.69714,-3.134,0.080,0.865,0.035787,-0.741652,-0.104401,-0.661643,img_679.jpg
91885,1280,720,636.0204,341.0984,1003.9038,1005.69714,-3.123,0.085,0.868,0.038071,-0.733269,-0.097172,-0.671881,img_680.jpg
92010,1280,720,636.0204,341.0984,1003.9038,1005.69714,-3.111,0.089,0.878,0.037648,-0.734566,-0.105362,-0.669250,img_681.jpg
92128,1280,720,636.0204,341.0984,1003.9038,1005.69714,-3.102,0.090,0.885,0.037217,-0.738169,-0.108196,-0.664842,img_682.jpg
92238,1280,720,636.0204,341.0984,1003.9038,1005.69714,-3.097,0.092,0.889,0.059676,-0.743666,-0.118485,-0.655257,img_683.jpg
92343,1280,720,636.0204,341.0984,1003.9038,1005.69714,-3.095,0.093,0.888,0.060574,-0.744067,-0.115515,-0.655249,img_684.jpg
92442,1280,720,636.0204,341.0984,1003.9038,1005.69714,-3.094,0.094,0.883,0.060713,-0.744563,-0.108039,-0.655948,img_685.jpg,marker_12.jpg,0.272438,0.272438,-3.936,-0.151,0.958,-0.475652,-0.552161,0.478169,0.478169
92545,1280,720,636.0204,341.0984,1003.9038,1005.69714,-3.093,0.096,0.880,0.057507,-0.744244,-0.102790,-0.657440,img_686.jpg
92658,1280,720,636.0204,341.0984,1003.9038,1005.69714,-3.089,0.099,0.879,0.051664,-0.744286,-0.097399,-0.658698,img_687.jpg
92751,1280,720,636.0204,341.0984,1003.9038,1005.69714,-3.091,0.102,0.876,0.050426,-0.745069,-0.091353,-0.658775,img_688.jpg
92864,1280,720,636.0204,341.0984,1003.9038,1005.69714,-3.092,0.104,0.874,0.051890,-0.747724,-0.090772,-0.655726,img_689.jpg,marker_12.jpg,0.2690681,0.2690681,-3.933,-0.150,0.957,-0.481426,-0.551878,0.483001,0.483001
92967,1280,720,636.0204,341.0984,1003.9038,1005.69714,-3.097,0.101,0.871,0.049954,-0.752325,-0.099667,-0.649290,img_690.jpg
