time,sizeX,sizeY,p_x,p_y,f_x,f_y,pos_X,pos_Y,pos_Z,q_x,q_y,q_z,q_w,marker_ID,marker_x,marker_y,marker_z,marker_qx,marker_qy,marker_qz,marker_qw,marker_ID,marker_x,marker_y,marker_z,marker_qx,marker_qy,marker_qz,marker_qw,marker_ID,marker_x,marker_y,marker_z,marker_qx,marker_qy,marker_qz,marker_qw,
17622,1280,720,636.84735,339.29688,1005.7006,1006.61005,0.281,-0.125,0.909,0.081913,-0.040524,-0.012961,-0.995731,img_1.jpg
17709,1280,720,636.84735,339.29688,1005.7006,1006.61005,0.282,-0.125,0.909,0.085661,-0.040435,-0.013049,-0.995418,img_2.jpg
17786,1280,720,636.84735,339.29688,1005.7006,1006.61005,0.283,-0.126,0.909,0.089182,-0.036863,-0.012566,-0.995254,img_3.jpg
17870,1280,720,636.84735,339.29688,1005.7006,1006.61005,0.286,-0.126,0.914,0.085967,-0.035353,-0.006957,-0.995646,img_4.jpg
17955,1280,720,636.84735,339.29688,1005.7006,1006.61005,0.287,-0.125,0.923,0.075868,-0.032473,-0.004713,-0.996578,img_5.jpg
18030,1280,720,636.84735,339.29688,1005.7006,1006.61005,0.288,-0.125,0.933,0.076179,-0.026768,-0.007846,-0.996704,img_6.jpg
18111,1280,720,636.84735,339.29688,1005.7006,1006.61005,0.291,-0.125,0.955,0.071569,-0.019324,-0.013020,-0.997163,img_7.jpg,marker_1.jpg,0.2677546,0.2677546,0.231,-0.175,0.356,-0.707710,0.001771,-0.006803,-0.006803
18186,1280,720,636.84735,339.29688,1005.7006,1006.61005,0.293,-0.126,0.971,0.074971,-0.019950,-0.015305,-0.996869,img_8.jpg
18269,1280,720,636.84735,339.29688,1005.7006,1006.61005,0.295,-0.127,0.990,0.074354,-0.016941,-0.016591,-0.996950,img_9.jpg
18348,1280,720,636.84735,339.29688,1005.7006,1006.61005,0.298,-0.129,1.018,0.070408,-0.010629,-0.017744,-0.997304,img_10.jpg
18436,1280,720,636.84735,339.29688,1005.7006,1006.61005,0.301,-0.130,1.035,0.075205,-0.013086,-0.018888,-0.996903,img_11.jpg
18515,1280,720,636.84735,339.29688,1005.7006,1006.61005,0.311,-0.129,1.057,0.081938,-0.005842,-0.020991,-0.996399,img_12.jpg
18603,1280,720,636.84735,339.29688,1005.7006,1006.61005,0.323,-0.127,1.071,0.084757,0.000345,-0.015701,-0.996278,img_13.jpg,marker_1.jpg,0.26884764,0.26884764,0.229,-0.175,0.353,-0.703533,0.005092,-0.006114,-0.006114
18680,1280,720,636.84735,339.29688,1005.7006,1006.61005,0.352,-0.125,1.088,0.090572,0.014596,-0.002104,-0.995781,img_14.jpg
18769,1280,720,636.84735,339.29688,1005.7006,1006.61005,0.377,-0.124,1.101,0.096849,0.019324,0.005288,-0.995097,img_15.jpg
18840,1280,720,636.84735,339.29688,1005.7006,1006.61005,0.424,-0.124,1.116,0.100394,0.046724,0.009408,-0.993806,img_16.jpg
18935,1280,720,636.84735,339.29688,1005.7006,1006.61005,0.464,-0.122,1.126,0.095916,0.062534,0.012515,-0.993344,img_17.jpg
19014,1280,720,636.84735,339.29688,1005.7006,1006.61005,0.531,-0.119,1.141,0.097764,0.077962,0.018158,-0.991985,img_18.jpg
19102,1280,720,636.84735,339.29688,1005.7006,1006.61005,0.575,-0.114,1.152,0.090837,0.087417,0.013096,-0.991935,img_19.jpg
19180,1280,720,636.84735,339.29688,1005.7006,1006.61005,0.643,-0.107,1.168,0.093327,0.089993,0.017577,-0.991404,img_20.jpg
19269,1280,720,636.84735,339.29688,1005.7006,1006.61005,0.683,-0.104,1.178,0.092091,0.088068,0.013913,-0.991751,img_21.jpg
19338,1280,720,636.84735,339.29688,1005.7006,1006.61005,0.718,-0.102,1.187,0.093170,0.084445,0.013176,-0.991975,img_22.jpg
19421,1280,720,636.84735,339.29688,1005.7006,1006.61005,0.773,-0.099,1.203,0.093362,0.081041,0.007313,-0.992302,img_23.jpg
19503,1280,720,636.84735,339.29688,1005.7006,1006.61005,0.810,-0.098,1.211,0.093149,0.086059,0.008974,-0.991885,img_24.jpg
19581,1280,720,636.84735,339.29688,1005.7006,1006.61005,0.865,-0.098,1.217,0.099092,0.099220,0.020845,-0.989900,img_25.jpg
19670,1280,720,636.84735,339.29688,1005.7006,1006.61005,0.898,-0.098,1.218,0.100284,0.107918,0.022821,-0.988826,img_26.jpg
19742,1280,720,636.84735,339.29688,1005.7006,1006.61005,0.943,-0.099,1.215,0.099225,0.120182,0.026644,-0.987421,img_27.jpg
19836,1280,720,636.84735,339.29688,1005.7006,1006.61005,0.990,-0.104,1.206,0.100331,0.132629,0.028511,-0.985662,img_28.jpg
19919,1280,720,636.84735,339.29688,1005.7006,1006.61005,1.024,-0.108,1.198,0.099788,0.143102,0.025822,-0.984326,img_29.jpg
20003,1280,720,636.84735,339.29688,1005.7006,1006.61005,1.062,-0.112,1.186,0.103646,0.154371,0.025823,-0.982222,img_30.jpg
20078,1280,720,636.84735,339.29688,1005.7006,1006.61005,1.117,-0.111,1.166,0.098957,0.171763,0.013398,-0.980064,img_31.jpg
20154,1280,720,636.84735,339.29688,1005.7006,1006.61005,1.157,-0.108,1.152,0.102915,0.184952,0.014583,-0.977235,img_32.jpg
20253,1280,720,636.84735,339.29688,1005.7006,1006.61005,1.217,-0.104,1.134,0.100371,0.207126,0.012876,-0.973067,img_33.jpg
20337,1280,720,636.84735,339.29688,1005.7006,1006.61005,1.256,-0.103,1.123,0.101449,0.219871,0.016395,-0.970101,img_34.jpg
20417,1280,720,636.84735,339.29688,1005.7006,1006.61005,1.309,-0.103,1.106,0.100833,0.233705,0.015284,-0.966944,img_35.jpg
20503,1280,720,636.84735,339.29688,1005.7006,1006.61005,1.344,-0.102,1.097,0.096497,0.240554,0.019568,-0.965629,img_36.jpg
20584,1280,720,636.84735,339.29688,1005.7006,1006.61005,1.399,-0.103,1.083,0.088232,0.248350,0.023491,-0.964358,img_37.jpg
20670,1280,720,636.84735,339.29688,1005.7006,1006.61005,1.438,-0.104,1.076,0.082938,0.253018,0.022753,-0.963631,img_38.jpg
20740,1280,720,636.84735,339.29688,1005.7006,1006.61005,1.503,-0.104,1.065,0.076769,0.259003,0.024583,-0.962507,img_39.jpg
20837,1280,720,636.84735,339.29688,1005.7006,1006.61005,1.548,-0.102,1.060,0.072698,0.262906,0.022623,-0.961813,img_40.jpg
20908,1280,720,636.84735,339.29688,1005.7006,1006.61005,1.616,-0.094,1.054,0.065783,0.272726,0.022204,-0.959583,img_41.jpg
21004,1280,720,636.84735,339.29688,1005.7006,1006.61005,1.659,-0.087,1.047,0.066183,0.277531,0.026324,-0.958073,img_42.jpg
21080,1280,720,636.84735,339.29688,1005.7006,1006.61005,1.698,-0.084,1.040,0.063378,0.286787,0.016788,-0.955748,img_43.jpg
21158,1280,720,636.84735,339.29688,1005.7006,1006.61005,1.751,-0.082,1.028,0.067575,0.296599,0.023094,-0.952328,img_44.jpg
21242,1280,720,636.84735,339.29688,1005.7006,1006.61005,1.798,-0.084,1.013,0.073363,0.308131,0.023896,-0.948210,img_45.jpg
21338,1280,720,636.84735,339.29688,1005.7006,1006.61005,1.850,-0.088,0.996,0.078510,0.324226,0.029999,-0.942239,img_46.jpg
21421,1280,720,636.84735,339.29688,1005.7006,1006.61005,1.889,-0.091,0.982,0.081007,0.338357,0.034539,-0.936888,img_47.jpg
21493,1280,720,636.84735,339.29688,1005.7006,1006.61005,1.925,-0.095,0.967,0.082046,0.355512,0.035321,-0.930393,img_48.jpg
21569,1280,720,636.84735,339.29688,1005.7006,1006.61005,1.959,-0.099,0.950,0.082239,0.377349,0.034602,-0.921763,img_49.jpg
21654,1280,720,636.84735,339.29688,1005.7006,1006.61005,2.018,-0.101,0.922,0.080173,0.411887,0.036198,-0.906979,img_50.jpg
21738,1280,720,636.84735,339.29688,1005.7006,1006.61005,2.077,-0.099,0.891,0.077194,0.442116,0.034209,-0.892975,img_51.jpg
21821,1280,720,636.84735,339.29688,1005.7006,1006.61005,2.115,-0.096,0.871,0.078465,0.459430,0.037799,-0.883934,img_52.jpg
21890,1280,720,636.84735,339.29688,1005.7006,1006.61005,2.150,-0.091,0.853,0.075006,0.481446,0.030243,-0.872737,img_53.jpg
21968,1280,720,636.84735,339.29688,1005.7006,1006.61005,2.184,-0.086,0.840,0.069623,0.497032,0.032697,-0.864316,img_54.jpg
22046,1280,720,636.84735,339.29688,1005.7006,1006.61005,2.235,-0.084,0.821,0.067606,0.520133,0.036364,-0.850628,img_55.jpg
22138,1280,720,636.84735,339.29688,1005.7006,1006.61005,2.265,-0.083,0.812,0.064873,0.534411,0.033759,-0.842055,img_56.jpg
22217,1280,720,636.84735,339.29688,1005.7006,1006.61005,2.313,-0.085,0.801,0.060544,0.549581,0.033426,-0.832573,img_57.jpg
22304,1280,720,636.84735,339.29688,1005.7006,1006.61005,2.368,-0.090,0.790,0.063201,0.563763,0.041136,-0.822487,img_58.jpg
22387,1280,720,636.84735,339.29688,1005.7006,1006.61005,2.402,-0.092,0.784,0.061289,0.570846,0.042623,-0.817656,img_59.jpg
22459,1280,720,636.84735,339.29688,1005.7006,1006.61005,2.435,-0.093,0.777,0.059008,0.578451,0.042243,-0.812483,img_60.jpg
22532,1280,720,636.84735,339.29688,1005.7006,1006.61005,2.485,-0.090,0.771,0.056272,0.589265,0.048375,-0.804525,img_61.jpg
22621,1280,720,636.84735,339.29688,1005.7006,1006.61005,2.515,-0.087,0.768,0.056413,0.595132,0.049359,-0.800125,img_62.jpg
22692,1280,720,636.84735,339.29688,1005.7006,1006.61005,2.543,-0.084,0.763,0.055233,0.597254,0.042070,-0.799041,img_63.jpg
22771,1280,720,636.84735,339.29688,1005.7006,1006.61005,2.580,-0.083,0.755,0.058670,0.601746,0.041507,-0.795447,img_64.jpg
22855,1280,720,636.84735,339.29688,1005.7006,1006.61005,2.605,-0.083,0.748,0.061208,0.602723,0.045334,-0.794307,img_65.jpg
22925,1280,720,636.84735,339.29688,1005.7006,1006.61005,2.628,-0.084,0.740,0.062848,0.602167,0.045239,-0.794606,img_66.jpg
23002,1280,720,636.84735,339.29688,1005.7006,1006.61005,2.659,-0.086,0.730,0.066147,0.602381,0.051915,-0.793767,img_67.jpg
23088,1280,720,636.84735,339.29688,1005.7006,1006.61005,2.682,-0.086,0.723,0.065020,0.604663,0.053072,-0.792047,img_68.jpg
23161,1280,720,636.84735,339.29688,1005.7006,1006.61005,2.700,-0.087,0.718,0.065802,0.610543,0.048271,-0.787767,img_69.jpg
23243,1280,720,636.84735,339.29688,1005.7006,1006.61005,2.728,-0.089,0.711,0.074944,0.610308,0.055885,-0.786629,img_70.jpg
23322,1280,720,636.84735,339.29688,1005.7006,1006.61005,2.742,-0.091,0.709,0.076942,0.607367,0.050570,-0.789068,img_71.jpg
23404,1280,720,636.84735,339.29688,1005.7006,1006.61005,2.754,-0.093,0.712,0.080203,0.610823,0.046783,-0.786304,img_72.jpg
23478,1280,720,636.84735,339.29688,1005.7006,1006.61005,2.766,-0.093,0.727,0.077888,0.616584,0.046809,-0.782027,img_73.jpg
23557,1280,720,636.84735,339.29688,1005.7006,1006.61005,2.777,-0.092,0.742,0.073602,0.615458,0.053343,-0.782910,img_74.jpg
23635,1280,720,636.84735,339.29688,1005.7006,1006.61005,2.789,-0.096,0.766,0.074098,0.611885,0.059526,-0.785215,img_75.jpg,marker_3.jpg,0.26753742,0.26753742,3.354,-0.162,0.552,-0.514875,0.488959,-0.471857,-0.471857
23722,1280,720,636.84735,339.29688,1005.7006,1006.61005,2.795,-0.097,0.786,0.069894,0.605907,0.069363,-0.789418,img_76.jpg
23801,1280,720,636.84735,339.29688,1005.7006,1006.61005,2.793,-0.096,0.824,0.062415,0.593686,0.070519,-0.799167,img_77.jpg
23891,1280,720,636.84735,339.29688,1005.7006,1006.61005,2.786,-0.093,0.855,0.055722,0.585481,0.068089,-0.805898,img_78.jpg
23967,1280,720,636.84735,339.29688,1005.7006,1006.61005,2.779,-0.090,0.891,0.051664,0.581899,0.062422,-0.809214,img_79.jpg
24046,1280,720,636.84735,339.29688,1005.7006,1006.61005,2.769,-0.085,0.951,0.053942,0.572118,0.063080,-0.815961,img_80.jpg
24122,1280,720,636.84735,339.29688,1005.7006,1006.61005,2.761,-0.082,0.992,0.053959,0.565998,0.064058,-0.820141,img_81.jpg
24204,1280,720,636.84735,339.29688,1005.7006,1006.61005,2.753,-0.079,1.034,0.055010,0.567801,0.060097,-0.819124,img_82.jpg
24277,1280,720,636.84735,339.29688,1005.7006,1006.61005,2.747,-0.079,1.094,0.062615,0.574586,0.061272,-0.813742,img_83.jpg
24373,1280,720,636.84735,339.29688,1005.7006,1006.61005,2.743,-0.079,1.132,0.062849,0.584416,0.055422,-0.807116,img_84.jpg
24448,1280,720,636.84735,339.29688,1005.7006,1006.61005,2.742,-0.079,1.189,0.058198,0.600873,0.060459,-0.794927,img_85.jpg
24539,1280,720,636.84735,339.29688,1005.7006,1006.61005,2.744,-0.078,1.242,0.051316,0.617634,0.061496,-0.782377,img_86.jpg
24622,1280,720,636.84735,339.29688,1005.7006,1006.61005,2.749,-0.079,1.277,0.046903,0.627827,0.062801,-0.774396,img_87.jpg
24710,1280,720,636.84735,339.29688,1005.7006,1006.61005,2.760,-0.083,1.326,0.045241,0.639984,0.066592,-0.764159,img_88.jpg
24789,1280,720,636.84735,339.29688,1005.7006,1006.61005,2.768,-0.085,1.359,0.044853,0.646633,0.064116,-0.758777,img_89.jpg
24868,1280,720,636.84735,339.29688,1005.7006,1006.61005,2.782,-0.088,1.386,0.045800,0.651055,0.063837,-0.754954,img_90.jpg
24946,1280,720,636.84735,339.29688,1005.7006,1006.61005,2.804,-0.090,1.428,0.056219,0.655821,0.055664,-0.750759,img_91.jpg
25023,1280,720,636.84735,339.29688,1005.7006,1006.61005,2.819,-0.090,1.458,0.060283,0.657373,0.055843,-0.749071,img_92.jpg
25102,1280,720,636.84735,339.29688,1005.7006,1006.61005,2.842,-0.085,1.507,0.063952,0.669136,0.058954,-0.738032,img_93.jpg
25189,1280,720,636.84735,339.29688,1005.7006,1006.61005,2.855,-0.081,1.541,0.062979,0.678023,0.053674,-0.730368,img_94.jpg
25265,1280,720,636.84735,339.29688,1005.7006,1006.61005,2.867,-0.079,1.578,0.059426,0.683996,0.059025,-0.724662,img_95.jpg
25346,1280,720,636.84735,339.29688,1005.7006,1006.61005,2.882,-0.075,1.628,0.053387,0.690870,0.056480,-0.718790,img_96.jpg
25423,1280,720,636.84735,339.29688,1005.7006,1006.61005,2.890,-0.075,1.663,0.045567,0.692385,0.058865,-0.717678,img_97.jpg
25502,1280,720,636.84735,339.29688,1005.7006,1006.61005,2.899,-0.076,1.719,0.038815,0.693216,0.064116,-0.716823,img_98.jpg
25590,1280,720,636.84735,339.29688,1005.7006,1006.61005,2.902,-0.076,1.760,0.035537,0.692424,0.060061,-0.718108,img_99.jpg
25666,1280,720,636.84735,339.29688,1005.7006,1006.61005,2.903,-0.075,1.804,0.031071,0.690857,0.063022,-0.719569,img_100.jpg
25745,1280,720,636.84735,339.29688,1005.7006,1006.61005,2.895,-0.070,1.875,0.027850,0.686576,0.052459,-0.724628,img_101.jpg
25823,1280,720,636.84735,339.29688,1005.7006,1006.61005,2.887,-0.066,1.920,0.031293,0.686486,0.049270,-0.724797,img_102.jpg
25913,1280,720,636.84735,339.29688,1005.7006,1006.61005,2.879,-0.062,1.991,0.040642,0.687476,0.055153,-0.722969,img_103.jpg
26006,1280,720,636.84735,339.29688,1005.7006,1006.61005,2.873,-0.066,2.055,0.049829,0.683560,0.069471,-0.724870,img_104.jpg
26090,1280,720,636.84735,339.29688,1005.7006,1006.61005,2.870,-0.071,2.089,0.054581,0.687938,0.064315,-0.720851,img_105.jpg
26161,1280,720,636.84735,339.29688,1005.7006,1006.61005,2.870,-0.074,2.121,0.055797,0.692232,0.066963,-0.716392,img_106.jpg
26234,1280,720,636.84735,339.29688,1005.7006,1006.61005,2.872,-0.075,2.176,0.053204,0.698360,0.071228,-0.710204,img_107.jpg
26323,1280,720,636.84735,339.29688,1005.7006,1006.61005,2.876,-0.076,2.216,0.048815,0.704425,0.074352,-0.704184,img_108.jpg
26394,1280,720,636.84735,339.29688,1005.7006,1006.61005,2.880,-0.078,2.256,0.045549,0.711228,0.075727,-0.697385,img_109.jpg
26475,1280,720,636.84735,339.29688,1005.7006,1006.61005,2.891,-0.084,2.317,0.049026,0.721390,0.074393,-0.686774,img_110.jpg
26557,1280,720,636.84735,339.29688,1005.7006,1006.61005,2.902,-0.089,2.360,0.050969,0.727508,0.072121,-0.680392,img_111.jpg
26629,1280,720,636.84735,339.29688,1005.7006,1006.61005,2.916,-0.093,2.403,0.052970,0.733401,0.076024,-0.673452,img_112.jpg
26704,1280,720,636.84735,339.29688,1005.7006,1006.61005,2.933,-0.097,2.473,0.061070,0.742052,0.068120,-0.664070,img_113.jpg
26790,1280,720,636.84735,339.29688,1005.7006,1006.61005,2.948,-0.096,2.519,0.069693,0.745867,0.080225,-0.657564,img_114.jpg
26863,1280,720,636.84735,339.29688,1005.7006,1006.61005,2.958,-0.094,2.560,0.073677,0.747328,0.085295,-0.654827,img_115.jpg
26937,1280,720,636.84735,339.29688,1005.7006,1006.61005,2.972,-0.091,2.616,0.070406,0.756837,0.081932,-0.644615,img_116.jpg
27024,1280,720,636.84735,339.29688,1005.7006,1006.61005,2.983,-0.086,2.645,0.066381,0.756972,0.085557,-0.644412,img_117.jpg
27095,1280,720,636.84735,339.29688,1005.7006,1006.61005,2.990,-0.084,2.679,0.065321,0.758813,0.079928,-0.643076,img_118.jpg
27181,1280,720,636.84735,339.29688,1005.7006,1006.61005,2.997,-0.081,2.739,0.054563,0.756889,0.080911,-0.646216,img_119.jpg
27257,1280,720,636.84735,339.29688,1005.7006,1006.61005,3.003,-0.081,2.780,0.052970,0.752858,0.078768,-0.651302,img_120.jpg
27331,1280,720,636.84735,339.29688,1005.7006,1006.61005,3.005,-0.081,2.841,0.050205,0.747134,0.074862,-0.658534,img_121.jpg
27424,1280,720,636.84735,339.29688,1005.7006,1006.61005,3.001,-0.079,2.882,0.047279,0.740145,0.072177,-0.666889,img_122.jpg
27493,1280,720,636.84735,339.29688,1005.7006,1006.61005,2.996,-0.075,2.923,0.049611,0.732936,0.066703,-0.675199,img_123.jpg
27592,1280,720,636.84735,339.29688,1005.7006,1006.61005,2.990,-0.067,2.987,0.054241,0.725271,0.068426,-0.682904,img_124.jpg
27663,1280,720,636.84735,339.29688,1005.7006,1006.61005,2.983,-0.061,3.048,0.059359,0.720472,0.065712,-0.687807,img_125.jpg
27740,1280,720,636.84735,339.29688,1005.7006,1006.61005,2.981,-0.061,3.085,0.063001,0.719633,0.060302,-0.688856,img_126.jpg
27824,1280,720,636.84735,339.29688,1005.7006,1006.61005,2.985,-0.060,3.120,0.064856,0.720496,0.067009,-0.687160,img_127.jpg
27899,1280,720,636.84735,339.29688,1005.7006,1006.61005,2.988,-0.059,3.153,0.061980,0.719104,0.069398,-0.688645,img_128.jpg
27991,1280,720,636.84735,339.29688,1005.7006,1006.61005,2.997,-0.061,3.205,0.061581,0.722231,0.068658,-0.685475,img_129.jpg
28063,1280,720,636.84735,339.29688,1005.7006,1006.61005,3.011,-0.061,3.259,0.053222,0.725575,0.067272,-0.682776,img_130.jpg
28158,1280,720,636.84735,339.29688,1005.7006,1006.61005,3.024,-0.061,3.298,0.051033,0.727837,0.062283,-0.681007,img_131.jpg
28236,1280,720,636.84735,339.29688,1005.7006,1006.61005,3.048,-0.059,3.352,0.052751,0.729837,0.056558,-0.679233,img_132.jpg
28324,1280,720,636.84735,339.29688,1005.7006,1006.61005,3.064,-0.053,3.385,0.056331,0.730305,0.047250,-0.679153,img_133.jpg
28407,1280,720,636.84735,339.29688,1005.7006,1006.61005,3.093,-0.043,3.434,0.060580,0.729369,0.048748,-0.679688,img_134.jpg
28491,1280,720,636.84735,339.29688,1005.7006,1006.61005,3.109,-0.035,3.461,0.063381,0.732606,0.030108,-0.677026,img_135.jpg
28577,1280,720,636.84735,339.29688,1005.7006,1006.61005,3.130,-0.024,3.503,0.051199,0.730769,0.032784,-0.679913,img_136.jpg
28657,1280,720,636.84735,339.29688,1005.7006,1006.61005,3.142,-0.015,3.527,0.044578,0.730367,0.026160,-0.681096,img_137.jpg
28744,1280,720,636.84735,339.29688,1005.7006,1006.61005,3.157,-0.008,3.562,0.041174,0.731740,0.020440,-0.680032,img_138.jpg
28841,1280,720,636.84735,339.29688,1005.7006,1006.61005,3.172,-0.006,3.595,0.042411,0.728662,0.018145,-0.683319,img_139.jpg
28924,1280,720,636.84735,339.29688,1005.7006,1006.61005,3.180,-0.006,3.616,0.043474,0.724536,0.019923,-0.687576,img_140.jpg,marker_4.jpg,0.2713981,0.2713981,3.827,-0.087,3.673,-0.515882,0.473061,-0.480108,-0.480108
29007,1280,720,636.84735,339.29688,1005.7006,1006.61005,3.191,-0.008,3.645,0.042340,0.715075,0.026004,-0.697279,img_141.jpg
29092,1280,720,636.84735,339.29688,1005.7006,1006.61005,3.194,-0.009,3.662,0.042713,0.707757,0.024099,-0.704752,img_142.jpg
29176,1280,720,636.84735,339.29688,1005.7006,1006.61005,3.191,-0.007,3.687,0.039810,0.695716,0.028322,-0.716654,img_143.jpg
29258,1280,720,636.84735,339.29688,1005.7006,1006.61005,3.190,-0.005,3.704,0.039312,0.688889,0.027266,-0.723287,img_144.jpg
29333,1280,720,636.84735,339.29688,1005.7006,1006.61005,3.180,-0.002,3.729,0.040113,0.678254,0.025686,-0.733282,img_145.jpg
29425,1280,720,636.84735,339.29688,1005.7006,1006.61005,3.174,-0.002,3.748,0.040579,0.672735,0.026704,-0.738287,img_146.jpg,marker_4.jpg,0.2656372,0.2656372,3.814,-0.086,3.673,-0.507456,0.481739,-0.491353,-0.491353
29498,1280,720,636.84735,339.29688,1005.7006,1006.61005,3.162,-0.005,3.784,0.044028,0.671385,0.039145,-0.738764,img_147.jpg
29593,1280,720,636.84735,339.29688,1005.7006,1006.61005,3.147,-0.008,3.811,0.044386,0.672503,0.046962,-0.737268,img_148.jpg
29668,1280,720,636.84735,339.29688,1005.7006,1006.61005,3.123,-0.011,3.854,0.043361,0.682978,0.045373,-0.727738,img_149.jpg
29760,1280,720,636.84735,339.29688,1005.7006,1006.61005,3.110,-0.014,3.888,0.043173,0.693245,0.049630,-0.717694,img_150.jpg
29842,1280,720,636.84735,339.29688,1005.7006,1006.61005,3.094,-0.019,3.938,0.046318,0.709775,0.051130,-0.701042,img_151.jpg
29942,1280,720,636.84735,339.29688,1005.7006,1006.61005,3.086,-0.022,3.984,0.047339,0.725063,0.062832,-0.684174,img_152.jpg
30024,1280,720,636.84735,339.29688,1005.7006,1006.61005,3.081,-0.022,4.011,0.044205,0.733974,0.063716,-0.674736,img_153.jpg
30103,1280,720,636.84735,339.29688,1005.7006,1006.61005,3.078,-0.023,4.054,0.041175,0.747958,0.063592,-0.659408,img_154.jpg
30191,1280,720,636.84735,339.29688,1005.7006,1006.61005,3.079,-0.025,4.084,0.036405,0.756369,0.067484,-0.649635,img_155.jpg
30273,1280,720,636.84735,339.29688,1005.7006,1006.61005,3.084,-0.030,4.131,0.032656,0.768543,0.072321,-0.634858,img_156.jpg
30359,1280,720,636.84735,339.29688,1005.7006,1006.61005,3.090,-0.036,4.163,0.034989,0.775596,0.073497,-0.625959,img_157.jpg
30431,1280,720,636.84735,339.29688,1005.7006,1006.61005,3.105,-0.042,4.213,0.040213,0.785973,0.073326,-0.612578,img_158.jpg
30526,1280,720,636.84735,339.29688,1005.7006,1006.61005,3.115,-0.043,4.247,0.042770,0.792650,0.067843,-0.604379,img_159.jpg
30598,1280,720,636.84735,339.29688,1005.7006,1006.61005,3.131,-0.041,4.299,0.045181,0.800996,0.077099,-0.591963,img_160.jpg
30693,1280,720,636.84735,339.29688,1005.7006,1006.61005,3.142,-0.038,4.328,0.050568,0.809729,0.071640,-0.580215,img_161.jpg
30767,1280,720,636.84735,339.29688,1005.7006,1006.61005,3.153,-0.034,4.380,0.045426,0.821632,0.076751,-0.562999,img_162.jpg
30843,1280,720,636.84735,339.29688,1005.7006,1006.61005,3.159,-0.034,4.411,0.044312,0.830160,0.083167,-0.549503,img_163.jpg
30942,1280,720,636.84735,339.29688,1005.7006,1006.61005,3.169,-0.038,4.457,0.046780,0.845838,0.084813,-0.524573,img_164.jpg
31027,1280,720,636.84735,339.29688,1005.7006,1006.61005,3.174,-0.041,4.492,0.042399,0.853531,0.098113,-0.509963,img_165.jpg
31109,1280,720,636.84735,339.29688,1005.7006,1006.61005,3.180,-0.050,4.546,0.042003,0.865807,0.116806,-0.484737,img_166.jpg
31193,1280,720,636.84735,339.29688,1005.7006,1006.61005,3.183,-0.063,4.602,0.046981,0.878652,0.141659,-0.453538,img_167.jpg
31276,1280,720,636.84735,339.29688,1005.7006,1006.61005,3.179,-0.076,4.647,0.052097,0.885459,0.165181,-0.431236,img_168.jpg
31361,1280,720,636.84735,339.29688,1005.7006,1006.61005,3.174,-0.093,4.687,0.059267,0.887631,0.198199,-0.411480,img_169.jpg
31436,1280,720,636.84735,339.29688,1005.7006,1006.61005,3.156,-0.117,4.740,0.068126,0.891303,0.238625,-0.379468,img_170.jpg
31526,1280,720,636.84735,339.29688,1005.7006,1006.61005,3.139,-0.129,4.771,0.069982,0.892032,0.256731,-0.365337,img_171.jpg
31606,1280,720,636.84735,339.29688,1005.7006,1006.61005,3.115,-0.147,4.813,0.070500,0.893394,0.272783,-0.349953,img_172.jpg
31693,1280,720,636.84735,339.29688,1005.7006,1006.61005,3.099,-0.152,4.830,0.072372,0.896268,0.280155,-0.336123,img_173.jpg
31771,1280,720,636.84735,339.29688,1005.7006,1006.61005,3.078,-0.168,4.862,0.070601,0.898673,0.300029,-0.312064,img_174.jpg
31861,1280,720,636.84735,339.29688,1005.7006,1006.61005,3.068,-0.179,4.886,0.068343,0.900385,0.310491,-0.297039,img_175.jpg
31938,1280,720,636.84735,339.29688,1005.7006,1006.61005,3.047,-0.195,4.925,0.064816,0.902814,0.326857,-0.271828,img_176.jpg
32026,1280,720,636.84735,339.29688,1005.7006,1006.61005,3.034,-0.204,4.948,0.061853,0.903417,0.338859,-0.255316,img_177.jpg
32108,1280,720,636.84735,339.29688,1005.7006,1006.61005,3.013,-0.219,4.983,0.060788,0.903934,0.354869,-0.230817,img_178.jpg
32193,1280,720,636.84735,339.29688,1005.7006,1006.61005,2.992,-0.230,5.020,0.063622,0.905905,0.363510,-0.207724,img_179.jpg
32276,1280,720,636.84735,339.29688,1005.7006,1006.61005,2.977,-0.237,5.045,0.060750,0.906763,0.369347,-0.194094,img_180.jpg
32360,1280,720,636.84735,339.29688,1005.7006,1006.61005,2.961,-0.243,5.069,0.055777,0.905677,0.379487,-0.180628,img_181.jpg
32433,1280,720,636.84735,339.29688,1005.7006,1006.61005,2.932,-0.252,5.100,0.054459,0.909308,0.384266,-0.150108,img_182.jpg
32527,1280,720,636.84735,339.29688,1005.7006,1006.61005,2.894,-0.260,5.129,0.034668,0.909829,0.397106,-0.115399,img_183.jpg
32611,1280,720,636.84735,339.29688,1005.7006,1006.61005,2.870,-0.264,5.147,0.025220,0.912018,0.398075,-0.095518,img_184.jpg
32687,1280,720,636.84735,339.29688,1005.7006,1006.61005,2.840,-0.265,5.161,0.014205,0.915473,0.395082,-0.074959,img_185.jpg
32777,1280,720,636.84735,339.29688,1005.7006,1006.61005,2.790,-0.263,5.172,-0.003219,0.919009,0.391410,-0.047010,img_186.jpg
32854,1280,720,636.84735,339.29688,1005.7006,1006.61005,2.751,-0.265,5.182,-0.009161,0.921691,0.386650,-0.030062,img_187.jpg
32933,1280,720,636.84735,339.29688,1005.7006,1006.61005,2.681,-0.273,5.195,-0.017188,0.921872,0.387086,-0.004529,img_188.jpg
33028,1280,720,636.84735,339.29688,1005.7006,1006.61005,2.605,-0.274,5.200,-0.023192,0.924087,0.381273,0.012533,img_189.jpg
33110,1280,720,636.84735,339.29688,1005.7006,1006.61005,2.552,-0.275,5.203,-0.023749,0.925049,0.378304,0.024618,img_190.jpg
33189,1280,720,636.84735,339.29688,1005.7006,1006.61005,2.496,-0.276,5.204,-0.026225,0.924383,0.378083,0.043373,img_191.jpg
33270,1280,720,636.84735,339.29688,1005.7006,1006.61005,2.415,-0.270,5.203,-0.033862,0.924234,0.375338,0.061367,img_192.jpg
33362,1280,720,636.84735,339.29688,1005.7006,1006.61005,2.369,-0.267,5.205,-0.030010,0.924533,0.373159,0.071352,img_193.jpg
33436,1280,720,636.84735,339.29688,1005.7006,1006.61005,2.310,-0.263,5.211,-0.025122,0.924250,0.371252,0.085460,img_194.jpg
33527,1280,720,636.84735,339.29688,1005.7006,1006.61005,2.278,-0.258,5.217,-0.027788,0.925180,0.367341,0.091271,img_195.jpg
33609,1280,720,636.84735,339.29688,1005.7006,1006.61005,2.238,-0.248,5.232,-0.030718,0.930999,0.351049,0.095197,img_196.jpg
33694,1280,720,636.84735,339.29688,1005.7006,1006.61005,2.214,-0.237,5.247,-0.028231,0.936758,0.334734,0.098192,img_197.jpg
33775,1280,720,636.84735,339.29688,1005.7006,1006.61005,2.181,-0.215,5.275,-0.025848,0.946461,0.306759,0.097173,img_198.jpg
33861,1280,720,636.84735,339.29688,1005.7006,1006.61005,2.156,-0.183,5.306,-0.017838,0.958685,0.267868,0.094083,img_199.jpg
33946,1280,720,636.84735,339.29688,1005.7006,1006.61005,2.143,-0.158,5.331,-0.011098,0.966935,0.237019,0.093460,img_200.jpg
34047,1280,720,636.84735,339.29688,1005.7006,1006.61005,2.119,-0.117,5.370,0.000925,0.978358,0.183961,0.094722,img_201.jpg
34134,1280,720,636.84735,339.29688,1005.7006,1006.61005,2.095,-0.080,5.413,-0.003317,0.984571,0.147625,0.093895,img_202.jpg
34210,1280,720,636.84735,339.29688,1005.7006,1006.61005,2.084,-0.057,5.440,-0.000021,0.988952,0.115021,0.093506,img_203.jpg
34311,1280,720,636.84735,339.29688,1005.7006,1006.61005,2.067,-0.030,5.486,-0.009829,0.992536,0.082544,0.089227,img_204.jpg
34394,1280,720,636.84735,339.29688,1005.7006,1006.61005,2.057,-0.007,5.531,-0.003911,0.995172,0.052745,0.082674,img_205.jpg
34479,1280,720,636.84735,339.29688,1005.7006,1006.61005,2.051,0.002,5.562,-0.004766,0.996024,0.044845,0.076822,img_206.jpg
34553,1280,720,636.84735,339.29688,1005.7006,1006.61005,2.043,0.010,5.594,-0.009029,0.996150,0.047770,0.072948,img_207.jpg
34626,1280,720,636.84735,339.29688,1005.7006,1006.61005,2.037,0.014,5.634,-0.004609,0.997007,0.037778,0.067294,img_208.jpg
34712,1280,720,636.84735,339.29688,1005.7006,1006.61005,2.035,0.015,5.650,-0.001418,0.997320,0.030929,0.066288,img_209.jpg
34787,1280,720,636.84735,339.29688,1005.7006,1006.61005,2.032,0.016,5.665,0.005831,0.997345,0.023128,0.068807,img_210.jpg
34881,1280,720,636.84735,339.29688,1005.7006,1006.61005,2.026,0.020,5.674,0.009083,0.997540,0.018110,0.067104,img_211.jpg
34962,1280,720,636.84735,339.29688,1005.7006,1006.61005,2.021,0.020,5.669,0.011295,0.997858,0.013493,0.063002,img_212.jpg
35046,1280,720,636.84735,339.29688,1005.7006,1006.61005,2.016,0.021,5.663,0.009873,0.998191,0.012291,0.058020,img_213.jpg
35123,1280,720,636.84735,339.29688,1005.7006,1006.61005,2.011,0.021,5.659,0.008345,0.998389,0.013928,0.054361,img_214.jpg
35199,1280,720,636.84735,339.29688,1005.7006,1006.61005,2.002,0.020,5.653,0.010386,0.998558,0.016082,0.050160,img_215.jpg
35278,1280,720,636.84735,339.29688,1005.7006,1006.61005,1.994,0.017,5.646,0.006421,0.998796,0.020391,0.044160,img_216.jpg
35350,1280,720,636.84735,339.29688,1005.7006,1006.61005,1.987,0.016,5.635,0.007112,0.999064,0.018598,0.038413,img_217.jpg
35426,1280,720,636.84735,339.29688,1005.7006,1006.61005,1.973,0.015,5.616,0.006025,0.999396,0.017409,0.029463,img_218.jpg,marker_6.jpg,0.26051214,0.26051214,1.952,-0.120,6.157,-0.009837,0.691589,-0.722060,-0.722060
35512,1280,720,636.84735,339.29688,1005.7006,1006.61005,1.961,0.016,5.599,0.004620,0.999679,0.014988,0.019901,img_219.jpg
35584,1280,720,636.84735,339.29688,1005.7006,1006.61005,1.947,0.014,5.579,0.001453,0.999791,0.017710,0.010092,img_220.jpg
35664,1280,720,636.84735,339.29688,1005.7006,1006.61005,1.926,0.006,5.541,-0.000543,0.999641,0.026013,-0.006415,img_221.jpg
35745,1280,720,636.84735,339.29688,1005.7006,1006.61005,1.911,-0.004,5.514,-0.002478,0.998884,0.042602,-0.020253,img_222.jpg
35818,1280,720,636.84735,339.29688,1005.7006,1006.61005,1.896,-0.017,5.487,-0.003218,0.997289,0.066878,-0.030527,img_223.jpg
35902,1280,720,636.84735,339.29688,1005.7006,1006.61005,1.869,-0.036,5.444,-0.004696,0.994272,0.097454,-0.043629,img_224.jpg
35994,1280,720,636.84735,339.29688,1005.7006,1006.61005,1.849,-0.049,5.418,-0.005734,0.992158,0.115822,-0.046630,img_225.jpg
36076,1280,720,636.84735,339.29688,1005.7006,1006.61005,1.814,-0.070,5.383,-0.011091,0.988556,0.144642,-0.041375,img_226.jpg
36163,1280,720,636.84735,339.29688,1005.7006,1006.61005,1.775,-0.094,5.351,-0.025898,0.981719,0.183973,-0.041364,img_227.jpg
36247,1280,720,636.84735,339.29688,1005.7006,1006.61005,1.752,-0.109,5.326,-0.029045,0.978439,0.201185,-0.036585,img_228.jpg
36324,1280,720,636.84735,339.29688,1005.7006,1006.61005,1.718,-0.130,5.296,-0.027694,0.973900,0.224183,-0.022224,img_229.jpg
36412,1280,720,636.84735,339.29688,1005.7006,1006.61005,1.692,-0.142,5.276,-0.029909,0.970944,0.237189,-0.010687,img_230.jpg
36487,1280,720,636.84735,339.29688,1005.7006,1006.61005,1.671,-0.150,5.258,-0.031348,0.968680,0.246311,0.002717,img_231.jpg
36579,1280,720,636.84735,339.29688,1005.7006,1006.61005,1.635,-0.162,5.239,-0.034759,0.965263,0.258077,0.021363,img_232.jpg
36655,1280,720,636.84735,339.29688,1005.7006,1006.61005,1.610,-0.174,5.234,-0.040564,0.960405,0.273331,0.035611,img_233.jpg
36747,1280,720,636.84735,339.29688,1005.7006,1006.61005,1.571,-0.189,5.233,-0.045111,0.953610,0.291837,0.058508,img_234.jpg
36829,1280,720,636.84735,339.29688,1005.7006,1006.61005,1.525,-0.203,5.238,-0.053613,0.946926,0.305845,0.083163,img_235.jpg
36912,1280,720,636.84735,339.29688,1005.7006,1006.61005,1.489,-0.211,5.240,-0.059695,0.943974,0.308404,0.101174,img_236.jpg
36986,1280,720,636.84735,339.29688,1005.7006,1006.61005,1.452,-0.217,5.246,-0.061170,0.940193,0.314123,0.116716,img_237.jpg
37060,1280,720,636.84735,339.29688,1005.7006,1006.61005,1.395,-0.226,5.255,-0.058361,0.933296,0.328146,0.133689,img_238.jpg
37148,1280,720,636.84735,339.29688,1005.7006,1006.61005,1.359,-0.234,5.265,-0.058606,0.926360,0.343458,0.143035,img_239.jpg
37246,1280,720,636.84735,339.29688,1005.7006,1006.61005,1.305,-0.244,5.280,-0.064197,0.917370,0.361882,0.152815,img_240.jpg
37330,1280,720,636.84735,339.29688,1005.7006,1006.61005,1.253,-0.246,5.288,-0.074079,0.914625,0.359970,0.168508,img_241.jpg
37430,1280,720,636.84735,339.29688,1005.7006,1006.61005,1.198,-0.250,5.297,-0.091758,0.909982,0.362329,0.179532,img_242.jpg
37513,1280,720,636.84735,339.29688,1005.7006,1006.61005,1.162,-0.251,5.303,-0.094809,0.908763,0.361869,0.184965,img_243.jpg
37592,1280,720,636.84735,339.29688,1005.7006,1006.61005,1.102,-0.259,5.314,-0.101303,0.908217,0.360860,0.186171,img_244.jpg
37681,1280,720,636.84735,339.29688,1005.7006,1006.61005,1.062,-0.263,5.319,-0.100871,0.909551,0.358627,0.184197,img_245.jpg
37761,1280,720,636.84735,339.29688,1005.7006,1006.61005,0.993,-0.267,5.323,-0.098564,0.911355,0.356113,0.181385,img_246.jpg
37846,1280,720,636.84735,339.29688,1005.7006,1006.61005,0.946,-0.266,5.323,-0.096539,0.913014,0.354637,0.176970,img_247.jpg
37920,1280,720,636.84735,339.29688,1005.7006,1006.61005,0.897,-0.262,5.324,-0.095458,0.911794,0.357035,0.179013,img_248.jpg
38003,1280,720,636.84735,339.29688,1005.7006,1006.61005,0.817,-0.254,5.320,-0.090131,0.910819,0.357854,0.185004,img_249.jpg
38078,1280,720,636.84735,339.29688,1005.7006,1006.61005,0.767,-0.250,5.320,-0.084100,0.911978,0.354928,0.187747,img_250.jpg
38156,1280,720,636.84735,339.29688,1005.7006,1006.61005,0.721,-0.249,5.325,-0.081809,0.911557,0.353708,0.193034,img_251.jpg
38233,1280,720,636.84735,339.29688,1005.7006,1006.61005,0.657,-0.244,5.334,-0.086304,0.911947,0.351807,0.192705,img_252.jpg
38313,1280,720,636.84735,339.29688,1005.7006,1006.61005,0.622,-0.241,5.342,-0.083281,0.914391,0.346358,0.192328,img_253.jpg
38392,1280,720,636.84735,339.29688,1005.7006,1006.61005,0.587,-0.241,5.352,-0.082233,0.916243,0.342172,0.191455,img_254.jpg
38467,1280,720,636.84735,339.29688,1005.7006,1006.61005,0.529,-0.246,5.374,-0.080044,0.916586,0.341155,0.192553,img_255.jpg
38549,1280,720,636.84735,339.29688,1005.7006,1006.61005,0.488,-0.252,5.390,-0.079235,0.914759,0.344495,0.195607,img_256.jpg
38632,1280,720,636.84735,339.29688,1005.7006,1006.61005,0.424,-0.258,5.413,-0.075712,0.911275,0.352357,0.199223,img_257.jpg
38713,1280,720,636.84735,339.29688,1005.7006,1006.61005,0.381,-0.259,5.428,-0.070477,0.904937,0.363455,0.209817,img_258.jpg
38797,1280,720,636.84735,339.29688,1005.7006,1006.61005,0.315,-0.257,5.443,0.081062,-0.896112,-0.373253,-0.226041,img_259.jpg
38880,1280,720,636.84735,339.29688,1005.7006,1006.61005,0.272,-0.255,5.453,0.086089,-0.893583,-0.369491,-0.239946,img_260.jpg
38958,1280,720,636.84735,339.29688,1005.7006,1006.61005,0.227,-0.259,5.465,0.102503,-0.886705,-0.373692,-0.252192,img_261.jpg
39036,1280,720,636.84735,339.29688,1005.7006,1006.61005,0.167,-0.259,5.479,0.105894,-0.885287,-0.367618,-0.264405,img_262.jpg
39114,1280,720,636.84735,339.29688,1005.7006,1006.61005,0.125,-0.262,5.488,0.110581,-0.884438,-0.363532,-0.270898,img_263.jpg
39190,1280,720,636.84735,339.29688,1005.7006,1006.61005,0.080,-0.264,5.497,0.114452,-0.885263,-0.359145,-0.272443,img_264.jpg
39281,1280,720,636.84735,339.29688,1005.7006,1006.61005,0.009,-0.268,5.510,0.113919,-0.888149,-0.352353,-0.272140,img_265.jpg
39365,1280,720,636.84735,339.29688,1005.7006,1006.61005,-0.066,-0.266,5.521,0.104484,-0.894615,-0.343874,-0.265516,img_266.jpg
39448,1280,720,636.84735,339.29688,1005.7006,1006.61005,-0.115,-0.257,5.523,0.098472,-0.899390,-0.338402,-0.258620,img_267.jpg
39530,1280,720,636.84735,339.29688,1005.7006,1006.61005,-0.194,-0.250,5.531,0.098620,-0.897756,-0.345633,-0.254650,img_268.jpg
39613,1280,720,636.84735,339.29688,1005.7006,1006.61005,-0.240,-0.245,5.533,0.093689,-0.899993,-0.344340,-0.250330,img_269.jpg
39696,1280,720,636.84735,339.29688,1005.7006,1006.61005,-0.287,-0.247,5.536,0.093515,-0.898900,-0.346775,-0.250961,img_270.jpg
39780,1280,720,636.84735,339.29688,1005.7006,1006.61005,-0.351,-0.252,5.544,0.102803,-0.893561,-0.356170,-0.253225,img_271.jpg
39864,1280,720,636.84735,339.29688,1005.7006,1006.61005,-0.417,-0.259,5.553,0.105948,-0.890823,-0.361875,-0.253486,img_272.jpg
39949,1280,720,636.84735,339.29688,1005.7006,1006.61005,-0.465,-0.265,5.559,0.110988,-0.887040,-0.368553,-0.254972,img_273.jpg
40028,1280,720,636.84735,339.29688,1005.7006,1006.61005,-0.537,-0.279,5.571,0.118335,-0.882542,-0.380306,-0.249967,img_274.jpg
40115,1280,720,636.84735,339.29688,1005.7006,1006.61005,-0.583,-0.287,5.581,0.123839,-0.880146,-0.391566,-0.238084,img_275.jpg
40214,1280,720,636.84735,339.29688,1005.7006,1006.61005,-0.649,-0.286,5.599,0.108686,-0.881036,-0.396170,-0.234547,img_276.jpg
40296,1280,720,636.84735,339.29688,1005.7006,1006.61005,-0.699,-0.284,5.609,0.112294,-0.874072,-0.406925,-0.240419,img_277.jpg
40378,1280,720,636.84735,339.29688,1005.7006,1006.61005,-0.772,-0.278,5.621,0.103023,-0.875416,-0.396088,-0.257192,img_278.jpg
40465,1280,720,636.84735,339.29688,1005.7006,1006.61005,-0.846,-0.277,5.628,0.115981,-0.873435,-0.390447,-0.266853,img_279.jpg
40547,1280,720,636.84735,339.29688,1005.7006,1006.61005,-0.893,-0.278,5.631,0.110241,-0.874465,-0.386393,-0.271769,img_280.jpg
40618,1280,720,636.84735,339.29688,1005.7006,1006.61005,-0.967,-0.279,5.629,0.111688,-0.876563,-0.378988,-0.274828,img_281.jpg
40715,1280,720,636.84735,339.29688,1005.7006,1006.61005,-1.022,-0.282,5.629,0.104179,-0.879357,-0.374109,-0.275536,img_282.jpg
40787,1280,720,636.84735,339.29688,1005.7006,1006.61005,-1.075,-0.283,5.627,0.094963,-0.882035,-0.370272,-0.275491,img_283.jpg
40863,1280,720,636.84735,339.29688,1005.7006,1006.61005,-1.155,-0.280,5.620,0.080895,-0.886237,-0.366565,-0.271422,img_284.jpg
40950,1280,720,636.84735,339.29688,1005.7006,1006.61005,-1.209,-0.278,5.616,0.077667,-0.884669,-0.370179,-0.272573,img_285.jpg
41021,1280,720,636.84735,339.29688,1005.7006,1006.61005,-1.284,-0.271,5.611,0.070813,-0.885481,-0.371341,-0.270212,img_286.jpg
41114,1280,720,636.84735,339.29688,1005.7006,1006.61005,-1.329,-0.269,5.614,0.063540,-0.887127,-0.370818,-0.267324,img_287.jpg
41190,1280,720,636.84735,339.29688,1005.7006,1006.61005,-1.396,-0.269,5.624,0.066437,-0.882831,-0.380814,-0.266790,img_288.jpg
41280,1280,720,636.84735,339.29688,1005.7006,1006.61005,-1.436,-0.266,5.633,0.065177,-0.885668,-0.377716,-0.262061,img_289.jpg
41355,1280,720,636.84735,339.29688,1005.7006,1006.61005,-1.476,-0.262,5.645,0.060406,-0.890540,-0.369329,-0.258623,img_290.jpg
41435,1280,720,636.84735,339.29688,1005.7006,1006.61005,-1.530,-0.250,5.671,0.049079,-0.901657,-0.346414,-0.254171,img_291.jpg
41532,1280,720,636.84735,339.29688,1005.7006,1006.61005,-1.580,-0.229,5.700,-0.033460,0.915827,0.315828,0.245751,img_292.jpg
41615,1280,720,636.84735,339.29688,1005.7006,1006.61005,-1.609,-0.213,5.720,-0.018803,0.924088,0.297464,0.239215,img_293.jpg
41698,1280,720,636.84735,339.29688,1005.7006,1006.61005,-1.644,-0.189,5.747,-0.009762,0.933374,0.280477,0.223721,img_294.jpg
41780,1280,720,636.84735,339.29688,1005.7006,1006.61005,-1.662,-0.172,5.762,0.005600,0.942369,0.260609,0.209744,img_295.jpg
41860,1280,720,636.84735,339.29688,1005.7006,1006.61005,-1.689,-0.145,5.783,0.007907,0.955043,0.224747,0.193182,img_296.jpg
41950,1280,720,636.84735,339.29688,1005.7006,1006.61005,-1.712,-0.129,5.802,0.007680,0.964489,0.193818,0.179269,img_297.jpg
42029,1280,720,636.84735,339.29688,1005.7006,1006.61005,-1.744,-0.103,5.825,0.009867,0.977903,0.144405,0.150849,img_298.jpg
42115,1280,720,636.84735,339.29688,1005.7006,1006.61005,-1.768,-0.089,5.838,0.014113,0.984269,0.112041,0.135875,img_299.jpg
42196,1280,720,636.84735,339.29688,1005.7006,1006.61005,-1.809,-0.065,5.857,0.015499,0.990451,0.076106,0.113905,img_300.jpg
42281,1280,720,636.84735,339.29688,1005.7006,1006.61005,-1.835,-0.052,5.869,0.019480,0.992614,0.056962,0.105321,img_301.jpg
42365,1280,720,636.84735,339.29688,1005.7006,1006.61005,-1.873,-0.033,5.882,0.025229,0.994657,0.035964,0.093419,img_302.jpg
42450,1280,720,636.84735,339.29688,1005.7006,1006.61005,-1.895,-0.023,5.894,0.025406,0.995815,0.026695,0.083633,img_303.jpg
42531,1280,720,636.84735,339.29688,1005.7006,1006.61005,-1.924,-0.017,5.902,0.025477,0.997231,0.019987,0.066940,img_304.jpg
42633,1280,720,636.84735,339.29688,1005.7006,1006.61005,-1.942,-0.019,5.909,0.025466,0.998120,0.017831,0.052823,img_305.jpg
42715,1280,720,636.84735,339.29688,1005.7006,1006.61005,-1.954,-0.021,5.909,0.021282,0.998651,0.018033,0.043797,img_306.jpg
42797,1280,720,636.84735,339.29688,1005.7006,1006.61005,-1.968,-0.024,5.906,0.018689,0.999111,0.020229,0.031929,img_307.jpg,marker_7.png,0.25751936,0.25751936,-1.991,-0.152,6.454,-0.003213,0.708239,-0.705937,-0.705937
42882,1280,720,636.84735,339.29688,1005.7006,1006.61005,-1.976,-0.025,5.904,0.018978,0.999261,0.021318,0.025747,img_308.jpg
42963,1280,720,636.84735,339.29688,1005.7006,1006.61005,-1.983,-0.025,5.902,0.024610,0.999331,0.018474,0.019744,img_309.jpg
43049,1280,720,636.84735,339.29688,1005.7006,1006.61005,-1.987,-0.024,5.901,0.022724,0.999459,0.017666,0.015928,img_310.jpg
43123,1280,720,636.84735,339.29688,1005.7006,1006.61005,-1.990,-0.024,5.903,0.020037,0.999570,0.017372,0.012488,img_311.jpg
43203,1280,720,636.84735,339.29688,1005.7006,1006.61005,-1.992,-0.023,5.902,0.015890,0.999686,0.016935,0.009385,img_312.jpg
43282,1280,720,636.84735,339.29688,1005.7006,1006.61005,-1.991,-0.023,5.902,0.016096,0.999685,0.016647,0.009639,img_313.jpg,marker_7.png,0.25877532,0.25877532,-1.991,-0.150,6.451,-0.028136,0.708670,-0.704559,-0.704559
43361,1280,720,636.84735,339.29688,1005.7006,1006.61005,-1.989,-0.024,5.904,0.014203,0.999660,0.018220,0.012119,img_314.jpg
43449,1280,720,636.84735,339.29688,1005.7006,1006.61005,-1.985,-0.025,5.904,0.010689,0.999668,0.019049,0.013672,img_315.jpg
43522,1280,720,636.84735,339.29688,1005.7006,1006.61005,-1.982,-0.028,5.902,0.002621,0.999616,0.023327,0.014754,img_316.jpg
43607,1280,720,636.84735,339.29688,1005.7006,1006.61005,-1.977,-0.045,5.895,-0.010807,0.998440,0.052058,0.017058,img_317.jpg
43699,1280,720,636.84735,339.29688,1005.7006,1006.61005,-1.966,-0.075,5.885,-0.010434,0.995303,0.091752,0.029047,img_318.jpg
43780,1280,720,636.84735,339.29688,1005.7006,1006.61005,-1.955,-0.082,5.877,0.000395,0.994639,0.094163,0.042733,img_319.jpg
43857,1280,720,636.84735,339.29688,1005.7006,1006.61005,-1.945,-0.066,5.866,-0.003059,0.996109,0.072676,0.049757,img_320.jpg,marker_7.png,0.26635948,0.26635948,-1.992,-0.153,6.462,-0.026508,0.693229,-0.719937,-0.719937
43951,1280,720,636.84735,339.29688,1005.7006,1006.61005,-1.937,-0.047,5.855,-0.006710,0.997588,0.046898,0.050730,img_321.jpg
44025,1280,720,636.84735,339.29688,1005.7006,1006.61005,-1.925,-0.020,5.837,-0.006683,0.998539,0.008939,0.052869,img_322.jpg
44115,1280,720,636.84735,339.29688,1005.7006,1006.61005,-1.919,-0.004,5.824,-0.008345,0.998496,-0.013392,0.052506,img_323.jpg
44193,1280,720,636.84735,339.29688,1005.7006,1006.61005,-1.911,0.014,5.804,-0.006386,0.997791,-0.040570,0.052220,img_324.jpg
44283,1280,720,636.84735,339.29688,1005.7006,1006.61005,-1.907,0.022,5.793,-0.006012,0.997396,-0.052533,0.049037,img_325.jpg
44364,1280,720,636.84735,339.29688,1005.7006,1006.61005,-1.903,0.027,5.773,-0.001666,0.997073,-0.059208,0.048337,img_326.jpg
44451,1280,720,636.84735,339.29688,1005.7006,1006.61005,-1.904,0.025,5.762,0.000106,0.997176,-0.058340,0.047301,img_327.jpg
44528,1280,720,636.84735,339.29688,1005.7006,1006.61005,-1.911,0.008,5.747,0.000416,0.997735,-0.032761,0.058752,img_328.jpg,marker_7.png,0.26635948,0.26635948,-1.990,-0.151,6.463,-0.026838,0.711443,-0.701778,-0.701778
44616,1280,720,636.84735,339.29688,1005.7006,1006.61005,-1.924,-0.018,5.737,-0.011130,0.997885,0.012880,0.062738,img_329.jpg
44695,1280,720,636.84735,339.29688,1005.7006,1006.61005,-1.945,-0.083,5.734,-0.014077,0.989148,0.114114,0.091469,img_330.jpg
44781,1280,720,636.84735,339.29688,1005.7006,1006.61005,-1.963,-0.123,5.725,-0.029077,0.981011,0.163372,0.100406,img_331.jpg
44858,1280,720,636.84735,339.29688,1005.7006,1006.61005,-1.993,-0.166,5.700,-0.046796,0.970219,0.208725,0.113663,img_332.jpg
44951,1280,720,636.84735,339.29688,1005.7006,1006.61005,-2.014,-0.187,5.683,-0.054832,0.964100,0.230414,0.120062,img_333.jpg
45032,1280,720,636.84735,339.29688,1005.7006,1006.61005,-2.047,-0.213,5.658,-0.059891,0.955854,0.255762,0.131691,img_334.jpg
45116,1280,720,636.84735,339.29688,1005.7006,1006.61005,-2.071,-0.231,5.648,-0.061440,0.949698,0.272852,0.140896,img_335.jpg
45197,1280,720,636.84735,339.29688,1005.7006,1006.61005,-2.111,-0.253,5.633,-0.065210,0.941346,0.292559,0.154996,img_336.jpg
45281,1280,720,636.84735,339.29688,1005.7006,1006.61005,-2.137,-0.262,5.629,-0.065911,0.937361,0.299324,0.165578,img_337.jpg
45352,1280,720,636.84735,339.29688,1005.7006,1006.61005,-2.165,-0.271,5.626,-0.066389,0.934028,0.303383,0.176475,img_338.jpg
45426,1280,720,636.84735,339.29688,1005.7006,1006.61005,-2.209,-0.282,5.634,-0.075715,0.929991,0.304326,0.191756,img_339.jpg
45517,1280,720,636.84735,339.29688,1005.7006,1006.61005,-2.254,-0.290,5.648,-0.080481,0.924636,0.309339,0.207078,img_340.jpg
45600,1280,720,636.84735,339.29688,1005.7006,1006.61005,-2.284,-0.295,5.660,0.083148,-0.920276,-0.315092,-0.216555,img_341.jpg
45678,1280,720,636.84735,339.29688,1005.7006,1006.61005,-2.314,-0.301,5.672,0.082436,-0.917941,-0.316974,-0.223866,img_342.jpg
45769,1280,720,636.84735,339.29688,1005.7006,1006.61005,-2.359,-0.304,5.692,0.083544,-0.913555,-0.320875,-0.235537,img_343.jpg
45846,1280,720,636.84735,339.29688,1005.7006,1006.61005,-2.389,-0.306,5.704,0.091818,-0.906712,-0.329657,-0.246515,img_344.jpg
45934,1280,720,636.84735,339.29688,1005.7006,1006.61005,-2.433,-0.308,5.722,0.104378,-0.900113,-0.328603,-0.266311,img_345.jpg
46008,1280,720,636.84735,339.29688,1005.7006,1006.61005,-2.462,-0.307,5.731,0.110159,-0.895008,-0.324031,-0.286059,img_346.jpg
46085,1280,720,636.84735,339.29688,1005.7006,1006.61005,-2.515,-0.303,5.744,0.123088,-0.885400,-0.316177,-0.317725,img_347.jpg
46167,1280,720,636.84735,339.29688,1005.7006,1006.61005,-2.553,-0.297,5.753,0.125315,-0.881240,-0.304693,-0.338931,img_348.jpg
46248,1280,720,636.84735,339.29688,1005.7006,1006.61005,-2.593,-0.289,5.762,0.127721,-0.877212,-0.295496,-0.356186,img_349.jpg
46338,1280,720,636.84735,339.29688,1005.7006,1006.61005,-2.649,-0.275,5.771,0.121714,-0.873792,-0.276776,-0.380878,img_350.jpg
46438,1280,720,636.84735,339.29688,1005.7006,1006.61005,-2.709,-0.262,5.777,0.114489,-0.872401,-0.262982,-0.395790,img_351.jpg
46518,1280,720,636.84735,339.29688,1005.7006,1006.61005,-2.747,-0.254,5.780,0.106739,-0.872795,-0.254394,-0.402640,img_352.jpg
46595,1280,720,636.84735,339.29688,1005.7006,1006.61005,-2.805,-0.239,5.785,0.099332,-0.873181,-0.241173,-0.411732,img_353.jpg
46682,1280,720,636.84735,339.29688,1005.7006,1006.61005,-2.842,-0.229,5.788,0.095689,-0.873361,-0.231952,-0.417472,img_354.jpg
46757,1280,720,636.84735,339.29688,1005.7006,1006.61005,-2.888,-0.212,5.794,0.083966,-0.873300,-0.210531,-0.431247,img_355.jpg
46837,1280,720,636.84735,339.29688,1005.7006,1006.61005,-2.916,-0.198,5.796,0.076052,-0.874046,-0.195933,-0.438030,img_356.jpg
46935,1280,720,636.84735,339.29688,1005.7006,1006.61005,-2.956,-0.175,5.793,0.063953,-0.872694,-0.172508,-0.452280,img_357.jpg
47017,1280,720,636.84735,339.29688,1005.7006,1006.61005,-2.997,-0.159,5.787,0.060586,-0.867946,-0.151677,-0.469034,img_358.jpg
47101,1280,720,636.84735,339.29688,1005.7006,1006.61005,-3.025,-0.150,5.780,0.058938,-0.862371,-0.140886,-0.482695,img_359.jpg
47179,1280,720,636.84735,339.29688,1005.7006,1006.61005,-3.047,-0.141,5.769,0.054621,-0.856691,-0.129924,-0.496203,img_360.jpg
47257,1280,720,636.84735,339.29688,1005.7006,1006.61005,-3.074,-0.129,5.746,0.049552,-0.845781,-0.116347,-0.518327,img_361.jpg
47355,1280,720,636.84735,339.29688,1005.7006,1006.61005,-3.085,-0.123,5.725,0.046790,-0.838616,-0.108107,-0.531834,img_362.jpg
47434,1280,720,636.84735,339.29688,1005.7006,1006.61005,-3.097,-0.114,5.693,0.039878,-0.827528,-0.100905,-0.550841,img_363.jpg
47511,1280,720,636.84735,339.29688,1005.7006,1006.61005,-3.100,-0.109,5.670,0.034369,-0.820608,-0.097476,-0.562068,img_364.jpg
47602,1280,720,636.84735,339.29688,1005.7006,1006.61005,-3.101,-0.100,5.633,0.026558,-0.807837,-0.090873,-0.581752,img_365.jpg
47682,1280,720,636.84735,339.29688,1005.7006,1006.61005,-3.100,-0.094,5.607,0.018378,-0.801458,-0.086844,-0.591426,img_366.jpg
47767,1280,720,636.84735,339.29688,1005.7006,1006.61005,-3.096,-0.085,5.567,0.006795,-0.788380,-0.077637,-0.610232,img_367.jpg
47853,1280,720,636.84735,339.29688,1005.7006,1006.61005,-3.093,-0.078,5.531,0.001151,-0.778793,-0.072852,-0.623035,img_368.jpg
47936,1280,720,636.84735,339.29688,1005.7006,1006.61005,-3.091,-0.072,5.508,0.001504,-0.772989,-0.068140,-0.630748,img_369.jpg
48035,1280,720,636.84735,339.29688,1005.7006,1006.61005,-3.094,-0.062,5.478,0.004399,-0.763625,-0.060967,-0.642760,img_370.jpg,marker_8.jpg,0.27370244,0.27370244,-3.786,-0.159,5.570,-0.462226,-0.544404,0.530232,0.530232
48119,1280,720,636.84735,339.29688,1005.7006,1006.61005,-3.101,-0.052,5.456,0.008196,-0.756914,-0.052603,-0.651343,img_371.jpg
48201,1280,720,636.84735,339.29688,1005.7006,1006.61005,-3.106,-0.046,5.445,0.008811,-0.752841,-0.049078,-0.656311,img_372.jpg
48288,1280,720,636.84735,339.29688,1005.7006,1006.61005,-3.113,-0.041,5.435,0.009027,-0.749473,-0.047839,-0.660243,img_373.jpg
48383,1280,720,636.84735,339.29688,1005.7006,1006.61005,-3.120,-0.041,5.432,0.008410,-0.749639,-0.051706,-0.659770,img_374.jpg
48468,1280,720,636.84735,339.29688,1005.7006,1006.61005,-3.127,-0.043,5.431,0.010709,-0.751461,-0.053977,-0.657479,img_375.jpg
48544,1280,720,636.84735,339.29688,1005.7006,1006.61005,-3.134,-0.044,5.431,0.013485,-0.753640,-0.053230,-0.654989,img_376.jpg
48627,1280,720,636.84735,339.29688,1005.7006,1006.61005,-3.148,-0.049,5.429,0.021165,-0.756445,-0.051875,-0.651654,img_377.jpg,marker_8.jpg,0.26902202,0.26902202,-3.782,-0.160,5.570,-0.452311,-0.544812,0.537409,0.537409
48719,1280,720,636.84735,339.29688,1005.7006,1006.61005,-3.160,-0.051,5.426,0.026430,-0.760769,-0.050312,-0.646530,img_378.jpg
48819,1280,720,636.84735,339.29688,1005.7006,1006.61005,-3.171,-0.051,5.418,0.030062,-0.765175,-0.046685,-0.641423,img_379.jpg
48901,1280,720,636.84735,339.29688,1005.7006,1006.61005,-3.176,-0.050,5.409,0.036423,-0.769840,-0.040243,-0.635925,img_380.jpg
48980,1280,720,636.84735,339.29688,1005.7006,1006.61005,-3.175,-0.048,5.387,0.040109,-0.773595,-0.033434,-0.631526,img_381.jpg
49068,1280,720,636.84735,339.29688,1005.7006,1006.61005,-3.167,-0.047,5.368,0.039273,-0.774928,-0.028871,-0.630168,img_382.jpg
49145,1280,720,636.84735,339.29688,1005.7006,1006.61005,-3.157,-0.044,5.344,0.038817,-0.775347,-0.025372,-0.629830,img_383.jpg
49224,1280,720,636.84735,339.29688,1005.7006,1006.61005,-3.139,-0.042,5.302,0.036816,-0.771066,-0.021281,-0.635334,img_384.jpg
49302,1280,720,636.84735,339.29688,1005.7006,1006.61005,-3.127,-0.042,5.271,0.039809,-0.767317,-0.022052,-0.639651,img_385.jpg
49383,1280,720,636.84735,339.29688,1005.7006,1006.61005,-3.102,-0.045,5.226,0.035488,-0.763825,-0.021648,-0.644083,img_386.jpg
49470,1280,720,636.84735,339.29688,1005.7006,1006.61005,-3.088,-0.051,5.200,0.032480,-0.760375,-0.029069,-0.648020,img_387.jpg
49547,1280,720,636.84735,339.29688,1005.7006,1006.61005,-3.078,-0.059,5.174,0.037250,-0.758179,-0.038743,-0.649828,img_388.jpg
49623,1280,720,636.84735,339.29688,1005.7006,1006.61005,-3.068,-0.067,5.140,0.031504,-0.751477,-0.047967,-0.657258,img_389.jpg,marker_8.jpg,0.26431495,0.26431495,-3.765,-0.157,5.566,-0.495847,-0.507956,0.516176,0.516176
49718,1280,720,636.84735,339.29688,1005.7006,1006.61005,-3.061,-0.072,5.105,0.038530,-0.757911,-0.060202,-0.648430,img_390.jpg
49803,1280,720,636.84735,339.29688,1005.7006,1006.61005,-3.054,-0.072,5.079,0.042413,-0.761343,-0.058722,-0.644290,img_391.jpg
49883,1280,720,636.84735,339.29688,1005.7006,1006.61005,-3.040,-0.068,5.039,0.039634,-0.763116,-0.050915,-0.643032,img_392.jpg
49969,1280,720,636.84735,339.29688,1005.7006,1006.61005,-3.028,-0.064,5.011,0.033548,-0.765208,-0.045213,-0.641317,img_393.jpg
50052,1280,720,636.84735,339.29688,1005.7006,1006.61005,-3.016,-0.058,4.980,0.027706,-0.766354,-0.036012,-0.640810,img_394.jpg
50127,1280,720,636.84735,339.29688,1005.7006,1006.61005,-3.000,-0.051,4.925,0.017614,-0.764368,-0.024565,-0.644072,img_395.jpg
50202,1280,720,636.84735,339.29688,1005.7006,1006.61005,-2.989,-0.048,4.887,0.011946,-0.764976,-0.019741,-0.643645,img_396.jpg
50284,1280,720,636.84735,339.29688,1005.7006,1006.61005,-2.977,-0.047,4.826,0.006550,-0.768400,-0.018204,-0.639677,img_397.jpg
50369,1280,720,636.84735,339.29688,1005.7006,1006.61005,-2.974,-0.048,4.782,0.013221,-0.773514,-0.018829,-0.633362,img_398.jpg
50457,1280,720,636.84735,339.29688,1005.7006,1006.61005,-2.970,-0.050,4.740,0.015271,-0.777776,-0.020919,-0.628008,img_399.jpg
50535,1280,720,636.84735,339.29688,1005.7006,1006.61005,-2.969,-0.053,4.676,0.024723,-0.778653,-0.024519,-0.626488,img_400.jpg
50619,1280,720,636.84735,339.29688,1005.7006,1006.61005,-2.967,-0.054,4.634,0.027466,-0.779540,-0.027380,-0.625150,img_401.jpg
50695,1280,720,636.84735,339.29688,1005.7006,1006.61005,-2.966,-0.055,4.571,0.041989,-0.779175,-0.036798,-0.624315,img_402.jpg
50793,1280,720,636.84735,339.29688,1005.7006,1006.61005,-2.962,-0.055,4.515,0.057501,-0.786105,-0.041284,-0.614026,img_403.jpg
50884,1280,720,636.84735,339.29688,1005.7006,1006.61005,-2.959,-0.056,4.466,0.054156,-0.785785,-0.045319,-0.614455,img_404.jpg
50970,1280,720,636.84735,339.29688,1005.7006,1006.61005,-2.961,-0.057,4.433,0.049287,-0.782406,-0.049195,-0.618863,img_405.jpg
51050,1280,720,636.84735,339.29688,1005.7006,1006.61005,-2.970,-0.061,4.404,0.053418,-0.778564,-0.057498,-0.622639,img_406.jpg
51129,1280,720,636.84735,339.29688,1005.7006,1006.61005,-2.983,-0.068,4.363,0.047874,-0.775724,-0.056502,-0.626712,img_407.jpg
51220,1280,720,636.84735,339.29688,1005.7006,1006.61005,-2.999,-0.073,4.315,0.040865,-0.778174,-0.053973,-0.624389,img_408.jpg
51321,1280,720,636.84735,339.29688,1005.7006,1006.61005,-3.016,-0.079,4.260,0.030448,-0.780594,-0.060005,-0.621406,img_409.jpg
51420,1280,720,636.84735,339.29688,1005.7006,1006.61005,-3.036,-0.078,4.196,0.038185,-0.781870,-0.065274,-0.618838,img_410.jpg
51520,1280,720,636.84735,339.29688,1005.7006,1006.61005,-3.049,-0.069,4.139,0.025931,-0.776803,-0.070269,-0.625273,img_411.jpg
51603,1280,720,636.84735,339.29688,1005.7006,1006.61005,-3.058,-0.063,4.101,0.037196,-0.780840,-0.062652,-0.620467,img_412.jpg
51685,1280,720,636.84735,339.29688,1005.7006,1006.61005,-3.071,-0.054,4.053,0.028765,-0.780287,-0.055480,-0.622292,img_413.jpg
51770,1280,720,636.84735,339.29688,1005.7006,1006.61005,-3.079,-0.051,4.021,0.023794,-0.778471,-0.051450,-0.625116,img_414.jpg
51849,1280,720,636.84735,339.29688,1005.7006,1006.61005,-3.092,-0.049,3.973,0.026867,-0.778326,-0.044209,-0.625726,img_415.jpg
51936,1280,720,636.84735,339.29688,1005.7006,1006.61005,-3.101,-0.050,3.940,0.023918,-0.775695,-0.043659,-0.629141,img_416.jpg
52012,1280,720,636.84735,339.29688,1005.7006,1006.61005,-3.113,-0.051,3.908,0.029133,-0.775564,-0.043865,-0.629069,img_417.jpg
52095,1280,720,636.84735,339.29688,1005.7006,1006.61005,-3.124,-0.050,3.865,0.033324,-0.784148,-0.042475,-0.618222,img_418.jpg
52187,1280,720,636.84735,339.29688,1005.7006,1006.61005,-3.132,-0.047,3.831,0.029636,-0.794824,-0.049057,-0.604128,img_419.jpg,marker_9.jpg,0.26661178,0.26661178,-3.898,-0.157,4.062,-0.468095,-0.534203,0.521816,0.521816
52285,1280,720,636.84735,339.29688,1005.7006,1006.61005,-3.137,-0.042,3.803,0.025730,-0.807357,-0.052859,-0.587128,img_420.jpg
52371,1280,720,636.84735,339.29688,1005.7006,1006.61005,-3.141,-0.041,3.790,0.022479,-0.811781,-0.054092,-0.581017,img_421.jpg
52455,1280,720,636.84735,339.29688,1005.7006,1006.61005,-3.148,-0.039,3.777,0.017422,-0.818482,-0.050675,-0.572028,img_422.jpg
52536,1280,720,636.84735,339.29688,1005.7006,1006.61005,-3.157,-0.038,3.771,0.026464,-0.821737,-0.048692,-0.567166,img_423.jpg
52612,1280,720,636.84735,339.29688,1005.7006,1006.61005,-3.169,-0.037,3.769,0.027031,-0.827557,-0.044978,-0.558923,img_424.jpg
52703,1280,720,636.84735,339.29688,1005.7006,1006.61005,-3.180,-0.037,3.772,0.024789,-0.829030,-0.044474,-0.556881,img_425.jpg
52788,1280,720,636.84735,339.29688,1005.7006,1006.61005,-3.194,-0.037,3.775,0.024289,-0.829450,-0.042178,-0.556456,img_426.jpg
52868,1280,720,636.84735,339.29688,1005.7006,1006.61005,-3.215,-0.039,3.780,0.028581,-0.829161,-0.042970,-0.556624,img_427.jpg,marker_9.jpg,0.2654432,0.2654432,-3.896,-0.157,4.062,-0.476117,-0.526634,0.519853,0.519853
52948,1280,720,636.84735,339.29688,1005.7006,1006.61005,-3.233,-0.039,3.781,0.023561,-0.827413,-0.041077,-0.559594,img_428.jpg
53039,1280,720,636.84735,339.29688,1005.7006,1006.61005,-3.244,-0.038,3.774,0.025848,-0.826105,-0.038516,-0.561605,img_429.jpg
53121,1280,720,636.84735,339.29688,1005.7006,1006.61005,-3.253,-0.038,3.754,0.028179,-0.820605,-0.031948,-0.569906,img_430.jpg
53204,1280,720,636.84735,339.29688,1005.7006,1006.61005,-3.256,-0.037,3.737,0.026257,-0.814559,-0.026390,-0.578885,img_431.jpg
53286,1280,720,636.84735,339.29688,1005.7006,1006.61005,-3.259,-0.034,3.705,0.024773,-0.805778,-0.020427,-0.591347,img_432.jpg
53371,1280,720,636.84735,339.29688,1005.7006,1006.61005,-3.259,-0.034,3.681,0.027678,-0.802604,-0.020927,-0.595502,img_433.jpg
53457,1280,720,636.84735,339.29688,1005.7006,1006.61005,-3.259,-0.036,3.640,0.034252,-0.797363,-0.023230,-0.602079,img_434.jpg
53538,1280,720,636.84735,339.29688,1005.7006,1006.61005,-3.258,-0.037,3.607,0.040761,-0.795490,-0.021993,-0.604194,img_435.jpg
53611,1280,720,636.84735,339.29688,1005.7006,1006.61005,-3.251,-0.039,3.553,0.039750,-0.788911,-0.019878,-0.612898,img_436.jpg
53704,1280,720,636.84735,339.29688,1005.7006,1006.61005,-3.245,-0.039,3.514,0.042082,-0.783969,-0.017981,-0.619111,img_437.jpg
53788,1280,720,636.84735,339.29688,1005.7006,1006.61005,-3.233,-0.042,3.451,0.046039,-0.780001,-0.020465,-0.623747,img_438.jpg
53887,1280,720,636.84735,339.29688,1005.7006,1006.61005,-3.217,-0.044,3.383,0.044314,-0.773212,-0.024428,-0.632126,img_439.jpg
53968,1280,720,636.84735,339.29688,1005.7006,1006.61005,-3.208,-0.045,3.337,0.049286,-0.770016,-0.024894,-0.635631,img_440.jpg
54056,1280,720,636.84735,339.29688,1005.7006,1006.61005,-3.200,-0.051,3.272,0.057375,-0.760933,-0.032647,-0.645463,img_441.jpg
54141,1280,720,636.84735,339.29688,1005.7006,1006.61005,-3.197,-0.053,3.232,0.054538,-0.753144,-0.037208,-0.654535,img_442.jpg
54223,1280,720,636.84735,339.29688,1005.7006,1006.61005,-3.196,-0.059,3.173,0.062078,-0.742204,-0.039758,-0.666107,img_443.jpg
54321,1280,720,636.84735,339.29688,1005.7006,1006.61005,-3.201,-0.062,3.119,0.064991,-0.734291,-0.037514,-0.674674,img_444.jpg
54404,1280,720,636.84735,339.29688,1005.7006,1006.61005,-3.203,-0.066,3.082,0.061875,-0.729180,-0.036511,-0.680541,img_445.jpg
54486,1280,720,636.84735,339.29688,1005.7006,1006.61005,-3.217,-0.073,3.029,0.065516,-0.722472,-0.034053,-0.687446,img_446.jpg
54569,1280,720,636.84735,339.29688,1005.7006,1006.61005,-3.229,-0.077,2.993,0.062657,-0.717211,-0.035394,-0.693130,img_447.jpg
54655,1280,720,636.84735,339.29688,1005.7006,1006.61005,-3.250,-0.081,2.938,0.055555,-0.710928,-0.041040,-0.699864,img_448.jpg
54738,1280,720,636.84735,339.29688,1005.7006,1006.61005,-3.266,-0.081,2.901,0.056117,-0.710206,-0.046032,-0.700242,img_449.jpg
54821,1280,720,636.84735,339.29688,1005.7006,1006.61005,-3.290,-0.078,2.846,0.049348,-0.703380,-0.050184,-0.707321,img_450.jpg
54921,1280,720,636.84735,339.29688,1005.7006,1006.61005,-3.312,-0.073,2.788,0.052170,-0.695823,-0.044968,-0.714903,img_451.jpg
55004,1280,720,636.84735,339.29688,1005.7006,1006.61005,-3.322,-0.071,2.754,0.050640,-0.691170,-0.043469,-0.719605,img_452.jpg
55087,1280,720,636.84735,339.29688,1005.7006,1006.61005,-3.338,-0.065,2.703,0.040536,-0.687011,-0.034561,-0.724692,img_453.jpg
55169,1280,720,636.84735,339.29688,1005.7006,1006.61005,-3.346,-0.063,2.667,0.042479,-0.688986,-0.026642,-0.723038,img_454.jpg
55252,1280,720,636.84735,339.29688,1005.7006,1006.61005,-3.358,-0.061,2.617,0.030871,-0.693820,-0.024658,-0.719064,img_455.jpg
55338,1280,720,636.84735,339.29688,1005.7006,1006.61005,-3.362,-0.058,2.579,0.032358,-0.700626,-0.016989,-0.712592,img_456.jpg
55411,1280,720,636.84735,339.29688,1005.7006,1006.61005,-3.367,-0.054,2.524,0.032525,-0.709948,-0.012229,-0.703396,img_457.jpg
55504,1280,720,636.84735,339.29688,1005.7006,1006.61005,-3.373,-0.051,2.488,0.035756,-0.715187,-0.013762,-0.697882,img_458.jpg
55577,1280,720,636.84735,339.29688,1005.7006,1006.61005,-3.374,-0.049,2.456,0.034446,-0.720183,-0.015553,-0.692755,img_459.jpg
55660,1280,720,636.84735,339.29688,1005.7006,1006.61005,-3.376,-0.046,2.413,0.034229,-0.727254,-0.018653,-0.685261,img_460.jpg
55740,1280,720,636.84735,339.29688,1005.7006,1006.61005,-3.379,-0.046,2.390,0.030826,-0.730612,-0.020916,-0.681775,img_461.jpg
55816,1280,720,636.84735,339.29688,1005.7006,1006.61005,-3.381,-0.047,2.358,0.030079,-0.734947,-0.019203,-0.677185,img_462.jpg
55905,1280,720,636.84735,339.29688,1005.7006,1006.61005,-3.387,-0.048,2.340,0.032552,-0.737095,-0.019388,-0.674726,img_463.jpg,marker_10.jpg,0.2662102,0.2662102,-4.067,-0.165,2.314,-0.465865,-0.526350,0.528830,0.528830
55982,1280,720,636.84735,339.29688,1005.7006,1006.61005,-3.399,-0.052,2.318,0.035410,-0.739228,-0.018500,-0.672269,img_464.jpg
56069,1280,720,636.84735,339.29688,1005.7006,1006.61005,-3.410,-0.056,2.305,0.036753,-0.738683,-0.019004,-0.672782,img_465.jpg
56144,1280,720,636.84735,339.29688,1005.7006,1006.61005,-3.429,-0.062,2.289,0.041725,-0.738444,-0.021078,-0.672692,img_466.jpg
56240,1280,720,636.84735,339.29688,1005.7006,1006.61005,-3.441,-0.066,2.279,0.043351,-0.736895,-0.024067,-0.674186,img_467.jpg
56320,1280,720,636.84735,339.29688,1005.7006,1006.61005,-3.460,-0.069,2.264,0.040718,-0.730705,-0.029116,-0.680856,img_468.jpg
56405,1280,720,636.84735,339.29688,1005.7006,1006.61005,-3.473,-0.069,2.252,0.042323,-0.726920,-0.029950,-0.684762,img_469.jpg,marker_10.jpg,0.26767346,0.26767346,-4.071,-0.166,2.314,-0.467616,-0.521448,0.531380,0.531380
56487,1280,720,636.84735,339.29688,1005.7006,1006.61005,-3.492,-0.066,2.233,0.037474,-0.718920,-0.031105,-0.693384,img_470.jpg
56572,1280,720,636.84735,339.29688,1005.7006,1006.61005,-3.503,-0.064,2.218,0.033601,-0.712539,-0.031806,-0.700106,img_471.jpg
56659,1280,720,636.84735,339.29688,1005.7006,1006.61005,-3.516,-0.062,2.194,0.032932,-0.702586,-0.032862,-0.710076,img_472.jpg
56739,1280,720,636.84735,339.29688,1005.7006,1006.61005,-3.523,-0.061,2.177,0.029766,-0.692685,-0.033879,-0.719829,img_473.jpg
56815,1280,720,636.84735,339.29688,1005.7006,1006.61005,-3.530,-0.062,2.150,0.034576,-0.677421,-0.032271,-0.734073,img_474.jpg
56905,1280,720,636.84735,339.29688,1005.7006,1006.61005,-3.533,-0.063,2.132,0.037178,-0.667432,-0.031868,-0.743059,img_475.jpg
56982,1280,720,636.84735,339.29688,1005.7006,1006.61005,-3.535,-0.063,2.106,0.037323,-0.653380,-0.031092,-0.755470,img_476.jpg
57070,1280,720,636.84735,339.29688,1005.7006,1006.61005,-3.536,-0.063,2.087,0.041224,-0.646968,-0.030676,-0.760784,img_477.jpg
57155,1280,720,636.84735,339.29688,1005.7006,1006.61005,-3.536,-0.065,2.056,0.041102,-0.635889,-0.031234,-0.770053,img_478.jpg
57241,1280,720,636.84735,339.29688,1005.7006,1006.61005,-3.536,-0.066,2.031,0.041805,-0.628035,-0.028119,-0.776553,img_479.jpg
57319,1280,720,636.84735,339.29688,1005.7006,1006.61005,-3.535,-0.070,1.985,0.045427,-0.609221,-0.026869,-0.791242,img_480.jpg
57406,1280,720,636.84735,339.29688,1005.7006,1006.61005,-3.536,-0.073,1.951,0.050600,-0.595925,-0.029253,-0.800910,img_481.jpg
57486,1280,720,636.84735,339.29688,1005.7006,1006.61005,-3.534,-0.077,1.901,0.057237,-0.578319,-0.032264,-0.813161,img_482.jpg
57570,1280,720,636.84735,339.29688,1005.7006,1006.61005,-3.529,-0.078,1.871,0.056525,-0.567067,-0.035653,-0.820956,img_483.jpg
57643,1280,720,636.84735,339.29688,1005.7006,1006.61005,-3.519,-0.079,1.826,0.058690,-0.552157,-0.037716,-0.830816,img_484.jpg
57741,1280,720,636.84735,339.29688,1005.7006,1006.61005,-3.507,-0.078,1.797,0.061355,-0.539227,-0.037512,-0.839084,img_485.jpg
57821,1280,720,636.84735,339.29688,1005.7006,1006.61005,-3.491,-0.078,1.759,0.063259,-0.521482,-0.038497,-0.850043,img_486.jpg
57906,1280,720,636.84735,339.29688,1005.7006,1006.61005,-3.479,-0.079,1.734,0.064803,-0.510863,-0.039020,-0.856328,img_487.jpg
57988,1280,720,636.84735,339.29688,1005.7006,1006.61005,-3.473,-0.080,1.713,0.066058,-0.499813,-0.040996,-0.862637,img_488.jpg
58061,1280,720,636.84735,339.29688,1005.7006,1006.61005,-3.458,-0.082,1.687,0.066507,-0.483396,-0.045029,-0.871710,img_489.jpg
58159,1280,720,636.84735,339.29688,1005.7006,1006.61005,-3.444,-0.086,1.662,0.068253,-0.464442,-0.044407,-0.881852,img_490.jpg
58240,1280,720,636.84735,339.29688,1005.7006,1006.61005,-3.434,-0.087,1.648,0.071107,-0.450343,-0.042455,-0.889007,img_491.jpg
58313,1280,720,636.84735,339.29688,1005.7006,1006.61005,-3.418,-0.086,1.630,0.071100,-0.427325,-0.042707,-0.900286,img_492.jpg
58423,1280,720,636.84735,339.29688,1005.7006,1006.61005,-3.401,-0.085,1.614,0.067074,-0.402582,-0.042799,-0.911919,img_493.jpg
58506,1280,720,636.84735,339.29688,1005.7006,1006.61005,-3.391,-0.085,1.603,0.068553,-0.385105,-0.042964,-0.919320,img_494.jpg
58591,1280,720,636.84735,339.29688,1005.7006,1006.61005,-3.378,-0.085,1.587,0.071282,-0.356356,-0.044541,-0.930562,img_495.jpg
58674,1280,720,636.84735,339.29688,1005.7006,1006.61005,-3.371,-0.085,1.577,0.069816,-0.336263,-0.046640,-0.938018,img_496.jpg
58753,1280,720,636.84735,339.29688,1005.7006,1006.61005,-3.359,-0.082,1.560,0.067940,-0.305050,-0.045133,-0.948837,img_497.jpg
58840,1280,720,636.84735,339.29688,1005.7006,1006.61005,-3.352,-0.081,1.545,0.066695,-0.279973,-0.039249,-0.956884,img_498.jpg
58925,1280,720,636.84735,339.29688,1005.7006,1006.61005,-3.343,-0.077,1.523,0.062329,-0.240325,-0.033832,-0.968098,img_499.jpg
59023,1280,720,636.84735,339.29688,1005.7006,1006.61005,-3.338,-0.071,1.502,0.059485,-0.200636,-0.028385,-0.977446,img_500.jpg
59106,1280,720,636.84735,339.29688,1005.7006,1006.61005,-3.334,-0.066,1.490,0.056242,-0.179938,-0.023398,-0.981790,img_501.jpg
59191,1280,720,636.84735,339.29688,1005.7006,1006.61005,-3.324,-0.061,1.474,0.054779,-0.153187,-0.018163,-0.986511,img_502.jpg
59273,1280,720,636.84735,339.29688,1005.7006,1006.61005,-3.311,-0.059,1.462,0.055327,-0.137861,-0.016560,-0.988767,img_503.jpg
59352,1280,720,636.84735,339.29688,1005.7006,1006.61005,-3.293,-0.057,1.450,0.056380,-0.117675,-0.016508,-0.991313,img_504.jpg
59440,1280,720,636.84735,339.29688,1005.7006,1006.61005,-3.274,-0.057,1.445,0.051669,-0.094488,-0.022507,-0.993929,img_505.jpg
59528,1280,720,636.84735,339.29688,1005.7006,1006.61005,-3.258,-0.058,1.443,0.049950,-0.078218,-0.026557,-0.995330,img_506.jpg
59623,1280,720,636.84735,339.29688,1005.7006,1006.61005,-3.227,-0.060,1.437,0.052077,-0.064546,-0.024109,-0.996263,img_507.jpg
59708,1280,720,636.84735,339.29688,1005.7006,1006.61005,-3.191,-0.060,1.432,0.046952,-0.052884,-0.018583,-0.997323,img_508.jpg
59808,1280,720,636.84735,339.29688,1005.7006,1006.61005,-3.164,-0.059,1.427,0.044121,-0.049738,-0.015199,-0.997672,img_509.jpg
59887,1280,720,636.84735,339.29688,1005.7006,1006.61005,-3.125,-0.057,1.417,0.037533,-0.050488,-0.013473,-0.997928,img_510.jpg
59972,1280,720,636.84735,339.29688,1005.7006,1006.61005,-3.087,-0.058,1.402,0.044186,-0.053868,-0.009485,-0.997525,img_511.jpg
60058,1280,720,636.84735,339.29688,1005.7006,1006.61005,-3.063,-0.059,1.394,0.049743,-0.063164,-0.010981,-0.996702,img_512.jpg
60143,1280,720,636.84735,339.29688,1005.7006,1006.61005,-3.044,-0.063,1.382,0.060185,-0.074512,-0.010149,-0.995351,img_513.jpg
60224,1280,720,636.84735,339.29688,1005.7006,1006.61005,-3.022,-0.069,1.362,0.070045,-0.085234,-0.012442,-0.993818,img_514.jpg
60300,1280,720,636.84735,339.29688,1005.7006,1006.61005,-3.012,-0.073,1.351,0.071564,-0.093061,-0.011021,-0.993024,img_515.jpg
60391,1280,720,636.84735,339.29688,1005.7006,1006.61005,-2.999,-0.077,1.336,0.073163,-0.102100,-0.009413,-0.992035,img_516.jpg
60472,1280,720,636.84735,339.29688,1005.7006,1006.61005,-2.990,-0.079,1.323,0.074200,-0.113066,-0.007991,-0.990781,img_517.jpg
60559,1280,720,636.84735,339.29688,1005.7006,1006.61005,-2.987,-0.080,1.316,0.070684,-0.119968,-0.010841,-0.990199,img_518.jpg
60638,1280,720,636.84735,339.29688,1005.7006,1006.61005,-2.983,-0.081,1.310,0.073312,-0.124221,-0.011364,-0.989477,img_519.jpg
60715,1280,720,636.84735,339.29688,1005.7006,1006.61005,-2.973,-0.082,1.309,0.068136,-0.129503,-0.014243,-0.989133,img_520.jpg,marker_11.jpg,0.267353,0.267353,-3.146,-0.228,0.735,-0.705252,-0.047840,0.065585,0.065585
60808,1280,720,636.84735,339.29688,1005.7006,1006.61005,-2.960,-0.084,1.311,0.067053,-0.130925,-0.015017,-0.989008,img_521.jpg
60882,1280,720,636.84735,339.29688,1005.7006,1006.61005,-2.929,-0.087,1.319,0.066425,-0.127947,-0.015662,-0.989430,img_522.jpg
60972,1280,720,636.84735,339.29688,1005.7006,1006.61005,-2.888,-0.089,1.335,0.065012,-0.123998,-0.020339,-0.989942,img_523.jpg
61059,1280,720,636.84735,339.29688,1005.7006,1006.61005,-2.858,-0.091,1.349,0.066581,-0.118332,-0.024344,-0.990440,img_524.jpg
61144,1280,720,636.84735,339.29688,1005.7006,1006.61005,-2.805,-0.091,1.370,0.063563,-0.110180,-0.029190,-0.991447,img_525.jpg
61243,1280,720,636.84735,339.29688,1005.7006,1006.61005,-2.748,-0.093,1.390,0.067344,-0.101901,-0.031573,-0.992010,img_526.jpg
61327,1280,720,636.84735,339.29688,1005.7006,1006.61005,-2.712,-0.092,1.402,0.067941,-0.096406,-0.034195,-0.992432,img_527.jpg
61409,1280,720,636.84735,339.29688,1005.7006,1006.61005,-2.660,-0.092,1.413,0.072520,-0.083925,-0.037627,-0.993117,img_528.jpg
61493,1280,720,636.84735,339.29688,1005.7006,1006.61005,-2.626,-0.092,1.419,0.074521,-0.076246,-0.038914,-0.993539,img_529.jpg
61578,1280,720,636.84735,339.29688,1005.7006,1006.61005,-2.579,-0.096,1.422,0.078856,-0.063932,-0.041635,-0.993962,img_530.jpg
61655,1280,720,636.84735,339.29688,1005.7006,1006.61005,-2.548,-0.099,1.422,0.082481,-0.057711,-0.040608,-0.994091,img_531.jpg
61739,1280,720,636.84735,339.29688,1005.7006,1006.61005,-2.518,-0.102,1.418,0.089789,-0.053086,-0.032206,-0.994023,img_532.jpg
61819,1280,720,636.84735,339.29688,1005.7006,1006.61005,-2.471,-0.106,1.411,0.094247,-0.047727,-0.025154,-0.994086,img_533.jpg
61908,1280,720,636.84735,339.29688,1005.7006,1006.61005,-2.422,-0.109,1.401,0.096041,-0.048718,-0.020880,-0.993965,img_534.jpg
62008,1280,720,636.84735,339.29688,1005.7006,1006.61005,-2.370,-0.115,1.383,0.096574,-0.048820,-0.019942,-0.993928,img_535.jpg
62093,1280,720,636.84735,339.29688,1005.7006,1006.61005,-2.333,-0.120,1.371,0.099316,-0.051057,-0.022131,-0.993499,img_536.jpg
62176,1280,720,636.84735,339.29688,1005.7006,1006.61005,-2.276,-0.125,1.355,0.101204,-0.052147,-0.027548,-0.993116,img_537.jpg
62256,1280,720,636.84735,339.29688,1005.7006,1006.61005,-2.235,-0.128,1.346,0.103297,-0.049341,-0.029526,-0.992987,img_538.jpg
62346,1280,720,636.84735,339.29688,1005.7006,1006.61005,-2.176,-0.132,1.334,0.115091,-0.046800,-0.027004,-0.991884,img_539.jpg
62442,1280,720,636.84735,339.29688,1005.7006,1006.61005,-2.124,-0.134,1.331,0.112930,-0.043973,-0.029497,-0.992191,img_540.jpg
62529,1280,720,636.84735,339.29688,1005.7006,1006.61005,-2.091,-0.136,1.333,0.115642,-0.042476,-0.022202,-0.992134,img_541.jpg
62626,1280,720,636.84735,339.29688,1005.7006,1006.61005,-2.037,-0.136,1.339,0.116243,-0.039836,-0.008504,-0.992385,img_542.jpg
62700,1280,720,636.84735,339.29688,1005.7006,1006.61005,-2.006,-0.137,1.346,0.116070,-0.037607,-0.004843,-0.992517,img_543.jpg
62789,1280,720,636.84735,339.29688,1005.7006,1006.61005,-1.955,-0.140,1.362,0.114476,-0.035897,-0.005477,-0.992762,img_544.jpg
62877,1280,720,636.84735,339.29688,1005.7006,1006.61005,-1.904,-0.141,1.384,0.109354,-0.036757,-0.013372,-0.993233,img_545.jpg
62957,1280,720,636.84735,339.29688,1005.7006,1006.61005,-1.873,-0.142,1.401,0.106555,-0.041036,-0.023527,-0.993181,img_546.jpg
63042,1280,720,636.84735,339.29688,1005.7006,1006.61005,-1.825,-0.138,1.427,0.102751,-0.045015,-0.036149,-0.993030,img_547.jpg
63127,1280,720,636.84735,339.29688,1005.7006,1006.61005,-1.791,-0.133,1.447,0.092029,-0.048019,-0.040108,-0.993789,img_548.jpg
63225,1280,720,636.84735,339.29688,1005.7006,1006.61005,-1.742,-0.126,1.475,0.084496,-0.053511,-0.043127,-0.994051,img_549.jpg
63311,1280,720,636.84735,339.29688,1005.7006,1006.61005,-1.709,-0.123,1.491,0.084643,-0.057508,-0.041826,-0.993871,img_550.jpg
63393,1280,720,636.84735,339.29688,1005.7006,1006.61005,-1.660,-0.118,1.511,0.087448,-0.058836,-0.034458,-0.993833,img_551.jpg
63465,1280,720,636.84735,339.29688,1005.7006,1006.61005,-1.627,-0.115,1.524,0.086247,-0.066574,-0.033614,-0.993479,img_552.jpg
63550,1280,720,636.84735,339.29688,1005.7006,1006.61005,-1.579,-0.111,1.539,0.079263,-0.072516,-0.037497,-0.993505,img_553.jpg
63642,1280,720,636.84735,339.29688,1005.7006,1006.61005,-1.524,-0.103,1.548,0.073536,-0.075384,-0.031798,-0.993931,img_554.jpg
63728,1280,720,636.84735,339.29688,1005.7006,1006.61005,-1.485,-0.099,1.551,0.073472,-0.077276,-0.029006,-0.993876,img_555.jpg
63812,1280,720,636.84735,339.29688,1005.7006,1006.61005,-1.427,-0.093,1.553,0.071512,-0.073872,-0.035332,-0.994073,img_556.jpg
63909,1280,720,636.84735,339.29688,1005.7006,1006.61005,-1.390,-0.088,1.554,0.076495,-0.068204,-0.038675,-0.993982,img_557.jpg
63992,1280,720,636.84735,339.29688,1005.7006,1006.61005,-1.340,-0.084,1.559,0.067051,-0.065508,-0.041258,-0.994741,img_558.jpg
64093,1280,720,636.84735,339.29688,1005.7006,1006.61005,-1.293,-0.076,1.563,0.070404,-0.061968,-0.039556,-0.994806,img_559.jpg
64163,1280,720,636.84735,339.29688,1005.7006,1006.61005,-1.264,-0.069,1.569,0.066763,-0.061249,-0.031029,-0.995404,img_560.jpg
64262,1280,720,636.84735,339.29688,1005.7006,1006.61005,-1.224,-0.058,1.576,0.067122,-0.053643,-0.023687,-0.996020,img_561.jpg
64337,1280,720,636.84735,339.29688,1005.7006,1006.61005,-1.203,-0.054,1.578,0.075133,-0.050513,-0.024317,-0.995596,img_562.jpg
64433,1280,720,636.84735,339.29688,1005.7006,1006.61005,-1.171,-0.049,1.589,0.069819,-0.047559,-0.022964,-0.996161,img_563.jpg
64517,1280,720,636.84735,339.29688,1005.7006,1006.61005,-1.144,-0.047,1.602,0.065862,-0.051729,-0.025084,-0.996171,img_564.jpg
64611,1280,720,636.84735,339.29688,1005.7006,1006.61005,-1.124,-0.045,1.620,0.054363,-0.064044,-0.031723,-0.995960,img_565.jpg
64695,1280,720,636.84735,339.29688,1005.7006,1006.61005,-1.112,-0.044,1.630,0.049377,-0.076004,-0.028653,-0.995472,img_566.jpg
64771,1280,720,636.84735,339.29688,1005.7006,1006.61005,-1.097,-0.038,1.646,0.048924,-0.090615,-0.024257,-0.994388,img_567.jpg,marker_12.jpg,0.26196066,0.26196066,-1.201,-0.246,0.975,-0.701622,-0.060061,0.045645,0.045645
64857,1280,720,636.84735,339.29688,1005.7006,1006.61005,-1.086,-0.035,1.656,0.048020,-0.092358,-0.024993,-0.994253,img_568.jpg
64934,1280,720,636.84735,339.29688,1005.7006,1006.61005,-1.075,-0.033,1.665,0.043411,-0.090985,-0.026019,-0.994565,img_569.jpg
65012,1280,720,636.84735,339.29688,1005.7006,1006.61005,-1.061,-0.031,1.675,0.042250,-0.091423,-0.035794,-0.994271,img_570.jpg
65110,1280,720,636.84735,339.29688,1005.7006,1006.61005,-1.048,-0.027,1.684,0.037278,-0.098611,-0.034670,-0.993823,img_571.jpg
65194,1280,720,636.84735,339.29688,1005.7006,1006.61005,-1.042,-0.023,1.689,0.032687,-0.103877,-0.030951,-0.993571,img_572.jpg
65273,1280,720,636.84735,339.29688,1005.7006,1006.61005,-1.035,-0.022,1.692,0.037317,-0.106325,-0.031935,-0.993118,img_573.jpg
65360,1280,720,636.84735,339.29688,1005.7006,1006.61005,-1.031,-0.024,1.695,0.035381,-0.109129,-0.033491,-0.992833,img_574.jpg
65441,1280,720,636.84735,339.29688,1005.7006,1006.61005,-1.024,-0.026,1.698,0.036938,-0.113852,-0.029921,-0.992360,img_575.jpg,marker_12.jpg,0.2622045,0.2622045,-1.202,-0.245,0.975,-0.701102,-0.060745,0.042475,0.042475
65527,1280,720,636.84735,339.29688,1005.7006,1006.61005,-1.022,-0.028,1.698,0.039745,-0.115820,-0.028984,-0.992051,img_576.jpg
65601,1280,720,636.84735,339.29688,1005.7006,1006.61005,-1.019,-0.030,1.701,0.043612,-0.120405,-0.027611,-0.991382,img_577.jpg
65695,1280,720,636.84735,339.29688,1005.7006,1006.61005,-1.018,-0.031,1.703,0.040769,-0.121791,-0.029770,-0.991271,img_578.jpg
65777,1280,720,636.84735,339.29688,1005.7006,1006.61005,-1.017,-0.032,1.704,0.043310,-0.128554,-0.028017,-0.990360,img_579.jpg
