time,sizeX,sizeY,p_x,p_y,f_x,f_y,pos_X,pos_Y,pos_Z,q_x,q_y,q_z,q_w,marker_ID,marker_x,marker_y,marker_z,marker_qx,marker_qy,marker_qz,marker_qw,marker_ID,marker_x,marker_y,marker_z,marker_qx,marker_qy,marker_qz,marker_qw,marker_ID,marker_x,marker_y,marker_z,marker_qx,marker_qy,marker_qz,marker_qw,
12413,1280,720,631.94293,353.39117,986.8637,986.74805,0.456,-0.007,1.033,0.065162,0.011713,0.008715,-0.997768,img_1.jpg
12512,1280,720,631.94293,353.39117,986.8637,986.74805,0.456,-0.008,1.033,0.069751,0.013507,0.010396,-0.997419,img_2.jpg
12595,1280,720,631.94293,353.39117,986.8637,986.74805,0.455,-0.007,1.035,0.069827,0.012855,0.012350,-0.997400,img_3.jpg,marker_1.jpg,0.2610483,0.2610483,0.460,-0.105,0.411,-0.695662,0.007804,-0.000102,-0.000102
12674,1280,720,631.94293,353.39117,986.8637,986.74805,0.455,-0.007,1.038,0.073350,0.014268,0.013383,-0.997114,img_4.jpg
12765,1280,720,631.94293,353.39117,986.8637,986.74805,0.454,-0.005,1.042,0.074410,0.016263,0.012929,-0.997011,img_5.jpg
12852,1280,720,631.94293,353.39117,986.8637,986.74805,0.457,-0.004,1.048,0.072901,0.013953,0.014157,-0.997141,img_6.jpg
12945,1280,720,631.94293,353.39117,986.8637,986.74805,0.460,-0.002,1.052,0.071891,0.011149,0.015821,-0.997225,img_7.jpg
13022,1280,720,631.94293,353.39117,986.8637,986.74805,0.472,0.001,1.061,0.067128,0.000039,0.018493,-0.997573,img_8.jpg
13112,1280,720,631.94293,353.39117,986.8637,986.74805,0.486,0.003,1.069,0.065517,-0.006278,0.022923,-0.997568,img_9.jpg
13178,1280,720,631.94293,353.39117,986.8637,986.74805,0.500,0.003,1.075,0.067547,-0.013010,0.027778,-0.997245,img_10.jpg
13261,1280,720,631.94293,353.39117,986.8637,986.74805,0.518,0.003,1.085,0.066371,-0.020508,0.031747,-0.997079,img_11.jpg,marker_1.jpg,0.26083842,0.26083842,0.460,-0.105,0.411,-0.692893,0.008656,-0.000959,-0.000959
13328,1280,720,631.94293,353.39117,986.8637,986.74805,0.541,0.004,1.099,0.064670,-0.024802,0.031504,-0.997101,img_12.jpg
13393,1280,720,631.94293,353.39117,986.8637,986.74805,0.568,0.006,1.116,0.063843,-0.030818,0.028751,-0.997070,img_13.jpg
13478,1280,720,631.94293,353.39117,986.8637,986.74805,0.615,0.007,1.141,0.074432,-0.044424,0.030071,-0.995782,img_14.jpg
13544,1280,720,631.94293,353.39117,986.8637,986.74805,0.651,0.006,1.156,0.088256,-0.053507,0.028745,-0.994244,img_15.jpg
13612,1280,720,631.94293,353.39117,986.8637,986.74805,0.686,0.006,1.172,0.091579,-0.055596,0.027308,-0.993870,img_16.jpg
13697,1280,720,631.94293,353.39117,986.8637,986.74805,0.722,0.006,1.185,0.094921,-0.052435,0.024637,-0.993798,img_17.jpg
13757,1280,720,631.94293,353.39117,986.8637,986.74805,0.759,0.005,1.193,0.103650,-0.047856,0.025665,-0.993130,img_18.jpg,marker_1.jpg,0.2669725,0.2669725,0.457,-0.102,0.404,-0.703039,0.009318,-0.001679,-0.001679
13830,1280,720,631.94293,353.39117,986.8637,986.74805,0.796,0.002,1.198,0.114633,-0.040219,0.029953,-0.992141,img_19.jpg
13899,1280,720,631.94293,353.39117,986.8637,986.74805,0.833,-0.001,1.203,0.121657,-0.032486,0.035061,-0.991421,img_20.jpg
13968,1280,720,631.94293,353.39117,986.8637,986.74805,0.870,-0.004,1.204,0.122941,-0.023449,0.040263,-0.991320,img_21.jpg
14034,1280,720,631.94293,353.39117,986.8637,986.74805,0.907,-0.009,1.208,0.121831,-0.009994,0.042346,-0.991597,img_22.jpg
14102,1280,720,631.94293,353.39117,986.8637,986.74805,0.948,-0.012,1.208,0.118820,0.002748,0.040008,-0.992106,img_23.jpg
14172,1280,720,631.94293,353.39117,986.8637,986.74805,0.989,-0.013,1.204,0.115544,0.012102,0.035404,-0.992597,img_24.jpg
14242,1280,720,631.94293,353.39117,986.8637,986.74805,1.034,-0.015,1.198,0.115907,0.026620,0.030684,-0.992429,img_25.jpg
14312,1280,720,631.94293,353.39117,986.8637,986.74805,1.105,-0.012,1.186,0.118062,0.042870,0.028909,-0.991659,img_26.jpg
14395,1280,720,631.94293,353.39117,986.8637,986.74805,1.155,-0.009,1.176,0.119254,0.057194,0.030291,-0.990752,img_27.jpg
14459,1280,720,631.94293,353.39117,986.8637,986.74805,1.204,-0.005,1.164,0.118354,0.072480,0.032329,-0.989795,img_28.jpg
14546,1280,720,631.94293,353.39117,986.8637,986.74805,1.280,0.000,1.153,0.113249,0.110143,0.038993,-0.986673,img_29.jpg
14628,1280,720,631.94293,353.39117,986.8637,986.74805,1.333,0.002,1.148,0.111162,0.136290,0.043667,-0.983444,img_30.jpg
14695,1280,720,631.94293,353.39117,986.8637,986.74805,1.389,0.001,1.143,0.112604,0.159652,0.050288,-0.979440,img_31.jpg
14767,1280,720,631.94293,353.39117,986.8637,986.74805,1.445,-0.002,1.139,0.111042,0.185665,0.055464,-0.974742,img_32.jpg
14835,1280,720,631.94293,353.39117,986.8637,986.74805,1.506,-0.007,1.135,0.112988,0.208801,0.059882,-0.969562,img_33.jpg
14901,1280,720,631.94293,353.39117,986.8637,986.74805,1.565,-0.013,1.132,0.110915,0.232414,0.059454,-0.964441,img_34.jpg
14972,1280,720,631.94293,353.39117,986.8637,986.74805,1.628,-0.015,1.129,0.107464,0.257553,0.058082,-0.958512,img_35.jpg
15042,1280,720,631.94293,353.39117,986.8637,986.74805,1.690,-0.015,1.127,0.104346,0.277255,0.054882,-0.953535,img_36.jpg
15114,1280,720,631.94293,353.39117,986.8637,986.74805,1.787,-0.006,1.121,0.100372,0.304974,0.059159,-0.945207,img_37.jpg
15195,1280,720,631.94293,353.39117,986.8637,986.74805,1.849,-0.001,1.115,0.105996,0.329513,0.062957,-0.936067,img_38.jpg
15279,1280,720,631.94293,353.39117,986.8637,986.74805,1.933,0.005,1.101,0.109283,0.357059,0.063166,-0.925514,img_39.jpg
15362,1280,720,631.94293,353.39117,986.8637,986.74805,1.989,0.005,1.090,0.113849,0.375892,0.064701,-0.917364,img_40.jpg
15431,1280,720,631.94293,353.39117,986.8637,986.74805,2.043,0.004,1.076,0.117223,0.395257,0.068191,-0.908504,img_41.jpg
15504,1280,720,631.94293,353.39117,986.8637,986.74805,2.098,0.001,1.063,0.115502,0.412010,0.069113,-0.901183,img_42.jpg
15573,1280,720,631.94293,353.39117,986.8637,986.74805,2.148,-0.001,1.050,0.114781,0.425236,0.066758,-0.895289,img_43.jpg
15648,1280,720,631.94293,353.39117,986.8637,986.74805,2.196,-0.003,1.034,0.112311,0.435151,0.065398,-0.890928,img_44.jpg
15725,1280,720,631.94293,353.39117,986.8637,986.74805,2.272,-0.007,1.003,0.105904,0.450858,0.063495,-0.884013,img_45.jpg
15812,1280,720,631.94293,353.39117,986.8637,986.74805,2.340,-0.004,0.971,0.102010,0.476337,0.057984,-0.871398,img_46.jpg
15896,1280,720,631.94293,353.39117,986.8637,986.74805,2.388,0.001,0.951,0.101702,0.493240,0.058795,-0.861925,img_47.jpg
15967,1280,720,631.94293,353.39117,986.8637,986.74805,2.436,0.005,0.935,0.095622,0.509242,0.058332,-0.853304,img_48.jpg
16046,1280,720,631.94293,353.39117,986.8637,986.74805,2.481,0.009,0.923,0.091216,0.524535,0.061923,-0.844221,img_49.jpg
16121,1280,720,631.94293,353.39117,986.8637,986.74805,2.546,0.010,0.907,0.090641,0.543140,0.061485,-0.832468,img_50.jpg
16213,1280,720,631.94293,353.39117,986.8637,986.74805,2.588,0.009,0.900,0.086257,0.555086,0.061178,-0.825044,img_51.jpg
16297,1280,720,631.94293,353.39117,986.8637,986.74805,2.652,0.007,0.888,0.084106,0.571129,0.064348,-0.814001,img_52.jpg
16379,1280,720,631.94293,353.39117,986.8637,986.74805,2.709,0.009,0.878,0.081598,0.579351,0.068354,-0.808098,img_53.jpg
16462,1280,720,631.94293,353.39117,986.8637,986.74805,2.740,0.012,0.872,0.079632,0.587867,0.067025,-0.802233,img_54.jpg
16546,1280,720,631.94293,353.39117,986.8637,986.74805,2.793,0.015,0.853,0.075547,0.597906,0.059514,-0.795776,img_55.jpg
16613,1280,720,631.94293,353.39117,986.8637,986.74805,2.822,0.015,0.840,0.077725,0.604779,0.059956,-0.790320,img_56.jpg
16696,1280,720,631.94293,353.39117,986.8637,986.74805,2.854,0.015,0.826,0.078241,0.611742,0.061509,-0.784772,img_57.jpg
16761,1280,720,631.94293,353.39117,986.8637,986.74805,2.877,0.015,0.812,0.076732,0.619820,0.058738,-0.778771,img_58.jpg
16846,1280,720,631.94293,353.39117,986.8637,986.74805,2.909,0.015,0.793,0.074082,0.631095,0.061288,-0.769724,img_59.jpg
16930,1280,720,631.94293,353.39117,986.8637,986.74805,2.926,0.017,0.783,0.070609,0.641194,0.063795,-0.761456,img_60.jpg
16995,1280,720,631.94293,353.39117,986.8637,986.74805,2.944,0.019,0.772,0.069634,0.647421,0.063430,-0.756290,img_61.jpg,marker_3.jpg,0.2586008,0.2586008,3.556,-0.092,0.678,-0.515586,0.495114,-0.479955,-0.479955
17082,1280,720,631.94293,353.39117,986.8637,986.74805,2.964,0.019,0.755,0.071170,0.656137,0.063511,-0.748589,img_62.jpg
17163,1280,720,631.94293,353.39117,986.8637,986.74805,2.975,0.018,0.746,0.072725,0.658322,0.068330,-0.746093,img_63.jpg
17231,1280,720,631.94293,353.39117,986.8637,986.74805,2.984,0.018,0.738,0.072499,0.660546,0.071359,-0.743862,img_64.jpg
17305,1280,720,631.94293,353.39117,986.8637,986.74805,2.991,0.017,0.731,0.075302,0.662212,0.074144,-0.741827,img_65.jpg
17379,1280,720,631.94293,353.39117,986.8637,986.74805,2.995,0.018,0.727,0.075234,0.663017,0.073015,-0.741227,img_66.jpg
17453,1280,720,631.94293,353.39117,986.8637,986.74805,2.998,0.019,0.723,0.072470,0.663610,0.069195,-0.741338,img_67.jpg,marker_3.jpg,0.26138797,0.26138797,3.561,-0.093,0.675,-0.516021,0.496708,-0.484757,-0.484757
17529,1280,720,631.94293,353.39117,986.8637,986.74805,2.997,0.019,0.723,0.072796,0.662412,0.068102,-0.742477,img_68.jpg
17597,1280,720,631.94293,353.39117,986.8637,986.74805,2.996,0.019,0.726,0.072717,0.660559,0.069159,-0.744037,img_69.jpg
17669,1280,720,631.94293,353.39117,986.8637,986.74805,2.993,0.019,0.736,0.072173,0.659265,0.073113,-0.744859,img_70.jpg
17733,1280,720,631.94293,353.39117,986.8637,986.74805,2.989,0.019,0.750,0.071821,0.659144,0.077475,-0.744559,img_71.jpg
17798,1280,720,631.94293,353.39117,986.8637,986.74805,2.982,0.019,0.771,0.068471,0.659673,0.078712,-0.744277,img_72.jpg
17868,1280,720,631.94293,353.39117,986.8637,986.74805,2.976,0.020,0.798,0.065385,0.660297,0.080407,-0.743820,img_73.jpg
17946,1280,720,631.94293,353.39117,986.8637,986.74805,2.967,0.021,0.848,0.060765,0.665433,0.082939,-0.739343,img_74.jpg
18013,1280,720,631.94293,353.39117,986.8637,986.74805,2.959,0.021,0.888,0.056537,0.664435,0.084800,-0.740364,img_75.jpg,marker_3.jpg,0.27264544,0.27264544,3.575,-0.094,0.671,-0.499577,0.511039,-0.487098,-0.487098
18096,1280,720,631.94293,353.39117,986.8637,986.74805,2.949,0.021,0.933,0.056769,0.666674,0.082083,-0.738637,img_76.jpg
18157,1280,720,631.94293,353.39117,986.8637,986.74805,2.935,0.023,0.984,0.055677,0.666431,0.078931,-0.739284,img_77.jpg
18230,1280,720,631.94293,353.39117,986.8637,986.74805,2.924,0.027,1.035,0.061916,0.668434,0.080386,-0.736818,img_78.jpg
18298,1280,720,631.94293,353.39117,986.8637,986.74805,2.913,0.030,1.084,0.064207,0.669203,0.080590,-0.735901,img_79.jpg
18362,1280,720,631.94293,353.39117,986.8637,986.74805,2.906,0.032,1.130,0.068038,0.672169,0.083035,-0.732575,img_80.jpg
18433,1280,720,631.94293,353.39117,986.8637,986.74805,2.899,0.034,1.173,0.070446,0.673290,0.085401,-0.731043,img_81.jpg
18501,1280,720,631.94293,353.39117,986.8637,986.74805,2.896,0.035,1.219,0.071525,0.682162,0.088311,-0.722316,img_82.jpg
18574,1280,720,631.94293,353.39117,986.8637,986.74805,2.898,0.033,1.291,0.066140,0.696617,0.095156,-0.708023,img_83.jpg
18646,1280,720,631.94293,353.39117,986.8637,986.74805,2.902,0.032,1.340,0.061191,0.705706,0.098352,-0.698972,img_84.jpg
18731,1280,720,631.94293,353.39117,986.8637,986.74805,2.910,0.029,1.389,0.056879,0.716164,0.097597,-0.688730,img_85.jpg
18799,1280,720,631.94293,353.39117,986.8637,986.74805,2.918,0.023,1.442,0.056498,0.726767,0.093687,-0.678115,img_86.jpg
18870,1280,720,631.94293,353.39117,986.8637,986.74805,2.929,0.017,1.500,0.059756,0.735861,0.093109,-0.668034,img_87.jpg
18940,1280,720,631.94293,353.39117,986.8637,986.74805,2.948,0.010,1.582,0.060433,0.740830,0.091660,-0.662659,img_88.jpg
19013,1280,720,631.94293,353.39117,986.8637,986.74805,2.961,0.011,1.636,0.061064,0.740036,0.092119,-0.663424,img_89.jpg
19096,1280,720,631.94293,353.39117,986.8637,986.74805,2.975,0.016,1.689,0.066194,0.739626,0.099153,-0.662375,img_90.jpg
19165,1280,720,631.94293,353.39117,986.8637,986.74805,2.985,0.022,1.741,0.062815,0.744048,0.092460,-0.658709,img_91.jpg
19231,1280,720,631.94293,353.39117,986.8637,986.74805,2.992,0.026,1.798,0.057994,0.752090,0.091245,-0.650133,img_92.jpg
19296,1280,720,631.94293,353.39117,986.8637,986.74805,3.000,0.027,1.854,0.054009,0.757294,0.096383,-0.643661,img_93.jpg
19368,1280,720,631.94293,353.39117,986.8637,986.74805,3.005,0.027,1.912,0.048013,0.763419,0.098187,-0.636589,img_94.jpg
19437,1280,720,631.94293,353.39117,986.8637,986.74805,3.008,0.026,1.971,0.040329,0.766793,0.099510,-0.632851,img_95.jpg
19504,1280,720,631.94293,353.39117,986.8637,986.74805,3.009,0.024,2.030,0.038795,0.768352,0.096840,-0.631469,img_96.jpg
19576,1280,720,631.94293,353.39117,986.8637,986.74805,3.007,0.022,2.117,0.045231,0.767038,0.089884,-0.633662,img_97.jpg
19646,1280,720,631.94293,353.39117,986.8637,986.74805,2.999,0.025,2.176,0.049062,0.764976,0.083588,-0.636724,img_98.jpg
19731,1280,720,631.94293,353.39117,986.8637,986.74805,2.988,0.033,2.234,0.051721,0.765644,0.081464,-0.635986,img_99.jpg
19801,1280,720,631.94293,353.39117,986.8637,986.74805,2.981,0.038,2.299,0.054409,0.766436,0.083005,-0.634607,img_100.jpg
19876,1280,720,631.94293,353.39117,986.8637,986.74805,2.977,0.039,2.362,0.056186,0.764753,0.089869,-0.635547,img_101.jpg
19947,1280,720,631.94293,353.39117,986.8637,986.74805,2.974,0.040,2.453,0.050367,0.767367,0.099679,-0.631407,img_102.jpg
20031,1280,720,631.94293,353.39117,986.8637,986.74805,2.973,0.039,2.513,0.045347,0.769484,0.103620,-0.628570,img_103.jpg
20100,1280,720,631.94293,353.39117,986.8637,986.74805,2.974,0.035,2.573,0.044531,0.773225,0.100022,-0.624609,img_104.jpg
20172,1280,720,631.94293,353.39117,986.8637,986.74805,2.979,0.028,2.631,0.045931,0.771813,0.097032,-0.626722,img_105.jpg
20235,1280,720,631.94293,353.39117,986.8637,986.74805,2.987,0.020,2.691,0.047261,0.770887,0.091650,-0.628570,img_106.jpg
20301,1280,720,631.94293,353.39117,986.8637,986.74805,2.998,0.012,2.753,0.048034,0.770747,0.088158,-0.629182,img_107.jpg
20375,1280,720,631.94293,353.39117,986.8637,986.74805,3.020,0.008,2.845,0.061680,0.783608,0.086585,-0.612093,img_108.jpg
20463,1280,720,631.94293,353.39117,986.8637,986.74805,3.030,0.014,2.903,0.063020,0.783264,0.085637,-0.612530,img_109.jpg
20528,1280,720,631.94293,353.39117,986.8637,986.74805,3.040,0.021,2.959,0.060614,0.788137,0.086222,-0.606410,img_110.jpg
20614,1280,720,631.94293,353.39117,986.8637,986.74805,3.053,0.027,3.044,0.052662,0.790102,0.086826,-0.604505,img_111.jpg
20697,1280,720,631.94293,353.39117,986.8637,986.74805,3.065,0.026,3.095,0.048787,0.790951,0.084038,-0.604114,img_112.jpg
20758,1280,720,631.94293,353.39117,986.8637,986.74805,3.078,0.023,3.152,0.044441,0.788997,0.087276,-0.606541,img_113.jpg
20830,1280,720,631.94293,353.39117,986.8637,986.74805,3.091,0.020,3.207,0.046292,0.790756,0.089310,-0.603809,img_114.jpg
20914,1280,720,631.94293,353.39117,986.8637,986.74805,3.109,0.021,3.292,0.044198,0.789618,0.076246,-0.607236,img_115.jpg
20979,1280,720,631.94293,353.39117,986.8637,986.74805,3.122,0.025,3.341,0.041493,0.788293,0.071716,-0.609696,img_116.jpg
21066,1280,720,631.94293,353.39117,986.8637,986.74805,3.132,0.033,3.380,0.044635,0.793516,0.066780,-0.603225,img_117.jpg
21134,1280,720,631.94293,353.39117,986.8637,986.74805,3.144,0.042,3.423,0.041963,0.788065,0.055593,-0.611639,img_118.jpg
21201,1280,720,631.94293,353.39117,986.8637,986.74805,3.156,0.049,3.461,0.040602,0.781628,0.047182,-0.620631,img_119.jpg
21264,1280,720,631.94293,353.39117,986.8637,986.74805,3.174,0.053,3.499,0.037089,0.773945,0.044849,-0.630572,img_120.jpg
21332,1280,720,631.94293,353.39117,986.8637,986.74805,3.190,0.054,3.531,0.033329,0.767900,0.044330,-0.638165,img_121.jpg
21401,1280,720,631.94293,353.39117,986.8637,986.74805,3.208,0.052,3.560,0.032893,0.760889,0.042759,-0.646636,img_122.jpg
21467,1280,720,631.94293,353.39117,986.8637,986.74805,3.227,0.050,3.587,0.033899,0.754516,0.039748,-0.654199,img_123.jpg
21535,1280,720,631.94293,353.39117,986.8637,986.74805,3.247,0.046,3.612,0.033385,0.749429,0.033909,-0.660372,img_124.jpg
21606,1280,720,631.94293,353.39117,986.8637,986.74805,3.278,0.043,3.646,0.034722,0.739747,0.028464,-0.671385,img_125.jpg,marker_4.jpg,0.26615274,0.26615274,3.937,-0.032,3.766,-0.507553,0.486336,-0.494748,-0.494748
21680,1280,720,631.94293,353.39117,986.8637,986.74805,3.296,0.045,3.666,0.037255,0.735921,0.032213,-0.675274,img_126.jpg
21763,1280,720,631.94293,353.39117,986.8637,986.74805,3.307,0.048,3.683,0.034686,0.733925,0.023645,-0.677933,img_127.jpg
21829,1280,720,631.94293,353.39117,986.8637,986.74805,3.317,0.049,3.698,0.032831,0.726893,0.025837,-0.685479,img_128.jpg
21894,1280,720,631.94293,353.39117,986.8637,986.74805,3.326,0.051,3.712,0.032948,0.721282,0.030020,-0.691206,img_129.jpg
21980,1280,720,631.94293,353.39117,986.8637,986.74805,3.336,0.053,3.732,0.033283,0.712539,0.028923,-0.700245,img_130.jpg
22046,1280,720,631.94293,353.39117,986.8637,986.74805,3.342,0.054,3.746,0.033190,0.706246,0.032434,-0.706444,img_131.jpg
22114,1280,720,631.94293,353.39117,986.8637,986.74805,3.342,0.055,3.762,0.035838,0.702273,0.036062,-0.710090,img_132.jpg
22196,1280,720,631.94293,353.39117,986.8637,986.74805,3.339,0.055,3.782,0.034834,0.702416,0.038328,-0.709880,img_133.jpg,marker_4.jpg,0.26486558,0.26486558,3.932,-0.033,3.764,-0.515423,0.482305,-0.488627,-0.488627
22263,1280,720,631.94293,353.39117,986.8637,986.74805,3.333,0.053,3.809,0.032627,0.704318,0.046733,-0.707593,img_134.jpg
22331,1280,720,631.94293,353.39117,986.8637,986.74805,3.324,0.051,3.839,0.032916,0.706774,0.050521,-0.704865,img_135.jpg
22400,1280,720,631.94293,353.39117,986.8637,986.74805,3.309,0.050,3.876,0.035910,0.708977,0.053370,-0.702292,img_136.jpg
22470,1280,720,631.94293,353.39117,986.8637,986.74805,3.283,0.050,3.930,0.038056,0.699210,0.055711,-0.711725,img_137.jpg
22546,1280,720,631.94293,353.39117,986.8637,986.74805,3.263,0.050,3.966,0.036223,0.699853,0.056009,-0.711166,img_138.jpg
22631,1280,720,631.94293,353.39117,986.8637,986.74805,3.250,0.047,4.004,0.040208,0.705908,0.063468,-0.704308,img_139.jpg
22699,1280,720,631.94293,353.39117,986.8637,986.74805,3.243,0.043,4.046,0.041264,0.709624,0.076937,-0.699151,img_140.jpg
22770,1280,720,631.94293,353.39117,986.8637,986.74805,3.235,0.038,4.111,0.038882,0.728475,0.086766,-0.678443,img_141.jpg
22846,1280,720,631.94293,353.39117,986.8637,986.74805,3.232,0.033,4.157,0.040294,0.739418,0.088789,-0.666149,img_142.jpg
22913,1280,720,631.94293,353.39117,986.8637,986.74805,3.232,0.027,4.205,0.041739,0.751511,0.091337,-0.652032,img_143.jpg
22997,1280,720,631.94293,353.39117,986.8637,986.74805,3.234,0.021,4.256,0.043818,0.767618,0.092051,-0.632748,img_144.jpg
23076,1280,720,631.94293,353.39117,986.8637,986.74805,3.234,0.017,4.308,0.045834,0.784526,0.091652,-0.611570,img_145.jpg
23149,1280,720,631.94293,353.39117,986.8637,986.74805,3.237,0.016,4.385,0.050912,0.810241,0.094769,-0.576139,img_146.jpg
23231,1280,720,631.94293,353.39117,986.8637,986.74805,3.239,0.019,4.437,0.055231,0.827495,0.099282,-0.549859,img_147.jpg
23314,1280,720,631.94293,353.39117,986.8637,986.74805,3.236,0.025,4.508,0.051102,0.852830,0.091421,-0.511578,img_148.jpg
23396,1280,720,631.94293,353.39117,986.8637,986.74805,3.236,0.028,4.550,0.051242,0.863478,0.098051,-0.492103,img_149.jpg
23481,1280,720,631.94293,353.39117,986.8637,986.74805,3.231,0.027,4.618,0.050223,0.879854,0.108131,-0.460045,img_150.jpg
23546,1280,720,631.94293,353.39117,986.8637,986.74805,3.227,0.022,4.664,0.048324,0.887000,0.119594,-0.443388,img_151.jpg
23630,1280,720,631.94293,353.39117,986.8637,986.74805,3.222,0.015,4.709,0.046712,0.895409,0.129140,-0.423538,img_152.jpg
23693,1280,720,631.94293,353.39117,986.8637,986.74805,3.215,0.006,4.752,0.046489,0.903120,0.139704,-0.403355,img_153.jpg
23764,1280,720,631.94293,353.39117,986.8637,986.74805,3.204,-0.003,4.796,0.047513,0.908732,0.159631,-0.382709,img_154.jpg
23830,1280,720,631.94293,353.39117,986.8637,986.74805,3.189,-0.009,4.833,0.049643,0.915016,0.179076,-0.358070,img_155.jpg
23904,1280,720,631.94293,353.39117,986.8637,986.74805,3.177,-0.015,4.869,0.045848,0.920140,0.193880,-0.337121,img_156.jpg
23977,1280,720,631.94293,353.39117,986.8637,986.74805,3.157,-0.022,4.918,0.040806,0.927022,0.213884,-0.305319,img_157.jpg
24063,1280,720,631.94293,353.39117,986.8637,986.74805,3.146,-0.024,4.944,0.037087,0.933542,0.219456,-0.281004,img_158.jpg
24125,1280,720,631.94293,353.39117,986.8637,986.74805,3.133,-0.030,4.973,0.035194,0.938936,0.226877,-0.256297,img_159.jpg
24197,1280,720,631.94293,353.39117,986.8637,986.74805,3.118,-0.035,5.000,0.029008,0.942620,0.237103,-0.233256,img_160.jpg
24266,1280,720,631.94293,353.39117,986.8637,986.74805,3.109,-0.045,5.028,0.026181,0.945904,0.244678,-0.211455,img_161.jpg
24329,1280,720,631.94293,353.39117,986.8637,986.74805,3.097,-0.051,5.053,0.025601,0.947908,0.254994,-0.189192,img_162.jpg
24392,1280,720,631.94293,353.39117,986.8637,986.74805,3.084,-0.060,5.079,0.023804,0.949323,0.264113,-0.168713,img_163.jpg
24480,1280,720,631.94293,353.39117,986.8637,986.74805,3.056,-0.069,5.108,0.017322,0.950362,0.279587,-0.135436,img_164.jpg
24563,1280,720,631.94293,353.39117,986.8637,986.74805,3.033,-0.074,5.124,0.012847,0.949752,0.291550,-0.113161,img_165.jpg
24627,1280,720,631.94293,353.39117,986.8637,986.74805,3.003,-0.081,5.138,0.005640,0.948747,0.303396,-0.088301,img_166.jpg
24714,1280,720,631.94293,353.39117,986.8637,986.74805,2.949,-0.092,5.153,-0.008575,0.946194,0.318618,-0.055912,img_167.jpg
24797,1280,720,631.94293,353.39117,986.8637,986.74805,2.911,-0.098,5.161,-0.017069,0.944965,0.324631,-0.036946,img_168.jpg
24860,1280,720,631.94293,353.39117,986.8637,986.74805,2.866,-0.103,5.165,-0.026164,0.944742,0.326134,-0.020362,img_169.jpg
24925,1280,720,631.94293,353.39117,986.8637,986.74805,2.819,-0.105,5.164,-0.035042,0.944432,0.326769,-0.006506,img_170.jpg
24997,1280,720,631.94293,353.39117,986.8637,986.74805,2.771,-0.103,5.159,-0.039832,0.945363,0.323562,0.002986,img_171.jpg
25067,1280,720,631.94293,353.39117,986.8637,986.74805,2.721,-0.102,5.155,-0.040356,0.945536,0.322769,0.012406,img_172.jpg
25131,1280,720,631.94293,353.39117,986.8637,986.74805,2.670,-0.095,5.144,-0.038017,0.946556,0.319275,0.025509,img_173.jpg
25201,1280,720,631.94293,353.39117,986.8637,986.74805,2.600,-0.082,5.132,-0.036506,0.950032,0.306387,0.047267,img_174.jpg
25280,1280,720,631.94293,353.39117,986.8637,986.74805,2.554,-0.074,5.128,-0.036608,0.951602,0.298256,0.064472,img_175.jpg
25362,1280,720,631.94293,353.39117,986.8637,986.74805,2.509,-0.066,5.124,-0.039458,0.952878,0.288960,0.083479,img_176.jpg
25428,1280,720,631.94293,353.39117,986.8637,986.74805,2.470,-0.058,5.124,-0.042112,0.954819,0.276522,0.100415,img_177.jpg
25513,1280,720,631.94293,353.39117,986.8637,986.74805,2.411,-0.045,5.129,-0.045772,0.959055,0.254605,0.115307,img_178.jpg
25597,1280,720,631.94293,353.39117,986.8637,986.74805,2.376,-0.034,5.137,-0.046771,0.962799,0.237294,0.120504,img_179.jpg
25657,1280,720,631.94293,353.39117,986.8637,986.74805,2.339,-0.023,5.149,-0.045217,0.966474,0.220346,0.123818,img_180.jpg
25730,1280,720,631.94293,353.39117,986.8637,986.74805,2.304,-0.016,5.165,-0.039222,0.968736,0.209725,0.126604,img_181.jpg
25798,1280,720,631.94293,353.39117,986.8637,986.74805,2.272,-0.011,5.185,-0.031767,0.971509,0.199018,0.124709,img_182.jpg
25863,1280,720,631.94293,353.39117,986.8637,986.74805,2.240,-0.005,5.209,-0.023129,0.974458,0.188015,0.120613,img_183.jpg
25929,1280,720,631.94293,353.39117,986.8637,986.74805,2.210,0.000,5.235,-0.012894,0.977050,0.177256,0.117417,img_184.jpg
25997,1280,720,631.94293,353.39117,986.8637,986.74805,2.182,0.003,5.264,-0.006866,0.978277,0.173207,0.113697,img_185.jpg
26060,1280,720,631.94293,353.39117,986.8637,986.74805,2.158,0.008,5.292,-0.002109,0.980191,0.166182,0.107722,img_186.jpg
26132,1280,720,631.94293,353.39117,986.8637,986.74805,2.136,0.017,5.313,0.000258,0.984330,0.143683,0.102222,img_187.jpg
26198,1280,720,631.94293,353.39117,986.8637,986.74805,2.109,0.032,5.338,-0.005695,0.989348,0.120122,0.082025,img_188.jpg,marker_6.jpg,0.27854604,0.27854604,1.971,-0.059,6.192,-0.014996,0.723325,-0.690054,-0.690054
26280,1280,720,631.94293,353.39117,986.8637,986.74805,2.094,0.038,5.353,-0.008409,0.991380,0.110268,0.070262,img_189.jpg
26363,1280,720,631.94293,353.39117,986.8637,986.74805,2.082,0.045,5.366,-0.007913,0.993072,0.099328,0.062284,img_190.jpg
26429,1280,720,631.94293,353.39117,986.8637,986.74805,2.070,0.050,5.380,-0.007803,0.994677,0.088443,0.052289,img_191.jpg
26497,1280,720,631.94293,353.39117,986.8637,986.74805,2.060,0.056,5.390,-0.006157,0.996013,0.076889,0.044808,img_192.jpg,marker_6.jpg,0.26711234,0.26711234,1.985,-0.059,6.165,-0.011649,0.710639,-0.703185,-0.703185
26577,1280,720,631.94293,353.39117,986.8637,986.74805,2.045,0.065,5.403,-0.007595,0.997348,0.063872,0.034052,img_193.jpg
26646,1280,720,631.94293,353.39117,986.8637,986.74805,2.037,0.070,5.414,-0.007685,0.997804,0.058204,0.030680,img_194.jpg
26715,1280,720,631.94293,353.39117,986.8637,986.74805,2.030,0.074,5.420,-0.006178,0.998316,0.050256,0.028315,img_195.jpg
26797,1280,720,631.94293,353.39117,986.8637,986.74805,2.025,0.078,5.426,-0.005123,0.998678,0.046285,0.021749,img_196.jpg
26858,1280,720,631.94293,353.39117,986.8637,986.74805,2.021,0.081,5.433,-0.002953,0.998956,0.041691,0.018470,img_197.jpg
26931,1280,720,631.94293,353.39117,986.8637,986.74805,2.014,0.083,5.437,-0.003553,0.999244,0.036333,0.013380,img_198.jpg
27014,1280,720,631.94293,353.39117,986.8637,986.74805,2.009,0.084,5.439,-0.004681,0.999264,0.036928,0.009300,img_199.jpg
27099,1280,720,631.94293,353.39117,986.8637,986.74805,2.001,0.082,5.441,-0.005358,0.998940,0.045502,0.004506,img_200.jpg,marker_6.jpg,0.26580915,0.26580915,1.989,-0.056,6.162,-0.017068,0.719517,-0.693935,-0.693935
27180,1280,720,631.94293,353.39117,986.8637,986.74805,1.996,0.077,5.440,-0.004442,0.998354,0.057177,0.000900,img_201.jpg
27264,1280,720,631.94293,353.39117,986.8637,986.74805,1.989,0.070,5.437,-0.003545,0.997407,0.071845,-0.002327,img_202.jpg
27337,1280,720,631.94293,353.39117,986.8637,986.74805,1.970,0.055,5.426,-0.009563,0.994438,0.104114,-0.012764,img_203.jpg
27415,1280,720,631.94293,353.39117,986.8637,986.74805,1.953,0.044,5.409,-0.013981,0.991108,0.130976,-0.018840,img_204.jpg
27497,1280,720,631.94293,353.39117,986.8637,986.74805,1.929,0.033,5.391,-0.014869,0.988222,0.151393,-0.016648,img_205.jpg
27577,1280,720,631.94293,353.39117,986.8637,986.74805,1.879,0.017,5.355,-0.018709,0.984048,0.176769,-0.007237,img_206.jpg
27664,1280,720,631.94293,353.39117,986.8637,986.74805,1.838,0.010,5.327,-0.019397,0.980444,0.195696,0.007544,img_207.jpg
27728,1280,720,631.94293,353.39117,986.8637,986.74805,1.791,0.004,5.297,-0.022589,0.976834,0.212118,0.017074,img_208.jpg
27799,1280,720,631.94293,353.39117,986.8637,986.74805,1.747,0.000,5.268,-0.026374,0.971961,0.232320,0.024971,img_209.jpg
27870,1280,720,631.94293,353.39117,986.8637,986.74805,1.704,-0.002,5.240,-0.027287,0.968120,0.245962,0.038757,img_210.jpg
27940,1280,720,631.94293,353.39117,986.8637,986.74805,1.634,-0.011,5.207,-0.028904,0.961929,0.265150,0.059610,img_211.jpg
28015,1280,720,631.94293,353.39117,986.8637,986.74805,1.585,-0.019,5.190,-0.033822,0.956947,0.276727,0.080813,img_212.jpg
28097,1280,720,631.94293,353.39117,986.8637,986.74805,1.534,-0.027,5.176,-0.040648,0.952859,0.283929,0.098952,img_213.jpg
28166,1280,720,631.94293,353.39117,986.8637,986.74805,1.484,-0.034,5.167,-0.048586,0.949181,0.288927,0.114963,img_214.jpg
28231,1280,720,631.94293,353.39117,986.8637,986.74805,1.431,-0.043,5.163,-0.054958,0.945719,0.292597,0.130317,img_215.jpg
28296,1280,720,631.94293,353.39117,986.8637,986.74805,1.380,-0.052,5.168,-0.056840,0.942014,0.296962,0.145577,img_216.jpg
28370,1280,720,631.94293,353.39117,986.8637,986.74805,1.297,-0.068,5.179,-0.053045,0.937216,0.301400,0.167242,img_217.jpg
28446,1280,720,631.94293,353.39117,986.8637,986.74805,1.239,-0.077,5.188,-0.048573,0.933333,0.308225,0.177561,img_218.jpg
28515,1280,720,631.94293,353.39117,986.8637,986.74805,1.181,-0.084,5.201,-0.045391,0.926525,0.320449,0.191841,img_219.jpg
28597,1280,720,631.94293,353.39117,986.8637,986.74805,1.118,-0.086,5.209,-0.054057,0.919429,0.333605,0.201085,img_220.jpg
28678,1280,720,631.94293,353.39117,986.8637,986.74805,1.028,-0.089,5.219,-0.076067,0.910646,0.340927,0.220694,img_221.jpg
28763,1280,720,631.94293,353.39117,986.8637,986.74805,0.971,-0.091,5.226,0.089451,-0.907054,-0.342497,-0.227918,img_222.jpg
28830,1280,720,631.94293,353.39117,986.8637,986.74805,0.915,-0.092,5.234,0.094770,-0.904060,-0.341873,-0.238362,img_223.jpg
28898,1280,720,631.94293,353.39117,986.8637,986.74805,0.862,-0.094,5.247,0.101777,-0.903037,-0.339906,-0.242134,img_224.jpg
28979,1280,720,631.94293,353.39117,986.8637,986.74805,0.786,-0.101,5.268,0.095047,-0.905544,-0.331337,-0.247328,img_225.jpg
29064,1280,720,631.94293,353.39117,986.8637,986.74805,0.736,-0.098,5.279,0.088299,-0.909005,-0.322894,-0.248300,img_226.jpg
29138,1280,720,631.94293,353.39117,986.8637,986.74805,0.653,-0.091,5.298,0.086394,-0.913879,-0.316319,-0.239383,img_227.jpg
29231,1280,720,631.94293,353.39117,986.8637,986.74805,0.576,-0.072,5.315,0.075753,-0.915765,-0.311383,-0.242231,img_228.jpg
29316,1280,720,631.94293,353.39117,986.8637,986.74805,0.530,-0.057,5.325,0.071114,-0.922010,-0.297933,-0.236805,img_229.jpg
29399,1280,720,631.94293,353.39117,986.8637,986.74805,0.486,-0.044,5.347,0.069051,-0.928454,-0.285516,-0.227345,img_230.jpg
29472,1280,720,631.94293,353.39117,986.8637,986.74805,0.424,-0.033,5.381,-0.068016,0.936360,0.268567,0.215580,img_231.jpg
29563,1280,720,631.94293,353.39117,986.8637,986.74805,0.366,-0.029,5.410,-0.072300,0.938854,0.264921,0.207707,img_232.jpg
29648,1280,720,631.94293,353.39117,986.8637,986.74805,0.321,-0.038,5.436,-0.074714,0.936140,0.273564,0.207899,img_233.jpg
29734,1280,720,631.94293,353.39117,986.8637,986.74805,0.248,-0.050,5.469,0.085176,-0.927564,-0.286525,-0.224218,img_234.jpg
29815,1280,720,631.94293,353.39117,986.8637,986.74805,0.194,-0.059,5.489,0.093179,-0.917365,-0.301874,-0.242137,img_235.jpg
29888,1280,720,631.94293,353.39117,986.8637,986.74805,0.137,-0.066,5.508,0.099134,-0.907294,-0.311447,-0.264558,img_236.jpg
29982,1280,720,631.94293,353.39117,986.8637,986.74805,0.056,-0.075,5.525,0.118838,-0.891436,-0.322223,-0.295621,img_237.jpg
30063,1280,720,631.94293,353.39117,986.8637,986.74805,-0.001,-0.080,5.531,0.137263,-0.880875,-0.328958,-0.311455,img_238.jpg
30148,1280,720,631.94293,353.39117,986.8637,986.74805,-0.087,-0.088,5.532,0.151972,-0.870009,-0.328100,-0.335171,img_239.jpg
30232,1280,720,631.94293,353.39117,986.8637,986.74805,-0.146,-0.099,5.533,0.160696,-0.862919,-0.328123,-0.349118,img_240.jpg
30303,1280,720,631.94293,353.39117,986.8637,986.74805,-0.242,-0.109,5.526,0.164882,-0.858417,-0.323791,-0.362069,img_241.jpg
30381,1280,720,631.94293,353.39117,986.8637,986.74805,-0.304,-0.112,5.519,0.164266,-0.859324,-0.316059,-0.366996,img_242.jpg
30456,1280,720,631.94293,353.39117,986.8637,986.74805,-0.370,-0.108,5.511,0.171000,-0.861458,-0.310980,-0.363236,img_243.jpg
30532,1280,720,631.94293,353.39117,986.8637,986.74805,-0.461,-0.093,5.500,0.175565,-0.864702,-0.309806,-0.354243,img_244.jpg
30616,1280,720,631.94293,353.39117,986.8637,986.74805,-0.516,-0.082,5.490,0.174707,-0.864555,-0.308701,-0.355986,img_245.jpg
30699,1280,720,631.94293,353.39117,986.8637,986.74805,-0.602,-0.077,5.485,0.181185,-0.859121,-0.315286,-0.360107,img_246.jpg
30781,1280,720,631.94293,353.39117,986.8637,986.74805,-0.656,-0.077,5.482,0.178437,-0.855877,-0.317813,-0.366919,img_247.jpg
30853,1280,720,631.94293,353.39117,986.8637,986.74805,-0.713,-0.082,5.481,0.176369,-0.851071,-0.322691,-0.374756,img_248.jpg
30919,1280,720,631.94293,353.39117,986.8637,986.74805,-0.772,-0.091,5.480,0.174337,-0.847433,-0.326584,-0.380534,img_249.jpg
30992,1280,720,631.94293,353.39117,986.8637,986.74805,-0.830,-0.097,5.483,0.169228,-0.847599,-0.326213,-0.382784,img_250.jpg
31073,1280,720,631.94293,353.39117,986.8637,986.74805,-0.926,-0.102,5.492,0.157678,-0.847948,-0.322568,-0.389963,img_251.jpg
31165,1280,720,631.94293,353.39117,986.8637,986.74805,-1.025,-0.102,5.504,0.140858,-0.841844,-0.325986,-0.406437,img_252.jpg
31247,1280,720,631.94293,353.39117,986.8637,986.74805,-1.088,-0.096,5.511,0.134092,-0.837827,-0.327507,-0.415697,img_253.jpg
31311,1280,720,631.94293,353.39117,986.8637,986.74805,-1.149,-0.088,5.516,0.132716,-0.836808,-0.323227,-0.421502,img_254.jpg
31398,1280,720,631.94293,353.39117,986.8637,986.74805,-1.206,-0.083,5.521,0.134701,-0.836663,-0.317663,-0.425372,img_255.jpg
31475,1280,720,631.94293,353.39117,986.8637,986.74805,-1.284,-0.074,5.532,0.129390,-0.845455,-0.303040,-0.420275,img_256.jpg
31564,1280,720,631.94293,353.39117,986.8637,986.74805,-1.355,-0.064,5.551,0.119620,-0.863512,-0.283383,-0.399666,img_257.jpg
31648,1280,720,631.94293,353.39117,986.8637,986.74805,-1.400,-0.055,5.565,0.104906,-0.878756,-0.264624,-0.383088,img_258.jpg
31732,1280,720,631.94293,353.39117,986.8637,986.74805,-1.444,-0.045,5.581,0.092539,-0.895618,-0.246619,-0.358448,img_259.jpg
31805,1280,720,631.94293,353.39117,986.8637,986.74805,-1.510,-0.024,5.600,0.073933,-0.919398,-0.217119,-0.319531,img_260.jpg
31898,1280,720,631.94293,353.39117,986.8637,986.74805,-1.553,-0.008,5.614,0.066630,-0.930308,-0.205316,-0.296535,img_261.jpg
31971,1280,720,631.94293,353.39117,986.8637,986.74805,-1.608,0.018,5.631,0.050660,-0.949860,-0.168516,-0.258462,img_262.jpg
32065,1280,720,631.94293,353.39117,986.8637,986.74805,-1.646,0.026,5.651,0.043329,-0.959185,-0.152689,-0.234037,img_263.jpg
32139,1280,720,631.94293,353.39117,986.8637,986.74805,-1.677,0.037,5.668,-0.040608,0.967777,0.139727,0.205511,img_264.jpg
32213,1280,720,631.94293,353.39117,986.8637,986.74805,-1.723,0.051,5.692,-0.031396,0.975160,0.119394,0.183911,img_265.jpg
32300,1280,720,631.94293,353.39117,986.8637,986.74805,-1.760,0.064,5.708,-0.020612,0.981494,0.091981,0.166688,img_266.jpg
32399,1280,720,631.94293,353.39117,986.8637,986.74805,-1.789,0.076,5.725,-0.007933,0.986931,0.060944,0.148965,img_267.jpg
32499,1280,720,631.94293,353.39117,986.8637,986.74805,-1.820,0.088,5.736,-0.003778,0.991575,0.048963,0.119862,img_268.jpg
32584,1280,720,631.94293,353.39117,986.8637,986.74805,-1.831,0.098,5.745,0.000919,0.992565,0.047940,0.111870,img_269.jpg
32668,1280,720,631.94293,353.39117,986.8637,986.74805,-1.854,0.102,5.748,-0.000508,0.994493,0.043896,0.095171,img_270.jpg
32747,1280,720,631.94293,353.39117,986.8637,986.74805,-1.867,0.103,5.751,-0.004035,0.995435,0.046286,0.083372,img_271.jpg
32825,1280,720,631.94293,353.39117,986.8637,986.74805,-1.877,0.110,5.753,-0.003935,0.996439,0.045296,0.071003,img_272.jpg
32916,1280,720,631.94293,353.39117,986.8637,986.74805,-1.892,0.115,5.752,-0.003231,0.997824,0.043066,0.049831,img_273.jpg
33016,1280,720,631.94293,353.39117,986.8637,986.74805,-1.909,0.118,5.747,-0.003212,0.998338,0.045519,0.035186,img_274.jpg
33098,1280,720,631.94293,353.39117,986.8637,986.74805,-1.929,0.117,5.743,-0.007412,0.998519,0.049150,0.022100,img_275.jpg,marker_7.png,0.2670692,0.2670692,-1.971,-0.041,6.336,-0.017693,0.712877,-0.700819,-0.700819
33182,1280,720,631.94293,353.39117,986.8637,986.74805,-1.940,0.119,5.740,-0.008958,0.998545,0.050425,0.016897,img_276.jpg
33264,1280,720,631.94293,353.39117,986.8637,986.74805,-1.953,0.118,5.735,-0.009730,0.998497,0.053318,0.008176,img_277.jpg
33348,1280,720,631.94293,353.39117,986.8637,986.74805,-1.960,0.119,5.730,-0.008832,0.998436,0.054588,0.008181,img_278.jpg
33427,1280,720,631.94293,353.39117,986.8637,986.74805,-1.967,0.119,5.726,-0.007806,0.998322,0.056901,0.007407,img_279.jpg
33518,1280,720,631.94293,353.39117,986.8637,986.74805,-1.979,0.117,5.720,-0.007174,0.998034,0.061967,0.006028,img_280.jpg
33615,1280,720,631.94293,353.39117,986.8637,986.74805,-1.990,0.110,5.716,-0.007355,0.996379,0.084125,0.009920,img_281.jpg,marker_7.png,0.27021012,0.27021012,-1.974,-0.040,6.338,-0.019470,0.710280,-0.703434,-0.703434
33685,1280,720,631.94293,353.39117,986.8637,986.74805,-1.999,0.095,5.715,-0.012504,0.992318,0.121056,0.022233,img_282.jpg
33762,1280,720,631.94293,353.39117,986.8637,986.74805,-2.015,0.072,5.709,-0.021687,0.986749,0.155172,0.042174,img_283.jpg
33834,1280,720,631.94293,353.39117,986.8637,986.74805,-2.043,0.034,5.695,-0.035447,0.976602,0.198985,0.073461,img_284.jpg
33916,1280,720,631.94293,353.39117,986.8637,986.74805,-2.065,0.013,5.683,-0.047520,0.968534,0.224951,0.095297,img_285.jpg
33990,1280,720,631.94293,353.39117,986.8637,986.74805,-2.087,-0.002,5.668,-0.056872,0.961304,0.240496,0.121747,img_286.jpg
34067,1280,720,631.94293,353.39117,986.8637,986.74805,-2.125,-0.018,5.641,-0.068946,0.949256,0.257134,0.167455,img_287.jpg
34146,1280,720,631.94293,353.39117,986.8637,986.74805,-2.153,-0.025,5.627,-0.074830,0.940517,0.264885,0.199161,img_288.jpg
34232,1280,720,631.94293,353.39117,986.8637,986.74805,-2.194,-0.035,5.605,0.087122,-0.925583,-0.276709,-0.243182,img_289.jpg
34315,1280,720,631.94293,353.39117,986.8637,986.74805,-2.224,-0.038,5.593,0.094781,-0.917530,-0.276838,-0.269287,img_290.jpg
34384,1280,720,631.94293,353.39117,986.8637,986.74805,-2.255,-0.039,5.589,0.101518,-0.908910,-0.277100,-0.294604,img_291.jpg
34459,1280,720,631.94293,353.39117,986.8637,986.74805,-2.289,-0.040,5.595,0.106347,-0.900916,-0.274431,-0.318950,img_292.jpg
34532,1280,720,631.94293,353.39117,986.8637,986.74805,-2.345,-0.040,5.596,0.111003,-0.889768,-0.265783,-0.354050,img_293.jpg
34616,1280,720,631.94293,353.39117,986.8637,986.74805,-2.390,-0.043,5.599,0.110511,-0.882753,-0.258123,-0.376706,img_294.jpg
34691,1280,720,631.94293,353.39117,986.8637,986.74805,-2.432,-0.041,5.607,0.104889,-0.876086,-0.246368,-0.400966,img_295.jpg
34770,1280,720,631.94293,353.39117,986.8637,986.74805,-2.502,-0.023,5.609,0.098117,-0.860883,-0.214656,-0.450750,img_296.jpg
34847,1280,720,631.94293,353.39117,986.8637,986.74805,-2.548,-0.009,5.607,0.103043,-0.846568,-0.198695,-0.482935,img_297.jpg
34923,1280,720,631.94293,353.39117,986.8637,986.74805,-2.588,0.007,5.601,0.102230,-0.834967,-0.176282,-0.511178,img_298.jpg
34997,1280,720,631.94293,353.39117,986.8637,986.74805,-2.641,0.030,5.581,0.094620,-0.808988,-0.149372,-0.560601,img_299.jpg
35081,1280,720,631.94293,353.39117,986.8637,986.74805,-2.670,0.040,5.573,0.087830,-0.792498,-0.138674,-0.587369,img_300.jpg
35156,1280,720,631.94293,353.39117,986.8637,986.74805,-2.701,0.049,5.557,0.080868,-0.777147,-0.129497,-0.610519,img_301.jpg
35237,1280,720,631.94293,353.39117,986.8637,986.74805,-2.745,0.061,5.529,0.077821,-0.758002,-0.117490,-0.636846,img_302.jpg
35315,1280,720,631.94293,353.39117,986.8637,986.74805,-2.775,0.064,5.512,0.078599,-0.749921,-0.110498,-0.647481,img_303.jpg
35387,1280,720,631.94293,353.39117,986.8637,986.74805,-2.805,0.065,5.493,0.081393,-0.745075,-0.103091,-0.653920,img_304.jpg
35465,1280,720,631.94293,353.39117,986.8637,986.74805,-2.846,0.070,5.459,0.080825,-0.742539,-0.089503,-0.658857,img_305.jpg
35549,1280,720,631.94293,353.39117,986.8637,986.74805,-2.874,0.074,5.438,0.078449,-0.743401,-0.082344,-0.659106,img_306.jpg
35624,1280,720,631.94293,353.39117,986.8637,986.74805,-2.898,0.081,5.412,0.078102,-0.742065,-0.078463,-0.661123,img_307.jpg
35704,1280,720,631.94293,353.39117,986.8637,986.74805,-2.934,0.091,5.380,0.074562,-0.743547,-0.071057,-0.660704,img_308.jpg
35783,1280,720,631.94293,353.39117,986.8637,986.74805,-2.954,0.097,5.363,0.066548,-0.745382,-0.066964,-0.659919,img_309.jpg
35862,1280,720,631.94293,353.39117,986.8637,986.74805,-2.981,0.101,5.344,0.060505,-0.747198,-0.064389,-0.658702,img_310.jpg
35949,1280,720,631.94293,353.39117,986.8637,986.74805,-2.995,0.103,5.334,0.061727,-0.747559,-0.059818,-0.658611,img_311.jpg
36025,1280,720,631.94293,353.39117,986.8637,986.74805,-3.005,0.106,5.328,0.060744,-0.746897,-0.057399,-0.659667,img_312.jpg,marker_8.jpg,0.26843062,0.26843062,-3.679,-0.028,5.412,-0.485746,-0.515455,0.535324,0.535324
36106,1280,720,631.94293,353.39117,986.8637,986.74805,-3.021,0.107,5.321,0.058216,-0.746079,-0.055545,-0.660978,img_313.jpg
36199,1280,720,631.94293,353.39117,986.8637,986.74805,-3.035,0.106,5.317,0.059500,-0.742060,-0.054772,-0.665437,img_314.jpg
36282,1280,720,631.94293,353.39117,986.8637,986.74805,-3.041,0.106,5.315,0.060493,-0.740435,-0.056817,-0.666984,img_315.jpg
36354,1280,720,631.94293,353.39117,986.8637,986.74805,-3.047,0.106,5.314,0.059803,-0.739574,-0.056657,-0.668015,img_316.jpg
36432,1280,720,631.94293,353.39117,986.8637,986.74805,-3.057,0.105,5.312,0.066439,-0.736558,-0.055334,-0.670825,img_317.jpg
36516,1280,720,631.94293,353.39117,986.8637,986.74805,-3.060,0.102,5.309,0.071425,-0.737057,-0.056377,-0.669676,img_318.jpg
36598,1280,720,631.94293,353.39117,986.8637,986.74805,-3.062,0.098,5.296,0.078668,-0.732409,-0.053678,-0.674171,img_319.jpg
36683,1280,720,631.94293,353.39117,986.8637,986.74805,-3.062,0.094,5.278,0.086403,-0.722452,-0.054994,-0.683794,img_320.jpg,marker_8.jpg,0.26888797,0.26888797,-3.683,-0.028,5.413,-0.480923,-0.519723,0.521958,0.521958
36759,1280,720,631.94293,353.39117,986.8637,986.74805,-3.064,0.090,5.252,0.096214,-0.710796,-0.054998,-0.694613,img_321.jpg
36832,1280,720,631.94293,353.39117,986.8637,986.74805,-3.062,0.085,5.202,0.103071,-0.688002,-0.052441,-0.716435,img_322.jpg
36916,1280,720,631.94293,353.39117,986.8637,986.74805,-3.057,0.083,5.164,0.108037,-0.675315,-0.047744,-0.728009,img_323.jpg
36996,1280,720,631.94293,353.39117,986.8637,986.74805,-3.048,0.080,5.099,0.108960,-0.655665,-0.045376,-0.745770,img_324.jpg
37098,1280,720,631.94293,353.39117,986.8637,986.74805,-3.031,0.080,5.027,0.106661,-0.643481,-0.041910,-0.756835,img_325.jpg
37182,1280,720,631.94293,353.39117,986.8637,986.74805,-3.017,0.082,4.978,0.102167,-0.641869,-0.039115,-0.758970,img_326.jpg
37262,1280,720,631.94293,353.39117,986.8637,986.74805,-2.995,0.088,4.900,0.103254,-0.636275,-0.043580,-0.763278,img_327.jpg
37346,1280,720,631.94293,353.39117,986.8637,986.74805,-2.983,0.092,4.849,0.106815,-0.639151,-0.046939,-0.760180,img_328.jpg
37419,1280,720,631.94293,353.39117,986.8637,986.74805,-2.973,0.094,4.801,0.107488,-0.637669,-0.048725,-0.761217,img_329.jpg
37492,1280,720,631.94293,353.39117,986.8637,986.74805,-2.966,0.094,4.753,0.109660,-0.634830,-0.049626,-0.763219,img_330.jpg
37572,1280,720,631.94293,353.39117,986.8637,986.74805,-2.961,0.092,4.679,0.120054,-0.623642,-0.044083,-0.771178,img_331.jpg
37663,1280,720,631.94293,353.39117,986.8637,986.74805,-2.961,0.086,4.607,0.125000,-0.622355,-0.035384,-0.771879,img_332.jpg
37749,1280,720,631.94293,353.39117,986.8637,986.74805,-2.966,0.080,4.560,0.125077,-0.619469,-0.034997,-0.774202,img_333.jpg
37828,1280,720,631.94293,353.39117,986.8637,986.74805,-2.972,0.073,4.513,0.125734,-0.618313,-0.037305,-0.774912,img_334.jpg
37915,1280,720,631.94293,353.39117,986.8637,986.74805,-2.988,0.069,4.441,0.112879,-0.615513,-0.042050,-0.778867,img_335.jpg
37982,1280,720,631.94293,353.39117,986.8637,986.74805,-3.001,0.072,4.398,0.100802,-0.618777,-0.042042,-0.777937,img_336.jpg
38055,1280,720,631.94293,353.39117,986.8637,986.74805,-3.016,0.079,4.352,0.097802,-0.619143,-0.049131,-0.777613,img_337.jpg
38123,1280,720,631.94293,353.39117,986.8637,986.74805,-3.026,0.087,4.310,0.076865,-0.621757,-0.047002,-0.778011,img_338.jpg
38190,1280,720,631.94293,353.39117,986.8637,986.74805,-3.037,0.091,4.268,0.068575,-0.621416,-0.046539,-0.779085,img_339.jpg
38267,1280,720,631.94293,353.39117,986.8637,986.74805,-3.055,0.096,4.208,0.075038,-0.627631,-0.045984,-0.773520,img_340.jpg
38347,1280,720,631.94293,353.39117,986.8637,986.74805,-3.063,0.098,4.167,0.075056,-0.635338,-0.041040,-0.767482,img_341.jpg
38419,1280,720,631.94293,353.39117,986.8637,986.74805,-3.072,0.100,4.127,0.076200,-0.642348,-0.038911,-0.761622,img_342.jpg,marker_9.jpg,0.27714464,0.27714464,-3.778,-0.013,3.894,-0.473724,-0.531101,0.530560,0.530560
38492,1280,720,631.94293,353.39117,986.8637,986.74805,-3.082,0.100,4.072,0.069462,-0.649823,-0.037093,-0.755996,img_343.jpg
38565,1280,720,631.94293,353.39117,986.8637,986.74805,-3.089,0.101,4.037,0.069466,-0.657963,-0.040035,-0.748770,img_344.jpg
38647,1280,720,631.94293,353.39117,986.8637,986.74805,-3.095,0.102,4.004,0.068325,-0.668043,-0.043520,-0.739700,img_345.jpg
38714,1280,720,631.94293,353.39117,986.8637,986.74805,-3.102,0.102,3.974,0.068118,-0.675545,-0.049672,-0.732483,img_346.jpg
38798,1280,720,631.94293,353.39117,986.8637,986.74805,-3.112,0.104,3.938,0.068205,-0.693100,-0.050887,-0.715801,img_347.jpg
38881,1280,720,631.94293,353.39117,986.8637,986.74805,-3.119,0.105,3.918,0.069955,-0.702618,-0.049520,-0.706387,img_348.jpg
38949,1280,720,631.94293,353.39117,986.8637,986.74805,-3.126,0.105,3.901,0.070072,-0.709869,-0.049042,-0.699121,img_349.jpg
39018,1280,720,631.94293,353.39117,986.8637,986.74805,-3.134,0.103,3.886,0.069165,-0.715338,-0.050250,-0.693529,img_350.jpg,marker_9.jpg,0.26912862,0.26912862,-3.773,-0.013,3.900,-0.486979,-0.518316,0.519188,0.519188
39093,1280,720,631.94293,353.39117,986.8637,986.74805,-3.146,0.098,3.860,0.065155,-0.715887,-0.042635,-0.693861,img_351.jpg
39166,1280,720,631.94293,353.39117,986.8637,986.74805,-3.154,0.093,3.838,0.069160,-0.710527,-0.041033,-0.699060,img_352.jpg
39247,1280,720,631.94293,353.39117,986.8637,986.74805,-3.161,0.088,3.811,0.073437,-0.704339,-0.046439,-0.704527,img_353.jpg
39312,1280,720,631.94293,353.39117,986.8637,986.74805,-3.166,0.088,3.781,0.078085,-0.702820,-0.049186,-0.705356,img_354.jpg
39382,1280,720,631.94293,353.39117,986.8637,986.74805,-3.166,0.090,3.743,0.078563,-0.700909,-0.042841,-0.707615,img_355.jpg
39456,1280,720,631.94293,353.39117,986.8637,986.74805,-3.165,0.090,3.698,0.080284,-0.695860,-0.033467,-0.712891,img_356.jpg
39525,1280,720,631.94293,353.39117,986.8637,986.74805,-3.161,0.088,3.648,0.085057,-0.691246,-0.028721,-0.717021,img_357.jpg
39598,1280,720,631.94293,353.39117,986.8637,986.74805,-3.150,0.085,3.564,0.084414,-0.681203,-0.020557,-0.726922,img_358.jpg
39683,1280,720,631.94293,353.39117,986.8637,986.74805,-3.138,0.085,3.503,0.083731,-0.675115,-0.019093,-0.732696,img_359.jpg
39750,1280,720,631.94293,353.39117,986.8637,986.74805,-3.123,0.088,3.441,0.082901,-0.673634,-0.019817,-0.734134,img_360.jpg
39831,1280,720,631.94293,353.39117,986.8637,986.74805,-3.107,0.092,3.351,0.089905,-0.668820,-0.029718,-0.737370,img_361.jpg
39916,1280,720,631.94293,353.39117,986.8637,986.74805,-3.099,0.095,3.297,0.092847,-0.662625,-0.037059,-0.742250,img_362.jpg
39984,1280,720,631.94293,353.39117,986.8637,986.74805,-3.093,0.097,3.250,0.099146,-0.657302,-0.044028,-0.745779,img_363.jpg
40066,1280,720,631.94293,353.39117,986.8637,986.74805,-3.086,0.097,3.177,0.109944,-0.647578,-0.046562,-0.752587,img_364.jpg
40147,1280,720,631.94293,353.39117,986.8637,986.74805,-3.085,0.096,3.128,0.115129,-0.637512,-0.046763,-0.760353,img_365.jpg
40229,1280,720,631.94293,353.39117,986.8637,986.74805,-3.085,0.092,3.075,0.118877,-0.626744,-0.046410,-0.768705,img_366.jpg
40319,1280,720,631.94293,353.39117,986.8637,986.74805,-3.090,0.084,2.999,0.118737,-0.613460,-0.046577,-0.779358,img_367.jpg
40391,1280,720,631.94293,353.39117,986.8637,986.74805,-3.105,0.071,2.927,0.115707,-0.602201,-0.056152,-0.787917,img_368.jpg
40464,1280,720,631.94293,353.39117,986.8637,986.74805,-3.116,0.064,2.879,0.111568,-0.598430,-0.061594,-0.790974,img_369.jpg
40549,1280,720,631.94293,353.39117,986.8637,986.74805,-3.129,0.063,2.828,0.109060,-0.596062,-0.063069,-0.792994,img_370.jpg
40619,1280,720,631.94293,353.39117,986.8637,986.74805,-3.143,0.067,2.779,0.107035,-0.598099,-0.064354,-0.791631,img_371.jpg
40689,1280,720,631.94293,353.39117,986.8637,986.74805,-3.161,0.071,2.707,0.094504,-0.595865,-0.057356,-0.795440,img_372.jpg
40764,1280,720,631.94293,353.39117,986.8637,986.74805,-3.171,0.070,2.658,0.104037,-0.595175,-0.052141,-0.795126,img_373.jpg
40849,1280,720,631.94293,353.39117,986.8637,986.74805,-3.183,0.071,2.613,0.102575,-0.591368,-0.052585,-0.798121,img_374.jpg
40911,1280,720,631.94293,353.39117,986.8637,986.74805,-3.191,0.073,2.568,0.101669,-0.597594,-0.044784,-0.794065,img_375.jpg
40999,1280,720,631.94293,353.39117,986.8637,986.74805,-3.201,0.075,2.508,0.099144,-0.608077,-0.036646,-0.786810,img_376.jpg
41082,1280,720,631.94293,353.39117,986.8637,986.74805,-3.204,0.078,2.470,0.091103,-0.617420,-0.033073,-0.780640,img_377.jpg
41148,1280,720,631.94293,353.39117,986.8637,986.74805,-3.205,0.081,2.428,0.084563,-0.625020,-0.029961,-0.775436,img_378.jpg
41223,1280,720,631.94293,353.39117,986.8637,986.74805,-3.208,0.085,2.386,0.084744,-0.632766,-0.030176,-0.769100,img_379.jpg
41292,1280,720,631.94293,353.39117,986.8637,986.74805,-3.215,0.095,2.321,0.079549,-0.637379,-0.035252,-0.765622,img_380.jpg
41366,1280,720,631.94293,353.39117,986.8637,986.74805,-3.219,0.099,2.285,0.076135,-0.648392,-0.035924,-0.756638,img_381.jpg
41447,1280,720,631.94293,353.39117,986.8637,986.74805,-3.223,0.101,2.253,0.074797,-0.661270,-0.036927,-0.745496,img_382.jpg
41515,1280,720,631.94293,353.39117,986.8637,986.74805,-3.228,0.103,2.227,0.074701,-0.674719,-0.037985,-0.733301,img_383.jpg
41584,1280,720,631.94293,353.39117,986.8637,986.74805,-3.233,0.105,2.204,0.074816,-0.684298,-0.035716,-0.724475,img_384.jpg,marker_10.jpg,0.27259654,0.27259654,-3.904,-0.003,2.127,-0.477532,-0.521356,0.528031,0.528031
41659,1280,720,631.94293,353.39117,986.8637,986.74805,-3.246,0.105,2.173,0.076689,-0.698149,-0.032853,-0.711075,img_385.jpg
41749,1280,720,631.94293,353.39117,986.8637,986.74805,-3.257,0.105,2.151,0.076816,-0.704854,-0.033390,-0.704390,img_386.jpg
41818,1280,720,631.94293,353.39117,986.8637,986.74805,-3.267,0.104,2.133,0.075476,-0.711601,-0.033840,-0.697697,img_387.jpg
41892,1280,720,631.94293,353.39117,986.8637,986.74805,-3.276,0.103,2.119,0.072970,-0.718149,-0.033993,-0.691218,img_388.jpg
41960,1280,720,631.94293,353.39117,986.8637,986.74805,-3.286,0.102,2.106,0.067067,-0.722967,-0.035561,-0.686699,img_389.jpg
42033,1280,720,631.94293,353.39117,986.8637,986.74805,-3.299,0.101,2.086,0.057888,-0.730240,-0.043774,-0.679325,img_390.jpg,marker_10.jpg,0.27124768,0.27124768,-3.903,0.000,2.133,-0.485709,-0.511467,0.523851,0.523851
42116,1280,720,631.94293,353.39117,986.8637,986.74805,-3.306,0.100,2.064,0.059726,-0.722192,-0.049489,-0.687330,img_391.jpg
42200,1280,720,631.94293,353.39117,986.8637,986.74805,-3.314,0.101,2.021,0.060861,-0.699579,-0.050823,-0.710143,img_392.jpg
42283,1280,720,631.94293,353.39117,986.8637,986.74805,-3.318,0.101,1.987,0.071547,-0.681552,-0.047197,-0.726733,img_393.jpg
42352,1280,720,631.94293,353.39117,986.8637,986.74805,-3.318,0.101,1.952,0.074174,-0.657432,-0.045163,-0.748493,img_394.jpg
42423,1280,720,631.94293,353.39117,986.8637,986.74805,-3.316,0.098,1.891,0.078050,-0.604612,-0.047955,-0.791235,img_395.jpg
42499,1280,720,631.94293,353.39117,986.8637,986.74805,-3.315,0.094,1.845,0.089817,-0.556781,-0.051123,-0.824205,img_396.jpg
42582,1280,720,631.94293,353.39117,986.8637,986.74805,-3.308,0.092,1.799,0.097820,-0.518344,-0.050034,-0.848084,img_397.jpg
42666,1280,720,631.94293,353.39117,986.8637,986.74805,-3.291,0.091,1.733,0.108827,-0.472583,-0.050188,-0.873100,img_398.jpg
42750,1280,720,631.94293,353.39117,986.8637,986.74805,-3.277,0.094,1.696,0.103018,-0.442767,-0.049279,-0.889335,img_399.jpg
42816,1280,720,631.94293,353.39117,986.8637,986.74805,-3.262,0.097,1.661,0.101864,-0.411822,-0.052000,-0.904059,img_400.jpg
42888,1280,720,631.94293,353.39117,986.8637,986.74805,-3.241,0.098,1.614,0.105322,-0.364082,-0.056080,-0.923692,img_401.jpg
42967,1280,720,631.94293,353.39117,986.8637,986.74805,-3.222,0.099,1.584,0.110883,-0.328611,-0.057213,-0.936187,img_402.jpg
43050,1280,720,631.94293,353.39117,986.8637,986.74805,-3.198,0.100,1.555,0.115597,-0.294409,-0.051802,-0.947247,img_403.jpg
43118,1280,720,631.94293,353.39117,986.8637,986.74805,-3.174,0.099,1.528,0.118176,-0.259320,-0.045330,-0.957462,img_404.jpg
43191,1280,720,631.94293,353.39117,986.8637,986.74805,-3.138,0.101,1.488,0.124911,-0.216813,-0.033370,-0.967614,img_405.jpg
43283,1280,720,631.94293,353.39117,986.8637,986.74805,-3.119,0.100,1.461,0.123900,-0.192116,-0.027198,-0.973139,img_406.jpg
43357,1280,720,631.94293,353.39117,986.8637,986.74805,-3.093,0.100,1.423,0.115451,-0.154614,-0.018334,-0.981035,img_407.jpg
43450,1280,720,631.94293,353.39117,986.8637,986.74805,-3.076,0.100,1.397,0.109336,-0.132316,-0.013062,-0.985072,img_408.jpg
43532,1280,720,631.94293,353.39117,986.8637,986.74805,-3.054,0.105,1.363,0.098662,-0.099751,-0.009584,-0.990063,img_409.jpg
43602,1280,720,631.94293,353.39117,986.8637,986.74805,-3.038,0.107,1.339,0.095651,-0.078846,-0.005931,-0.992270,img_410.jpg
43683,1280,720,631.94293,353.39117,986.8637,986.74805,-3.022,0.109,1.318,0.089539,-0.060666,-0.004831,-0.994122,img_411.jpg
43754,1280,720,631.94293,353.39117,986.8637,986.74805,-2.996,0.114,1.292,0.085189,-0.041889,-0.007870,-0.995453,img_412.jpg
43832,1280,720,631.94293,353.39117,986.8637,986.74805,-2.977,0.117,1.280,0.080250,-0.025743,-0.008295,-0.996408,img_413.jpg
43918,1280,720,631.94293,353.39117,986.8637,986.74805,-2.959,0.120,1.272,0.082678,-0.012987,-0.003094,-0.996487,img_414.jpg
43987,1280,720,631.94293,353.39117,986.8637,986.74805,-2.931,0.122,1.263,0.083436,-0.007051,0.003263,-0.996483,img_415.jpg
44066,1280,720,631.94293,353.39117,986.8637,986.74805,-2.914,0.122,1.254,0.086056,-0.007401,0.005427,-0.996248,img_416.jpg
44153,1280,720,631.94293,353.39117,986.8637,986.74805,-2.902,0.119,1.247,0.091976,-0.014551,0.006791,-0.995632,img_417.jpg
44215,1280,720,631.94293,353.39117,986.8637,986.74805,-2.887,0.117,1.243,0.096406,-0.021806,0.005070,-0.995090,img_418.jpg
44284,1280,720,631.94293,353.39117,986.8637,986.74805,-2.878,0.116,1.239,0.099533,-0.028028,0.002517,-0.994636,img_419.jpg
44360,1280,720,631.94293,353.39117,986.8637,986.74805,-2.859,0.115,1.234,0.097830,-0.029774,-0.003528,-0.994751,img_420.jpg,marker_11.jpg,0.26598215,0.26598215,-2.923,-0.046,0.597,-0.713011,-0.044071,0.067967,0.067967
44431,1280,720,631.94293,353.39117,986.8637,986.74805,-2.849,0.112,1.228,0.101116,-0.039854,0.000064,-0.994076,img_421.jpg
44500,1280,720,631.94293,353.39117,986.8637,986.74805,-2.839,0.110,1.222,0.106605,-0.043140,0.003249,-0.993360,img_422.jpg
44583,1280,720,631.94293,353.39117,986.8637,986.74805,-2.833,0.109,1.215,0.105659,-0.045848,0.003553,-0.993339,img_423.jpg
44650,1280,720,631.94293,353.39117,986.8637,986.74805,-2.831,0.107,1.210,0.103013,-0.047882,0.001838,-0.993525,img_424.jpg
44720,1280,720,631.94293,353.39117,986.8637,986.74805,-2.826,0.105,1.205,0.100871,-0.050121,0.003502,-0.993630,img_425.jpg
44800,1280,720,631.94293,353.39117,986.8637,986.74805,-2.820,0.100,1.196,0.102778,-0.054565,-0.002621,-0.993203,img_426.jpg
44883,1280,720,631.94293,353.39117,986.8637,986.74805,-2.813,0.098,1.191,0.108316,-0.057290,-0.003505,-0.992458,img_427.jpg
44958,1280,720,631.94293,353.39117,986.8637,986.74805,-2.801,0.098,1.189,0.109365,-0.064087,-0.000744,-0.991933,img_428.jpg,marker_11.jpg,0.26066616,0.26066616,-2.924,-0.044,0.603,-0.703580,-0.031665,0.056517,0.056517
45027,1280,720,631.94293,353.39117,986.8637,986.74805,-2.774,0.101,1.197,0.100731,-0.076266,0.004244,-0.991977,img_429.jpg
45101,1280,720,631.94293,353.39117,986.8637,986.74805,-2.746,0.101,1.203,0.097655,-0.082209,0.011357,-0.991754,img_430.jpg
45183,1280,720,631.94293,353.39117,986.8637,986.74805,-2.713,0.100,1.212,0.097915,-0.080302,0.013016,-0.991864,img_431.jpg
45247,1280,720,631.94293,353.39117,986.8637,986.74805,-2.671,0.097,1.225,0.098438,-0.078234,0.015802,-0.991937,img_432.jpg
45320,1280,720,631.94293,353.39117,986.8637,986.74805,-2.621,0.093,1.243,0.101789,-0.068838,0.022182,-0.992174,img_433.jpg
45388,1280,720,631.94293,353.39117,986.8637,986.74805,-2.538,0.091,1.279,0.111320,-0.056899,0.027873,-0.991763,img_434.jpg
45467,1280,720,631.94293,353.39117,986.8637,986.74805,-2.482,0.094,1.304,0.119638,-0.053722,0.027685,-0.990976,img_435.jpg
45551,1280,720,631.94293,353.39117,986.8637,986.74805,-2.429,0.099,1.328,0.117833,-0.043108,0.022463,-0.991843,img_436.jpg
45620,1280,720,631.94293,353.39117,986.8637,986.74805,-2.353,0.102,1.360,0.122055,-0.032044,0.021646,-0.991770,img_437.jpg
45700,1280,720,631.94293,353.39117,986.8637,986.74805,-2.302,0.100,1.373,0.135664,-0.016409,0.029683,-0.990174,img_438.jpg
45767,1280,720,631.94293,353.39117,986.8637,986.74805,-2.252,0.098,1.387,0.137929,-0.005944,0.034459,-0.989825,img_439.jpg
45850,1280,720,631.94293,353.39117,986.8637,986.74805,-2.203,0.093,1.397,0.139601,0.009759,0.035679,-0.989517,img_440.jpg
45918,1280,720,631.94293,353.39117,986.8637,986.74805,-2.152,0.088,1.405,0.136491,0.030703,0.032411,-0.989635,img_441.jpg
45990,1280,720,631.94293,353.39117,986.8637,986.74805,-2.075,0.079,1.415,0.134520,0.055089,0.029637,-0.988934,img_442.jpg
46066,1280,720,631.94293,353.39117,986.8637,986.74805,-2.023,0.073,1.422,0.134719,0.063826,0.027823,-0.988435,img_443.jpg
46151,1280,720,631.94293,353.39117,986.8637,986.74805,-1.969,0.069,1.429,0.131959,0.072014,0.021588,-0.988400,img_444.jpg
46220,1280,720,631.94293,353.39117,986.8637,986.74805,-1.892,0.068,1.438,0.125745,0.070539,0.009480,-0.989506,img_445.jpg
46300,1280,720,631.94293,353.39117,986.8637,986.74805,-1.835,0.073,1.443,0.130731,0.068751,0.004566,-0.989021,img_446.jpg
46367,1280,720,631.94293,353.39117,986.8637,986.74805,-1.786,0.079,1.446,0.137442,0.070066,0.001848,-0.988027,img_447.jpg
46451,1280,720,631.94293,353.39117,986.8637,986.74805,-1.733,0.087,1.456,0.134216,0.075466,0.003909,-0.988067,img_448.jpg
46518,1280,720,631.94293,353.39117,986.8637,986.74805,-1.655,0.096,1.472,0.125619,0.081542,0.016266,-0.988588,img_449.jpg
46601,1280,720,631.94293,353.39117,986.8637,986.74805,-1.609,0.103,1.486,0.119997,0.081026,0.021764,-0.989223,img_450.jpg
46672,1280,720,631.94293,353.39117,986.8637,986.74805,-1.558,0.106,1.503,0.110218,0.079514,0.025369,-0.990397,img_451.jpg
46745,1280,720,631.94293,353.39117,986.8637,986.74805,-1.505,0.105,1.523,0.104701,0.072376,0.030161,-0.991408,img_452.jpg
46817,1280,720,631.94293,353.39117,986.8637,986.74805,-1.423,0.105,1.554,0.093024,0.063102,0.032112,-0.993143,img_453.jpg
46901,1280,720,631.94293,353.39117,986.8637,986.74805,-1.371,0.109,1.578,0.087923,0.056447,0.029477,-0.994090,img_454.jpg
46986,1280,720,631.94293,353.39117,986.8637,986.74805,-1.294,0.121,1.608,0.091575,0.050904,0.028157,-0.994098,img_455.jpg
47068,1280,720,631.94293,353.39117,986.8637,986.74805,-1.247,0.129,1.625,0.089890,0.056499,0.024539,-0.994045,img_456.jpg
47149,1280,720,631.94293,353.39117,986.8637,986.74805,-1.205,0.135,1.639,0.090048,0.055808,0.019097,-0.994189,img_457.jpg
47221,1280,720,631.94293,353.39117,986.8637,986.74805,-1.151,0.141,1.657,0.087688,0.055555,0.015043,-0.994484,img_458.jpg
47304,1280,720,631.94293,353.39117,986.8637,986.74805,-1.116,0.141,1.666,0.087595,0.055486,0.012714,-0.994529,img_459.jpg
47385,1280,720,631.94293,353.39117,986.8637,986.74805,-1.090,0.141,1.668,0.085259,0.052890,0.013173,-0.994867,img_460.jpg,marker_12.jpg,0.29117277,0.29117277,-0.935,-0.085,0.857,-0.711172,-0.057553,0.049426,0.049426
47456,1280,720,631.94293,353.39117,986.8637,986.74805,-1.058,0.137,1.665,0.084687,0.049574,0.017788,-0.995015,img_461.jpg
47532,1280,720,631.94293,353.39117,986.8637,986.74805,-1.037,0.134,1.661,0.085509,0.046784,0.019510,-0.995047,img_462.jpg
47598,1280,720,631.94293,353.39117,986.8637,986.74805,-1.020,0.129,1.653,0.089972,0.044735,0.016541,-0.994802,img_463.jpg
47668,1280,720,631.94293,353.39117,986.8637,986.74805,-1.002,0.124,1.646,0.092309,0.038866,0.011229,-0.994908,img_464.jpg
47749,1280,720,631.94293,353.39117,986.8637,986.74805,-0.988,0.119,1.637,0.089747,0.032893,0.006495,-0.995400,img_465.jpg
47820,1280,720,631.94293,353.39117,986.8637,986.74805,-0.975,0.116,1.626,0.087140,0.024407,0.001387,-0.995896,img_466.jpg
47888,1280,720,631.94293,353.39117,986.8637,986.74805,-0.957,0.116,1.611,0.079915,0.019921,-0.008655,-0.996565,img_467.jpg
47967,1280,720,631.94293,353.39117,986.8637,986.74805,-0.945,0.118,1.598,0.081151,0.019852,-0.012036,-0.996431,img_468.jpg,marker_12.jpg,0.2821596,0.2821596,-0.948,-0.082,0.863,-0.713341,-0.041722,0.024781,0.024781
48051,1280,720,631.94293,353.39117,986.8637,986.74805,-0.932,0.119,1.586,0.083837,0.019584,-0.011877,-0.996216,img_469.jpg
48120,1280,720,631.94293,353.39117,986.8637,986.74805,-0.914,0.121,1.577,0.079013,0.009455,-0.009066,-0.996788,img_470.jpg
48200,1280,720,631.94293,353.39117,986.8637,986.74805,-0.907,0.122,1.573,0.079223,-0.000710,-0.008824,-0.996818,img_471.jpg
48284,1280,720,631.94293,353.39117,986.8637,986.74805,-0.901,0.125,1.572,0.071909,-0.001456,-0.013343,-0.997321,img_472.jpg
48359,1280,720,631.94293,353.39117,986.8637,986.74805,-0.889,0.129,1.572,0.066012,-0.016841,-0.011997,-0.997605,img_473.jpg
48435,1280,720,631.94293,353.39117,986.8637,986.74805,-0.880,0.133,1.573,0.061907,-0.026131,-0.010333,-0.997686,img_474.jpg
48508,1280,720,631.94293,353.39117,986.8637,986.74805,-0.870,0.135,1.575,0.061500,-0.031574,-0.009424,-0.997563,img_475.jpg
