time,sizeX,sizeY,p_x,p_y,f_x,f_y,pos_X,pos_Y,pos_Z,q_x,q_y,q_z,q_w,marker_ID,marker_x,marker_y,marker_z,marker_qx,marker_qy,marker_qz,marker_qw,marker_ID,marker_x,marker_y,marker_z,marker_qx,marker_qy,marker_qz,marker_qw,marker_ID,marker_x,marker_y,marker_z,marker_qx,marker_qy,marker_qz,marker_qw,
11866,1280,720,631.94293,353.39117,986.8637,986.74805,0.441,-0.004,0.957,0.086686,-0.055405,0.005949,-0.994676,img_1.jpg
11947,1280,720,631.94293,353.39117,986.8637,986.74805,0.442,-0.002,0.957,0.087257,-0.055031,0.008037,-0.994632,img_2.jpg
12015,1280,720,631.94293,353.39117,986.8637,986.74805,0.442,-0.001,0.957,0.088632,-0.053480,0.008856,-0.994588,img_3.jpg
12092,1280,720,631.94293,353.39117,986.8637,986.74805,0.440,0.001,0.957,0.085088,-0.049781,0.009068,-0.995088,img_4.jpg
12169,1280,720,631.94293,353.39117,986.8637,986.74805,0.441,0.003,0.957,0.084986,-0.046807,0.009310,-0.995239,img_5.jpg,marker_1.jpg,0.26559675,0.26559675,0.370,-0.130,0.341,-0.704071,-0.010049,0.010116,0.010116
12250,1280,720,631.94293,353.39117,986.8637,986.74805,0.442,0.003,0.956,0.087629,-0.042975,0.008876,-0.995186,img_6.jpg
12322,1280,720,631.94293,353.39117,986.8637,986.74805,0.448,0.003,0.955,0.097691,-0.046279,0.012173,-0.994066,img_7.jpg
12397,1280,720,631.94293,353.39117,986.8637,986.74805,0.456,0.005,0.957,0.100208,-0.051992,0.019098,-0.993424,img_8.jpg
12481,1280,720,631.94293,353.39117,986.8637,986.74805,0.466,0.006,0.960,0.100543,-0.052022,0.021931,-0.993330,img_9.jpg
12550,1280,720,631.94293,353.39117,986.8637,986.74805,0.477,0.007,0.964,0.096889,-0.049723,0.021978,-0.993809,img_10.jpg
12623,1280,720,631.94293,353.39117,986.8637,986.74805,0.500,0.009,0.969,0.091003,-0.044406,0.025645,-0.994530,img_11.jpg
12713,1280,720,631.94293,353.39117,986.8637,986.74805,0.520,0.010,0.974,0.089027,-0.044995,0.028416,-0.994607,img_12.jpg
12783,1280,720,631.94293,353.39117,986.8637,986.74805,0.542,0.012,0.979,0.086174,-0.045886,0.033112,-0.994672,img_13.jpg,marker_1.jpg,0.26729065,0.26729065,0.370,-0.131,0.340,-0.705254,-0.009510,0.009547,0.009547
12857,1280,720,631.94293,353.39117,986.8637,986.74805,0.576,0.013,0.990,0.077707,-0.050844,0.033882,-0.995102,img_14.jpg
12947,1280,720,631.94293,353.39117,986.8637,986.74805,0.600,0.014,0.995,0.075211,-0.052582,0.032974,-0.995234,img_15.jpg
13014,1280,720,631.94293,353.39117,986.8637,986.74805,0.626,0.016,1.001,0.072174,-0.053955,0.033527,-0.995367,img_16.jpg
13088,1280,720,631.94293,353.39117,986.8637,986.74805,0.665,0.018,1.008,0.065936,-0.054156,0.033538,-0.995789,img_17.jpg
13165,1280,720,631.94293,353.39117,986.8637,986.74805,0.691,0.019,1.014,0.061473,-0.054798,0.030596,-0.996134,img_18.jpg
13249,1280,720,631.94293,353.39117,986.8637,986.74805,0.716,0.020,1.018,0.059060,-0.053959,0.028780,-0.996379,img_19.jpg
13322,1280,720,631.94293,353.39117,986.8637,986.74805,0.750,0.020,1.023,0.059640,-0.056319,0.027223,-0.996258,img_20.jpg
13414,1280,720,631.94293,353.39117,986.8637,986.74805,0.770,0.020,1.027,0.059969,-0.057558,0.026340,-0.996191,img_21.jpg
13483,1280,720,631.94293,353.39117,986.8637,986.74805,0.789,0.020,1.030,0.060302,-0.059820,0.025715,-0.996054,img_22.jpg
13563,1280,720,631.94293,353.39117,986.8637,986.74805,0.814,0.021,1.037,0.057874,-0.062117,0.024599,-0.996086,img_23.jpg
13648,1280,720,631.94293,353.39117,986.8637,986.74805,0.832,0.021,1.042,0.056065,-0.062639,0.023737,-0.996178,img_24.jpg
13724,1280,720,631.94293,353.39117,986.8637,986.74805,0.858,0.020,1.049,0.054032,-0.060986,0.023213,-0.996405,img_25.jpg,marker_1.jpg,0.26526952,0.26526952,0.369,-0.131,0.338,-0.704239,-0.012630,0.014823,0.014823
13814,1280,720,631.94293,353.39117,986.8637,986.74805,0.875,0.018,1.051,0.053728,-0.060190,0.023641,-0.996460,img_26.jpg
13889,1280,720,631.94293,353.39117,986.8637,986.74805,0.899,0.017,1.050,0.060665,-0.061837,0.030486,-0.995774,img_27.jpg
13980,1280,720,631.94293,353.39117,986.8637,986.74805,0.915,0.018,1.047,0.060253,-0.063144,0.033415,-0.995623,img_28.jpg
14044,1280,720,631.94293,353.39117,986.8637,986.74805,0.930,0.018,1.044,0.059239,-0.067788,0.035136,-0.995320,img_29.jpg
14131,1280,720,631.94293,353.39117,986.8637,986.74805,0.953,0.016,1.038,0.058847,-0.068315,0.035067,-0.995309,img_30.jpg
14214,1280,720,631.94293,353.39117,986.8637,986.74805,0.971,0.014,1.031,0.059154,-0.062081,0.033728,-0.995746,img_31.jpg
14301,1280,720,631.94293,353.39117,986.8637,986.74805,1.007,0.009,1.018,0.063834,-0.044196,0.034367,-0.996389,img_32.jpg
14380,1280,720,631.94293,353.39117,986.8637,986.74805,1.034,0.005,1.005,0.066677,-0.022810,0.029673,-0.997072,img_33.jpg
14447,1280,720,631.94293,353.39117,986.8637,986.74805,1.061,0.001,0.990,0.080246,0.000348,0.027779,-0.996388,img_34.jpg
14531,1280,720,631.94293,353.39117,986.8637,986.74805,1.105,-0.001,0.970,0.087117,0.038778,0.026913,-0.995079,img_35.jpg
14614,1280,720,631.94293,353.39117,986.8637,986.74805,1.135,-0.001,0.960,0.089772,0.066555,0.031154,-0.993248,img_36.jpg
14690,1280,720,631.94293,353.39117,986.8637,986.74805,1.179,-0.002,0.949,0.090422,0.104109,0.037270,-0.989746,img_37.jpg
14781,1280,720,631.94293,353.39117,986.8637,986.74805,1.210,-0.003,0.942,0.095329,0.127549,0.043576,-0.986278,img_38.jpg
14854,1280,720,631.94293,353.39117,986.8637,986.74805,1.241,-0.004,0.939,0.094713,0.150598,0.048781,-0.982838,img_39.jpg
14926,1280,720,631.94293,353.39117,986.8637,986.74805,1.292,-0.006,0.939,0.092277,0.180142,0.059358,-0.977502,img_40.jpg
15013,1280,720,631.94293,353.39117,986.8637,986.74805,1.328,-0.009,0.940,0.092951,0.197771,0.066316,-0.973576,img_41.jpg
15087,1280,720,631.94293,353.39117,986.8637,986.74805,1.384,-0.014,0.946,0.090380,0.215800,0.070499,-0.969686,img_42.jpg
15180,1280,720,631.94293,353.39117,986.8637,986.74805,1.422,-0.015,0.949,0.090613,0.225753,0.070035,-0.967430,img_43.jpg
15248,1280,720,631.94293,353.39117,986.8637,986.74805,1.460,-0.016,0.956,0.092317,0.238983,0.065135,-0.964429,img_44.jpg
15325,1280,720,631.94293,353.39117,986.8637,986.74805,1.499,-0.015,0.965,0.091457,0.248728,0.061719,-0.962268,img_45.jpg
15414,1280,720,631.94293,353.39117,986.8637,986.74805,1.558,-0.013,0.982,0.094586,0.262855,0.066112,-0.957909,img_46.jpg
15491,1280,720,631.94293,353.39117,986.8637,986.74805,1.611,-0.011,0.997,0.101603,0.277803,0.064301,-0.953083,img_47.jpg
15580,1280,720,631.94293,353.39117,986.8637,986.74805,1.644,-0.012,1.008,0.107079,0.287440,0.063940,-0.949644,img_48.jpg
15655,1280,720,631.94293,353.39117,986.8637,986.74805,1.691,-0.015,1.022,0.112628,0.304239,0.065320,-0.943656,img_49.jpg
15731,1280,720,631.94293,353.39117,986.8637,986.74805,1.691,-0.015,1.022,0.112628,0.304239,0.065320,-0.943656,img_50.jpg
15814,1280,720,631.94293,353.39117,986.8637,986.74805,1.691,-0.015,1.022,0.112628,0.304239,0.065320,-0.943656,img_51.jpg
15887,1280,720,631.94293,353.39117,986.8637,986.74805,1.691,-0.015,1.022,0.112628,0.304239,0.065320,-0.943656,img_52.jpg
15980,1280,720,631.94293,353.39117,986.8637,986.74805,1.691,-0.015,1.022,0.112628,0.304239,0.065320,-0.943656,img_53.jpg
16049,1280,720,631.94293,353.39117,986.8637,986.74805,1.691,-0.015,1.022,0.112628,0.304239,0.065320,-0.943656,img_54.jpg
16126,1280,720,631.94293,353.39117,986.8637,986.74805,1.691,-0.015,1.022,0.112628,0.304239,0.065320,-0.943656,img_55.jpg
16214,1280,720,631.94293,353.39117,986.8637,986.74805,1.691,-0.015,1.022,0.112628,0.304239,0.065320,-0.943656,img_56.jpg
16292,1280,720,631.94293,353.39117,986.8637,986.74805,1.691,-0.015,1.022,0.112628,0.304239,0.065320,-0.943656,img_57.jpg
16365,1280,720,631.94293,353.39117,986.8637,986.74805,1.691,-0.015,1.022,0.112628,0.304239,0.065320,-0.943656,img_58.jpg
16448,1280,720,631.94293,353.39117,986.8637,986.74805,1.691,-0.015,1.022,0.112628,0.304239,0.065320,-0.943656,img_59.jpg
16518,1280,720,631.94293,353.39117,986.8637,986.74805,1.691,-0.015,1.022,0.112628,0.304239,0.065320,-0.943656,img_60.jpg
16614,1280,720,631.94293,353.39117,986.8637,986.74805,1.691,-0.015,1.022,0.112628,0.304239,0.065320,-0.943656,img_61.jpg
16687,1280,720,631.94293,353.39117,986.8637,986.74805,1.691,-0.015,1.022,0.112628,0.304239,0.065320,-0.943656,img_62.jpg
16762,1280,720,631.94293,353.39117,986.8637,986.74805,1.691,-0.015,1.022,0.112628,0.304239,0.065320,-0.943656,img_63.jpg
16848,1280,720,631.94293,353.39117,986.8637,986.74805,1.691,-0.015,1.022,0.112628,0.304239,0.065320,-0.943656,img_64.jpg
16918,1280,720,631.94293,353.39117,986.8637,986.74805,1.691,-0.015,1.022,0.112628,0.304239,0.065320,-0.943656,img_65.jpg
16997,1280,720,631.94293,353.39117,986.8637,986.74805,1.691,-0.015,1.022,0.112628,0.304239,0.065320,-0.943656,img_66.jpg
17081,1280,720,631.94293,353.39117,986.8637,986.74805,1.691,-0.015,1.022,0.112628,0.304239,0.065320,-0.943656,img_67.jpg
17150,1280,720,631.94293,353.39117,986.8637,986.74805,1.691,-0.015,1.022,0.112628,0.304239,0.065320,-0.943656,img_68.jpg
17225,1280,720,631.94293,353.39117,986.8637,986.74805,1.691,-0.015,1.022,0.112628,0.304239,0.065320,-0.943656,img_69.jpg
17301,1280,720,631.94293,353.39117,986.8637,986.74805,1.691,-0.015,1.022,0.112628,0.304239,0.065320,-0.943656,img_70.jpg
17381,1280,720,631.94293,353.39117,986.8637,986.74805,1.691,-0.015,1.022,0.112628,0.304239,0.065320,-0.943656,img_71.jpg
17452,1280,720,631.94293,353.39117,986.8637,986.74805,1.691,-0.015,1.022,0.112628,0.304239,0.065320,-0.943656,img_72.jpg
17532,1280,720,631.94293,353.39117,986.8637,986.74805,1.165,0.038,0.797,0.067568,0.217062,0.027998,-0.973414,img_73.jpg
17614,1280,720,631.94293,353.39117,986.8637,986.74805,1.227,0.061,0.713,0.067154,0.215139,0.029600,-0.973822,img_74.jpg
17692,1280,720,631.94293,353.39117,986.8637,986.74805,1.226,0.054,0.687,0.074001,0.212171,0.032894,-0.973871,img_75.jpg
17781,1280,720,631.94293,353.39117,986.8637,986.74805,1.230,0.051,0.662,0.076791,0.209348,0.035659,-0.974169,img_76.jpg
17856,1280,720,631.94293,353.39117,986.8637,986.74805,1.231,0.043,0.621,0.080122,0.209237,0.031976,-0.974052,img_77.jpg
17932,1280,720,631.94293,353.39117,986.8637,986.74805,1.222,0.041,0.621,0.082197,0.212689,0.033462,-0.973081,img_78.jpg
18015,1280,720,631.94293,353.39117,986.8637,986.74805,1.215,0.040,0.632,0.082537,0.217444,0.034782,-0.971955,img_79.jpg
18092,1280,720,631.94293,353.39117,986.8637,986.74805,1.216,0.037,0.595,0.081115,0.227798,0.033218,-0.969755,img_80.jpg
18181,1280,720,631.94293,353.39117,986.8637,986.74805,1.221,0.035,0.543,0.078775,0.234365,0.032094,-0.968420,img_81.jpg
18256,1280,720,631.94293,353.39117,986.8637,986.74805,1.218,0.038,0.507,0.078904,0.242709,0.032650,-0.966334,img_82.jpg,marker_3.jpg,0.27053517,0.27053517,1.548,-0.098,-0.056,-0.674361,0.240335,-0.225852,-0.225852
18350,1280,720,631.94293,353.39117,986.8637,986.74805,1.218,0.041,0.484,0.078320,0.247790,0.035651,-0.964985,img_83.jpg
18432,1280,720,631.94293,353.39117,986.8637,986.74805,1.216,0.040,0.461,0.079824,0.257636,0.039895,-0.962112,img_84.jpg
18501,1280,720,631.94293,353.39117,986.8637,986.74805,1.216,0.040,0.454,0.076233,0.266901,0.043479,-0.959720,img_85.jpg
18580,1280,720,631.94293,353.39117,986.8637,986.74805,1.216,0.040,0.441,0.075074,0.273740,0.045665,-0.957781,img_86.jpg
18650,1280,720,631.94293,353.39117,986.8637,986.74805,1.216,0.040,0.431,0.075250,0.281880,0.045399,-0.955416,img_87.jpg
18733,1280,720,631.94293,353.39117,986.8637,986.74805,1.216,0.040,0.423,0.075277,0.284148,0.041807,-0.954906,img_88.jpg,marker_3.jpg,0.27053517,0.27053517,1.549,-0.083,-0.082,-0.676545,0.244881,-0.232924,-0.232924
18815,1280,720,631.94293,353.39117,986.8637,986.74805,1.216,0.038,0.411,0.074179,0.280822,0.037117,-0.956169,img_89.jpg
18899,1280,720,631.94293,353.39117,986.8637,986.74805,1.217,0.035,0.402,0.075353,0.277294,0.034250,-0.957213,img_90.jpg
18975,1280,720,631.94293,353.39117,986.8637,986.74805,1.217,0.033,0.396,0.074635,0.276690,0.031227,-0.957547,img_91.jpg
19046,1280,720,631.94293,353.39117,986.8637,986.74805,1.223,0.032,0.391,0.072780,0.276066,0.029030,-0.957940,img_92.jpg
19133,1280,720,631.94293,353.39117,986.8637,986.74805,1.231,0.032,0.394,0.070682,0.273190,0.026341,-0.958998,img_93.jpg
19208,1280,720,631.94293,353.39117,986.8637,986.74805,1.241,0.033,0.400,0.070838,0.271482,0.029032,-0.959394,img_94.jpg
19279,1280,720,631.94293,353.39117,986.8637,986.74805,1.252,0.034,0.406,0.068476,0.270903,0.031654,-0.959646,img_95.jpg
19359,1280,720,631.94293,353.39117,986.8637,986.74805,1.268,0.034,0.420,0.063601,0.268300,0.036917,-0.960525,img_96.jpg,marker_3.jpg,0.29885775,0.29885775,1.583,-0.095,-0.132,-0.646139,0.255826,-0.225436,-0.225436
19432,1280,720,631.94293,353.39117,986.8637,986.74805,1.283,0.038,0.431,0.057883,0.266662,0.040676,-0.961190,img_97.jpg
19503,1280,720,631.94293,353.39117,986.8637,986.74805,1.300,0.041,0.442,0.055861,0.263829,0.045114,-0.961893,img_98.jpg
19579,1280,720,631.94293,353.39117,986.8637,986.74805,1.316,0.041,0.454,0.057366,0.260148,0.046503,-0.962741,img_99.jpg
19666,1280,720,631.94293,353.39117,986.8637,986.74805,1.341,0.043,0.472,0.056275,0.249845,0.048140,-0.965450,img_100.jpg
19736,1280,720,631.94293,353.39117,986.8637,986.74805,1.360,0.045,0.485,0.057823,0.240096,0.054745,-0.967478,img_101.jpg
19816,1280,720,631.94293,353.39117,986.8637,986.74805,1.382,0.045,0.508,0.055797,0.222865,0.058024,-0.971520,img_102.jpg
19899,1280,720,631.94293,353.39117,986.8637,986.74805,1.396,0.045,0.523,0.056420,0.212280,0.061648,-0.973629,img_103.jpg
19974,1280,720,631.94293,353.39117,986.8637,986.74805,1.409,0.044,0.539,0.057068,0.205532,0.064748,-0.974837,img_104.jpg,marker_3.jpg,0.2858651,0.2858651,1.568,-0.090,-0.111,-0.673851,0.250867,-0.235058,-0.235058
20049,1280,720,631.94293,353.39117,986.8637,986.74805,1.426,0.043,0.557,0.056436,0.203155,0.066683,-0.975242,img_105.jpg
20118,1280,720,631.94293,353.39117,986.8637,986.74805,1.452,0.043,0.582,0.056953,0.212897,0.066282,-0.973159,img_106.jpg
20199,1280,720,631.94293,353.39117,986.8637,986.74805,1.473,0.042,0.599,0.056850,0.223287,0.065007,-0.970920,img_107.jpg
20275,1280,720,631.94293,353.39117,986.8637,986.74805,1.491,0.040,0.618,0.056078,0.235554,0.063734,-0.968146,img_108.jpg
20349,1280,720,631.94293,353.39117,986.8637,986.74805,1.512,0.039,0.635,0.058822,0.248079,0.064318,-0.964811,img_109.jpg
20423,1280,720,631.94293,353.39117,986.8637,986.74805,1.540,0.036,0.661,0.059465,0.263680,0.061282,-0.960823,img_110.jpg
20499,1280,720,631.94293,353.39117,986.8637,986.74805,1.556,0.034,0.678,0.061081,0.274605,0.063604,-0.957505,img_111.jpg
20583,1280,720,631.94293,353.39117,986.8637,986.74805,1.582,0.033,0.702,0.061969,0.286085,0.064701,-0.954007,img_112.jpg
20667,1280,720,631.94293,353.39117,986.8637,986.74805,1.598,0.032,0.718,0.059168,0.293485,0.060585,-0.952205,img_113.jpg
20750,1280,720,631.94293,353.39117,986.8637,986.74805,1.614,0.030,0.733,0.059763,0.299142,0.056428,-0.950662,img_114.jpg
20823,1280,720,631.94293,353.39117,986.8637,986.74805,1.640,0.025,0.754,0.064561,0.300138,0.054148,-0.950167,img_115.jpg
20916,1280,720,631.94293,353.39117,986.8637,986.74805,1.670,0.019,0.772,0.067171,0.306855,0.050394,-0.948045,img_116.jpg
21000,1280,720,631.94293,353.39117,986.8637,986.74805,1.699,0.014,0.782,0.069153,0.313236,0.048146,-0.945930,img_117.jpg
21083,1280,720,631.94293,353.39117,986.8637,986.74805,1.744,0.006,0.803,0.075310,0.329475,0.038928,-0.940351,img_118.jpg
21166,1280,720,631.94293,353.39117,986.8637,986.74805,1.776,0.003,0.821,0.080331,0.339926,0.031769,-0.936476,img_119.jpg
21250,1280,720,631.94293,353.39117,986.8637,986.74805,1.831,0.004,0.849,0.088807,0.343748,0.036746,-0.934131,img_120.jpg
21334,1280,720,631.94293,353.39117,986.8637,986.74805,1.870,0.008,0.868,0.100761,0.340744,0.049619,-0.933423,img_121.jpg
21416,1280,720,631.94293,353.39117,986.8637,986.74805,1.921,0.014,0.899,0.092105,0.350739,0.046434,-0.930775,img_122.jpg
21499,1280,720,631.94293,353.39117,986.8637,986.74805,1.955,0.015,0.923,0.088350,0.355914,0.057144,-0.928577,img_123.jpg
21573,1280,720,631.94293,353.39117,986.8637,986.74805,1.988,0.016,0.947,0.089828,0.364031,0.068452,-0.924514,img_124.jpg
21644,1280,720,631.94293,353.39117,986.8637,986.74805,2.019,0.018,0.973,0.082866,0.381521,0.069760,-0.917991,img_125.jpg
21716,1280,720,631.94293,353.39117,986.8637,986.74805,2.066,0.017,1.015,0.073495,0.401728,0.078825,-0.909395,img_126.jpg
21799,1280,720,631.94293,353.39117,986.8637,986.74805,2.096,0.014,1.045,0.071046,0.410537,0.080087,-0.905538,img_127.jpg
21874,1280,720,631.94293,353.39117,986.8637,986.74805,2.125,0.010,1.076,0.071107,0.420060,0.078142,-0.901325,img_128.jpg
21943,1280,720,631.94293,353.39117,986.8637,986.74805,2.155,0.007,1.110,0.071515,0.426554,0.078667,-0.898192,img_129.jpg
22015,1280,720,631.94293,353.39117,986.8637,986.74805,2.194,0.007,1.167,0.073545,0.432699,0.070936,-0.895729,img_130.jpg
22099,1280,720,631.94293,353.39117,986.8637,986.74805,2.220,0.011,1.206,0.076177,0.435164,0.063377,-0.894881,img_131.jpg
22173,1280,720,631.94293,353.39117,986.8637,986.74805,2.246,0.017,1.245,0.083584,0.440233,0.062178,-0.891820,img_132.jpg
22244,1280,720,631.94293,353.39117,986.8637,986.74805,2.280,0.021,1.302,0.089713,0.447913,0.054090,-0.887919,img_133.jpg
22333,1280,720,631.94293,353.39117,986.8637,986.74805,2.301,0.022,1.337,0.090613,0.449021,0.053709,-0.887291,img_134.jpg
22404,1280,720,631.94293,353.39117,986.8637,986.74805,2.321,0.022,1.369,0.091828,0.456829,0.052427,-0.883248,img_135.jpg
22480,1280,720,631.94293,353.39117,986.8637,986.74805,2.342,0.022,1.398,0.091501,0.461686,0.058991,-0.880337,img_136.jpg
22554,1280,720,631.94293,353.39117,986.8637,986.74805,2.371,0.019,1.441,0.092105,0.470556,0.060484,-0.875463,img_137.jpg
22633,1280,720,631.94293,353.39117,986.8637,986.74805,2.371,0.019,1.441,0.092105,0.470556,0.060484,-0.875463,img_138.jpg
22706,1280,720,631.94293,353.39117,986.8637,986.74805,2.371,0.019,1.441,0.092105,0.470556,0.060484,-0.875463,img_139.jpg
22782,1280,720,631.94293,353.39117,986.8637,986.74805,2.371,0.019,1.441,0.092105,0.470556,0.060484,-0.875463,img_140.jpg
22866,1280,720,631.94293,353.39117,986.8637,986.74805,2.371,0.019,1.441,0.092105,0.470556,0.060484,-0.875463,img_141.jpg
22934,1280,720,631.94293,353.39117,986.8637,986.74805,2.371,0.019,1.441,0.092105,0.470556,0.060484,-0.875463,img_142.jpg
23006,1280,720,631.94293,353.39117,986.8637,986.74805,2.371,0.019,1.441,0.092105,0.470556,0.060484,-0.875463,img_143.jpg
23083,1280,720,631.94293,353.39117,986.8637,986.74805,2.371,0.019,1.441,0.092105,0.470556,0.060484,-0.875463,img_144.jpg
23153,1280,720,631.94293,353.39117,986.8637,986.74805,2.371,0.019,1.441,0.092105,0.470556,0.060484,-0.875463,img_145.jpg
23227,1280,720,631.94293,353.39117,986.8637,986.74805,2.371,0.019,1.441,0.092105,0.470556,0.060484,-0.875463,img_146.jpg
23316,1280,720,631.94293,353.39117,986.8637,986.74805,2.371,0.019,1.441,0.092105,0.470556,0.060484,-0.875463,img_147.jpg
23399,1280,720,631.94293,353.39117,986.8637,986.74805,2.371,0.019,1.441,0.092105,0.470556,0.060484,-0.875463,img_148.jpg
23467,1280,720,631.94293,353.39117,986.8637,986.74805,2.371,0.019,1.441,0.092105,0.470556,0.060484,-0.875463,img_149.jpg
23551,1280,720,631.94293,353.39117,986.8637,986.74805,2.371,0.019,1.441,0.092105,0.470556,0.060484,-0.875463,img_150.jpg
23634,1280,720,631.94293,353.39117,986.8637,986.74805,2.371,0.019,1.441,0.092105,0.470556,0.060484,-0.875463,img_151.jpg
23716,1280,720,631.94293,353.39117,986.8637,986.74805,2.371,0.019,1.441,0.092105,0.470556,0.060484,-0.875463,img_152.jpg
23799,1280,720,631.94293,353.39117,986.8637,986.74805,2.371,0.019,1.441,0.092105,0.470556,0.060484,-0.875463,img_153.jpg
23873,1280,720,631.94293,353.39117,986.8637,986.74805,2.371,0.019,1.441,0.092105,0.470556,0.060484,-0.875463,img_154.jpg
23952,1280,720,631.94293,353.39117,986.8637,986.74805,2.371,0.019,1.441,0.092105,0.470556,0.060484,-0.875463,img_155.jpg
24033,1280,720,631.94293,353.39117,986.8637,986.74805,2.371,0.019,1.441,0.092105,0.470556,0.060484,-0.875463,img_156.jpg
24105,1280,720,631.94293,353.39117,986.8637,986.74805,2.371,0.019,1.441,0.092105,0.470556,0.060484,-0.875463,img_157.jpg
24182,1280,720,631.94293,353.39117,986.8637,986.74805,2.371,0.019,1.441,0.092105,0.470556,0.060484,-0.875463,img_158.jpg
24266,1280,720,631.94293,353.39117,986.8637,986.74805,2.371,0.019,1.441,0.092105,0.470556,0.060484,-0.875463,img_159.jpg
24333,1280,720,631.94293,353.39117,986.8637,986.74805,2.371,0.019,1.441,0.092105,0.470556,0.060484,-0.875463,img_160.jpg
24409,1280,720,631.94293,353.39117,986.8637,986.74805,2.371,0.019,1.441,0.092105,0.470556,0.060484,-0.875463,img_161.jpg
24481,1280,720,631.94293,353.39117,986.8637,986.74805,2.371,0.019,1.441,0.092105,0.470556,0.060484,-0.875463,img_162.jpg
24550,1280,720,631.94293,353.39117,986.8637,986.74805,2.371,0.019,1.441,0.092105,0.470556,0.060484,-0.875463,img_163.jpg
24633,1280,720,631.94293,353.39117,986.8637,986.74805,2.371,0.019,1.441,0.092105,0.470556,0.060484,-0.875463,img_164.jpg
24701,1280,720,631.94293,353.39117,986.8637,986.74805,2.371,0.019,1.441,0.092105,0.470556,0.060484,-0.875463,img_165.jpg
24779,1280,720,631.94293,353.39117,986.8637,986.74805,2.371,0.019,1.441,0.092105,0.470556,0.060484,-0.875463,img_166.jpg
24866,1280,720,631.94293,353.39117,986.8637,986.74805,2.371,0.019,1.441,0.092105,0.470556,0.060484,-0.875463,img_167.jpg
24934,1280,720,631.94293,353.39117,986.8637,986.74805,2.371,0.019,1.441,0.092105,0.470556,0.060484,-0.875463,img_168.jpg
25008,1280,720,631.94293,353.39117,986.8637,986.74805,2.371,0.019,1.441,0.092105,0.470556,0.060484,-0.875463,img_169.jpg
25082,1280,720,631.94293,353.39117,986.8637,986.74805,2.371,0.019,1.441,0.092105,0.470556,0.060484,-0.875463,img_170.jpg
25167,1280,720,631.94293,353.39117,986.8637,986.74805,2.371,0.019,1.441,0.092105,0.470556,0.060484,-0.875463,img_171.jpg
25240,1280,720,631.94293,353.39117,986.8637,986.74805,1.944,0.011,0.857,0.052320,0.330530,0.028686,-0.941907,img_172.jpg
25316,1280,720,631.94293,353.39117,986.8637,986.74805,1.971,0.013,0.858,0.049147,0.329240,0.025191,-0.942630,img_173.jpg
25400,1280,720,631.94293,353.39117,986.8637,986.74805,1.960,0.011,0.863,0.050203,0.327794,0.029895,-0.942941,img_174.jpg
25477,1280,720,631.94293,353.39117,986.8637,986.74805,1.963,0.010,0.866,0.047747,0.323883,0.030626,-0.944395,img_175.jpg
25557,1280,720,631.94293,353.39117,986.8637,986.74805,1.970,0.009,0.870,0.047758,0.317362,0.028841,-0.946662,img_176.jpg
25634,1280,720,631.94293,353.39117,986.8637,986.74805,1.975,0.008,0.875,0.047562,0.313319,0.029403,-0.948000,img_177.jpg
25709,1280,720,631.94293,353.39117,986.8637,986.74805,1.982,0.007,0.886,0.045114,0.308879,0.026381,-0.949664,img_178.jpg
25784,1280,720,631.94293,353.39117,986.8637,986.74805,1.986,0.007,0.891,0.043816,0.306739,0.029294,-0.950333,img_179.jpg
25860,1280,720,631.94293,353.39117,986.8637,986.74805,1.993,0.005,0.905,0.042531,0.300359,0.033486,-0.952289,img_180.jpg
25951,1280,720,631.94293,353.39117,986.8637,986.74805,2.000,0.003,0.922,0.042266,0.291473,0.032180,-0.955103,img_181.jpg
26035,1280,720,631.94293,353.39117,986.8637,986.74805,2.006,0.003,0.939,0.038711,0.286428,0.030889,-0.956821,img_182.jpg,marker_4.jpg,0.23088272,0.23088272,2.288,-0.078,0.467,-0.715018,0.183188,-0.205586,-0.205586
26108,1280,720,631.94293,353.39117,986.8637,986.74805,2.017,0.004,0.966,0.037153,0.275712,0.032107,-0.959985,img_183.jpg
26200,1280,720,631.94293,353.39117,986.8637,986.74805,2.024,0.005,0.987,0.036322,0.268225,0.033792,-0.962078,img_184.jpg
26276,1280,720,631.94293,353.39117,986.8637,986.74805,2.032,0.006,1.007,0.036969,0.262163,0.032678,-0.963761,img_185.jpg
26353,1280,720,631.94293,353.39117,986.8637,986.74805,2.041,0.005,1.037,0.041087,0.250222,0.037093,-0.966605,img_186.jpg
26435,1280,720,631.94293,353.39117,986.8637,986.74805,2.049,0.006,1.056,0.044157,0.242524,0.038995,-0.968355,img_187.jpg
26508,1280,720,631.94293,353.39117,986.8637,986.74805,2.056,0.006,1.078,0.045625,0.239702,0.038673,-0.969003,img_188.jpg
26588,1280,720,631.94293,353.39117,986.8637,986.74805,2.068,0.007,1.111,0.045155,0.235326,0.040335,-0.970029,img_189.jpg,marker_4.jpg,0.23907222,0.23907222,2.307,-0.084,0.451,-0.689057,0.193034,-0.197278,-0.197278
26667,1280,720,631.94293,353.39117,986.8637,986.74805,2.071,0.007,1.128,0.041750,0.237663,0.038749,-0.969676,img_190.jpg
26742,1280,720,631.94293,353.39117,986.8637,986.74805,2.077,0.008,1.148,0.040191,0.242061,0.038573,-0.968661,img_191.jpg
26814,1280,720,631.94293,353.39117,986.8637,986.74805,2.086,0.009,1.171,0.038056,0.249913,0.039768,-0.966702,img_192.jpg
26901,1280,720,631.94293,353.39117,986.8637,986.74805,2.094,0.009,1.186,0.035847,0.257691,0.040834,-0.964698,img_193.jpg
26976,1280,720,631.94293,353.39117,986.8637,986.74805,2.107,0.008,1.203,0.033799,0.269911,0.045842,-0.961199,img_194.jpg
27052,1280,720,631.94293,353.39117,986.8637,986.74805,2.115,0.007,1.213,0.032310,0.278605,0.046911,-0.958715,img_195.jpg
27136,1280,720,631.94293,353.39117,986.8637,986.74805,2.125,0.006,1.225,0.031648,0.285303,0.050145,-0.956601,img_196.jpg
27207,1280,720,631.94293,353.39117,986.8637,986.74805,2.135,0.003,1.236,0.032330,0.290796,0.055983,-0.954599,img_197.jpg,marker_4.jpg,0.24519765,0.24519765,2.315,-0.087,0.451,-0.705928,0.195379,-0.205232,-0.205232
27284,1280,720,631.94293,353.39117,986.8637,986.74805,2.150,-0.002,1.249,0.032895,0.296644,0.064747,-0.952223,img_198.jpg
27368,1280,720,631.94293,353.39117,986.8637,986.74805,2.161,-0.007,1.257,0.034038,0.301973,0.068818,-0.950220,img_199.jpg
27440,1280,720,631.94293,353.39117,986.8637,986.74805,2.176,-0.011,1.265,0.037553,0.309700,0.067670,-0.947679,img_200.jpg
27512,1280,720,631.94293,353.39117,986.8637,986.74805,2.200,-0.015,1.278,0.043678,0.317937,0.066490,-0.944769,img_201.jpg
27601,1280,720,631.94293,353.39117,986.8637,986.74805,2.218,-0.018,1.287,0.049921,0.323452,0.066398,-0.942591,img_202.jpg
27676,1280,720,631.94293,353.39117,986.8637,986.74805,2.237,-0.022,1.297,0.055914,0.328371,0.067534,-0.940471,img_203.jpg
27755,1280,720,631.94293,353.39117,986.8637,986.74805,2.261,-0.026,1.307,0.067011,0.339662,0.068240,-0.935672,img_204.jpg
27827,1280,720,631.94293,353.39117,986.8637,986.74805,2.301,-0.032,1.326,0.077399,0.370445,0.064350,-0.923384,img_205.jpg
27919,1280,720,631.94293,353.39117,986.8637,986.74805,2.350,-0.036,1.348,0.083695,0.408288,0.082114,-0.905292,img_206.jpg
28001,1280,720,631.94293,353.39117,986.8637,986.74805,2.379,-0.041,1.362,0.089316,0.434662,0.083491,-0.892256,img_207.jpg
28076,1280,720,631.94293,353.39117,986.8637,986.74805,2.419,-0.049,1.389,0.095184,0.469914,0.096813,-0.872209,img_208.jpg
28168,1280,720,631.94293,353.39117,986.8637,986.74805,2.445,-0.053,1.410,0.094873,0.493816,0.109663,-0.857391,img_209.jpg
28237,1280,720,631.94293,353.39117,986.8637,986.74805,2.468,-0.056,1.435,0.090736,0.520387,0.112855,-0.841563,img_210.jpg
28318,1280,720,631.94293,353.39117,986.8637,986.74805,2.503,-0.063,1.480,0.085970,0.550978,0.135499,-0.818946,img_211.jpg
28401,1280,720,631.94293,353.39117,986.8637,986.74805,2.525,-0.071,1.509,0.090216,0.575022,0.140068,-0.800994,img_212.jpg
28476,1280,720,631.94293,353.39117,986.8637,986.74805,2.557,-0.084,1.557,0.096939,0.605742,0.149895,-0.775378,img_213.jpg
28568,1280,720,631.94293,353.39117,986.8637,986.74805,2.575,-0.092,1.590,0.100780,0.626279,0.152399,-0.757887,img_214.jpg
28638,1280,720,631.94293,353.39117,986.8637,986.74805,2.593,-0.099,1.624,0.106354,0.650879,0.153778,-0.735797,img_215.jpg
28711,1280,720,631.94293,353.39117,986.8637,986.74805,2.619,-0.107,1.679,0.112723,0.678905,0.173320,-0.704516,img_216.jpg
28801,1280,720,631.94293,353.39117,986.8637,986.74805,2.670,-0.116,1.708,0.119594,0.692226,0.183988,-0.687509,img_217.jpg
28875,1280,720,631.94293,353.39117,986.8637,986.74805,2.688,-0.122,1.745,0.123026,0.703368,0.189039,-0.674094,img_218.jpg
28952,1280,720,631.94293,353.39117,986.8637,986.74805,2.707,-0.129,1.785,0.124870,0.718982,0.196391,-0.654906,img_219.jpg
29036,1280,720,631.94293,353.39117,986.8637,986.74805,2.717,-0.131,1.822,0.123675,0.726484,0.208763,-0.642918,img_220.jpg
29110,1280,720,631.94293,353.39117,986.8637,986.74805,2.743,-0.148,1.858,0.119982,0.739130,0.222951,-0.624167,img_221.jpg
29202,1280,720,631.94293,353.39117,986.8637,986.74805,2.753,-0.149,1.887,0.119567,0.746699,0.230214,-0.612492,img_222.jpg
29278,1280,720,631.94293,353.39117,986.8637,986.74805,2.782,-0.156,1.927,0.118260,0.758408,0.244315,-0.592572,img_223.jpg
29368,1280,720,631.94293,353.39117,986.8637,986.74805,2.797,-0.160,1.956,0.117500,0.765919,0.251859,-0.579766,img_224.jpg
29439,1280,720,631.94293,353.39117,986.8637,986.74805,2.812,-0.165,1.981,0.118596,0.775501,0.254359,-0.565539,img_225.jpg
29507,1280,720,631.94293,353.39117,986.8637,986.74805,2.830,-0.170,2.009,0.118308,0.785002,0.256038,-0.551561,img_226.jpg
29585,1280,720,631.94293,353.39117,986.8637,986.74805,2.856,-0.182,2.048,0.123222,0.797764,0.268131,-0.525828,img_227.jpg
29669,1280,720,631.94293,353.39117,986.8637,986.74805,2.875,-0.189,2.077,0.127441,0.806058,0.269945,-0.511037,img_228.jpg
29743,1280,720,631.94293,353.39117,986.8637,986.74805,2.894,-0.199,2.116,0.129158,0.819074,0.283226,-0.481891,img_229.jpg
29819,1280,720,631.94293,353.39117,986.8637,986.74805,2.902,-0.201,2.144,0.124834,0.826971,0.287670,-0.466671,img_230.jpg
29902,1280,720,631.94293,353.39117,986.8637,986.74805,2.906,-0.206,2.172,0.118343,0.832497,0.297094,-0.452414,img_231.jpg
29986,1280,720,631.94293,353.39117,986.8637,986.74805,2.908,-0.212,2.212,0.112390,0.839023,0.305006,-0.436326,img_232.jpg
30068,1280,720,631.94293,353.39117,986.8637,986.74805,2.904,-0.216,2.237,0.106138,0.840748,0.307969,-0.432472,img_233.jpg
30143,1280,720,631.94293,353.39117,986.8637,986.74805,2.901,-0.224,2.276,0.104197,0.837610,0.312126,-0.436039,img_234.jpg
30236,1280,720,631.94293,353.39117,986.8637,986.74805,2.890,-0.223,2.294,0.104772,0.833354,0.315835,-0.441353,img_235.jpg
30308,1280,720,631.94293,353.39117,986.8637,986.74805,2.877,-0.225,2.328,0.104540,0.827725,0.314118,-0.453071,img_236.jpg
30386,1280,720,631.94293,353.39117,986.8637,986.74805,2.868,-0.224,2.353,0.103930,0.824397,0.312506,-0.460336,img_237.jpg
30470,1280,720,631.94293,353.39117,986.8637,986.74805,2.858,-0.224,2.382,0.105949,0.819472,0.312965,-0.468289,img_238.jpg
30542,1280,720,631.94293,353.39117,986.8637,986.74805,2.843,-0.222,2.407,0.107532,0.816257,0.312014,-0.474140,img_239.jpg
30616,1280,720,631.94293,353.39117,986.8637,986.74805,2.823,-0.220,2.444,0.117909,0.806765,0.313695,-0.486646,img_240.jpg
30703,1280,720,631.94293,353.39117,986.8637,986.74805,2.811,-0.215,2.470,0.120626,0.805270,0.307176,-0.492577,img_241.jpg
30776,1280,720,631.94293,353.39117,986.8637,986.74805,2.788,-0.189,2.507,0.112892,0.819254,0.276254,-0.489655,img_242.jpg
30870,1280,720,631.94293,353.39117,986.8637,986.74805,2.771,-0.164,2.535,0.100718,0.835880,0.246529,-0.479983,img_243.jpg
30939,1280,720,631.94293,353.39117,986.8637,986.74805,2.756,-0.138,2.563,0.086638,0.851906,0.222024,-0.466320,img_244.jpg
31011,1280,720,631.94293,353.39117,986.8637,986.74805,2.736,-0.102,2.606,0.067375,0.871665,0.187995,-0.447570,img_245.jpg
31102,1280,720,631.94293,353.39117,986.8637,986.74805,2.722,-0.078,2.631,0.054615,0.884111,0.163382,-0.434363,img_246.jpg
31178,1280,720,631.94293,353.39117,986.8637,986.74805,2.709,-0.048,2.672,0.034594,0.898328,0.132380,-0.417476,img_247.jpg
31270,1280,720,631.94293,353.39117,986.8637,986.74805,2.704,-0.032,2.699,0.025778,0.903087,0.114710,-0.413050,img_248.jpg
31341,1280,720,631.94293,353.39117,986.8637,986.74805,2.701,-0.016,2.727,0.018080,0.907734,0.091306,-0.409090,img_249.jpg
31422,1280,720,631.94293,353.39117,986.8637,986.74805,2.704,-0.011,2.753,0.016755,0.908024,0.082502,-0.410372,img_250.jpg
31520,1280,720,631.94293,353.39117,986.8637,986.74805,2.713,-0.011,2.784,0.014049,0.908386,0.076199,-0.410890,img_251.jpg
31603,1280,720,631.94293,353.39117,986.8637,986.74805,2.716,-0.008,2.803,0.011736,0.906841,0.074180,-0.414729,img_252.jpg
31679,1280,720,631.94293,353.39117,986.8637,986.74805,2.711,-0.002,2.823,0.007888,0.905960,0.069075,-0.417616,img_253.jpg
31752,1280,720,631.94293,353.39117,986.8637,986.74805,2.711,0.001,2.838,0.003339,0.904867,0.068832,-0.420079,img_254.jpg
31837,1280,720,631.94293,353.39117,986.8637,986.74805,2.707,0.004,2.847,0.000466,0.906478,0.060142,-0.417947,img_255.jpg
31913,1280,720,631.94293,353.39117,986.8637,986.74805,2.702,0.006,2.857,-0.002646,0.906994,0.055643,-0.417444,img_256.jpg
31981,1280,720,631.94293,353.39117,986.8637,986.74805,2.695,0.011,2.871,-0.005564,0.906206,0.053453,-0.419407,img_257.jpg,marker_6.jpg,0.26212278,0.26212278,3.233,-0.184,3.311,-0.341122,0.617668,-0.622853,-0.622853
32070,1280,720,631.94293,353.39117,986.8637,986.74805,2.689,0.012,2.881,-0.006889,0.904375,0.053432,-0.423325,img_258.jpg
32139,1280,720,631.94293,353.39117,986.8637,986.74805,2.684,0.011,2.893,-0.008711,0.901668,0.056063,-0.428691,img_259.jpg
32221,1280,720,631.94293,353.39117,986.8637,986.74805,2.670,0.009,2.907,-0.010696,0.892717,0.062471,-0.446139,img_260.jpg
32303,1280,720,631.94293,353.39117,986.8637,986.74805,2.660,0.007,2.917,-0.009213,0.889558,0.061014,-0.452636,img_261.jpg
32377,1280,720,631.94293,353.39117,986.8637,986.74805,2.638,0.007,2.935,-0.010397,0.884553,0.059873,-0.462464,img_262.jpg,marker_6.jpg,0.26945773,0.26945773,3.246,-0.188,3.324,-0.342102,0.624491,-0.611526,-0.611526
32470,1280,720,631.94293,353.39117,986.8637,986.74805,2.619,0.006,2.948,-0.010546,0.880361,0.059199,-0.470477,img_263.jpg
32539,1280,720,631.94293,353.39117,986.8637,986.74805,2.588,0.006,2.967,-0.007455,0.871405,0.056824,-0.487205,img_264.jpg
32621,1280,720,631.94293,353.39117,986.8637,986.74805,2.568,0.005,2.976,-0.000495,0.865466,0.058084,-0.497589,img_265.jpg
32703,1280,720,631.94293,353.39117,986.8637,986.74805,2.548,0.003,2.989,0.005541,0.860145,0.058915,-0.506605,img_266.jpg
32773,1280,720,631.94293,353.39117,986.8637,986.74805,2.527,0.000,3.001,0.010998,0.854247,0.061641,-0.516083,img_267.jpg
32845,1280,720,631.94293,353.39117,986.8637,986.74805,2.496,-0.008,3.025,0.015935,0.847357,0.076053,-0.525308,img_268.jpg
32920,1280,720,631.94293,353.39117,986.8637,986.74805,2.477,-0.015,3.042,0.018414,0.845553,0.085158,-0.526734,img_269.jpg
33003,1280,720,631.94293,353.39117,986.8637,986.74805,2.458,-0.024,3.059,0.019731,0.843438,0.097750,-0.527890,img_270.jpg,marker_6.jpg,0.2661374,0.2661374,3.235,-0.183,3.316,-0.340199,0.627052,-0.614317,-0.614317
33083,1280,720,631.94293,353.39117,986.8637,986.74805,2.435,-0.035,3.085,0.023337,0.843379,0.111594,-0.525085,img_271.jpg
33170,1280,720,631.94293,353.39117,986.8637,986.74805,2.420,-0.045,3.104,0.021403,0.842498,0.125539,-0.523430,img_272.jpg
33248,1280,720,631.94293,353.39117,986.8637,986.74805,2.400,-0.062,3.140,0.022532,0.843722,0.152255,-0.514241,img_273.jpg
33337,1280,720,631.94293,353.39117,986.8637,986.74805,2.385,-0.073,3.162,0.024297,0.848785,0.167260,-0.500997,img_274.jpg
33413,1280,720,631.94293,353.39117,986.8637,986.74805,2.364,-0.093,3.201,0.024720,0.855545,0.190898,-0.480615,img_275.jpg
33504,1280,720,631.94293,353.39117,986.8637,986.74805,2.347,-0.114,3.240,0.030137,0.863278,0.211343,-0.457359,img_276.jpg
33587,1280,720,631.94293,353.39117,986.8637,986.74805,2.332,-0.126,3.269,0.033275,0.869763,0.222154,-0.439378,img_277.jpg
33669,1280,720,631.94293,353.39117,986.8637,986.74805,2.318,-0.137,3.300,0.036371,0.876194,0.230160,-0.421886,img_278.jpg
33751,1280,720,631.94293,353.39117,986.8637,986.74805,2.299,-0.152,3.353,0.045518,0.884479,0.242039,-0.396286,img_279.jpg
33838,1280,720,631.94293,353.39117,986.8637,986.74805,2.290,-0.155,3.391,0.049491,0.888629,0.247283,-0.383067,img_280.jpg
33912,1280,720,631.94293,353.39117,986.8637,986.74805,2.268,-0.154,3.447,0.046970,0.893128,0.257254,-0.365973,img_281.jpg
34003,1280,720,631.94293,353.39117,986.8637,986.74805,2.252,-0.151,3.481,0.042809,0.897406,0.260092,-0.353811,img_282.jpg
34083,1280,720,631.94293,353.39117,986.8637,986.74805,2.222,-0.147,3.533,0.036506,0.907450,0.257777,-0.329776,img_283.jpg
34171,1280,720,631.94293,353.39117,986.8637,986.74805,2.202,-0.150,3.572,0.031690,0.914265,0.258266,-0.310507,img_284.jpg
34253,1280,720,631.94293,353.39117,986.8637,986.74805,2.172,-0.151,3.620,0.023157,0.922214,0.259530,-0.285708,img_285.jpg
34338,1280,720,631.94293,353.39117,986.8637,986.74805,2.151,-0.156,3.660,0.016186,0.926833,0.258835,-0.271519,img_286.jpg
34416,1280,720,631.94293,353.39117,986.8637,986.74805,2.115,-0.161,3.711,0.001240,0.931242,0.258402,-0.256934,img_287.jpg
34504,1280,720,631.94293,353.39117,986.8637,986.74805,2.095,-0.167,3.757,-0.005391,0.932346,0.256897,-0.254373,img_288.jpg
34581,1280,720,631.94293,353.39117,986.8637,986.74805,2.054,-0.169,3.812,-0.008231,0.935842,0.249638,-0.248621,img_289.jpg
34671,1280,720,631.94293,353.39117,986.8637,986.74805,2.010,-0.170,3.870,-0.006896,0.936238,0.250423,-0.246374,img_290.jpg
34754,1280,720,631.94293,353.39117,986.8637,986.74805,1.981,-0.169,3.910,-0.000365,0.937292,0.251172,-0.241652,img_291.jpg
34840,1280,720,631.94293,353.39117,986.8637,986.74805,1.946,-0.165,3.957,0.003123,0.936291,0.255410,-0.241071,img_292.jpg
34908,1280,720,631.94293,353.39117,986.8637,986.74805,1.895,-0.160,4.019,0.004813,0.933128,0.268172,-0.239444,img_293.jpg
34987,1280,720,631.94293,353.39117,986.8637,986.74805,1.862,-0.157,4.053,0.010982,0.934726,0.264070,-0.237559,img_294.jpg
35072,1280,720,631.94293,353.39117,986.8637,986.74805,1.834,-0.156,4.092,0.011518,0.936005,0.266716,-0.229401,img_295.jpg
35154,1280,720,631.94293,353.39117,986.8637,986.74805,1.794,-0.152,4.148,-0.003038,0.936849,0.269028,-0.223447,img_296.jpg
35239,1280,720,631.94293,353.39117,986.8637,986.74805,1.756,-0.154,4.212,-0.003712,0.939387,0.265250,-0.217209,img_297.jpg
35323,1280,720,631.94293,353.39117,986.8637,986.74805,1.735,-0.159,4.263,-0.002114,0.940585,0.264659,-0.212721,img_298.jpg
35404,1280,720,631.94293,353.39117,986.8637,986.74805,1.705,-0.166,4.333,0.001430,0.942322,0.263336,-0.206594,img_299.jpg
35487,1280,720,631.94293,353.39117,986.8637,986.74805,1.685,-0.165,4.378,0.009432,0.944453,0.259054,-0.202016,img_300.jpg
35562,1280,720,631.94293,353.39117,986.8637,986.74805,1.668,-0.162,4.421,0.009841,0.943581,0.265438,-0.197739,img_301.jpg
35637,1280,720,631.94293,353.39117,986.8637,986.74805,1.635,-0.151,4.481,0.000543,0.945351,0.262274,-0.193711,img_302.jpg
35723,1280,720,631.94293,353.39117,986.8637,986.74805,1.615,-0.146,4.518,-0.002533,0.946779,0.258799,-0.191382,img_303.jpg
35793,1280,720,631.94293,353.39117,986.8637,986.74805,1.593,-0.143,4.553,-0.006811,0.947560,0.256228,-0.190871,img_304.jpg
35868,1280,720,631.94293,353.39117,986.8637,986.74805,1.571,-0.144,4.589,-0.005319,0.945987,0.260624,-0.192759,img_305.jpg
35938,1280,720,631.94293,353.39117,986.8637,986.74805,1.534,-0.150,4.646,-0.012950,0.944121,0.262286,-0.199185,img_306.jpg
36022,1280,720,631.94293,353.39117,986.8637,986.74805,1.510,-0.159,4.683,-0.012178,0.943927,0.263234,-0.198901,img_307.jpg
36096,1280,720,631.94293,353.39117,986.8637,986.74805,1.482,-0.168,4.737,-0.004173,0.944026,0.262074,-0.200288,img_308.jpg
36165,1280,720,631.94293,353.39117,986.8637,986.74805,1.451,-0.174,4.778,0.008490,0.943306,0.264146,-0.200820,img_309.jpg
36241,1280,720,631.94293,353.39117,986.8637,986.74805,1.400,-0.180,4.839,0.013648,0.939017,0.265704,-0.217861,img_310.jpg
36321,1280,720,631.94293,353.39117,986.8637,986.74805,1.365,-0.178,4.880,0.019483,0.934611,0.267495,-0.233600,img_311.jpg
36394,1280,720,631.94293,353.39117,986.8637,986.74805,1.333,-0.177,4.919,0.027364,0.929964,0.271948,-0.245890,img_312.jpg
36475,1280,720,631.94293,353.39117,986.8637,986.74805,1.288,-0.173,4.976,0.030900,0.921938,0.280848,-0.264951,img_313.jpg
36553,1280,720,631.94293,353.39117,986.8637,986.74805,1.262,-0.173,5.012,0.032333,0.919136,0.283433,-0.271680,img_314.jpg
36630,1280,720,631.94293,353.39117,986.8637,986.74805,1.239,-0.175,5.048,0.031413,0.915578,0.290403,-0.276398,img_315.jpg
36711,1280,720,631.94293,353.39117,986.8637,986.74805,1.208,-0.184,5.100,0.036820,0.911942,0.296873,-0.280841,img_316.jpg
36788,1280,720,631.94293,353.39117,986.8637,986.74805,1.189,-0.191,5.136,0.040014,0.909775,0.301146,-0.282879,img_317.jpg
36865,1280,720,631.94293,353.39117,986.8637,986.74805,1.171,-0.198,5.171,0.042210,0.907755,0.303791,-0.286199,img_318.jpg
36936,1280,720,631.94293,353.39117,986.8637,986.74805,1.149,-0.204,5.213,0.045125,0.907195,0.302296,-0.289100,img_319.jpg
37011,1280,720,631.94293,353.39117,986.8637,986.74805,1.123,-0.207,5.274,0.053722,0.907258,0.299202,-0.290647,img_320.jpg
37107,1280,720,631.94293,353.39117,986.8637,986.74805,1.095,-0.212,5.340,0.065479,0.906939,0.293304,-0.295206,img_321.jpg
37188,1280,720,631.94293,353.39117,986.8637,986.74805,1.077,-0.213,5.389,0.078109,0.905183,0.291417,-0.299363,img_322.jpg
37271,1280,720,631.94293,353.39117,986.8637,986.74805,1.053,-0.212,5.456,0.084203,0.900630,0.296548,-0.306325,img_323.jpg
37355,1280,720,631.94293,353.39117,986.8637,986.74805,1.035,-0.211,5.500,0.084339,0.899425,0.298282,-0.308139,img_324.jpg
37429,1280,720,631.94293,353.39117,986.8637,986.74805,1.020,-0.210,5.540,0.079026,0.897889,0.302046,-0.310352,img_325.jpg
37521,1280,720,631.94293,353.39117,986.8637,986.74805,0.991,-0.208,5.586,0.078544,0.897848,0.297945,-0.314530,img_326.jpg
37604,1280,720,631.94293,353.39117,986.8637,986.74805,0.991,-0.208,5.586,0.078544,0.897848,0.297945,-0.314530,img_327.jpg
37687,1280,720,631.94293,353.39117,986.8637,986.74805,0.991,-0.208,5.586,0.078544,0.897848,0.297945,-0.314530,img_328.jpg
37771,1280,720,631.94293,353.39117,986.8637,986.74805,1.166,-0.216,5.285,0.074088,0.896088,0.280907,-0.335602,img_329.jpg
37854,1280,720,631.94293,353.39117,986.8637,986.74805,1.168,-0.220,5.285,0.076273,0.891660,0.275979,-0.350656,img_330.jpg
37925,1280,720,631.94293,353.39117,986.8637,986.74805,1.116,-0.197,5.276,0.072915,0.884355,0.278730,-0.367301,img_331.jpg
37996,1280,720,631.94293,353.39117,986.8637,986.74805,1.121,-0.196,5.293,0.064070,0.876571,0.275803,-0.389166,img_332.jpg
38079,1280,720,631.94293,353.39117,986.8637,986.74805,1.102,-0.177,5.299,0.061692,0.868194,0.267062,-0.413656,img_333.jpg
38154,1280,720,631.94293,353.39117,986.8637,986.74805,1.089,-0.161,5.303,0.062218,0.868337,0.256918,-0.419659,img_334.jpg
38227,1280,720,631.94293,353.39117,986.8637,986.74805,1.073,-0.131,5.305,0.059832,0.873923,0.230351,-0.423813,img_335.jpg
38302,1280,720,631.94293,353.39117,986.8637,986.74805,1.053,-0.071,5.309,0.045803,0.889384,0.181143,-0.417236,img_336.jpg
38388,1280,720,631.94293,353.39117,986.8637,986.74805,1.045,-0.021,5.301,0.034735,0.899926,0.143093,-0.410429,img_337.jpg
38465,1280,720,631.94293,353.39117,986.8637,986.74805,1.044,0.018,5.295,0.022379,0.908973,0.111690,-0.400990,img_338.jpg
38541,1280,720,631.94293,353.39117,986.8637,986.74805,1.040,0.064,5.288,0.008658,0.917009,0.081810,-0.390291,img_339.jpg
38622,1280,720,631.94293,353.39117,986.8637,986.74805,1.045,0.086,5.277,0.003481,0.921387,0.067930,-0.382649,img_340.jpg
38699,1280,720,631.94293,353.39117,986.8637,986.74805,1.056,0.108,5.258,0.000882,0.925120,0.057156,-0.375347,img_341.jpg
38787,1280,720,631.94293,353.39117,986.8637,986.74805,1.067,0.118,5.243,0.004600,0.925972,0.054911,-0.373549,img_342.jpg
38864,1280,720,631.94293,353.39117,986.8637,986.74805,1.081,0.128,5.227,0.006600,0.925382,0.057230,-0.374633,img_343.jpg
38940,1280,720,631.94293,353.39117,986.8637,986.74805,1.101,0.146,5.197,0.005480,0.925376,0.051305,-0.375523,img_344.jpg
39022,1280,720,631.94293,353.39117,986.8637,986.74805,1.103,0.171,5.171,0.001220,0.925118,0.052626,-0.376014,img_345.jpg
39098,1280,720,631.94293,353.39117,986.8637,986.74805,1.113,0.187,5.145,-0.000552,0.925745,0.048602,-0.375011,img_346.jpg
39173,1280,720,631.94293,353.39117,986.8637,986.74805,1.123,0.214,5.100,-0.005608,0.927586,0.041442,-0.371261,img_347.jpg
39254,1280,720,631.94293,353.39117,986.8637,986.74805,1.128,0.231,5.067,-0.010811,0.927661,0.041999,-0.370896,img_348.jpg
39323,1280,720,631.94293,353.39117,986.8637,986.74805,1.155,0.226,5.031,-0.010918,0.927822,0.041840,-0.370509,img_349.jpg
39393,1280,720,631.94293,353.39117,986.8637,986.74805,1.159,0.243,4.993,-0.011426,0.928279,0.038529,-0.369706,img_350.jpg
39467,1280,720,631.94293,353.39117,986.8637,986.74805,1.162,0.258,4.955,-0.015062,0.927707,0.036960,-0.371171,img_351.jpg
39539,1280,720,631.94293,353.39117,986.8637,986.74805,1.162,0.258,4.955,-0.015062,0.927707,0.036960,-0.371171,img_352.jpg
39623,1280,720,631.94293,353.39117,986.8637,986.74805,1.162,0.258,4.955,-0.015062,0.927707,0.036960,-0.371171,img_353.jpg
39689,1280,720,631.94293,353.39117,986.8637,986.74805,0.943,0.085,5.317,-0.022279,0.916883,0.043301,-0.396174,img_354.jpg
39755,1280,720,631.94293,353.39117,986.8637,986.74805,0.987,0.086,5.315,-0.012023,0.912970,0.052524,-0.404452,img_355.jpg
39823,1280,720,631.94293,353.39117,986.8637,986.74805,0.980,0.087,5.317,-0.010397,0.910476,0.054747,-0.409790,img_356.jpg
39894,1280,720,631.94293,353.39117,986.8637,986.74805,0.923,0.088,5.327,-0.011043,0.906098,0.051440,-0.419784,img_357.jpg
39972,1280,720,631.94293,353.39117,986.8637,986.74805,0.923,0.086,5.319,-0.011429,0.903614,0.054438,-0.424720,img_358.jpg
40055,1280,720,631.94293,353.39117,986.8637,986.74805,0.910,0.084,5.319,-0.006979,0.901175,0.055594,-0.429819,img_359.jpg
40123,1280,720,631.94293,353.39117,986.8637,986.74805,0.898,0.082,5.316,-0.007741,0.898225,0.055693,-0.435924,img_360.jpg
40195,1280,720,631.94293,353.39117,986.8637,986.74805,0.877,0.080,5.317,-0.007125,0.895484,0.056147,-0.441480,img_361.jpg
40271,1280,720,631.94293,353.39117,986.8637,986.74805,0.853,0.077,5.318,-0.004641,0.892555,0.056582,-0.447351,img_362.jpg
40356,1280,720,631.94293,353.39117,986.8637,986.74805,0.838,0.074,5.320,-0.003147,0.892185,0.056947,-0.448054,img_363.jpg
40422,1280,720,631.94293,353.39117,986.8637,986.74805,0.823,0.070,5.325,-0.001712,0.892490,0.062219,-0.446752,img_364.jpg
40494,1280,720,631.94293,353.39117,986.8637,986.74805,0.810,0.064,5.331,-0.001586,0.891132,0.062644,-0.449396,img_365.jpg
40572,1280,720,631.94293,353.39117,986.8637,986.74805,0.804,0.056,5.340,0.001961,0.884591,0.073689,-0.460506,img_366.jpg
40656,1280,720,631.94293,353.39117,986.8637,986.74805,0.808,0.053,5.345,0.002214,0.882313,0.073392,-0.464901,img_367.jpg
40739,1280,720,631.94293,353.39117,986.8637,986.74805,0.809,0.051,5.349,0.005462,0.879601,0.073360,-0.469990,img_368.jpg
40813,1280,720,631.94293,353.39117,986.8637,986.74805,0.812,0.050,5.357,0.005719,0.877494,0.072118,-0.474099,img_369.jpg
40905,1280,720,631.94293,353.39117,986.8637,986.74805,0.811,0.047,5.367,0.000632,0.876837,0.075911,-0.474757,img_370.jpg
40988,1280,720,631.94293,353.39117,986.8637,986.74805,0.811,0.042,5.377,0.000633,0.878221,0.079806,-0.471549,img_371.jpg
41064,1280,720,631.94293,353.39117,986.8637,986.74805,0.806,0.031,5.399,0.001546,0.885655,0.088397,-0.455849,img_372.jpg
41156,1280,720,631.94293,353.39117,986.8637,986.74805,0.802,0.020,5.420,0.001908,0.892121,0.100785,-0.440409,img_373.jpg
41229,1280,720,631.94293,353.39117,986.8637,986.74805,0.802,0.005,5.447,0.005826,0.899251,0.124122,-0.419413,img_374.jpg
41305,1280,720,631.94293,353.39117,986.8637,986.74805,0.800,-0.022,5.493,0.008338,0.911566,0.161526,-0.378005,img_375.jpg
41388,1280,720,631.94293,353.39117,986.8637,986.74805,0.792,-0.043,5.526,0.005289,0.921763,0.181281,-0.342727,img_376.jpg
41465,1280,720,631.94293,353.39117,986.8637,986.74805,0.784,-0.071,5.568,0.005173,0.933686,0.207234,-0.291990,img_377.jpg
41555,1280,720,631.94293,353.39117,986.8637,986.74805,0.777,-0.088,5.594,0.004221,0.937606,0.228376,-0.262148,img_378.jpg
41629,1280,720,631.94293,353.39117,986.8637,986.74805,0.769,-0.101,5.618,0.003192,0.941293,0.243988,-0.233295,img_379.jpg
41703,1280,720,631.94293,353.39117,986.8637,986.74805,0.755,-0.117,5.650,-0.003602,0.944781,0.266240,-0.191028,img_380.jpg
41789,1280,720,631.94293,353.39117,986.8637,986.74805,0.743,-0.127,5.668,-0.011972,0.946743,0.276852,-0.163972,img_381.jpg
41873,1280,720,631.94293,353.39117,986.8637,986.74805,0.730,-0.137,5.697,-0.026271,0.947571,0.294893,-0.120236,img_382.jpg
41956,1280,720,631.94293,353.39117,986.8637,986.74805,0.711,-0.153,5.725,-0.035769,0.948701,0.300679,-0.090991,img_383.jpg
42029,1280,720,631.94293,353.39117,986.8637,986.74805,0.696,-0.159,5.743,-0.038939,0.949284,0.305690,-0.062431,img_384.jpg
42104,1280,720,631.94293,353.39117,986.8637,986.74805,0.676,-0.164,5.763,-0.044739,0.948850,0.310529,-0.035421,img_385.jpg
42179,1280,720,631.94293,353.39117,986.8637,986.74805,0.645,-0.171,5.789,-0.058229,0.947383,0.314755,0.002261,img_386.jpg
42255,1280,720,631.94293,353.39117,986.8637,986.74805,0.624,-0.172,5.801,-0.065250,0.947202,0.312994,0.024189,img_387.jpg
42326,1280,720,631.94293,353.39117,986.8637,986.74805,0.600,-0.174,5.816,-0.069779,0.947314,0.309283,0.045511,img_388.jpg
42398,1280,720,631.94293,353.39117,986.8637,986.74805,0.559,-0.174,5.834,-0.076581,0.947818,0.301174,0.071212,img_389.jpg
42488,1280,720,631.94293,353.39117,986.8637,986.74805,0.531,-0.168,5.841,-0.076403,0.949257,0.293011,0.084962,img_390.jpg
42564,1280,720,631.94293,353.39117,986.8637,986.74805,0.487,-0.151,5.848,-0.072468,0.953307,0.273568,0.105425,img_391.jpg
42655,1280,720,631.94293,353.39117,986.8637,986.74805,0.453,-0.138,5.855,-0.065114,0.956909,0.254557,0.123632,img_392.jpg
42724,1280,720,631.94293,353.39117,986.8637,986.74805,0.412,-0.120,5.864,-0.059103,0.959531,0.234545,0.144207,img_393.jpg
42796,1280,720,631.94293,353.39117,986.8637,986.74805,0.372,-0.098,5.869,-0.053126,0.961665,0.213706,0.163426,img_394.jpg
42873,1280,720,631.94293,353.39117,986.8637,986.74805,0.313,-0.065,5.873,-0.047971,0.963213,0.183446,0.190440,img_395.jpg
42956,1280,720,631.94293,353.39117,986.8637,986.74805,0.276,-0.045,5.874,-0.043320,0.963991,0.163293,0.205378,img_396.jpg
43026,1280,720,631.94293,353.39117,986.8637,986.74805,0.242,-0.025,5.875,-0.040536,0.963382,0.145749,0.221379,img_397.jpg
43102,1280,720,631.94293,353.39117,986.8637,986.74805,0.196,-0.003,5.880,-0.028900,0.961248,0.120511,0.246261,img_398.jpg
43189,1280,720,631.94293,353.39117,986.8637,986.74805,0.167,0.008,5.884,-0.024597,0.960586,0.104833,0.256280,img_399.jpg
43264,1280,720,631.94293,353.39117,986.8637,986.74805,0.133,0.017,5.895,-0.023056,0.958446,0.097030,0.267273,img_400.jpg
43342,1280,720,631.94293,353.39117,986.8637,986.74805,0.107,0.024,5.905,-0.024969,0.956458,0.088275,0.277078,img_401.jpg
43424,1280,720,631.94293,353.39117,986.8637,986.74805,0.093,0.022,5.919,-0.028113,0.956035,0.085883,0.278981,img_402.jpg
43497,1280,720,631.94293,353.39117,986.8637,986.74805,0.074,0.021,5.936,-0.031678,0.954827,0.080524,0.284283,img_403.jpg
43590,1280,720,631.94293,353.39117,986.8637,986.74805,0.061,0.020,5.947,-0.032120,0.952845,0.075640,0.292118,img_404.jpg
43665,1280,720,631.94293,353.39117,986.8637,986.74805,0.047,0.017,5.964,-0.030910,0.950233,0.073368,0.301196,img_405.jpg
43756,1280,720,631.94293,353.39117,986.8637,986.74805,0.040,0.016,5.972,-0.028486,0.948487,0.067549,0.308217,img_406.jpg
43827,1280,720,631.94293,353.39117,986.8637,986.74805,0.036,0.013,5.982,-0.028356,0.947377,0.070835,0.310893,img_407.jpg
43896,1280,720,631.94293,353.39117,986.8637,986.74805,0.032,0.010,5.990,-0.025650,0.945450,0.063402,0.318507,img_408.jpg
43990,1280,720,631.94293,353.39117,986.8637,986.74805,0.028,0.008,5.996,-0.026426,0.943911,0.068221,0.321993,img_409.jpg
44059,1280,720,631.94293,353.39117,986.8637,986.74805,0.024,0.007,6.001,-0.022352,0.941345,0.073909,0.328494,img_410.jpg
44126,1280,720,631.94293,353.39117,986.8637,986.74805,0.021,0.007,6.001,-0.019705,0.942001,0.071863,0.327233,img_411.jpg
44192,1280,720,631.94293,353.39117,986.8637,986.74805,0.012,0.008,6.002,-0.020437,0.943123,0.073346,0.323606,img_412.jpg
44273,1280,720,631.94293,353.39117,986.8637,986.74805,-0.001,0.005,6.001,-0.016168,0.943571,0.074042,0.322381,img_413.jpg
44357,1280,720,631.94293,353.39117,986.8637,986.74805,-0.011,0.005,5.999,-0.014732,0.946373,0.078132,0.313139,img_414.jpg
44428,1280,720,631.94293,353.39117,986.8637,986.74805,-0.023,0.002,5.996,-0.014951,0.950654,0.082646,0.298668,img_415.jpg
44506,1280,720,631.94293,353.39117,986.8637,986.74805,-0.041,-0.002,5.988,-0.010385,0.958234,0.083401,0.273356,img_416.jpg,marker_8.jpg,0.26908657,0.26908657,-0.336,-0.139,6.509,0.214413,0.673105,-0.678003,-0.678003
44589,1280,720,631.94293,353.39117,986.8637,986.74805,-0.052,-0.001,5.977,-0.010047,0.963685,0.079303,0.254795,img_417.jpg
44673,1280,720,631.94293,353.39117,986.8637,986.74805,-0.074,0.002,5.958,-0.013186,0.969436,0.077481,0.232415,img_418.jpg
44757,1280,720,631.94293,353.39117,986.8637,986.74805,-0.090,0.007,5.944,-0.010532,0.972342,0.073219,0.221540,img_419.jpg
44830,1280,720,631.94293,353.39117,986.8637,986.74805,-0.111,0.012,5.922,-0.005050,0.974466,0.073963,0.211942,img_420.jpg
44906,1280,720,631.94293,353.39117,986.8637,986.74805,-0.127,0.014,5.908,-0.003670,0.974628,0.076495,0.210321,img_421.jpg
44991,1280,720,631.94293,353.39117,986.8637,986.74805,-0.139,0.016,5.891,-0.001227,0.974974,0.073238,0.209908,img_422.jpg,marker_8.jpg,0.2652983,0.2652983,-0.333,-0.139,6.505,0.232022,0.670311,-0.670157,-0.670157
45068,1280,720,631.94293,353.39117,986.8637,986.74805,-0.157,0.016,5.868,0.002890,0.974274,0.072334,0.213422,img_423.jpg
45157,1280,720,631.94293,353.39117,986.8637,986.74805,-0.167,0.016,5.849,0.005363,0.973940,0.069397,0.215860,img_424.jpg
45231,1280,720,631.94293,353.39117,986.8637,986.74805,-0.188,0.017,5.818,0.004168,0.973030,0.068073,0.220367,img_425.jpg
45324,1280,720,631.94293,353.39117,986.8637,986.74805,-0.205,0.017,5.796,0.001163,0.971518,0.068655,0.226798,img_426.jpg
45398,1280,720,631.94293,353.39117,986.8637,986.74805,-0.233,0.016,5.759,-0.000337,0.969415,0.065448,0.236538,img_427.jpg
45490,1280,720,631.94293,353.39117,986.8637,986.74805,-0.283,0.030,5.730,0.002054,0.969987,0.068728,0.233234,img_428.jpg,marker_8.jpg,0.26731175,0.26731175,-0.368,-0.127,6.497,0.224847,0.673883,-0.671261,-0.671261
45569,1280,720,631.94293,353.39117,986.8637,986.74805,-0.337,0.011,5.680,0.005477,0.974800,0.060869,0.214548,img_429.jpg
45657,1280,720,631.94293,353.39117,986.8637,986.74805,-0.355,0.008,5.658,0.005781,0.975140,0.062992,0.212371,img_430.jpg
45731,1280,720,631.94293,353.39117,986.8637,986.74805,-0.370,0.009,5.637,0.005293,0.974936,0.071884,0.210488,img_431.jpg
45807,1280,720,631.94293,353.39117,986.8637,986.74805,-0.394,0.009,5.605,0.002936,0.972537,0.079617,0.218689,img_432.jpg
45890,1280,720,631.94293,353.39117,986.8637,986.74805,-0.417,0.011,5.584,0.001405,0.971070,0.083559,0.223693,img_433.jpg
45967,1280,720,631.94293,353.39117,986.8637,986.74805,-0.453,0.011,5.553,-0.001543,0.968764,0.089665,0.231201,img_434.jpg,marker_8.jpg,0.26743472,0.26743472,-0.364,-0.125,6.488,0.225620,0.672305,-0.673504,-0.673504
46057,1280,720,631.94293,353.39117,986.8637,986.74805,-0.477,0.012,5.533,-0.003760,0.967054,0.091514,0.237526,img_435.jpg
46128,1280,720,631.94293,353.39117,986.8637,986.74805,-0.503,0.011,5.512,-0.007304,0.965804,0.093186,0.241838,img_436.jpg
46202,1280,720,631.94293,353.39117,986.8637,986.74805,-0.546,0.010,5.479,-0.007400,0.964524,0.090421,0.247915,img_437.jpg
46290,1280,720,631.94293,353.39117,986.8637,986.74805,-0.579,0.010,5.456,-0.009749,0.963753,0.091764,0.250329,img_438.jpg
46369,1280,720,631.94293,353.39117,986.8637,986.74805,-0.614,0.009,5.433,-0.011401,0.963559,0.090253,0.251551,img_439.jpg
46439,1280,720,631.94293,353.39117,986.8637,986.74805,-0.666,0.009,5.400,-0.008996,0.964670,0.085827,0.248928,img_440.jpg
46524,1280,720,631.94293,353.39117,986.8637,986.74805,-0.701,0.010,5.379,-0.005603,0.964487,0.083213,0.250619,img_441.jpg
46596,1280,720,631.94293,353.39117,986.8637,986.74805,-0.735,0.009,5.360,-0.003059,0.963955,0.087098,0.251387,img_442.jpg
46673,1280,720,631.94293,353.39117,986.8637,986.74805,-0.783,0.007,5.333,-0.003076,0.963234,0.097492,0.250332,img_443.jpg
46757,1280,720,631.94293,353.39117,986.8637,986.74805,-0.810,0.007,5.315,0.000485,0.963444,0.099337,0.248811,img_444.jpg
46829,1280,720,631.94293,353.39117,986.8637,986.74805,-0.836,0.008,5.297,-0.000535,0.963429,0.100835,0.248267,img_445.jpg
46903,1280,720,631.94293,353.39117,986.8637,986.74805,-0.873,0.012,5.271,-0.007202,0.963302,0.099966,0.249007,img_446.jpg
46990,1280,720,631.94293,353.39117,986.8637,986.74805,-0.901,0.013,5.250,-0.014125,0.962810,0.100088,0.250560,img_447.jpg
47066,1280,720,631.94293,353.39117,986.8637,986.74805,-0.946,0.019,5.212,-0.012109,0.957911,0.089590,0.272458,img_448.jpg
47157,1280,720,631.94293,353.39117,986.8637,986.74805,-0.980,0.024,5.183,-0.005660,0.952313,0.082821,0.293613,img_449.jpg
47227,1280,720,631.94293,353.39117,986.8637,986.74805,-1.014,0.028,5.152,-0.000563,0.946833,0.078317,0.312046,img_450.jpg
47299,1280,720,631.94293,353.39117,986.8637,986.74805,-1.045,0.032,5.124,0.005481,0.940614,0.073842,0.331305,img_451.jpg
47375,1280,720,631.94293,353.39117,986.8637,986.74805,-1.085,0.031,5.090,-0.000940,0.936557,0.066447,0.344158,img_452.jpg
47457,1280,720,631.94293,353.39117,986.8637,986.74805,-1.101,0.029,5.069,-0.001394,0.937016,0.064569,0.343263,img_453.jpg
47529,1280,720,631.94293,353.39117,986.8637,986.74805,-1.115,0.029,5.054,0.007138,0.936583,0.055784,0.345904,img_454.jpg
47603,1280,720,631.94293,353.39117,986.8637,986.74805,-1.144,0.027,5.028,0.003005,0.938738,0.063651,0.338690,img_455.jpg
47691,1280,720,631.94293,353.39117,986.8637,986.74805,-1.153,0.028,5.021,0.002891,0.940373,0.067258,0.333418,img_456.jpg
47770,1280,720,631.94293,353.39117,986.8637,986.74805,-1.169,0.029,5.009,-0.000542,0.941653,0.069962,0.329232,img_457.jpg
47858,1280,720,631.94293,353.39117,986.8637,986.74805,-1.178,0.030,5.006,-0.003371,0.944124,0.068336,0.322412,img_458.jpg
47935,1280,720,631.94293,353.39117,986.8637,986.74805,-1.189,0.030,5.002,-0.006463,0.947358,0.068638,0.312665,img_459.jpg
48010,1280,720,631.94293,353.39117,986.8637,986.74805,-1.194,0.032,5.002,-0.006905,0.949551,0.065836,0.306546,img_460.jpg,marker_9.jpg,0.27011985,0.27011985,-1.600,-0.096,5.584,0.207741,0.676553,-0.679408,-0.679408
48109,1280,720,631.94293,353.39117,986.8637,986.74805,-1.205,0.036,4.999,-0.010977,0.952468,0.061473,0.298171,img_461.jpg
48191,1280,720,631.94293,353.39117,986.8637,986.74805,-1.212,0.038,4.998,-0.012949,0.954468,0.058401,0.292256,img_462.jpg
48270,1280,720,631.94293,353.39117,986.8637,986.74805,-1.226,0.038,5.000,-0.012588,0.956346,0.058928,0.285956,img_463.jpg
48358,1280,720,631.94293,353.39117,986.8637,986.74805,-1.241,0.039,5.000,-0.011521,0.958585,0.058738,0.278445,img_464.jpg
48443,1280,720,631.94293,353.39117,986.8637,986.74805,-1.254,0.040,4.999,-0.012312,0.959784,0.058047,0.274398,img_465.jpg
48525,1280,720,631.94293,353.39117,986.8637,986.74805,-1.280,0.041,4.996,-0.015397,0.961405,0.058274,0.268454,img_466.jpg,marker_9.jpg,0.27338716,0.27338716,-1.603,-0.099,5.592,0.221273,0.667197,-0.681438,-0.681438
48609,1280,720,631.94293,353.39117,986.8637,986.74805,-1.299,0.041,4.993,-0.015443,0.961864,0.058755,0.266698,img_467.jpg
48686,1280,720,631.94293,353.39117,986.8637,986.74805,-1.319,0.040,4.988,-0.015652,0.962240,0.057543,0.265589,img_468.jpg
48763,1280,720,631.94293,353.39117,986.8637,986.74805,-1.354,0.038,4.979,-0.014701,0.961852,0.056719,0.267223,img_469.jpg
48841,1280,720,631.94293,353.39117,986.8637,986.74805,-1.378,0.038,4.972,-0.011102,0.960998,0.054860,0.270834,img_470.jpg
48925,1280,720,631.94293,353.39117,986.8637,986.74805,-1.409,0.037,4.955,-0.006306,0.960369,0.052264,0.273714,img_471.jpg
49009,1280,720,631.94293,353.39117,986.8637,986.74805,-1.431,0.037,4.940,-0.006477,0.959624,0.051235,0.276505,img_472.jpg
49084,1280,720,631.94293,353.39117,986.8637,986.74805,-1.452,0.038,4.924,-0.009463,0.958891,0.050023,0.279171,img_473.jpg
49162,1280,720,631.94293,353.39117,986.8637,986.74805,-1.480,0.038,4.897,-0.011007,0.957680,0.050502,0.283158,img_474.jpg
49241,1280,720,631.94293,353.39117,986.8637,986.74805,-1.498,0.037,4.877,-0.012199,0.957276,0.049272,0.284685,img_475.jpg
49325,1280,720,631.94293,353.39117,986.8637,986.74805,-1.529,0.036,4.842,-0.015226,0.956903,0.048322,0.285954,img_476.jpg
49409,1280,720,631.94293,353.39117,986.8637,986.74805,-1.549,0.034,4.817,-0.013487,0.956532,0.048218,0.287297,img_477.jpg
49491,1280,720,631.94293,353.39117,986.8637,986.74805,-1.577,0.030,4.779,-0.007672,0.955870,0.053686,0.288741,img_478.jpg,marker_9.jpg,0.27630967,0.27630967,-1.603,-0.099,5.593,0.231697,0.669322,-0.672391,-0.672391
49575,1280,720,631.94293,353.39117,986.8637,986.74805,-1.594,0.029,4.751,-0.000063,0.954941,0.051347,0.292319,img_479.jpg
49658,1280,720,631.94293,353.39117,986.8637,986.74805,-1.615,0.029,4.725,-0.002368,0.954946,0.056853,0.291275,img_480.jpg
49732,1280,720,631.94293,353.39117,986.8637,986.74805,-1.638,0.031,4.700,-0.005402,0.953721,0.064602,0.293621,img_481.jpg
49801,1280,720,631.94293,353.39117,986.8637,986.74805,-1.671,0.034,4.661,-0.005075,0.951565,0.066870,0.300043,img_482.jpg
49891,1280,720,631.94293,353.39117,986.8637,986.74805,-1.707,0.037,4.626,-0.005445,0.948635,0.067234,0.309098,img_483.jpg
49975,1280,720,631.94293,353.39117,986.8637,986.74805,-1.733,0.038,4.605,-0.009362,0.947383,0.067779,0.312704,img_484.jpg
50058,1280,720,631.94293,353.39117,986.8637,986.74805,-1.774,0.038,4.573,-0.015148,0.945843,0.069748,0.316680,img_485.jpg
50141,1280,720,631.94293,353.39117,986.8637,986.74805,-1.803,0.037,4.551,-0.017968,0.945680,0.066695,0.317678,img_486.jpg
50209,1280,720,631.94293,353.39117,986.8637,986.74805,-1.836,0.036,4.531,-0.021186,0.945939,0.067276,0.316583,img_487.jpg
50277,1280,720,631.94293,353.39117,986.8637,986.74805,-1.872,0.033,4.512,-0.022976,0.945564,0.071021,0.316759,img_488.jpg
50358,1280,720,631.94293,353.39117,986.8637,986.74805,-1.911,0.028,4.494,-0.018342,0.944755,0.072489,0.319135,img_489.jpg
50430,1280,720,631.94293,353.39117,986.8637,986.74805,-1.951,0.024,4.475,-0.016619,0.943448,0.077806,0.321832,img_490.jpg
50506,1280,720,631.94293,353.39117,986.8637,986.74805,-2.009,0.021,4.442,-0.010519,0.941599,0.081612,0.326526,img_491.jpg
50591,1280,720,631.94293,353.39117,986.8637,986.74805,-2.062,0.023,4.410,-0.007154,0.939205,0.084603,0.332695,img_492.jpg
50674,1280,720,631.94293,353.39117,986.8637,986.74805,-2.094,0.026,4.389,-0.007697,0.937671,0.085200,0.336830,img_493.jpg
50748,1280,720,631.94293,353.39117,986.8637,986.74805,-2.121,0.029,4.367,-0.010201,0.936509,0.083780,0.340334,img_494.jpg
50822,1280,720,631.94293,353.39117,986.8637,986.74805,-2.145,0.032,4.344,-0.013560,0.935715,0.083789,0.342394,img_495.jpg
50893,1280,720,631.94293,353.39117,986.8637,986.74805,-2.173,0.035,4.311,-0.016891,0.934944,0.080789,0.345062,img_496.jpg
50974,1280,720,631.94293,353.39117,986.8637,986.74805,-2.189,0.037,4.289,-0.019582,0.934423,0.079436,0.346641,img_497.jpg
51058,1280,720,631.94293,353.39117,986.8637,986.74805,-2.210,0.038,4.256,-0.022602,0.933714,0.077230,0.348860,img_498.jpg
51142,1280,720,631.94293,353.39117,986.8637,986.74805,-2.222,0.038,4.233,-0.022567,0.933560,0.073880,0.349998,img_499.jpg
51212,1280,720,631.94293,353.39117,986.8637,986.74805,-2.235,0.038,4.209,-0.023879,0.933457,0.071869,0.350605,img_500.jpg
51289,1280,720,631.94293,353.39117,986.8637,986.74805,-2.235,0.038,4.209,-0.023879,0.933457,0.071869,0.350605,img_501.jpg
51374,1280,720,631.94293,353.39117,986.8637,986.74805,-2.235,0.038,4.209,-0.023879,0.933457,0.071869,0.350605,img_502.jpg
51448,1280,720,631.94293,353.39117,986.8637,986.74805,-2.235,0.038,4.209,-0.023879,0.933457,0.071869,0.350605,img_503.jpg
51517,1280,720,631.94293,353.39117,986.8637,986.74805,-2.235,0.038,4.209,-0.023879,0.933457,0.071869,0.350605,img_504.jpg
51588,1280,720,631.94293,353.39117,986.8637,986.74805,-2.235,0.038,4.209,-0.023879,0.933457,0.071869,0.350605,img_505.jpg
51674,1280,720,631.94293,353.39117,986.8637,986.74805,-2.235,0.038,4.209,-0.023879,0.933457,0.071869,0.350605,img_506.jpg
51758,1280,720,631.94293,353.39117,986.8637,986.74805,-2.235,0.038,4.209,-0.023879,0.933457,0.071869,0.350605,img_507.jpg
51831,1280,720,631.94293,353.39117,986.8637,986.74805,-2.235,0.038,4.209,-0.023879,0.933457,0.071869,0.350605,img_508.jpg
51908,1280,720,631.94293,353.39117,986.8637,986.74805,-2.235,0.038,4.209,-0.023879,0.933457,0.071869,0.350605,img_509.jpg
51986,1280,720,631.94293,353.39117,986.8637,986.74805,-2.235,0.038,4.209,-0.023879,0.933457,0.071869,0.350605,img_510.jpg
52069,1280,720,631.94293,353.39117,986.8637,986.74805,-2.235,0.038,4.209,-0.023879,0.933457,0.071869,0.350605,img_511.jpg
52158,1280,720,631.94293,353.39117,986.8637,986.74805,-1.766,0.046,4.558,-0.008742,0.947804,0.050664,0.314681,img_512.jpg
52243,1280,720,631.94293,353.39117,986.8637,986.74805,-1.777,0.046,4.562,-0.005011,0.949951,0.052584,0.307901,img_513.jpg
52315,1280,720,631.94293,353.39117,986.8637,986.74805,-1.795,0.046,4.556,-0.003902,0.951783,0.051520,0.302390,img_514.jpg
52409,1280,720,631.94293,353.39117,986.8637,986.74805,-1.822,0.045,4.558,-0.009431,0.954917,0.051815,0.292165,img_515.jpg
52492,1280,720,631.94293,353.39117,986.8637,986.74805,-1.840,0.042,4.560,-0.005944,0.958705,0.055181,0.278935,img_516.jpg
52575,1280,720,631.94293,353.39117,986.8637,986.74805,-1.853,0.042,4.560,-0.004773,0.961737,0.057099,0.267916,img_517.jpg
52651,1280,720,631.94293,353.39117,986.8637,986.74805,-1.857,0.042,4.558,-0.006966,0.964707,0.057396,0.256900,img_518.jpg
52726,1280,720,631.94293,353.39117,986.8637,986.74805,-1.866,0.046,4.556,-0.013120,0.968028,0.057513,0.243809,img_519.jpg,marker_10.jpg,0.239215,0.239215,-2.134,-0.069,5.013,0.194717,0.661382,-0.699705,-0.699705
52810,1280,720,631.94293,353.39117,986.8637,986.74805,-1.869,0.047,4.553,-0.015033,0.969119,0.057571,0.239309,img_520.jpg
52892,1280,720,631.94293,353.39117,986.8637,986.74805,-1.871,0.048,4.548,-0.014201,0.969416,0.057487,0.238173,img_521.jpg
52975,1280,720,631.94293,353.39117,986.8637,986.74805,-1.873,0.048,4.543,-0.014243,0.968912,0.059807,0.239647,img_522.jpg
53047,1280,720,631.94293,353.39117,986.8637,986.74805,-1.874,0.048,4.538,-0.016030,0.968334,0.060383,0.241717,img_523.jpg
53120,1280,720,631.94293,353.39117,986.8637,986.74805,-1.875,0.048,4.532,-0.019658,0.967199,0.061575,0.245657,img_524.jpg
53189,1280,720,631.94293,353.39117,986.8637,986.74805,-1.876,0.049,4.523,-0.022443,0.964683,0.062034,0.255019,img_525.jpg
53275,1280,720,631.94293,353.39117,986.8637,986.74805,-1.876,0.050,4.516,-0.025565,0.963120,0.061644,0.260665,img_526.jpg
53360,1280,720,631.94293,353.39117,986.8637,986.74805,-1.874,0.050,4.508,-0.032788,0.959718,0.068191,0.270584,img_527.jpg,marker_10.jpg,0.25054067,0.25054067,-2.153,-0.074,5.028,0.194891,0.657754,-0.702844,-0.702844
53442,1280,720,631.94293,353.39117,986.8637,986.74805,-1.871,0.051,4.501,-0.035562,0.959197,0.071308,0.271277,img_528.jpg
53506,1280,720,631.94293,353.39117,986.8637,986.74805,-1.868,0.054,4.494,-0.034429,0.957534,0.070586,0.277420,img_529.jpg
53592,1280,720,631.94293,353.39117,986.8637,986.74805,-1.864,0.058,4.483,-0.039423,0.956946,0.069186,0.279129,img_530.jpg
53676,1280,720,631.94293,353.39117,986.8637,986.74805,-1.859,0.061,4.477,-0.041088,0.957270,0.068900,0.277845,img_531.jpg
53750,1280,720,631.94293,353.39117,986.8637,986.74805,-1.854,0.062,4.475,-0.042301,0.957909,0.070918,0.274938,img_532.jpg
53825,1280,720,631.94293,353.39117,986.8637,986.74805,-1.849,0.063,4.470,-0.043682,0.954825,0.068444,0.285860,img_533.jpg
53910,1280,720,631.94293,353.39117,986.8637,986.74805,-1.847,0.064,4.465,-0.044202,0.951557,0.064088,0.297453,img_534.jpg
53982,1280,720,631.94293,353.39117,986.8637,986.74805,-1.848,0.065,4.460,-0.044401,0.947225,0.059461,0.311861,img_535.jpg,marker_10.jpg,0.25261915,0.25261915,-2.154,-0.074,5.028,0.195242,0.654988,-0.705932,-0.705932
54061,1280,720,631.94293,353.39117,986.8637,986.74805,-1.849,0.066,4.449,-0.041757,0.937660,0.052697,0.340987,img_536.jpg
54143,1280,720,631.94293,353.39117,986.8637,986.74805,-0.027,0.002,5.888,-0.031320,0.929472,0.040857,0.365283,img_537.jpg,marker_10.jpg,0.25261912,0.25261912,-0.339,-0.123,6.473,0.205987,0.647284,-0.711246,-0.711246
54219,1280,720,631.94293,353.39117,986.8637,986.74805,-0.073,0.018,5.867,-0.032882,0.930471,0.055303,0.360670,img_538.jpg
54291,1280,720,631.94293,353.39117,986.8637,986.74805,-0.061,0.000,5.845,0.030468,-0.917086,-0.043026,-0.395189,img_539.jpg
54376,1280,720,631.94293,353.39117,986.8637,986.74805,-0.060,-0.002,5.835,0.030550,-0.909335,-0.045056,-0.412489,img_540.jpg
54452,1280,720,631.94293,353.39117,986.8637,986.74805,-0.061,-0.005,5.826,0.030625,-0.903656,-0.047111,-0.424557,img_541.jpg
54530,1280,720,631.94293,353.39117,986.8637,986.74805,-0.065,-0.006,5.812,0.030339,-0.895800,-0.049011,-0.440703,img_542.jpg
54611,1280,720,631.94293,353.39117,986.8637,986.74805,-0.069,-0.006,5.800,0.033892,-0.890508,-0.048379,-0.451116,img_543.jpg
54693,1280,720,631.94293,353.39117,986.8637,986.74805,-0.083,-0.006,5.777,0.036395,-0.878988,-0.043807,-0.473431,img_544.jpg
54776,1280,720,631.94293,353.39117,986.8637,986.74805,-0.096,-0.007,5.761,0.039766,-0.868233,-0.043918,-0.492607,img_545.jpg
54860,1280,720,631.94293,353.39117,986.8637,986.74805,-0.121,-0.009,5.731,0.045147,-0.846040,-0.046444,-0.529171,img_546.jpg
54943,1280,720,631.94293,353.39117,986.8637,986.74805,-0.138,-0.011,5.709,0.048548,-0.828916,-0.047680,-0.555219,img_547.jpg
55013,1280,720,631.94293,353.39117,986.8637,986.74805,-0.153,-0.013,5.685,0.049347,-0.812454,-0.046736,-0.579050,img_548.jpg
55086,1280,720,631.94293,353.39117,986.8637,986.74805,-0.169,-0.014,5.662,0.051219,-0.795381,-0.047512,-0.602071,img_549.jpg
55161,1280,720,631.94293,353.39117,986.8637,986.74805,-0.189,-0.014,5.628,0.052819,-0.774622,-0.045278,-0.628586,img_550.jpg
55243,1280,720,631.94293,353.39117,986.8637,986.74805,-0.202,-0.014,5.606,0.054294,-0.761408,-0.042694,-0.644583,img_551.jpg
55308,1280,720,631.94293,353.39117,986.8637,986.74805,-0.216,-0.014,5.585,0.055227,-0.748663,-0.040461,-0.659406,img_552.jpg
55394,1280,720,631.94293,353.39117,986.8637,986.74805,-0.233,-0.015,5.554,0.057378,-0.732056,-0.038376,-0.677738,img_553.jpg
55477,1280,720,631.94293,353.39117,986.8637,986.74805,-0.245,-0.014,5.534,0.057888,-0.719832,-0.036232,-0.690781,img_554.jpg
55560,1280,720,631.94293,353.39117,986.8637,986.74805,-0.262,-0.012,5.498,0.058750,-0.696334,-0.032036,-0.714591,img_555.jpg
55644,1280,720,631.94293,353.39117,986.8637,986.74805,-0.287,-0.010,5.471,0.057477,-0.675894,-0.028942,-0.734184,img_556.jpg
55727,1280,720,631.94293,353.39117,986.8637,986.74805,-0.302,-0.004,5.417,0.051939,-0.634291,-0.020440,-0.771077,img_557.jpg
55811,1280,720,631.94293,353.39117,986.8637,986.74805,-0.308,0.002,5.382,0.046377,-0.608091,-0.016825,-0.792333,img_558.jpg
55894,1280,720,631.94293,353.39117,986.8637,986.74805,-0.314,0.006,5.330,0.039281,-0.570331,-0.015366,-0.820332,img_559.jpg
55977,1280,720,631.94293,353.39117,986.8637,986.74805,-0.317,0.009,5.310,0.036884,-0.547989,-0.014451,-0.835547,img_560.jpg
56061,1280,720,631.94293,353.39117,986.8637,986.74805,-0.323,0.010,5.247,0.038109,-0.521365,-0.009124,-0.852434,img_561.jpg
56143,1280,720,631.94293,353.39117,986.8637,986.74805,-0.323,0.010,5.224,0.039594,-0.507873,-0.007527,-0.860489,img_562.jpg
56225,1280,720,631.94293,353.39117,986.8637,986.74805,-0.320,0.010,5.200,0.038039,-0.492646,-0.007680,-0.869364,img_563.jpg
56329,1280,720,631.94293,353.39117,986.8637,986.74805,-0.322,0.009,5.178,0.038603,-0.483403,-0.008550,-0.874504,img_564.jpg
56411,1280,720,631.94293,353.39117,986.8637,986.74805,-0.324,0.008,5.166,0.040466,-0.480331,-0.008003,-0.876117,img_565.jpg
56485,1280,720,631.94293,353.39117,986.8637,986.74805,-0.324,0.006,5.155,0.041243,-0.476718,-0.007584,-0.878056,img_566.jpg
56577,1280,720,631.94293,353.39117,986.8637,986.74805,-0.326,0.005,5.147,0.040593,-0.475979,-0.008686,-0.878477,img_567.jpg
56653,1280,720,631.94293,353.39117,986.8637,986.74805,-0.329,0.002,5.138,0.041902,-0.477425,-0.008496,-0.877632,img_568.jpg
56744,1280,720,631.94293,353.39117,986.8637,986.74805,-0.330,0.000,5.133,0.042793,-0.479337,-0.008057,-0.876550,img_569.jpg
56816,1280,720,631.94293,353.39117,986.8637,986.74805,-0.333,-0.002,5.128,0.043431,-0.482585,-0.007623,-0.874738,img_570.jpg
56892,1280,720,631.94293,353.39117,986.8637,986.74805,-0.336,-0.008,5.121,0.046067,-0.487657,-0.008002,-0.871782,img_571.jpg
56977,1280,720,631.94293,353.39117,986.8637,986.74805,-0.342,-0.011,5.112,0.048607,-0.494116,-0.008768,-0.867992,img_572.jpg
57061,1280,720,631.94293,353.39117,986.8637,986.74805,-0.340,-0.019,5.104,0.045036,-0.502899,-0.009855,-0.863115,img_573.jpg
57144,1280,720,631.94293,353.39117,986.8637,986.74805,-0.333,-0.023,5.104,0.040273,-0.510048,-0.011689,-0.859123,img_574.jpg
57228,1280,720,631.94293,353.39117,986.8637,986.74805,-0.318,-0.025,5.101,0.030909,-0.520867,-0.010617,-0.853012,img_575.jpg
57312,1280,720,631.94293,353.39117,986.8637,986.74805,-0.309,-0.024,5.097,0.030191,-0.530552,-0.012943,-0.847015,img_576.jpg
57395,1280,720,631.94293,353.39117,986.8637,986.74805,-0.294,-0.022,5.089,0.024979,-0.538857,-0.019419,-0.841803,img_577.jpg,marker_11.jpg,0.2614633,0.2614633,-0.928,-0.142,4.783,-0.634149,-0.320326,0.369573,0.369573
57478,1280,720,631.94293,353.39117,986.8637,986.74805,-0.285,-0.020,5.082,0.026272,-0.544575,-0.023832,-0.837961,img_578.jpg
57559,1280,720,631.94293,353.39117,986.8637,986.74805,-0.271,-0.014,5.069,0.025304,-0.550175,-0.023742,-0.834329,img_579.jpg,marker_11.jpg,0.2586919,0.2586919,-0.931,-0.145,4.792,-0.633344,-0.312162,0.349596,0.349596
57644,1280,720,631.94293,353.39117,986.8637,986.74805,-0.261,-0.012,5.059,0.026327,-0.553876,-0.022517,-0.831878,img_580.jpg
57719,1280,720,631.94293,353.39117,986.8637,986.74805,-0.251,-0.010,5.045,0.025342,-0.559566,-0.023131,-0.828075,img_581.jpg
57812,1280,720,631.94293,353.39117,986.8637,986.74805,-0.245,-0.011,5.034,0.027106,-0.564919,-0.025225,-0.824315,img_582.jpg
57885,1280,720,631.94293,353.39117,986.8637,986.74805,-0.236,-0.011,5.017,0.024439,-0.573606,-0.026220,-0.818347,img_583.jpg
57978,1280,720,631.94293,353.39117,986.8637,986.74805,-0.229,-0.009,5.002,0.023118,-0.579439,-0.021503,-0.814404,img_584.jpg
58053,1280,720,631.94293,353.39117,986.8637,986.74805,-0.219,-0.005,4.978,0.029915,-0.592003,-0.017362,-0.805193,img_585.jpg,marker_11.jpg,0.25738472,0.25738472,-0.925,-0.143,4.788,-0.641243,-0.297657,0.330802,0.330802
58144,1280,720,631.94293,353.39117,986.8637,986.74805,-0.212,-0.004,4.964,0.030744,-0.599579,-0.018517,-0.799511,img_586.jpg
58218,1280,720,631.94293,353.39117,986.8637,986.74805,-0.204,-0.004,4.948,0.028702,-0.606235,-0.019701,-0.794523,img_587.jpg
58295,1280,720,631.94293,353.39117,986.8637,986.74805,-0.189,-0.008,4.919,0.031561,-0.611929,-0.019088,-0.790052,img_588.jpg
58378,1280,720,631.94293,353.39117,986.8637,986.74805,-0.181,-0.014,4.898,0.037560,-0.613483,-0.023158,-0.788474,img_589.jpg
58459,1280,720,631.94293,353.39117,986.8637,986.74805,-0.162,-0.025,4.865,0.040480,-0.611838,-0.032551,-0.789276,img_590.jpg
58544,1280,720,631.94293,353.39117,986.8637,986.74805,-0.148,-0.031,4.839,0.045238,-0.610892,-0.034364,-0.789673,img_591.jpg
58620,1280,720,631.94293,353.39117,986.8637,986.74805,-0.119,-0.039,4.807,0.051655,-0.605954,-0.035674,-0.793019,img_592.jpg
58716,1280,720,631.94293,353.39117,986.8637,986.74805,-0.099,-0.044,4.784,0.055020,-0.602026,-0.035364,-0.795793,img_593.jpg
58791,1280,720,631.94293,353.39117,986.8637,986.74805,-0.062,-0.048,4.752,0.056344,-0.594768,-0.033364,-0.801226,img_594.jpg
58878,1280,720,631.94293,353.39117,986.8637,986.74805,-0.036,-0.049,4.729,0.057044,-0.590070,-0.030860,-0.804743,img_595.jpg
58953,1280,720,631.94293,353.39117,986.8637,986.74805,-0.008,-0.050,4.709,0.055183,-0.584780,-0.030154,-0.808751,img_596.jpg
59044,1280,720,631.94293,353.39117,986.8637,986.74805,0.038,-0.055,4.681,0.052763,-0.576530,-0.032899,-0.814707,img_597.jpg
59125,1280,720,631.94293,353.39117,986.8637,986.74805,0.085,-0.060,4.651,0.053862,-0.569322,-0.043185,-0.819211,img_598.jpg,marker_11.jpg,0.25787657,0.25787657,-0.922,-0.139,4.787,-0.644104,-0.294604,0.327183,0.327183
59213,1280,720,631.94293,353.39117,986.8637,986.74805,0.116,-0.061,4.628,0.051308,-0.564181,-0.047757,-0.822670,img_599.jpg
59286,1280,720,631.94293,353.39117,986.8637,986.74805,0.163,-0.060,4.595,0.053794,-0.557982,-0.049794,-0.826609,img_600.jpg
59378,1280,720,631.94293,353.39117,986.8637,986.74805,0.195,-0.060,4.575,0.054848,-0.553677,-0.052013,-0.829294,img_601.jpg
59452,1280,720,631.94293,353.39117,986.8637,986.74805,0.223,-0.060,4.553,0.055236,-0.551057,-0.054289,-0.830866,img_602.jpg
59528,1280,720,631.94293,353.39117,986.8637,986.74805,0.250,-0.059,4.532,0.058633,-0.551466,-0.053283,-0.830427,img_603.jpg
59604,1280,720,631.94293,353.39117,986.8637,986.74805,0.293,-0.061,4.496,0.065837,-0.553811,-0.049039,-0.828586,img_604.jpg
59695,1280,720,631.94293,353.39117,986.8637,986.74805,0.332,-0.062,4.460,0.069878,-0.557113,-0.046732,-0.826171,img_605.jpg
59778,1280,720,631.94293,353.39117,986.8637,986.74805,0.361,-0.064,4.434,0.072224,-0.559765,-0.049588,-0.824007,img_606.jpg
59853,1280,720,631.94293,353.39117,986.8637,986.74805,0.400,-0.067,4.392,0.067952,-0.570469,-0.051928,-0.816855,img_607.jpg
59927,1280,720,631.94293,353.39117,986.8637,986.74805,0.425,-0.069,4.364,0.071663,-0.575236,-0.059468,-0.812669,img_608.jpg
60012,1280,720,631.94293,353.39117,986.8637,986.74805,0.451,-0.071,4.336,0.074190,-0.578434,-0.065762,-0.809682,img_609.jpg
60080,1280,720,631.94293,353.39117,986.8637,986.74805,0.477,-0.070,4.311,0.077401,-0.578680,-0.071890,-0.808685,img_610.jpg
60154,1280,720,631.94293,353.39117,986.8637,986.74805,0.522,-0.069,4.274,0.081641,-0.578542,-0.074379,-0.808141,img_611.jpg
60227,1280,720,631.94293,353.39117,986.8637,986.74805,0.555,-0.067,4.252,0.083776,-0.579344,-0.074609,-0.807326,img_612.jpg
60294,1280,720,631.94293,353.39117,986.8637,986.74805,0.589,-0.065,4.232,0.079338,-0.576402,-0.071384,-0.810167,img_613.jpg
60378,1280,720,631.94293,353.39117,986.8637,986.74805,0.624,-0.063,4.209,0.079517,-0.572385,-0.067922,-0.813289,img_614.jpg
60450,1280,720,631.94293,353.39117,986.8637,986.74805,0.659,-0.059,4.185,0.076395,-0.567307,-0.063080,-0.817525,img_615.jpg
60521,1280,720,631.94293,353.39117,986.8637,986.74805,0.717,-0.054,4.161,0.068376,-0.554486,-0.051715,-0.827766,img_616.jpg
60595,1280,720,631.94293,353.39117,986.8637,986.74805,0.758,-0.048,4.145,0.061358,-0.543896,-0.043190,-0.835791,img_617.jpg
60678,1280,720,631.94293,353.39117,986.8637,986.74805,0.799,-0.040,4.131,0.051479,-0.528724,-0.035053,-0.846506,img_618.jpg
60756,1280,720,631.94293,353.39117,986.8637,986.74805,0.840,-0.029,4.113,0.050933,-0.517331,-0.031522,-0.853686,img_619.jpg
60829,1280,720,631.94293,353.39117,986.8637,986.74805,0.898,-0.015,4.095,0.037054,-0.499905,-0.028245,-0.864826,img_620.jpg
60912,1280,720,631.94293,353.39117,986.8637,986.74805,0.936,-0.004,4.075,0.028621,-0.488818,-0.026486,-0.871514,img_621.jpg
60982,1280,720,631.94293,353.39117,986.8637,986.74805,0.980,0.006,4.044,0.022460,-0.473544,-0.025205,-0.880123,img_622.jpg
61062,1280,720,631.94293,353.39117,986.8637,986.74805,1.003,0.015,4.021,0.021648,-0.455353,-0.027184,-0.889633,img_623.jpg
61144,1280,720,631.94293,353.39117,986.8637,986.74805,1.029,0.020,4.006,0.024487,-0.444546,-0.024449,-0.895088,img_624.jpg
61220,1280,720,631.94293,353.39117,986.8637,986.74805,1.032,0.020,4.002,0.024908,-0.436468,-0.024239,-0.899049,img_625.jpg
61313,1280,720,631.94293,353.39117,986.8637,986.74805,1.064,0.022,3.985,0.029592,-0.438851,-0.019349,-0.897864,img_626.jpg
61384,1280,720,631.94293,353.39117,986.8637,986.74805,1.077,0.024,3.971,0.040000,-0.445780,-0.019766,-0.894030,img_627.jpg
61479,1280,720,631.94293,353.39117,986.8637,986.74805,1.092,0.027,3.961,0.043686,-0.448422,-0.016711,-0.892597,img_628.jpg
61548,1280,720,631.94293,353.39117,986.8637,986.74805,1.094,0.027,3.952,0.045076,-0.452715,-0.017330,-0.890347,img_629.jpg
61624,1280,720,631.94293,353.39117,986.8637,986.74805,1.101,0.026,3.940,0.042447,-0.451698,-0.016464,-0.891008,img_630.jpg
61715,1280,720,631.94293,353.39117,986.8637,986.74805,1.102,0.025,3.934,0.043706,-0.453034,-0.017204,-0.890255,img_631.jpg,marker_12.jpg,0.27030668,0.27030668,0.536,-0.200,3.543,-0.640440,-0.321814,0.318304,0.318304
61782,1280,720,631.94293,353.39117,986.8637,986.74805,1.106,0.024,3.929,0.039838,-0.456575,-0.016319,-0.888643,img_632.jpg
61862,1280,720,631.94293,353.39117,986.8637,986.74805,1.109,0.023,3.924,0.041273,-0.459304,-0.018128,-0.887135,img_633.jpg
61946,1280,720,631.94293,353.39117,986.8637,986.74805,1.110,0.023,3.922,0.041353,-0.460672,-0.018986,-0.886403,img_634.jpg
62015,1280,720,631.94293,353.39117,986.8637,986.74805,1.110,0.021,3.920,0.041644,-0.462906,-0.020179,-0.885199,img_635.jpg
62096,1280,720,631.94293,353.39117,986.8637,986.74805,1.112,0.020,3.918,0.042542,-0.464804,-0.020258,-0.884159,img_636.jpg
62164,1280,720,631.94293,353.39117,986.8637,986.74805,1.110,0.020,3.917,0.041765,-0.465228,-0.020466,-0.883968,img_637.jpg
62245,1280,720,631.94293,353.39117,986.8637,986.74805,1.110,0.019,3.917,0.041016,-0.466182,-0.020145,-0.883508,img_638.jpg
62313,1280,720,631.94293,353.39117,986.8637,986.74805,1.111,0.020,3.917,0.039128,-0.466870,-0.017439,-0.883288,img_639.jpg,marker_12.jpg,0.2697557,0.2697557,0.543,-0.198,3.542,-0.637958,-0.327303,0.328559,0.328559
62382,1280,720,631.94293,353.39117,986.8637,986.74805,1.112,0.020,3.920,0.032134,-0.463230,-0.015220,-0.885524,img_640.jpg
62480,1280,720,631.94293,353.39117,986.8637,986.74805,1.113,0.020,3.922,0.028090,-0.462130,-0.016675,-0.886211,img_641.jpg
