time,sizeX,sizeY,p_x,p_y,f_x,f_y,pos_X,pos_Y,pos_Z,q_x,q_y,q_z,q_w,marker_ID,marker_x,marker_y,marker_z,marker_qx,marker_qy,marker_qz,marker_qw,marker_ID,marker_x,marker_y,marker_z,marker_qx,marker_qy,marker_qz,marker_qw,marker_ID,marker_x,marker_y,marker_z,marker_qx,marker_qy,marker_qz,marker_qw,
22706,1280,720,631.94293,353.39117,986.8637,986.74805,0.096,0.075,1.008,0.100692,-0.042701,0.016774,-0.993859,img_1.jpg
22801,1280,720,631.94293,353.39117,986.8637,986.74805,0.095,0.076,1.010,0.101384,-0.043401,0.017604,-0.993744,img_2.jpg
22882,1280,720,631.94293,353.39117,986.8637,986.74805,0.095,0.075,1.011,0.102484,-0.042320,0.015617,-0.993711,img_3.jpg
22960,1280,720,631.94293,353.39117,986.8637,986.74805,0.094,0.075,1.012,0.102407,-0.045541,0.017769,-0.993541,img_4.jpg,marker_1.jpg,0.27014396,0.27014396,0.050,-0.067,0.406,-0.709830,-0.001927,0.004477,0.004477
23037,1280,720,631.94293,353.39117,986.8637,986.74805,0.093,0.076,1.012,0.103819,-0.045299,0.017515,-0.993410,img_5.jpg
23117,1280,720,631.94293,353.39117,986.8637,986.74805,0.092,0.075,1.012,0.102396,-0.043000,0.016622,-0.993675,img_6.jpg
23201,1280,720,631.94293,353.39117,986.8637,986.74805,0.090,0.075,1.013,0.101818,-0.040991,0.016606,-0.993819,img_7.jpg
23269,1280,720,631.94293,353.39117,986.8637,986.74805,0.089,0.074,1.013,0.100850,-0.039038,0.017088,-0.993989,img_8.jpg
23351,1280,720,631.94293,353.39117,986.8637,986.74805,0.086,0.074,1.015,0.098980,-0.037021,0.017652,-0.994244,img_9.jpg
23435,1280,720,631.94293,353.39117,986.8637,986.74805,0.083,0.073,1.015,0.096567,-0.035175,0.016721,-0.994564,img_10.jpg
23505,1280,720,631.94293,353.39117,986.8637,986.74805,0.080,0.071,1.014,0.097815,-0.029776,0.015270,-0.994642,img_11.jpg
23571,1280,720,631.94293,353.39117,986.8637,986.74805,0.077,0.069,1.013,0.098517,-0.022987,0.012378,-0.994793,img_12.jpg,marker_1.jpg,0.26938415,0.26938415,0.050,-0.067,0.408,-0.709938,0.001051,0.000686,0.000686
23638,1280,720,631.94293,353.39117,986.8637,986.74805,0.074,0.067,1.011,0.097020,-0.018245,0.010619,-0.995059,img_13.jpg
23717,1280,720,631.94293,353.39117,986.8637,986.74805,0.072,0.064,1.010,0.098926,-0.012994,0.010058,-0.994959,img_14.jpg
23780,1280,720,631.94293,353.39117,986.8637,986.74805,0.073,0.061,1.011,0.099632,-0.009072,0.010047,-0.994932,img_15.jpg
23866,1280,720,631.94293,353.39117,986.8637,986.74805,0.076,0.057,1.014,0.098755,-0.005354,0.008753,-0.995059,img_16.jpg
23928,1280,720,631.94293,353.39117,986.8637,986.74805,0.081,0.057,1.016,0.098554,-0.002869,0.009991,-0.995077,img_17.jpg
24000,1280,720,631.94293,353.39117,986.8637,986.74805,0.088,0.058,1.019,0.096775,-0.003130,0.012988,-0.995217,img_18.jpg
24070,1280,720,631.94293,353.39117,986.8637,986.74805,0.097,0.059,1.023,0.092993,-0.006460,0.016603,-0.995507,img_19.jpg
24138,1280,720,631.94293,353.39117,986.8637,986.74805,0.107,0.061,1.026,0.092397,-0.012382,0.021425,-0.995415,img_20.jpg,marker_1.jpg,0.26921377,0.26921377,0.050,-0.066,0.409,-0.703641,-0.004426,0.005561,0.005561
24204,1280,720,631.94293,353.39117,986.8637,986.74805,0.119,0.062,1.031,0.092017,-0.018934,0.025862,-0.995242,img_21.jpg
24272,1280,720,631.94293,353.39117,986.8637,986.74805,0.133,0.060,1.036,0.092197,-0.024789,0.026588,-0.995077,img_22.jpg
24338,1280,720,631.94293,353.39117,986.8637,986.74805,0.148,0.060,1.041,0.091922,-0.030329,0.023971,-0.995016,img_23.jpg
24404,1280,720,631.94293,353.39117,986.8637,986.74805,0.166,0.061,1.046,0.091684,-0.036307,0.024901,-0.994814,img_24.jpg
24477,1280,720,631.94293,353.39117,986.8637,986.74805,0.187,0.061,1.051,0.091314,-0.040969,0.028033,-0.994584,img_25.jpg
24550,1280,720,631.94293,353.39117,986.8637,986.74805,0.209,0.061,1.056,0.092765,-0.043990,0.029691,-0.994273,img_26.jpg
24615,1280,720,631.94293,353.39117,986.8637,986.74805,0.232,0.061,1.061,0.093307,-0.047486,0.029859,-0.994056,img_27.jpg
24700,1280,720,631.94293,353.39117,986.8637,986.74805,0.268,0.063,1.068,0.095961,-0.057462,0.036419,-0.993058,img_28.jpg,marker_1.jpg,0.26956746,0.26956746,0.049,-0.066,0.408,-0.703300,-0.001728,0.003606,0.003606
24766,1280,720,631.94293,353.39117,986.8637,986.74805,0.291,0.063,1.074,0.094456,-0.062277,0.036753,-0.992899,img_29.jpg
24834,1280,720,631.94293,353.39117,986.8637,986.74805,0.312,0.063,1.081,0.093720,-0.066207,0.035258,-0.992769,img_30.jpg
24918,1280,720,631.94293,353.39117,986.8637,986.74805,0.344,0.063,1.090,0.097914,-0.071663,0.035762,-0.991967,img_31.jpg
25000,1280,720,631.94293,353.39117,986.8637,986.74805,0.364,0.063,1.097,0.099412,-0.071290,0.036906,-0.991803,img_32.jpg
25067,1280,720,631.94293,353.39117,986.8637,986.74805,0.384,0.063,1.102,0.100634,-0.071134,0.039337,-0.991597,img_33.jpg
25137,1280,720,631.94293,353.39117,986.8637,986.74805,0.404,0.063,1.108,0.098757,-0.065784,0.039903,-0.992133,img_34.jpg
25217,1280,720,631.94293,353.39117,986.8637,986.74805,0.422,0.062,1.114,0.096912,-0.060244,0.039336,-0.992689,img_35.jpg
25289,1280,720,631.94293,353.39117,986.8637,986.74805,0.450,0.064,1.120,0.092968,-0.053891,0.042636,-0.993295,img_36.jpg
25366,1280,720,631.94293,353.39117,986.8637,986.74805,0.467,0.064,1.122,0.091114,-0.050000,0.045268,-0.993554,img_37.jpg
25436,1280,720,631.94293,353.39117,986.8637,986.74805,0.482,0.066,1.123,0.086806,-0.044335,0.044412,-0.994247,img_38.jpg
25505,1280,720,631.94293,353.39117,986.8637,986.74805,0.497,0.066,1.121,0.083297,-0.036066,0.043951,-0.994902,img_39.jpg
25575,1280,720,631.94293,353.39117,986.8637,986.74805,0.513,0.065,1.118,0.083081,-0.029895,0.044091,-0.995118,img_40.jpg
25651,1280,720,631.94293,353.39117,986.8637,986.74805,0.535,0.062,1.110,0.085257,-0.022151,0.044445,-0.995121,img_41.jpg
25734,1280,720,631.94293,353.39117,986.8637,986.74805,0.553,0.060,1.104,0.086235,-0.017130,0.045515,-0.995087,img_42.jpg
25817,1280,720,631.94293,353.39117,986.8637,986.74805,0.581,0.057,1.090,0.088447,-0.007283,0.048567,-0.994870,img_43.jpg
25900,1280,720,631.94293,353.39117,986.8637,986.74805,0.602,0.054,1.080,0.089023,0.002863,0.047741,-0.994881,img_44.jpg
25984,1280,720,631.94293,353.39117,986.8637,986.74805,0.639,0.050,1.063,0.088430,0.021380,0.045062,-0.994833,img_45.jpg
26066,1280,720,631.94293,353.39117,986.8637,986.74805,0.666,0.048,1.049,0.087937,0.037594,0.040617,-0.994587,img_46.jpg
26126,1280,720,631.94293,353.39117,986.8637,986.74805,0.693,0.047,1.035,0.090298,0.056755,0.032882,-0.993752,img_47.jpg
26217,1280,720,631.94293,353.39117,986.8637,986.74805,0.735,0.052,1.014,0.092140,0.081803,0.031991,-0.991865,img_48.jpg
26300,1280,720,631.94293,353.39117,986.8637,986.74805,0.762,0.056,1.002,0.091725,0.101544,0.032293,-0.990067,img_49.jpg
26383,1280,720,631.94293,353.39117,986.8637,986.74805,0.801,0.060,0.983,0.094655,0.131143,0.037229,-0.986132,img_50.jpg
26451,1280,720,631.94293,353.39117,986.8637,986.74805,0.823,0.061,0.972,0.093756,0.149248,0.037369,-0.983635,img_51.jpg
26534,1280,720,631.94293,353.39117,986.8637,986.74805,0.844,0.061,0.962,0.095393,0.168559,0.039409,-0.980273,img_52.jpg
26599,1280,720,631.94293,353.39117,986.8637,986.74805,0.865,0.059,0.954,0.099108,0.185912,0.042771,-0.976619,img_53.jpg
26669,1280,720,631.94293,353.39117,986.8637,986.74805,0.882,0.058,0.948,0.099606,0.202187,0.041500,-0.973384,img_54.jpg
26732,1280,720,631.94293,353.39117,986.8637,986.74805,0.898,0.057,0.942,0.099006,0.215501,0.040915,-0.970610,img_55.jpg
26816,1280,720,631.94293,353.39117,986.8637,986.74805,0.920,0.057,0.935,0.098719,0.229216,0.041797,-0.967454,img_56.jpg
26899,1280,720,631.94293,353.39117,986.8637,986.74805,0.934,0.056,0.933,0.098421,0.235496,0.042374,-0.965950,img_57.jpg
26967,1280,720,631.94293,353.39117,986.8637,986.74805,0.951,0.055,0.934,0.096531,0.243453,0.042193,-0.964174,img_58.jpg
27049,1280,720,631.94293,353.39117,986.8637,986.74805,0.982,0.052,0.936,0.093745,0.251422,0.046924,-0.962184,img_59.jpg
27116,1280,720,631.94293,353.39117,986.8637,986.74805,1.007,0.052,0.936,0.091248,0.256113,0.049762,-0.961043,img_60.jpg
27200,1280,720,631.94293,353.39117,986.8637,986.74805,1.033,0.052,0.938,0.085625,0.263362,0.045969,-0.959789,img_61.jpg
27266,1280,720,631.94293,353.39117,986.8637,986.74805,1.062,0.052,0.942,0.084691,0.270164,0.044128,-0.958067,img_62.jpg
27331,1280,720,631.94293,353.39117,986.8637,986.74805,1.094,0.053,0.947,0.082410,0.278916,0.043375,-0.955789,img_63.jpg
27402,1280,720,631.94293,353.39117,986.8637,986.74805,1.094,0.053,0.947,0.082410,0.278916,0.043375,-0.955789,img_64.jpg
27471,1280,720,631.94293,353.39117,986.8637,986.74805,1.094,0.053,0.947,0.082410,0.278916,0.043375,-0.955789,img_65.jpg
27536,1280,720,631.94293,353.39117,986.8637,986.74805,1.094,0.053,0.947,0.082410,0.278916,0.043375,-0.955789,img_66.jpg
27602,1280,720,631.94293,353.39117,986.8637,986.74805,1.094,0.053,0.947,0.082410,0.278916,0.043375,-0.955789,img_67.jpg
27672,1280,720,631.94293,353.39117,986.8637,986.74805,1.094,0.053,0.947,0.082410,0.278916,0.043375,-0.955789,img_68.jpg
27737,1280,720,631.94293,353.39117,986.8637,986.74805,1.094,0.053,0.947,0.082410,0.278916,0.043375,-0.955789,img_69.jpg
27803,1280,720,631.94293,353.39117,986.8637,986.74805,1.094,0.053,0.947,0.082410,0.278916,0.043375,-0.955789,img_70.jpg
27872,1280,720,631.94293,353.39117,986.8637,986.74805,1.094,0.053,0.947,0.082410,0.278916,0.043375,-0.955789,img_71.jpg
27938,1280,720,631.94293,353.39117,986.8637,986.74805,1.094,0.053,0.947,0.082410,0.278916,0.043375,-0.955789,img_72.jpg
28005,1280,720,631.94293,353.39117,986.8637,986.74805,1.094,0.053,0.947,0.082410,0.278916,0.043375,-0.955789,img_73.jpg
28073,1280,720,631.94293,353.39117,986.8637,986.74805,1.094,0.053,0.947,0.082410,0.278916,0.043375,-0.955789,img_74.jpg
28137,1280,720,631.94293,353.39117,986.8637,986.74805,1.094,0.053,0.947,0.082410,0.278916,0.043375,-0.955789,img_75.jpg
28206,1280,720,631.94293,353.39117,986.8637,986.74805,1.094,0.053,0.947,0.082410,0.278916,0.043375,-0.955789,img_76.jpg
28275,1280,720,631.94293,353.39117,986.8637,986.74805,1.094,0.053,0.947,0.082410,0.278916,0.043375,-0.955789,img_77.jpg
28342,1280,720,631.94293,353.39117,986.8637,986.74805,1.094,0.053,0.947,0.082410,0.278916,0.043375,-0.955789,img_78.jpg
28407,1280,720,631.94293,353.39117,986.8637,986.74805,1.094,0.053,0.947,0.082410,0.278916,0.043375,-0.955789,img_79.jpg
28477,1280,720,631.94293,353.39117,986.8637,986.74805,1.094,0.053,0.947,0.082410,0.278916,0.043375,-0.955789,img_80.jpg
28549,1280,720,631.94293,353.39117,986.8637,986.74805,1.094,0.053,0.947,0.082410,0.278916,0.043375,-0.955789,img_81.jpg
28632,1280,720,631.94293,353.39117,986.8637,986.74805,1.094,0.053,0.947,0.082410,0.278916,0.043375,-0.955789,img_82.jpg
28697,1280,720,631.94293,353.39117,986.8637,986.74805,1.094,0.053,0.947,0.082410,0.278916,0.043375,-0.955789,img_83.jpg
28782,1280,720,631.94293,353.39117,986.8637,986.74805,1.094,0.053,0.947,0.082410,0.278916,0.043375,-0.955789,img_84.jpg
28849,1280,720,631.94293,353.39117,986.8637,986.74805,1.094,0.053,0.947,0.082410,0.278916,0.043375,-0.955789,img_85.jpg
28915,1280,720,631.94293,353.39117,986.8637,986.74805,1.094,0.053,0.947,0.082410,0.278916,0.043375,-0.955789,img_86.jpg
28998,1280,720,631.94293,353.39117,986.8637,986.74805,1.094,0.053,0.947,0.082410,0.278916,0.043375,-0.955789,img_87.jpg
29066,1280,720,631.94293,353.39117,986.8637,986.74805,1.094,0.053,0.947,0.082410,0.278916,0.043375,-0.955789,img_88.jpg
29129,1280,720,631.94293,353.39117,986.8637,986.74805,1.094,0.053,0.947,0.082410,0.278916,0.043375,-0.955789,img_89.jpg
29215,1280,720,631.94293,353.39117,986.8637,986.74805,1.094,0.053,0.947,0.082410,0.278916,0.043375,-0.955789,img_90.jpg
29299,1280,720,631.94293,353.39117,986.8637,986.74805,0.736,0.032,0.900,0.092961,0.088869,0.019464,-0.991505,img_91.jpg
29366,1280,720,631.94293,353.39117,986.8637,986.74805,0.745,0.033,0.880,0.089849,0.091280,0.018926,-0.991583,img_92.jpg
29432,1280,720,631.94293,353.39117,986.8637,986.74805,0.769,0.029,0.843,0.086895,0.093499,0.024424,-0.991519,img_93.jpg
29515,1280,720,631.94293,353.39117,986.8637,986.74805,0.801,0.032,0.791,0.084616,0.101933,0.026234,-0.990839,img_94.jpg
29600,1280,720,631.94293,353.39117,986.8637,986.74805,0.825,0.037,0.759,0.079689,0.108931,0.027314,-0.990473,img_95.jpg
29666,1280,720,631.94293,353.39117,986.8637,986.74805,0.845,0.042,0.737,0.078916,0.115906,0.027688,-0.989733,img_96.jpg
29734,1280,720,631.94293,353.39117,986.8637,986.74805,0.864,0.046,0.721,0.075917,0.122004,0.028008,-0.989225,img_97.jpg
29818,1280,720,631.94293,353.39117,986.8637,986.74805,0.890,0.046,0.694,0.078840,0.133743,0.028630,-0.987460,img_98.jpg
29899,1280,720,631.94293,353.39117,986.8637,986.74805,0.906,0.046,0.676,0.080763,0.141021,0.029482,-0.986266,img_99.jpg
29967,1280,720,631.94293,353.39117,986.8637,986.74805,0.919,0.045,0.659,0.082209,0.148920,0.030819,-0.984944,img_100.jpg
30050,1280,720,631.94293,353.39117,986.8637,986.74805,0.944,0.047,0.630,0.079788,0.160738,0.036301,-0.983097,img_101.jpg
30133,1280,720,631.94293,353.39117,986.8637,986.74805,0.957,0.048,0.611,0.080315,0.169544,0.037271,-0.981537,img_102.jpg
30201,1280,720,631.94293,353.39117,986.8637,986.74805,0.967,0.048,0.596,0.078050,0.177988,0.039187,-0.980150,img_103.jpg,marker_3.jpg,0.2685995,0.2685995,1.306,-0.065,-0.235,-0.676024,0.225099,-0.206674,-0.206674
30273,1280,720,631.94293,353.39117,986.8637,986.74805,0.976,0.047,0.579,0.078241,0.184871,0.043251,-0.978688,img_104.jpg
30350,1280,720,631.94293,353.39117,986.8637,986.74805,0.988,0.045,0.552,0.080429,0.193840,0.047111,-0.976595,img_105.jpg
30433,1280,720,631.94293,353.39117,986.8637,986.74805,0.992,0.043,0.532,0.079768,0.199129,0.045196,-0.975675,img_106.jpg
30501,1280,720,631.94293,353.39117,986.8637,986.74805,0.989,0.042,0.516,0.077600,0.204106,0.041434,-0.974988,img_107.jpg
30573,1280,720,631.94293,353.39117,986.8637,986.74805,0.989,0.041,0.494,0.074599,0.211306,0.038392,-0.973813,img_108.jpg
30637,1280,720,631.94293,353.39117,986.8637,986.74805,0.988,0.042,0.474,0.073113,0.217302,0.038829,-0.972588,img_109.jpg
30703,1280,720,631.94293,353.39117,986.8637,986.74805,0.987,0.045,0.452,0.074732,0.222104,0.040367,-0.971316,img_110.jpg
30773,1280,720,631.94293,353.39117,986.8637,986.74805,0.985,0.048,0.433,0.073805,0.225978,0.041645,-0.970439,img_111.jpg,marker_3.jpg,0.27046666,0.27046666,1.302,-0.064,-0.233,-0.695692,0.225632,-0.215599,-0.215599
30839,1280,720,631.94293,353.39117,986.8637,986.74805,0.984,0.049,0.411,0.075523,0.232410,0.041190,-0.968806,img_112.jpg
30907,1280,720,631.94293,353.39117,986.8637,986.74805,0.984,0.049,0.391,0.078472,0.238280,0.040929,-0.967155,img_113.jpg
30980,1280,720,631.94293,353.39117,986.8637,986.74805,0.984,0.048,0.360,0.082305,0.246561,0.040643,-0.964770,img_114.jpg
31049,1280,720,631.94293,353.39117,986.8637,986.74805,0.983,0.046,0.341,0.084891,0.251425,0.040959,-0.963276,img_115.jpg
31134,1280,720,631.94293,353.39117,986.8637,986.74805,0.983,0.045,0.325,0.086718,0.254547,0.042028,-0.962247,img_116.jpg
31200,1280,720,631.94293,353.39117,986.8637,986.74805,0.985,0.044,0.310,0.087257,0.258025,0.042257,-0.961261,img_117.jpg
31266,1280,720,631.94293,353.39117,986.8637,986.74805,0.985,0.043,0.297,0.087965,0.260800,0.041252,-0.960492,img_118.jpg
31336,1280,720,631.94293,353.39117,986.8637,986.74805,0.985,0.042,0.286,0.090153,0.264215,0.041292,-0.959353,img_119.jpg,marker_3.jpg,0.2737256,0.2737256,1.300,-0.066,-0.231,-0.664549,0.252665,-0.235091,-0.235091
31406,1280,720,631.94293,353.39117,986.8637,986.74805,0.986,0.041,0.277,0.090101,0.267501,0.040443,-0.958483,img_120.jpg
31471,1280,720,631.94293,353.39117,986.8637,986.74805,0.988,0.042,0.269,0.091334,0.270445,0.042385,-0.957456,img_121.jpg
31539,1280,720,631.94293,353.39117,986.8637,986.74805,0.990,0.042,0.265,0.089426,0.275047,0.042987,-0.956297,img_122.jpg
31607,1280,720,631.94293,353.39117,986.8637,986.74805,0.995,0.043,0.262,0.090348,0.278351,0.043965,-0.955209,img_123.jpg
31673,1280,720,631.94293,353.39117,986.8637,986.74805,0.999,0.043,0.263,0.090387,0.283414,0.042496,-0.953782,img_124.jpg
31740,1280,720,631.94293,353.39117,986.8637,986.74805,1.006,0.042,0.265,0.090170,0.289628,0.042561,-0.951932,img_125.jpg
31809,1280,720,631.94293,353.39117,986.8637,986.74805,1.019,0.042,0.272,0.089167,0.299286,0.044330,-0.948953,img_126.jpg
31882,1280,720,631.94293,353.39117,986.8637,986.74805,1.030,0.042,0.280,0.088266,0.304823,0.042572,-0.947354,img_127.jpg,marker_3.jpg,0.2737457,0.2737457,1.295,-0.065,-0.226,-0.662370,0.250538,-0.234144,-0.234144
31965,1280,720,631.94293,353.39117,986.8637,986.74805,1.042,0.041,0.288,0.087192,0.311271,0.043773,-0.945300,img_128.jpg
32028,1280,720,631.94293,353.39117,986.8637,986.74805,1.056,0.042,0.297,0.086040,0.314415,0.046493,-0.944235,img_129.jpg
32115,1280,720,631.94293,353.39117,986.8637,986.74805,1.078,0.042,0.313,0.081179,0.318688,0.049399,-0.943084,img_130.jpg
32199,1280,720,631.94293,353.39117,986.8637,986.74805,1.094,0.042,0.325,0.078348,0.321404,0.050113,-0.942364,img_131.jpg
32259,1280,720,631.94293,353.39117,986.8637,986.74805,1.111,0.043,0.339,0.074786,0.324161,0.049624,-0.941735,img_132.jpg
32332,1280,720,631.94293,353.39117,986.8637,986.74805,1.132,0.043,0.354,0.073710,0.326241,0.053859,-0.940868,img_133.jpg
32416,1280,720,631.94293,353.39117,986.8637,986.74805,1.166,0.045,0.378,0.070324,0.329046,0.055377,-0.940062,img_134.jpg
32498,1280,720,631.94293,353.39117,986.8637,986.74805,1.186,0.047,0.397,0.067649,0.330278,0.055265,-0.939833,img_135.jpg
32566,1280,720,631.94293,353.39117,986.8637,986.74805,1.207,0.048,0.413,0.069279,0.326868,0.058872,-0.940687,img_136.jpg
32632,1280,720,631.94293,353.39117,986.8637,986.74805,1.223,0.048,0.431,0.068050,0.326570,0.056321,-0.941036,img_137.jpg
32703,1280,720,631.94293,353.39117,986.8637,986.74805,1.241,0.049,0.446,0.067865,0.326695,0.053871,-0.941150,img_138.jpg
32782,1280,720,631.94293,353.39117,986.8637,986.74805,1.269,0.050,0.470,0.067492,0.325630,0.055335,-0.941461,img_139.jpg
32865,1280,720,631.94293,353.39117,986.8637,986.74805,1.286,0.050,0.486,0.066463,0.325680,0.056483,-0.941448,img_140.jpg
32925,1280,720,631.94293,353.39117,986.8637,986.74805,1.304,0.051,0.501,0.066987,0.325968,0.056865,-0.941289,img_141.jpg
33016,1280,720,631.94293,353.39117,986.8637,986.74805,1.328,0.051,0.522,0.063795,0.325909,0.055617,-0.941605,img_142.jpg
33098,1280,720,631.94293,353.39117,986.8637,986.74805,1.345,0.051,0.531,0.064143,0.325635,0.056184,-0.941643,img_143.jpg
33166,1280,720,631.94293,353.39117,986.8637,986.74805,1.359,0.050,0.540,0.064865,0.326552,0.057919,-0.941170,img_144.jpg
33232,1280,720,631.94293,353.39117,986.8637,986.74805,1.372,0.050,0.546,0.064370,0.324372,0.061351,-0.941741,img_145.jpg
33316,1280,720,631.94293,353.39117,986.8637,986.74805,1.390,0.050,0.552,0.063573,0.323735,0.059578,-0.942128,img_146.jpg
33398,1280,720,631.94293,353.39117,986.8637,986.74805,1.406,0.049,0.554,0.065038,0.323706,0.059975,-0.942012,img_147.jpg
33466,1280,720,631.94293,353.39117,986.8637,986.74805,1.424,0.046,0.555,0.068662,0.325044,0.061871,-0.941171,img_148.jpg
33548,1280,720,631.94293,353.39117,986.8637,986.74805,1.452,0.041,0.558,0.071773,0.332467,0.061844,-0.938344,img_149.jpg
33633,1280,720,631.94293,353.39117,986.8637,986.74805,1.476,0.038,0.562,0.069481,0.339309,0.060177,-0.936174,img_150.jpg
33699,1280,720,631.94293,353.39117,986.8637,986.74805,1.503,0.035,0.565,0.070545,0.343670,0.059830,-0.934524,img_151.jpg
33770,1280,720,631.94293,353.39117,986.8637,986.74805,1.533,0.031,0.569,0.074760,0.352097,0.056708,-0.931248,img_152.jpg
33848,1280,720,631.94293,353.39117,986.8637,986.74805,1.562,0.029,0.573,0.078567,0.362716,0.050984,-0.927181,img_153.jpg
33913,1280,720,631.94293,353.39117,986.8637,986.74805,1.590,0.030,0.581,0.079046,0.366455,0.052064,-0.925609,img_154.jpg
33983,1280,720,631.94293,353.39117,986.8637,986.74805,1.630,0.032,0.590,0.079456,0.371668,0.053124,-0.923433,img_155.jpg
34065,1280,720,631.94293,353.39117,986.8637,986.74805,1.653,0.030,0.595,0.079487,0.381323,0.049908,-0.919665,img_156.jpg
34125,1280,720,631.94293,353.39117,986.8637,986.74805,1.678,0.027,0.601,0.080350,0.388014,0.044042,-0.917087,img_157.jpg
34198,1280,720,631.94293,353.39117,986.8637,986.74805,1.702,0.024,0.610,0.085358,0.393913,0.048086,-0.913912,img_158.jpg
34263,1280,720,631.94293,353.39117,986.8637,986.74805,1.726,0.023,0.619,0.084905,0.402973,0.053010,-0.909722,img_159.jpg
34331,1280,720,631.94293,353.39117,986.8637,986.74805,1.749,0.023,0.630,0.079884,0.411669,0.053944,-0.906221,img_160.jpg
34415,1280,720,631.94293,353.39117,986.8637,986.74805,1.784,0.023,0.648,0.074663,0.419546,0.061444,-0.902569,img_161.jpg
34497,1280,720,631.94293,353.39117,986.8637,986.74805,1.808,0.022,0.662,0.071916,0.425177,0.064254,-0.899958,img_162.jpg
34563,1280,720,631.94293,353.39117,986.8637,986.74805,1.831,0.022,0.679,0.067094,0.426687,0.067200,-0.899400,img_163.jpg
34627,1280,720,631.94293,353.39117,986.8637,986.74805,1.855,0.021,0.697,0.064055,0.426750,0.068138,-0.899522,img_164.jpg
34698,1280,720,631.94293,353.39117,986.8637,986.74805,1.878,0.021,0.718,0.060961,0.424222,0.067342,-0.900991,img_165.jpg
34769,1280,720,631.94293,353.39117,986.8637,986.74805,1.900,0.023,0.740,0.058415,0.421623,0.061041,-0.902827,img_166.jpg
34836,1280,720,631.94293,353.39117,986.8637,986.74805,1.922,0.025,0.765,0.057900,0.419305,0.056785,-0.904216,img_167.jpg
34902,1280,720,631.94293,353.39117,986.8637,986.74805,1.947,0.029,0.787,0.058364,0.417150,0.057199,-0.905156,img_168.jpg
34971,1280,720,631.94293,353.39117,986.8637,986.74805,1.970,0.038,0.811,0.057360,0.414969,0.054635,-0.906380,img_169.jpg
35037,1280,720,631.94293,353.39117,986.8637,986.74805,1.989,0.041,0.835,0.055902,0.414878,0.050555,-0.906750,img_170.jpg
35105,1280,720,631.94293,353.39117,986.8637,986.74805,2.012,0.043,0.853,0.056250,0.415819,0.049093,-0.906378,img_171.jpg
35173,1280,720,631.94293,353.39117,986.8637,986.74805,2.026,0.045,0.882,0.055970,0.416043,0.051280,-0.906171,img_172.jpg
35242,1280,720,631.94293,353.39117,986.8637,986.74805,2.049,0.045,0.912,0.053277,0.417816,0.050914,-0.905538,img_173.jpg
35334,1280,720,631.94293,353.39117,986.8637,986.74805,2.062,0.046,0.929,0.052737,0.420055,0.052252,-0.904457,img_174.jpg
35405,1280,720,631.94293,353.39117,986.8637,986.74805,2.076,0.045,0.946,0.051330,0.422724,0.053376,-0.903228,img_175.jpg
35476,1280,720,631.94293,353.39117,986.8637,986.74805,2.089,0.045,0.963,0.049177,0.425979,0.052735,-0.901855,img_176.jpg
35564,1280,720,631.94293,353.39117,986.8637,986.74805,2.109,0.045,0.984,0.043410,0.430197,0.053613,-0.900096,img_177.jpg,marker_4.jpg,0.26787975,0.26787975,2.741,-0.064,0.543,-0.675627,0.234000,-0.238134,-0.238134
35629,1280,720,631.94293,353.39117,986.8637,986.74805,2.123,0.045,0.997,0.039488,0.430202,0.053139,-0.900302,img_178.jpg
35715,1280,720,631.94293,353.39117,986.8637,986.74805,2.145,0.043,1.012,0.034966,0.426352,0.056400,-0.902120,img_179.jpg
35798,1280,720,631.94293,353.39117,986.8637,986.74805,2.161,0.040,1.020,0.035765,0.424011,0.057556,-0.903119,img_180.jpg
35866,1280,720,631.94293,353.39117,986.8637,986.74805,2.176,0.037,1.026,0.036964,0.420310,0.057986,-0.904771,img_181.jpg
35933,1280,720,631.94293,353.39117,986.8637,986.74805,2.194,0.033,1.034,0.037744,0.416991,0.057528,-0.906303,img_182.jpg
36002,1280,720,631.94293,353.39117,986.8637,986.74805,2.214,0.029,1.043,0.039948,0.411911,0.056193,-0.908612,img_183.jpg,marker_4.jpg,0.27200878,0.27200878,2.755,-0.068,0.537,-0.678303,0.221377,-0.220651,-0.220651
36073,1280,720,631.94293,353.39117,986.8637,986.74805,2.240,0.029,1.054,0.041846,0.404750,0.051288,-0.912029,img_184.jpg
36148,1280,720,631.94293,353.39117,986.8637,986.74805,2.258,0.028,1.063,0.041968,0.399934,0.051324,-0.914143,img_185.jpg
36215,1280,720,631.94293,353.39117,986.8637,986.74805,2.273,0.030,1.070,0.042356,0.393833,0.050797,-0.916799,img_186.jpg
36298,1280,720,631.94293,353.39117,986.8637,986.74805,2.286,0.032,1.078,0.044271,0.388869,0.046809,-0.919037,img_187.jpg
36367,1280,720,631.94293,353.39117,986.8637,986.74805,2.298,0.035,1.085,0.042142,0.384953,0.039575,-0.921124,img_188.jpg
36438,1280,720,631.94293,353.39117,986.8637,986.74805,2.309,0.036,1.093,0.040122,0.379907,0.040862,-0.923251,img_189.jpg
36504,1280,720,631.94293,353.39117,986.8637,986.74805,2.317,0.038,1.103,0.037157,0.374600,0.045242,-0.925337,img_190.jpg
36576,1280,720,631.94293,353.39117,986.8637,986.74805,2.330,0.040,1.115,0.037326,0.366097,0.049103,-0.928530,img_191.jpg,marker_4.jpg,0.2691706,0.2691706,2.751,-0.064,0.533,-0.673325,0.237411,-0.240226,-0.240226
36665,1280,720,631.94293,353.39117,986.8637,986.74805,2.338,0.042,1.124,0.037565,0.360216,0.048508,-0.930849,img_192.jpg
36730,1280,720,631.94293,353.39117,986.8637,986.74805,2.346,0.043,1.136,0.034334,0.354322,0.048490,-0.933234,img_193.jpg
36815,1280,720,631.94293,353.39117,986.8637,986.74805,2.362,0.044,1.158,0.028507,0.347685,0.050929,-0.935793,img_194.jpg
36898,1280,720,631.94293,353.39117,986.8637,986.74805,2.376,0.042,1.176,0.029818,0.342508,0.055564,-0.937396,img_195.jpg
36964,1280,720,631.94293,353.39117,986.8637,986.74805,2.388,0.042,1.195,0.032059,0.337154,0.052998,-0.939410,img_196.jpg
37029,1280,720,631.94293,353.39117,986.8637,986.74805,2.401,0.042,1.214,0.033484,0.332474,0.047263,-0.941332,img_197.jpg
37115,1280,720,631.94293,353.39117,986.8637,986.74805,2.422,0.043,1.245,0.037263,0.323089,0.046946,-0.944469,img_198.jpg
37198,1280,720,631.94293,353.39117,986.8637,986.74805,2.434,0.044,1.266,0.040779,0.318622,0.044423,-0.945962,img_199.jpg,marker_4.jpg,0.27013293,0.27013293,2.748,-0.064,0.535,-0.671190,0.242923,-0.245045,-0.245045
37263,1280,720,631.94293,353.39117,986.8637,986.74805,2.448,0.046,1.288,0.040240,0.318034,0.038606,-0.946438,img_200.jpg
37329,1280,720,631.94293,353.39117,986.8637,986.74805,2.462,0.048,1.309,0.041849,0.316950,0.038240,-0.946747,img_201.jpg
37414,1280,720,631.94293,353.39117,986.8637,986.74805,2.482,0.050,1.341,0.043701,0.318054,0.038073,-0.946299,img_202.jpg
37497,1280,720,631.94293,353.39117,986.8637,986.74805,2.496,0.050,1.361,0.045358,0.321380,0.037544,-0.945118,img_203.jpg
37566,1280,720,631.94293,353.39117,986.8637,986.74805,2.509,0.050,1.381,0.048664,0.323848,0.039528,-0.944030,img_204.jpg
37633,1280,720,631.94293,353.39117,986.8637,986.74805,2.520,0.048,1.401,0.048156,0.329224,0.035830,-0.942342,img_205.jpg
37701,1280,720,631.94293,353.39117,986.8637,986.74805,2.534,0.048,1.419,0.049202,0.333439,0.035840,-0.940805,img_206.jpg
37771,1280,720,631.94293,353.39117,986.8637,986.74805,2.548,0.047,1.438,0.049106,0.338950,0.037283,-0.938782,img_207.jpg
37838,1280,720,631.94293,353.39117,986.8637,986.74805,2.562,0.045,1.455,0.049284,0.346783,0.039209,-0.935829,img_208.jpg
37905,1280,720,631.94293,353.39117,986.8637,986.74805,2.586,0.044,1.481,0.047271,0.360007,0.044985,-0.930665,img_209.jpg
37981,1280,720,631.94293,353.39117,986.8637,986.74805,2.603,0.041,1.496,0.048112,0.372533,0.047807,-0.925537,img_210.jpg
38064,1280,720,631.94293,353.39117,986.8637,986.74805,2.622,0.038,1.508,0.051288,0.385455,0.048786,-0.920008,img_211.jpg
38131,1280,720,631.94293,353.39117,986.8637,986.74805,2.641,0.035,1.521,0.053259,0.399214,0.050948,-0.913891,img_212.jpg
38215,1280,720,631.94293,353.39117,986.8637,986.74805,2.672,0.032,1.539,0.054307,0.417112,0.053727,-0.905639,img_213.jpg
38297,1280,720,631.94293,353.39117,986.8637,986.74805,2.692,0.032,1.551,0.053441,0.427443,0.055164,-0.900774,img_214.jpg
38364,1280,720,631.94293,353.39117,986.8637,986.74805,2.713,0.033,1.561,0.051671,0.437757,0.057121,-0.895788,img_215.jpg
38430,1280,720,631.94293,353.39117,986.8637,986.74805,2.737,0.032,1.572,0.049894,0.448285,0.056954,-0.890678,img_216.jpg
38514,1280,720,631.94293,353.39117,986.8637,986.74805,2.776,0.030,1.589,0.046826,0.467119,0.056687,-0.881132,img_217.jpg
38597,1280,720,631.94293,353.39117,986.8637,986.74805,2.807,0.029,1.598,0.044446,0.484042,0.055590,-0.872145,img_218.jpg
38664,1280,720,631.94293,353.39117,986.8637,986.74805,2.838,0.030,1.610,0.048909,0.499549,0.056953,-0.863026,img_219.jpg
38733,1280,720,631.94293,353.39117,986.8637,986.74805,2.869,0.032,1.621,0.053202,0.514762,0.056659,-0.853803,img_220.jpg
38798,1280,720,631.94293,353.39117,986.8637,986.74805,2.897,0.034,1.638,0.052476,0.531032,0.052932,-0.844067,img_221.jpg
38869,1280,720,631.94293,353.39117,986.8637,986.74805,2.939,0.037,1.656,0.048950,0.552800,0.054410,-0.830094,img_222.jpg
38947,1280,720,631.94293,353.39117,986.8637,986.74805,2.965,0.036,1.667,0.049664,0.565801,0.059627,-0.820882,img_223.jpg
39014,1280,720,631.94293,353.39117,986.8637,986.74805,2.989,0.035,1.678,0.049463,0.579723,0.060241,-0.811077,img_224.jpg
39097,1280,720,631.94293,353.39117,986.8637,986.74805,3.013,0.035,1.690,0.049190,0.592622,0.063665,-0.801452,img_225.jpg
39164,1280,720,631.94293,353.39117,986.8637,986.74805,3.039,0.032,1.701,0.048590,0.604219,0.070018,-0.792247,img_226.jpg
39228,1280,720,631.94293,353.39117,986.8637,986.74805,3.064,0.028,1.714,0.049446,0.614669,0.075737,-0.783582,img_227.jpg
39313,1280,720,631.94293,353.39117,986.8637,986.74805,3.098,0.019,1.736,0.050692,0.627888,0.077964,-0.772728,img_228.jpg
39396,1280,720,631.94293,353.39117,986.8637,986.74805,3.131,0.017,1.749,0.050805,0.634329,0.079524,-0.767282,img_229.jpg
39464,1280,720,631.94293,353.39117,986.8637,986.74805,3.156,0.014,1.765,0.050418,0.639796,0.078410,-0.762870,img_230.jpg
39529,1280,720,631.94293,353.39117,986.8637,986.74805,3.183,0.012,1.782,0.049587,0.646666,0.075208,-0.757435,img_231.jpg
39597,1280,720,631.94293,353.39117,986.8637,986.74805,3.183,0.012,1.782,0.049587,0.646666,0.075208,-0.757435,img_232.jpg
39664,1280,720,631.94293,353.39117,986.8637,986.74805,3.183,0.012,1.782,0.049587,0.646666,0.075208,-0.757435,img_233.jpg
39727,1280,720,631.94293,353.39117,986.8637,986.74805,3.183,0.012,1.782,0.049587,0.646666,0.075208,-0.757435,img_234.jpg
39813,1280,720,631.94293,353.39117,986.8637,986.74805,3.183,0.012,1.782,0.049587,0.646666,0.075208,-0.757435,img_235.jpg
39896,1280,720,631.94293,353.39117,986.8637,986.74805,3.183,0.012,1.782,0.049587,0.646666,0.075208,-0.757435,img_236.jpg
39962,1280,720,631.94293,353.39117,986.8637,986.74805,3.183,0.012,1.782,0.049587,0.646666,0.075208,-0.757435,img_237.jpg
40026,1280,720,631.94293,353.39117,986.8637,986.74805,3.183,0.012,1.782,0.049587,0.646666,0.075208,-0.757435,img_238.jpg
40113,1280,720,631.94293,353.39117,986.8637,986.74805,3.183,0.012,1.782,0.049587,0.646666,0.075208,-0.757435,img_239.jpg
40196,1280,720,631.94293,353.39117,986.8637,986.74805,3.183,0.012,1.782,0.049587,0.646666,0.075208,-0.757435,img_240.jpg
40261,1280,720,631.94293,353.39117,986.8637,986.74805,3.183,0.012,1.782,0.049587,0.646666,0.075208,-0.757435,img_241.jpg
40331,1280,720,631.94293,353.39117,986.8637,986.74805,3.183,0.012,1.782,0.049587,0.646666,0.075208,-0.757435,img_242.jpg
40396,1280,720,631.94293,353.39117,986.8637,986.74805,3.183,0.012,1.782,0.049587,0.646666,0.075208,-0.757435,img_243.jpg
40467,1280,720,631.94293,353.39117,986.8637,986.74805,3.183,0.012,1.782,0.049587,0.646666,0.075208,-0.757435,img_244.jpg
40533,1280,720,631.94293,353.39117,986.8637,986.74805,3.183,0.012,1.782,0.049587,0.646666,0.075208,-0.757435,img_245.jpg
40601,1280,720,631.94293,353.39117,986.8637,986.74805,3.183,0.012,1.782,0.049587,0.646666,0.075208,-0.757435,img_246.jpg
40670,1280,720,631.94293,353.39117,986.8637,986.74805,3.183,0.012,1.782,0.049587,0.646666,0.075208,-0.757435,img_247.jpg
40747,1280,720,631.94293,353.39117,986.8637,986.74805,3.183,0.012,1.782,0.049587,0.646666,0.075208,-0.757435,img_248.jpg
40813,1280,720,631.94293,353.39117,986.8637,986.74805,3.183,0.012,1.782,0.049587,0.646666,0.075208,-0.757435,img_249.jpg
40896,1280,720,631.94293,353.39117,986.8637,986.74805,3.183,0.012,1.782,0.049587,0.646666,0.075208,-0.757435,img_250.jpg
40961,1280,720,631.94293,353.39117,986.8637,986.74805,3.183,0.012,1.782,0.049587,0.646666,0.075208,-0.757435,img_251.jpg
41028,1280,720,631.94293,353.39117,986.8637,986.74805,3.183,0.012,1.782,0.049587,0.646666,0.075208,-0.757435,img_252.jpg
41096,1280,720,631.94293,353.39117,986.8637,986.74805,3.183,0.012,1.782,0.049587,0.646666,0.075208,-0.757435,img_253.jpg
41166,1280,720,631.94293,353.39117,986.8637,986.74805,3.183,0.012,1.782,0.049587,0.646666,0.075208,-0.757435,img_254.jpg
41235,1280,720,631.94293,353.39117,986.8637,986.74805,2.846,0.021,1.491,0.078993,0.459927,0.063198,-0.882175,img_255.jpg
41303,1280,720,631.94293,353.39117,986.8637,986.74805,2.886,0.022,1.491,0.071235,0.454864,0.064284,-0.885377,img_256.jpg
41379,1280,720,631.94293,353.39117,986.8637,986.74805,2.901,0.025,1.497,0.066250,0.448024,0.064236,-0.889247,img_257.jpg
41463,1280,720,631.94293,353.39117,986.8637,986.74805,2.925,0.026,1.499,0.063630,0.441685,0.063312,-0.892669,img_258.jpg
41529,1280,720,631.94293,353.39117,986.8637,986.74805,2.961,0.027,1.501,0.061212,0.432774,0.063799,-0.897156,img_259.jpg
41613,1280,720,631.94293,353.39117,986.8637,986.74805,3.002,0.031,1.508,0.061147,0.419444,0.063476,-0.903492,img_260.jpg
41697,1280,720,631.94293,353.39117,986.8637,986.74805,3.027,0.033,1.514,0.064947,0.410963,0.061533,-0.907252,img_261.jpg
41766,1280,720,631.94293,353.39117,986.8637,986.74805,3.065,0.035,1.519,0.067505,0.402952,0.057542,-0.910912,img_262.jpg
41833,1280,720,631.94293,353.39117,986.8637,986.74805,3.088,0.037,1.525,0.069647,0.392845,0.054216,-0.915359,img_263.jpg
41902,1280,720,631.94293,353.39117,986.8637,986.74805,3.126,0.037,1.530,0.070414,0.386325,0.051482,-0.918229,img_264.jpg
41972,1280,720,631.94293,353.39117,986.8637,986.74805,3.169,0.037,1.535,0.072902,0.380578,0.052944,-0.920349,img_265.jpg
42047,1280,720,631.94293,353.39117,986.8637,986.74805,3.191,0.038,1.536,0.072874,0.374697,0.057329,-0.922500,img_266.jpg
42113,1280,720,631.94293,353.39117,986.8637,986.74805,3.214,0.037,1.538,0.073970,0.367755,0.060026,-0.925031,img_267.jpg
42197,1280,720,631.94293,353.39117,986.8637,986.74805,3.234,0.035,1.538,0.073561,0.363709,0.059370,-0.926704,img_268.jpg
42266,1280,720,631.94293,353.39117,986.8637,986.74805,3.259,0.033,1.535,0.074266,0.357569,0.060745,-0.928945,img_269.jpg
42335,1280,720,631.94293,353.39117,986.8637,986.74805,3.292,0.029,1.527,0.074441,0.346012,0.059317,-0.933390,img_270.jpg
42415,1280,720,631.94293,353.39117,986.8637,986.74805,3.315,0.028,1.521,0.073538,0.336917,0.055794,-0.936999,img_271.jpg
42497,1280,720,631.94293,353.39117,986.8637,986.74805,3.339,0.026,1.514,0.075787,0.325665,0.055624,-0.940800,img_272.jpg
42567,1280,720,631.94293,353.39117,986.8637,986.74805,3.362,0.024,1.505,0.076429,0.319003,0.043220,-0.943678,img_273.jpg
42637,1280,720,631.94293,353.39117,986.8637,986.74805,3.389,0.025,1.496,0.080393,0.309616,0.035904,-0.946777,img_274.jpg
42708,1280,720,631.94293,353.39117,986.8637,986.74805,3.426,0.027,1.485,0.092978,0.290968,0.044332,-0.951171,img_275.jpg
42780,1280,720,631.94293,353.39117,986.8637,986.74805,3.452,0.026,1.478,0.093688,0.287617,0.040415,-0.952295,img_276.jpg
42863,1280,720,631.94293,353.39117,986.8637,986.74805,3.474,0.025,1.471,0.092152,0.281820,0.040010,-0.954193,img_277.jpg
42931,1280,720,631.94293,353.39117,986.8637,986.74805,3.496,0.023,1.467,0.091695,0.272688,0.040992,-0.956845,img_278.jpg
43001,1280,720,631.94293,353.39117,986.8637,986.74805,3.517,0.023,1.463,0.092638,0.265850,0.041128,-0.958671,img_279.jpg
43065,1280,720,631.94293,353.39117,986.8637,986.74805,3.542,0.025,1.460,0.091764,0.258206,0.042474,-0.960784,img_280.jpg
43134,1280,720,631.94293,353.39117,986.8637,986.74805,3.573,0.025,1.461,0.087346,0.245363,0.046571,-0.964364,img_281.jpg
43213,1280,720,631.94293,353.39117,986.8637,986.74805,3.591,0.025,1.465,0.084003,0.233952,0.047788,-0.967433,img_282.jpg
43280,1280,720,631.94293,353.39117,986.8637,986.74805,3.612,0.026,1.469,0.082081,0.221368,0.050973,-0.970392,img_283.jpg
43363,1280,720,631.94293,353.39117,986.8637,986.74805,3.633,0.026,1.476,0.080214,0.208039,0.051864,-0.973445,img_284.jpg
43426,1280,720,631.94293,353.39117,986.8637,986.74805,3.657,0.027,1.484,0.078656,0.196878,0.049075,-0.976035,img_285.jpg
43496,1280,720,631.94293,353.39117,986.8637,986.74805,3.680,0.030,1.493,0.079083,0.187162,0.049289,-0.977899,img_286.jpg
43567,1280,720,631.94293,353.39117,986.8637,986.74805,3.713,0.035,1.509,0.077107,0.175226,0.048409,-0.980310,img_287.jpg
43647,1280,720,631.94293,353.39117,986.8637,986.74805,3.735,0.039,1.517,0.077254,0.169091,0.044528,-0.981559,img_288.jpg
43714,1280,720,631.94293,353.39117,986.8637,986.74805,3.754,0.040,1.527,0.078030,0.164619,0.041408,-0.982394,img_289.jpg
43796,1280,720,631.94293,353.39117,986.8637,986.74805,3.772,0.042,1.537,0.079053,0.158742,0.040589,-0.983313,img_290.jpg
43859,1280,720,631.94293,353.39117,986.8637,986.74805,3.789,0.043,1.548,0.077398,0.155596,0.040486,-0.983952,img_291.jpg
43946,1280,720,631.94293,353.39117,986.8637,986.74805,3.814,0.043,1.563,0.077248,0.161594,0.043305,-0.982876,img_292.jpg
44013,1280,720,631.94293,353.39117,986.8637,986.74805,3.832,0.043,1.573,0.078620,0.169707,0.047426,-0.981208,img_293.jpg
44079,1280,720,631.94293,353.39117,986.8637,986.74805,3.847,0.043,1.585,0.077543,0.179223,0.051130,-0.979414,img_294.jpg
44163,1280,720,631.94293,353.39117,986.8637,986.74805,3.861,0.043,1.594,0.075704,0.191154,0.050685,-0.977323,img_295.jpg
44233,1280,720,631.94293,353.39117,986.8637,986.74805,3.873,0.043,1.601,0.075444,0.201272,0.050047,-0.975342,img_296.jpg
44299,1280,720,631.94293,353.39117,986.8637,986.74805,3.883,0.043,1.610,0.074388,0.210504,0.051833,-0.973380,img_297.jpg
44371,1280,720,631.94293,353.39117,986.8637,986.74805,3.896,0.044,1.619,0.071026,0.221402,0.053803,-0.971104,img_298.jpg
44446,1280,720,631.94293,353.39117,986.8637,986.74805,3.903,0.043,1.623,0.069590,0.227171,0.052756,-0.969932,img_299.jpg
44514,1280,720,631.94293,353.39117,986.8637,986.74805,3.911,0.044,1.624,0.069456,0.232395,0.054752,-0.968592,img_300.jpg
44597,1280,720,631.94293,353.39117,986.8637,986.74805,3.918,0.044,1.624,0.070104,0.236843,0.056509,-0.967366,img_301.jpg
44665,1280,720,631.94293,353.39117,986.8637,986.74805,3.923,0.044,1.624,0.070743,0.243693,0.056589,-0.965612,img_302.jpg
44733,1280,720,631.94293,353.39117,986.8637,986.74805,3.929,0.043,1.625,0.070846,0.253353,0.056759,-0.963105,img_303.jpg
44801,1280,720,631.94293,353.39117,986.8637,986.74805,3.942,0.041,1.626,0.073996,0.271929,0.058634,-0.957675,img_304.jpg
44880,1280,720,631.94293,353.39117,986.8637,986.74805,3.950,0.040,1.627,0.075598,0.285964,0.058134,-0.953483,img_305.jpg
44963,1280,720,631.94293,353.39117,986.8637,986.74805,3.960,0.039,1.629,0.076601,0.302472,0.058235,-0.948289,img_306.jpg
45028,1280,720,631.94293,353.39117,986.8637,986.74805,3.970,0.038,1.630,0.076350,0.319170,0.060544,-0.942675,img_307.jpg
45114,1280,720,631.94293,353.39117,986.8637,986.74805,3.986,0.037,1.630,0.075350,0.348347,0.067670,-0.931879,img_308.jpg
45196,1280,720,631.94293,353.39117,986.8637,986.74805,3.997,0.035,1.629,0.079219,0.374211,0.073105,-0.921057,img_309.jpg
45268,1280,720,631.94293,353.39117,986.8637,986.74805,4.015,0.030,1.630,0.087446,0.412747,0.086451,-0.902507,img_310.jpg
45346,1280,720,631.94293,353.39117,986.8637,986.74805,4.027,0.025,1.632,0.091518,0.438893,0.096458,-0.888647,img_311.jpg
45413,1280,720,631.94293,353.39117,986.8637,986.74805,4.038,0.022,1.634,0.093004,0.465877,0.101615,-0.874061,img_312.jpg
45496,1280,720,631.94293,353.39117,986.8637,986.74805,4.049,0.020,1.637,0.095159,0.495786,0.108015,-0.856431,img_313.jpg
45579,1280,720,631.94293,353.39117,986.8637,986.74805,4.066,0.015,1.646,0.097280,0.536749,0.117291,-0.829867,img_314.jpg
45663,1280,720,631.94293,353.39117,986.8637,986.74805,4.077,0.010,1.653,0.100787,0.565831,0.121062,-0.809334,img_315.jpg
45728,1280,720,631.94293,353.39117,986.8637,986.74805,4.086,0.006,1.661,0.103075,0.594288,0.125258,-0.787723,img_316.jpg
45797,1280,720,631.94293,353.39117,986.8637,986.74805,4.096,0.001,1.672,0.102816,0.621528,0.127506,-0.766077,img_317.jpg
45871,1280,720,631.94293,353.39117,986.8637,986.74805,4.106,-0.004,1.687,0.102742,0.656810,0.134604,-0.734797,img_318.jpg
45946,1280,720,631.94293,353.39117,986.8637,986.74805,4.118,-0.008,1.699,0.101295,0.677233,0.139787,-0.715231,img_319.jpg
46030,1280,720,631.94293,353.39117,986.8637,986.74805,4.120,-0.009,1.712,0.098816,0.696292,0.142332,-0.696530,img_320.jpg
46099,1280,720,631.94293,353.39117,986.8637,986.74805,4.121,-0.008,1.723,0.096595,0.714377,0.144002,-0.677937,img_321.jpg
46175,1280,720,631.94293,353.39117,986.8637,986.74805,4.121,-0.009,1.740,0.094743,0.738727,0.148523,-0.650574,img_322.jpg
46263,1280,720,631.94293,353.39117,986.8637,986.74805,4.127,-0.013,1.756,0.094376,0.753084,0.152648,-0.632974,img_323.jpg
46330,1280,720,631.94293,353.39117,986.8637,986.74805,4.128,-0.016,1.771,0.093586,0.766862,0.155150,-0.615705,img_324.jpg
46401,1280,720,631.94293,353.39117,986.8637,986.74805,4.129,-0.018,1.797,0.089721,0.785431,0.160104,-0.591113,img_325.jpg
46479,1280,720,631.94293,353.39117,986.8637,986.74805,4.130,-0.019,1.814,0.086363,0.796940,0.162981,-0.575209,img_326.jpg
46562,1280,720,631.94293,353.39117,986.8637,986.74805,4.132,-0.021,1.835,0.082794,0.806530,0.166169,-0.561287,img_327.jpg
46630,1280,720,631.94293,353.39117,986.8637,986.74805,4.133,-0.022,1.854,0.079212,0.815306,0.169201,-0.548063,img_328.jpg
46698,1280,720,631.94293,353.39117,986.8637,986.74805,4.138,-0.023,1.886,0.075340,0.825845,0.171891,-0.531749,img_329.jpg
46779,1280,720,631.94293,353.39117,986.8637,986.74805,4.141,-0.024,1.906,0.072537,0.831302,0.173694,-0.522978,img_330.jpg
46863,1280,720,631.94293,353.39117,986.8637,986.74805,4.146,-0.024,1.941,0.067558,0.838351,0.173188,-0.512454,img_331.jpg
46946,1280,720,631.94293,353.39117,986.8637,986.74805,4.149,-0.023,1.966,0.063713,0.842902,0.171445,-0.506028,img_332.jpg
47014,1280,720,631.94293,353.39117,986.8637,986.74805,4.153,-0.021,1.997,0.058972,0.846527,0.170897,-0.500708,img_333.jpg
47086,1280,720,631.94293,353.39117,986.8637,986.74805,4.155,-0.018,2.025,0.054443,0.849607,0.169199,-0.496563,img_334.jpg
47150,1280,720,631.94293,353.39117,986.8637,986.74805,4.155,-0.015,2.052,0.051436,0.852968,0.168143,-0.491455,img_335.jpg
47230,1280,720,631.94293,353.39117,986.8637,986.74805,4.156,-0.014,2.081,0.048468,0.855837,0.168663,-0.486566,img_336.jpg
47297,1280,720,631.94293,353.39117,986.8637,986.74805,4.157,-0.012,2.124,0.046558,0.859161,0.167603,-0.481231,img_337.jpg
47379,1280,720,631.94293,353.39117,986.8637,986.74805,4.159,-0.012,2.154,0.045413,0.859961,0.168784,-0.479497,img_338.jpg
47463,1280,720,631.94293,353.39117,986.8637,986.74805,4.158,-0.009,2.180,0.043201,0.860542,0.167735,-0.479027,img_339.jpg
47527,1280,720,631.94293,353.39117,986.8637,986.74805,4.157,-0.006,2.204,0.041074,0.859998,0.166927,-0.480470,img_340.jpg
47596,1280,720,631.94293,353.39117,986.8637,986.74805,4.157,0.000,2.228,0.037184,0.858467,0.162590,-0.484990,img_341.jpg
47680,1280,720,631.94293,353.39117,986.8637,986.74805,4.155,0.010,2.254,0.030540,0.858620,0.148467,-0.489691,img_342.jpg
47764,1280,720,631.94293,353.39117,986.8637,986.74805,4.155,0.016,2.271,0.027112,0.859217,0.140914,-0.491074,img_343.jpg
47840,1280,720,631.94293,353.39117,986.8637,986.74805,4.155,0.022,2.287,0.023357,0.859999,0.134218,-0.491775,img_344.jpg
47915,1280,720,631.94293,353.39117,986.8637,986.74805,4.159,0.028,2.312,0.016977,0.860712,0.129171,-0.492140,img_345.jpg
47996,1280,720,631.94293,353.39117,986.8637,986.74805,4.163,0.031,2.326,0.013801,0.861273,0.126020,-0.492074,img_346.jpg
48074,1280,720,631.94293,353.39117,986.8637,986.74805,4.167,0.034,2.343,0.012540,0.862938,0.122540,-0.490066,img_347.jpg
48163,1280,720,631.94293,353.39117,986.8637,986.74805,4.174,0.035,2.358,0.012073,0.861900,0.122345,-0.491950,img_348.jpg
48241,1280,720,631.94293,353.39117,986.8637,986.74805,4.186,0.035,2.379,0.012395,0.860233,0.116840,-0.496180,img_349.jpg
48330,1280,720,631.94293,353.39117,986.8637,986.74805,4.196,0.034,2.390,0.012236,0.858245,0.114228,-0.500218,img_350.jpg
48400,1280,720,631.94293,353.39117,986.8637,986.74805,4.210,0.033,2.406,0.014415,0.855785,0.111675,-0.504928,img_351.jpg
48480,1280,720,631.94293,353.39117,986.8637,986.74805,4.233,0.034,2.433,0.021536,0.851558,0.105984,-0.512984,img_352.jpg
48564,1280,720,631.94293,353.39117,986.8637,986.74805,4.247,0.035,2.451,0.026421,0.848344,0.104334,-0.518391,img_353.jpg,marker_6.jpg,0.29008114,0.29008114,4.999,-0.084,2.913,-0.530677,0.465445,-0.474893,-0.474893
48644,1280,720,631.94293,353.39117,986.8637,986.74805,4.269,0.035,2.475,0.032207,0.845372,0.102728,-0.523218,img_354.jpg
48730,1280,720,631.94293,353.39117,986.8637,986.74805,4.283,0.035,2.491,0.035089,0.843654,0.104003,-0.525548,img_355.jpg
48800,1280,720,631.94293,353.39117,986.8637,986.74805,4.293,0.036,2.505,0.037902,0.843941,0.097233,-0.526187,img_356.jpg
48897,1280,720,631.94293,353.39117,986.8637,986.74805,4.302,0.039,2.520,0.033416,0.842587,0.092088,-0.529576,img_357.jpg
48965,1280,720,631.94293,353.39117,986.8637,986.74805,4.305,0.044,2.528,0.030391,0.842411,0.085370,-0.531160,img_358.jpg
49046,1280,720,631.94293,353.39117,986.8637,986.74805,4.309,0.050,2.545,0.024549,0.838392,0.072941,-0.539607,img_359.jpg
49131,1280,720,631.94293,353.39117,986.8637,986.74805,4.311,0.055,2.558,0.021747,0.835746,0.069000,-0.544329,img_360.jpg
49210,1280,720,631.94293,353.39117,986.8637,986.74805,4.309,0.060,2.576,0.016252,0.830520,0.063125,-0.553162,img_361.jpg,marker_6.jpg,0.28038204,0.28038204,4.985,-0.083,2.906,-0.516671,0.477756,-0.489755,-0.489755
49296,1280,720,631.94293,353.39117,986.8637,986.74805,4.305,0.062,2.589,0.011343,0.826236,0.061503,-0.559841,img_362.jpg
49367,1280,720,631.94293,353.39117,986.8637,986.74805,4.295,0.067,2.609,0.004437,0.818791,0.053717,-0.571556,img_363.jpg
49462,1280,720,631.94293,353.39117,986.8637,986.74805,4.287,0.069,2.626,0.001649,0.814534,0.048225,-0.578105,img_364.jpg
49530,1280,720,631.94293,353.39117,986.8637,986.74805,4.278,0.072,2.648,-0.000801,0.811245,0.043580,-0.583079,img_365.jpg
49603,1280,720,631.94293,353.39117,986.8637,986.74805,4.260,0.076,2.678,-0.002055,0.807116,0.043523,-0.588783,img_366.jpg
49698,1280,720,631.94293,353.39117,986.8637,986.74805,4.247,0.076,2.698,0.000398,0.805315,0.045203,-0.591121,img_367.jpg
49765,1280,720,631.94293,353.39117,986.8637,986.74805,4.228,0.074,2.728,0.004555,0.801967,0.050148,-0.595242,img_368.jpg
49863,1280,720,631.94293,353.39117,986.8637,986.74805,4.214,0.072,2.748,0.005725,0.799236,0.052429,-0.598699,img_369.jpg,marker_6.jpg,0.27783617,0.27783617,4.977,-0.081,2.902,-0.510389,0.489341,-0.490540,-0.490540
49934,1280,720,631.94293,353.39117,986.8637,986.74805,4.193,0.068,2.777,0.009732,0.797074,0.059634,-0.600851,img_370.jpg
50013,1280,720,631.94293,353.39117,986.8637,986.74805,4.178,0.064,2.796,0.013029,0.797856,0.065609,-0.599126,img_371.jpg
50096,1280,720,631.94293,353.39117,986.8637,986.74805,4.162,0.058,2.829,0.018567,0.803167,0.080178,-0.590042,img_372.jpg
50179,1280,720,631.94293,353.39117,986.8637,986.74805,4.152,0.054,2.851,0.020811,0.809107,0.084932,-0.581119,img_373.jpg
50262,1280,720,631.94293,353.39117,986.8637,986.74805,4.143,0.050,2.871,0.020037,0.816577,0.089074,-0.569971,img_374.jpg
50333,1280,720,631.94293,353.39117,986.8637,986.74805,4.136,0.046,2.907,0.018573,0.827046,0.094058,-0.553899,img_375.jpg
50414,1280,720,631.94293,353.39117,986.8637,986.74805,4.129,0.044,2.925,0.018053,0.833993,0.097656,-0.542765,img_376.jpg
50496,1280,720,631.94293,353.39117,986.8637,986.74805,4.125,0.041,2.954,0.016047,0.843431,0.101441,-0.527329,img_377.jpg
50579,1280,720,631.94293,353.39117,986.8637,986.74805,4.124,0.039,2.973,0.015348,0.848850,0.105051,-0.517864,img_378.jpg
50662,1280,720,631.94293,353.39117,986.8637,986.74805,4.124,0.035,3.002,0.016105,0.857273,0.106475,-0.503475,img_379.jpg
50746,1280,720,631.94293,353.39117,986.8637,986.74805,4.132,0.037,3.022,0.018766,0.862130,0.107937,-0.494701,img_380.jpg
50831,1280,720,631.94293,353.39117,986.8637,986.74805,4.138,0.038,3.043,0.019932,0.867699,0.106623,-0.485112,img_381.jpg
50907,1280,720,631.94293,353.39117,986.8637,986.74805,4.145,0.041,3.079,0.022232,0.877877,0.100698,-0.467652,img_382.jpg
50996,1280,720,631.94293,353.39117,986.8637,986.74805,4.149,0.045,3.105,0.025509,0.884161,0.097217,-0.456243,img_383.jpg
51077,1280,720,631.94293,353.39117,986.8637,986.74805,4.161,0.048,3.148,0.030228,0.892912,0.092850,-0.439514,img_384.jpg
51162,1280,720,631.94293,353.39117,986.8637,986.74805,4.175,0.050,3.194,0.031113,0.902367,0.093219,-0.419615,img_385.jpg
51248,1280,720,631.94293,353.39117,986.8637,986.74805,4.183,0.050,3.227,0.033145,0.909962,0.094691,-0.402373,img_386.jpg
51315,1280,720,631.94293,353.39117,986.8637,986.74805,4.193,0.046,3.263,0.031574,0.917863,0.096167,-0.383775,img_387.jpg
51382,1280,720,631.94293,353.39117,986.8637,986.74805,4.197,0.043,3.298,0.026422,0.924932,0.098001,-0.366330,img_388.jpg
51453,1280,720,631.94293,353.39117,986.8637,986.74805,4.201,0.041,3.330,0.021849,0.930718,0.103317,-0.350161,img_389.jpg
51519,1280,720,631.94293,353.39117,986.8637,986.74805,4.205,0.040,3.363,0.019001,0.935254,0.107791,-0.336629,img_390.jpg
51596,1280,720,631.94293,353.39117,986.8637,986.74805,4.208,0.038,3.408,0.013425,0.941489,0.111927,-0.317634,img_391.jpg
51679,1280,720,631.94293,353.39117,986.8637,986.74805,4.207,0.039,3.434,0.007569,0.943944,0.114410,-0.309553,img_392.jpg
51747,1280,720,631.94293,353.39117,986.8637,986.74805,4.209,0.036,3.465,0.005370,0.945917,0.115789,-0.302993,img_393.jpg
51828,1280,720,631.94293,353.39117,986.8637,986.74805,4.212,0.033,3.496,0.005170,0.947104,0.118245,-0.298304,img_394.jpg
51910,1280,720,631.94293,353.39117,986.8637,986.74805,4.212,0.029,3.546,0.004343,0.947992,0.119592,-0.294941,img_395.jpg
52015,1280,720,631.94293,353.39117,986.8637,986.74805,4.208,0.028,3.596,0.004163,0.948695,0.116008,-0.294114,img_396.jpg
52112,1280,720,631.94293,353.39117,986.8637,986.74805,4.204,0.030,3.646,0.006711,0.948504,0.113617,-0.295612,img_397.jpg
52196,1280,720,631.94293,353.39117,986.8637,986.74805,4.198,0.035,3.702,0.007211,0.948182,0.117686,-0.295041,img_398.jpg
52278,1280,720,631.94293,353.39117,986.8637,986.74805,4.193,0.037,3.735,0.009615,0.947910,0.119181,-0.295247,img_399.jpg
52349,1280,720,631.94293,353.39117,986.8637,986.74805,4.191,0.037,3.771,0.013311,0.947717,0.117506,-0.296391,img_400.jpg
52462,1280,720,631.94293,353.39117,986.8637,986.74805,4.187,0.034,3.833,0.010847,0.948360,0.121650,-0.292740,img_401.jpg
52546,1280,720,631.94293,353.39117,986.8637,986.74805,4.186,0.031,3.872,0.006673,0.947600,0.127097,-0.293013,img_402.jpg
52630,1280,720,631.94293,353.39117,986.8637,986.74805,4.186,0.027,3.908,0.007955,0.947556,0.131805,-0.291036,img_403.jpg
52727,1280,720,631.94293,353.39117,986.8637,986.74805,4.192,0.016,3.972,0.007457,0.947949,0.137424,-0.287144,img_404.jpg
52813,1280,720,631.94293,353.39117,986.8637,986.74805,4.196,0.010,4.008,0.006735,0.948820,0.139123,-0.283445,img_405.jpg
52890,1280,720,631.94293,353.39117,986.8637,986.74805,4.201,0.007,4.047,0.007550,0.949780,0.139074,-0.280212,img_406.jpg
52961,1280,720,631.94293,353.39117,986.8637,986.74805,4.213,0.000,4.106,0.013568,0.951834,0.135791,-0.274570,img_407.jpg
53048,1280,720,631.94293,353.39117,986.8637,986.74805,4.220,0.002,4.146,0.021320,0.953307,0.130454,-0.271537,img_408.jpg
53121,1280,720,631.94293,353.39117,986.8637,986.74805,4.229,0.004,4.186,0.024411,0.952964,0.136015,-0.269749,img_409.jpg
53193,1280,720,631.94293,353.39117,986.8637,986.74805,4.234,0.008,4.226,0.022876,0.953318,0.141328,-0.265872,img_410.jpg
53279,1280,720,631.94293,353.39117,986.8637,986.74805,4.241,0.008,4.282,0.015790,0.955477,0.140898,-0.258771,img_411.jpg
53355,1280,720,631.94293,353.39117,986.8637,986.74805,4.245,0.005,4.317,0.014262,0.956494,0.146773,-0.251740,img_412.jpg
53446,1280,720,631.94293,353.39117,986.8637,986.74805,4.246,0.003,4.368,0.013923,0.958009,0.149132,-0.244509,img_413.jpg
53529,1280,720,631.94293,353.39117,986.8637,986.74805,4.245,0.001,4.420,0.007864,0.958415,0.150998,-0.242032,img_414.jpg
53614,1280,720,631.94293,353.39117,986.8637,986.74805,4.242,0.001,4.453,0.006770,0.958978,0.148948,-0.241100,img_415.jpg
53696,1280,720,631.94293,353.39117,986.8637,986.74805,4.233,0.004,4.505,0.001350,0.959071,0.143599,-0.244050,img_416.jpg
53779,1280,720,631.94293,353.39117,986.8637,986.74805,4.227,0.007,4.546,-0.003070,0.958748,0.137979,-0.248506,img_417.jpg
53863,1280,720,631.94293,353.39117,986.8637,986.74805,4.213,0.012,4.606,-0.006521,0.957920,0.128326,-0.256671,img_418.jpg
53946,1280,720,631.94293,353.39117,986.8637,986.74805,4.202,0.017,4.649,-0.010811,0.956009,0.126627,-0.264378,img_419.jpg
54032,1280,720,631.94293,353.39117,986.8637,986.74805,4.183,0.028,4.707,-0.011827,0.952791,0.128963,-0.274625,img_420.jpg
54112,1280,720,631.94293,353.39117,986.8637,986.74805,4.168,0.034,4.738,-0.006429,0.952366,0.122910,-0.279019,img_421.jpg
54185,1280,720,631.94293,353.39117,986.8637,986.74805,4.156,0.037,4.768,-0.003205,0.950778,0.119095,-0.286055,img_422.jpg
54279,1280,720,631.94293,353.39117,986.8637,986.74805,4.145,0.039,4.811,0.002145,0.950812,0.116637,-0.286964,img_423.jpg
54363,1280,720,631.94293,353.39117,986.8637,986.74805,4.138,0.041,4.841,0.001190,0.949778,0.118337,-0.289684,img_424.jpg
54438,1280,720,631.94293,353.39117,986.8637,986.74805,4.129,0.042,4.885,0.001732,0.948053,0.116891,-0.295852,img_425.jpg
54529,1280,720,631.94293,353.39117,986.8637,986.74805,4.124,0.041,4.931,0.001086,0.946811,0.112243,-0.301579,img_426.jpg
54614,1280,720,631.94293,353.39117,986.8637,986.74805,4.121,0.038,4.964,0.000552,0.945309,0.113565,-0.305768,img_427.jpg
54691,1280,720,631.94293,353.39117,986.8637,986.74805,4.119,0.034,5.021,0.006372,0.943992,0.112503,-0.310131,img_428.jpg
54779,1280,720,631.94293,353.39117,986.8637,986.74805,4.119,0.031,5.060,0.010529,0.942844,0.109889,-0.314417,img_429.jpg
54862,1280,720,631.94293,353.39117,986.8637,986.74805,4.123,0.030,5.102,0.016494,0.941537,0.107689,-0.318810,img_430.jpg
54935,1280,720,631.94293,353.39117,986.8637,986.74805,4.128,0.030,5.166,0.026505,0.937664,0.111625,-0.328060,img_431.jpg
55015,1280,720,631.94293,353.39117,986.8637,986.74805,4.132,0.035,5.204,0.028603,0.936594,0.114088,-0.330087,img_432.jpg
55095,1280,720,631.94293,353.39117,986.8637,986.74805,4.134,0.038,5.263,0.019892,0.935218,0.113809,-0.334693,img_433.jpg
55179,1280,720,631.94293,353.39117,986.8637,986.74805,4.135,0.039,5.300,0.013886,0.932952,0.121781,-0.338494,img_434.jpg
55262,1280,720,631.94293,353.39117,986.8637,986.74805,4.136,0.039,5.352,0.011665,0.931847,0.116524,-0.343434,img_435.jpg
55346,1280,720,631.94293,353.39117,986.8637,986.74805,4.133,0.037,5.385,0.006561,0.929003,0.121094,-0.349638,img_436.jpg
55429,1280,720,631.94293,353.39117,986.8637,986.74805,4.133,0.034,5.439,0.009071,0.925204,0.115970,-0.361200,img_437.jpg
55512,1280,720,631.94293,353.39117,986.8637,986.74805,4.132,0.032,5.475,0.008152,0.921779,0.111600,-0.371217,img_438.jpg
55596,1280,720,631.94293,353.39117,986.8637,986.74805,4.128,0.032,5.535,0.006585,0.915363,0.106939,-0.388113,img_439.jpg
55679,1280,720,631.94293,353.39117,986.8637,986.74805,4.124,0.034,5.576,0.007920,0.911202,0.100254,-0.399498,img_440.jpg
55752,1280,720,631.94293,353.39117,986.8637,986.74805,4.118,0.038,5.623,0.007845,0.906368,0.098622,-0.410743,img_441.jpg
55829,1280,720,631.94293,353.39117,986.8637,986.74805,4.107,0.045,5.688,0.007363,0.900957,0.100192,-0.422119,img_442.jpg
55913,1280,720,631.94293,353.39117,986.8637,986.74805,4.100,0.049,5.728,0.011281,0.898913,0.099371,-0.426560,img_443.jpg
55986,1280,720,631.94293,353.39117,986.8637,986.74805,4.092,0.052,5.762,0.013581,0.897158,0.094222,-0.431330,img_444.jpg
56081,1280,720,631.94293,353.39117,986.8637,986.74805,4.087,0.054,5.812,0.011101,0.895788,0.099656,-0.433025,img_445.jpg
56155,1280,720,631.94293,353.39117,986.8637,986.74805,4.087,0.054,5.846,0.008029,0.893774,0.103652,-0.436304,img_446.jpg
56239,1280,720,631.94293,353.39117,986.8637,986.74805,4.092,0.051,5.896,0.009781,0.893378,0.105900,-0.436539,img_447.jpg
56331,1280,720,631.94293,353.39117,986.8637,986.74805,4.103,0.046,5.949,0.007174,0.892720,0.106911,-0.437686,img_448.jpg
56417,1280,720,631.94293,353.39117,986.8637,986.74805,4.112,0.043,5.982,0.007079,0.892185,0.107335,-0.438673,img_449.jpg
56490,1280,720,631.94293,353.39117,986.8637,986.74805,4.126,0.040,6.014,0.012155,0.891775,0.103912,-0.440217,img_450.jpg
56559,1280,720,631.94293,353.39117,986.8637,986.74805,4.149,0.035,6.064,0.022386,0.890967,0.094188,-0.443627,img_451.jpg
56645,1280,720,631.94293,353.39117,986.8637,986.74805,4.167,0.034,6.097,0.030405,0.891135,0.088144,-0.444055,img_452.jpg
56712,1280,720,631.94293,353.39117,986.8637,986.74805,4.186,0.033,6.132,0.035334,0.889641,0.097618,-0.444704,img_453.jpg
56780,1280,720,631.94293,353.39117,986.8637,986.74805,4.202,0.036,6.164,0.040662,0.891722,0.092731,-0.441112,img_454.jpg
56856,1280,720,631.94293,353.39117,986.8637,986.74805,4.214,0.037,6.193,0.038821,0.892678,0.089765,-0.439955,img_455.jpg
56924,1280,720,631.94293,353.39117,986.8637,986.74805,4.225,0.038,6.222,0.032210,0.890536,0.095417,-0.443625,img_456.jpg
56995,1280,720,631.94293,353.39117,986.8637,986.74805,4.245,0.039,6.261,0.030534,0.886750,0.098813,-0.450531,img_457.jpg
57079,1280,720,631.94293,353.39117,986.8637,986.74805,4.253,0.038,6.286,0.025897,0.883396,0.101957,-0.456667,img_458.jpg
57163,1280,720,631.94293,353.39117,986.8637,986.74805,4.266,0.035,6.324,0.023928,0.878440,0.106008,-0.465331,img_459.jpg
57245,1280,720,631.94293,353.39117,986.8637,986.74805,4.272,0.033,6.351,0.022316,0.873961,0.106390,-0.473683,img_460.jpg
57316,1280,720,631.94293,353.39117,986.8637,986.74805,4.277,0.033,6.381,0.018018,0.869208,0.104911,-0.482853,img_461.jpg
57387,1280,720,631.94293,353.39117,986.8637,986.74805,4.281,0.035,6.410,0.013999,0.864205,0.101506,-0.492595,img_462.jpg
57472,1280,720,631.94293,353.39117,986.8637,986.74805,4.284,0.036,6.460,0.012011,0.855841,0.100042,-0.507329,img_463.jpg
57563,1280,720,631.94293,353.39117,986.8637,986.74805,4.286,0.040,6.512,0.010408,0.846841,0.102160,-0.521838,img_464.jpg
57646,1280,720,631.94293,353.39117,986.8637,986.74805,4.285,0.043,6.548,0.010468,0.841595,0.104507,-0.529799,img_465.jpg
57730,1280,720,631.94293,353.39117,986.8637,986.74805,4.279,0.048,6.596,0.013767,0.836041,0.102757,-0.538783,img_466.jpg
57816,1280,720,631.94293,353.39117,986.8637,986.74805,4.278,0.049,6.625,0.016986,0.831901,0.103948,-0.544837,img_467.jpg
57900,1280,720,631.94293,353.39117,986.8637,986.74805,4.276,0.048,6.660,0.017016,0.826535,0.102802,-0.553157,img_468.jpg
57996,1280,720,631.94293,353.39117,986.8637,986.74805,4.278,0.047,6.690,0.013999,0.821171,0.110822,-0.559643,img_469.jpg
58080,1280,720,631.94293,353.39117,986.8637,986.74805,4.278,0.045,6.707,0.015026,0.818995,0.111133,-0.562736,img_470.jpg
58159,1280,720,631.94293,353.39117,986.8637,986.74805,4.279,0.043,6.723,0.015511,0.817384,0.110421,-0.565199,img_471.jpg
58248,1280,720,631.94293,353.39117,986.8637,986.74805,4.287,0.039,6.752,0.013218,0.816000,0.116629,-0.566009,img_472.jpg,marker_7.png,0.28534028,0.28534028,5.147,-0.101,6.992,-0.510600,0.495256,-0.487466,-0.487466
58325,1280,720,631.94293,353.39117,986.8637,986.74805,4.293,0.036,6.770,0.012549,0.816637,0.120534,-0.564286,img_473.jpg
58402,1280,720,631.94293,353.39117,986.8637,986.74805,4.305,0.031,6.803,0.015779,0.823258,0.122534,-0.554061,img_474.jpg
58497,1280,720,631.94293,353.39117,986.8637,986.74805,4.318,0.026,6.843,0.018080,0.835971,0.123059,-0.534493,img_475.jpg
58579,1280,720,631.94293,353.39117,986.8637,986.74805,4.328,0.023,6.870,0.021745,0.846767,0.119343,-0.517949,img_476.jpg
58653,1280,720,631.94293,353.39117,986.8637,986.74805,4.338,0.021,6.900,0.026948,0.857964,0.114726,-0.500010,img_477.jpg
58729,1280,720,631.94293,353.39117,986.8637,986.74805,4.355,0.022,6.949,0.031028,0.876602,0.111235,-0.467155,img_478.jpg
58814,1280,720,631.94293,353.39117,986.8637,986.74805,4.364,0.026,6.981,0.032091,0.888098,0.111620,-0.444739,img_479.jpg
58891,1280,720,631.94293,353.39117,986.8637,986.74805,4.372,0.029,7.013,0.030450,0.900040,0.110564,-0.420449,img_480.jpg
58973,1280,720,631.94293,353.39117,986.8637,986.74805,4.383,0.034,7.058,0.027331,0.915863,0.111207,-0.384814,img_481.jpg
59061,1280,720,631.94293,353.39117,986.8637,986.74805,4.389,0.034,7.087,0.027706,0.925557,0.111962,-0.360611,img_482.jpg
59147,1280,720,631.94293,353.39117,986.8637,986.74805,4.390,0.032,7.129,0.025278,0.938765,0.112127,-0.324822,img_483.jpg
59228,1280,720,631.94293,353.39117,986.8637,986.74805,4.391,0.032,7.159,0.022251,0.945354,0.117239,-0.303424,img_484.jpg
59315,1280,720,631.94293,353.39117,986.8637,986.74805,4.392,0.030,7.200,0.020645,0.953867,0.121423,-0.273803,img_485.jpg
59397,1280,720,631.94293,353.39117,986.8637,986.74805,4.390,0.028,7.227,0.018529,0.959302,0.120975,-0.254484,img_486.jpg
59477,1280,720,631.94293,353.39117,986.8637,986.74805,4.383,0.026,7.269,0.015115,0.964673,0.127044,-0.230299,img_487.jpg
59555,1280,720,631.94293,353.39117,986.8637,986.74805,4.377,0.025,7.297,0.011775,0.967470,0.128077,-0.217851,img_488.jpg
59632,1280,720,631.94293,353.39117,986.8637,986.74805,4.366,0.025,7.339,0.006588,0.971102,0.123718,-0.203988,img_489.jpg
59714,1280,720,631.94293,353.39117,986.8637,986.74805,4.354,0.025,7.366,0.004369,0.973941,0.116392,-0.194609,img_490.jpg
59796,1280,720,631.94293,353.39117,986.8637,986.74805,4.336,0.026,7.411,-0.000593,0.977005,0.109512,-0.182941,img_491.jpg
59879,1280,720,631.94293,353.39117,986.8637,986.74805,4.320,0.029,7.440,-0.002221,0.978918,0.105826,-0.174687,img_492.jpg
59957,1280,720,631.94293,353.39117,986.8637,986.74805,4.296,0.034,7.484,-0.005655,0.981938,0.103933,-0.158000,img_493.jpg
60045,1280,720,631.94293,353.39117,986.8637,986.74805,4.278,0.038,7.512,-0.008618,0.983249,0.103077,-0.150073,img_494.jpg
60117,1280,720,631.94293,353.39117,986.8637,986.74805,4.261,0.043,7.538,-0.009731,0.984745,0.101415,-0.141061,img_495.jpg
60198,1280,720,631.94293,353.39117,986.8637,986.74805,4.238,0.045,7.574,-0.008190,0.987175,0.096290,-0.127074,img_496.jpg
60279,1280,720,631.94293,353.39117,986.8637,986.74805,4.224,0.044,7.596,-0.011669,0.988127,0.099299,-0.116659,img_497.jpg
60355,1280,720,631.94293,353.39117,986.8637,986.74805,4.210,0.045,7.615,-0.016075,0.988802,0.102662,-0.107112,img_498.jpg
60445,1280,720,631.94293,353.39117,986.8637,986.74805,4.191,0.045,7.641,-0.015900,0.990549,0.101332,-0.091061,img_499.jpg
60517,1280,720,631.94293,353.39117,986.8637,986.74805,4.178,0.045,7.666,-0.017335,0.991566,0.101166,-0.079133,img_500.jpg
60595,1280,720,631.94293,353.39117,986.8637,986.74805,4.160,0.045,7.698,-0.020635,0.992697,0.100339,-0.063712,img_501.jpg
60679,1280,720,631.94293,353.39117,986.8637,986.74805,4.149,0.045,7.721,-0.022691,0.993180,0.100221,-0.055081,img_502.jpg
60759,1280,720,631.94293,353.39117,986.8637,986.74805,4.136,0.046,7.750,-0.020621,0.994635,0.093236,-0.039779,img_503.jpg
60845,1280,720,631.94293,353.39117,986.8637,986.74805,4.129,0.048,7.770,-0.020477,0.995176,0.090352,-0.032270,img_504.jpg
60919,1280,720,631.94293,353.39117,986.8637,986.74805,4.122,0.051,7.791,-0.018302,0.995789,0.086004,-0.025924,img_505.jpg
60992,1280,720,631.94293,353.39117,986.8637,986.74805,4.112,0.055,7.820,-0.019239,0.996479,0.079777,-0.017170,img_506.jpg
61079,1280,720,631.94293,353.39117,986.8637,986.74805,4.104,0.056,7.841,-0.022781,0.996499,0.079707,-0.010824,img_507.jpg
61160,1280,720,631.94293,353.39117,986.8637,986.74805,4.097,0.056,7.869,-0.022931,0.996494,0.080428,-0.002228,img_508.jpg
61281,1280,720,631.94293,353.39117,986.8637,986.74805,4.091,0.057,7.890,-0.023003,0.996384,0.081658,0.004650,img_509.jpg
61364,1280,720,631.94293,353.39117,986.8637,986.74805,4.088,0.058,7.911,0.020270,-0.996293,-0.083070,-0.009374,img_510.jpg
61445,1280,720,631.94293,353.39117,986.8637,986.74805,4.086,0.058,7.925,0.020413,-0.996172,-0.083988,-0.013029,img_511.jpg
61517,1280,720,631.94293,353.39117,986.8637,986.74805,4.083,0.059,7.933,0.021750,-0.996079,-0.084558,-0.014236,img_512.jpg
61589,1280,720,631.94293,353.39117,986.8637,986.74805,4.080,0.058,7.945,0.020153,-0.995897,-0.087404,-0.012009,img_513.jpg
61679,1280,720,631.94293,353.39117,986.8637,986.74805,4.076,0.058,7.951,-0.017600,0.995897,0.088412,0.007929,img_514.jpg
61756,1280,720,631.94293,353.39117,986.8637,986.74805,4.065,0.054,7.961,-0.018850,0.995547,0.092365,0.000048,img_515.jpg
61847,1280,720,631.94293,353.39117,986.8637,986.74805,4.054,0.051,7.964,-0.019465,0.995238,0.095344,-0.005699,img_516.jpg
61923,1280,720,631.94293,353.39117,986.8637,986.74805,4.038,0.049,7.963,-0.020552,0.994883,0.098416,-0.009950,img_517.jpg
62015,1280,720,631.94293,353.39117,986.8637,986.74805,4.009,0.046,7.959,-0.021566,0.994633,0.098853,-0.021632,img_518.jpg
62095,1280,720,631.94293,353.39117,986.8637,986.74805,3.976,0.047,7.953,-0.021625,0.994154,0.099718,-0.035303,img_519.jpg,marker_8.jpg,0.27370247,0.27370247,4.075,-0.091,8.719,-0.002962,0.691919,-0.721944,-0.721944
62179,1280,720,631.94293,353.39117,986.8637,986.74805,3.954,0.049,7.945,-0.020066,0.994155,0.096825,-0.043331,img_520.jpg
62256,1280,720,631.94293,353.39117,986.8637,986.74805,3.914,0.053,7.933,-0.022184,0.994205,0.092552,-0.049979,img_521.jpg
62347,1280,720,631.94293,353.39117,986.8637,986.74805,3.885,0.053,7.926,-0.024025,0.994146,0.092944,-0.049579,img_522.jpg
62423,1280,720,631.94293,353.39117,986.8637,986.74805,3.856,0.053,7.921,-0.023732,0.994022,0.094845,-0.048605,img_523.jpg,marker_8.jpg,0.2789501,0.2789501,4.075,-0.094,8.722,0.001753,0.703426,-0.710765,-0.710765
62500,1280,720,631.94293,353.39117,986.8637,986.74805,3.813,0.053,7.910,-0.023007,0.994195,0.095342,-0.044244,img_524.jpg
62579,1280,720,631.94293,353.39117,986.8637,986.74805,3.782,0.051,7.906,-0.023050,0.994485,0.095563,-0.036562,img_525.jpg
62663,1280,720,631.94293,353.39117,986.8637,986.74805,3.741,0.049,7.897,-0.029194,0.994840,0.094969,-0.020518,img_526.jpg
62744,1280,720,631.94293,353.39117,986.8637,986.74805,3.714,0.048,7.895,-0.035760,0.994734,0.095618,-0.009099,img_527.jpg
62832,1280,720,631.94293,353.39117,986.8637,986.74805,3.679,0.048,7.892,0.039410,-0.994875,-0.092731,-0.008479,img_528.jpg
62931,1280,720,631.94293,353.39117,986.8637,986.74805,3.643,0.047,7.893,0.045667,-0.994492,-0.090151,-0.027806,img_529.jpg
63014,1280,720,631.94293,353.39117,986.8637,986.74805,3.618,0.045,7.897,0.050258,-0.993645,-0.091306,-0.042518,img_530.jpg
63089,1280,720,631.94293,353.39117,986.8637,986.74805,3.579,0.039,7.905,0.052158,-0.992232,-0.091991,-0.065513,img_531.jpg
63179,1280,720,631.94293,353.39117,986.8637,986.74805,3.551,0.036,7.912,0.052383,-0.990823,-0.093949,-0.081852,img_532.jpg
63255,1280,720,631.94293,353.39117,986.8637,986.74805,3.508,0.030,7.929,0.047544,-0.988883,-0.094940,-0.104100,img_533.jpg
63344,1280,720,631.94293,353.39117,986.8637,986.74805,3.479,0.028,7.941,0.040096,-0.987837,-0.094268,-0.116976,img_534.jpg
63417,1280,720,631.94293,353.39117,986.8637,986.74805,3.451,0.028,7.955,0.037301,-0.987327,-0.095794,-0.120903,img_535.jpg
63495,1280,720,631.94293,353.39117,986.8637,986.74805,3.418,0.026,7.976,0.032271,-0.986926,-0.104362,-0.118510,img_536.jpg
63579,1280,720,631.94293,353.39117,986.8637,986.74805,3.397,0.027,7.987,0.028825,-0.987193,-0.101745,-0.119442,img_537.jpg
63660,1280,720,631.94293,353.39117,986.8637,986.74805,3.358,0.030,8.004,0.035526,-0.984560,-0.103825,-0.136381,img_538.jpg
63746,1280,720,631.94293,353.39117,986.8637,986.74805,3.330,0.030,8.011,0.036897,-0.982100,-0.105167,-0.151853,img_539.jpg
63821,1280,720,631.94293,353.39117,986.8637,986.74805,3.301,0.030,8.018,0.043804,-0.979798,-0.111099,-0.160420,img_540.jpg
63896,1280,720,631.94293,353.39117,986.8637,986.74805,3.260,0.030,8.024,0.048091,-0.977131,-0.106947,-0.177381,img_541.jpg
63979,1280,720,631.94293,353.39117,986.8637,986.74805,3.232,0.029,8.027,0.053580,-0.976030,-0.106172,-0.182267,img_542.jpg
64053,1280,720,631.94293,353.39117,986.8637,986.74805,3.201,0.026,8.028,0.058113,-0.974918,-0.107488,-0.186022,img_543.jpg
64127,1280,720,631.94293,353.39117,986.8637,986.74805,3.156,0.022,8.025,0.054297,-0.975011,-0.102056,-0.189711,img_544.jpg
64214,1280,720,631.94293,353.39117,986.8637,986.74805,3.120,0.021,8.025,0.057059,-0.975356,-0.097934,-0.189296,img_545.jpg
64290,1280,720,631.94293,353.39117,986.8637,986.74805,3.068,0.025,8.008,0.054708,-0.976936,-0.091500,-0.185015,img_546.jpg
64381,1280,720,631.94293,353.39117,986.8637,986.74805,3.034,0.029,8.000,0.049668,-0.978427,-0.087886,-0.180251,img_547.jpg
64455,1280,720,631.94293,353.39117,986.8637,986.74805,2.983,0.035,7.988,0.046567,-0.980055,-0.085796,-0.173099,img_548.jpg
64529,1280,720,631.94293,353.39117,986.8637,986.74805,2.952,0.039,7.978,0.046471,-0.980805,-0.087562,-0.167913,img_549.jpg
64614,1280,720,631.94293,353.39117,986.8637,986.74805,2.922,0.042,7.969,0.042515,-0.982219,-0.087236,-0.160710,img_550.jpg
64682,1280,720,631.94293,353.39117,986.8637,986.74805,2.891,0.044,7.960,0.038705,-0.983355,-0.085581,-0.155531,img_551.jpg
64756,1280,720,631.94293,353.39117,986.8637,986.74805,2.857,0.048,7.949,0.044536,-0.984392,-0.080554,-0.149997,img_552.jpg,marker_9.jpg,0.27604663,0.27604663,2.517,-0.080,8.720,-0.001346,0.707120,-0.707007,-0.707007
64845,1280,720,631.94293,353.39117,986.8637,986.74805,2.840,0.049,7.943,0.047388,-0.984485,-0.078378,-0.149671,img_553.jpg
64913,1280,720,631.94293,353.39117,986.8637,986.74805,2.822,0.048,7.940,0.047863,-0.984410,-0.077099,-0.150670,img_554.jpg
64984,1280,720,631.94293,353.39117,986.8637,986.74805,2.795,0.047,7.938,0.049814,-0.984412,-0.075499,-0.150836,img_555.jpg
65063,1280,720,631.94293,353.39117,986.8637,986.74805,2.778,0.047,7.938,0.052380,-0.984659,-0.074028,-0.149072,img_556.jpg
65145,1280,720,631.94293,353.39117,986.8637,986.74805,2.762,0.046,7.941,0.053482,-0.985099,-0.074627,-0.145429,img_557.jpg
65214,1280,720,631.94293,353.39117,986.8637,986.74805,2.746,0.045,7.945,0.053247,-0.985842,-0.074767,-0.140325,img_558.jpg
65288,1280,720,631.94293,353.39117,986.8637,986.74805,2.718,0.043,7.954,0.054181,-0.986828,-0.074026,-0.133246,img_559.jpg
65379,1280,720,631.94293,353.39117,986.8637,986.74805,2.697,0.041,7.960,0.054073,-0.987432,-0.073894,-0.128815,img_560.jpg,marker_9.jpg,0.27371213,0.27371213,2.523,-0.078,8.720,0.000710,0.707449,-0.706710,-0.706710
65453,1280,720,631.94293,353.39117,986.8637,986.74805,2.664,0.038,7.974,0.050865,-0.988779,-0.075187,-0.118641,img_561.jpg
65544,1280,720,631.94293,353.39117,986.8637,986.74805,2.644,0.037,7.985,0.044030,-0.990333,-0.074963,-0.108088,img_562.jpg
65621,1280,720,631.94293,353.39117,986.8637,986.74805,2.622,0.037,8.000,0.044147,-0.991266,-0.080666,-0.094527,img_563.jpg
65701,1280,720,631.94293,353.39117,986.8637,986.74805,2.595,0.038,8.020,0.037389,-0.992611,-0.086330,-0.076637,img_564.jpg
65796,1280,720,631.94293,353.39117,986.8637,986.74805,2.569,0.040,8.039,0.036213,-0.993024,-0.093690,-0.061763,img_565.jpg
65879,1280,720,631.94293,353.39117,986.8637,986.74805,2.553,0.041,8.050,0.035095,-0.993295,-0.095213,-0.055388,img_566.jpg
65957,1280,720,631.94293,353.39117,986.8637,986.74805,2.528,0.039,8.062,0.037477,-0.993547,-0.096736,-0.045844,img_567.jpg
66046,1280,720,631.94293,353.39117,986.8637,986.74805,2.511,0.038,8.071,0.041515,-0.993150,-0.101430,-0.040506,img_568.jpg,marker_9.jpg,0.27328247,0.27328247,2.527,-0.077,8.719,0.002317,0.706348,-0.707841,-0.707841
66127,1280,720,631.94293,353.39117,986.8637,986.74805,2.483,0.036,8.078,0.045325,-0.993261,-0.101096,-0.034016,img_569.jpg
66212,1280,720,631.94293,353.39117,986.8637,986.74805,2.461,0.035,8.080,0.052147,-0.993028,-0.101589,-0.029265,img_570.jpg
66286,1280,720,631.94293,353.39117,986.8637,986.74805,2.439,0.034,8.082,0.053522,-0.993013,-0.102180,-0.024891,img_571.jpg
66361,1280,720,631.94293,353.39117,986.8637,986.74805,2.398,0.032,8.078,0.054504,-0.993408,-0.098970,-0.019367,img_572.jpg
66445,1280,720,631.94293,353.39117,986.8637,986.74805,2.365,0.031,8.074,0.053630,-0.994002,-0.094012,-0.015682,img_573.jpg
66515,1280,720,631.94293,353.39117,986.8637,986.74805,2.331,0.031,8.065,0.047934,-0.994846,-0.088151,-0.014623,img_574.jpg
66595,1280,720,631.94293,353.39117,986.8637,986.74805,2.271,0.035,8.051,0.046719,-0.995142,-0.084292,-0.020141,img_575.jpg
66681,1280,720,631.94293,353.39117,986.8637,986.74805,2.228,0.039,8.040,0.049615,-0.994784,-0.083630,-0.030815,img_576.jpg
66766,1280,720,631.94293,353.39117,986.8637,986.74805,2.166,0.044,8.021,0.047372,-0.994277,-0.081856,-0.049679,img_577.jpg
66862,1280,720,631.94293,353.39117,986.8637,986.74805,2.109,0.044,8.006,0.047269,-0.992957,-0.085043,-0.067593,img_578.jpg
66947,1280,720,631.94293,353.39117,986.8637,986.74805,2.077,0.044,7.996,0.046283,-0.992310,-0.082871,-0.079446,img_579.jpg
67026,1280,720,631.94293,353.39117,986.8637,986.74805,2.029,0.043,7.989,0.051125,-0.990502,-0.084259,-0.095874,img_580.jpg
67114,1280,720,631.94293,353.39117,986.8637,986.74805,2.001,0.043,7.987,0.055067,-0.989551,-0.083969,-0.103467,img_581.jpg
67188,1280,720,631.94293,353.39117,986.8637,986.74805,1.959,0.041,7.985,0.055479,-0.988067,-0.083159,-0.117176,img_582.jpg
67279,1280,720,631.94293,353.39117,986.8637,986.74805,1.930,0.039,7.987,0.059408,-0.986729,-0.083728,-0.125804,img_583.jpg
67355,1280,720,631.94293,353.39117,986.8637,986.74805,1.900,0.036,7.990,0.062784,-0.985383,-0.085288,-0.133431,img_584.jpg
67431,1280,720,631.94293,353.39117,986.8637,986.74805,1.855,0.029,7.998,0.057499,-0.983586,-0.087060,-0.147217,img_585.jpg
67511,1280,720,631.94293,353.39117,986.8637,986.74805,1.822,0.027,8.005,0.055058,-0.982752,-0.084518,-0.154995,img_586.jpg
67587,1280,720,631.94293,353.39117,986.8637,986.74805,1.767,0.026,8.018,0.055318,-0.980884,-0.084062,-0.166556,img_587.jpg
67677,1280,720,631.94293,353.39117,986.8637,986.74805,1.731,0.027,8.027,0.048802,-0.979040,-0.088665,-0.176741,img_588.jpg
67752,1280,720,631.94293,353.39117,986.8637,986.74805,1.676,0.031,8.042,0.044132,-0.975012,-0.095974,-0.195430,img_589.jpg
67843,1280,720,631.94293,353.39117,986.8637,986.74805,1.641,0.034,8.050,0.040556,-0.972301,-0.092493,-0.210785,img_590.jpg
67917,1280,720,631.94293,353.39117,986.8637,986.74805,1.606,0.036,8.056,0.043946,-0.969435,-0.091231,-0.223477,img_591.jpg
67989,1280,720,631.94293,353.39117,986.8637,986.74805,1.559,0.035,8.064,0.048332,-0.965442,-0.094721,-0.237937,img_592.jpg
68077,1280,720,631.94293,353.39117,986.8637,986.74805,1.529,0.035,8.069,0.049230,-0.964156,-0.093483,-0.243393,img_593.jpg
68152,1280,720,631.94293,353.39117,986.8637,986.74805,1.483,0.035,8.074,0.057127,-0.963552,-0.092752,-0.244337,img_594.jpg
68245,1280,720,631.94293,353.39117,986.8637,986.74805,1.451,0.037,8.068,0.054963,-0.964738,-0.088631,-0.241671,img_595.jpg
68318,1280,720,631.94293,353.39117,986.8637,986.74805,1.402,0.038,8.066,0.054582,-0.967201,-0.082292,-0.234031,img_596.jpg
68413,1280,720,631.94293,353.39117,986.8637,986.74805,1.365,0.040,8.043,0.051725,-0.969930,-0.074786,-0.225758,img_597.jpg
68489,1280,720,631.94293,353.39117,986.8637,986.74805,1.317,0.036,8.054,0.043689,-0.973575,-0.069620,-0.213065,img_598.jpg
68578,1280,720,631.94293,353.39117,986.8637,986.74805,1.294,0.042,8.052,0.040578,-0.975682,-0.069274,-0.203957,img_599.jpg
68657,1280,720,631.94293,353.39117,986.8637,986.74805,1.253,0.049,8.047,0.038516,-0.977755,-0.069634,-0.194067,img_600.jpg
68744,1280,720,631.94293,353.39117,986.8637,986.74805,1.224,0.051,8.042,0.034802,-0.978465,-0.073640,-0.189666,img_601.jpg
68824,1280,720,631.94293,353.39117,986.8637,986.74805,1.168,0.054,8.034,0.033133,-0.979478,-0.076276,-0.183593,img_602.jpg
68914,1280,720,631.94293,353.39117,986.8637,986.74805,1.143,0.054,8.030,0.032127,-0.980266,-0.074996,-0.180061,img_603.jpg
68995,1280,720,631.94293,353.39117,986.8637,986.74805,1.112,0.052,8.025,0.032515,-0.980856,-0.073530,-0.177364,img_604.jpg,marker_10.jpg,0.2775933,0.2775933,0.732,-0.069,8.708,-0.008270,0.701670,-0.712443,-0.712443
69079,1280,720,631.94293,353.39117,986.8637,986.74805,1.091,0.052,8.025,0.037241,-0.981158,-0.074049,-0.174526,img_605.jpg
69154,1280,720,631.94293,353.39117,986.8637,986.74805,1.059,0.050,8.026,0.040272,-0.981219,-0.073803,-0.173610,img_606.jpg
69243,1280,720,631.94293,353.39117,986.8637,986.74805,1.036,0.048,8.030,0.045702,-0.980955,-0.074866,-0.173301,img_607.jpg
69313,1280,720,631.94293,353.39117,986.8637,986.74805,1.016,0.045,8.034,0.048645,-0.980921,-0.075736,-0.172315,img_608.jpg
69389,1280,720,631.94293,353.39117,986.8637,986.74805,0.983,0.039,8.043,0.044716,-0.981108,-0.076814,-0.171837,img_609.jpg
69478,1280,720,631.94293,353.39117,986.8637,986.74805,0.962,0.035,8.048,0.046269,-0.981337,-0.074147,-0.171288,img_610.jpg
69578,1280,720,631.94293,353.39117,986.8637,986.74805,0.928,0.031,8.062,0.044523,-0.981769,-0.076734,-0.168107,img_611.jpg
69679,1280,720,631.94293,353.39117,986.8637,986.74805,0.896,0.030,8.075,0.045440,-0.982536,-0.081167,-0.161151,img_612.jpg,marker_10.jpg,0.27453634,0.27453634,0.741,-0.070,8.706,-0.001367,0.704347,-0.709830,-0.709830
69760,1280,720,631.94293,353.39117,986.8637,986.74805,0.863,0.030,8.090,0.045487,-0.981740,-0.086890,-0.162994,img_613.jpg
69843,1280,720,631.94293,353.39117,986.8637,986.74805,0.840,0.029,8.096,0.046150,-0.980618,-0.086378,-0.169699,img_614.jpg
69919,1280,720,631.94293,353.39117,986.8637,986.74805,0.800,0.027,8.100,0.054297,-0.976230,-0.088969,-0.190030,img_615.jpg
69996,1280,720,631.94293,353.39117,986.8637,986.74805,0.772,0.026,8.101,0.057856,-0.972355,-0.091483,-0.206905,img_616.jpg
70079,1280,720,631.94293,353.39117,986.8637,986.74805,0.727,0.025,8.096,0.065311,-0.965389,-0.089170,-0.236237,img_617.jpg
70162,1280,720,631.94293,353.39117,986.8637,986.74805,0.694,0.024,8.090,0.072127,-0.959767,-0.089190,-0.256301,img_618.jpg
70245,1280,720,631.94293,353.39117,986.8637,986.74805,0.661,0.023,8.082,0.074398,-0.953981,-0.089142,-0.276476,img_619.jpg
70314,1280,720,631.94293,353.39117,986.8637,986.74805,0.612,0.022,8.064,0.077520,-0.945929,-0.086208,-0.302946,img_620.jpg
70397,1280,720,631.94293,353.39117,986.8637,986.74805,0.582,0.023,8.051,0.075467,-0.940530,-0.083076,-0.320634,img_621.jpg
70479,1280,720,631.94293,353.39117,986.8637,986.74805,0.551,0.025,8.036,0.073302,-0.934765,-0.081418,-0.337953,img_622.jpg
70562,1280,720,631.94293,353.39117,986.8637,986.74805,0.506,0.029,8.011,0.072224,-0.923110,-0.081185,-0.368864,img_623.jpg
70643,1280,720,631.94293,353.39117,986.8637,986.74805,0.473,0.032,7.992,0.075794,-0.910950,-0.081062,-0.397309,img_624.jpg
70721,1280,720,631.94293,353.39117,986.8637,986.74805,0.430,0.036,7.962,0.076616,-0.896274,-0.081868,-0.429093,img_625.jpg
70811,1280,720,631.94293,353.39117,986.8637,986.74805,0.406,0.039,7.942,0.072482,-0.887226,-0.082752,-0.448028,img_626.jpg
70882,1280,720,631.94293,353.39117,986.8637,986.74805,0.374,0.043,7.911,0.064735,-0.872912,-0.081144,-0.476707,img_627.jpg
70962,1280,720,631.94293,353.39117,986.8637,986.74805,0.353,0.044,7.891,0.064550,-0.865075,-0.082602,-0.490567,img_628.jpg
71045,1280,720,631.94293,353.39117,986.8637,986.74805,0.336,0.047,7.872,0.063767,-0.858408,-0.083016,-0.502173,img_629.jpg
71121,1280,720,631.94293,353.39117,986.8637,986.74805,0.315,0.048,7.846,0.060456,-0.848885,-0.079636,-0.519034,img_630.jpg
71212,1280,720,631.94293,353.39117,986.8637,986.74805,0.293,0.047,7.829,0.065157,-0.842715,-0.077688,-0.528725,img_631.jpg
71288,1280,720,631.94293,353.39117,986.8637,986.74805,0.274,0.046,7.805,0.065814,-0.830522,-0.071799,-0.548403,img_632.jpg
71378,1280,720,631.94293,353.39117,986.8637,986.74805,0.264,0.047,7.788,0.070657,-0.823110,-0.070975,-0.558982,img_633.jpg
71460,1280,720,631.94293,353.39117,986.8637,986.74805,0.247,0.046,7.763,0.079174,-0.810425,-0.068842,-0.576372,img_634.jpg
71546,1280,720,631.94293,353.39117,986.8637,986.74805,0.233,0.045,7.749,0.081833,-0.802278,-0.068695,-0.587311,img_635.jpg
71617,1280,720,631.94293,353.39117,986.8637,986.74805,0.213,0.044,7.728,0.081738,-0.790184,-0.067540,-0.603628,img_636.jpg
71697,1280,720,631.94293,353.39117,986.8637,986.74805,0.197,0.043,7.716,0.082078,-0.782031,-0.067331,-0.614132,img_637.jpg
71779,1280,720,631.94293,353.39117,986.8637,986.74805,0.179,0.041,7.704,0.082297,-0.774215,-0.066904,-0.623973,img_638.jpg
71861,1280,720,631.94293,353.39117,986.8637,986.74805,0.151,0.041,7.686,0.079782,-0.763302,-0.065437,-0.637748,img_639.jpg
71943,1280,720,631.94293,353.39117,986.8637,986.74805,0.133,0.042,7.674,0.077207,-0.756817,-0.065384,-0.645750,img_640.jpg
72024,1280,720,631.94293,353.39117,986.8637,986.74805,0.108,0.046,7.660,0.071761,-0.747598,-0.064640,-0.657092,img_641.jpg
72114,1280,720,631.94293,353.39117,986.8637,986.74805,0.091,0.049,7.652,0.070242,-0.742151,-0.062704,-0.663586,img_642.jpg
72194,1280,720,631.94293,353.39117,986.8637,986.74805,0.068,0.053,7.641,0.069326,-0.733652,-0.060442,-0.673273,img_643.jpg
72280,1280,720,631.94293,353.39117,986.8637,986.74805,0.053,0.055,7.634,0.067748,-0.727441,-0.059876,-0.680187,img_644.jpg
72362,1280,720,631.94293,353.39117,986.8637,986.74805,0.032,0.058,7.623,0.068403,-0.717056,-0.057510,-0.691263,img_645.jpg
72443,1280,720,631.94293,353.39117,986.8637,986.74805,0.020,0.058,7.616,0.070064,-0.711670,-0.057158,-0.696671,img_646.jpg
72524,1280,720,631.94293,353.39117,986.8637,986.74805,0.006,0.057,7.609,0.072159,-0.706892,-0.057091,-0.701311,img_647.jpg
72614,1280,720,631.94293,353.39117,986.8637,986.74805,-0.002,0.057,7.605,0.072523,-0.705222,-0.055000,-0.703119,img_648.jpg
72696,1280,720,631.94293,353.39117,986.8637,986.74805,-0.015,0.056,7.599,0.075566,-0.703919,-0.052997,-0.704258,img_649.jpg,marker_11.jpg,0.26787674,0.26787674,-0.694,-0.113,7.566,-0.478314,-0.508283,0.507959,0.507959
72797,1280,720,631.94293,353.39117,986.8637,986.74805,-0.028,0.054,7.589,0.079530,-0.702285,-0.054327,-0.705351,img_650.jpg
72878,1280,720,631.94293,353.39117,986.8637,986.74805,-0.034,0.051,7.573,0.083010,-0.700745,-0.051228,-0.706712,img_651.jpg
72962,1280,720,631.94293,353.39117,986.8637,986.74805,-0.035,0.051,7.561,0.082438,-0.701434,-0.048916,-0.706259,img_652.jpg
73030,1280,720,631.94293,353.39117,986.8637,986.74805,-0.038,0.050,7.547,0.083628,-0.703475,-0.046386,-0.704257,img_653.jpg
73113,1280,720,631.94293,353.39117,986.8637,986.74805,-0.040,0.050,7.524,0.087234,-0.709978,-0.041024,-0.697595,img_654.jpg
73197,1280,720,631.94293,353.39117,986.8637,986.74805,-0.042,0.049,7.507,0.086543,-0.713518,-0.040258,-0.694105,img_655.jpg,marker_11.jpg,0.2689767,0.2689767,-0.703,-0.114,7.573,-0.485213,-0.502351,0.505236,0.505236
73279,1280,720,631.94293,353.39117,986.8637,986.74805,-0.042,0.048,7.488,0.086109,-0.720015,-0.040032,-0.687430,img_656.jpg
73352,1280,720,631.94293,353.39117,986.8637,986.74805,-0.037,0.048,7.454,0.087098,-0.728796,-0.036104,-0.678208,img_657.jpg
73426,1280,720,631.94293,353.39117,986.8637,986.74805,-0.034,0.048,7.427,0.087621,-0.735221,-0.034486,-0.671255,img_658.jpg
73512,1280,720,631.94293,353.39117,986.8637,986.74805,-0.033,0.048,7.402,0.087965,-0.743951,-0.037760,-0.661342,img_659.jpg
73581,1280,720,631.94293,353.39117,986.8637,986.74805,-0.033,0.048,7.365,0.087613,-0.757009,-0.046385,-0.645840,img_660.jpg
73678,1280,720,631.94293,353.39117,986.8637,986.74805,-0.032,0.049,7.328,0.086653,-0.768175,-0.056721,-0.631808,img_661.jpg
73762,1280,720,631.94293,353.39117,986.8637,986.74805,-0.028,0.050,7.301,0.087447,-0.776930,-0.063097,-0.620284,img_662.jpg
73845,1280,720,631.94293,353.39117,986.8637,986.74805,-0.014,0.052,7.256,0.083342,-0.791933,-0.063074,-0.601596,img_663.jpg,marker_11.jpg,0.26923108,0.26923108,-0.707,-0.112,7.574,-0.495722,-0.493934,0.498715,0.498715
73926,1280,720,631.94293,353.39117,986.8637,986.74805,-0.005,0.052,7.225,0.083293,-0.799698,-0.066617,-0.590853,img_664.jpg
73993,1280,720,631.94293,353.39117,986.8637,986.74805,0.006,0.052,7.195,0.085240,-0.806411,-0.067533,-0.581270,img_665.jpg
74078,1280,720,631.94293,353.39117,986.8637,986.74805,0.022,0.050,7.147,0.082996,-0.811236,-0.067389,-0.574862,img_666.jpg
74161,1280,720,631.94293,353.39117,986.8637,986.74805,0.029,0.047,7.111,0.080936,-0.809112,-0.068206,-0.578044,img_667.jpg
74244,1280,720,631.94293,353.39117,986.8637,986.74805,0.040,0.040,7.054,0.083323,-0.799328,-0.069459,-0.591023,img_668.jpg
74326,1280,720,631.94293,353.39117,986.8637,986.74805,0.047,0.032,7.013,0.082325,-0.790997,-0.072039,-0.601961,img_669.jpg
74393,1280,720,631.94293,353.39117,986.8637,986.74805,0.055,0.023,6.968,0.078733,-0.776780,-0.076284,-0.620157,img_670.jpg
74477,1280,720,631.94293,353.39117,986.8637,986.74805,0.061,0.010,6.897,0.086427,-0.752867,-0.082702,-0.647211,img_671.jpg
74561,1280,720,631.94293,353.39117,986.8637,986.74805,0.063,0.002,6.848,0.089299,-0.734033,-0.084742,-0.667862,img_672.jpg
74630,1280,720,631.94293,353.39117,986.8637,986.74805,0.065,-0.005,6.796,0.095320,-0.716249,-0.086404,-0.685884,img_673.jpg
74709,1280,720,631.94293,353.39117,986.8637,986.74805,0.068,-0.011,6.740,0.097718,-0.699217,-0.088115,-0.702697,img_674.jpg
74777,1280,720,631.94293,353.39117,986.8637,986.74805,0.073,-0.017,6.683,0.096635,-0.684103,-0.091601,-0.717129,img_675.jpg
74853,1280,720,631.94293,353.39117,986.8637,986.74805,0.078,-0.021,6.595,0.101996,-0.669428,-0.099013,-0.729150,img_676.jpg
74926,1280,720,631.94293,353.39117,986.8637,986.74805,0.079,-0.019,6.542,0.105037,-0.655442,-0.106662,-0.740261,img_677.jpg
75012,1280,720,631.94293,353.39117,986.8637,986.74805,0.083,-0.013,6.462,0.107388,-0.640590,-0.104452,-0.753128,img_678.jpg
75096,1280,720,631.94293,353.39117,986.8637,986.74805,0.087,-0.009,6.407,0.118042,-0.635094,-0.092538,-0.757733,img_679.jpg
75177,1280,720,631.94293,353.39117,986.8637,986.74805,0.094,-0.005,6.335,0.118030,-0.633286,-0.081719,-0.760486,img_680.jpg
75260,1280,720,631.94293,353.39117,986.8637,986.74805,0.102,-0.005,6.292,0.114138,-0.639658,-0.074757,-0.756454,img_681.jpg
75327,1280,720,631.94293,353.39117,986.8637,986.74805,0.109,-0.005,6.252,0.109979,-0.644680,-0.076517,-0.752621,img_682.jpg
75411,1280,720,631.94293,353.39117,986.8637,986.74805,0.120,-0.006,6.213,0.106713,-0.657403,-0.078970,-0.741753,img_683.jpg
75481,1280,720,631.94293,353.39117,986.8637,986.74805,0.139,-0.007,6.159,0.095552,-0.674873,-0.081618,-0.727155,img_684.jpg
75577,1280,720,631.94293,353.39117,986.8637,986.74805,0.154,-0.001,6.122,0.098748,-0.694741,-0.086340,-0.707198,img_685.jpg
75648,1280,720,631.94293,353.39117,986.8637,986.74805,0.182,0.009,6.077,0.093292,-0.706047,-0.091278,-0.696034,img_686.jpg
75725,1280,720,631.94293,353.39117,986.8637,986.74805,0.196,0.015,6.043,0.097484,-0.709136,-0.088817,-0.692629,img_687.jpg
75795,1280,720,631.94293,353.39117,986.8637,986.74805,0.207,0.020,6.012,0.100516,-0.706963,-0.081826,-0.695273,img_688.jpg
75877,1280,720,631.94293,353.39117,986.8637,986.74805,0.232,0.024,5.968,0.095811,-0.704187,-0.075780,-0.699428,img_689.jpg
75962,1280,720,631.94293,353.39117,986.8637,986.74805,0.252,0.025,5.943,0.084799,-0.699466,-0.076081,-0.705526,img_690.jpg
76039,1280,720,631.94293,353.39117,986.8637,986.74805,0.270,0.024,5.918,0.078548,-0.697829,-0.077008,-0.707768,img_691.jpg
76126,1280,720,631.94293,353.39117,986.8637,986.74805,0.299,0.024,5.888,0.066092,-0.695370,-0.075479,-0.711615,img_692.jpg
76213,1280,720,631.94293,353.39117,986.8637,986.74805,0.329,0.024,5.850,0.050609,-0.688280,-0.073529,-0.719932,img_693.jpg
76296,1280,720,631.94293,353.39117,986.8637,986.74805,0.346,0.027,5.826,0.045283,-0.683013,-0.067672,-0.725854,img_694.jpg
76369,1280,720,631.94293,353.39117,986.8637,986.74805,0.361,0.031,5.808,0.044990,-0.679470,-0.066299,-0.729315,img_695.jpg
76442,1280,720,631.94293,353.39117,986.8637,986.74805,0.376,0.034,5.787,0.049143,-0.675504,-0.067237,-0.732639,img_696.jpg
76512,1280,720,631.94293,353.39117,986.8637,986.74805,0.394,0.036,5.767,0.048156,-0.675486,-0.067601,-0.732687,img_697.jpg
76588,1280,720,631.94293,353.39117,986.8637,986.74805,0.416,0.037,5.737,0.052015,-0.680780,-0.067534,-0.727511,img_698.jpg
76661,1280,720,631.94293,353.39117,986.8637,986.74805,0.427,0.039,5.718,0.053000,-0.686859,-0.065717,-0.721871,img_699.jpg
76742,1280,720,631.94293,353.39117,986.8637,986.74805,0.436,0.040,5.703,0.057896,-0.696526,-0.060235,-0.712651,img_700.jpg
76811,1280,720,631.94293,353.39117,986.8637,986.74805,0.444,0.039,5.680,0.061869,-0.707350,-0.056478,-0.701882,img_701.jpg
76895,1280,720,631.94293,353.39117,986.8637,986.74805,0.443,0.038,5.670,0.063518,-0.713966,-0.057655,-0.694906,img_702.jpg,marker_12.jpg,0.2789396,0.2789396,-0.209,-0.139,5.641,-0.502016,-0.507952,0.501068,0.501068
76969,1280,720,631.94293,353.39117,986.8637,986.74805,0.447,0.039,5.649,0.067902,-0.720790,-0.058204,-0.687359,img_703.jpg
77040,1280,720,631.94293,353.39117,986.8637,986.74805,0.448,0.040,5.631,0.068307,-0.725503,-0.058640,-0.682306,img_704.jpg
77125,1280,720,631.94293,353.39117,986.8637,986.74805,0.450,0.040,5.604,0.067996,-0.731959,-0.061860,-0.675120,img_705.jpg
77191,1280,720,631.94293,353.39117,986.8637,986.74805,0.451,0.041,5.586,0.069392,-0.735535,-0.064516,-0.670828,img_706.jpg
77277,1280,720,631.94293,353.39117,986.8637,986.74805,0.455,0.041,5.565,0.067967,-0.740536,-0.063253,-0.665573,img_707.jpg
77361,1280,720,631.94293,353.39117,986.8637,986.74805,0.456,0.039,5.556,0.066613,-0.742549,-0.065058,-0.663288,img_708.jpg,marker_12.jpg,0.27652135,0.27652135,-0.207,-0.136,5.650,-0.509198,-0.503177,0.492027,0.492027
77425,1280,720,631.94293,353.39117,986.8637,986.74805,0.457,0.039,5.545,0.068938,-0.744454,-0.066829,-0.660735,img_709.jpg
77498,1280,720,631.94293,353.39117,986.8637,986.74805,0.459,0.038,5.534,0.071087,-0.747577,-0.067385,-0.656913,img_710.jpg
77578,1280,720,631.94293,353.39117,986.8637,986.74805,0.460,0.039,5.517,0.071935,-0.752867,-0.068211,-0.650664,img_711.jpg
77660,1280,720,631.94293,353.39117,986.8637,986.74805,0.461,0.039,5.507,0.075582,-0.756161,-0.067731,-0.646468,img_712.jpg
77729,1280,720,631.94293,353.39117,986.8637,986.74805,0.461,0.038,5.492,0.077570,-0.755882,-0.066308,-0.646705,img_713.jpg
77799,1280,720,631.94293,353.39117,986.8637,986.74805,0.461,0.037,5.474,0.079371,-0.752478,-0.065347,-0.650544,img_714.jpg
77868,1280,720,631.94293,353.39117,986.8637,986.74805,0.457,0.035,5.455,0.081984,-0.746218,-0.064921,-0.657437,img_715.jpg
77944,1280,720,631.94293,353.39117,986.8637,986.74805,0.451,0.031,5.419,0.087882,-0.733646,-0.067855,-0.670399,img_716.jpg
78025,1280,720,631.94293,353.39117,986.8637,986.74805,0.446,0.028,5.395,0.098670,-0.729500,-0.070921,-0.673100,img_717.jpg
78093,1280,720,631.94293,353.39117,986.8637,986.74805,0.442,0.027,5.374,0.111073,-0.728576,-0.074512,-0.671779,img_718.jpg,marker_12.jpg,0.2790286,0.2790286,-0.205,-0.132,5.654,-0.516281,-0.497357,0.484555,0.484555
78177,1280,720,631.94293,353.39117,986.8637,986.74805,0.438,0.025,5.357,0.122692,-0.725627,-0.083548,-0.671887,img_719.jpg
78261,1280,720,631.94293,353.39117,986.8637,986.74805,0.437,0.024,5.352,0.125884,-0.730132,-0.088776,-0.665718,img_720.jpg
78339,1280,720,631.94293,353.39117,986.8637,986.74805,0.438,0.025,5.352,0.121500,-0.735338,-0.088026,-0.660883,img_721.jpg
78417,1280,720,631.94293,353.39117,986.8637,986.74805,0.440,0.027,5.353,0.116928,-0.743469,-0.080592,-0.653519,img_722.jpg
