time,sizeX,sizeY,p_x,p_y,f_x,f_y,pos_X,pos_Y,pos_Z,q_x,q_y,q_z,q_w,marker_ID,marker_x,marker_y,marker_z,marker_qx,marker_qy,marker_qz,marker_qw,marker_ID,marker_x,marker_y,marker_z,marker_qx,marker_qy,marker_qz,marker_qw,marker_ID,marker_x,marker_y,marker_z,marker_qx,marker_qy,marker_qz,marker_qw,
13314,1280,720,631.94293,353.39117,986.8637,986.74805,0.266,-0.092,1.093,0.039809,0.003320,0.001737,-0.999200,img_1.jpg
13396,1280,720,631.94293,353.39117,986.8637,986.74805,0.266,-0.092,1.094,0.043055,0.001246,0.000911,-0.999072,img_2.jpg
13480,1280,720,631.94293,353.39117,986.8637,986.74805,0.267,-0.092,1.097,0.042426,-0.000422,0.001595,-0.999098,img_3.jpg
13558,1280,720,631.94293,353.39117,986.8637,986.74805,0.267,-0.092,1.101,0.043614,0.001197,0.000710,-0.999047,img_4.jpg,marker_1.jpg,0.27553248,0.27553248,0.280,-0.176,0.359,-0.713956,-0.015059,0.014628,0.014628
13649,1280,720,631.94293,353.39117,986.8637,986.74805,0.268,-0.092,1.105,0.044060,0.002985,0.002561,-0.999021,img_5.jpg
13722,1280,720,631.94293,353.39117,986.8637,986.74805,0.270,-0.094,1.111,0.046663,0.003525,0.005373,-0.998890,img_6.jpg
13813,1280,720,631.94293,353.39117,986.8637,986.74805,0.272,-0.095,1.115,0.050789,-0.000523,0.006878,-0.998686,img_7.jpg
13888,1280,720,631.94293,353.39117,986.8637,986.74805,0.278,-0.100,1.120,0.055074,0.002772,0.007810,-0.998448,img_8.jpg
13980,1280,720,631.94293,353.39117,986.8637,986.74805,0.285,-0.102,1.125,0.061817,-0.001521,0.009724,-0.998039,img_9.jpg
14064,1280,720,631.94293,353.39117,986.8637,986.74805,0.294,-0.102,1.129,0.061885,-0.001025,0.017640,-0.997927,img_10.jpg,marker_1.jpg,0.27532426,0.27532426,0.279,-0.176,0.362,-0.714402,-0.012390,0.014183,0.014183
14129,1280,720,631.94293,353.39117,986.8637,986.74805,0.310,-0.100,1.138,0.055568,0.002216,0.022246,-0.998205,img_11.jpg
14213,1280,720,631.94293,353.39117,986.8637,986.74805,0.323,-0.099,1.144,0.052748,0.008870,0.022140,-0.998323,img_12.jpg
14285,1280,720,631.94293,353.39117,986.8637,986.74805,0.338,-0.100,1.147,0.055295,0.015870,0.022732,-0.998085,img_13.jpg
14356,1280,720,631.94293,353.39117,986.8637,986.74805,0.368,-0.101,1.154,0.055440,0.026599,0.022721,-0.997849,img_14.jpg
14430,1280,720,631.94293,353.39117,986.8637,986.74805,0.391,-0.101,1.160,0.053842,0.032644,0.018508,-0.997844,img_15.jpg
14513,1280,720,631.94293,353.39117,986.8637,986.74805,0.418,-0.102,1.165,0.058465,0.035917,0.018092,-0.997479,img_16.jpg
14588,1280,720,631.94293,353.39117,986.8637,986.74805,0.462,-0.103,1.174,0.059321,0.043937,0.019022,-0.997090,img_17.jpg
14680,1280,720,631.94293,353.39117,986.8637,986.74805,0.494,-0.104,1.180,0.060615,0.047833,0.022596,-0.996758,img_18.jpg
14752,1280,720,631.94293,353.39117,986.8637,986.74805,0.524,-0.106,1.186,0.064586,0.054523,0.020813,-0.996204,img_19.jpg
14826,1280,720,631.94293,353.39117,986.8637,986.74805,0.569,-0.111,1.196,0.069167,0.059408,0.018724,-0.995659,img_20.jpg
14913,1280,720,631.94293,353.39117,986.8637,986.74805,0.597,-0.114,1.203,0.070649,0.061520,0.019783,-0.995406,img_21.jpg
14988,1280,720,631.94293,353.39117,986.8637,986.74805,0.625,-0.115,1.207,0.073850,0.059773,0.022524,-0.995222,img_22.jpg
15061,1280,720,631.94293,353.39117,986.8637,986.74805,0.662,-0.116,1.212,0.077187,0.054944,0.032853,-0.994959,img_23.jpg
15147,1280,720,631.94293,353.39117,986.8637,986.74805,0.685,-0.115,1.214,0.078368,0.052216,0.038470,-0.994813,img_24.jpg,marker_1.jpg,0.27709985,0.27709985,0.280,-0.175,0.356,-0.712575,0.003424,-0.002871,-0.002871
15217,1280,720,631.94293,353.39117,986.8637,986.74805,0.706,-0.113,1.215,0.078869,0.038777,0.045708,-0.995081,img_25.jpg
15294,1280,720,631.94293,353.39117,986.8637,986.74805,0.725,-0.111,1.214,0.081504,0.030297,0.053500,-0.994775,img_26.jpg
15380,1280,720,631.94293,353.39117,986.8637,986.74805,0.751,-0.109,1.211,0.077282,0.027627,0.059959,-0.994821,img_27.jpg
15452,1280,720,631.94293,353.39117,986.8637,986.74805,0.771,-0.110,1.207,0.075804,0.033480,0.063658,-0.994525,img_28.jpg
15523,1280,720,631.94293,353.39117,986.8637,986.74805,0.803,-0.111,1.195,0.073135,0.053679,0.063895,-0.993825,img_29.jpg
15613,1280,720,631.94293,353.39117,986.8637,986.74805,0.827,-0.113,1.183,0.072543,0.072006,0.061409,-0.992865,img_30.jpg
15684,1280,720,631.94293,353.39117,986.8637,986.74805,0.853,-0.114,1.170,0.071706,0.089316,0.057479,-0.991755,img_31.jpg
15756,1280,720,631.94293,353.39117,986.8637,986.74805,0.880,-0.113,1.155,0.071007,0.108449,0.053478,-0.990120,img_32.jpg
15826,1280,720,631.94293,353.39117,986.8637,986.74805,0.909,-0.111,1.139,0.068366,0.129677,0.049621,-0.987951,img_33.jpg
15904,1280,720,631.94293,353.39117,986.8637,986.74805,0.952,-0.105,1.113,0.066419,0.161412,0.045181,-0.983612,img_34.jpg
15979,1280,720,631.94293,353.39117,986.8637,986.74805,0.981,-0.103,1.097,0.064414,0.182055,0.044977,-0.980145,img_35.jpg
16051,1280,720,631.94293,353.39117,986.8637,986.74805,1.008,-0.102,1.081,0.066486,0.203404,0.045799,-0.975761,img_36.jpg
16121,1280,720,631.94293,353.39117,986.8637,986.74805,1.048,-0.104,1.058,0.069245,0.236193,0.047453,-0.968073,img_37.jpg
16212,1280,720,631.94293,353.39117,986.8637,986.74805,1.075,-0.104,1.046,0.073150,0.255269,0.052957,-0.962643,img_38.jpg
16283,1280,720,631.94293,353.39117,986.8637,986.74805,1.102,-0.104,1.035,0.074977,0.275046,0.058006,-0.956746,img_39.jpg
16357,1280,720,631.94293,353.39117,986.8637,986.74805,1.142,-0.104,1.021,0.070308,0.301885,0.063045,-0.948656,img_40.jpg
16429,1280,720,631.94293,353.39117,986.8637,986.74805,1.170,-0.104,1.012,0.068505,0.316368,0.066930,-0.943789,img_41.jpg
16512,1280,720,631.94293,353.39117,986.8637,986.74805,1.199,-0.105,1.002,0.068216,0.330141,0.071018,-0.938781,img_42.jpg
16585,1280,720,631.94293,353.39117,986.8637,986.74805,1.230,-0.109,0.995,0.068064,0.342467,0.075127,-0.934045,img_43.jpg
16658,1280,720,631.94293,353.39117,986.8637,986.74805,1.279,-0.110,0.984,0.065268,0.360503,0.078701,-0.927138,img_44.jpg
16746,1280,720,631.94293,353.39117,986.8637,986.74805,1.314,-0.111,0.978,0.062343,0.371802,0.080045,-0.922751,img_45.jpg
16816,1280,720,631.94293,353.39117,986.8637,986.74805,1.349,-0.110,0.973,0.059562,0.383753,0.080256,-0.918012,img_46.jpg
16887,1280,720,631.94293,353.39117,986.8637,986.74805,1.402,-0.106,0.968,0.054656,0.403678,0.079340,-0.909814,img_47.jpg
16963,1280,720,631.94293,353.39117,986.8637,986.74805,1.439,-0.103,0.966,0.051994,0.417002,0.081819,-0.903721,img_48.jpg
17046,1280,720,631.94293,353.39117,986.8637,986.74805,1.439,-0.103,0.966,0.051994,0.417002,0.081819,-0.903721,img_49.jpg
17115,1280,720,631.94293,353.39117,986.8637,986.74805,1.439,-0.103,0.966,0.051994,0.417002,0.081819,-0.903721,img_50.jpg
17190,1280,720,631.94293,353.39117,986.8637,986.74805,1.439,-0.103,0.966,0.051994,0.417002,0.081819,-0.903721,img_51.jpg
17263,1280,720,631.94293,353.39117,986.8637,986.74805,1.439,-0.103,0.966,0.051994,0.417002,0.081819,-0.903721,img_52.jpg
17346,1280,720,631.94293,353.39117,986.8637,986.74805,1.439,-0.103,0.966,0.051994,0.417002,0.081819,-0.903721,img_53.jpg
17417,1280,720,631.94293,353.39117,986.8637,986.74805,1.439,-0.103,0.966,0.051994,0.417002,0.081819,-0.903721,img_54.jpg
17496,1280,720,631.94293,353.39117,986.8637,986.74805,1.439,-0.103,0.966,0.051994,0.417002,0.081819,-0.903721,img_55.jpg
17579,1280,720,631.94293,353.39117,986.8637,986.74805,1.439,-0.103,0.966,0.051994,0.417002,0.081819,-0.903721,img_56.jpg
17646,1280,720,631.94293,353.39117,986.8637,986.74805,1.439,-0.103,0.966,0.051994,0.417002,0.081819,-0.903721,img_57.jpg
17722,1280,720,631.94293,353.39117,986.8637,986.74805,1.439,-0.103,0.966,0.051994,0.417002,0.081819,-0.903721,img_58.jpg
17812,1280,720,631.94293,353.39117,986.8637,986.74805,1.439,-0.103,0.966,0.051994,0.417002,0.081819,-0.903721,img_59.jpg
17886,1280,720,631.94293,353.39117,986.8637,986.74805,1.439,-0.103,0.966,0.051994,0.417002,0.081819,-0.903721,img_60.jpg
17963,1280,720,631.94293,353.39117,986.8637,986.74805,1.439,-0.103,0.966,0.051994,0.417002,0.081819,-0.903721,img_61.jpg
18046,1280,720,631.94293,353.39117,986.8637,986.74805,1.439,-0.103,0.966,0.051994,0.417002,0.081819,-0.903721,img_62.jpg
18117,1280,720,631.94293,353.39117,986.8637,986.74805,1.439,-0.103,0.966,0.051994,0.417002,0.081819,-0.903721,img_63.jpg
18194,1280,720,631.94293,353.39117,986.8637,986.74805,1.439,-0.103,0.966,0.051994,0.417002,0.081819,-0.903721,img_64.jpg
18279,1280,720,631.94293,353.39117,986.8637,986.74805,1.439,-0.103,0.966,0.051994,0.417002,0.081819,-0.903721,img_65.jpg
18352,1280,720,631.94293,353.39117,986.8637,986.74805,0.948,-0.067,0.995,0.070457,0.238308,0.025336,-0.968299,img_66.jpg
18424,1280,720,631.94293,353.39117,986.8637,986.74805,0.991,-0.073,0.939,0.069974,0.254787,0.027610,-0.964067,img_67.jpg
18513,1280,720,631.94293,353.39117,986.8637,986.74805,1.025,-0.069,0.879,0.069400,0.259848,0.034138,-0.962547,img_68.jpg
18585,1280,720,631.94293,353.39117,986.8637,986.74805,1.055,-0.065,0.835,0.064562,0.271329,0.042354,-0.959385,img_69.jpg
18679,1280,720,631.94293,353.39117,986.8637,986.74805,1.088,-0.063,0.795,0.065931,0.269989,0.044129,-0.959590,img_70.jpg
18751,1280,720,631.94293,353.39117,986.8637,986.74805,1.107,-0.057,0.775,0.066156,0.269115,0.038918,-0.960045,img_71.jpg
18829,1280,720,631.94293,353.39117,986.8637,986.74805,1.129,-0.050,0.751,0.072723,0.260348,0.041983,-0.961856,img_72.jpg
18913,1280,720,631.94293,353.39117,986.8637,986.74805,1.141,-0.046,0.738,0.073687,0.255338,0.038857,-0.963256,img_73.jpg
18992,1280,720,631.94293,353.39117,986.8637,986.74805,1.166,-0.045,0.708,0.074225,0.251315,0.037283,-0.964335,img_74.jpg
19080,1280,720,631.94293,353.39117,986.8637,986.74805,1.180,-0.045,0.692,0.076705,0.251802,0.040140,-0.963899,img_75.jpg
19153,1280,720,631.94293,353.39117,986.8637,986.74805,1.200,-0.045,0.667,0.084219,0.248707,0.044864,-0.963867,img_76.jpg
19230,1280,720,631.94293,353.39117,986.8637,986.74805,1.210,-0.046,0.655,0.085133,0.248747,0.044715,-0.963783,img_77.jpg
19313,1280,720,631.94293,353.39117,986.8637,986.74805,1.222,-0.046,0.636,0.087220,0.250087,0.046636,-0.963159,img_78.jpg
19389,1280,720,631.94293,353.39117,986.8637,986.74805,1.242,-0.047,0.605,0.090353,0.249858,0.049380,-0.962792,img_79.jpg
19480,1280,720,631.94293,353.39117,986.8637,986.74805,1.251,-0.047,0.585,0.089125,0.251027,0.045987,-0.962771,img_80.jpg
19551,1280,720,631.94293,353.39117,986.8637,986.74805,1.266,-0.046,0.552,0.082301,0.255585,0.043868,-0.962278,img_81.jpg
19629,1280,720,631.94293,353.39117,986.8637,986.74805,1.278,-0.044,0.526,0.081757,0.255202,0.046305,-0.962312,img_82.jpg
19713,1280,720,631.94293,353.39117,986.8637,986.74805,1.284,-0.041,0.505,0.079300,0.258224,0.042870,-0.961870,img_83.jpg
19789,1280,720,631.94293,353.39117,986.8637,986.74805,1.296,-0.036,0.471,0.075279,0.261003,0.041675,-0.961496,img_84.jpg
19880,1280,720,631.94293,353.39117,986.8637,986.74805,1.304,-0.032,0.448,0.073708,0.265186,0.042626,-0.960430,img_85.jpg
19952,1280,720,631.94293,353.39117,986.8637,986.74805,1.312,-0.027,0.422,0.068665,0.271836,0.039113,-0.959093,img_86.jpg
20031,1280,720,631.94293,353.39117,986.8637,986.74805,1.317,-0.025,0.407,0.065066,0.279951,0.036754,-0.957101,img_87.jpg
20113,1280,720,631.94293,353.39117,986.8637,986.74805,1.322,-0.024,0.394,0.063211,0.286631,0.038036,-0.955197,img_88.jpg
20189,1280,720,631.94293,353.39117,986.8637,986.74805,1.328,-0.024,0.380,0.064383,0.291479,0.039890,-0.953574,img_89.jpg
20261,1280,720,631.94293,353.39117,986.8637,986.74805,1.334,-0.027,0.367,0.072285,0.296306,0.038620,-0.951571,img_90.jpg
20348,1280,720,631.94293,353.39117,986.8637,986.74805,1.338,-0.027,0.362,0.073583,0.296979,0.036272,-0.951354,img_91.jpg
20426,1280,720,631.94293,353.39117,986.8637,986.74805,1.343,-0.025,0.355,0.073945,0.296069,0.036935,-0.951584,img_92.jpg
20513,1280,720,631.94293,353.39117,986.8637,986.74805,1.344,-0.024,0.358,0.072342,0.294029,0.037291,-0.952325,img_93.jpg
20588,1280,720,631.94293,353.39117,986.8637,986.74805,1.353,-0.023,0.359,0.070520,0.288723,0.040691,-0.953945,img_94.jpg
20663,1280,720,631.94293,353.39117,986.8637,986.74805,1.361,-0.022,0.364,0.070177,0.287121,0.043103,-0.954347,img_95.jpg
20748,1280,720,631.94293,353.39117,986.8637,986.74805,1.370,-0.021,0.372,0.066699,0.283553,0.045581,-0.955548,img_96.jpg
20821,1280,720,631.94293,353.39117,986.8637,986.74805,1.386,-0.020,0.384,0.063622,0.276889,0.048080,-0.957587,img_97.jpg
20897,1280,720,631.94293,353.39117,986.8637,986.74805,1.397,-0.019,0.395,0.058992,0.270496,0.049447,-0.959639,img_98.jpg,marker_3.jpg,0.27137157,0.27137157,1.692,-0.092,-0.165,-0.668295,0.263206,-0.244123,-0.244123
20974,1280,720,631.94293,353.39117,986.8637,986.74805,1.411,-0.019,0.405,0.059826,0.263530,0.052443,-0.961365,img_99.jpg
21047,1280,720,631.94293,353.39117,986.8637,986.74805,1.428,-0.019,0.414,0.060748,0.256534,0.056741,-0.962954,img_100.jpg
21119,1280,720,631.94293,353.39117,986.8637,986.74805,1.451,-0.019,0.434,0.064087,0.243850,0.064725,-0.965526,img_101.jpg
21214,1280,720,631.94293,353.39117,986.8637,986.74805,1.466,-0.017,0.448,0.063758,0.235880,0.069641,-0.967184,img_102.jpg,marker_3.jpg,0.27205834,0.27205834,1.687,-0.095,-0.159,-0.675710,0.258645,-0.243436,-0.243436
21283,1280,720,631.94293,353.39117,986.8637,986.74805,1.488,-0.015,0.470,0.059544,0.231331,0.072163,-0.968366,img_103.jpg
21365,1280,720,631.94293,353.39117,986.8637,986.74805,1.502,-0.014,0.484,0.057599,0.231545,0.072959,-0.968373,img_104.jpg
21447,1280,720,631.94293,353.39117,986.8637,986.74805,1.518,-0.014,0.498,0.058171,0.232471,0.073369,-0.968086,img_105.jpg
21512,1280,720,631.94293,353.39117,986.8637,986.74805,1.540,-0.015,0.519,0.062261,0.237060,0.073664,-0.966695,img_106.jpg
21597,1280,720,631.94293,353.39117,986.8637,986.74805,1.557,-0.016,0.532,0.065818,0.238530,0.075201,-0.965979,img_107.jpg
21680,1280,720,631.94293,353.39117,986.8637,986.74805,1.573,-0.016,0.548,0.065998,0.242673,0.075629,-0.964901,img_108.jpg
21751,1280,720,631.94293,353.39117,986.8637,986.74805,1.596,-0.018,0.572,0.066728,0.249567,0.078594,-0.962853,img_109.jpg
21831,1280,720,631.94293,353.39117,986.8637,986.74805,1.612,-0.020,0.589,0.067135,0.256368,0.079975,-0.960923,img_110.jpg
21913,1280,720,631.94293,353.39117,986.8637,986.74805,1.627,-0.022,0.604,0.070838,0.261167,0.082340,-0.959163,img_111.jpg
21987,1280,720,631.94293,353.39117,986.8637,986.74805,1.645,-0.024,0.629,0.066762,0.267305,0.080183,-0.957947,img_112.jpg
22080,1280,720,631.94293,353.39117,986.8637,986.74805,1.656,-0.026,0.643,0.065705,0.275972,0.081923,-0.955411,img_113.jpg
22151,1280,720,631.94293,353.39117,986.8637,986.74805,1.669,-0.028,0.655,0.065756,0.283078,0.084882,-0.953068,img_114.jpg
22224,1280,720,631.94293,353.39117,986.8637,986.74805,1.687,-0.030,0.670,0.063440,0.295906,0.087067,-0.949123,img_115.jpg
22314,1280,720,631.94293,353.39117,986.8637,986.74805,1.701,-0.032,0.679,0.062172,0.308351,0.089838,-0.944978,img_116.jpg
22394,1280,720,631.94293,353.39117,986.8637,986.74805,1.727,-0.037,0.689,0.065647,0.330056,0.093377,-0.937035,img_117.jpg
22482,1280,720,631.94293,353.39117,986.8637,986.74805,1.755,-0.043,0.698,0.068588,0.354774,0.093462,-0.927737,img_118.jpg
22564,1280,720,631.94293,353.39117,986.8637,986.74805,1.776,-0.046,0.706,0.068023,0.373045,0.093464,-0.920584,img_119.jpg
22648,1280,720,631.94293,353.39117,986.8637,986.74805,1.799,-0.049,0.713,0.069774,0.388572,0.094816,-0.913867,img_120.jpg
22720,1280,720,631.94293,353.39117,986.8637,986.74805,1.824,-0.051,0.718,0.071045,0.404487,0.094213,-0.906900,img_121.jpg
22796,1280,720,631.94293,353.39117,986.8637,986.74805,1.865,-0.051,0.729,0.069085,0.423244,0.097882,-0.898060,img_122.jpg
22880,1280,720,631.94293,353.39117,986.8637,986.74805,1.894,-0.049,0.734,0.067957,0.436729,0.098994,-0.891544,img_123.jpg
22949,1280,720,631.94293,353.39117,986.8637,986.74805,1.934,-0.046,0.743,0.064418,0.456220,0.092914,-0.882656,img_124.jpg
23031,1280,720,631.94293,353.39117,986.8637,986.74805,1.961,-0.044,0.751,0.061109,0.469726,0.093319,-0.875737,img_125.jpg
23113,1280,720,631.94293,353.39117,986.8637,986.74805,1.987,-0.041,0.758,0.059129,0.484615,0.092686,-0.867791,img_126.jpg
23187,1280,720,631.94293,353.39117,986.8637,986.74805,2.024,-0.040,0.771,0.057521,0.512184,0.091396,-0.852060,img_127.jpg
23263,1280,720,631.94293,353.39117,986.8637,986.74805,2.049,-0.042,0.781,0.059057,0.526737,0.095527,-0.842576,img_128.jpg
23348,1280,720,631.94293,353.39117,986.8637,986.74805,2.083,-0.045,0.798,0.063949,0.535950,0.108686,-0.834779,img_129.jpg
23431,1280,720,631.94293,353.39117,986.8637,986.74805,2.104,-0.047,0.811,0.058799,0.545176,0.107946,-0.829260,img_130.jpg
23513,1280,720,631.94293,353.39117,986.8637,986.74805,2.128,-0.050,0.828,0.056672,0.551637,0.117702,-0.823791,img_131.jpg
23587,1280,720,631.94293,353.39117,986.8637,986.74805,2.162,-0.056,0.856,0.057001,0.561739,0.124314,-0.815933,img_132.jpg
23680,1280,720,631.94293,353.39117,986.8637,986.74805,2.185,-0.060,0.879,0.056952,0.563515,0.127552,-0.814210,img_133.jpg
23749,1280,720,631.94293,353.39117,986.8637,986.74805,2.221,-0.066,0.919,0.057268,0.559408,0.132817,-0.816176,img_134.jpg
23831,1280,720,631.94293,353.39117,986.8637,986.74805,2.237,-0.069,0.951,0.056163,0.556414,0.128116,-0.819046,img_135.jpg
23913,1280,720,631.94293,353.39117,986.8637,986.74805,2.269,-0.069,1.001,0.056844,0.545229,0.116249,-0.828239,img_136.jpg
23997,1280,720,631.94293,353.39117,986.8637,986.74805,2.290,-0.064,1.035,0.060476,0.535142,0.113868,-0.834865,img_137.jpg
24067,1280,720,631.94293,353.39117,986.8637,986.74805,2.290,-0.064,1.035,0.060476,0.535142,0.113868,-0.834865,img_138.jpg
24147,1280,720,631.94293,353.39117,986.8637,986.74805,2.290,-0.064,1.035,0.060476,0.535142,0.113868,-0.834865,img_139.jpg
24231,1280,720,631.94293,353.39117,986.8637,986.74805,2.290,-0.064,1.035,0.060476,0.535142,0.113868,-0.834865,img_140.jpg
24313,1280,720,631.94293,353.39117,986.8637,986.74805,2.290,-0.064,1.035,0.060476,0.535142,0.113868,-0.834865,img_141.jpg
24397,1280,720,631.94293,353.39117,986.8637,986.74805,2.290,-0.064,1.035,0.060476,0.535142,0.113868,-0.834865,img_142.jpg
24480,1280,720,631.94293,353.39117,986.8637,986.74805,2.290,-0.064,1.035,0.060476,0.535142,0.113868,-0.834865,img_143.jpg
24549,1280,720,631.94293,353.39117,986.8637,986.74805,2.290,-0.064,1.035,0.060476,0.535142,0.113868,-0.834865,img_144.jpg
24622,1280,720,631.94293,353.39117,986.8637,986.74805,2.290,-0.064,1.035,0.060476,0.535142,0.113868,-0.834865,img_145.jpg
24713,1280,720,631.94293,353.39117,986.8637,986.74805,2.290,-0.064,1.035,0.060476,0.535142,0.113868,-0.834865,img_146.jpg
24797,1280,720,631.94293,353.39117,986.8637,986.74805,2.290,-0.064,1.035,0.060476,0.535142,0.113868,-0.834865,img_147.jpg
24867,1280,720,631.94293,353.39117,986.8637,986.74805,2.290,-0.064,1.035,0.060476,0.535142,0.113868,-0.834865,img_148.jpg
24948,1280,720,631.94293,353.39117,986.8637,986.74805,2.290,-0.064,1.035,0.060476,0.535142,0.113868,-0.834865,img_149.jpg
25031,1280,720,631.94293,353.39117,986.8637,986.74805,2.290,-0.064,1.035,0.060476,0.535142,0.113868,-0.834865,img_150.jpg
25113,1280,720,631.94293,353.39117,986.8637,986.74805,2.290,-0.064,1.035,0.060476,0.535142,0.113868,-0.834865,img_151.jpg
25196,1280,720,631.94293,353.39117,986.8637,986.74805,2.290,-0.064,1.035,0.060476,0.535142,0.113868,-0.834865,img_152.jpg
25269,1280,720,631.94293,353.39117,986.8637,986.74805,2.290,-0.064,1.035,0.060476,0.535142,0.113868,-0.834865,img_153.jpg
25348,1280,720,631.94293,353.39117,986.8637,986.74805,2.290,-0.064,1.035,0.060476,0.535142,0.113868,-0.834865,img_154.jpg
25417,1280,720,631.94293,353.39117,986.8637,986.74805,2.290,-0.064,1.035,0.060476,0.535142,0.113868,-0.834865,img_155.jpg
25496,1280,720,631.94293,353.39117,986.8637,986.74805,2.290,-0.064,1.035,0.060476,0.535142,0.113868,-0.834865,img_156.jpg
25571,1280,720,631.94293,353.39117,986.8637,986.74805,2.290,-0.064,1.035,0.060476,0.535142,0.113868,-0.834865,img_157.jpg
25641,1280,720,631.94293,353.39117,986.8637,986.74805,2.290,-0.064,1.035,0.060476,0.535142,0.113868,-0.834865,img_158.jpg
25716,1280,720,631.94293,353.39117,986.8637,986.74805,2.290,-0.064,1.035,0.060476,0.535142,0.113868,-0.834865,img_159.jpg
25797,1280,720,631.94293,353.39117,986.8637,986.74805,2.290,-0.064,1.035,0.060476,0.535142,0.113868,-0.834865,img_160.jpg
25870,1280,720,631.94293,353.39117,986.8637,986.74805,2.290,-0.064,1.035,0.060476,0.535142,0.113868,-0.834865,img_161.jpg
25941,1280,720,631.94293,353.39117,986.8637,986.74805,2.290,-0.064,1.035,0.060476,0.535142,0.113868,-0.834865,img_162.jpg
26012,1280,720,631.94293,353.39117,986.8637,986.74805,2.290,-0.064,1.035,0.060476,0.535142,0.113868,-0.834865,img_163.jpg
26096,1280,720,631.94293,353.39117,986.8637,986.74805,2.290,-0.064,1.035,0.060476,0.535142,0.113868,-0.834865,img_164.jpg
26169,1280,720,631.94293,353.39117,986.8637,986.74805,2.290,-0.064,1.035,0.060476,0.535142,0.113868,-0.834865,img_165.jpg
26240,1280,720,631.94293,353.39117,986.8637,986.74805,2.290,-0.064,1.035,0.060476,0.535142,0.113868,-0.834865,img_166.jpg
26311,1280,720,631.94293,353.39117,986.8637,986.74805,2.290,-0.064,1.035,0.060476,0.535142,0.113868,-0.834865,img_167.jpg
26396,1280,720,631.94293,353.39117,986.8637,986.74805,2.290,-0.064,1.035,0.060476,0.535142,0.113868,-0.834865,img_168.jpg
26471,1280,720,631.94293,353.39117,986.8637,986.74805,2.290,-0.064,1.035,0.060476,0.535142,0.113868,-0.834865,img_169.jpg
26542,1280,720,631.94293,353.39117,986.8637,986.74805,2.290,-0.064,1.035,0.060476,0.535142,0.113868,-0.834865,img_170.jpg
26612,1280,720,631.94293,353.39117,986.8637,986.74805,2.290,-0.064,1.035,0.060476,0.535142,0.113868,-0.834865,img_171.jpg
26697,1280,720,631.94293,353.39117,986.8637,986.74805,2.290,-0.064,1.035,0.060476,0.535142,0.113868,-0.834865,img_172.jpg
26768,1280,720,631.94293,353.39117,986.8637,986.74805,2.290,-0.064,1.035,0.060476,0.535142,0.113868,-0.834865,img_173.jpg
26840,1280,720,631.94293,353.39117,986.8637,986.74805,2.290,-0.064,1.035,0.060476,0.535142,0.113868,-0.834865,img_174.jpg
26931,1280,720,631.94293,353.39117,986.8637,986.74805,2.290,-0.064,1.035,0.060476,0.535142,0.113868,-0.834865,img_175.jpg
27013,1280,720,631.94293,353.39117,986.8637,986.74805,2.290,-0.064,1.035,0.060476,0.535142,0.113868,-0.834865,img_176.jpg
27097,1280,720,631.94293,353.39117,986.8637,986.74805,2.290,-0.064,1.035,0.060476,0.535142,0.113868,-0.834865,img_177.jpg
27174,1280,720,631.94293,353.39117,986.8637,986.74805,2.290,-0.064,1.035,0.060476,0.535142,0.113868,-0.834865,img_178.jpg
27246,1280,720,631.94293,353.39117,986.8637,986.74805,2.290,-0.064,1.035,0.060476,0.535142,0.113868,-0.834865,img_179.jpg
27332,1280,720,631.94293,353.39117,986.8637,986.74805,2.290,-0.064,1.035,0.060476,0.535142,0.113868,-0.834865,img_180.jpg
27410,1280,720,631.94293,353.39117,986.8637,986.74805,2.043,-0.057,0.784,0.043611,0.409332,0.044953,-0.910233,img_181.jpg
27497,1280,720,631.94293,353.39117,986.8637,986.74805,2.038,-0.051,0.813,0.036387,0.396381,0.047387,-0.916140,img_182.jpg
27573,1280,720,631.94293,353.39117,986.8637,986.74805,2.052,-0.051,0.831,0.035882,0.385084,0.045179,-0.921076,img_183.jpg
27654,1280,720,631.94293,353.39117,986.8637,986.74805,2.082,-0.051,0.864,0.036278,0.364503,0.038499,-0.929698,img_184.jpg
27749,1280,720,631.94293,353.39117,986.8637,986.74805,2.103,-0.049,0.898,0.038126,0.345530,0.037387,-0.936887,img_185.jpg
27833,1280,720,631.94293,353.39117,986.8637,986.74805,2.113,-0.047,0.920,0.039400,0.335800,0.038387,-0.940326,img_186.jpg,marker_4.jpg,0.30327037,0.30327037,2.576,-0.147,0.331,-0.703058,0.193740,-0.213410,-0.213410
27912,1280,720,631.94293,353.39117,986.8637,986.74805,2.127,-0.046,0.955,0.042164,0.319593,0.040806,-0.945736,img_187.jpg
27997,1280,720,631.94293,353.39117,986.8637,986.74805,2.134,-0.047,0.975,0.042991,0.311081,0.042062,-0.948478,img_188.jpg
28073,1280,720,631.94293,353.39117,986.8637,986.74805,2.139,-0.048,0.993,0.042769,0.304692,0.041772,-0.950573,img_189.jpg
28147,1280,720,631.94293,353.39117,986.8637,986.74805,2.147,-0.049,1.019,0.040440,0.297985,0.043231,-0.952733,img_190.jpg
28232,1280,720,631.94293,353.39117,986.8637,986.74805,2.153,-0.050,1.035,0.039576,0.293133,0.046399,-0.954125,img_191.jpg
28314,1280,720,631.94293,353.39117,986.8637,986.74805,2.163,-0.052,1.052,0.037472,0.296101,0.044825,-0.953368,img_192.jpg
28398,1280,720,631.94293,353.39117,986.8637,986.74805,2.174,-0.053,1.062,0.035494,0.304141,0.049410,-0.950682,img_193.jpg
28471,1280,720,631.94293,353.39117,986.8637,986.74805,2.188,-0.055,1.073,0.034773,0.313967,0.055970,-0.947145,img_194.jpg,marker_4.jpg,0.29618424,0.29618424,2.551,-0.143,0.335,-0.698555,0.199575,-0.217952,-0.217952
28546,1280,720,631.94293,353.39117,986.8637,986.74805,2.207,-0.060,1.081,0.039848,0.331040,0.063371,-0.940643,img_195.jpg
28632,1280,720,631.94293,353.39117,986.8637,986.74805,2.222,-0.061,1.091,0.040415,0.341567,0.065194,-0.936722,img_196.jpg
28705,1280,720,631.94293,353.39117,986.8637,986.74805,2.242,-0.060,1.101,0.040251,0.351116,0.067786,-0.933007,img_197.jpg
28798,1280,720,631.94293,353.39117,986.8637,986.74805,2.268,-0.062,1.116,0.039607,0.366268,0.068224,-0.927159,img_198.jpg
28871,1280,720,631.94293,353.39117,986.8637,986.74805,2.287,-0.063,1.124,0.040447,0.376828,0.066994,-0.922972,img_199.jpg
28944,1280,720,631.94293,353.39117,986.8637,986.74805,2.308,-0.063,1.133,0.040879,0.386777,0.066107,-0.918892,img_200.jpg
29017,1280,720,631.94293,353.39117,986.8637,986.74805,2.340,-0.063,1.143,0.044835,0.400863,0.066390,-0.912629,img_201.jpg
29098,1280,720,631.94293,353.39117,986.8637,986.74805,2.363,-0.062,1.151,0.046183,0.411233,0.063980,-0.908109,img_202.jpg
29173,1280,720,631.94293,353.39117,986.8637,986.74805,2.386,-0.061,1.160,0.045026,0.419884,0.070047,-0.903750,img_203.jpg
29246,1280,720,631.94293,353.39117,986.8637,986.74805,2.414,-0.060,1.169,0.043428,0.435141,0.072690,-0.896372,img_204.jpg
29331,1280,720,631.94293,353.39117,986.8637,986.74805,2.433,-0.060,1.175,0.044847,0.449661,0.071547,-0.889199,img_205.jpg
29405,1280,720,631.94293,353.39117,986.8637,986.74805,2.451,-0.062,1.179,0.045453,0.463135,0.077619,-0.881712,img_206.jpg
29482,1280,720,631.94293,353.39117,986.8637,986.74805,2.478,-0.068,1.191,0.047231,0.485876,0.089518,-0.868148,img_207.jpg
29565,1280,720,631.94293,353.39117,986.8637,986.74805,2.494,-0.071,1.199,0.047511,0.505043,0.091764,-0.856886,img_208.jpg
29637,1280,720,631.94293,353.39117,986.8637,986.74805,2.509,-0.073,1.211,0.046297,0.520443,0.097813,-0.847012,img_209.jpg
29710,1280,720,631.94293,353.39117,986.8637,986.74805,2.531,-0.079,1.229,0.049615,0.544216,0.108795,-0.830380,img_210.jpg
29797,1280,720,631.94293,353.39117,986.8637,986.74805,2.545,-0.083,1.243,0.052082,0.560278,0.115867,-0.818505,img_211.jpg
29869,1280,720,631.94293,353.39117,986.8637,986.74805,2.560,-0.089,1.261,0.053657,0.578762,0.126668,-0.803810,img_212.jpg
29948,1280,720,631.94293,353.39117,986.8637,986.74805,2.581,-0.099,1.292,0.055601,0.605335,0.141903,-0.781244,img_213.jpg
30031,1280,720,631.94293,353.39117,986.8637,986.74805,2.594,-0.104,1.317,0.051382,0.627240,0.148911,-0.762729,img_214.jpg
30104,1280,720,631.94293,353.39117,986.8637,986.74805,2.606,-0.109,1.343,0.050918,0.650401,0.155176,-0.741826,img_215.jpg
30179,1280,720,631.94293,353.39117,986.8637,986.74805,2.621,-0.115,1.390,0.049841,0.686130,0.160983,-0.707691,img_216.jpg
30264,1280,720,631.94293,353.39117,986.8637,986.74805,2.628,-0.116,1.423,0.046645,0.709676,0.157572,-0.685095,img_217.jpg
30332,1280,720,631.94293,353.39117,986.8637,986.74805,2.633,-0.116,1.458,0.044351,0.724130,0.157380,-0.670001,img_218.jpg
30406,1280,720,631.94293,353.39117,986.8637,986.74805,2.640,-0.115,1.507,0.042701,0.745586,0.154235,-0.646908,img_219.jpg
30497,1280,720,631.94293,353.39117,986.8637,986.74805,2.645,-0.114,1.538,0.042738,0.755496,0.152400,-0.635747,img_220.jpg
30584,1280,720,631.94293,353.39117,986.8637,986.74805,2.657,-0.112,1.585,0.042885,0.768937,0.155824,-0.618559,img_221.jpg
30665,1280,720,631.94293,353.39117,986.8637,986.74805,2.659,-0.115,1.612,0.044676,0.776794,0.159575,-0.607561,img_222.jpg
30739,1280,720,631.94293,353.39117,986.8637,986.74805,2.665,-0.117,1.641,0.045819,0.784792,0.165429,-0.595512,img_223.jpg
30811,1280,720,631.94293,353.39117,986.8637,986.74805,2.680,-0.124,1.673,0.047176,0.796873,0.168015,-0.578393,img_224.jpg
30898,1280,720,631.94293,353.39117,986.8637,986.74805,2.686,-0.127,1.687,0.048742,0.802772,0.173259,-0.568474,img_225.jpg
30972,1280,720,631.94293,353.39117,986.8637,986.74805,2.689,-0.130,1.706,0.049689,0.807584,0.180359,-0.559294,img_226.jpg
31044,1280,720,631.94293,353.39117,986.8637,986.74805,2.699,-0.137,1.736,0.051329,0.813391,0.191255,-0.546975,img_227.jpg
31132,1280,720,631.94293,353.39117,986.8637,986.74805,2.706,-0.142,1.755,0.052534,0.816404,0.197334,-0.540171,img_228.jpg
31203,1280,720,631.94293,353.39117,986.8637,986.74805,2.719,-0.145,1.781,0.054919,0.818075,0.204321,-0.534780,img_229.jpg
31280,1280,720,631.94293,353.39117,986.8637,986.74805,2.733,-0.154,1.812,0.058092,0.824006,0.209304,-0.523289,img_230.jpg
31364,1280,720,631.94293,353.39117,986.8637,986.74805,2.747,-0.156,1.840,0.061842,0.827976,0.213297,-0.514913,img_231.jpg
31435,1280,720,631.94293,353.39117,986.8637,986.74805,2.763,-0.159,1.873,0.067039,0.831752,0.218736,-0.505815,img_232.jpg
31509,1280,720,631.94293,353.39117,986.8637,986.74805,2.791,-0.161,1.920,0.078276,0.838139,0.221597,-0.492230,img_233.jpg
31598,1280,720,631.94293,353.39117,986.8637,986.74805,2.808,-0.161,1.948,0.083601,0.841908,0.222877,-0.484281,img_234.jpg
31671,1280,720,631.94293,353.39117,986.8637,986.74805,2.820,-0.162,1.973,0.085782,0.847605,0.220968,-0.474742,img_235.jpg
31739,1280,720,631.94293,353.39117,986.8637,986.74805,2.840,-0.167,2.010,0.088095,0.849767,0.227244,-0.467434,img_236.jpg
31808,1280,720,631.94293,353.39117,986.8637,986.74805,2.861,-0.177,2.056,0.088263,0.854612,0.236234,-0.453919,img_237.jpg
31898,1280,720,631.94293,353.39117,986.8637,986.74805,2.873,-0.188,2.090,0.088180,0.855436,0.247628,-0.446245,img_238.jpg
31965,1280,720,631.94293,353.39117,986.8637,986.74805,2.886,-0.200,2.126,0.089227,0.856367,0.256211,-0.439352,img_239.jpg
32035,1280,720,631.94293,353.39117,986.8637,986.74805,2.891,-0.207,2.151,0.089282,0.858660,0.261160,-0.431889,img_240.jpg
32115,1280,720,631.94293,353.39117,986.8637,986.74805,2.901,-0.218,2.204,0.085233,0.856933,0.276828,-0.426341,img_241.jpg
32198,1280,720,631.94293,353.39117,986.8637,986.74805,2.908,-0.224,2.245,0.087329,0.855386,0.281937,-0.425675,img_242.jpg
32273,1280,720,631.94293,353.39117,986.8637,986.74805,2.909,-0.236,2.294,0.083484,0.851427,0.292861,-0.427007,img_243.jpg
32350,1280,720,631.94293,353.39117,986.8637,986.74805,2.908,-0.238,2.325,0.081157,0.847586,0.299446,-0.430516,img_244.jpg
32432,1280,720,631.94293,353.39117,986.8637,986.74805,2.906,-0.240,2.361,0.080883,0.844966,0.302464,-0.433597,img_245.jpg
32515,1280,720,631.94293,353.39117,986.8637,986.74805,2.898,-0.240,2.414,0.077800,0.842411,0.303259,-0.438548,img_246.jpg
32598,1280,720,631.94293,353.39117,986.8637,986.74805,2.891,-0.238,2.450,0.076438,0.840654,0.304334,-0.441405,img_247.jpg
32675,1280,720,631.94293,353.39117,986.8637,986.74805,2.875,-0.228,2.504,0.078083,0.838567,0.299834,-0.448115,img_248.jpg
32765,1280,720,631.94293,353.39117,986.8637,986.74805,2.865,-0.224,2.539,0.081262,0.838166,0.295401,-0.451235,img_249.jpg
32837,1280,720,631.94293,353.39117,986.8637,986.74805,2.857,-0.222,2.565,0.084407,0.836820,0.295581,-0.453033,img_250.jpg
32911,1280,720,631.94293,353.39117,986.8637,986.74805,2.843,-0.213,2.600,0.081316,0.841113,0.281582,-0.454564,img_251.jpg
32998,1280,720,631.94293,353.39117,986.8637,986.74805,2.837,-0.201,2.625,0.076167,0.849084,0.262538,-0.452028,img_252.jpg
33074,1280,720,631.94293,353.39117,986.8637,986.74805,2.833,-0.184,2.655,0.067686,0.856598,0.239842,-0.451812,img_253.jpg
33148,1280,720,631.94293,353.39117,986.8637,986.74805,2.826,-0.153,2.701,0.050593,0.869808,0.202551,-0.447043,img_254.jpg
33232,1280,720,631.94293,353.39117,986.8637,986.74805,2.823,-0.130,2.724,0.040559,0.880457,0.175428,-0.438606,img_255.jpg
33306,1280,720,631.94293,353.39117,986.8637,986.74805,2.824,-0.112,2.748,0.034823,0.888748,0.158211,-0.428816,img_256.jpg
33385,1280,720,631.94293,353.39117,986.8637,986.74805,2.828,-0.094,2.799,0.037593,0.899942,0.136081,-0.412521,img_257.jpg
33464,1280,720,631.94293,353.39117,986.8637,986.74805,2.834,-0.086,2.831,0.039756,0.906896,0.120129,-0.401907,img_258.jpg
33542,1280,720,631.94293,353.39117,986.8637,986.74805,2.839,-0.073,2.859,0.035638,0.912274,0.110407,-0.392807,img_259.jpg
33632,1280,720,631.94293,353.39117,986.8637,986.74805,2.853,-0.070,2.883,0.031293,0.914428,0.105687,-0.389452,img_260.jpg
33706,1280,720,631.94293,353.39117,986.8637,986.74805,2.865,-0.067,2.907,0.028810,0.916264,0.102144,-0.386259,img_261.jpg,marker_6.jpg,0.28732723,0.28732723,3.436,-0.263,3.530,-0.347344,0.633242,-0.597768,-0.597768
33776,1280,720,631.94293,353.39117,986.8637,986.74805,2.879,-0.065,2.939,0.024973,0.916875,0.099144,-0.385859,img_262.jpg
33865,1280,720,631.94293,353.39117,986.8637,986.74805,2.888,-0.063,2.958,0.021600,0.917161,0.098660,-0.385506,img_263.jpg
33934,1280,720,631.94293,353.39117,986.8637,986.74805,2.896,-0.063,2.974,0.018916,0.916753,0.100184,-0.386225,img_264.jpg
34015,1280,720,631.94293,353.39117,986.8637,986.74805,2.902,-0.062,2.989,0.016193,0.915927,0.097761,-0.388920,img_265.jpg
34099,1280,720,631.94293,353.39117,986.8637,986.74805,2.896,-0.060,2.986,0.013619,0.915294,0.095418,-0.391084,img_266.jpg
34168,1280,720,631.94293,353.39117,986.8637,986.74805,2.900,-0.059,2.998,0.012903,0.913592,0.094079,-0.395390,img_267.jpg
34244,1280,720,631.94293,353.39117,986.8637,986.74805,2.901,-0.059,3.014,0.010496,0.911110,0.093518,-0.401277,img_268.jpg,marker_6.jpg,0.28074643,0.28074643,3.421,-0.260,3.510,-0.324818,0.625534,-0.636161,-0.636161
34332,1280,720,631.94293,353.39117,986.8637,986.74805,2.901,-0.059,3.026,0.008655,0.909119,0.091497,-0.406270,img_269.jpg
34402,1280,720,631.94293,353.39117,986.8637,986.74805,2.896,-0.057,3.034,0.007266,0.906890,0.088012,-0.412008,img_270.jpg
34477,1280,720,631.94293,353.39117,986.8637,986.74805,2.887,-0.053,3.045,0.007846,0.903453,0.079058,-0.421262,img_271.jpg
34565,1280,720,631.94293,353.39117,986.8637,986.74805,2.878,-0.048,3.053,0.005053,0.900615,0.076230,-0.427849,img_272.jpg
34635,1280,720,631.94293,353.39117,986.8637,986.74805,2.868,-0.045,3.060,0.004643,0.897455,0.073481,-0.434919,img_273.jpg
34711,1280,720,631.94293,353.39117,986.8637,986.74805,2.851,-0.042,3.069,0.005528,0.893237,0.068794,-0.444257,img_274.jpg
34799,1280,720,631.94293,353.39117,986.8637,986.74805,2.836,-0.041,3.073,0.003286,0.891097,0.064350,-0.449216,img_275.jpg
34874,1280,720,631.94293,353.39117,986.8637,986.74805,2.821,-0.040,3.080,-0.000040,0.888324,0.063668,-0.454783,img_276.jpg,marker_6.jpg,0.28169778,0.28169778,3.423,-0.259,3.510,-0.340218,0.624908,-0.621519,-0.621519
34944,1280,720,631.94293,353.39117,986.8637,986.74805,2.796,-0.039,3.088,-0.002487,0.884887,0.059703,-0.461958,img_277.jpg
35034,1280,720,631.94293,353.39117,986.8637,986.74805,2.778,-0.039,3.093,-0.004403,0.881764,0.058164,-0.468071,img_278.jpg
35115,1280,720,631.94293,353.39117,986.8637,986.74805,2.752,-0.042,3.103,-0.004793,0.876970,0.063510,-0.476306,img_279.jpg
35198,1280,720,631.94293,353.39117,986.8637,986.74805,2.735,-0.046,3.108,-0.002902,0.873470,0.068851,-0.481976,img_280.jpg
35271,1280,720,631.94293,353.39117,986.8637,986.74805,2.711,-0.054,3.116,-0.000667,0.868276,0.079890,-0.489607,img_281.jpg
35349,1280,720,631.94293,353.39117,986.8637,986.74805,2.693,-0.061,3.120,0.001778,0.865461,0.090705,-0.492693,img_282.jpg
35433,1280,720,631.94293,353.39117,986.8637,986.74805,2.678,-0.069,3.127,0.007065,0.865709,0.100214,-0.490363,img_283.jpg
35506,1280,720,631.94293,353.39117,986.8637,986.74805,2.652,-0.083,3.139,0.009795,0.869280,0.114790,-0.480708,img_284.jpg,marker_6.jpg,0.28063762,0.28063762,3.421,-0.259,3.509,-0.336417,0.635823,-0.614015,-0.614015
35583,1280,720,631.94293,353.39117,986.8637,986.74805,2.636,-0.093,3.149,0.010253,0.874927,0.125252,-0.467663,img_285.jpg
35665,1280,720,631.94293,353.39117,986.8637,986.74805,2.621,-0.102,3.162,0.008338,0.881214,0.136870,-0.452392,img_286.jpg
35739,1280,720,631.94293,353.39117,986.8637,986.74805,2.604,-0.109,3.175,0.006450,0.887262,0.147283,-0.437073,img_287.jpg
35812,1280,720,631.94293,353.39117,986.8637,986.74805,2.581,-0.121,3.203,0.006322,0.896836,0.159989,-0.412369,img_288.jpg
35898,1280,720,631.94293,353.39117,986.8637,986.74805,2.566,-0.127,3.221,0.003129,0.902692,0.168273,-0.396008,img_289.jpg
35976,1280,720,631.94293,353.39117,986.8637,986.74805,2.544,-0.137,3.251,0.003278,0.911914,0.178579,-0.369476,img_290.jpg
36065,1280,720,631.94293,353.39117,986.8637,986.74805,2.531,-0.143,3.274,-0.000585,0.916840,0.184145,-0.354252,img_291.jpg
36144,1280,720,631.94293,353.39117,986.8637,986.74805,2.509,-0.151,3.311,-0.003426,0.924435,0.190153,-0.330530,img_292.jpg
36233,1280,720,631.94293,353.39117,986.8637,986.74805,2.488,-0.155,3.337,-0.002088,0.929757,0.193660,-0.313118,img_293.jpg
36307,1280,720,631.94293,353.39117,986.8637,986.74805,2.461,-0.164,3.384,0.003909,0.936931,0.199736,-0.286793,img_294.jpg
36400,1280,720,631.94293,353.39117,986.8637,986.74805,2.446,-0.172,3.421,0.008742,0.940498,0.207046,-0.269293,img_295.jpg
36476,1280,720,631.94293,353.39117,986.8637,986.74805,2.424,-0.182,3.476,0.009583,0.944623,0.217311,-0.245704,img_296.jpg
36565,1280,720,631.94293,353.39117,986.8637,986.74805,2.405,-0.187,3.511,0.005519,0.947492,0.225128,-0.227037,img_297.jpg
36640,1280,720,631.94293,353.39117,986.8637,986.74805,2.375,-0.194,3.561,-0.001936,0.953332,0.230667,-0.194798,img_298.jpg
36733,1280,720,631.94293,353.39117,986.8637,986.74805,2.353,-0.197,3.592,-0.010985,0.955216,0.237096,-0.176714,img_299.jpg
36805,1280,720,631.94293,353.39117,986.8637,986.74805,2.320,-0.202,3.636,-0.018931,0.958667,0.240060,-0.151560,img_300.jpg
36898,1280,720,631.94293,353.39117,986.8637,986.74805,2.298,-0.204,3.665,-0.022884,0.959627,0.244194,-0.137700,img_301.jpg
36975,1280,720,631.94293,353.39117,986.8637,986.74805,2.262,-0.214,3.715,-0.030070,0.959135,0.253207,-0.122645,img_302.jpg
37065,1280,720,631.94293,353.39117,986.8637,986.74805,2.237,-0.221,3.748,-0.030153,0.959888,0.253064,-0.116891,img_303.jpg
37136,1280,720,631.94293,353.39117,986.8637,986.74805,2.211,-0.227,3.783,-0.031492,0.960378,0.252896,-0.112807,img_304.jpg
37213,1280,720,631.94293,353.39117,986.8637,986.74805,2.164,-0.230,3.837,-0.030951,0.961867,0.248427,-0.110168,img_305.jpg
37298,1280,720,631.94293,353.39117,986.8637,986.74805,2.130,-0.229,3.873,-0.031416,0.962455,0.246117,-0.110090,img_306.jpg
37374,1280,720,631.94293,353.39117,986.8637,986.74805,2.082,-0.225,3.930,-0.031196,0.961541,0.249732,-0.109997,img_307.jpg
37465,1280,720,631.94293,353.39117,986.8637,986.74805,2.055,-0.223,3.961,-0.027654,0.960717,0.251991,-0.112957,img_308.jpg
37536,1280,720,631.94293,353.39117,986.8637,986.74805,2.019,-0.225,4.009,-0.022382,0.959842,0.255285,-0.114161,img_309.jpg
37617,1280,720,631.94293,353.39117,986.8637,986.74805,1.995,-0.228,4.047,-0.027747,0.957592,0.262514,-0.115474,img_310.jpg
37699,1280,720,631.94293,353.39117,986.8637,986.74805,1.972,-0.233,4.085,-0.032279,0.955904,0.267857,-0.116008,img_311.jpg
37780,1280,720,631.94293,353.39117,986.8637,986.74805,1.938,-0.242,4.146,-0.035880,0.954754,0.273253,-0.111755,img_312.jpg
37865,1280,720,631.94293,353.39117,986.8637,986.74805,1.917,-0.247,4.189,-0.037916,0.955034,0.273133,-0.108949,img_313.jpg
37942,1280,720,631.94293,353.39117,986.8637,986.74805,1.898,-0.252,4.237,-0.035386,0.955929,0.272696,-0.102883,img_314.jpg
38017,1280,720,631.94293,353.39117,986.8637,986.74805,1.866,-0.256,4.310,-0.024317,0.957299,0.270532,-0.098997,img_315.jpg
38117,1280,720,631.94293,353.39117,986.8637,986.74805,1.840,-0.256,4.381,-0.014621,0.955609,0.279118,-0.093223,img_316.jpg
38199,1280,720,631.94293,353.39117,986.8637,986.74805,1.822,-0.257,4.426,-0.013744,0.955282,0.281905,-0.088189,img_317.jpg
38278,1280,720,631.94293,353.39117,986.8637,986.74805,1.788,-0.262,4.489,-0.018725,0.955406,0.283401,-0.080822,img_318.jpg
38365,1280,720,631.94293,353.39117,986.8637,986.74805,1.764,-0.268,4.530,-0.026522,0.953728,0.289120,-0.078162,img_319.jpg
38439,1280,720,631.94293,353.39117,986.8637,986.74805,1.727,-0.275,4.594,-0.032904,0.952509,0.292473,-0.078125,img_320.jpg
38517,1280,720,631.94293,353.39117,986.8637,986.74805,1.697,-0.278,4.636,-0.035626,0.951825,0.292620,-0.084460,img_321.jpg
38599,1280,720,631.94293,353.39117,986.8637,986.74805,1.666,-0.280,4.673,-0.032953,0.952422,0.289117,-0.090655,img_322.jpg
38666,1280,720,631.94293,353.39117,986.8637,986.74805,1.634,-0.283,4.715,-0.030787,0.953409,0.284654,-0.095057,img_323.jpg
38743,1280,720,631.94293,353.39117,986.8637,986.74805,1.599,-0.283,4.756,-0.030839,0.954522,0.278133,-0.102854,img_324.jpg
38815,1280,720,631.94293,353.39117,986.8637,986.74805,1.548,-0.278,4.819,-0.029925,0.950547,0.285804,-0.117814,img_325.jpg
38899,1280,720,631.94293,353.39117,986.8637,986.74805,1.516,-0.271,4.856,-0.024983,0.949639,0.286426,-0.124587,img_326.jpg
38980,1280,720,631.94293,353.39117,986.8637,986.74805,1.472,-0.268,4.902,-0.015320,0.946812,0.288449,-0.141807,img_327.jpg
39065,1280,720,631.94293,353.39117,986.8637,986.74805,1.445,-0.268,4.939,-0.010907,0.945014,0.293549,-0.143733,img_328.jpg
39139,1280,720,631.94293,353.39117,986.8637,986.74805,1.407,-0.270,4.992,-0.014646,0.941621,0.299456,-0.153170,img_329.jpg
39233,1280,720,631.94293,353.39117,986.8637,986.74805,1.385,-0.275,5.031,-0.010976,0.940370,0.301791,-0.156544,img_330.jpg
39306,1280,720,631.94293,353.39117,986.8637,986.74805,1.351,-0.282,5.090,-0.004157,0.939787,0.301257,-0.161332,img_331.jpg
39382,1280,720,631.94293,353.39117,986.8637,986.74805,1.329,-0.286,5.126,0.003782,0.939527,0.300546,-0.164158,img_332.jpg
39465,1280,720,631.94293,353.39117,986.8637,986.74805,1.307,-0.292,5.171,0.011924,0.939391,0.298542,-0.168152,img_333.jpg
39537,1280,720,631.94293,353.39117,986.8637,986.74805,1.276,-0.295,5.238,0.032765,0.939268,0.286856,-0.185515,img_334.jpg
39616,1280,720,631.94293,353.39117,986.8637,986.74805,1.251,-0.298,5.289,0.043196,0.934714,0.291334,-0.198917,img_335.jpg
39699,1280,720,631.94293,353.39117,986.8637,986.74805,1.228,-0.299,5.337,0.036220,0.932871,0.293345,-0.205885,img_336.jpg
39772,1280,720,631.94293,353.39117,986.8637,986.74805,1.197,-0.298,5.400,0.036517,0.930903,0.294345,-0.213182,img_337.jpg
39851,1280,720,631.94293,353.39117,986.8637,986.74805,1.174,-0.302,5.446,0.034953,0.929070,0.293555,-0.222336,img_338.jpg
39934,1280,720,631.94293,353.39117,986.8637,986.74805,1.153,-0.306,5.492,0.035224,0.926647,0.293263,-0.232556,img_339.jpg
40007,1280,720,631.94293,353.39117,986.8637,986.74805,1.120,-0.314,5.556,0.034003,0.921560,0.292116,-0.253453,img_340.jpg
40082,1280,720,631.94293,353.39117,986.8637,986.74805,1.095,-0.317,5.595,0.038606,0.919445,0.282972,-0.270292,img_341.jpg
40165,1280,720,631.94293,353.39117,986.8637,986.74805,1.067,-0.318,5.643,0.037417,0.915655,0.277895,-0.288011,img_342.jpg
40244,1280,720,631.94293,353.39117,986.8637,986.74805,1.028,-0.319,5.715,0.038026,0.908869,0.264707,-0.320066,img_343.jpg
40334,1280,720,631.94293,353.39117,986.8637,986.74805,0.997,-0.312,5.747,0.042182,0.904056,0.262796,-0.334426,img_344.jpg
40415,1280,720,631.94293,353.39117,986.8637,986.74805,0.948,-0.291,5.805,0.041797,0.898858,0.247878,-0.358975,img_345.jpg
40500,1280,720,631.94293,353.39117,986.8637,986.74805,0.922,-0.275,5.844,0.045934,0.898541,0.228052,-0.372164,img_346.jpg
40583,1280,720,631.94293,353.39117,986.8637,986.74805,0.892,-0.247,5.904,0.047647,0.903191,0.202263,-0.375586,img_347.jpg
40665,1280,720,631.94293,353.39117,986.8637,986.74805,0.870,-0.225,5.944,0.038989,0.907458,0.177799,-0.378664,img_348.jpg
40740,1280,720,631.94293,353.39117,986.8637,986.74805,0.847,-0.193,6.001,0.032367,0.917579,0.140263,-0.370577,img_349.jpg
40816,1280,720,631.94293,353.39117,986.8637,986.74805,0.834,-0.174,6.037,0.025687,0.923134,0.118434,-0.364881,img_350.jpg
40899,1280,720,631.94293,353.39117,986.8637,986.74805,0.822,-0.158,6.073,0.017545,0.927031,0.100122,-0.360944,img_351.jpg
40974,1280,720,631.94293,353.39117,986.8637,986.74805,0.802,-0.143,6.119,0.013533,0.931571,0.080960,-0.354171,img_352.jpg
41066,1280,720,631.94293,353.39117,986.8637,986.74805,0.790,-0.133,6.145,0.009891,0.933271,0.075490,-0.351012,img_353.jpg
41138,1280,720,631.94293,353.39117,986.8637,986.74805,0.782,-0.129,6.199,0.010402,0.935959,0.065328,-0.345839,img_354.jpg
41217,1280,720,631.94293,353.39117,986.8637,986.74805,0.776,-0.121,6.227,0.009181,0.937607,0.063090,-0.341803,img_355.jpg
41300,1280,720,631.94293,353.39117,986.8637,986.74805,0.773,-0.115,6.255,0.012148,0.938758,0.059416,-0.339198,img_356.jpg
41377,1280,720,631.94293,353.39117,986.8637,986.74805,0.770,-0.114,6.291,0.005911,0.937774,0.060748,-0.341841,img_357.jpg
41467,1280,720,631.94293,353.39117,986.8637,986.74805,0.767,-0.113,6.319,0.002515,0.938066,0.055462,-0.341978,img_358.jpg
41551,1280,720,631.94293,353.39117,986.8637,986.74805,0.765,-0.114,6.336,0.000533,0.936879,0.054267,-0.345415,img_359.jpg,marker_7.png,0.28124076,0.28124076,1.165,-0.357,6.897,-0.346234,0.625955,-0.613434,-0.613434
41626,1280,720,631.94293,353.39117,986.8637,986.74805,0.764,-0.116,6.356,0.000348,0.935685,0.054600,-0.348587,img_360.jpg
41718,1280,720,631.94293,353.39117,986.8637,986.74805,0.760,-0.119,6.378,-0.000075,0.934687,0.056158,-0.351008,img_361.jpg
41792,1280,720,631.94293,353.39117,986.8637,986.74805,0.754,-0.121,6.388,-0.001854,0.932122,0.057702,-0.357512,img_362.jpg
41864,1280,720,631.94293,353.39117,986.8637,986.74805,0.742,-0.121,6.403,-0.004736,0.927888,0.058798,-0.368163,img_363.jpg,marker_7.png,0.27780682,0.27780682,1.169,-0.361,6.891,-0.338734,0.633626,-0.613189,-0.613189
41949,1280,720,631.94293,353.39117,986.8637,986.74805,0.731,-0.122,6.411,-0.006978,0.924348,0.056658,-0.377256,img_364.jpg
42018,1280,720,631.94293,353.39117,986.8637,986.74805,0.717,-0.120,6.415,-0.009983,0.920385,0.056928,-0.386719,img_365.jpg
42092,1280,720,631.94293,353.39117,986.8637,986.74805,0.705,-0.119,6.423,-0.009038,0.916875,0.056769,-0.395014,img_366.jpg
42169,1280,720,631.94293,353.39117,986.8637,986.74805,0.684,-0.119,6.428,-0.006220,0.911819,0.057791,-0.406459,img_367.jpg
42250,1280,720,631.94293,353.39117,986.8637,986.74805,0.667,-0.118,6.430,-0.005889,0.908460,0.056888,-0.414041,img_368.jpg
42320,1280,720,631.94293,353.39117,986.8637,986.74805,0.650,-0.119,6.432,-0.004284,0.905205,0.056969,-0.421117,img_369.jpg
42396,1280,720,631.94293,353.39117,986.8637,986.74805,0.623,-0.120,6.435,-0.002815,0.900709,0.058050,-0.430517,img_370.jpg
42483,1280,720,631.94293,353.39117,986.8637,986.74805,0.605,-0.121,6.437,-0.001212,0.897826,0.057578,-0.436568,img_371.jpg,marker_7.png,0.27696747,0.27696747,1.167,-0.360,6.892,-0.341949,0.636729,-0.606947,-0.606947
42556,1280,720,631.94293,353.39117,986.8637,986.74805,0.587,-0.123,6.436,0.000465,0.895244,0.059038,-0.441648,img_372.jpg
42627,1280,720,631.94293,353.39117,986.8637,986.74805,0.568,-0.123,6.434,0.001729,0.892911,0.058406,-0.446425,img_373.jpg
42700,1280,720,631.94293,353.39117,986.8637,986.74805,0.543,-0.129,6.434,0.003646,0.890306,0.060971,-0.451247,img_374.jpg
42783,1280,720,631.94293,353.39117,986.8637,986.74805,0.526,-0.133,6.435,0.003413,0.889861,0.063778,-0.451739,img_375.jpg
42867,1280,720,631.94293,353.39117,986.8637,986.74805,0.511,-0.136,6.437,0.002525,0.890277,0.067795,-0.450337,img_376.jpg
42938,1280,720,631.94293,353.39117,986.8637,986.74805,0.498,-0.139,6.437,0.003279,0.890763,0.069470,-0.449115,img_377.jpg
43015,1280,720,631.94293,353.39117,986.8637,986.74805,0.481,-0.142,6.436,0.004212,0.893103,0.069118,-0.444491,img_378.jpg
43116,1280,720,631.94293,353.39117,986.8637,986.74805,0.466,-0.146,6.438,0.003976,0.896325,0.073201,-0.437296,img_379.jpg,marker_7.png,0.27753425,0.27753425,1.168,-0.359,6.893,-0.337500,0.635337,-0.611374,-0.611374
43186,1280,720,631.94293,353.39117,986.8637,986.74805,0.457,-0.150,6.441,0.005458,0.899330,0.079115,-0.430018,img_380.jpg
43282,1280,720,631.94293,353.39117,986.8637,986.74805,0.446,-0.160,6.452,0.005633,0.903925,0.094854,-0.417003,img_381.jpg
43350,1280,720,631.94293,353.39117,986.8637,986.74805,0.440,-0.169,6.461,0.007163,0.908555,0.109679,-0.403048,img_382.jpg
43437,1280,720,631.94293,353.39117,986.8637,986.74805,0.428,-0.186,6.480,0.007952,0.917184,0.133578,-0.375323,img_383.jpg
43518,1280,720,631.94293,353.39117,986.8637,986.74805,0.415,-0.197,6.486,0.009223,0.924808,0.148713,-0.350043,img_384.jpg
43600,1280,720,631.94293,353.39117,986.8637,986.74805,0.393,-0.218,6.502,0.008042,0.935950,0.172057,-0.307129,img_385.jpg
43683,1280,720,631.94293,353.39117,986.8637,986.74805,0.374,-0.229,6.512,0.003039,0.943264,0.181777,-0.277852,img_386.jpg
43766,1280,720,631.94293,353.39117,986.8637,986.74805,0.354,-0.239,6.525,-0.002447,0.950006,0.195074,-0.243779,img_387.jpg
43839,1280,720,631.94293,353.39117,986.8637,986.74805,0.324,-0.254,6.546,-0.010243,0.956865,0.212294,-0.198083,img_388.jpg
43917,1280,720,631.94293,353.39117,986.8637,986.74805,0.304,-0.260,6.561,-0.015160,0.959834,0.221248,-0.171869,img_389.jpg
43992,1280,720,631.94293,353.39117,986.8637,986.74805,0.285,-0.265,6.575,-0.018134,0.962268,0.227735,-0.147811,img_390.jpg
44084,1280,720,631.94293,353.39117,986.8637,986.74805,0.264,-0.276,6.605,-0.022954,0.964048,0.237995,-0.115941,img_391.jpg
44159,1280,720,631.94293,353.39117,986.8637,986.74805,0.249,-0.285,6.631,-0.026214,0.964239,0.245781,-0.095639,img_392.jpg
44251,1280,720,631.94293,353.39117,986.8637,986.74805,0.221,-0.297,6.666,-0.030716,0.964273,0.254299,-0.067573,img_393.jpg
44335,1280,720,631.94293,353.39117,986.8637,986.74805,0.198,-0.313,6.713,-0.033272,0.963291,0.263150,-0.041419,img_394.jpg
44418,1280,720,631.94293,353.39117,986.8637,986.74805,0.187,-0.321,6.750,-0.032527,0.962788,0.266937,-0.026924,img_395.jpg
44500,1280,720,631.94293,353.39117,986.8637,986.74805,0.171,-0.326,6.783,-0.031917,0.962378,0.269544,-0.012488,img_396.jpg
44581,1280,720,631.94293,353.39117,986.8637,986.74805,0.149,-0.332,6.831,-0.031876,0.960559,0.276177,0.006112,img_397.jpg
44668,1280,720,631.94293,353.39117,986.8637,986.74805,0.128,-0.337,6.874,-0.035169,0.958130,0.283232,0.022994,img_398.jpg
44767,1280,720,631.94293,353.39117,986.8637,986.74805,0.102,-0.339,6.915,-0.041365,0.955867,0.288385,0.037957,img_399.jpg
44849,1280,720,631.94293,353.39117,986.8637,986.74805,0.084,-0.341,6.941,-0.047502,0.954000,0.291892,0.049258,img_400.jpg
44927,1280,720,631.94293,353.39117,986.8637,986.74805,0.062,-0.340,6.963,-0.051179,0.954181,0.288024,0.062934,img_401.jpg
45002,1280,720,631.94293,353.39117,986.8637,986.74805,0.023,-0.334,6.996,-0.059579,0.954826,0.277421,0.088292,img_402.jpg
45083,1280,720,631.94293,353.39117,986.8637,986.74805,-0.011,-0.327,7.016,-0.064200,0.955641,0.265015,0.111337,img_403.jpg
45166,1280,720,631.94293,353.39117,986.8637,986.74805,-0.062,-0.310,7.035,-0.060889,0.956616,0.240685,0.152477,img_404.jpg
45249,1280,720,631.94293,353.39117,986.8637,986.74805,-0.101,-0.300,7.050,-0.063705,0.954783,0.226742,0.181435,img_405.jpg
45323,1280,720,631.94293,353.39117,986.8637,986.74805,-0.138,-0.289,7.062,-0.057375,0.951791,0.204637,0.221191,img_406.jpg
45418,1280,720,631.94293,353.39117,986.8637,986.74805,-0.193,-0.265,7.072,-0.041050,0.947106,0.165801,0.271688,img_407.jpg
45488,1280,720,631.94293,353.39117,986.8637,986.74805,-0.230,-0.247,7.078,-0.040270,0.945182,0.150408,0.287031,img_408.jpg
45570,1280,720,631.94293,353.39117,986.8637,986.74805,-0.276,-0.227,7.087,-0.035156,0.944875,0.130790,0.298109,img_409.jpg
45650,1280,720,631.94293,353.39117,986.8637,986.74805,-0.300,-0.220,7.093,-0.033127,0.946941,0.122904,0.295128,img_410.jpg
45729,1280,720,631.94293,353.39117,986.8637,986.74805,-0.319,-0.218,7.101,-0.034353,0.949117,0.117851,0.290012,img_411.jpg
45818,1280,720,631.94293,353.39117,986.8637,986.74805,-0.348,-0.219,7.119,-0.028870,0.952649,0.109894,0.282045,img_412.jpg
45894,1280,720,631.94293,353.39117,986.8637,986.74805,-0.367,-0.214,7.129,-0.027398,0.954962,0.107213,0.275322,img_413.jpg
45973,1280,720,631.94293,353.39117,986.8637,986.74805,-0.377,-0.213,7.135,-0.031170,0.959388,0.106962,0.259158,img_414.jpg
46073,1280,720,631.94293,353.39117,986.8637,986.74805,-0.380,-0.209,7.135,-0.028337,0.962263,0.102383,0.250529,img_415.jpg
46167,1280,720,631.94293,353.39117,986.8637,986.74805,-0.376,-0.208,7.141,-0.029610,0.964242,0.096322,0.245119,img_416.jpg,marker_8.jpg,0.27818608,0.27818608,-0.685,-0.384,7.719,0.241397,0.674039,-0.662756,-0.662756
46251,1280,720,631.94293,353.39117,986.8637,986.74805,-0.372,-0.209,7.147,-0.031784,0.964962,0.098023,0.241308,img_417.jpg
46335,1280,720,631.94293,353.39117,986.8637,986.74805,-0.365,-0.207,7.148,-0.027409,0.967294,0.094647,0.233738,img_418.jpg
46419,1280,720,631.94293,353.39117,986.8637,986.74805,-0.362,-0.206,7.147,-0.027312,0.968137,0.093376,0.230752,img_419.jpg
46496,1280,720,631.94293,353.39117,986.8637,986.74805,-0.357,-0.205,7.148,-0.026600,0.968732,0.093160,0.228413,img_420.jpg,marker_8.jpg,0.27818608,0.27818608,-0.680,-0.389,7.736,0.212745,0.691478,-0.659764,-0.659764
46578,1280,720,631.94293,353.39117,986.8637,986.74805,-0.352,-0.204,7.147,-0.022762,0.969074,0.089934,0.228669,img_421.jpg
46667,1280,720,631.94293,353.39117,986.8637,986.74805,-0.349,-0.204,7.146,-0.021610,0.968232,0.089827,0.232358,img_422.jpg
46751,1280,720,631.94293,353.39117,986.8637,986.74805,-0.349,-0.204,7.147,-0.021062,0.967508,0.090806,0.235032,img_423.jpg
46830,1280,720,631.94293,353.39117,986.8637,986.74805,-0.348,-0.205,7.148,-0.020901,0.966566,0.092152,0.238371,img_424.jpg
46919,1280,720,631.94293,353.39117,986.8637,986.74805,-0.347,-0.205,7.148,-0.021623,0.966292,0.092922,0.239118,img_425.jpg
46995,1280,720,631.94293,353.39117,986.8637,986.74805,-0.346,-0.205,7.148,-0.022712,0.965921,0.093681,0.240217,img_426.jpg
47084,1280,720,631.94293,353.39117,986.8637,986.74805,-0.345,-0.205,7.148,-0.025096,0.965837,0.094333,0.240065,img_427.jpg
47162,1280,720,631.94293,353.39117,986.8637,986.74805,-0.342,-0.205,7.147,-0.026837,0.965798,0.095359,0.239625,img_428.jpg,marker_8.jpg,0.27818608,0.27818608,-0.678,-0.388,7.734,0.216579,0.685848,-0.663307,-0.663307
47243,1280,720,631.94293,353.39117,986.8637,986.74805,-0.338,-0.206,7.145,-0.027034,0.965002,0.095599,0.242696,img_429.jpg
47336,1280,720,631.94293,353.39117,986.8637,986.74805,-0.334,-0.209,7.144,-0.022522,0.962305,0.097675,0.252826,img_430.jpg
47420,1280,720,631.94293,353.39117,986.8637,986.74805,-0.334,-0.211,7.143,-0.019996,0.960409,0.099514,0.259446,img_431.jpg
47496,1280,720,631.94293,353.39117,986.8637,986.74805,-0.337,-0.213,7.139,-0.022377,0.957949,0.100747,0.267738,img_432.jpg
47584,1280,720,631.94293,353.39117,986.8637,986.74805,-0.341,-0.214,7.135,-0.023228,0.956076,0.102223,0.273732,img_433.jpg
47658,1280,720,631.94293,353.39117,986.8637,986.74805,-0.348,-0.214,7.129,-0.024485,0.954806,0.100219,0.278750,img_434.jpg
47733,1280,720,631.94293,353.39117,986.8637,986.74805,-0.362,-0.212,7.117,-0.032495,0.954087,0.098931,0.280846,img_435.jpg
47819,1280,720,631.94293,353.39117,986.8637,986.74805,-0.371,-0.210,7.107,-0.032728,0.955440,0.094359,0.277777,img_436.jpg,marker_8.jpg,0.27818608,0.27818608,-0.673,-0.386,7.729,0.216222,0.673859,-0.678387,-0.678387
47900,1280,720,631.94293,353.39117,986.8637,986.74805,-0.386,-0.208,7.091,-0.032334,0.958449,0.090606,0.268554,img_437.jpg
48001,1280,720,631.94293,353.39117,986.8637,986.74805,-0.404,-0.208,7.071,-0.031472,0.962095,0.089818,0.255570,img_438.jpg
48086,1280,720,631.94293,353.39117,986.8637,986.74805,-0.418,-0.208,7.057,-0.030545,0.965220,0.089813,0.243619,img_439.jpg
48162,1280,720,631.94293,353.39117,986.8637,986.74805,-0.443,-0.207,7.033,-0.029803,0.968600,0.086221,0.231283,img_440.jpg
48251,1280,720,631.94293,353.39117,986.8637,986.74805,-0.463,-0.206,7.016,-0.029466,0.970088,0.083972,0.225852,img_441.jpg
48326,1280,720,631.94293,353.39117,986.8637,986.74805,-0.486,-0.205,6.998,-0.029684,0.971249,0.083657,0.220896,img_442.jpg,marker_8.jpg,0.2789747,0.2789747,-0.674,-0.386,7.729,0.214346,0.687944,-0.663127,-0.663127
48403,1280,720,631.94293,353.39117,986.8637,986.74805,-0.519,-0.204,6.970,-0.029612,0.972733,0.084341,0.214010,img_443.jpg
48484,1280,720,631.94293,353.39117,986.8637,986.74805,-0.538,-0.205,6.951,-0.029442,0.973465,0.087593,0.209350,img_444.jpg
48566,1280,720,631.94293,353.39117,986.8637,986.74805,-0.566,-0.207,6.923,-0.029521,0.974116,0.088880,0.205734,img_445.jpg
48651,1280,720,631.94293,353.39117,986.8637,986.74805,-0.582,-0.207,6.905,-0.030067,0.974372,0.088687,0.204523,img_446.jpg
48736,1280,720,631.94293,353.39117,986.8637,986.74805,-0.606,-0.208,6.880,-0.031239,0.973978,0.089467,0.205880,img_447.jpg
48819,1280,720,631.94293,353.39117,986.8637,986.74805,-0.621,-0.208,6.864,-0.031399,0.973417,0.089182,0.208616,img_448.jpg
48901,1280,720,631.94293,353.39117,986.8637,986.74805,-0.644,-0.207,6.843,-0.037248,0.971988,0.087004,0.215134,img_449.jpg
48984,1280,720,631.94293,353.39117,986.8637,986.74805,-0.659,-0.206,6.832,-0.042688,0.971471,0.086791,0.216539,img_450.jpg
49067,1280,720,631.94293,353.39117,986.8637,986.74805,-0.682,-0.207,6.818,-0.045053,0.969648,0.085694,0.224523,img_451.jpg
49151,1280,720,631.94293,353.39117,986.8637,986.74805,-0.699,-0.209,6.811,-0.047290,0.967962,0.086611,0.230895,img_452.jpg
49236,1280,720,631.94293,353.39117,986.8637,986.74805,-0.728,-0.216,6.804,-0.045670,0.965221,0.091494,0.240606,img_453.jpg
49319,1280,720,631.94293,353.39117,986.8637,986.74805,-0.751,-0.221,6.798,-0.045973,0.962842,0.094743,0.248688,img_454.jpg
49391,1280,720,631.94293,353.39117,986.8637,986.74805,-0.777,-0.227,6.791,-0.047500,0.960049,0.100278,0.256895,img_455.jpg
49468,1280,720,631.94293,353.39117,986.8637,986.74805,-0.804,-0.234,6.785,-0.045528,0.957780,0.104519,0.263931,img_456.jpg
49544,1280,720,631.94293,353.39117,986.8637,986.74805,-0.850,-0.245,6.778,-0.045088,0.953340,0.117993,0.274203,img_457.jpg
49619,1280,720,631.94293,353.39117,986.8637,986.74805,-0.881,-0.250,6.771,-0.038924,0.949769,0.120544,0.286170,img_458.jpg
49697,1280,720,631.94293,353.39117,986.8637,986.74805,-0.931,-0.252,6.764,-0.034218,0.946335,0.123864,0.296543,img_459.jpg
49784,1280,720,631.94293,353.39117,986.8637,986.74805,-0.964,-0.252,6.759,-0.033578,0.945253,0.124623,0.299730,img_460.jpg
49862,1280,720,631.94293,353.39117,986.8637,986.74805,-1.012,-0.250,6.752,-0.035797,0.943021,0.127788,0.305123,img_461.jpg
49951,1280,720,631.94293,353.39117,986.8637,986.74805,-1.040,-0.247,6.746,-0.033170,0.942296,0.124079,0.309163,img_462.jpg
50020,1280,720,631.94293,353.39117,986.8637,986.74805,-1.067,-0.245,6.740,-0.037055,0.942727,0.123055,0.307816,img_463.jpg
50095,1280,720,631.94293,353.39117,986.8637,986.74805,-1.091,-0.242,6.737,-0.039883,0.942359,0.121705,0.309122,img_464.jpg
50171,1280,720,631.94293,353.39117,986.8637,986.74805,-1.124,-0.238,6.727,-0.042864,0.943342,0.117178,0.307471,img_465.jpg
50251,1280,720,631.94293,353.39117,986.8637,986.74805,-1.146,-0.236,6.720,-0.045534,0.944582,0.114513,0.304266,img_466.jpg
50322,1280,720,631.94293,353.39117,986.8637,986.74805,-1.167,-0.235,6.711,-0.046053,0.946107,0.110803,0.300806,img_467.jpg
50397,1280,720,631.94293,353.39117,986.8637,986.74805,-1.198,-0.237,6.696,-0.047719,0.948801,0.110343,0.292103,img_468.jpg
50484,1280,720,631.94293,353.39117,986.8637,986.74805,-1.218,-0.237,6.683,-0.048833,0.950720,0.110266,0.285638,img_469.jpg
50558,1280,720,631.94293,353.39117,986.8637,986.74805,-1.236,-0.237,6.668,-0.046941,0.953526,0.108549,0.277133,img_470.jpg
50634,1280,720,631.94293,353.39117,986.8637,986.74805,-1.263,-0.232,6.642,-0.044911,0.958297,0.106130,0.261509,img_471.jpg
50719,1280,720,631.94293,353.39117,986.8637,986.74805,-1.281,-0.229,6.625,-0.044572,0.961118,0.106040,0.251040,img_472.jpg
50793,1280,720,631.94293,353.39117,986.8637,986.74805,-1.309,-0.222,6.596,-0.043625,0.964132,0.103834,0.240344,img_473.jpg
50883,1280,720,631.94293,353.39117,986.8637,986.74805,-1.309,-0.222,6.596,-0.043625,0.964132,0.103834,0.240344,img_474.jpg
50957,1280,720,631.94293,353.39117,986.8637,986.74805,-1.309,-0.222,6.596,-0.043625,0.964132,0.103834,0.240344,img_475.jpg
51034,1280,720,631.94293,353.39117,986.8637,986.74805,-1.309,-0.222,6.596,-0.043625,0.964132,0.103834,0.240344,img_476.jpg
51117,1280,720,631.94293,353.39117,986.8637,986.74805,-1.309,-0.222,6.596,-0.043625,0.964132,0.103834,0.240344,img_477.jpg
51188,1280,720,631.94293,353.39117,986.8637,986.74805,-1.309,-0.222,6.596,-0.043625,0.964132,0.103834,0.240344,img_478.jpg
51265,1280,720,631.94293,353.39117,986.8637,986.74805,-1.309,-0.222,6.596,-0.043625,0.964132,0.103834,0.240344,img_479.jpg
51350,1280,720,631.94293,353.39117,986.8637,986.74805,-1.309,-0.222,6.596,-0.043625,0.964132,0.103834,0.240344,img_480.jpg
51420,1280,720,631.94293,353.39117,986.8637,986.74805,-1.309,-0.222,6.596,-0.043625,0.964132,0.103834,0.240344,img_481.jpg
51499,1280,720,631.94293,353.39117,986.8637,986.74805,-1.309,-0.222,6.596,-0.043625,0.964132,0.103834,0.240344,img_482.jpg
51583,1280,720,631.94293,353.39117,986.8637,986.74805,-1.309,-0.222,6.596,-0.043625,0.964132,0.103834,0.240344,img_483.jpg
51657,1280,720,631.94293,353.39117,986.8637,986.74805,-1.309,-0.222,6.596,-0.043625,0.964132,0.103834,0.240344,img_484.jpg
51735,1280,720,631.94293,353.39117,986.8637,986.74805,-1.309,-0.222,6.596,-0.043625,0.964132,0.103834,0.240344,img_485.jpg
51817,1280,720,631.94293,353.39117,986.8637,986.74805,-1.309,-0.222,6.596,-0.043625,0.964132,0.103834,0.240344,img_486.jpg
51890,1280,720,631.94293,353.39117,986.8637,986.74805,-1.309,-0.222,6.596,-0.043625,0.964132,0.103834,0.240344,img_487.jpg
51983,1280,720,631.94293,353.39117,986.8637,986.74805,-1.309,-0.222,6.596,-0.043625,0.964132,0.103834,0.240344,img_488.jpg
52060,1280,720,631.94293,353.39117,986.8637,986.74805,-1.309,-0.222,6.596,-0.043625,0.964132,0.103834,0.240344,img_489.jpg
52150,1280,720,631.94293,353.39117,986.8637,986.74805,-1.309,-0.222,6.596,-0.043625,0.964132,0.103834,0.240344,img_490.jpg
52226,1280,720,631.94293,353.39117,986.8637,986.74805,-0.958,-0.273,6.761,-0.028347,0.953998,0.088327,0.285103,img_491.jpg
52318,1280,720,631.94293,353.39117,986.8637,986.74805,-0.933,-0.259,6.747,-0.029806,0.956633,0.070915,0.280956,img_492.jpg
52390,1280,720,631.94293,353.39117,986.8637,986.74805,-0.955,-0.266,6.747,-0.030247,0.959336,0.073805,0.270762,img_493.jpg
52483,1280,720,631.94293,353.39117,986.8637,986.74805,-0.961,-0.267,6.749,-0.028462,0.961710,0.071802,0.262961,img_494.jpg
52558,1280,720,631.94293,353.39117,986.8637,986.74805,-0.972,-0.270,6.747,-0.021164,0.964713,0.066764,0.253818,img_495.jpg,marker_9.jpg,0.3194923,0.3194923,-1.367,-0.434,7.403,0.207566,0.692179,-0.662748,-0.662748
52651,1280,720,631.94293,353.39117,986.8637,986.74805,-0.983,-0.270,6.746,-0.022158,0.965434,0.069438,0.250250,img_496.jpg
52718,1280,720,631.94293,353.39117,986.8637,986.74805,-0.991,-0.268,6.745,-0.018775,0.966723,0.071046,0.245044,img_497.jpg
52790,1280,720,631.94293,353.39117,986.8637,986.74805,-1.004,-0.266,6.746,-0.010588,0.968668,0.079216,0.235148,img_498.jpg
52885,1280,720,631.94293,353.39117,986.8637,986.74805,-1.017,-0.267,6.747,-0.005767,0.968877,0.087195,0.231607,img_499.jpg
52954,1280,720,631.94293,353.39117,986.8637,986.74805,-1.030,-0.266,6.748,-0.010308,0.968205,0.093298,0.231880,img_500.jpg
53035,1280,720,631.94293,353.39117,986.8637,986.74805,-1.045,-0.262,6.744,-0.013519,0.967583,0.095262,0.233507,img_501.jpg
53118,1280,720,631.94293,353.39117,986.8637,986.74805,-1.054,-0.257,6.737,-0.020196,0.969306,0.093309,0.226564,img_502.jpg
53189,1280,720,631.94293,353.39117,986.8637,986.74805,-1.059,-0.248,6.722,-0.019034,0.974059,0.078818,0.211269,img_503.jpg,marker_9.jpg,0.2813042,0.2813042,-1.309,-0.412,7.319,0.220734,0.661734,-0.688620,-0.688620
53284,1280,720,631.94293,353.39117,986.8637,986.74805,-1.065,-0.244,6.714,-0.023087,0.976802,0.074315,0.199504,img_504.jpg
53358,1280,720,631.94293,353.39117,986.8637,986.74805,-1.077,-0.243,6.699,-0.026703,0.979768,0.071202,0.185129,img_505.jpg
53452,1280,720,631.94293,353.39117,986.8637,986.74805,-1.086,-0.243,6.686,-0.028612,0.981290,0.069573,0.177233,img_506.jpg
53536,1280,720,631.94293,353.39117,986.8637,986.74805,-1.102,-0.246,6.668,-0.030645,0.982173,0.075842,0.169250,img_507.jpg
53619,1280,720,631.94293,353.39117,986.8637,986.74805,-1.116,-0.246,6.653,-0.029053,0.982253,0.079765,0.167251,img_508.jpg
53692,1280,720,631.94293,353.39117,986.8637,986.74805,-1.139,-0.247,6.629,-0.029224,0.982522,0.082833,0.164120,img_509.jpg,marker_9.jpg,0.2753226,0.2753226,-1.301,-0.412,7.308,0.217551,0.675942,-0.673533,-0.673533
53784,1280,720,631.94293,353.39117,986.8637,986.74805,-1.153,-0.247,6.611,-0.030289,0.982564,0.085921,0.162076,img_510.jpg
53858,1280,720,631.94293,353.39117,986.8637,986.74805,-1.164,-0.247,6.591,-0.028594,0.982707,0.084935,0.162036,img_511.jpg
53937,1280,720,631.94293,353.39117,986.8637,986.74805,-1.182,-0.247,6.560,-0.027758,0.982285,0.086537,0.163883,img_512.jpg
54019,1280,720,631.94293,353.39117,986.8637,986.74805,-1.194,-0.247,6.538,-0.029337,0.981665,0.087384,0.166845,img_513.jpg
54095,1280,720,631.94293,353.39117,986.8637,986.74805,-1.212,-0.245,6.503,-0.030647,0.980656,0.084778,0.173746,img_514.jpg
54185,1280,720,631.94293,353.39117,986.8637,986.74805,-1.225,-0.245,6.480,-0.031751,0.979383,0.085256,0.180366,img_515.jpg
54264,1280,720,631.94293,353.39117,986.8637,986.74805,-1.237,-0.245,6.458,-0.034379,0.978235,0.086691,0.185362,img_516.jpg
54339,1280,720,631.94293,353.39117,986.8637,986.74805,-1.250,-0.245,6.430,-0.034901,0.975770,0.083577,0.199171,img_517.jpg,marker_9.jpg,0.27528855,0.27528855,-1.301,-0.410,7.305,0.217631,0.682266,-0.667058,-0.667058
54419,1280,720,631.94293,353.39117,986.8637,986.74805,-1.259,-0.245,6.412,-0.036346,0.974751,0.079080,0.205635,img_518.jpg
54495,1280,720,631.94293,353.39117,986.8637,986.74805,-1.277,-0.244,6.393,-0.038446,0.972588,0.074972,0.216736,img_519.jpg
54585,1280,720,631.94293,353.39117,986.8637,986.74805,-1.287,-0.244,6.388,-0.039149,0.970696,0.074474,0.225100,img_520.jpg
54659,1280,720,631.94293,353.39117,986.8637,986.74805,-1.311,-0.247,6.378,-0.040204,0.968229,0.077962,0.234177,img_521.jpg
54751,1280,720,631.94293,353.39117,986.8637,986.74805,-1.326,-0.251,6.371,-0.041480,0.965824,0.081617,0.242490,img_522.jpg
54821,1280,720,631.94293,353.39117,986.8637,986.74805,-1.346,-0.255,6.363,-0.039631,0.962892,0.083454,0.253580,img_523.jpg
54897,1280,720,631.94293,353.39117,986.8637,986.74805,-1.380,-0.261,6.349,-0.040380,0.957701,0.087821,0.271046,img_524.jpg
54984,1280,720,631.94293,353.39117,986.8637,986.74805,-1.406,-0.265,6.343,-0.039221,0.953603,0.094081,0.283288,img_525.jpg
55061,1280,720,631.94293,353.39117,986.8637,986.74805,-1.446,-0.269,6.330,-0.032905,0.948682,0.098643,0.298645,img_526.jpg
55151,1280,720,631.94293,353.39117,986.8637,986.74805,-1.474,-0.269,6.321,-0.032427,0.946490,0.097617,0.305901,img_527.jpg
55223,1280,720,631.94293,353.39117,986.8637,986.74805,-1.516,-0.268,6.307,-0.036925,0.941550,0.096452,0.320653,img_528.jpg
55302,1280,720,631.94293,353.39117,986.8637,986.74805,-1.543,-0.264,6.296,-0.034654,0.938157,0.092659,0.331776,img_529.jpg
55384,1280,720,631.94293,353.39117,986.8637,986.74805,-1.571,-0.262,6.284,-0.035294,0.934863,0.088941,0.341869,img_530.jpg
55468,1280,720,631.94293,353.39117,986.8637,986.74805,-1.615,-0.261,6.267,-0.039853,0.928440,0.086386,0.359095,img_531.jpg
55551,1280,720,631.94293,353.39117,986.8637,986.74805,-1.643,-0.262,6.256,-0.049139,0.925923,0.086822,0.364298,img_532.jpg
55623,1280,720,631.94293,353.39117,986.8637,986.74805,-1.680,-0.262,6.239,-0.055894,0.923579,0.086239,0.369380,img_533.jpg
55702,1280,720,631.94293,353.39117,986.8637,986.74805,-1.705,-0.261,6.227,-0.056339,0.923303,0.084259,0.370456,img_534.jpg
55784,1280,720,631.94293,353.39117,986.8637,986.74805,-1.730,-0.261,6.213,-0.059787,0.923410,0.083066,0.369918,img_535.jpg
55862,1280,720,631.94293,353.39117,986.8637,986.74805,-1.766,-0.261,6.188,-0.058267,0.925707,0.079370,0.365201,img_536.jpg
55951,1280,720,631.94293,353.39117,986.8637,986.74805,-1.788,-0.261,6.168,-0.058792,0.928083,0.079592,0.358985,img_537.jpg
56022,1280,720,631.94293,353.39117,986.8637,986.74805,-1.817,-0.260,6.133,-0.048933,0.932049,0.078517,0.350322,img_538.jpg
56102,1280,720,631.94293,353.39117,986.8637,986.74805,-1.837,-0.257,6.109,-0.049582,0.933851,0.080496,0.344941,img_539.jpg
56184,1280,720,631.94293,353.39117,986.8637,986.74805,-1.856,-0.254,6.085,-0.048598,0.935139,0.081656,0.341300,img_540.jpg
56258,1280,720,631.94293,353.39117,986.8637,986.74805,-1.880,-0.250,6.050,-0.044688,0.936969,0.082765,0.336516,img_541.jpg
56336,1280,720,631.94293,353.39117,986.8637,986.74805,-1.896,-0.249,6.028,-0.041113,0.936701,0.082958,0.337667,img_542.jpg
56419,1280,720,631.94293,353.39117,986.8637,986.74805,-1.896,-0.249,6.028,-0.041113,0.936701,0.082958,0.337667,img_543.jpg
56493,1280,720,631.94293,353.39117,986.8637,986.74805,-1.896,-0.249,6.028,-0.041113,0.936701,0.082958,0.337667,img_544.jpg
56584,1280,720,631.94293,353.39117,986.8637,986.74805,-1.896,-0.249,6.028,-0.041113,0.936701,0.082958,0.337667,img_545.jpg
56659,1280,720,631.94293,353.39117,986.8637,986.74805,-1.896,-0.249,6.028,-0.041113,0.936701,0.082958,0.337667,img_546.jpg
56735,1280,720,631.94293,353.39117,986.8637,986.74805,-1.896,-0.249,6.028,-0.041113,0.936701,0.082958,0.337667,img_547.jpg
56808,1280,720,631.94293,353.39117,986.8637,986.74805,-1.896,-0.249,6.028,-0.041113,0.936701,0.082958,0.337667,img_548.jpg
56884,1280,720,631.94293,353.39117,986.8637,986.74805,-1.896,-0.249,6.028,-0.041113,0.936701,0.082958,0.337667,img_549.jpg
56964,1280,720,631.94293,353.39117,986.8637,986.74805,-1.896,-0.249,6.028,-0.041113,0.936701,0.082958,0.337667,img_550.jpg
57051,1280,720,631.94293,353.39117,986.8637,986.74805,-1.896,-0.249,6.028,-0.041113,0.936701,0.082958,0.337667,img_551.jpg
57135,1280,720,631.94293,353.39117,986.8637,986.74805,-1.896,-0.249,6.028,-0.041113,0.936701,0.082958,0.337667,img_552.jpg
57218,1280,720,631.94293,353.39117,986.8637,986.74805,-1.896,-0.249,6.028,-0.041113,0.936701,0.082958,0.337667,img_553.jpg
57290,1280,720,631.94293,353.39117,986.8637,986.74805,-1.896,-0.249,6.028,-0.041113,0.936701,0.082958,0.337667,img_554.jpg
57384,1280,720,631.94293,353.39117,986.8637,986.74805,-1.896,-0.249,6.028,-0.041113,0.936701,0.082958,0.337667,img_555.jpg
57461,1280,720,631.94293,353.39117,986.8637,986.74805,-1.543,-0.266,6.323,-0.013644,0.950597,0.077153,0.300377,img_556.jpg
57551,1280,720,631.94293,353.39117,986.8637,986.74805,-1.582,-0.265,6.326,-0.011011,0.952309,0.075898,0.295339,img_557.jpg
57635,1280,720,631.94293,353.39117,986.8637,986.74805,-1.592,-0.266,6.327,-0.008853,0.952752,0.075362,0.294120,img_558.jpg
57705,1280,720,631.94293,353.39117,986.8637,986.74805,-1.606,-0.266,6.327,-0.008223,0.953036,0.075048,0.293296,img_559.jpg
57802,1280,720,631.94293,353.39117,986.8637,986.74805,-1.619,-0.266,6.329,-0.009564,0.954799,0.075680,0.287297,img_560.jpg
57885,1280,720,631.94293,353.39117,986.8637,986.74805,-1.628,-0.265,6.329,-0.011269,0.956107,0.075131,0.282998,img_561.jpg
57965,1280,720,631.94293,353.39117,986.8637,986.74805,-1.639,-0.262,6.326,-0.009893,0.958606,0.071047,0.275552,img_562.jpg,marker_10.jpg,0.24850135,0.24850135,-1.953,-0.392,6.818,0.158438,0.676299,-0.703370,-0.703370
58051,1280,720,631.94293,353.39117,986.8637,986.74805,-1.649,-0.259,6.323,-0.011338,0.960125,0.069531,0.270550,img_563.jpg
58123,1280,720,631.94293,353.39117,986.8637,986.74805,-1.663,-0.258,6.315,-0.013645,0.963099,0.066334,0.260487,img_564.jpg
58203,1280,720,631.94293,353.39117,986.8637,986.74805,-1.675,-0.259,6.308,-0.018142,0.965045,0.065876,0.253019,img_565.jpg
58285,1280,720,631.94293,353.39117,986.8637,986.74805,-1.684,-0.259,6.300,-0.018360,0.967007,0.064661,0.245722,img_566.jpg
58366,1280,720,631.94293,353.39117,986.8637,986.74805,-1.699,-0.257,6.286,-0.021524,0.970879,0.061238,0.230608,img_567.jpg
58452,1280,720,631.94293,353.39117,986.8637,986.74805,-1.707,-0.257,6.276,-0.020922,0.973083,0.062166,0.220924,img_568.jpg
58552,1280,720,631.94293,353.39117,986.8637,986.74805,-1.720,-0.255,6.257,-0.023343,0.976222,0.060385,0.206879,img_569.jpg
58627,1280,720,631.94293,353.39117,986.8637,986.74805,-1.733,-0.256,6.240,-0.024327,0.978036,0.060318,0.198031,img_570.jpg,marker_10.jpg,0.25195816,0.25195816,-1.965,-0.393,6.830,0.152470,0.686508,-0.694058,-0.694058
58721,1280,720,631.94293,353.39117,986.8637,986.74805,-1.748,-0.256,6.222,-0.027580,0.978872,0.056653,0.194522,img_571.jpg
58805,1280,720,631.94293,353.39117,986.8637,986.74805,-1.759,-0.255,6.209,-0.029125,0.978839,0.055978,0.194662,img_572.jpg
58903,1280,720,631.94293,353.39117,986.8637,986.74805,-1.778,-0.255,6.190,-0.032103,0.977403,0.055462,0.201439,img_573.jpg
58985,1280,720,631.94293,353.39117,986.8637,986.74805,-1.794,-0.255,6.174,-0.034402,0.975913,0.057507,0.207614,img_574.jpg
59066,1280,720,631.94293,353.39117,986.8637,986.74805,-1.810,-0.256,6.156,-0.034420,0.973017,0.061303,0.219763,img_575.jpg
59153,1280,720,631.94293,353.39117,986.8637,986.74805,-1.821,-0.256,6.142,-0.033817,0.970328,0.061194,0.231464,img_576.jpg
59236,1280,720,631.94293,353.39117,986.8637,986.74805,-1.834,-0.257,6.124,-0.034692,0.966909,0.064098,0.244487,img_577.jpg,marker_10.jpg,0.25896737,0.25896737,-1.975,-0.395,6.835,0.178613,0.684934,-0.683044,-0.683044
59311,1280,720,631.94293,353.39117,986.8637,986.74805,-1.846,-0.257,6.112,-0.036061,0.965052,0.066728,0.250844,img_578.jpg
59404,1280,720,631.94293,353.39117,986.8637,986.74805,-1.858,-0.257,6.092,-0.036127,0.962348,0.066337,0.261115,img_579.jpg
59486,1280,720,631.94293,353.39117,986.8637,986.74805,-1.871,-0.257,6.075,-0.035976,0.960061,0.067282,0.269188,img_580.jpg
59568,1280,720,631.94293,353.39117,986.8637,986.74805,-1.879,-0.258,6.064,-0.035823,0.958542,0.069383,0.274043,img_581.jpg
59642,1280,720,631.94293,353.39117,986.8637,986.74805,-1.887,-0.258,6.054,-0.036756,0.957043,0.069753,0.279021,img_582.jpg
59737,1280,720,631.94293,353.39117,986.8637,986.74805,2.876,0.012,1.223,0.072011,0.021563,0.004781,-0.997159,img_583.jpg,marker_10.jpg,0.25588664,0.25588664,2.528,-0.135,0.503,-0.705780,-0.020526,0.004157,0.004157
59809,1280,720,631.94293,353.39117,986.8637,986.74805,2.855,-0.010,1.258,0.053764,0.058606,0.015808,-0.996707,img_584.jpg
59884,1280,720,631.94293,353.39117,986.8637,986.74805,2.869,-0.011,1.263,0.050735,0.076098,0.018483,-0.995637,img_585.jpg
59969,1280,720,631.94293,353.39117,986.8637,986.74805,2.880,-0.012,1.263,0.051085,0.089350,0.019201,-0.994504,img_586.jpg
60044,1280,720,631.94293,353.39117,986.8637,986.74805,2.892,-0.012,1.259,0.056369,0.105976,0.021146,-0.992545,img_587.jpg
60117,1280,720,631.94293,353.39117,986.8637,986.74805,2.914,-0.018,1.250,0.063319,0.138709,0.019431,-0.988116,img_588.jpg
60204,1280,720,631.94293,353.39117,986.8637,986.74805,2.932,-0.022,1.244,0.068338,0.163800,0.014972,-0.984010,img_589.jpg
60276,1280,720,631.94293,353.39117,986.8637,986.74805,2.953,-0.025,1.237,0.071316,0.193042,0.013468,-0.978503,img_590.jpg
60356,1280,720,631.94293,353.39117,986.8637,986.74805,2.987,-0.026,1.227,0.072323,0.236626,0.017678,-0.968744,img_591.jpg
60435,1280,720,631.94293,353.39117,986.8637,986.74805,3.011,-0.024,1.223,0.069389,0.268441,0.023773,-0.960500,img_592.jpg
60519,1280,720,631.94293,353.39117,986.8637,986.74805,3.044,-0.020,1.219,0.059736,0.320263,0.028365,-0.945018,img_593.jpg
60602,1280,720,631.94293,353.39117,986.8637,986.74805,3.067,-0.018,1.217,0.060566,0.357420,0.034398,-0.931343,img_594.jpg
60676,1280,720,631.94293,353.39117,986.8637,986.74805,3.089,-0.016,1.219,0.056589,0.397841,0.044160,-0.914642,img_595.jpg
60752,1280,720,631.94293,353.39117,986.8637,986.74805,3.118,-0.014,1.227,0.050062,0.454810,0.053054,-0.887596,img_596.jpg
60836,1280,720,631.94293,353.39117,986.8637,986.74805,3.136,-0.012,1.235,0.044218,0.490012,0.055277,-0.868837,img_597.jpg
60906,1280,720,631.94293,353.39117,986.8637,986.74805,3.152,-0.009,1.243,0.041990,0.516789,0.055024,-0.853310,img_598.jpg
60983,1280,720,631.94293,353.39117,986.8637,986.74805,3.175,-0.005,1.260,0.036279,0.562264,0.052134,-0.824515,img_599.jpg
61069,1280,720,631.94293,353.39117,986.8637,986.74805,3.188,-0.005,1.279,0.036290,0.589320,0.052848,-0.805352,img_600.jpg
61145,1280,720,631.94293,353.39117,986.8637,986.74805,3.205,-0.003,1.286,0.036179,0.610388,0.052722,-0.789518,img_601.jpg
61220,1280,720,631.94293,353.39117,986.8637,986.74805,3.222,-0.003,1.306,0.038736,0.636958,0.054472,-0.767996,img_602.jpg
61304,1280,720,631.94293,353.39117,986.8637,986.74805,3.233,-0.003,1.319,0.041414,0.649878,0.050336,-0.757238,img_603.jpg
61387,1280,720,631.94293,353.39117,986.8637,986.74805,3.262,-0.005,1.316,0.041140,0.660217,0.044181,-0.748645,img_604.jpg
61486,1280,720,631.94293,353.39117,986.8637,986.74805,3.270,-0.006,1.323,0.040173,0.663967,0.038979,-0.745664,img_605.jpg
61561,1280,720,631.94293,353.39117,986.8637,986.74805,3.285,-0.006,1.340,0.038845,0.665008,0.033040,-0.745094,img_606.jpg
61653,1280,720,631.94293,353.39117,986.8637,986.74805,3.297,-0.007,1.355,0.039184,0.662505,0.032323,-0.747334,img_607.jpg
61735,1280,720,631.94293,353.39117,986.8637,986.74805,3.307,-0.008,1.367,0.038457,0.662185,0.028669,-0.747804,img_608.jpg
61810,1280,720,631.94293,353.39117,986.8637,986.74805,3.311,-0.009,1.376,0.039719,0.657126,0.028641,-0.752189,img_609.jpg
61888,1280,720,631.94293,353.39117,986.8637,986.74805,3.323,-0.009,1.400,0.037786,0.650556,0.030104,-0.757920,img_610.jpg
61970,1280,720,631.94293,353.39117,986.8637,986.74805,3.329,-0.008,1.418,0.034049,0.649572,0.028845,-0.758990,img_611.jpg
62046,1280,720,631.94293,353.39117,986.8637,986.74805,3.339,-0.009,1.445,0.033405,0.649944,0.029871,-0.758660,img_612.jpg
62138,1280,720,631.94293,353.39117,986.8637,986.74805,3.345,-0.009,1.463,0.032190,0.653878,0.025265,-0.755492,img_613.jpg
62212,1280,720,631.94293,353.39117,986.8637,986.74805,3.346,-0.010,1.477,0.035615,0.654935,0.025791,-0.754404,img_614.jpg
62292,1280,720,631.94293,353.39117,986.8637,986.74805,3.353,-0.015,1.505,0.036830,0.661544,0.025086,-0.748581,img_615.jpg
62387,1280,720,631.94293,353.39117,986.8637,986.74805,3.352,-0.020,1.526,0.037506,0.669867,0.026231,-0.741070,img_616.jpg
62470,1280,720,631.94293,353.39117,986.8637,986.74805,3.349,-0.023,1.539,0.038961,0.673382,0.028462,-0.737719,img_617.jpg
62545,1280,720,631.94293,353.39117,986.8637,986.74805,3.344,-0.026,1.550,0.040693,0.677109,0.031571,-0.734079,img_618.jpg
62620,1280,720,631.94293,353.39117,986.8637,986.74805,3.334,-0.026,1.569,0.040189,0.680853,0.034640,-0.730495,img_619.jpg
62705,1280,720,631.94293,353.39117,986.8637,986.74805,3.325,-0.026,1.583,0.039859,0.682723,0.037073,-0.728647,img_620.jpg
62780,1280,720,631.94293,353.39117,986.8637,986.74805,3.316,-0.026,1.596,0.038938,0.686007,0.036749,-0.725623,img_621.jpg,marker_11.jpg,0.26950806,0.26950806,3.982,-0.146,1.581,-0.520277,0.488926,-0.498430,-0.498430
62859,1280,720,631.94293,353.39117,986.8637,986.74805,3.299,-0.027,1.615,0.039313,0.689181,0.035500,-0.722651,img_622.jpg
62936,1280,720,631.94293,353.39117,986.8637,986.74805,3.286,-0.029,1.628,0.039543,0.687358,0.034180,-0.724436,img_623.jpg
63012,1280,720,631.94293,353.39117,986.8637,986.74805,3.275,-0.031,1.639,0.041702,0.686132,0.029346,-0.725687,img_624.jpg
63105,1280,720,631.94293,353.39117,986.8637,986.74805,3.260,-0.034,1.657,0.045012,0.683232,0.028837,-0.728242,img_625.jpg
63182,1280,720,631.94293,353.39117,986.8637,986.74805,3.251,-0.035,1.670,0.043663,0.685483,0.024375,-0.726369,img_626.jpg
63264,1280,720,631.94293,353.39117,986.8637,986.74805,3.236,-0.035,1.690,0.040333,0.681338,0.022113,-0.730522,img_627.jpg,marker_11.jpg,0.26750413,0.26750413,3.983,-0.146,1.583,-0.517087,0.490701,-0.501160,-0.501160
63353,1280,720,631.94293,353.39117,986.8637,986.74805,3.224,-0.034,1.709,0.039535,0.672089,0.025962,-0.738958,img_628.jpg
63439,1280,720,631.94293,353.39117,986.8637,986.74805,3.216,-0.035,1.724,0.039812,0.668509,0.024250,-0.742242,img_629.jpg
63524,1280,720,631.94293,353.39117,986.8637,986.74805,3.206,-0.036,1.750,0.034375,0.660190,0.028900,-0.749755,img_630.jpg
63606,1280,720,631.94293,353.39117,986.8637,986.74805,3.202,-0.036,1.769,0.032276,0.657100,0.030331,-0.752501,img_631.jpg
63693,1280,720,631.94293,353.39117,986.8637,986.74805,3.198,-0.035,1.801,0.026897,0.649765,0.034502,-0.758876,img_632.jpg
63788,1280,720,631.94293,353.39117,986.8637,986.74805,3.196,-0.033,1.838,0.021297,0.641097,0.033166,-0.766447,img_633.jpg
63870,1280,720,631.94293,353.39117,986.8637,986.74805,3.195,-0.032,1.863,0.020965,0.638735,0.028503,-0.768613,img_634.jpg
63953,1280,720,631.94293,353.39117,986.8637,986.74805,3.193,-0.033,1.903,0.022112,0.631338,0.025751,-0.774765,img_635.jpg,marker_11.jpg,0.26970607,0.26970607,3.988,-0.146,1.581,-0.512454,0.498465,-0.510088,-0.510088
64037,1280,720,631.94293,353.39117,986.8637,986.74805,3.191,-0.036,1.930,0.023770,0.627736,0.026417,-0.777615,img_636.jpg
64115,1280,720,631.94293,353.39117,986.8637,986.74805,3.187,-0.038,1.955,0.027900,0.626469,0.027901,-0.778447,img_637.jpg
64205,1280,720,631.94293,353.39117,986.8637,986.74805,-1.935,-0.281,5.127,0.035438,-0.649334,-0.037875,-0.758733,img_638.jpg
64288,1280,720,631.94293,353.39117,986.8637,986.74805,-1.919,-0.257,5.082,0.043856,-0.650326,-0.044088,-0.757106,img_639.jpg,marker_10.jpg,0.25729117,0.25729117,-1.968,-0.396,6.823,0.166783,0.688654,-0.684472,-0.684472,marker_11.jpg,0.26970613,0.26970613,-2.841,-0.412,5.207,-0.589926,-0.395121,0.392427,0.392427
64387,1280,720,631.94293,353.39117,986.8637,986.74805,-1.891,-0.262,5.047,0.052080,-0.648963,-0.044424,-0.757734,img_640.jpg
64470,1280,720,631.94293,353.39117,986.8637,986.74805,-1.869,-0.268,5.027,0.052347,-0.645543,-0.044642,-0.760619,img_641.jpg
64555,1280,720,631.94293,353.39117,986.8637,986.74805,-1.839,-0.270,4.996,0.058339,-0.640555,-0.043670,-0.764447,img_642.jpg
64637,1280,720,631.94293,353.39117,986.8637,986.74805,-1.815,-0.270,4.979,0.055208,-0.634364,-0.043486,-0.769833,img_643.jpg
64715,1280,720,631.94293,353.39117,986.8637,986.74805,-1.794,-0.273,4.959,0.057147,-0.628084,-0.047143,-0.774611,img_644.jpg
64795,1280,720,631.94293,353.39117,986.8637,986.74805,-1.757,-0.275,4.932,0.050884,-0.620701,-0.054853,-0.780469,img_645.jpg
64887,1280,720,631.94293,353.39117,986.8637,986.74805,-1.723,-0.276,4.903,0.046151,-0.610873,-0.065756,-0.787642,img_646.jpg
64971,1280,720,631.94293,353.39117,986.8637,986.74805,-1.703,-0.276,4.881,0.047156,-0.603301,-0.070472,-0.792993,img_647.jpg
65051,1280,720,631.94293,353.39117,986.8637,986.74805,-1.679,-0.275,4.842,0.055050,-0.596136,-0.073000,-0.797661,img_648.jpg
65136,1280,720,631.94293,353.39117,986.8637,986.74805,-1.660,-0.273,4.813,0.056364,-0.594627,-0.066770,-0.799240,img_649.jpg
65210,1280,720,631.94293,353.39117,986.8637,986.74805,-1.649,-0.272,4.780,0.060882,-0.594648,-0.062712,-0.799221,img_650.jpg
65287,1280,720,631.94293,353.39117,986.8637,986.74805,-1.637,-0.275,4.729,0.058937,-0.594446,-0.071879,-0.798745,img_651.jpg
65370,1280,720,631.94293,353.39117,986.8637,986.74805,-1.620,-0.277,4.693,0.057084,-0.600696,-0.071194,-0.794253,img_652.jpg
65446,1280,720,631.94293,353.39117,986.8637,986.74805,-1.610,-0.280,4.660,0.047790,-0.600468,-0.077358,-0.794462,img_653.jpg
65522,1280,720,631.94293,353.39117,986.8637,986.74805,-1.589,-0.283,4.608,0.045678,-0.607829,-0.080071,-0.788699,img_654.jpg
65607,1280,720,631.94293,353.39117,986.8637,986.74805,-1.574,-0.285,4.575,0.052399,-0.606981,-0.090723,-0.787780,img_655.jpg
65686,1280,720,631.94293,353.39117,986.8637,986.74805,-1.550,-0.286,4.532,0.057404,-0.609597,-0.098990,-0.784409,img_656.jpg
65770,1280,720,631.94293,353.39117,986.8637,986.74805,-1.531,-0.284,4.506,0.061580,-0.612795,-0.096429,-0.781916,img_657.jpg
65843,1280,720,631.94293,353.39117,986.8637,986.74805,-1.497,-0.284,4.469,0.068363,-0.612222,-0.091280,-0.782418,img_658.jpg
65938,1280,720,631.94293,353.39117,986.8637,986.74805,-1.472,-0.284,4.444,0.070505,-0.609822,-0.089339,-0.784324,img_659.jpg
66023,1280,720,631.94293,353.39117,986.8637,986.74805,-1.434,-0.282,4.408,0.069371,-0.605297,-0.085146,-0.788386,img_660.jpg
66105,1280,720,631.94293,353.39117,986.8637,986.74805,-1.409,-0.279,4.384,0.066881,-0.602219,-0.079421,-0.791550,img_661.jpg
66181,1280,720,631.94293,353.39117,986.8637,986.74805,-1.366,-0.277,4.349,0.059132,-0.597963,-0.075924,-0.795725,img_662.jpg
66270,1280,720,631.94293,353.39117,986.8637,986.74805,-1.336,-0.276,4.327,0.052036,-0.592373,-0.079090,-0.800082,img_663.jpg
66346,1280,720,631.94293,353.39117,986.8637,986.74805,-1.305,-0.273,4.304,0.044888,-0.589192,-0.083802,-0.802381,img_664.jpg
66422,1280,720,631.94293,353.39117,986.8637,986.74805,-1.265,-0.270,4.270,0.038726,-0.584190,-0.089140,-0.805777,img_665.jpg
66506,1280,720,631.94293,353.39117,986.8637,986.74805,-1.236,-0.263,4.244,0.039901,-0.578270,-0.090897,-0.809783,img_666.jpg
66588,1280,720,631.94293,353.39117,986.8637,986.74805,-1.199,-0.248,4.203,0.036897,-0.572202,-0.083541,-0.815012,img_667.jpg
66672,1280,720,631.94293,353.39117,986.8637,986.74805,-1.186,-0.241,4.174,0.031178,-0.563786,-0.075351,-0.821886,img_668.jpg
66750,1280,720,631.94293,353.39117,986.8637,986.74805,-1.171,-0.232,4.127,0.031338,-0.555549,-0.064224,-0.828407,img_669.jpg
66838,1280,720,631.94293,353.39117,986.8637,986.74805,-1.154,-0.225,4.093,0.028626,-0.552645,-0.058710,-0.830853,img_670.jpg
66910,1280,720,631.94293,353.39117,986.8637,986.74805,-1.145,-0.219,4.062,0.042768,-0.563883,-0.054515,-0.822943,img_671.jpg
66987,1280,720,631.94293,353.39117,986.8637,986.74805,-1.131,-0.211,4.014,0.037826,-0.563415,-0.045944,-0.824028,img_672.jpg
67071,1280,720,631.94293,353.39117,986.8637,986.74805,-1.127,-0.206,3.982,0.037089,-0.560293,-0.048054,-0.826067,img_673.jpg
67150,1280,720,631.94293,353.39117,986.8637,986.74805,-1.123,-0.201,3.954,0.031482,-0.555885,-0.048843,-0.829226,img_674.jpg
67229,1280,720,631.94293,353.39117,986.8637,986.74805,-1.116,-0.193,3.919,0.020171,-0.556953,-0.041577,-0.829258,img_675.jpg
67306,1280,720,631.94293,353.39117,986.8637,986.74805,-1.110,-0.188,3.897,0.017642,-0.559739,-0.038431,-0.827589,img_676.jpg
67379,1280,720,631.94293,353.39117,986.8637,986.74805,-1.103,-0.186,3.875,0.009931,-0.562906,-0.034851,-0.825726,img_677.jpg
67473,1280,720,631.94293,353.39117,986.8637,986.74805,-1.103,-0.185,3.863,0.011116,-0.565735,-0.033401,-0.823835,img_678.jpg
67545,1280,720,631.94293,353.39117,986.8637,986.74805,-1.098,-0.182,3.850,0.015762,-0.568430,-0.033663,-0.821892,img_679.jpg,marker_12.jpg,0.26544106,0.26544106,-1.652,-0.370,3.660,-0.601055,-0.407034,0.369444,0.369444
67637,1280,720,631.94293,353.39117,986.8637,986.74805,-1.093,-0.182,3.847,0.014834,-0.571745,-0.032767,-0.819642,img_680.jpg
67707,1280,720,631.94293,353.39117,986.8637,986.74805,-1.088,-0.180,3.846,0.014211,-0.576020,-0.032054,-0.816683,img_681.jpg
67781,1280,720,631.94293,353.39117,986.8637,986.74805,-1.080,-0.177,3.848,0.014155,-0.581328,-0.031330,-0.812943,img_682.jpg
67872,1280,720,631.94293,353.39117,986.8637,986.74805,-1.076,-0.177,3.851,0.013475,-0.578752,-0.029374,-0.814863,img_683.jpg
67945,1280,720,631.94293,353.39117,986.8637,986.74805,-1.069,-0.175,3.852,0.018633,-0.575629,-0.027710,-0.817029,img_684.jpg
68020,1280,720,631.94293,353.39117,986.8637,986.74805,-1.060,-0.175,3.859,0.022678,-0.573986,-0.028109,-0.818068,img_685.jpg
68105,1280,720,631.94293,353.39117,986.8637,986.74805,-1.055,-0.176,3.866,0.019946,-0.570342,-0.034647,-0.820434,img_686.jpg
68175,1280,720,631.94293,353.39117,986.8637,986.74805,-1.049,-0.177,3.872,0.015679,-0.570091,-0.037334,-0.820583,img_687.jpg,marker_12.jpg,0.26816308,0.26816308,-1.662,-0.373,3.655,-0.596924,-0.407134,0.372626,0.372626
68256,1280,720,631.94293,353.39117,986.8637,986.74805,-1.039,-0.179,3.882,0.011841,-0.568677,-0.033565,-0.821790,img_688.jpg
68339,1280,720,631.94293,353.39117,986.8637,986.74805,-1.034,-0.177,3.886,0.013707,-0.568092,-0.033074,-0.822186,img_689.jpg
68417,1280,720,631.94293,353.39117,986.8637,986.74805,-1.029,-0.176,3.892,0.011910,-0.565045,-0.032849,-0.824320,img_690.jpg
68506,1280,720,631.94293,353.39117,986.8637,986.74805,-1.023,-0.178,3.899,0.007082,-0.564784,-0.035050,-0.824464,img_691.jpg
68577,1280,720,631.94293,353.39117,986.8637,986.74805,-1.020,-0.178,3.902,0.009008,-0.565239,-0.036739,-0.824059,img_692.jpg
68670,1280,720,631.94293,353.39117,986.8637,986.74805,-1.017,-0.180,3.905,0.014560,-0.565324,-0.038438,-0.823844,img_693.jpg
68745,1280,720,631.94293,353.39117,986.8637,986.74805,-1.014,-0.181,3.909,0.013528,-0.565424,-0.038135,-0.823807,img_694.jpg
68837,1280,720,631.94293,353.39117,986.8637,986.74805,-1.013,-0.182,3.912,0.011963,-0.564109,-0.036418,-0.824810,img_695.jpg,marker_12.jpg,0.26813766,0.26813766,-1.663,-0.372,3.655,-0.594481,-0.410422,0.371937,0.371937
68923,1280,720,631.94293,353.39117,986.8637,986.74805,-1.010,-0.182,3.914,0.014768,-0.564925,-0.035759,-0.824235,img_696.jpg
69014,1280,720,631.94293,353.39117,986.8637,986.74805,-1.006,-0.182,3.916,0.014306,-0.567154,-0.034646,-0.822759,img_697.jpg
69099,1280,720,631.94293,353.39117,986.8637,986.74805,-1.001,-0.182,3.918,0.010491,-0.563318,-0.030354,-0.825616,img_698.jpg
