time,sizeX,sizeY,p_x,p_y,f_x,f_y,pos_X,pos_Y,pos_Z,q_x,q_y,q_z,q_w,marker_ID,marker_x,marker_y,marker_z,marker_qx,marker_qy,marker_qz,marker_qw,marker_ID,marker_x,marker_y,marker_z,marker_qx,marker_qy,marker_qz,marker_qw,marker_ID,marker_x,marker_y,marker_z,marker_qx,marker_qy,marker_qz,marker_qw,
12545,1280,720,631.94293,353.39117,986.8637,986.74805,0.371,0.002,1.021,0.064041,0.011469,0.012407,-0.997804,img_1.jpg
12644,1280,720,631.94293,353.39117,986.8637,986.74805,0.370,0.002,1.022,0.064027,0.016632,0.010883,-0.997750,img_2.jpg
12746,1280,720,631.94293,353.39117,986.8637,986.74805,0.370,0.002,1.023,0.063783,0.018348,0.010715,-0.997738,img_3.jpg
12826,1280,720,631.94293,353.39117,986.8637,986.74805,0.369,0.002,1.025,0.063736,0.019634,0.011133,-0.997712,img_4.jpg,marker_1.jpg,0.26996744,0.26996744,0.378,-0.110,0.377,-0.713091,0.000689,0.000295,0.000295
12892,1280,720,631.94293,353.39117,986.8637,986.74805,0.367,0.002,1.026,0.063520,0.020683,0.011547,-0.997700,img_5.jpg
12970,1280,720,631.94293,353.39117,986.8637,986.74805,0.365,0.002,1.028,0.064484,0.023428,0.012578,-0.997564,img_6.jpg
13059,1280,720,631.94293,353.39117,986.8637,986.74805,0.363,0.001,1.029,0.065729,0.027716,0.012204,-0.997378,img_7.jpg
13130,1280,720,631.94293,353.39117,986.8637,986.74805,0.361,0.000,1.029,0.069007,0.030384,0.011088,-0.997092,img_8.jpg
13206,1280,720,631.94293,353.39117,986.8637,986.74805,0.362,-0.002,1.030,0.071119,0.026373,0.012200,-0.997045,img_9.jpg
13292,1280,720,631.94293,353.39117,986.8637,986.74805,0.366,-0.005,1.030,0.075310,0.020648,0.012978,-0.996862,img_10.jpg
13368,1280,720,631.94293,353.39117,986.8637,986.74805,0.371,-0.007,1.032,0.076876,0.017350,0.013381,-0.996800,img_11.jpg
13443,1280,720,631.94293,353.39117,986.8637,986.74805,0.388,-0.006,1.037,0.070288,0.011595,0.015934,-0.997332,img_12.jpg,marker_1.jpg,0.26957017,0.26957017,0.378,-0.110,0.379,-0.712730,0.003037,-0.002078,-0.002078
13527,1280,720,631.94293,353.39117,986.8637,986.74805,0.403,-0.005,1.041,0.066657,0.004859,0.015586,-0.997642,img_13.jpg
13602,1280,720,631.94293,353.39117,986.8637,986.74805,0.431,-0.003,1.051,0.061329,-0.010988,0.017117,-0.997910,img_14.jpg
13675,1280,720,631.94293,353.39117,986.8637,986.74805,0.454,0.000,1.060,0.059005,-0.022656,0.017661,-0.997844,img_15.jpg
13759,1280,720,631.94293,353.39117,986.8637,986.74805,0.477,0.001,1.069,0.056847,-0.027051,0.017458,-0.997864,img_16.jpg
13830,1280,720,631.94293,353.39117,986.8637,986.74805,0.504,0.003,1.079,0.054931,-0.033784,0.018152,-0.997753,img_17.jpg
13900,1280,720,631.94293,353.39117,986.8637,986.74805,0.565,0.035,1.115,0.049598,-0.042262,0.018720,-0.997699,img_18.jpg,marker_1.jpg,0.26955572,0.26955572,0.397,-0.067,0.405,-0.715649,-0.000968,0.005015,0.005015
13992,1280,720,631.94293,353.39117,986.8637,986.74805,0.598,0.040,1.121,0.054647,-0.047653,0.017724,-0.997211,img_19.jpg
14059,1280,720,631.94293,353.39117,986.8637,986.74805,0.621,0.039,1.129,0.056971,-0.047344,0.015222,-0.997137,img_20.jpg,marker_1.jpg,0.2751175,0.2751175,0.397,-0.068,0.394,-0.711190,0.017850,-0.016087,-0.016087
14134,1280,720,631.94293,353.39117,986.8637,986.74805,0.643,0.039,1.135,0.060338,-0.050774,0.014703,-0.996777,img_21.jpg
14210,1280,720,631.94293,353.39117,986.8637,986.74805,0.676,0.039,1.144,0.059130,-0.048282,0.014238,-0.996980,img_22.jpg
14293,1280,720,631.94293,353.39117,986.8637,986.74805,0.697,0.039,1.148,0.059326,-0.044007,0.014543,-0.997162,img_23.jpg
14368,1280,720,631.94293,353.39117,986.8637,986.74805,0.726,0.040,1.150,0.057879,-0.032797,0.018307,-0.997617,img_24.jpg
14460,1280,720,631.94293,353.39117,986.8637,986.74805,0.744,0.040,1.150,0.056632,-0.028401,0.017347,-0.997840,img_25.jpg
14532,1280,720,631.94293,353.39117,986.8637,986.74805,0.760,0.041,1.148,0.053692,-0.020895,0.014839,-0.998229,img_26.jpg
14609,1280,720,631.94293,353.39117,986.8637,986.74805,0.787,0.041,1.142,0.056377,-0.008884,0.014061,-0.998271,img_27.jpg
14693,1280,720,631.94293,353.39117,986.8637,986.74805,0.807,0.040,1.135,0.059009,-0.000578,0.015268,-0.998141,img_28.jpg
14769,1280,720,631.94293,353.39117,986.8637,986.74805,0.840,0.039,1.121,0.063005,0.006820,0.016715,-0.997850,img_29.jpg
14859,1280,720,631.94293,353.39117,986.8637,986.74805,0.864,0.035,1.110,0.072826,0.003446,0.020084,-0.997136,img_30.jpg
14932,1280,720,631.94293,353.39117,986.8637,986.74805,0.891,0.033,1.100,0.077244,-0.000092,0.022595,-0.996756,img_31.jpg
15008,1280,720,631.94293,353.39117,986.8637,986.74805,0.935,0.031,1.085,0.078051,0.005578,0.020416,-0.996725,img_32.jpg
15093,1280,720,631.94293,353.39117,986.8637,986.74805,0.966,0.031,1.071,0.079610,0.012792,0.018254,-0.996577,img_33.jpg
15168,1280,720,631.94293,353.39117,986.8637,986.74805,1.012,0.035,1.052,0.084222,0.021083,0.017328,-0.996073,img_34.jpg
15259,1280,720,631.94293,353.39117,986.8637,986.74805,1.043,0.038,1.040,0.088828,0.026536,0.019714,-0.995498,img_35.jpg
15327,1280,720,631.94293,353.39117,986.8637,986.74805,1.075,0.041,1.029,0.093399,0.032756,0.023512,-0.994812,img_36.jpg
15404,1280,720,631.94293,353.39117,986.8637,986.74805,1.105,0.044,1.024,0.090999,0.039283,0.028044,-0.994681,img_37.jpg
15479,1280,720,631.94293,353.39117,986.8637,986.74805,1.154,0.047,1.021,0.084651,0.052615,0.039370,-0.994241,img_38.jpg
15559,1280,720,631.94293,353.39117,986.8637,986.74805,1.186,0.047,1.018,0.082478,0.075126,0.043027,-0.992825,img_39.jpg
15628,1280,720,631.94293,353.39117,986.8637,986.74805,1.218,0.046,1.017,0.079964,0.090636,0.046832,-0.991563,img_40.jpg
15700,1280,720,631.94293,353.39117,986.8637,986.74805,1.254,0.044,1.018,0.078940,0.108114,0.053703,-0.989543,img_41.jpg
15774,1280,720,631.94293,353.39117,986.8637,986.74805,1.310,0.040,1.022,0.078035,0.136983,0.057832,-0.985800,img_42.jpg
15859,1280,720,631.94293,353.39117,986.8637,986.74805,1.349,0.038,1.028,0.075931,0.163280,0.057590,-0.981966,img_43.jpg
15928,1280,720,631.94293,353.39117,986.8637,986.74805,1.392,0.035,1.037,0.079545,0.183784,0.060985,-0.977843,img_44.jpg
16004,1280,720,631.94293,353.39117,986.8637,986.74805,1.436,0.033,1.047,0.085501,0.202574,0.064036,-0.973423,img_45.jpg
16080,1280,720,631.94293,353.39117,986.8637,986.74805,1.502,0.034,1.063,0.095286,0.231424,0.063528,-0.966089,img_46.jpg
16159,1280,720,631.94293,353.39117,986.8637,986.74805,1.546,0.034,1.074,0.105091,0.257246,0.065925,-0.958350,img_47.jpg
16230,1280,720,631.94293,353.39117,986.8637,986.74805,1.588,0.035,1.088,0.108747,0.270387,0.070336,-0.954001,img_48.jpg
16302,1280,720,631.94293,353.39117,986.8637,986.74805,1.646,0.035,1.107,0.108087,0.292204,0.066618,-0.947891,img_49.jpg
16392,1280,720,631.94293,353.39117,986.8637,986.74805,1.683,0.035,1.116,0.112520,0.305784,0.068600,-0.942937,img_50.jpg
16465,1280,720,631.94293,353.39117,986.8637,986.74805,1.731,0.041,1.126,0.108802,0.318772,0.072862,-0.938743,img_51.jpg
16559,1280,720,631.94293,353.39117,986.8637,986.74805,1.761,0.041,1.132,0.112077,0.328095,0.074174,-0.935035,img_52.jpg
16627,1280,720,631.94293,353.39117,986.8637,986.74805,1.788,0.040,1.136,0.111157,0.333957,0.071980,-0.933239,img_53.jpg
16703,1280,720,631.94293,353.39117,986.8637,986.74805,1.788,0.040,1.136,0.111157,0.333957,0.071980,-0.933239,img_54.jpg
16792,1280,720,631.94293,353.39117,986.8637,986.74805,1.788,0.040,1.136,0.111157,0.333957,0.071980,-0.933239,img_55.jpg
16865,1280,720,631.94293,353.39117,986.8637,986.74805,1.788,0.040,1.136,0.111157,0.333957,0.071980,-0.933239,img_56.jpg
16959,1280,720,631.94293,353.39117,986.8637,986.74805,1.788,0.040,1.136,0.111157,0.333957,0.071980,-0.933239,img_57.jpg
17026,1280,720,631.94293,353.39117,986.8637,986.74805,1.788,0.040,1.136,0.111157,0.333957,0.071980,-0.933239,img_58.jpg
17096,1280,720,631.94293,353.39117,986.8637,986.74805,1.788,0.040,1.136,0.111157,0.333957,0.071980,-0.933239,img_59.jpg
17175,1280,720,631.94293,353.39117,986.8637,986.74805,1.788,0.040,1.136,0.111157,0.333957,0.071980,-0.933239,img_60.jpg
17259,1280,720,631.94293,353.39117,986.8637,986.74805,1.788,0.040,1.136,0.111157,0.333957,0.071980,-0.933239,img_61.jpg
17334,1280,720,631.94293,353.39117,986.8637,986.74805,1.788,0.040,1.136,0.111157,0.333957,0.071980,-0.933239,img_62.jpg
17405,1280,720,631.94293,353.39117,986.8637,986.74805,1.788,0.040,1.136,0.111157,0.333957,0.071980,-0.933239,img_63.jpg
17492,1280,720,631.94293,353.39117,986.8637,986.74805,1.788,0.040,1.136,0.111157,0.333957,0.071980,-0.933239,img_64.jpg
17566,1280,720,631.94293,353.39117,986.8637,986.74805,1.788,0.040,1.136,0.111157,0.333957,0.071980,-0.933239,img_65.jpg
17643,1280,720,631.94293,353.39117,986.8637,986.74805,1.788,0.040,1.136,0.111157,0.333957,0.071980,-0.933239,img_66.jpg
17727,1280,720,631.94293,353.39117,986.8637,986.74805,1.788,0.040,1.136,0.111157,0.333957,0.071980,-0.933239,img_67.jpg
17799,1280,720,631.94293,353.39117,986.8637,986.74805,1.788,0.040,1.136,0.111157,0.333957,0.071980,-0.933239,img_68.jpg
17875,1280,720,631.94293,353.39117,986.8637,986.74805,1.788,0.040,1.136,0.111157,0.333957,0.071980,-0.933239,img_69.jpg
17959,1280,720,631.94293,353.39117,986.8637,986.74805,1.788,0.040,1.136,0.111157,0.333957,0.071980,-0.933239,img_70.jpg
18029,1280,720,631.94293,353.39117,986.8637,986.74805,1.788,0.040,1.136,0.111157,0.333957,0.071980,-0.933239,img_71.jpg
18110,1280,720,631.94293,353.39117,986.8637,986.74805,1.788,0.040,1.136,0.111157,0.333957,0.071980,-0.933239,img_72.jpg
18192,1280,720,631.94293,353.39117,986.8637,986.74805,1.788,0.040,1.136,0.111157,0.333957,0.071980,-0.933239,img_73.jpg
18266,1280,720,631.94293,353.39117,986.8637,986.74805,1.788,0.040,1.136,0.111157,0.333957,0.071980,-0.933239,img_74.jpg
18343,1280,720,631.94293,353.39117,986.8637,986.74805,1.788,0.040,1.136,0.111157,0.333957,0.071980,-0.933239,img_75.jpg
18413,1280,720,631.94293,353.39117,986.8637,986.74805,1.788,0.040,1.136,0.111157,0.333957,0.071980,-0.933239,img_76.jpg
18494,1280,720,631.94293,353.39117,986.8637,986.74805,1.788,0.040,1.136,0.111157,0.333957,0.071980,-0.933239,img_77.jpg
18569,1280,720,631.94293,353.39117,986.8637,986.74805,1.788,0.040,1.136,0.111157,0.333957,0.071980,-0.933239,img_78.jpg
18659,1280,720,631.94293,353.39117,986.8637,986.74805,1.788,0.040,1.136,0.111157,0.333957,0.071980,-0.933239,img_79.jpg
18725,1280,720,631.94293,353.39117,986.8637,986.74805,1.788,0.040,1.136,0.111157,0.333957,0.071980,-0.933239,img_80.jpg
18796,1280,720,631.94293,353.39117,986.8637,986.74805,1.788,0.040,1.136,0.111157,0.333957,0.071980,-0.933239,img_81.jpg
18892,1280,720,631.94293,353.39117,986.8637,986.74805,1.112,0.005,0.918,0.091107,0.134095,0.015703,-0.986647,img_82.jpg
18962,1280,720,631.94293,353.39117,986.8637,986.74805,1.115,0.015,0.904,0.073155,0.134862,0.019094,-0.987976,img_83.jpg
19036,1280,720,631.94293,353.39117,986.8637,986.74805,1.109,0.014,0.887,0.076014,0.134509,0.018404,-0.987821,img_84.jpg
19126,1280,720,631.94293,353.39117,986.8637,986.74805,1.106,0.012,0.861,0.075046,0.134223,0.017613,-0.987949,img_85.jpg
19191,1280,720,631.94293,353.39117,986.8637,986.74805,1.105,0.011,0.852,0.076921,0.133890,0.021950,-0.987763,img_86.jpg
19271,1280,720,631.94293,353.39117,986.8637,986.74805,1.099,0.011,0.839,0.074658,0.134814,0.021655,-0.987817,img_87.jpg
19360,1280,720,631.94293,353.39117,986.8637,986.74805,1.098,0.011,0.838,0.074207,0.135481,0.023518,-0.987717,img_88.jpg
19434,1280,720,631.94293,353.39117,986.8637,986.74805,1.093,0.010,0.826,0.072298,0.136204,0.021958,-0.987795,img_89.jpg
19526,1280,720,631.94293,353.39117,986.8637,986.74805,1.089,0.009,0.818,0.073056,0.135876,0.020746,-0.987811,img_90.jpg
19596,1280,720,631.94293,353.39117,986.8637,986.74805,1.082,0.005,0.808,0.073926,0.137731,0.018090,-0.987541,img_91.jpg,marker_3.jpg,0.33650902,0.33650902,1.277,-0.126,0.103,-0.644779,0.179036,-0.162804,-0.162804
19693,1280,720,631.94293,353.39117,986.8637,986.74805,1.079,0.005,0.798,0.073849,0.140522,0.018135,-0.987153,img_92.jpg
19764,1280,720,631.94293,353.39117,986.8637,986.74805,1.074,0.006,0.793,0.074410,0.142728,0.019837,-0.986762,img_93.jpg
19861,1280,720,631.94293,353.39117,986.8637,986.74805,1.068,0.006,0.795,0.072090,0.145132,0.018897,-0.986602,img_94.jpg
19929,1280,720,631.94293,353.39117,986.8637,986.74805,1.062,0.011,0.799,0.067527,0.145040,0.021922,-0.986875,img_95.jpg
20010,1280,720,631.94293,353.39117,986.8637,986.74805,1.059,0.014,0.806,0.065709,0.148487,0.024522,-0.986424,img_96.jpg
20110,1280,720,631.94293,353.39117,986.8637,986.74805,1.052,0.017,0.821,0.058046,0.152741,0.025498,-0.986231,img_97.jpg,marker_3.jpg,0.38151747,0.38151747,1.292,-0.137,0.045,-0.633855,0.248823,-0.247157,-0.247157
20193,1280,720,631.94293,353.39117,986.8637,986.74805,1.048,0.018,0.834,0.050699,0.160416,0.022546,-0.985489,img_98.jpg
20268,1280,720,631.94293,353.39117,986.8637,986.74805,1.040,0.018,0.850,0.047030,0.158182,0.021540,-0.986054,img_99.jpg
20343,1280,720,631.94293,353.39117,986.8637,986.74805,1.037,0.017,0.861,0.046331,0.154875,0.022992,-0.986579,img_100.jpg
20427,1280,720,631.94293,353.39117,986.8637,986.74805,1.038,0.018,0.870,0.046281,0.152458,0.026095,-0.986881,img_101.jpg
20496,1280,720,631.94293,353.39117,986.8637,986.74805,1.047,0.019,0.882,0.047974,0.154522,0.031895,-0.986308,img_102.jpg
20576,1280,720,631.94293,353.39117,986.8637,986.74805,1.057,0.019,0.887,0.053129,0.153273,0.034530,-0.986150,img_103.jpg
20660,1280,720,631.94293,353.39117,986.8637,986.74805,1.065,0.017,0.895,0.052397,0.153267,0.034604,-0.986188,img_104.jpg,marker_3.jpg,0.36640355,0.36640355,1.294,-0.135,0.063,-0.661609,0.222440,-0.210809,-0.210809
20729,1280,720,631.94293,353.39117,986.8637,986.74805,1.079,0.018,0.899,0.054030,0.153408,0.035978,-0.986029,img_105.jpg
20797,1280,720,631.94293,353.39117,986.8637,986.74805,1.099,0.019,0.910,0.053509,0.153224,0.034251,-0.986147,img_106.jpg
20893,1280,720,631.94293,353.39117,986.8637,986.74805,1.116,0.021,0.919,0.050375,0.151691,0.037522,-0.986430,img_107.jpg
20960,1280,720,631.94293,353.39117,986.8637,986.74805,1.134,0.020,0.927,0.055508,0.146813,0.047713,-0.986452,img_108.jpg
21039,1280,720,631.94293,353.39117,986.8637,986.74805,1.158,0.016,0.943,0.056950,0.141862,0.051336,-0.986913,img_109.jpg
21127,1280,720,631.94293,353.39117,986.8637,986.74805,1.178,0.015,0.956,0.057972,0.134816,0.055909,-0.987592,img_110.jpg
21195,1280,720,631.94293,353.39117,986.8637,986.74805,1.213,0.016,0.977,0.057733,0.125951,0.062760,-0.988365,img_111.jpg
21277,1280,720,631.94293,353.39117,986.8637,986.74805,1.239,0.018,0.991,0.057225,0.124241,0.066714,-0.988352,img_112.jpg,marker_3.jpg,0.29740232,0.29740232,1.260,-0.108,0.203,-0.706427,0.164350,-0.146806,-0.146806
21360,1280,720,631.94293,353.39117,986.8637,986.74805,1.267,0.018,1.005,0.060371,0.121117,0.071346,-0.988229,img_113.jpg
21433,1280,720,631.94293,353.39117,986.8637,986.74805,1.306,0.017,1.030,0.058154,0.123027,0.069735,-0.988241,img_114.jpg
21511,1280,720,631.94293,353.39117,986.8637,986.74805,1.332,0.016,1.046,0.058728,0.124736,0.067545,-0.988145,img_115.jpg
21595,1280,720,631.94293,353.39117,986.8637,986.74805,1.356,0.016,1.059,0.058596,0.129176,0.066560,-0.987649,img_116.jpg
21673,1280,720,631.94293,353.39117,986.8637,986.74805,1.387,0.014,1.078,0.053523,0.140393,0.062149,-0.986693,img_117.jpg
21761,1280,720,631.94293,353.39117,986.8637,986.74805,1.404,0.012,1.088,0.051183,0.147807,0.059334,-0.985907,img_118.jpg
21832,1280,720,631.94293,353.39117,986.8637,986.74805,1.432,0.010,1.097,0.054917,0.157243,0.057993,-0.984325,img_119.jpg
21911,1280,720,631.94293,353.39117,986.8637,986.74805,1.444,0.011,1.101,0.055768,0.159038,0.059844,-0.983878,img_120.jpg
21994,1280,720,631.94293,353.39117,986.8637,986.74805,1.463,0.013,1.104,0.051747,0.164458,0.056984,-0.983376,img_121.jpg
22077,1280,720,631.94293,353.39117,986.8637,986.74805,1.476,0.015,1.101,0.050379,0.166522,0.056452,-0.983130,img_122.jpg
22161,1280,720,631.94293,353.39117,986.8637,986.74805,1.492,0.015,1.093,0.052091,0.168697,0.055910,-0.982701,img_123.jpg
22237,1280,720,631.94293,353.39117,986.8637,986.74805,1.515,0.012,1.087,0.055500,0.177020,0.050492,-0.981343,img_124.jpg
22311,1280,720,631.94293,353.39117,986.8637,986.74805,1.535,0.009,1.080,0.058011,0.180590,0.047993,-0.980672,img_125.jpg
22393,1280,720,631.94293,353.39117,986.8637,986.74805,1.556,0.006,1.072,0.056657,0.186240,0.041420,-0.979994,img_126.jpg
22471,1280,720,631.94293,353.39117,986.8637,986.74805,1.590,0.006,1.062,0.056639,0.195127,0.032041,-0.978617,img_127.jpg
22560,1280,720,631.94293,353.39117,986.8637,986.74805,1.615,0.007,1.055,0.060013,0.200938,0.029476,-0.977320,img_128.jpg
22626,1280,720,631.94293,353.39117,986.8637,986.74805,1.640,0.006,1.050,0.064180,0.214588,0.027449,-0.974207,img_129.jpg
22711,1280,720,631.94293,353.39117,986.8637,986.74805,1.680,0.007,1.046,0.068114,0.239245,0.034725,-0.967945,img_130.jpg
22778,1280,720,631.94293,353.39117,986.8637,986.74805,1.704,0.007,1.047,0.065780,0.256199,0.032789,-0.963826,img_131.jpg
22856,1280,720,631.94293,353.39117,986.8637,986.74805,1.733,0.005,1.047,0.071220,0.268856,0.039904,-0.959714,img_132.jpg
22928,1280,720,631.94293,353.39117,986.8637,986.74805,1.757,0.003,1.052,0.075103,0.277609,0.050866,-0.956402,img_133.jpg
22998,1280,720,631.94293,353.39117,986.8637,986.74805,1.789,0.002,1.065,0.069750,0.289450,0.056568,-0.952971,img_134.jpg
23077,1280,720,631.94293,353.39117,986.8637,986.74805,1.812,-0.001,1.077,0.068940,0.292768,0.064313,-0.951524,img_135.jpg
23155,1280,720,631.94293,353.39117,986.8637,986.74805,1.836,-0.005,1.093,0.066295,0.302861,0.066615,-0.948389,img_136.jpg
23243,1280,720,631.94293,353.39117,986.8637,986.74805,1.875,-0.010,1.120,0.064713,0.317916,0.073785,-0.943026,img_137.jpg
23310,1280,720,631.94293,353.39117,986.8637,986.74805,1.902,-0.013,1.142,0.060970,0.324613,0.077565,-0.940687,img_138.jpg
23382,1280,720,631.94293,353.39117,986.8637,986.74805,1.928,-0.015,1.167,0.059040,0.327732,0.076064,-0.939851,img_139.jpg
23458,1280,720,631.94293,353.39117,986.8637,986.74805,1.966,-0.015,1.207,0.061200,0.331780,0.061046,-0.939388,img_140.jpg
23544,1280,720,631.94293,353.39117,986.8637,986.74805,1.991,-0.014,1.235,0.065072,0.330754,0.054863,-0.939871,img_141.jpg
23612,1280,720,631.94293,353.39117,986.8637,986.74805,2.019,-0.011,1.263,0.069154,0.326439,0.061425,-0.940682,img_142.jpg
23693,1280,720,631.94293,353.39117,986.8637,986.74805,2.060,-0.014,1.305,0.082192,0.325242,0.068589,-0.939552,img_143.jpg
23776,1280,720,631.94293,353.39117,986.8637,986.74805,2.084,-0.018,1.333,0.088727,0.329110,0.066519,-0.937758,img_144.jpg
23849,1280,720,631.94293,353.39117,986.8637,986.74805,2.103,-0.023,1.361,0.086838,0.337439,0.055553,-0.935686,img_145.jpg
23922,1280,720,631.94293,353.39117,986.8637,986.74805,2.137,-0.029,1.399,0.093383,0.349386,0.065811,-0.929988,img_146.jpg
24010,1280,720,631.94293,353.39117,986.8637,986.74805,2.160,-0.031,1.426,0.090278,0.357776,0.075328,-0.926376,img_147.jpg
24081,1280,720,631.94293,353.39117,986.8637,986.74805,2.186,-0.032,1.453,0.085565,0.366302,0.087157,-0.922445,img_148.jpg
24160,1280,720,631.94293,353.39117,986.8637,986.74805,2.227,-0.036,1.491,0.078974,0.381854,0.098105,-0.915602,img_149.jpg
24243,1280,720,631.94293,353.39117,986.8637,986.74805,2.255,-0.041,1.515,0.076044,0.388743,0.098887,-0.912863,img_150.jpg
24327,1280,720,631.94293,353.39117,986.8637,986.74805,2.255,-0.041,1.515,0.076044,0.388743,0.098887,-0.912863,img_151.jpg
24411,1280,720,631.94293,353.39117,986.8637,986.74805,2.255,-0.041,1.515,0.076044,0.388743,0.098887,-0.912863,img_152.jpg
24483,1280,720,631.94293,353.39117,986.8637,986.74805,2.255,-0.041,1.515,0.076044,0.388743,0.098887,-0.912863,img_153.jpg
24561,1280,720,631.94293,353.39117,986.8637,986.74805,2.255,-0.041,1.515,0.076044,0.388743,0.098887,-0.912863,img_154.jpg
24636,1280,720,631.94293,353.39117,986.8637,986.74805,2.255,-0.041,1.515,0.076044,0.388743,0.098887,-0.912863,img_155.jpg
24711,1280,720,631.94293,353.39117,986.8637,986.74805,2.255,-0.041,1.515,0.076044,0.388743,0.098887,-0.912863,img_156.jpg
24793,1280,720,631.94293,353.39117,986.8637,986.74805,2.255,-0.041,1.515,0.076044,0.388743,0.098887,-0.912863,img_157.jpg
24877,1280,720,631.94293,353.39117,986.8637,986.74805,2.255,-0.041,1.515,0.076044,0.388743,0.098887,-0.912863,img_158.jpg
24950,1280,720,631.94293,353.39117,986.8637,986.74805,2.255,-0.041,1.515,0.076044,0.388743,0.098887,-0.912863,img_159.jpg
25027,1280,720,631.94293,353.39117,986.8637,986.74805,2.255,-0.041,1.515,0.076044,0.388743,0.098887,-0.912863,img_160.jpg
25110,1280,720,631.94293,353.39117,986.8637,986.74805,2.255,-0.041,1.515,0.076044,0.388743,0.098887,-0.912863,img_161.jpg
25194,1280,720,631.94293,353.39117,986.8637,986.74805,2.255,-0.041,1.515,0.076044,0.388743,0.098887,-0.912863,img_162.jpg
25276,1280,720,631.94293,353.39117,986.8637,986.74805,2.255,-0.041,1.515,0.076044,0.388743,0.098887,-0.912863,img_163.jpg
25368,1280,720,631.94293,353.39117,986.8637,986.74805,2.255,-0.041,1.515,0.076044,0.388743,0.098887,-0.912863,img_164.jpg
25443,1280,720,631.94293,353.39117,986.8637,986.74805,2.255,-0.041,1.515,0.076044,0.388743,0.098887,-0.912863,img_165.jpg
25513,1280,720,631.94293,353.39117,986.8637,986.74805,2.255,-0.041,1.515,0.076044,0.388743,0.098887,-0.912863,img_166.jpg
25593,1280,720,631.94293,353.39117,986.8637,986.74805,2.255,-0.041,1.515,0.076044,0.388743,0.098887,-0.912863,img_167.jpg
25670,1280,720,631.94293,353.39117,986.8637,986.74805,2.255,-0.041,1.515,0.076044,0.388743,0.098887,-0.912863,img_168.jpg
25760,1280,720,631.94293,353.39117,986.8637,986.74805,2.255,-0.041,1.515,0.076044,0.388743,0.098887,-0.912863,img_169.jpg
25832,1280,720,631.94293,353.39117,986.8637,986.74805,2.255,-0.041,1.515,0.076044,0.388743,0.098887,-0.912863,img_170.jpg
25910,1280,720,631.94293,353.39117,986.8637,986.74805,2.255,-0.041,1.515,0.076044,0.388743,0.098887,-0.912863,img_171.jpg
25981,1280,720,631.94293,353.39117,986.8637,986.74805,2.255,-0.041,1.515,0.076044,0.388743,0.098887,-0.912863,img_172.jpg
26057,1280,720,631.94293,353.39117,986.8637,986.74805,2.255,-0.041,1.515,0.076044,0.388743,0.098887,-0.912863,img_173.jpg
26144,1280,720,631.94293,353.39117,986.8637,986.74805,2.255,-0.041,1.515,0.076044,0.388743,0.098887,-0.912863,img_174.jpg
26213,1280,720,631.94293,353.39117,986.8637,986.74805,2.255,-0.041,1.515,0.076044,0.388743,0.098887,-0.912863,img_175.jpg
26293,1280,720,631.94293,353.39117,986.8637,986.74805,2.255,-0.041,1.515,0.076044,0.388743,0.098887,-0.912863,img_176.jpg
26369,1280,720,631.94293,353.39117,986.8637,986.74805,2.255,-0.041,1.515,0.076044,0.388743,0.098887,-0.912863,img_177.jpg
26460,1280,720,631.94293,353.39117,986.8637,986.74805,2.255,-0.041,1.515,0.076044,0.388743,0.098887,-0.912863,img_178.jpg
26544,1280,720,631.94293,353.39117,986.8637,986.74805,2.255,-0.041,1.515,0.076044,0.388743,0.098887,-0.912863,img_179.jpg
26614,1280,720,631.94293,353.39117,986.8637,986.74805,2.255,-0.041,1.515,0.076044,0.388743,0.098887,-0.912863,img_180.jpg
26688,1280,720,631.94293,353.39117,986.8637,986.74805,2.255,-0.041,1.515,0.076044,0.388743,0.098887,-0.912863,img_181.jpg
26777,1280,720,631.94293,353.39117,986.8637,986.74805,2.255,-0.041,1.515,0.076044,0.388743,0.098887,-0.912863,img_182.jpg
26851,1280,720,631.94293,353.39117,986.8637,986.74805,2.255,-0.041,1.515,0.076044,0.388743,0.098887,-0.912863,img_183.jpg
26926,1280,720,631.94293,353.39117,986.8637,986.74805,2.255,-0.041,1.515,0.076044,0.388743,0.098887,-0.912863,img_184.jpg
27011,1280,720,631.94293,353.39117,986.8637,986.74805,2.255,-0.041,1.515,0.076044,0.388743,0.098887,-0.912863,img_185.jpg
27087,1280,720,631.94293,353.39117,986.8637,986.74805,2.255,-0.041,1.515,0.076044,0.388743,0.098887,-0.912863,img_186.jpg
27166,1280,720,631.94293,353.39117,986.8637,986.74805,1.903,0.002,1.092,0.047071,0.225790,0.022032,-0.972789,img_187.jpg
27261,1280,720,631.94293,353.39117,986.8637,986.74805,1.949,0.007,1.110,0.045289,0.207748,0.018053,-0.976967,img_188.jpg
27344,1280,720,631.94293,353.39117,986.8637,986.74805,1.960,0.008,1.120,0.045178,0.196383,0.016424,-0.979348,img_189.jpg
27417,1280,720,631.94293,353.39117,986.8637,986.74805,1.960,0.007,1.129,0.046118,0.186187,0.017183,-0.981281,img_190.jpg
27494,1280,720,631.94293,353.39117,986.8637,986.74805,1.973,0.007,1.146,0.045827,0.175583,0.016321,-0.983262,img_191.jpg
27577,1280,720,631.94293,353.39117,986.8637,986.74805,1.980,0.006,1.156,0.048471,0.168413,0.018529,-0.984350,img_192.jpg
27661,1280,720,631.94293,353.39117,986.8637,986.74805,1.991,0.005,1.169,0.049816,0.158992,0.020272,-0.985814,img_193.jpg
27744,1280,720,631.94293,353.39117,986.8637,986.74805,1.996,0.005,1.176,0.048478,0.154074,0.023299,-0.986594,img_194.jpg
27816,1280,720,631.94293,353.39117,986.8637,986.74805,2.008,0.005,1.189,0.046384,0.150462,0.026109,-0.987182,img_195.jpg
27894,1280,720,631.94293,353.39117,986.8637,986.74805,2.020,0.002,1.202,0.041909,0.149933,0.026971,-0.987439,img_196.jpg,marker_4.jpg,0.23736346,0.23736346,2.196,-0.088,0.624,-0.721745,0.142333,-0.157261,-0.157261
27977,1280,720,631.94293,353.39117,986.8637,986.74805,2.031,-0.001,1.209,0.045487,0.151744,0.028764,-0.986954,img_197.jpg
28049,1280,720,631.94293,353.39117,986.8637,986.74805,2.040,-0.003,1.214,0.048851,0.145569,0.033595,-0.987570,img_198.jpg
28123,1280,720,631.94293,353.39117,986.8637,986.74805,2.050,-0.008,1.221,0.051597,0.135180,0.038404,-0.988731,img_199.jpg
28211,1280,720,631.94293,353.39117,986.8637,986.74805,2.059,-0.009,1.225,0.056535,0.124436,0.047705,-0.989466,img_200.jpg
28284,1280,720,631.94293,353.39117,986.8637,986.74805,2.069,-0.009,1.230,0.056263,0.120264,0.052325,-0.989764,img_201.jpg
28364,1280,720,631.94293,353.39117,986.8637,986.74805,2.085,-0.008,1.239,0.053052,0.115545,0.052628,-0.990487,img_202.jpg,marker_4.jpg,0.2498656,0.2498656,2.209,-0.094,0.599,-0.724687,0.147231,-0.159677,-0.159677
28444,1280,720,631.94293,353.39117,986.8637,986.74805,2.099,-0.008,1.244,0.053668,0.113062,0.054153,-0.990658,img_203.jpg
28519,1280,720,631.94293,353.39117,986.8637,986.74805,2.117,-0.008,1.247,0.054387,0.110817,0.057337,-0.990694,img_204.jpg
28592,1280,720,631.94293,353.39117,986.8637,986.74805,2.143,-0.009,1.251,0.057482,0.106633,0.060833,-0.990770,img_205.jpg
28677,1280,720,631.94293,353.39117,986.8637,986.74805,2.162,-0.009,1.252,0.061707,0.102851,0.064078,-0.990711,img_206.jpg
28756,1280,720,631.94293,353.39117,986.8637,986.74805,2.189,-0.007,1.254,0.062998,0.098074,0.062530,-0.991213,img_207.jpg
28844,1280,720,631.94293,353.39117,986.8637,986.74805,2.206,-0.006,1.255,0.062039,0.100295,0.063052,-0.991018,img_208.jpg
28910,1280,720,631.94293,353.39117,986.8637,986.74805,2.227,-0.002,1.258,0.060087,0.102821,0.061056,-0.991004,img_209.jpg
28981,1280,720,631.94293,353.39117,986.8637,986.74805,2.245,0.001,1.261,0.060046,0.101608,0.060711,-0.991153,img_210.jpg,marker_4.jpg,0.25252762,0.25252762,2.214,-0.095,0.592,-0.710594,0.150477,-0.158778,-0.158778
29051,1280,720,631.94293,353.39117,986.8637,986.74805,2.262,0.004,1.264,0.056796,0.113586,0.056458,-0.990295,img_211.jpg
29119,1280,720,631.94293,353.39117,986.8637,986.74805,2.275,0.006,1.267,0.055455,0.123865,0.053641,-0.989295,img_212.jpg
29186,1280,720,631.94293,353.39117,986.8637,986.74805,2.296,0.007,1.269,0.054920,0.132685,0.057027,-0.987991,img_213.jpg
29260,1280,720,631.94293,353.39117,986.8637,986.74805,2.321,0.007,1.274,0.055054,0.146865,0.057856,-0.985927,img_214.jpg
29344,1280,720,631.94293,353.39117,986.8637,986.74805,2.334,0.006,1.278,0.052501,0.156608,0.056465,-0.984647,img_215.jpg
29416,1280,720,631.94293,353.39117,986.8637,986.74805,2.349,0.005,1.285,0.047971,0.163928,0.055910,-0.983718,img_216.jpg
29492,1280,720,631.94293,353.39117,986.8637,986.74805,2.370,0.002,1.300,0.043433,0.169900,0.053977,-0.983023,img_217.jpg
29578,1280,720,631.94293,353.39117,986.8637,986.74805,2.386,0.000,1.311,0.044916,0.170416,0.057152,-0.982687,img_218.jpg
29653,1280,720,631.94293,353.39117,986.8637,986.74805,2.405,-0.005,1.328,0.050208,0.173268,0.059099,-0.981817,img_219.jpg
29745,1280,720,631.94293,353.39117,986.8637,986.74805,2.416,-0.008,1.343,0.052732,0.177685,0.057168,-0.981009,img_220.jpg
29814,1280,720,631.94293,353.39117,986.8637,986.74805,2.429,-0.010,1.361,0.054360,0.181570,0.058725,-0.980117,img_221.jpg
29887,1280,720,631.94293,353.39117,986.8637,986.74805,2.442,-0.012,1.382,0.055646,0.193143,0.058952,-0.977816,img_222.jpg
29963,1280,720,631.94293,353.39117,986.8637,986.74805,2.467,-0.017,1.415,0.057390,0.224225,0.064639,-0.970696,img_223.jpg
30045,1280,720,631.94293,353.39117,986.8637,986.74805,2.487,-0.023,1.438,0.060413,0.253387,0.068703,-0.963029,img_224.jpg
30117,1280,720,631.94293,353.39117,986.8637,986.74805,2.510,-0.030,1.459,0.067730,0.289033,0.075098,-0.951963,img_225.jpg
30190,1280,720,631.94293,353.39117,986.8637,986.74805,2.542,-0.042,1.493,0.081229,0.340900,0.082207,-0.932969,img_226.jpg
30277,1280,720,631.94293,353.39117,986.8637,986.74805,2.562,-0.052,1.515,0.091414,0.373966,0.085470,-0.918960,img_227.jpg
30347,1280,720,631.94293,353.39117,986.8637,986.74805,2.580,-0.061,1.535,0.100488,0.405357,0.088023,-0.904345,img_228.jpg
30415,1280,720,631.94293,353.39117,986.8637,986.74805,2.600,-0.068,1.555,0.103936,0.437017,0.098949,-0.887932,img_229.jpg
30484,1280,720,631.94293,353.39117,986.8637,986.74805,2.619,-0.073,1.575,0.103539,0.469145,0.114067,-0.869581,img_230.jpg
30555,1280,720,631.94293,353.39117,986.8637,986.74805,2.637,-0.076,1.594,0.101262,0.493799,0.122449,-0.854936,img_231.jpg
30628,1280,720,631.94293,353.39117,986.8637,986.74805,2.663,-0.082,1.620,0.098448,0.531289,0.128166,-0.831633,img_232.jpg
30711,1280,720,631.94293,353.39117,986.8637,986.74805,2.681,-0.085,1.635,0.099887,0.551842,0.133620,-0.817092,img_233.jpg
30777,1280,720,631.94293,353.39117,986.8637,986.74805,2.699,-0.089,1.650,0.101301,0.571607,0.140340,-0.802065,img_234.jpg
30846,1280,720,631.94293,353.39117,986.8637,986.74805,2.716,-0.092,1.665,0.102359,0.590359,0.144575,-0.787463,img_235.jpg
30913,1280,720,631.94293,353.39117,986.8637,986.74805,2.735,-0.096,1.680,0.103485,0.608040,0.149752,-0.772757,img_236.jpg
30985,1280,720,631.94293,353.39117,986.8637,986.74805,2.757,-0.102,1.711,0.101575,0.627703,0.148473,-0.757382,img_237.jpg
31064,1280,720,631.94293,353.39117,986.8637,986.74805,2.792,-0.106,1.738,0.104375,0.652690,0.155315,-0.734152,img_238.jpg
31144,1280,720,631.94293,353.39117,986.8637,986.74805,2.819,-0.110,1.760,0.104325,0.668658,0.158731,-0.718900,img_239.jpg
31215,1280,720,631.94293,353.39117,986.8637,986.74805,2.838,-0.111,1.775,0.104059,0.684661,0.157380,-0.704019,img_240.jpg
31288,1280,720,631.94293,353.39117,986.8637,986.74805,2.868,-0.113,1.807,0.102151,0.708553,0.165905,-0.678228,img_241.jpg
31378,1280,720,631.94293,353.39117,986.8637,986.74805,2.882,-0.116,1.824,0.099063,0.725186,0.170749,-0.659649,img_242.jpg
31452,1280,720,631.94293,353.39117,986.8637,986.74805,2.898,-0.123,1.844,0.097148,0.738589,0.177605,-0.643043,img_243.jpg
31529,1280,720,631.94293,353.39117,986.8637,986.74805,2.912,-0.133,1.874,0.097645,0.753177,0.192924,-0.621265,img_244.jpg
31612,1280,720,631.94293,353.39117,986.8637,986.74805,2.928,-0.140,1.902,0.098346,0.762412,0.199967,-0.607510,img_245.jpg
31695,1280,720,631.94293,353.39117,986.8637,986.74805,2.935,-0.150,1.928,0.096103,0.772523,0.209146,-0.591803,img_246.jpg
31771,1280,720,631.94293,353.39117,986.8637,986.74805,2.948,-0.164,1.976,0.093920,0.781182,0.225619,-0.574482,img_247.jpg
31845,1280,720,631.94293,353.39117,986.8637,986.74805,2.951,-0.172,2.006,0.090896,0.787188,0.236508,-0.562261,img_248.jpg
31931,1280,720,631.94293,353.39117,986.8637,986.74805,2.952,-0.179,2.053,0.084138,0.794144,0.245812,-0.549393,img_249.jpg
32011,1280,720,631.94293,353.39117,986.8637,986.74805,2.954,-0.178,2.084,0.081867,0.796767,0.248420,-0.544746,img_250.jpg
32079,1280,720,631.94293,353.39117,986.8637,986.74805,2.957,-0.175,2.117,0.081775,0.799049,0.248698,-0.541280,img_251.jpg
32156,1280,720,631.94293,353.39117,986.8637,986.74805,2.956,-0.177,2.170,0.079512,0.803987,0.244238,-0.536312,img_252.jpg
32228,1280,720,631.94293,353.39117,986.8637,986.74805,2.957,-0.171,2.211,0.078041,0.805941,0.246493,-0.532550,img_253.jpg
32312,1280,720,631.94293,353.39117,986.8637,986.74805,2.955,-0.168,2.251,0.077764,0.809431,0.245877,-0.527559,img_254.jpg
32386,1280,720,631.94293,353.39117,986.8637,986.74805,2.954,-0.174,2.299,0.080681,0.810866,0.247542,-0.524128,img_255.jpg
32457,1280,720,631.94293,353.39117,986.8637,986.74805,2.950,-0.181,2.354,0.088575,0.812546,0.249593,-0.519255,img_256.jpg
32545,1280,720,631.94293,353.39117,986.8637,986.74805,2.947,-0.185,2.387,0.093845,0.813509,0.249585,-0.516821,img_257.jpg
32618,1280,720,631.94293,353.39117,986.8637,986.74805,2.940,-0.188,2.416,0.095171,0.814336,0.249930,-0.515106,img_258.jpg
32693,1280,720,631.94293,353.39117,986.8637,986.74805,2.939,-0.190,2.460,0.092647,0.815174,0.257953,-0.510263,img_259.jpg
32778,1280,720,631.94293,353.39117,986.8637,986.74805,2.945,-0.189,2.486,0.091102,0.816267,0.259808,-0.507847,img_260.jpg
32857,1280,720,631.94293,353.39117,986.8637,986.74805,2.952,-0.189,2.523,0.088743,0.819074,0.256057,-0.505645,img_261.jpg
32945,1280,720,631.94293,353.39117,986.8637,986.74805,2.959,-0.193,2.550,0.087031,0.820606,0.259223,-0.501832,img_262.jpg
33018,1280,720,631.94293,353.39117,986.8637,986.74805,2.971,-0.198,2.584,0.088574,0.821109,0.260262,-0.500199,img_263.jpg
33091,1280,720,631.94293,353.39117,986.8637,986.74805,2.990,-0.200,2.629,0.093596,0.825811,0.250902,-0.496310,img_264.jpg
33178,1280,720,631.94293,353.39117,986.8637,986.74805,3.003,-0.196,2.662,0.093718,0.829802,0.241518,-0.494282,img_265.jpg
33257,1280,720,631.94293,353.39117,986.8637,986.74805,3.023,-0.170,2.708,0.087963,0.842340,0.210530,-0.488265,img_266.jpg
33345,1280,720,631.94293,353.39117,986.8637,986.74805,3.030,-0.143,2.736,0.076356,0.852926,0.188264,-0.480878,img_267.jpg
33417,1280,720,631.94293,353.39117,986.8637,986.74805,3.043,-0.095,2.774,0.052722,0.868126,0.140291,-0.473177,img_268.jpg
33496,1280,720,631.94293,353.39117,986.8637,986.74805,3.047,-0.070,2.801,0.036880,0.875429,0.113526,-0.468375,img_269.jpg
33578,1280,720,631.94293,353.39117,986.8637,986.74805,3.051,-0.049,2.818,0.024204,0.880669,0.093416,-0.463799,img_270.jpg
33657,1280,720,631.94293,353.39117,986.8637,986.74805,3.061,-0.025,2.846,0.013519,0.886145,0.068846,-0.458066,img_271.jpg
33745,1280,720,631.94293,353.39117,986.8637,986.74805,3.062,-0.015,2.860,0.007493,0.887830,0.054094,-0.456919,img_272.jpg
33819,1280,720,631.94293,353.39117,986.8637,986.74805,3.060,-0.003,2.879,-0.000283,0.886354,0.041760,-0.461122,img_273.jpg
33896,1280,720,631.94293,353.39117,986.8637,986.74805,3.060,0.001,2.891,-0.004653,0.883815,0.037398,-0.466316,img_274.jpg
33978,1280,720,631.94293,353.39117,986.8637,986.74805,3.055,0.005,2.899,-0.006671,0.881915,0.027773,-0.470543,img_275.jpg
34057,1280,720,631.94293,353.39117,986.8637,986.74805,3.051,0.005,2.916,-0.008919,0.877820,0.022306,-0.478387,img_276.jpg
34145,1280,720,631.94293,353.39117,986.8637,986.74805,3.044,0.004,2.927,-0.010966,0.876119,0.021260,-0.481501,img_277.jpg
34218,1280,720,631.94293,353.39117,986.8637,986.74805,3.034,0.003,2.941,-0.015102,0.871580,0.023151,-0.489474,img_278.jpg
34294,1280,720,631.94293,353.39117,986.8637,986.74805,3.016,0.002,2.959,-0.017500,0.864405,0.030880,-0.501542,img_279.jpg
34379,1280,720,631.94293,353.39117,986.8637,986.74805,2.997,0.003,2.969,-0.016498,0.861508,0.029299,-0.506630,img_280.jpg
34453,1280,720,631.94293,353.39117,986.8637,986.74805,2.983,0.003,2.981,-0.016371,0.858962,0.028778,-0.510968,img_281.jpg,marker_6.jpg,0.26944843,0.26944843,3.580,-0.206,3.340,-0.398366,0.590578,-0.585126,-0.585126
34546,1280,720,631.94293,353.39117,986.8637,986.74805,2.959,0.004,3.001,-0.014143,0.855001,0.030572,-0.517531,img_282.jpg
34616,1280,720,631.94293,353.39117,986.8637,986.74805,2.945,0.004,3.013,-0.011750,0.851633,0.031549,-0.523056,img_283.jpg
34690,1280,720,631.94293,353.39117,986.8637,986.74805,2.927,0.003,3.029,-0.007223,0.846223,0.033453,-0.531728,img_284.jpg
34762,1280,720,631.94293,353.39117,986.8637,986.74805,2.914,0.002,3.037,-0.005112,0.842376,0.032426,-0.537889,img_285.jpg
34848,1280,720,631.94293,353.39117,986.8637,986.74805,2.900,0.003,3.045,-0.003620,0.837684,0.032347,-0.545184,img_286.jpg
34912,1280,720,631.94293,353.39117,986.8637,986.74805,2.887,0.003,3.054,-0.004289,0.833057,0.032361,-0.552224,img_287.jpg,marker_6.jpg,0.2755429,0.2755429,3.591,-0.215,3.350,-0.388727,0.596640,-0.590069,-0.590069
34980,1280,720,631.94293,353.39117,986.8637,986.74805,2.874,0.004,3.063,-0.005093,0.829025,0.032780,-0.558227,img_288.jpg
35057,1280,720,631.94293,353.39117,986.8637,986.74805,2.858,0.001,3.077,-0.003467,0.824647,0.039221,-0.564276,img_289.jpg
35146,1280,720,631.94293,353.39117,986.8637,986.74805,2.851,-0.003,3.087,0.000972,0.823582,0.042328,-0.565615,img_290.jpg
35218,1280,720,631.94293,353.39117,986.8637,986.74805,2.844,-0.009,3.099,0.002861,0.823639,0.047739,-0.565094,img_291.jpg
35294,1280,720,631.94293,353.39117,986.8637,986.74805,2.836,-0.019,3.121,0.005881,0.822228,0.057577,-0.566208,img_292.jpg
35379,1280,720,631.94293,353.39117,986.8637,986.74805,2.832,-0.026,3.139,0.007118,0.819809,0.066446,-0.568724,img_293.jpg
35457,1280,720,631.94293,353.39117,986.8637,986.74805,2.827,-0.041,3.167,0.011202,0.819884,0.076351,-0.567306,img_294.jpg
35545,1280,720,631.94293,353.39117,986.8637,986.74805,2.822,-0.051,3.188,0.018170,0.821157,0.076718,-0.565230,img_295.jpg,marker_6.jpg,0.27627575,0.27627575,3.589,-0.214,3.351,-0.394303,0.596867,-0.585066,-0.585066
35617,1280,720,631.94293,353.39117,986.8637,986.74805,2.817,-0.061,3.212,0.023143,0.821459,0.083455,-0.563653,img_296.jpg
35698,1280,720,631.94293,353.39117,986.8637,986.74805,2.811,-0.076,3.255,0.032761,0.820168,0.100429,-0.562285,img_297.jpg
35779,1280,720,631.94293,353.39117,986.8637,986.74805,2.810,-0.088,3.286,0.045924,0.820841,0.112179,-0.558146,img_298.jpg
35862,1280,720,631.94293,353.39117,986.8637,986.74805,2.811,-0.105,3.331,0.068502,0.821702,0.135304,-0.549370,img_299.jpg
35945,1280,720,631.94293,353.39117,986.8637,986.74805,2.809,-0.117,3.360,0.077389,0.826394,0.144316,-0.538756,img_300.jpg
36016,1280,720,631.94293,353.39117,986.8637,986.74805,2.806,-0.128,3.389,0.082537,0.832345,0.156834,-0.525160,img_301.jpg
36091,1280,720,631.94293,353.39117,986.8637,986.74805,2.800,-0.145,3.437,0.082208,0.838750,0.179067,-0.507618,img_302.jpg
36179,1280,720,631.94293,353.39117,986.8637,986.74805,2.792,-0.156,3.469,0.080034,0.842774,0.197093,-0.494450,img_303.jpg
36259,1280,720,631.94293,353.39117,986.8637,986.74805,2.775,-0.170,3.519,0.076347,0.848836,0.214108,-0.477292,img_304.jpg
36346,1280,720,631.94293,353.39117,986.8637,986.74805,2.763,-0.178,3.557,0.071673,0.852618,0.223309,-0.466946,img_305.jpg
36412,1280,720,631.94293,353.39117,986.8637,986.74805,2.744,-0.185,3.595,0.065124,0.855458,0.227651,-0.460572,img_306.jpg
36486,1280,720,631.94293,353.39117,986.8637,986.74805,2.712,-0.193,3.654,0.059296,0.859274,0.231217,-0.452405,img_307.jpg
36562,1280,720,631.94293,353.39117,986.8637,986.74805,2.687,-0.197,3.692,0.056607,0.861489,0.231286,-0.448485,img_308.jpg
36645,1280,720,631.94293,353.39117,986.8637,986.74805,2.658,-0.199,3.730,0.055136,0.864647,0.230754,-0.442829,img_309.jpg
36726,1280,720,631.94293,353.39117,986.8637,986.74805,2.629,-0.199,3.769,0.054188,0.869122,0.233442,-0.432661,img_310.jpg
36801,1280,720,631.94293,353.39117,986.8637,986.74805,2.588,-0.200,3.827,0.056421,0.876104,0.235961,-0.416631,img_311.jpg
36897,1280,720,631.94293,353.39117,986.8637,986.74805,2.546,-0.201,3.880,0.056832,0.880622,0.245830,-0.401051,img_312.jpg
36979,1280,720,631.94293,353.39117,986.8637,986.74805,2.509,-0.201,3.928,0.054221,0.886938,0.246610,-0.386761,img_313.jpg
37064,1280,720,631.94293,353.39117,986.8637,986.74805,2.489,-0.200,3.959,0.049089,0.891284,0.251176,-0.374318,img_314.jpg
37145,1280,720,631.94293,353.39117,986.8637,986.74805,2.470,-0.200,3.991,0.040298,0.896070,0.252233,-0.363060,img_315.jpg
37221,1280,720,631.94293,353.39117,986.8637,986.74805,2.442,-0.205,4.042,0.032997,0.902914,0.256273,-0.343486,img_316.jpg
37314,1280,720,631.94293,353.39117,986.8637,986.74805,2.426,-0.210,4.083,0.028974,0.907267,0.260153,-0.329162,img_317.jpg
37390,1280,720,631.94293,353.39117,986.8637,986.74805,2.396,-0.220,4.147,0.023276,0.914165,0.263683,-0.306970,img_318.jpg
37480,1280,720,631.94293,353.39117,986.8637,986.74805,2.381,-0.224,4.193,0.025231,0.918383,0.263290,-0.294303,img_319.jpg
37562,1280,720,631.94293,353.39117,986.8637,986.74805,2.365,-0.227,4.259,0.036006,0.923353,0.262817,-0.277580,img_320.jpg
37663,1280,720,631.94293,353.39117,986.8637,986.74805,2.352,-0.226,4.325,0.041347,0.924840,0.273248,-0.261336,img_321.jpg
37746,1280,720,631.94293,353.39117,986.8637,986.74805,2.341,-0.229,4.366,0.035825,0.925773,0.281254,-0.250113,img_322.jpg
37821,1280,720,631.94293,353.39117,986.8637,986.74805,2.329,-0.236,4.404,0.031247,0.927915,0.285917,-0.237168,img_323.jpg
37899,1280,720,631.94293,353.39117,986.8637,986.74805,2.306,-0.246,4.466,0.014878,0.927702,0.303766,-0.216506,img_324.jpg
37979,1280,720,631.94293,353.39117,986.8637,986.74805,2.280,-0.252,4.529,0.002569,0.929443,0.310277,-0.199642,img_325.jpg
38063,1280,720,631.94293,353.39117,986.8637,986.74805,2.262,-0.257,4.564,-0.006849,0.928492,0.315999,-0.194937,img_326.jpg
38133,1280,720,631.94293,353.39117,986.8637,986.74805,2.246,-0.264,4.603,-0.007034,0.928512,0.316728,-0.193647,img_327.jpg
38203,1280,720,631.94293,353.39117,986.8637,986.74805,2.226,-0.266,4.643,-0.007597,0.927755,0.318303,-0.194670,img_328.jpg
38298,1280,720,631.94293,353.39117,986.8637,986.74805,2.193,-0.267,4.702,-0.006652,0.927455,0.314968,-0.201441,img_329.jpg
38371,1280,720,631.94293,353.39117,986.8637,986.74805,2.168,-0.263,4.742,-0.005839,0.926606,0.313847,-0.207043,img_330.jpg
38463,1280,720,631.94293,353.39117,986.8637,986.74805,2.131,-0.257,4.806,-0.002321,0.923002,0.321960,-0.210723,img_331.jpg
38547,1280,720,631.94293,353.39117,986.8637,986.74805,2.093,-0.252,4.865,0.002385,0.921950,0.323303,-0.213254,img_332.jpg
38630,1280,720,631.94293,353.39117,986.8637,986.74805,2.070,-0.252,4.900,0.007016,0.920627,0.324462,-0.217072,img_333.jpg
38703,1280,720,631.94293,353.39117,986.8637,986.74805,2.051,-0.256,4.939,0.010363,0.916712,0.333670,-0.219534,img_334.jpg
38778,1280,720,631.94293,353.39117,986.8637,986.74805,2.031,-0.261,4.989,0.012269,0.912879,0.342744,-0.221421,img_335.jpg
38863,1280,720,631.94293,353.39117,986.8637,986.74805,2.019,-0.267,5.024,0.013608,0.910287,0.348782,-0.222584,img_336.jpg
38934,1280,720,631.94293,353.39117,986.8637,986.74805,2.007,-0.273,5.063,0.013692,0.908678,0.351869,-0.224289,img_337.jpg
39006,1280,720,631.94293,353.39117,986.8637,986.74805,1.993,-0.277,5.101,0.013872,0.908098,0.352145,-0.226185,img_338.jpg
39098,1280,720,631.94293,353.39117,986.8637,986.74805,1.973,-0.283,5.167,0.019174,0.907560,0.353060,-0.226532,img_339.jpg
39173,1280,720,631.94293,353.39117,986.8637,986.74805,1.963,-0.287,5.214,0.029324,0.907886,0.350997,-0.227340,img_340.jpg
39263,1280,720,631.94293,353.39117,986.8637,986.74805,1.942,-0.293,5.284,0.050417,0.907231,0.347994,-0.230849,img_341.jpg
39346,1280,720,631.94293,353.39117,986.8637,986.74805,1.927,-0.295,5.335,0.054835,0.906131,0.356636,-0.220749,img_342.jpg
39420,1280,720,631.94293,353.39117,986.8637,986.74805,1.914,-0.291,5.376,0.057197,0.909904,0.348542,-0.217536,img_343.jpg
39490,1280,720,631.94293,353.39117,986.8637,986.74805,1.896,-0.293,5.441,0.052918,0.911716,0.350374,-0.207874,img_344.jpg
39580,1280,720,631.94293,353.39117,986.8637,986.74805,1.877,-0.290,5.497,0.041956,0.912101,0.352080,-0.205794,img_345.jpg
39663,1280,720,631.94293,353.39117,986.8637,986.74805,1.866,-0.290,5.531,0.044576,0.913147,0.350008,-0.204132,img_346.jpg
39746,1280,720,631.94293,353.39117,986.8637,986.74805,1.853,-0.291,5.567,0.040334,0.912687,0.350430,-0.206338,img_347.jpg
39821,1280,720,631.94293,353.39117,986.8637,986.74805,1.834,-0.293,5.619,0.039836,0.911845,0.348346,-0.213556,img_348.jpg
39898,1280,720,631.94293,353.39117,986.8637,986.74805,1.820,-0.298,5.655,0.039161,0.910621,0.346669,-0.221486,img_349.jpg
39980,1280,720,631.94293,353.39117,986.8637,986.74805,1.793,-0.302,5.714,0.036693,0.908348,0.344281,-0.234581,img_350.jpg
40063,1280,720,631.94293,353.39117,986.8637,986.74805,1.773,-0.302,5.753,0.038785,0.906043,0.341885,-0.246367,img_351.jpg
40146,1280,720,631.94293,353.39117,986.8637,986.74805,1.744,-0.301,5.815,0.041254,0.901290,0.341310,-0.263593,img_352.jpg
40231,1280,720,631.94293,353.39117,986.8637,986.74805,1.723,-0.298,5.854,0.041502,0.897710,0.344356,-0.271687,img_353.jpg
40314,1280,720,631.94293,353.39117,986.8637,986.74805,1.704,-0.292,5.892,0.047509,0.893959,0.341995,-0.285692,img_354.jpg
40394,1280,720,631.94293,353.39117,986.8637,986.74805,1.683,-0.290,5.944,0.059805,0.883551,0.343765,-0.312390,img_355.jpg
40499,1280,720,631.94293,353.39117,986.8637,986.74805,1.665,-0.288,5.986,0.069301,0.876927,0.343898,-0.328529,img_356.jpg
40577,1280,720,631.94293,353.39117,986.8637,986.74805,1.653,-0.288,6.015,0.073819,0.874423,0.342126,-0.335983,img_357.jpg
40657,1280,720,631.94293,353.39117,986.8637,986.74805,1.633,-0.288,6.060,0.078432,0.871515,0.336770,-0.347700,img_358.jpg
40746,1280,720,631.94293,353.39117,986.8637,986.74805,1.619,-0.290,6.111,0.089524,0.866410,0.325358,-0.368051,img_359.jpg
40831,1280,720,631.94293,353.39117,986.8637,986.74805,1.607,-0.296,6.151,0.098414,0.862357,0.313362,-0.385306,img_360.jpg
40907,1280,720,631.94293,353.39117,986.8637,986.74805,1.599,-0.299,6.194,0.106785,0.855297,0.309977,-0.401220,img_361.jpg
40984,1280,720,631.94293,353.39117,986.8637,986.74805,1.596,-0.295,6.248,0.123222,0.843410,0.298858,-0.429138,img_362.jpg
41080,1280,720,631.94293,353.39117,986.8637,986.74805,1.593,-0.290,6.282,0.129210,0.837624,0.302616,-0.436020,img_363.jpg
41158,1280,720,631.94293,353.39117,986.8637,986.74805,1.585,-0.280,6.333,0.135708,0.834313,0.284830,-0.452081,img_364.jpg
41246,1280,720,631.94293,353.39117,986.8637,986.74805,1.578,-0.271,6.383,0.128241,0.827700,0.282959,-0.467334,img_365.jpg
41331,1280,720,631.94293,353.39117,986.8637,986.74805,1.573,-0.264,6.417,0.132827,0.824796,0.269871,-0.478789,img_366.jpg
41415,1280,720,631.94293,353.39117,986.8637,986.74805,1.565,-0.256,6.462,0.126435,0.815111,0.263495,-0.500178,img_367.jpg
41497,1280,720,631.94293,353.39117,986.8637,986.74805,1.554,-0.250,6.489,0.125566,0.808172,0.254227,-0.516197,img_368.jpg
41572,1280,720,631.94293,353.39117,986.8637,986.74805,1.542,-0.242,6.516,0.125900,0.804657,0.239309,-0.528591,img_369.jpg
41647,1280,720,631.94293,353.39117,986.8637,986.74805,1.517,-0.212,6.563,0.111997,0.809127,0.210179,-0.537211,img_370.jpg
41729,1280,720,631.94293,353.39117,986.8637,986.74805,1.498,-0.182,6.599,0.102911,0.821484,0.183125,-0.530130,img_371.jpg
41814,1280,720,631.94293,353.39117,986.8637,986.74805,1.480,-0.149,6.632,0.096600,0.836080,0.155074,-0.517292,img_372.jpg
41885,1280,720,631.94293,353.39117,986.8637,986.74805,1.448,-0.100,6.671,0.081103,0.851752,0.118551,-0.503872,img_373.jpg
41963,1280,720,631.94293,353.39117,986.8637,986.74805,1.431,-0.073,6.694,0.071102,0.861532,0.100027,-0.492648,img_374.jpg
42039,1280,720,631.94293,353.39117,986.8637,986.74805,1.416,-0.054,6.715,0.060484,0.867842,0.091238,-0.484632,img_375.jpg
42116,1280,720,631.94293,353.39117,986.8637,986.74805,1.394,-0.028,6.742,0.046392,0.873118,0.077293,-0.479102,img_376.jpg
42198,1280,720,631.94293,353.39117,986.8637,986.74805,1.382,-0.018,6.758,0.038656,0.874619,0.069867,-0.478191,img_377.jpg
42274,1280,720,631.94293,353.39117,986.8637,986.74805,1.370,-0.009,6.773,0.031288,0.874576,0.058813,-0.480290,img_378.jpg
42355,1280,720,631.94293,353.39117,986.8637,986.74805,1.360,-0.002,6.792,0.021841,0.874666,0.059802,-0.480527,img_379.jpg
42447,1280,720,631.94293,353.39117,986.8637,986.74805,1.354,0.000,6.806,0.016993,0.871924,0.056862,-0.486032,img_380.jpg
42529,1280,720,631.94293,353.39117,986.8637,986.74805,1.349,0.002,6.814,0.013436,0.871139,0.052505,-0.488037,img_381.jpg
42601,1280,720,631.94293,353.39117,986.8637,986.74805,1.347,0.003,6.821,0.011229,0.869513,0.049965,-0.491248,img_382.jpg
42678,1280,720,631.94293,353.39117,986.8637,986.74805,1.341,0.006,6.829,0.007421,0.867115,0.044604,-0.496053,img_383.jpg,marker_7.png,0.27887487,0.27887487,1.907,-0.251,7.186,-0.386620,0.602131,-0.578496,-0.578496
42763,1280,720,631.94293,353.39117,986.8637,986.74805,1.335,0.009,6.840,0.006247,0.865782,0.044033,-0.498441,img_384.jpg
42846,1280,720,631.94293,353.39117,986.8637,986.74805,1.329,0.010,6.846,0.008205,0.861603,0.044862,-0.505530,img_385.jpg
42930,1280,720,631.94293,353.39117,986.8637,986.74805,1.326,0.011,6.848,0.009444,0.855815,0.046111,-0.515136,img_386.jpg
43002,1280,720,631.94293,353.39117,986.8637,986.74805,1.323,0.011,6.853,0.007293,0.851829,0.050627,-0.521317,img_387.jpg
43079,1280,720,631.94293,353.39117,986.8637,986.74805,1.318,0.011,6.861,0.010731,0.851278,0.050149,-0.522202,img_388.jpg
43164,1280,720,631.94293,353.39117,986.8637,986.74805,1.316,0.011,6.865,0.015474,0.852305,0.047977,-0.520611,img_389.jpg,marker_7.png,0.2787053,0.2787053,1.901,-0.252,7.191,-0.381555,0.605306,-0.584368,-0.584368
43247,1280,720,631.94293,353.39117,986.8637,986.74805,1.313,0.012,6.870,0.017428,0.851248,0.047734,-0.522297,img_390.jpg
43330,1280,720,631.94293,353.39117,986.8637,986.74805,1.313,0.011,6.873,0.019809,0.851324,0.045770,-0.522264,img_391.jpg
43414,1280,720,631.94293,353.39117,986.8637,986.74805,1.311,0.010,6.877,0.022469,0.852250,0.045646,-0.520654,img_392.jpg
43498,1280,720,631.94293,353.39117,986.8637,986.74805,1.308,0.011,6.879,0.023016,0.852599,0.044633,-0.520148,img_393.jpg
43580,1280,720,631.94293,353.39117,986.8637,986.74805,1.305,0.010,6.884,0.022236,0.854024,0.044668,-0.517835,img_394.jpg
43663,1280,720,631.94293,353.39117,986.8637,986.74805,1.303,0.008,6.889,0.021279,0.855831,0.046082,-0.514760,img_395.jpg
43736,1280,720,631.94293,353.39117,986.8637,986.74805,1.303,0.004,6.897,0.020923,0.857915,0.052758,-0.510648,img_396.jpg
43808,1280,720,631.94293,353.39117,986.8637,986.74805,1.304,-0.003,6.907,0.021449,0.859065,0.068089,-0.506864,img_397.jpg,marker_7.png,0.27853617,0.27853617,1.900,-0.252,7.190,-0.376902,0.610028,-0.584331,-0.584331
43879,1280,720,631.94293,353.39117,986.8637,986.74805,1.311,-0.022,6.927,0.030009,0.865677,0.095110,-0.490568,img_398.jpg
43963,1280,720,631.94293,353.39117,986.8637,986.74805,1.314,-0.038,6.938,0.033879,0.870051,0.114416,-0.478302,img_399.jpg
44032,1280,720,631.94293,353.39117,986.8637,986.74805,1.316,-0.053,6.950,0.036294,0.876250,0.127114,-0.463369,img_400.jpg
44107,1280,720,631.94293,353.39117,986.8637,986.74805,1.313,-0.066,6.960,0.034659,0.882351,0.140819,-0.447689,img_401.jpg
44184,1280,720,631.94293,353.39117,986.8637,986.74805,1.314,-0.087,6.982,0.036056,0.893109,0.165227,-0.416841,img_402.jpg
44263,1280,720,631.94293,353.39117,986.8637,986.74805,1.312,-0.103,6.998,0.036416,0.901080,0.180147,-0.392779,img_403.jpg
44370,1280,720,631.94293,353.39117,986.8637,986.74805,1.309,-0.126,7.024,0.039594,0.913552,0.200617,-0.351579,img_404.jpg
44438,1280,720,631.94293,353.39117,986.8637,986.74805,1.301,-0.137,7.037,0.039192,0.921818,0.209314,-0.323888,img_405.jpg
44514,1280,720,631.94293,353.39117,986.8637,986.74805,1.289,-0.154,7.064,0.035188,0.928854,0.227036,-0.290598,img_406.jpg
44597,1280,720,631.94293,353.39117,986.8637,986.74805,1.273,-0.160,7.083,0.030492,0.931853,0.238579,-0.271661,img_407.jpg
44680,1280,720,631.94293,353.39117,986.8637,986.74805,1.259,-0.168,7.103,0.025390,0.934315,0.247228,-0.255518,img_408.jpg
44757,1280,720,631.94293,353.39117,986.8637,986.74805,1.233,-0.182,7.140,0.012900,0.932833,0.269350,-0.238971,img_409.jpg
44848,1280,720,631.94293,353.39117,986.8637,986.74805,1.216,-0.205,7.188,0.004686,0.930674,0.287766,-0.225865,img_410.jpg
44931,1280,720,631.94293,353.39117,986.8637,986.74805,1.197,-0.216,7.216,-0.002242,0.929293,0.297373,-0.219042,img_411.jpg
45009,1280,720,631.94293,353.39117,986.8637,986.74805,1.174,-0.227,7.243,-0.008744,0.928833,0.304934,-0.210258,img_412.jpg
45089,1280,720,631.94293,353.39117,986.8637,986.74805,1.135,-0.238,7.287,-0.014437,0.930921,0.312684,-0.188169,img_413.jpg
45181,1280,720,631.94293,353.39117,986.8637,986.74805,1.093,-0.246,7.329,-0.019454,0.933163,0.317361,-0.167661,img_414.jpg
45264,1280,720,631.94293,353.39117,986.8637,986.74805,1.067,-0.254,7.358,-0.020577,0.934414,0.319721,-0.155644,img_415.jpg
45340,1280,720,631.94293,353.39117,986.8637,986.74805,1.041,-0.261,7.387,-0.019897,0.935384,0.323145,-0.142263,img_416.jpg
45417,1280,720,631.94293,353.39117,986.8637,986.74805,1.016,-0.264,7.407,-0.016892,0.940305,0.316246,-0.124616,img_417.jpg
45496,1280,720,631.94293,353.39117,986.8637,986.74805,0.978,-0.265,7.439,-0.024569,0.943003,0.315970,-0.101509,img_418.jpg
45582,1280,720,631.94293,353.39117,986.8637,986.74805,0.943,-0.266,7.468,-0.028020,0.946627,0.311611,-0.077533,img_419.jpg
45681,1280,720,631.94293,353.39117,986.8637,986.74805,0.910,-0.263,7.495,-0.030921,0.949909,0.305757,-0.056825,img_420.jpg
45764,1280,720,631.94293,353.39117,986.8637,986.74805,0.888,-0.260,7.514,-0.032749,0.952114,0.301016,-0.042373,img_421.jpg
45848,1280,720,631.94293,353.39117,986.8637,986.74805,0.860,-0.254,7.545,-0.035662,0.956090,0.289920,-0.023828,img_422.jpg
45935,1280,720,631.94293,353.39117,986.8637,986.74805,0.842,-0.249,7.565,-0.027586,0.961814,0.272267,-0.004844,img_423.jpg
46012,1280,720,631.94293,353.39117,986.8637,986.74805,0.827,-0.246,7.589,-0.024918,0.964018,0.264654,0.002470,img_424.jpg
46101,1280,720,631.94293,353.39117,986.8637,986.74805,0.805,-0.237,7.629,-0.015695,0.967794,0.250481,0.019696,img_425.jpg
46181,1280,720,631.94293,353.39117,986.8637,986.74805,0.779,-0.225,7.671,-0.019373,0.970657,0.237339,0.033471,img_426.jpg
46264,1280,720,631.94293,353.39117,986.8637,986.74805,0.762,-0.214,7.695,-0.024204,0.973282,0.223260,0.047865,img_427.jpg
46342,1280,720,631.94293,353.39117,986.8637,986.74805,0.730,-0.192,7.728,-0.029147,0.977365,0.192312,0.083210,img_428.jpg
46430,1280,720,631.94293,353.39117,986.8637,986.74805,0.709,-0.177,7.744,-0.028189,0.977735,0.174226,0.113514,img_429.jpg
46518,1280,720,631.94293,353.39117,986.8637,986.74805,0.674,-0.149,7.762,-0.034733,0.976531,0.152021,0.148562,img_430.jpg
46597,1280,720,631.94293,353.39117,986.8637,986.74805,0.651,-0.131,7.770,-0.034230,0.974749,0.137351,0.172708,img_431.jpg
46670,1280,720,631.94293,353.39117,986.8637,986.74805,0.630,-0.114,7.774,-0.033375,0.972781,0.122143,0.194072,img_432.jpg
46750,1280,720,631.94293,353.39117,986.8637,986.74805,0.601,-0.091,7.777,-0.030436,0.968828,0.105435,0.222101,img_433.jpg
46830,1280,720,631.94293,353.39117,986.8637,986.74805,0.583,-0.081,7.775,-0.026757,0.966333,0.096698,0.236925,img_434.jpg
46905,1280,720,631.94293,353.39117,986.8637,986.74805,0.566,-0.081,7.782,-0.029433,0.963692,0.094457,0.248010,img_435.jpg
46982,1280,720,631.94293,353.39117,986.8637,986.74805,0.538,-0.077,7.782,-0.028091,0.961648,0.086759,0.258682,img_436.jpg
47081,1280,720,631.94293,353.39117,986.8637,986.74805,0.509,-0.073,7.778,-0.028744,0.961107,0.082075,0.262128,img_437.jpg
47182,1280,720,631.94293,353.39117,986.8637,986.74805,0.484,-0.072,7.772,-0.029268,0.962629,0.080817,0.256820,img_438.jpg
47265,1280,720,631.94293,353.39117,986.8637,986.74805,0.469,-0.071,7.767,-0.029388,0.964594,0.077995,0.250222,img_439.jpg,marker_8.jpg,0.2900203,0.2900203,0.159,-0.251,8.332,0.130982,0.703077,-0.687897,-0.687897
47347,1280,720,631.94293,353.39117,986.8637,986.74805,0.449,-0.070,7.760,-0.028789,0.967217,0.078311,0.239852,img_440.jpg
47432,1280,720,631.94293,353.39117,986.8637,986.74805,0.438,-0.070,7.756,-0.027088,0.969293,0.078519,0.231455,img_441.jpg
47506,1280,720,631.94293,353.39117,986.8637,986.74805,0.424,-0.071,7.749,-0.024394,0.972063,0.081984,0.218578,img_442.jpg
47599,1280,720,631.94293,353.39117,986.8637,986.74805,0.418,-0.072,7.744,-0.023078,0.973881,0.082558,0.210257,img_443.jpg
47679,1280,720,631.94293,353.39117,986.8637,986.74805,0.408,-0.073,7.738,-0.023649,0.976086,0.084975,0.198688,img_444.jpg
47765,1280,720,631.94293,353.39117,986.8637,986.74805,0.402,-0.072,7.734,-0.023402,0.977336,0.084736,0.192578,img_445.jpg,marker_8.jpg,0.28232205,0.28232205,0.163,-0.251,8.326,0.153321,0.701307,-0.681276,-0.681276
47848,1280,720,631.94293,353.39117,986.8637,986.74805,0.395,-0.073,7.728,-0.023229,0.978594,0.086451,0.185313,img_446.jpg
47949,1280,720,631.94293,353.39117,986.8637,986.74805,0.390,-0.073,7.723,-0.023977,0.979394,0.087372,0.180498,img_447.jpg
48032,1280,720,631.94293,353.39117,986.8637,986.74805,0.385,-0.073,7.719,-0.025634,0.979580,0.086421,0.179715,img_448.jpg
48110,1280,720,631.94293,353.39117,986.8637,986.74805,0.373,-0.074,7.713,-0.027524,0.978823,0.087879,0.182826,img_449.jpg
48198,1280,720,631.94293,353.39117,986.8637,986.74805,0.362,-0.073,7.707,-0.028552,0.978196,0.088708,0.185602,img_450.jpg
48269,1280,720,631.94293,353.39117,986.8637,986.74805,0.351,-0.073,7.698,-0.029408,0.977515,0.087008,0.189814,img_451.jpg
48346,1280,720,631.94293,353.39117,986.8637,986.74805,0.330,-0.073,7.681,-0.032618,0.975710,0.087146,0.198324,img_452.jpg
48431,1280,720,631.94293,353.39117,986.8637,986.74805,0.315,-0.074,7.667,-0.033683,0.974343,0.087688,0.204527,img_453.jpg
48502,1280,720,631.94293,353.39117,986.8637,986.74805,0.299,-0.074,7.654,-0.034175,0.973177,0.087820,0.209871,img_454.jpg
48579,1280,720,631.94293,353.39117,986.8637,986.74805,0.274,-0.075,7.633,-0.034129,0.972422,0.087942,0.213301,img_455.jpg
48664,1280,720,631.94293,353.39117,986.8637,986.74805,0.257,-0.075,7.620,-0.035467,0.971855,0.088149,0.215569,img_456.jpg
48742,1280,720,631.94293,353.39117,986.8637,986.74805,0.235,-0.076,7.600,-0.032063,0.971493,0.085669,0.218712,img_457.jpg
48832,1280,720,631.94293,353.39117,986.8637,986.74805,0.219,-0.079,7.591,-0.030312,0.971034,0.088554,0.219846,img_458.jpg
48906,1280,720,631.94293,353.39117,986.8637,986.74805,0.201,-0.081,7.584,-0.032853,0.970100,0.091741,0.222284,img_459.jpg,marker_8.jpg,0.27836168,0.27836168,0.166,-0.249,8.318,0.168331,0.701209,-0.675123,-0.675123
48986,1280,720,631.94293,353.39117,986.8637,986.74805,0.174,-0.084,7.573,-0.037338,0.971438,0.091451,0.215758,img_460.jpg
49082,1280,720,631.94293,353.39117,986.8637,986.74805,0.146,-0.085,7.564,-0.044297,0.973987,0.094974,0.200916,img_461.jpg
49164,1280,720,631.94293,353.39117,986.8637,986.74805,0.128,-0.085,7.558,-0.045165,0.975778,0.096277,0.191173,img_462.jpg
49246,1280,720,631.94293,353.39117,986.8637,986.74805,0.101,-0.087,7.550,-0.041789,0.978458,0.094470,0.178743,img_463.jpg
49330,1280,720,631.94293,353.39117,986.8637,986.74805,0.082,-0.088,7.546,-0.039257,0.980004,0.095660,0.170003,img_464.jpg
49406,1280,720,631.94293,353.39117,986.8637,986.74805,0.061,-0.090,7.542,-0.029840,0.980677,0.095442,0.168144,img_465.jpg
49480,1280,720,631.94293,353.39117,986.8637,986.74805,0.038,-0.091,7.538,-0.025700,0.981517,0.097900,0.162420,img_466.jpg
49558,1280,720,631.94293,353.39117,986.8637,986.74805,-0.001,-0.093,7.532,-0.022108,0.980904,0.100961,0.164762,img_467.jpg
49648,1280,720,631.94293,353.39117,986.8637,986.74805,-0.045,-0.093,7.526,-0.028154,0.978164,0.104709,0.177309,img_468.jpg
49731,1280,720,631.94293,353.39117,986.8637,986.74805,-0.072,-0.095,7.520,-0.026803,0.975368,0.105652,0.191773,img_469.jpg
49805,1280,720,631.94293,353.39117,986.8637,986.74805,-0.102,-0.098,7.515,-0.035337,0.972022,0.113731,0.202458,img_470.jpg
49891,1280,720,631.94293,353.39117,986.8637,986.74805,-0.145,-0.104,7.506,-0.036370,0.965478,0.119675,0.228489,img_471.jpg
49981,1280,720,631.94293,353.39117,986.8637,986.74805,-0.177,-0.109,7.496,-0.044642,0.960963,0.124147,0.243196,img_472.jpg
50059,1280,720,631.94293,353.39117,986.8637,986.74805,-0.220,-0.117,7.475,-0.055150,0.956725,0.127052,0.255916,img_473.jpg
50148,1280,720,631.94293,353.39117,986.8637,986.74805,-0.266,-0.123,7.450,-0.065654,0.954355,0.129198,0.261160,img_474.jpg
50231,1280,720,631.94293,353.39117,986.8637,986.74805,-0.295,-0.126,7.429,-0.068002,0.954336,0.127520,0.261452,img_475.jpg
50302,1280,720,631.94293,353.39117,986.8637,986.74805,-0.323,-0.126,7.404,-0.066319,0.954557,0.125669,0.261974,img_476.jpg
50378,1280,720,631.94293,353.39117,986.8637,986.74805,-0.365,-0.120,7.363,-0.062674,0.956745,0.121809,0.256659,img_477.jpg
50465,1280,720,631.94293,353.39117,986.8637,986.74805,-0.393,-0.111,7.336,-0.063208,0.957779,0.119967,0.253519,img_478.jpg
50540,1280,720,631.94293,353.39117,986.8637,986.74805,-0.421,-0.104,7.307,-0.059652,0.959097,0.118984,0.249836,img_479.jpg
50615,1280,720,631.94293,353.39117,986.8637,986.74805,-0.461,-0.096,7.264,-0.057215,0.959559,0.119957,0.248159,img_480.jpg
50700,1280,720,631.94293,353.39117,986.8637,986.74805,-0.488,-0.094,7.236,-0.056468,0.959187,0.118531,0.250442,img_481.jpg
50772,1280,720,631.94293,353.39117,986.8637,986.74805,-0.521,-0.088,7.199,-0.049024,0.958790,0.111184,0.256821,img_482.jpg
50865,1280,720,631.94293,353.39117,986.8637,986.74805,-0.544,-0.080,7.178,-0.044963,0.959379,0.103046,0.258752,img_483.jpg
50939,1280,720,631.94293,353.39117,986.8637,986.74805,-0.580,-0.071,7.150,-0.035654,0.958206,0.089419,0.269396,img_484.jpg
51015,1280,720,631.94293,353.39117,986.8637,986.74805,-0.603,-0.067,7.133,-0.031313,0.957504,0.083561,0.274268,img_485.jpg
51100,1280,720,631.94293,353.39117,986.8637,986.74805,-0.624,-0.062,7.119,-0.031194,0.955184,0.076869,0.284150,img_486.jpg
51175,1280,720,631.94293,353.39117,986.8637,986.74805,-0.647,-0.063,7.111,-0.033654,0.953952,0.071420,0.289383,img_487.jpg
51255,1280,720,631.94293,353.39117,986.8637,986.74805,-0.682,-0.068,7.111,-0.032967,0.952642,0.070127,0.294056,img_488.jpg
51349,1280,720,631.94293,353.39117,986.8637,986.74805,-0.710,-0.069,7.098,-0.029115,0.951535,0.070437,0.297947,img_489.jpg,marker_9.jpg,0.27794674,0.27794674,-1.258,-0.211,7.634,0.178753,0.690739,-0.683129,-0.683129
51431,1280,720,631.94293,353.39117,986.8637,986.74805,-0.731,-0.071,7.092,-0.030947,0.951329,0.070139,0.298490,img_490.jpg
51508,1280,720,631.94293,353.39117,986.8637,986.74805,-0.762,-0.073,7.083,-0.025089,0.950996,0.067417,0.300718,img_491.jpg
51601,1280,720,631.94293,353.39117,986.8637,986.74805,-0.784,-0.073,7.080,-0.018894,0.950548,0.069149,0.302191,img_492.jpg
51676,1280,720,631.94293,353.39117,986.8637,986.74805,-0.818,-0.071,7.075,-0.017199,0.951772,0.070707,0.298050,img_493.jpg
51766,1280,720,631.94293,353.39117,986.8637,986.74805,-0.841,-0.068,7.072,-0.020456,0.952794,0.071194,0.294443,img_494.jpg
51855,1280,720,631.94293,353.39117,986.8637,986.74805,-0.871,-0.065,7.070,-0.021886,0.953058,0.073024,0.293035,img_495.jpg
51948,1280,720,631.94293,353.39117,986.8637,986.74805,-0.893,-0.066,7.066,-0.017244,0.953236,0.072504,0.292893,img_496.jpg
52032,1280,720,631.94293,353.39117,986.8637,986.74805,-0.908,-0.066,7.063,-0.019532,0.954366,0.072602,0.289021,img_497.jpg,marker_9.jpg,0.28152746,0.28152746,-1.253,-0.211,7.638,0.159506,0.698029,-0.683192,-0.683192
52115,1280,720,631.94293,353.39117,986.8637,986.74805,-0.929,-0.066,7.058,-0.020254,0.955884,0.072853,0.283845,img_498.jpg
52199,1280,720,631.94293,353.39117,986.8637,986.74805,-0.946,-0.066,7.053,-0.021791,0.957625,0.071613,0.278122,img_499.jpg
52270,1280,720,631.94293,353.39117,986.8637,986.74805,-0.961,-0.066,7.048,-0.022121,0.959731,0.071511,0.270763,img_500.jpg
52351,1280,720,631.94293,353.39117,986.8637,986.74805,-0.988,-0.065,7.035,-0.023203,0.963580,0.066194,0.258057,img_501.jpg
52432,1280,720,631.94293,353.39117,986.8637,986.74805,-1.008,-0.065,7.023,-0.025068,0.966354,0.062513,0.248244,img_502.jpg
52510,1280,720,631.94293,353.39117,986.8637,986.74805,-1.038,-0.064,7.001,-0.023368,0.970024,0.060122,0.234290,img_503.jpg
52599,1280,720,631.94293,353.39117,986.8637,986.74805,-1.059,-0.062,6.984,-0.019694,0.972528,0.057643,0.224675,img_504.jpg
52670,1280,720,631.94293,353.39117,986.8637,986.74805,-1.092,-0.057,6.955,-0.018162,0.975299,0.056469,0.212775,img_505.jpg,marker_9.jpg,0.27822295,0.27822295,-1.249,-0.210,7.634,0.161041,0.698685,-0.681204,-0.681204
52767,1280,720,631.94293,353.39117,986.8637,986.74805,-1.113,-0.053,6.933,-0.017576,0.976690,0.055308,0.206663,img_506.jpg
52845,1280,720,631.94293,353.39117,986.8637,986.74805,-1.143,-0.048,6.898,-0.018195,0.978341,0.053679,0.199089,img_507.jpg
52931,1280,720,631.94293,353.39117,986.8637,986.74805,-1.162,-0.047,6.876,-0.017895,0.978883,0.054683,0.196158,img_508.jpg
53011,1280,720,631.94293,353.39117,986.8637,986.74805,-1.191,-0.047,6.845,-0.018672,0.979116,0.058252,0.193881,img_509.jpg
53102,1280,720,631.94293,353.39117,986.8637,986.74805,-1.207,-0.047,6.828,-0.017320,0.979542,0.059693,0.191402,img_510.jpg
53178,1280,720,631.94293,353.39117,986.8637,986.74805,-1.230,-0.049,6.806,-0.016495,0.980198,0.056432,0.189089,img_511.jpg
53266,1280,720,631.94293,353.39117,986.8637,986.74805,-1.245,-0.048,6.796,-0.021279,0.980435,0.058089,0.186871,img_512.jpg
53342,1280,720,631.94293,353.39117,986.8637,986.74805,-1.261,-0.050,6.787,-0.023461,0.980493,0.060889,0.185408,img_513.jpg
53421,1280,720,631.94293,353.39117,986.8637,986.74805,-1.286,-0.053,6.777,-0.023598,0.980485,0.060834,0.185448,img_514.jpg
53517,1280,720,631.94293,353.39117,986.8637,986.74805,-1.316,-0.058,6.769,-0.028060,0.980057,0.062327,0.186593,img_515.jpg
53601,1280,720,631.94293,353.39117,986.8637,986.74805,-1.338,-0.061,6.763,-0.028281,0.979688,0.064619,0.187715,img_516.jpg
53675,1280,720,631.94293,353.39117,986.8637,986.74805,-1.376,-0.068,6.757,-0.024836,0.978762,0.069463,0.191268,img_517.jpg,marker_9.jpg,0.2769675,0.2769675,-1.248,-0.210,7.631,0.170549,0.698309,-0.677548,-0.677548
53766,1280,720,631.94293,353.39117,986.8637,986.74805,-1.405,-0.072,6.754,-0.023408,0.978457,0.072972,0.191703,img_518.jpg
53843,1280,720,631.94293,353.39117,986.8637,986.74805,-1.450,-0.079,6.749,-0.014754,0.977904,0.081095,0.192121,img_519.jpg
53933,1280,720,631.94293,353.39117,986.8637,986.74805,-1.484,-0.082,6.747,-0.012954,0.977112,0.090279,0.192183,img_520.jpg
54008,1280,720,631.94293,353.39117,986.8637,986.74805,-1.540,-0.086,6.742,-0.017434,0.975385,0.098477,0.196524,img_521.jpg
54101,1280,720,631.94293,353.39117,986.8637,986.74805,-1.581,-0.087,6.740,-0.027626,0.970979,0.111605,0.209715,img_522.jpg
54176,1280,720,631.94293,353.39117,986.8637,986.74805,-1.632,-0.088,6.733,-0.026365,0.965088,0.120203,0.231218,img_523.jpg
54269,1280,720,631.94293,353.39117,986.8637,986.74805,-1.659,-0.087,6.725,-0.033275,0.961263,0.125320,0.243230,img_524.jpg
54364,1280,720,631.94293,353.39117,986.8637,986.74805,-1.700,-0.090,6.714,-0.043160,0.957044,0.132762,0.254123,img_525.jpg
54449,1280,720,631.94293,353.39117,986.8637,986.74805,-1.739,-0.094,6.699,-0.051755,0.953710,0.135729,0.263319,img_526.jpg
54548,1280,720,631.94293,353.39117,986.8637,986.74805,-1.779,-0.099,6.680,-0.057431,0.952246,0.136529,0.266999,img_527.jpg
54631,1280,720,631.94293,353.39117,986.8637,986.74805,-1.805,-0.100,6.665,-0.056330,0.953506,0.133336,0.264339,img_528.jpg
54703,1280,720,631.94293,353.39117,986.8637,986.74805,-1.832,-0.099,6.649,-0.055558,0.955025,0.130567,0.260372,img_529.jpg
54778,1280,720,631.94293,353.39117,986.8637,986.74805,-1.875,-0.093,6.616,-0.052513,0.958354,0.122548,0.252551,img_530.jpg
54864,1280,720,631.94293,353.39117,986.8637,986.74805,-1.905,-0.086,6.590,-0.050227,0.960712,0.115552,0.247301,img_531.jpg
54940,1280,720,631.94293,353.39117,986.8637,986.74805,-1.951,-0.072,6.553,-0.050483,0.964200,0.110065,0.235915,img_532.jpg
55031,1280,720,631.94293,353.39117,986.8637,986.74805,-1.978,-0.063,6.530,-0.041936,0.966309,0.109618,0.229070,img_533.jpg
55102,1280,720,631.94293,353.39117,986.8637,986.74805,-2.005,-0.057,6.509,-0.035021,0.967449,0.112587,0.223920,img_534.jpg
55175,1280,720,631.94293,353.39117,986.8637,986.74805,-2.045,-0.051,6.480,-0.031159,0.968086,0.115298,0.220332,img_535.jpg
55265,1280,720,631.94293,353.39117,986.8637,986.74805,-2.072,-0.048,6.462,-0.032526,0.968182,0.113738,0.220521,img_536.jpg
55343,1280,720,631.94293,353.39117,986.8637,986.74805,-2.072,-0.048,6.462,-0.032526,0.968182,0.113738,0.220521,img_537.jpg
55431,1280,720,631.94293,353.39117,986.8637,986.74805,-2.072,-0.048,6.462,-0.032526,0.968182,0.113738,0.220521,img_538.jpg
55503,1280,720,631.94293,353.39117,986.8637,986.74805,-2.072,-0.048,6.462,-0.032526,0.968182,0.113738,0.220521,img_539.jpg
55582,1280,720,631.94293,353.39117,986.8637,986.74805,-2.072,-0.048,6.462,-0.032526,0.968182,0.113738,0.220521,img_540.jpg
55664,1280,720,631.94293,353.39117,986.8637,986.74805,-2.072,-0.048,6.462,-0.032526,0.968182,0.113738,0.220521,img_541.jpg
55741,1280,720,631.94293,353.39117,986.8637,986.74805,-2.072,-0.048,6.462,-0.032526,0.968182,0.113738,0.220521,img_542.jpg
55831,1280,720,631.94293,353.39117,986.8637,986.74805,-2.072,-0.048,6.462,-0.032526,0.968182,0.113738,0.220521,img_543.jpg
55902,1280,720,631.94293,353.39117,986.8637,986.74805,-2.072,-0.048,6.462,-0.032526,0.968182,0.113738,0.220521,img_544.jpg
55979,1280,720,631.94293,353.39117,986.8637,986.74805,-2.072,-0.048,6.462,-0.032526,0.968182,0.113738,0.220521,img_545.jpg
56065,1280,720,631.94293,353.39117,986.8637,986.74805,-2.072,-0.048,6.462,-0.032526,0.968182,0.113738,0.220521,img_546.jpg
56143,1280,720,631.94293,353.39117,986.8637,986.74805,-2.072,-0.048,6.462,-0.032526,0.968182,0.113738,0.220521,img_547.jpg
56231,1280,720,631.94293,353.39117,986.8637,986.74805,-2.072,-0.048,6.462,-0.032526,0.968182,0.113738,0.220521,img_548.jpg
56308,1280,720,631.94293,353.39117,986.8637,986.74805,-2.072,-0.048,6.462,-0.032526,0.968182,0.113738,0.220521,img_549.jpg
56398,1280,720,631.94293,353.39117,986.8637,986.74805,-2.072,-0.048,6.462,-0.032526,0.968182,0.113738,0.220521,img_550.jpg
56474,1280,720,631.94293,353.39117,986.8637,986.74805,-1.627,-0.089,6.748,-0.015056,0.971674,0.079903,0.221896,img_551.jpg
56565,1280,720,631.94293,353.39117,986.8637,986.74805,-1.668,-0.088,6.751,-0.013553,0.972390,0.075477,0.220401,img_552.jpg
56649,1280,720,631.94293,353.39117,986.8637,986.74805,-1.678,-0.092,6.750,-0.016455,0.973629,0.074948,0.214846,img_553.jpg
56732,1280,720,631.94293,353.39117,986.8637,986.74805,-1.689,-0.098,6.748,-0.017817,0.975856,0.073005,0.205083,img_554.jpg
56815,1280,720,631.94293,353.39117,986.8637,986.74805,-1.698,-0.101,6.745,-0.018830,0.978049,0.068952,0.195731,img_555.jpg
56900,1280,720,631.94293,353.39117,986.8637,986.74805,-1.709,-0.105,6.743,-0.022589,0.979738,0.070127,0.186242,img_556.jpg
56979,1280,720,631.94293,353.39117,986.8637,986.74805,-1.724,-0.110,6.735,-0.019574,0.982680,0.067417,0.171498,img_557.jpg
57065,1280,720,631.94293,353.39117,986.8637,986.74805,-1.736,-0.113,6.729,-0.017063,0.984291,0.066714,0.162571,img_558.jpg
57148,1280,720,631.94293,353.39117,986.8637,986.74805,-1.734,-0.089,6.703,-0.017258,0.986514,0.066131,0.148724,img_559.jpg
57225,1280,720,631.94293,353.39117,986.8637,986.74805,-1.745,-0.088,6.695,-0.015300,0.987762,0.065779,0.140588,img_560.jpg
57302,1280,720,631.94293,353.39117,986.8637,986.74805,-1.760,-0.089,6.671,-0.015764,0.989064,0.063837,0.132021,img_561.jpg,marker_10.jpg,0.20702013,0.20702013,-1.845,-0.203,7.125,0.110864,0.701192,-0.694707,-0.694707
57383,1280,720,631.94293,353.39117,986.8637,986.74805,-1.775,-0.088,6.658,-0.017875,0.989207,0.062682,0.131227,img_562.jpg
57459,1280,720,631.94293,353.39117,986.8637,986.74805,-1.788,-0.087,6.646,-0.019169,0.989312,0.062127,0.130517,img_563.jpg,marker_10.jpg,0.2091021,0.2091021,-1.844,-0.203,7.148,0.116518,0.681210,-0.713103,-0.713103
57540,1280,720,631.94293,353.39117,986.8637,986.74805,-1.802,-0.089,6.630,-0.016754,0.989067,0.060206,0.133569,img_564.jpg
57632,1280,720,631.94293,353.39117,986.8637,986.74805,-1.818,-0.092,6.615,-0.019653,0.987866,0.062340,0.140885,img_565.jpg
57715,1280,720,631.94293,353.39117,986.8637,986.74805,-1.823,-0.096,6.608,-0.020750,0.987028,0.064631,0.145495,img_566.jpg
57800,1280,720,631.94293,353.39117,986.8637,986.74805,-1.833,-0.097,6.599,-0.021007,0.986191,0.062619,0.151869,img_567.jpg
57875,1280,720,631.94293,353.39117,986.8637,986.74805,-1.846,-0.100,6.588,-0.025197,0.983946,0.062412,0.165286,img_568.jpg
57966,1280,720,631.94293,353.39117,986.8637,986.74805,-1.858,-0.103,6.580,-0.030876,0.981954,0.066492,0.174333,img_569.jpg
58049,1280,720,631.94293,353.39117,986.8637,986.74805,-1.867,-0.106,6.580,-0.037895,0.979724,0.072420,0.182919,img_570.jpg
58128,1280,720,631.94293,353.39117,986.8637,986.74805,-1.875,-0.108,6.580,-0.042481,0.977067,0.074774,0.194792,img_571.jpg
58206,1280,720,631.94293,353.39117,986.8637,986.74805,-1.887,-0.112,6.578,-0.049471,0.972075,0.079333,0.215242,img_572.jpg
58284,1280,720,631.94293,353.39117,986.8637,986.74805,-1.898,-0.114,6.577,-0.056740,0.967923,0.083878,0.229935,img_573.jpg
58366,1280,720,631.94293,353.39117,986.8637,986.74805,-1.914,-0.116,6.577,-0.062548,0.961522,0.090622,0.251697,img_574.jpg
58449,1280,720,631.94293,353.39117,986.8637,986.74805,-1.925,-0.117,6.576,-0.069391,0.957115,0.095984,0.264393,img_575.jpg
58523,1280,720,631.94293,353.39117,986.8637,986.74805,-1.935,-0.119,6.573,-0.068857,0.952502,0.097450,0.280181,img_576.jpg
58616,1280,720,631.94293,353.39117,986.8637,986.74805,-1.948,-0.119,6.566,-0.076170,0.944729,0.096799,0.303833,img_577.jpg
58686,1280,720,631.94293,353.39117,986.8637,986.74805,-1.959,-0.120,6.562,-0.079998,0.939142,0.096206,0.319932,img_578.jpg
58760,1280,720,631.94293,353.39117,986.8637,986.74805,-1.967,-0.121,6.558,-0.080138,0.932649,0.099306,0.337463,img_579.jpg
58834,1280,720,631.94293,353.39117,986.8637,986.74805,-1.982,-0.123,6.553,0.084150,-0.922378,-0.103309,-0.362582,img_580.jpg
58916,1280,720,631.94293,353.39117,986.8637,986.74805,-1.990,-0.124,6.548,0.087279,-0.914391,-0.105302,-0.381028,img_581.jpg
58989,1280,720,631.94293,353.39117,986.8637,986.74805,-2.000,-0.124,6.541,0.092485,-0.905934,-0.106052,-0.399353,img_582.jpg
59065,1280,720,631.94293,353.39117,986.8637,986.74805,-2.010,-0.126,6.530,0.099834,-0.891866,-0.108689,-0.427544,img_583.jpg
59149,1280,720,631.94293,353.39117,986.8637,986.74805,-2.016,-0.126,6.525,0.103998,-0.881145,-0.109634,-0.448050,img_584.jpg
59220,1280,720,631.94293,353.39117,986.8637,986.74805,-2.021,-0.127,6.520,0.108315,-0.871531,-0.111300,-0.465097,img_585.jpg
59300,1280,720,631.94293,353.39117,986.8637,986.74805,-2.027,-0.127,6.512,0.111525,-0.856706,-0.111283,-0.491156,img_586.jpg
59383,1280,720,631.94293,353.39117,986.8637,986.74805,-2.031,-0.127,6.508,0.112468,-0.847690,-0.112727,-0.506029,img_587.jpg
59459,1280,720,631.94293,353.39117,986.8637,986.74805,-2.034,-0.128,6.504,0.117090,-0.837813,-0.113281,-0.521082,img_588.jpg
59542,1280,720,631.94293,353.39117,986.8637,986.74805,-2.039,-0.132,6.501,0.125611,-0.826263,-0.121986,-0.535378,img_589.jpg
59633,1280,720,631.94293,353.39117,986.8637,986.74805,-2.045,-0.138,6.502,0.132629,-0.817047,-0.129228,-0.546026,img_590.jpg
59713,1280,720,631.94293,353.39117,986.8637,986.74805,-2.051,-0.149,6.502,0.143315,-0.801200,-0.137182,-0.564554,img_591.jpg
59801,1280,720,631.94293,353.39117,986.8637,986.74805,-2.063,-0.156,6.490,0.151066,-0.782678,-0.140957,-0.587133,img_592.jpg
59886,1280,720,631.94293,353.39117,986.8637,986.74805,-2.071,-0.160,6.476,0.153709,-0.767249,-0.141754,-0.606307,img_593.jpg
59969,1280,720,631.94293,353.39117,986.8637,986.74805,-2.073,-0.157,6.443,0.149707,-0.741656,-0.133121,-0.640167,img_594.jpg
60066,1280,720,631.94293,353.39117,986.8637,986.74805,-2.073,-0.150,6.420,0.140026,-0.715928,-0.127109,-0.672074,img_595.jpg
60149,1280,720,631.94293,353.39117,986.8637,986.74805,-2.073,-0.143,6.406,0.132490,-0.695812,-0.121471,-0.695368,img_596.jpg
60226,1280,720,631.94293,353.39117,986.8637,986.74805,-2.083,-0.143,6.393,0.126351,-0.676172,-0.114521,-0.716736,img_597.jpg
60317,1280,720,631.94293,353.39117,986.8637,986.74805,-2.087,-0.136,6.373,0.117948,-0.648858,-0.102931,-0.744632,img_598.jpg
60385,1280,720,631.94293,353.39117,986.8637,986.74805,-2.095,-0.135,6.355,0.112194,-0.631726,-0.095986,-0.761000,img_599.jpg
60466,1280,720,631.94293,353.39117,986.8637,986.74805,-2.109,-0.135,6.324,0.109447,-0.612852,-0.085299,-0.777919,img_600.jpg
60549,1280,720,631.94293,353.39117,986.8637,986.74805,-2.117,-0.130,6.296,0.106096,-0.605318,-0.076931,-0.785121,img_601.jpg
60632,1280,720,631.94293,353.39117,986.8637,986.74805,-2.125,-0.129,6.269,0.097650,-0.593904,-0.071013,-0.795425,img_602.jpg
60716,1280,720,631.94293,353.39117,986.8637,986.74805,-2.136,-0.126,6.245,0.093627,-0.590811,-0.069617,-0.798329,img_603.jpg
60800,1280,720,631.94293,353.39117,986.8637,986.74805,-2.145,-0.125,6.213,0.083782,-0.584774,-0.069948,-0.803820,img_604.jpg
60884,1280,720,631.94293,353.39117,986.8637,986.74805,-2.152,-0.122,6.192,0.079142,-0.584163,-0.070705,-0.804668,img_605.jpg
60967,1280,720,631.94293,353.39117,986.8637,986.74805,-2.160,-0.120,6.162,0.069691,-0.583555,-0.069221,-0.806111,img_606.jpg,marker_11.jpg,0.27217358,0.27217358,-2.760,-0.248,5.797,-0.529241,-0.457328,0.472853,0.472853
61050,1280,720,631.94293,353.39117,986.8637,986.74805,-2.168,-0.118,6.137,0.068264,-0.586175,-0.066766,-0.804538,img_607.jpg
61129,1280,720,631.94293,353.39117,986.8637,986.74805,-2.175,-0.116,6.110,0.063651,-0.586391,-0.063688,-0.805008,img_608.jpg
61216,1280,720,631.94293,353.39117,986.8637,986.74805,-2.177,-0.115,6.094,0.058042,-0.585193,-0.061575,-0.806467,img_609.jpg
61288,1280,720,631.94293,353.39117,986.8637,986.74805,-2.182,-0.113,6.074,0.054374,-0.587133,-0.060307,-0.805408,img_610.jpg
61363,1280,720,631.94293,353.39117,986.8637,986.74805,-2.187,-0.111,6.050,0.053076,-0.590198,-0.056378,-0.803537,img_611.jpg
61450,1280,720,631.94293,353.39117,986.8637,986.74805,-2.193,-0.109,6.023,0.056890,-0.596877,-0.052696,-0.798577,img_612.jpg
61527,1280,720,631.94293,353.39117,986.8637,986.74805,-2.193,-0.109,6.012,0.056424,-0.598846,-0.050107,-0.797301,img_613.jpg
61608,1280,720,631.94293,353.39117,986.8637,986.74805,-2.193,-0.110,5.994,0.055084,-0.600350,-0.049569,-0.796297,img_614.jpg,marker_11.jpg,0.25702444,0.25702444,-2.767,-0.247,5.787,-0.573545,-0.406980,0.426471,0.426471
61701,1280,720,631.94293,353.39117,986.8637,986.74805,-2.190,-0.111,5.985,0.055438,-0.601796,-0.049096,-0.795210,img_615.jpg
61780,1280,720,631.94293,353.39117,986.8637,986.74805,-2.188,-0.113,5.968,0.056793,-0.603215,-0.048703,-0.794062,img_616.jpg
61868,1280,720,631.94293,353.39117,986.8637,986.74805,-2.178,-0.116,5.956,0.051710,-0.602090,-0.046384,-0.795401,img_617.jpg
61949,1280,720,631.94293,353.39117,986.8637,986.74805,-2.168,-0.116,5.948,0.050623,-0.599864,-0.044642,-0.797250,img_618.jpg
62027,1280,720,631.94293,353.39117,986.8637,986.74805,-2.155,-0.117,5.939,0.053835,-0.599267,-0.040303,-0.797719,img_619.jpg
62116,1280,720,631.94293,353.39117,986.8637,986.74805,-2.133,-0.118,5.924,0.050609,-0.595263,-0.037422,-0.801062,img_620.jpg
62191,1280,720,631.94293,353.39117,986.8637,986.74805,-2.117,-0.118,5.912,0.051609,-0.597277,-0.040218,-0.799362,img_621.jpg
62272,1280,720,631.94293,353.39117,986.8637,986.74805,-2.091,-0.120,5.900,0.048691,-0.603865,-0.048462,-0.794121,img_622.jpg,marker_11.jpg,0.26889667,0.26889667,-2.794,-0.254,5.772,-0.583161,-0.405701,0.430394,0.430394
62367,1280,720,631.94293,353.39117,986.8637,986.74805,-2.064,-0.120,5.888,0.046887,-0.612501,-0.055874,-0.787097,img_623.jpg
62450,1280,720,631.94293,353.39117,986.8637,986.74805,-2.044,-0.119,5.881,0.043859,-0.617304,-0.058384,-0.783329,img_624.jpg
62532,1280,720,631.94293,353.39117,986.8637,986.74805,-2.012,-0.116,5.869,0.044894,-0.625140,-0.059245,-0.776965,img_625.jpg
62616,1280,720,631.94293,353.39117,986.8637,986.74805,-1.990,-0.116,5.858,0.045447,-0.630121,-0.058770,-0.772935,img_626.jpg
62701,1280,720,631.94293,353.39117,986.8637,986.74805,-1.963,-0.115,5.841,0.047667,-0.636153,-0.060403,-0.767716,img_627.jpg
62784,1280,720,631.94293,353.39117,986.8637,986.74805,-1.946,-0.112,5.827,0.047817,-0.639343,-0.058714,-0.765184,img_628.jpg,marker_11.jpg,0.27327853,0.27327853,-2.807,-0.256,5.771,-0.592966,-0.392905,0.426367,0.426367
62865,1280,720,631.94293,353.39117,986.8637,986.74805,-2.082,-0.079,5.714,0.056100,-0.670242,-0.061130,-0.737490,img_629.jpg
62951,1280,720,631.94293,353.39117,986.8637,986.74805,-2.058,-0.094,5.673,0.054708,-0.678150,-0.049156,-0.731234,img_630.jpg,marker_10.jpg,0.22057852,0.22057852,-1.885,-0.197,7.125,0.106064,0.683817,-0.713243,-0.713243,marker_11.jpg,0.27327853,0.27327853,-2.962,-0.243,5.739,-0.571151,-0.412458,0.450992,0.450992
63028,1280,720,631.94293,353.39117,986.8637,986.74805,-2.037,-0.093,5.633,0.056507,-0.682312,-0.050398,-0.727129,img_631.jpg
63116,1280,720,631.94293,353.39117,986.8637,986.74805,-2.021,-0.095,5.604,0.055766,-0.684523,-0.050698,-0.725085,img_632.jpg
63202,1280,720,631.94293,353.39117,986.8637,986.74805,-2.000,-0.097,5.560,0.055419,-0.684420,-0.055642,-0.724846,img_633.jpg
63284,1280,720,631.94293,353.39117,986.8637,986.74805,-1.985,-0.098,5.528,0.055001,-0.686104,-0.059784,-0.722954,img_634.jpg
63370,1280,720,631.94293,353.39117,986.8637,986.74805,-1.961,-0.109,5.483,0.055811,-0.686147,-0.068590,-0.722069,img_635.jpg
63450,1280,720,631.94293,353.39117,986.8637,986.74805,-1.941,-0.111,5.456,0.051324,-0.686283,-0.074495,-0.721687,img_636.jpg
63529,1280,720,631.94293,353.39117,986.8637,986.74805,-1.909,-0.111,5.414,0.052306,-0.686057,-0.076744,-0.721595,img_637.jpg
63616,1280,720,631.94293,353.39117,986.8637,986.74805,-1.888,-0.111,5.389,0.055098,-0.685524,-0.074184,-0.722162,img_638.jpg
63689,1280,720,631.94293,353.39117,986.8637,986.74805,-1.867,-0.109,5.364,0.057020,-0.682592,-0.072027,-0.725003,img_639.jpg
63762,1280,720,631.94293,353.39117,986.8637,986.74805,-1.834,-0.107,5.327,0.062230,-0.678831,-0.067771,-0.728508,img_640.jpg,marker_11.jpg,0.22076815,0.22076815,-2.791,-0.214,5.739,-0.585089,-0.396983,0.430703,0.430703
63850,1280,720,631.94293,353.39117,986.8637,986.74805,-1.811,-0.107,5.304,0.061873,-0.676862,-0.064734,-0.730643,img_641.jpg
63925,1280,720,631.94293,353.39117,986.8637,986.74805,-1.787,-0.107,5.279,0.065346,-0.673849,-0.064563,-0.733136,img_642.jpg
64004,1280,720,631.94293,353.39117,986.8637,986.74805,-1.747,-0.111,5.242,0.065417,-0.670622,-0.066111,-0.735946,img_643.jpg
64085,1280,720,631.94293,353.39117,986.8637,986.74805,-1.723,-0.112,5.217,0.069263,-0.670244,-0.069850,-0.735593,img_644.jpg
64166,1280,720,631.94293,353.39117,986.8637,986.74805,-1.682,-0.113,5.180,0.065194,-0.670219,-0.076212,-0.735356,img_645.jpg
64250,1280,720,631.94293,353.39117,986.8637,986.74805,-1.653,-0.113,5.155,0.064349,-0.669905,-0.077917,-0.735537,img_646.jpg
64328,1280,720,631.94293,353.39117,986.8637,986.74805,-1.618,-0.113,5.115,0.071802,-0.670171,-0.080591,-0.734316,img_647.jpg
64417,1280,720,631.94293,353.39117,986.8637,986.74805,-1.594,-0.115,5.090,0.069704,-0.669116,-0.081993,-0.735325,img_648.jpg
64491,1280,720,631.94293,353.39117,986.8637,986.74805,-1.571,-0.115,5.061,0.071241,-0.669734,-0.079231,-0.734917,img_649.jpg
64587,1280,720,631.94293,353.39117,986.8637,986.74805,-1.544,-0.116,5.016,0.074732,-0.671195,-0.075330,-0.733647,img_650.jpg
64662,1280,720,631.94293,353.39117,986.8637,986.74805,-1.520,-0.118,4.966,0.075139,-0.673149,-0.071219,-0.732225,img_651.jpg
64750,1280,720,631.94293,353.39117,986.8637,986.74805,-1.506,-0.120,4.932,0.069957,-0.673739,-0.069983,-0.732314,img_652.jpg
64825,1280,720,631.94293,353.39117,986.8637,986.74805,-1.488,-0.122,4.884,0.072865,-0.677428,-0.076178,-0.727996,img_653.jpg
64917,1280,720,631.94293,353.39117,986.8637,986.74805,-1.472,-0.123,4.853,0.071691,-0.677458,-0.079036,-0.727780,img_654.jpg
64985,1280,720,631.94293,353.39117,986.8637,986.74805,-1.457,-0.124,4.823,0.074398,-0.676384,-0.082639,-0.728107,img_655.jpg
65067,1280,720,631.94293,353.39117,986.8637,986.74805,-1.438,-0.124,4.778,0.074849,-0.671343,-0.086758,-0.732235,img_656.jpg
65150,1280,720,631.94293,353.39117,986.8637,986.74805,-1.425,-0.124,4.748,0.073132,-0.666852,-0.086155,-0.736571,img_657.jpg
65233,1280,720,631.94293,353.39117,986.8637,986.74805,-1.407,-0.121,4.707,0.071054,-0.660625,-0.080789,-0.742967,img_658.jpg
65317,1280,720,631.94293,353.39117,986.8637,986.74805,-1.401,-0.119,4.681,0.072145,-0.657388,-0.076381,-0.746192,img_659.jpg
65400,1280,720,631.94293,353.39117,986.8637,986.74805,-1.381,-0.117,4.648,0.071370,-0.651801,-0.069369,-0.751831,img_660.jpg
65485,1280,720,631.94293,353.39117,986.8637,986.74805,-1.378,-0.117,4.619,0.072256,-0.649171,-0.063366,-0.754546,img_661.jpg
65567,1280,720,631.94293,353.39117,986.8637,986.74805,-1.351,-0.112,4.577,0.070921,-0.641584,-0.055063,-0.761780,img_662.jpg
65650,1280,720,631.94293,353.39117,986.8637,986.74805,-1.339,-0.109,4.550,0.062355,-0.634759,-0.050137,-0.768557,img_663.jpg
65737,1280,720,631.94293,353.39117,986.8637,986.74805,-1.312,-0.104,4.512,0.045242,-0.624749,-0.047959,-0.778037,img_664.jpg
65817,1280,720,631.94293,353.39117,986.8637,986.74805,-1.299,-0.098,4.486,0.036823,-0.616414,-0.051497,-0.784874,img_665.jpg
65902,1280,720,631.94293,353.39117,986.8637,986.74805,-1.281,-0.093,4.449,0.026557,-0.605561,-0.055262,-0.793434,img_666.jpg
65985,1280,720,631.94293,353.39117,986.8637,986.74805,-1.274,-0.088,4.432,0.026863,-0.600700,-0.056418,-0.797029,img_667.jpg
66061,1280,720,631.94293,353.39117,986.8637,986.74805,-1.256,-0.083,4.399,0.022563,-0.598946,-0.054791,-0.798594,img_668.jpg
66133,1280,720,631.94293,353.39117,986.8637,986.74805,-1.241,-0.076,4.382,0.017426,-0.599183,-0.050034,-0.798857,img_669.jpg
66217,1280,720,631.94293,353.39117,986.8637,986.74805,-1.233,-0.073,4.369,0.018074,-0.599605,-0.045026,-0.798824,img_670.jpg
66286,1280,720,631.94293,353.39117,986.8637,986.74805,-1.226,-0.069,4.355,0.017345,-0.600635,-0.038336,-0.798415,img_671.jpg
66361,1280,720,631.94293,353.39117,986.8637,986.74805,-1.224,-0.066,4.340,0.019164,-0.599221,-0.034745,-0.799600,img_672.jpg,marker_12.jpg,0.26430187,0.26430187,-1.867,-0.250,4.139,-0.595177,-0.413310,0.394455,0.394455
66452,1280,720,631.94293,353.39117,986.8637,986.74805,-1.226,-0.064,4.333,0.013832,-0.597291,-0.034596,-0.801159,img_673.jpg
66525,1280,720,631.94293,353.39117,986.8637,986.74805,-1.229,-0.063,4.324,0.017117,-0.600350,-0.034329,-0.798817,img_674.jpg
66604,1280,720,631.94293,353.39117,986.8637,986.74805,-1.231,-0.062,4.312,0.020167,-0.604036,-0.035014,-0.795932,img_675.jpg
66684,1280,720,631.94293,353.39117,986.8637,986.74805,-1.235,-0.061,4.308,0.018898,-0.607657,-0.034322,-0.793232,img_676.jpg
66757,1280,720,631.94293,353.39117,986.8637,986.74805,-1.237,-0.060,4.303,0.021591,-0.612087,-0.032884,-0.789811,img_677.jpg
66837,1280,720,631.94293,353.39117,986.8637,986.74805,-1.235,-0.060,4.299,0.022795,-0.618208,-0.031812,-0.785039,img_678.jpg
66918,1280,720,631.94293,353.39117,986.8637,986.74805,-1.239,-0.059,4.294,0.026820,-0.621571,-0.031853,-0.782250,img_679.jpg
67002,1280,720,631.94293,353.39117,986.8637,986.74805,-1.239,-0.060,4.293,0.028489,-0.624603,-0.032386,-0.779750,img_680.jpg,marker_12.jpg,0.2609153,0.2609153,-1.871,-0.250,4.144,-0.588246,-0.417763,0.408027,0.408027
67084,1280,720,631.94293,353.39117,986.8637,986.74805,-1.240,-0.059,4.292,0.027832,-0.625701,-0.034983,-0.778781,img_681.jpg
67155,1280,720,631.94293,353.39117,986.8637,986.74805,-1.239,-0.058,4.292,0.026742,-0.626672,-0.035234,-0.778027,img_682.jpg
67236,1280,720,631.94293,353.39117,986.8637,986.74805,-1.237,-0.056,4.292,0.027252,-0.628894,-0.033618,-0.776286,img_683.jpg
67336,1280,720,631.94293,353.39117,986.8637,986.74805,-1.237,-0.055,4.291,0.026872,-0.631011,-0.033267,-0.774595,img_684.jpg
67416,1280,720,631.94293,353.39117,986.8637,986.74805,-1.237,-0.055,4.291,0.025676,-0.625604,-0.035106,-0.778927,img_685.jpg
