time,sizeX,sizeY,p_x,p_y,f_x,f_y,pos_X,pos_Y,pos_Z,q_x,q_y,q_z,q_w,marker_ID,marker_x,marker_y,marker_z,marker_qx,marker_qy,marker_qz,marker_qw,marker_ID,marker_x,marker_y,marker_z,marker_qx,marker_qy,marker_qz,marker_qw,marker_ID,marker_x,marker_y,marker_z,marker_qx,marker_qy,marker_qz,marker_qw,
19621,1280,720,631.94293,353.39117,986.8637,986.74805,0.300,-0.026,1.021,0.069209,0.047079,-0.008649,-0.996453,img_1.jpg
19711,1280,720,631.94293,353.39117,986.8637,986.74805,0.301,-0.026,1.021,0.073924,0.049971,-0.003690,-0.996004,img_2.jpg
19805,1280,720,631.94293,353.39117,986.8637,986.74805,0.300,-0.026,1.023,0.070768,0.050834,-0.004422,-0.996187,img_3.jpg
19892,1280,720,631.94293,353.39117,986.8637,986.74805,0.300,-0.024,1.025,0.070296,0.052658,-0.003365,-0.996130,img_4.jpg
19988,1280,720,631.94293,353.39117,986.8637,986.74805,0.299,-0.024,1.028,0.072572,0.052974,-0.002619,-0.995952,img_5.jpg
20057,1280,720,631.94293,353.39117,986.8637,986.74805,0.299,-0.022,1.033,0.073112,0.050969,-0.001959,-0.996019,img_6.jpg,marker_1.jpg,0.27650636,0.27650636,0.366,-0.145,0.355,-0.681162,0.020650,-0.027759,-0.027759
20135,1280,720,631.94293,353.39117,986.8637,986.74805,0.299,-0.023,1.038,0.074586,0.047242,-0.000718,-0.996095,img_7.jpg
20222,1280,720,631.94293,353.39117,986.8637,986.74805,0.300,-0.022,1.048,0.071474,0.050346,-0.001205,-0.996170,img_8.jpg
20304,1280,720,631.94293,353.39117,986.8637,986.74805,0.302,-0.021,1.054,0.069845,0.058457,-0.003366,-0.995838,img_9.jpg
20379,1280,720,631.94293,353.39117,986.8637,986.74805,0.306,-0.019,1.065,0.072641,0.068824,-0.007874,-0.994950,img_10.jpg
20454,1280,720,631.94293,353.39117,986.8637,986.74805,0.311,-0.015,1.072,0.073590,0.075439,-0.006467,-0.994410,img_11.jpg
20537,1280,720,631.94293,353.39117,986.8637,986.74805,0.321,-0.012,1.082,0.069306,0.082560,-0.000345,-0.994173,img_12.jpg
20621,1280,720,631.94293,353.39117,986.8637,986.74805,0.330,-0.009,1.090,0.068100,0.085197,0.003413,-0.994028,img_13.jpg
20691,1280,720,631.94293,353.39117,986.8637,986.74805,0.338,-0.008,1.095,0.066038,0.090438,0.004865,-0.993698,img_14.jpg,marker_1.jpg,0.27371436,0.27371436,0.365,-0.143,0.365,-0.693303,0.032594,-0.045994,-0.045994
20767,1280,720,631.94293,353.39117,986.8637,986.74805,0.349,-0.005,1.102,0.063822,0.095391,0.005503,-0.993377,img_15.jpg
20835,1280,720,631.94293,353.39117,986.8637,986.74805,0.368,-0.002,1.114,0.059326,0.104668,0.003633,-0.992729,img_16.jpg
20921,1280,720,631.94293,353.39117,986.8637,986.74805,0.382,0.001,1.121,0.055745,0.108306,0.001339,-0.992552,img_17.jpg
20989,1280,720,631.94293,353.39117,986.8637,986.74805,0.401,0.000,1.130,0.053887,0.109234,-0.001319,-0.992554,img_18.jpg
21061,1280,720,631.94293,353.39117,986.8637,986.74805,0.419,0.002,1.140,0.052528,0.108083,-0.003736,-0.992746,img_19.jpg
21135,1280,720,631.94293,353.39117,986.8637,986.74805,0.437,0.003,1.148,0.051500,0.107568,-0.005486,-0.992848,img_20.jpg
21211,1280,720,631.94293,353.39117,986.8637,986.74805,0.469,0.003,1.160,0.053560,0.102165,-0.007691,-0.993295,img_21.jpg
21289,1280,720,631.94293,353.39117,986.8637,986.74805,0.493,0.003,1.168,0.053486,0.094491,-0.006108,-0.994069,img_22.jpg
21364,1280,720,631.94293,353.39117,986.8637,986.74805,0.516,0.004,1.175,0.054114,0.082728,-0.003487,-0.995096,img_23.jpg
21442,1280,720,631.94293,353.39117,986.8637,986.74805,0.537,0.004,1.179,0.060301,0.069920,-0.002969,-0.995724,img_24.jpg
21518,1280,720,631.94293,353.39117,986.8637,986.74805,0.568,0.005,1.185,0.065757,0.045332,0.000021,-0.996805,img_25.jpg
21605,1280,720,631.94293,353.39117,986.8637,986.74805,0.596,0.004,1.186,0.080630,0.022334,0.003163,-0.996489,img_26.jpg
21690,1280,720,631.94293,353.39117,986.8637,986.74805,0.615,0.002,1.185,0.091068,0.020257,0.002842,-0.995635,img_27.jpg
21772,1280,720,631.94293,353.39117,986.8637,986.74805,0.640,0.004,1.187,0.086560,0.023426,0.002881,-0.995967,img_28.jpg,marker_1.jpg,0.27596378,0.27596378,0.364,-0.143,0.361,-0.697521,0.046742,-0.064498,-0.064498
21855,1280,720,631.94293,353.39117,986.8637,986.74805,0.655,0.006,1.188,0.082809,0.026009,0.004794,-0.996214,img_29.jpg
21930,1280,720,631.94293,353.39117,986.8637,986.74805,0.668,0.008,1.188,0.081875,0.028077,0.007378,-0.996220,img_30.jpg
22003,1280,720,631.94293,353.39117,986.8637,986.74805,0.687,0.011,1.187,0.075715,0.032290,0.011421,-0.996541,img_31.jpg
22089,1280,720,631.94293,353.39117,986.8637,986.74805,0.700,0.011,1.186,0.074354,0.034607,0.010962,-0.996571,img_32.jpg
22171,1280,720,631.94293,353.39117,986.8637,986.74805,0.713,0.010,1.182,0.072938,0.037012,0.009233,-0.996607,img_33.jpg
22247,1280,720,631.94293,353.39117,986.8637,986.74805,0.734,0.011,1.175,0.067697,0.034856,0.012330,-0.997021,img_34.jpg
22338,1280,720,631.94293,353.39117,986.8637,986.74805,0.755,0.011,1.164,0.068816,0.028626,0.009389,-0.997174,img_35.jpg
22422,1280,720,631.94293,353.39117,986.8637,986.74805,0.768,0.013,1.156,0.066058,0.020980,0.007149,-0.997570,img_36.jpg
22506,1280,720,631.94293,353.39117,986.8637,986.74805,0.781,0.016,1.150,0.065289,0.011751,0.004452,-0.997787,img_37.jpg
22577,1280,720,631.94293,353.39117,986.8637,986.74805,0.800,0.019,1.140,0.068802,-0.000508,0.004374,-0.997621,img_38.jpg
22672,1280,720,631.94293,353.39117,986.8637,986.74805,0.813,0.021,1.135,0.072051,-0.008196,0.004612,-0.997357,img_39.jpg
22745,1280,720,631.94293,353.39117,986.8637,986.74805,0.833,0.023,1.133,0.062180,-0.011830,-0.002110,-0.997993,img_40.jpg
22838,1280,720,631.94293,353.39117,986.8637,986.74805,0.857,0.024,1.132,0.066195,-0.016982,-0.000073,-0.997662,img_41.jpg
22921,1280,720,631.94293,353.39117,986.8637,986.74805,0.875,0.024,1.135,0.059544,-0.016345,-0.002552,-0.998089,img_42.jpg
22994,1280,720,631.94293,353.39117,986.8637,986.74805,0.898,0.026,1.139,0.056254,-0.020509,0.004760,-0.998194,img_43.jpg
23071,1280,720,631.94293,353.39117,986.8637,986.74805,0.938,0.025,1.146,0.060727,-0.021530,0.013712,-0.997828,img_44.jpg
23155,1280,720,631.94293,353.39117,986.8637,986.74805,0.967,0.024,1.156,0.060388,-0.014151,0.013544,-0.997983,img_45.jpg
23227,1280,720,631.94293,353.39117,986.8637,986.74805,1.000,0.025,1.169,0.060859,-0.004977,0.016122,-0.998004,img_46.jpg
23302,1280,720,631.94293,353.39117,986.8637,986.74805,1.036,0.025,1.184,0.058305,0.009251,0.017118,-0.998109,img_47.jpg
23374,1280,720,631.94293,353.39117,986.8637,986.74805,1.091,0.027,1.207,0.061242,0.031126,0.019591,-0.997445,img_48.jpg
23454,1280,720,631.94293,353.39117,986.8637,986.74805,1.128,0.028,1.223,0.062296,0.048625,0.019626,-0.996679,img_49.jpg
23537,1280,720,631.94293,353.39117,986.8637,986.74805,1.180,0.025,1.246,0.073236,0.075229,0.021554,-0.994240,img_50.jpg
23620,1280,720,631.94293,353.39117,986.8637,986.74805,1.212,0.023,1.260,0.084598,0.088093,0.025142,-0.992195,img_51.jpg
23688,1280,720,631.94293,353.39117,986.8637,986.74805,1.241,0.020,1.272,0.093359,0.106234,0.025468,-0.989621,img_52.jpg
23762,1280,720,631.94293,353.39117,986.8637,986.74805,1.269,0.017,1.283,0.096619,0.122860,0.026496,-0.987354,img_53.jpg
23836,1280,720,631.94293,353.39117,986.8637,986.74805,1.309,0.013,1.295,0.106532,0.151775,0.034308,-0.982058,img_54.jpg
23937,1280,720,631.94293,353.39117,986.8637,986.74805,1.346,0.011,1.307,0.108638,0.177885,0.043610,-0.977063,img_55.jpg
24022,1280,720,631.94293,353.39117,986.8637,986.74805,1.370,0.009,1.313,0.109007,0.194644,0.048236,-0.973604,img_56.jpg
24094,1280,720,631.94293,353.39117,986.8637,986.74805,1.393,0.009,1.319,0.107433,0.211912,0.052044,-0.969971,img_57.jpg
24170,1280,720,631.94293,353.39117,986.8637,986.74805,1.428,0.010,1.324,0.106101,0.238099,0.056293,-0.963785,img_58.jpg
24254,1280,720,631.94293,353.39117,986.8637,986.74805,1.451,0.009,1.328,0.106144,0.255105,0.057848,-0.959327,img_59.jpg
24330,1280,720,631.94293,353.39117,986.8637,986.74805,1.475,0.008,1.329,0.107232,0.272098,0.056117,-0.954628,img_60.jpg
24405,1280,720,631.94293,353.39117,986.8637,986.74805,1.511,0.007,1.327,0.105284,0.296354,0.050234,-0.947927,img_61.jpg
24488,1280,720,631.94293,353.39117,986.8637,986.74805,1.535,0.010,1.322,0.104222,0.312211,0.044388,-0.943235,img_62.jpg
24564,1280,720,631.94293,353.39117,986.8637,986.74805,1.535,0.010,1.322,0.104222,0.312211,0.044388,-0.943235,img_63.jpg
24643,1280,720,631.94293,353.39117,986.8637,986.74805,1.535,0.010,1.322,0.104222,0.312211,0.044388,-0.943235,img_64.jpg
24721,1280,720,631.94293,353.39117,986.8637,986.74805,1.535,0.010,1.322,0.104222,0.312211,0.044388,-0.943235,img_65.jpg
24792,1280,720,631.94293,353.39117,986.8637,986.74805,1.535,0.010,1.322,0.104222,0.312211,0.044388,-0.943235,img_66.jpg
24865,1280,720,631.94293,353.39117,986.8637,986.74805,1.535,0.010,1.322,0.104222,0.312211,0.044388,-0.943235,img_67.jpg
24940,1280,720,631.94293,353.39117,986.8637,986.74805,1.535,0.010,1.322,0.104222,0.312211,0.044388,-0.943235,img_68.jpg
25022,1280,720,631.94293,353.39117,986.8637,986.74805,1.535,0.010,1.322,0.104222,0.312211,0.044388,-0.943235,img_69.jpg
25093,1280,720,631.94293,353.39117,986.8637,986.74805,1.535,0.010,1.322,0.104222,0.312211,0.044388,-0.943235,img_70.jpg
25166,1280,720,631.94293,353.39117,986.8637,986.74805,1.535,0.010,1.322,0.104222,0.312211,0.044388,-0.943235,img_71.jpg
25254,1280,720,631.94293,353.39117,986.8637,986.74805,1.535,0.010,1.322,0.104222,0.312211,0.044388,-0.943235,img_72.jpg
25326,1280,720,631.94293,353.39117,986.8637,986.74805,1.535,0.010,1.322,0.104222,0.312211,0.044388,-0.943235,img_73.jpg
25396,1280,720,631.94293,353.39117,986.8637,986.74805,1.535,0.010,1.322,0.104222,0.312211,0.044388,-0.943235,img_74.jpg
25468,1280,720,631.94293,353.39117,986.8637,986.74805,1.535,0.010,1.322,0.104222,0.312211,0.044388,-0.943235,img_75.jpg
25554,1280,720,631.94293,353.39117,986.8637,986.74805,1.535,0.010,1.322,0.104222,0.312211,0.044388,-0.943235,img_76.jpg
25625,1280,720,631.94293,353.39117,986.8637,986.74805,1.535,0.010,1.322,0.104222,0.312211,0.044388,-0.943235,img_77.jpg
25696,1280,720,631.94293,353.39117,986.8637,986.74805,1.535,0.010,1.322,0.104222,0.312211,0.044388,-0.943235,img_78.jpg
25769,1280,720,631.94293,353.39117,986.8637,986.74805,1.535,0.010,1.322,0.104222,0.312211,0.044388,-0.943235,img_79.jpg
25854,1280,720,631.94293,353.39117,986.8637,986.74805,1.535,0.010,1.322,0.104222,0.312211,0.044388,-0.943235,img_80.jpg
25925,1280,720,631.94293,353.39117,986.8637,986.74805,1.535,0.010,1.322,0.104222,0.312211,0.044388,-0.943235,img_81.jpg
25999,1280,720,631.94293,353.39117,986.8637,986.74805,1.535,0.010,1.322,0.104222,0.312211,0.044388,-0.943235,img_82.jpg
26071,1280,720,631.94293,353.39117,986.8637,986.74805,1.535,0.010,1.322,0.104222,0.312211,0.044388,-0.943235,img_83.jpg
26154,1280,720,631.94293,353.39117,986.8637,986.74805,1.535,0.010,1.322,0.104222,0.312211,0.044388,-0.943235,img_84.jpg
26226,1280,720,631.94293,353.39117,986.8637,986.74805,1.535,0.010,1.322,0.104222,0.312211,0.044388,-0.943235,img_85.jpg
26301,1280,720,631.94293,353.39117,986.8637,986.74805,1.535,0.010,1.322,0.104222,0.312211,0.044388,-0.943235,img_86.jpg
26388,1280,720,631.94293,353.39117,986.8637,986.74805,1.535,0.010,1.322,0.104222,0.312211,0.044388,-0.943235,img_87.jpg
26461,1280,720,631.94293,353.39117,986.8637,986.74805,1.535,0.010,1.322,0.104222,0.312211,0.044388,-0.943235,img_88.jpg
26535,1280,720,631.94293,353.39117,986.8637,986.74805,1.535,0.010,1.322,0.104222,0.312211,0.044388,-0.943235,img_89.jpg
26621,1280,720,631.94293,353.39117,986.8637,986.74805,1.535,0.010,1.322,0.104222,0.312211,0.044388,-0.943235,img_90.jpg
26693,1280,720,631.94293,353.39117,986.8637,986.74805,1.535,0.010,1.322,0.104222,0.312211,0.044388,-0.943235,img_91.jpg
26769,1280,720,631.94293,353.39117,986.8637,986.74805,0.829,0.014,1.011,0.050122,0.057384,-0.013530,-0.997001,img_92.jpg
26854,1280,720,631.94293,353.39117,986.8637,986.74805,0.867,0.024,1.030,0.058048,0.066818,0.010557,-0.996019,img_93.jpg
26931,1280,720,631.94293,353.39117,986.8637,986.74805,0.832,0.015,0.985,0.050878,0.076578,0.004956,-0.995752,img_94.jpg
27004,1280,720,631.94293,353.39117,986.8637,986.74805,0.820,0.016,0.963,0.053279,0.089075,0.004091,-0.994591,img_95.jpg
27089,1280,720,631.94293,353.39117,986.8637,986.74805,0.823,0.011,0.971,0.055701,0.094691,0.001242,-0.993946,img_96.jpg
27161,1280,720,631.94293,353.39117,986.8637,986.74805,0.812,0.009,0.955,0.056166,0.100854,0.000609,-0.993314,img_97.jpg
27255,1280,720,631.94293,353.39117,986.8637,986.74805,0.802,0.010,0.934,0.055608,0.103909,0.000532,-0.993031,img_98.jpg
27328,1280,720,631.94293,353.39117,986.8637,986.74805,0.796,0.009,0.925,0.055497,0.106382,0.000513,-0.992775,img_99.jpg
27407,1280,720,631.94293,353.39117,986.8637,986.74805,0.787,0.009,0.910,0.053630,0.109894,-0.000199,-0.992495,img_100.jpg
27489,1280,720,631.94293,353.39117,986.8637,986.74805,0.783,0.009,0.902,0.053506,0.112250,0.002187,-0.992236,img_101.jpg
27567,1280,720,631.94293,353.39117,986.8637,986.74805,0.781,0.010,0.896,0.052886,0.118819,0.001117,-0.991506,img_102.jpg
27655,1280,720,631.94293,353.39117,986.8637,986.74805,0.783,0.010,0.896,0.049600,0.120356,0.002117,-0.991489,img_103.jpg
27731,1280,720,631.94293,353.39117,986.8637,986.74805,0.784,0.011,0.898,0.045727,0.124217,0.003430,-0.991195,img_104.jpg
27806,1280,720,631.94293,353.39117,986.8637,986.74805,0.794,0.010,0.902,0.047202,0.122232,0.011383,-0.991313,img_105.jpg
27889,1280,720,631.94293,353.39117,986.8637,986.74805,0.811,0.009,0.905,0.047131,0.119251,0.010041,-0.991694,img_106.jpg
27960,1280,720,631.94293,353.39117,986.8637,986.74805,0.820,0.006,0.908,0.047828,0.119128,0.007048,-0.991701,img_107.jpg
28030,1280,720,631.94293,353.39117,986.8637,986.74805,0.837,0.004,0.911,0.053969,0.117534,0.009868,-0.991552,img_108.jpg
28121,1280,720,631.94293,353.39117,986.8637,986.74805,0.850,0.003,0.915,0.055391,0.115894,0.011186,-0.991653,img_109.jpg
28188,1280,720,631.94293,353.39117,986.8637,986.74805,0.866,0.004,0.917,0.057318,0.115159,0.010640,-0.991635,img_110.jpg
28255,1280,720,631.94293,353.39117,986.8637,986.74805,0.884,0.005,0.922,0.052373,0.116562,0.008948,-0.991761,img_111.jpg
28332,1280,720,631.94293,353.39117,986.8637,986.74805,0.914,0.005,0.932,0.051880,0.110190,0.013556,-0.992463,img_112.jpg
28405,1280,720,631.94293,353.39117,986.8637,986.74805,0.933,0.012,0.934,0.054320,0.107980,0.010962,-0.992607,img_113.jpg
28490,1280,720,631.94293,353.39117,986.8637,986.74805,0.957,0.011,0.940,0.055413,0.103210,0.011015,-0.993054,img_114.jpg
28561,1280,720,631.94293,353.39117,986.8637,986.74805,0.999,0.013,0.947,0.061975,0.099853,0.012133,-0.992996,img_115.jpg
28638,1280,720,631.94293,353.39117,986.8637,986.74805,1.029,0.016,0.951,0.064061,0.096720,0.014516,-0.993142,img_116.jpg,marker_3.jpg,0.26933178,0.26933178,0.954,-0.089,0.225,-0.718703,0.099592,-0.095904,-0.095904
28722,1280,720,631.94293,353.39117,986.8637,986.74805,1.059,0.017,0.959,0.063598,0.096065,0.014930,-0.993229,img_117.jpg
28793,1280,720,631.94293,353.39117,986.8637,986.74805,1.090,0.019,0.964,0.064719,0.092603,0.013344,-0.993508,img_118.jpg
28863,1280,720,631.94293,353.39117,986.8637,986.74805,1.139,0.020,0.974,0.065552,0.091297,0.011514,-0.993597,img_119.jpg
28955,1280,720,631.94293,353.39117,986.8637,986.74805,1.168,0.019,0.981,0.069202,0.089982,0.012447,-0.993458,img_120.jpg
29028,1280,720,631.94293,353.39117,986.8637,986.74805,1.196,0.018,0.986,0.072229,0.089587,0.015227,-0.993240,img_121.jpg
29102,1280,720,631.94293,353.39117,986.8637,986.74805,1.235,0.015,0.995,0.070761,0.096955,0.017421,-0.992617,img_122.jpg
29189,1280,720,631.94293,353.39117,986.8637,986.74805,1.256,0.014,0.996,0.074437,0.102064,0.020545,-0.991776,img_123.jpg
29262,1280,720,631.94293,353.39117,986.8637,986.74805,1.289,0.012,0.996,0.074424,0.106996,0.019800,-0.991272,img_124.jpg
29339,1280,720,631.94293,353.39117,986.8637,986.74805,1.314,0.012,0.992,0.073717,0.111042,0.016979,-0.990932,img_125.jpg
29422,1280,720,631.94293,353.39117,986.8637,986.74805,1.332,0.009,0.988,0.073548,0.115181,0.015455,-0.990497,img_126.jpg
29493,1280,720,631.94293,353.39117,986.8637,986.74805,1.352,0.008,0.983,0.072003,0.117437,0.010127,-0.990415,img_127.jpg
29567,1280,720,631.94293,353.39117,986.8637,986.74805,1.384,0.007,0.974,0.069347,0.116497,0.006188,-0.990748,img_128.jpg
29655,1280,720,631.94293,353.39117,986.8637,986.74805,1.407,0.006,0.967,0.067866,0.113879,0.005367,-0.991159,img_129.jpg
29730,1280,720,631.94293,353.39117,986.8637,986.74805,1.444,0.009,0.956,0.066246,0.128444,-0.000541,-0.989502,img_130.jpg
29806,1280,720,631.94293,353.39117,986.8637,986.74805,1.473,0.010,0.948,0.074255,0.139756,0.005133,-0.987385,img_131.jpg
29890,1280,720,631.94293,353.39117,986.8637,986.74805,1.500,0.014,0.937,0.073373,0.158530,0.004073,-0.984616,img_132.jpg
29961,1280,720,631.94293,353.39117,986.8637,986.74805,1.542,0.015,0.929,0.069518,0.176753,0.010610,-0.981740,img_133.jpg
30055,1280,720,631.94293,353.39117,986.8637,986.74805,1.572,0.012,0.924,0.079085,0.188280,0.017258,-0.978774,img_134.jpg
30127,1280,720,631.94293,353.39117,986.8637,986.74805,1.605,0.011,0.922,0.079840,0.198456,0.019375,-0.976660,img_135.jpg
30202,1280,720,631.94293,353.39117,986.8637,986.74805,1.647,0.006,0.923,0.082136,0.221539,0.024611,-0.971375,img_136.jpg
30289,1280,720,631.94293,353.39117,986.8637,986.74805,1.677,0.003,0.927,0.084553,0.231625,0.031685,-0.968606,img_137.jpg
30359,1280,720,631.94293,353.39117,986.8637,986.74805,1.723,-0.004,0.937,0.085286,0.245376,0.039189,-0.964874,img_138.jpg
30455,1280,720,631.94293,353.39117,986.8637,986.74805,1.758,-0.008,0.943,0.086199,0.253232,0.045501,-0.962483,img_139.jpg
30529,1280,720,631.94293,353.39117,986.8637,986.74805,1.808,-0.013,0.962,0.086050,0.262150,0.051668,-0.959793,img_140.jpg
30606,1280,720,631.94293,353.39117,986.8637,986.74805,1.841,-0.016,0.978,0.085543,0.265922,0.049489,-0.958915,img_141.jpg
30689,1280,720,631.94293,353.39117,986.8637,986.74805,1.873,-0.015,0.997,0.082730,0.265234,0.044100,-0.959616,img_142.jpg
30759,1280,720,631.94293,353.39117,986.8637,986.74805,1.906,-0.012,1.019,0.083935,0.259157,0.043804,-0.961183,img_143.jpg
30841,1280,720,631.94293,353.39117,986.8637,986.74805,1.955,-0.009,1.044,0.083607,0.245428,0.039431,-0.964998,img_144.jpg
30923,1280,720,631.94293,353.39117,986.8637,986.74805,1.987,-0.010,1.061,0.093958,0.231883,0.047051,-0.967051,img_145.jpg
30997,1280,720,631.94293,353.39117,986.8637,986.74805,2.028,-0.013,1.090,0.090229,0.225927,0.040140,-0.969126,img_146.jpg
31072,1280,720,631.94293,353.39117,986.8637,986.74805,2.057,-0.017,1.105,0.100686,0.227959,0.040495,-0.967604,img_147.jpg
31155,1280,720,631.94293,353.39117,986.8637,986.74805,2.088,-0.020,1.119,0.110729,0.224743,0.049554,-0.966837,img_148.jpg
31227,1280,720,631.94293,353.39117,986.8637,986.74805,2.118,-0.022,1.134,0.116234,0.226618,0.056053,-0.965397,img_149.jpg
31306,1280,720,631.94293,353.39117,986.8637,986.74805,2.148,-0.025,1.150,0.116731,0.232188,0.059407,-0.963812,img_150.jpg
31375,1280,720,631.94293,353.39117,986.8637,986.74805,2.148,-0.025,1.150,0.116731,0.232188,0.059407,-0.963812,img_151.jpg
31455,1280,720,631.94293,353.39117,986.8637,986.74805,2.148,-0.025,1.150,0.116731,0.232188,0.059407,-0.963812,img_152.jpg
31528,1280,720,631.94293,353.39117,986.8637,986.74805,2.148,-0.025,1.150,0.116731,0.232188,0.059407,-0.963812,img_153.jpg
31601,1280,720,631.94293,353.39117,986.8637,986.74805,2.148,-0.025,1.150,0.116731,0.232188,0.059407,-0.963812,img_154.jpg
31689,1280,720,631.94293,353.39117,986.8637,986.74805,2.148,-0.025,1.150,0.116731,0.232188,0.059407,-0.963812,img_155.jpg
31759,1280,720,631.94293,353.39117,986.8637,986.74805,2.148,-0.025,1.150,0.116731,0.232188,0.059407,-0.963812,img_156.jpg
31838,1280,720,631.94293,353.39117,986.8637,986.74805,2.148,-0.025,1.150,0.116731,0.232188,0.059407,-0.963812,img_157.jpg
31922,1280,720,631.94293,353.39117,986.8637,986.74805,2.148,-0.025,1.150,0.116731,0.232188,0.059407,-0.963812,img_158.jpg
31989,1280,720,631.94293,353.39117,986.8637,986.74805,2.148,-0.025,1.150,0.116731,0.232188,0.059407,-0.963812,img_159.jpg
32062,1280,720,631.94293,353.39117,986.8637,986.74805,2.148,-0.025,1.150,0.116731,0.232188,0.059407,-0.963812,img_160.jpg
32137,1280,720,631.94293,353.39117,986.8637,986.74805,2.148,-0.025,1.150,0.116731,0.232188,0.059407,-0.963812,img_161.jpg
32222,1280,720,631.94293,353.39117,986.8637,986.74805,2.148,-0.025,1.150,0.116731,0.232188,0.059407,-0.963812,img_162.jpg
32291,1280,720,631.94293,353.39117,986.8637,986.74805,2.148,-0.025,1.150,0.116731,0.232188,0.059407,-0.963812,img_163.jpg
32361,1280,720,631.94293,353.39117,986.8637,986.74805,2.148,-0.025,1.150,0.116731,0.232188,0.059407,-0.963812,img_164.jpg
32455,1280,720,631.94293,353.39117,986.8637,986.74805,2.148,-0.025,1.150,0.116731,0.232188,0.059407,-0.963812,img_165.jpg
32538,1280,720,631.94293,353.39117,986.8637,986.74805,2.148,-0.025,1.150,0.116731,0.232188,0.059407,-0.963812,img_166.jpg
32622,1280,720,631.94293,353.39117,986.8637,986.74805,2.148,-0.025,1.150,0.116731,0.232188,0.059407,-0.963812,img_167.jpg
32691,1280,720,631.94293,353.39117,986.8637,986.74805,2.148,-0.025,1.150,0.116731,0.232188,0.059407,-0.963812,img_168.jpg
32765,1280,720,631.94293,353.39117,986.8637,986.74805,2.148,-0.025,1.150,0.116731,0.232188,0.059407,-0.963812,img_169.jpg
32840,1280,720,631.94293,353.39117,986.8637,986.74805,2.148,-0.025,1.150,0.116731,0.232188,0.059407,-0.963812,img_170.jpg
32922,1280,720,631.94293,353.39117,986.8637,986.74805,2.148,-0.025,1.150,0.116731,0.232188,0.059407,-0.963812,img_171.jpg
32991,1280,720,631.94293,353.39117,986.8637,986.74805,2.148,-0.025,1.150,0.116731,0.232188,0.059407,-0.963812,img_172.jpg
33072,1280,720,631.94293,353.39117,986.8637,986.74805,2.148,-0.025,1.150,0.116731,0.232188,0.059407,-0.963812,img_173.jpg
33155,1280,720,631.94293,353.39117,986.8637,986.74805,2.148,-0.025,1.150,0.116731,0.232188,0.059407,-0.963812,img_174.jpg
33231,1280,720,631.94293,353.39117,986.8637,986.74805,2.148,-0.025,1.150,0.116731,0.232188,0.059407,-0.963812,img_175.jpg
33322,1280,720,631.94293,353.39117,986.8637,986.74805,2.148,-0.025,1.150,0.116731,0.232188,0.059407,-0.963812,img_176.jpg
33406,1280,720,631.94293,353.39117,986.8637,986.74805,2.148,-0.025,1.150,0.116731,0.232188,0.059407,-0.963812,img_177.jpg
33489,1280,720,631.94293,353.39117,986.8637,986.74805,2.148,-0.025,1.150,0.116731,0.232188,0.059407,-0.963812,img_178.jpg
33557,1280,720,631.94293,353.39117,986.8637,986.74805,2.148,-0.025,1.150,0.116731,0.232188,0.059407,-0.963812,img_179.jpg
33638,1280,720,631.94293,353.39117,986.8637,986.74805,2.148,-0.025,1.150,0.116731,0.232188,0.059407,-0.963812,img_180.jpg
33722,1280,720,631.94293,353.39117,986.8637,986.74805,2.148,-0.025,1.150,0.116731,0.232188,0.059407,-0.963812,img_181.jpg
33792,1280,720,631.94293,353.39117,986.8637,986.74805,2.148,-0.025,1.150,0.116731,0.232188,0.059407,-0.963812,img_182.jpg
33873,1280,720,631.94293,353.39117,986.8637,986.74805,2.148,-0.025,1.150,0.116731,0.232188,0.059407,-0.963812,img_183.jpg
33955,1280,720,631.94293,353.39117,986.8637,986.74805,2.148,-0.025,1.150,0.116731,0.232188,0.059407,-0.963812,img_184.jpg
34039,1280,720,631.94293,353.39117,986.8637,986.74805,2.148,-0.025,1.150,0.116731,0.232188,0.059407,-0.963812,img_185.jpg
34108,1280,720,631.94293,353.39117,986.8637,986.74805,2.148,-0.025,1.150,0.116731,0.232188,0.059407,-0.963812,img_186.jpg
34175,1280,720,631.94293,353.39117,986.8637,986.74805,2.148,-0.025,1.150,0.116731,0.232188,0.059407,-0.963812,img_187.jpg
34255,1280,720,631.94293,353.39117,986.8637,986.74805,2.148,-0.025,1.150,0.116731,0.232188,0.059407,-0.963812,img_188.jpg
34332,1280,720,631.94293,353.39117,986.8637,986.74805,2.148,-0.025,1.150,0.116731,0.232188,0.059407,-0.963812,img_189.jpg
34422,1280,720,631.94293,353.39117,986.8637,986.74805,2.148,-0.025,1.150,0.116731,0.232188,0.059407,-0.963812,img_190.jpg
34493,1280,720,631.94293,353.39117,986.8637,986.74805,2.148,-0.025,1.150,0.116731,0.232188,0.059407,-0.963812,img_191.jpg
34573,1280,720,631.94293,353.39117,986.8637,986.74805,2.148,-0.025,1.150,0.116731,0.232188,0.059407,-0.963812,img_192.jpg
34655,1280,720,631.94293,353.39117,986.8637,986.74805,2.148,-0.025,1.150,0.116731,0.232188,0.059407,-0.963812,img_193.jpg
34730,1280,720,631.94293,353.39117,986.8637,986.74805,2.148,-0.025,1.150,0.116731,0.232188,0.059407,-0.963812,img_194.jpg
34822,1280,720,631.94293,353.39117,986.8637,986.74805,2.148,-0.025,1.150,0.116731,0.232188,0.059407,-0.963812,img_195.jpg
34895,1280,720,631.94293,353.39117,986.8637,986.74805,1.657,0.011,0.967,0.059692,0.175354,0.015371,-0.982574,img_196.jpg
34974,1280,720,631.94293,353.39117,986.8637,986.74805,1.678,0.012,0.984,0.058799,0.168172,0.017264,-0.983851,img_197.jpg
35056,1280,720,631.94293,353.39117,986.8637,986.74805,1.674,0.013,0.983,0.056691,0.163757,0.019058,-0.984686,img_198.jpg
35135,1280,720,631.94293,353.39117,986.8637,986.74805,1.686,0.013,0.996,0.055475,0.155222,0.021969,-0.986076,img_199.jpg,marker_4.jpg,0.21518125,0.21518125,1.839,-0.075,0.506,-0.712063,0.123734,-0.138492,-0.138492
35222,1280,720,631.94293,353.39117,986.8637,986.74805,1.689,0.012,1.003,0.053638,0.150091,0.022322,-0.986964,img_200.jpg
35297,1280,720,631.94293,353.39117,986.8637,986.74805,1.695,0.009,1.010,0.049624,0.144101,0.021753,-0.988079,img_201.jpg
35373,1280,720,631.94293,353.39117,986.8637,986.74805,1.700,0.009,1.016,0.047968,0.142589,0.024157,-0.988324,img_202.jpg
35456,1280,720,631.94293,353.39117,986.8637,986.74805,1.707,0.009,1.023,0.047437,0.139938,0.026374,-0.988672,img_203.jpg
35531,1280,720,631.94293,353.39117,986.8637,986.74805,1.713,0.007,1.027,0.045844,0.139388,0.025098,-0.988858,img_204.jpg
35623,1280,720,631.94293,353.39117,986.8637,986.74805,1.722,0.004,1.033,0.044512,0.132973,0.029436,-0.989682,img_205.jpg
35697,1280,720,631.94293,353.39117,986.8637,986.74805,1.732,0.000,1.039,0.046480,0.121866,0.036394,-0.990789,img_206.jpg
35773,1280,720,631.94293,353.39117,986.8637,986.74805,1.741,-0.002,1.045,0.049179,0.119223,0.038357,-0.990907,img_207.jpg,marker_4.jpg,0.224015,0.224015,1.846,-0.077,0.479,-0.707133,0.149006,-0.164854,-0.164854
35856,1280,720,631.94293,353.39117,986.8637,986.74805,1.750,-0.005,1.051,0.050111,0.119289,0.037115,-0.990899,img_208.jpg
35933,1280,720,631.94293,353.39117,986.8637,986.74805,1.761,-0.007,1.055,0.051035,0.122791,0.036294,-0.990455,img_209.jpg
36007,1280,720,631.94293,353.39117,986.8637,986.74805,1.782,-0.009,1.061,0.053264,0.128140,0.037538,-0.989613,img_210.jpg
36090,1280,720,631.94293,353.39117,986.8637,986.74805,1.799,-0.008,1.064,0.053976,0.131205,0.038060,-0.989153,img_211.jpg
36163,1280,720,631.94293,353.39117,986.8637,986.74805,1.827,-0.008,1.070,0.053409,0.132981,0.040085,-0.988866,img_212.jpg
36256,1280,720,631.94293,353.39117,986.8637,986.74805,1.847,-0.007,1.073,0.053425,0.136464,0.040433,-0.988377,img_213.jpg
36328,1280,720,631.94293,353.39117,986.8637,986.74805,1.879,-0.008,1.075,0.054566,0.145552,0.043148,-0.986902,img_214.jpg,marker_4.jpg,0.23815027,0.23815027,1.855,-0.079,0.458,-0.705985,0.150428,-0.167546,-0.167546
36407,1280,720,631.94293,353.39117,986.8637,986.74805,1.904,-0.007,1.078,0.053855,0.152993,0.043846,-0.985784,img_215.jpg
36491,1280,720,631.94293,353.39117,986.8637,986.74805,1.935,-0.008,1.084,0.053091,0.169085,0.044100,-0.983182,img_216.jpg
36574,1280,720,631.94293,353.39117,986.8637,986.74805,1.955,-0.008,1.092,0.052084,0.179014,0.039258,-0.981682,img_217.jpg
36656,1280,720,631.94293,353.39117,986.8637,986.74805,1.991,-0.007,1.113,0.047614,0.191866,0.044931,-0.979235,img_218.jpg
36739,1280,720,631.94293,353.39117,986.8637,986.74805,2.012,-0.007,1.126,0.043491,0.205722,0.047887,-0.976470,img_219.jpg
36823,1280,720,631.94293,353.39117,986.8637,986.74805,2.036,-0.006,1.138,0.041305,0.221482,0.051766,-0.972913,img_220.jpg
36901,1280,720,631.94293,353.39117,986.8637,986.74805,2.072,-0.011,1.159,0.044280,0.244814,0.061384,-0.966611,img_221.jpg
36991,1280,720,631.94293,353.39117,986.8637,986.74805,2.125,-0.021,1.180,0.054896,0.267534,0.073426,-0.959177,img_222.jpg
37073,1280,720,631.94293,353.39117,986.8637,986.74805,2.161,-0.028,1.201,0.058172,0.283291,0.079647,-0.953949,img_223.jpg
37156,1280,720,631.94293,353.39117,986.8637,986.74805,2.193,-0.034,1.225,0.060800,0.297685,0.082899,-0.949113,img_224.jpg
37230,1280,720,631.94293,353.39117,986.8637,986.74805,2.235,-0.040,1.265,0.064505,0.322074,0.078546,-0.941243,img_225.jpg
37306,1280,720,631.94293,353.39117,986.8637,986.74805,2.262,-0.042,1.293,0.066439,0.337021,0.081270,-0.935627,img_226.jpg
37372,1280,720,631.94293,353.39117,986.8637,986.74805,2.291,-0.046,1.319,0.070563,0.357877,0.087123,-0.927014,img_227.jpg
37456,1280,720,631.94293,353.39117,986.8637,986.74805,2.319,-0.051,1.343,0.080717,0.375151,0.094681,-0.918576,img_228.jpg
37532,1280,720,631.94293,353.39117,986.8637,986.74805,2.355,-0.058,1.374,0.085399,0.406742,0.094885,-0.904580,img_229.jpg
37623,1280,720,631.94293,353.39117,986.8637,986.74805,2.390,-0.062,1.402,0.083142,0.433236,0.108981,-0.890796,img_230.jpg
37707,1280,720,631.94293,353.39117,986.8637,986.74805,2.412,-0.066,1.417,0.081152,0.447184,0.114800,-0.883324,img_231.jpg
37775,1280,720,631.94293,353.39117,986.8637,986.74805,2.435,-0.070,1.430,0.082650,0.464086,0.119067,-0.873852,img_232.jpg
37856,1280,720,631.94293,353.39117,986.8637,986.74805,2.472,-0.078,1.448,0.083187,0.489512,0.135334,-0.857405,img_233.jpg
37939,1280,720,631.94293,353.39117,986.8637,986.74805,2.497,-0.082,1.455,0.084683,0.509304,0.141068,-0.844712,img_234.jpg
38023,1280,720,631.94293,353.39117,986.8637,986.74805,2.521,-0.082,1.466,0.087650,0.529098,0.140833,-0.832189,img_235.jpg
38091,1280,720,631.94293,353.39117,986.8637,986.74805,2.561,-0.085,1.476,0.087793,0.558576,0.142856,-0.812328,img_236.jpg
38174,1280,720,631.94293,353.39117,986.8637,986.74805,2.590,-0.090,1.490,0.086992,0.580042,0.143008,-0.797203,img_237.jpg
38246,1280,720,631.94293,353.39117,986.8637,986.74805,2.590,-0.090,1.490,0.086992,0.580042,0.143008,-0.797203,img_238.jpg
38322,1280,720,631.94293,353.39117,986.8637,986.74805,2.590,-0.090,1.490,0.086992,0.580042,0.143008,-0.797203,img_239.jpg
38406,1280,720,631.94293,353.39117,986.8637,986.74805,2.590,-0.090,1.490,0.086992,0.580042,0.143008,-0.797203,img_240.jpg
38474,1280,720,631.94293,353.39117,986.8637,986.74805,2.590,-0.090,1.490,0.086992,0.580042,0.143008,-0.797203,img_241.jpg
38546,1280,720,631.94293,353.39117,986.8637,986.74805,2.590,-0.090,1.490,0.086992,0.580042,0.143008,-0.797203,img_242.jpg
38622,1280,720,631.94293,353.39117,986.8637,986.74805,2.590,-0.090,1.490,0.086992,0.580042,0.143008,-0.797203,img_243.jpg
38706,1280,720,631.94293,353.39117,986.8637,986.74805,2.590,-0.090,1.490,0.086992,0.580042,0.143008,-0.797203,img_244.jpg
38777,1280,720,631.94293,353.39117,986.8637,986.74805,2.590,-0.090,1.490,0.086992,0.580042,0.143008,-0.797203,img_245.jpg
38852,1280,720,631.94293,353.39117,986.8637,986.74805,2.590,-0.090,1.490,0.086992,0.580042,0.143008,-0.797203,img_246.jpg
38939,1280,720,631.94293,353.39117,986.8637,986.74805,2.590,-0.090,1.490,0.086992,0.580042,0.143008,-0.797203,img_247.jpg
39011,1280,720,631.94293,353.39117,986.8637,986.74805,2.590,-0.090,1.490,0.086992,0.580042,0.143008,-0.797203,img_248.jpg
39087,1280,720,631.94293,353.39117,986.8637,986.74805,2.590,-0.090,1.490,0.086992,0.580042,0.143008,-0.797203,img_249.jpg
39173,1280,720,631.94293,353.39117,986.8637,986.74805,2.590,-0.090,1.490,0.086992,0.580042,0.143008,-0.797203,img_250.jpg
39243,1280,720,631.94293,353.39117,986.8637,986.74805,2.365,-0.140,1.300,0.235351,0.337749,0.187788,-0.891780,img_251.jpg
39323,1280,720,631.94293,353.39117,986.8637,986.74805,2.409,-0.157,1.350,0.237093,0.349727,0.191092,-0.885981,img_252.jpg
39407,1280,720,631.94293,353.39117,986.8637,986.74805,2.334,-0.117,1.287,0.254857,0.360069,0.192098,-0.876639,img_253.jpg
39479,1280,720,631.94293,353.39117,986.8637,986.74805,2.386,-0.133,1.335,0.249295,0.368483,0.195136,-0.874068,img_254.jpg
39554,1280,720,631.94293,353.39117,986.8637,986.74805,2.415,-0.133,1.375,0.246651,0.380003,0.192693,-0.870420,img_255.jpg
39640,1280,720,631.94293,353.39117,986.8637,986.74805,2.433,-0.129,1.393,0.245534,0.389453,0.191949,-0.866715,img_256.jpg
39719,1280,720,631.94293,353.39117,986.8637,986.74805,2.450,-0.130,1.414,0.243598,0.399808,0.195706,-0.861692,img_257.jpg
39807,1280,720,631.94293,353.39117,986.8637,986.74805,2.479,-0.131,1.450,0.238369,0.413505,0.200886,-0.855476,img_258.jpg
39877,1280,720,631.94293,353.39117,986.8637,986.74805,2.498,-0.123,1.457,0.236671,0.422493,0.207204,-0.850031,img_259.jpg
39957,1280,720,631.94293,353.39117,986.8637,986.74805,2.530,-0.124,1.480,0.234991,0.428314,0.209484,-0.847020,img_260.jpg
40040,1280,720,631.94293,353.39117,986.8637,986.74805,2.546,-0.123,1.488,0.233165,0.431410,0.207954,-0.846330,img_261.jpg
40114,1280,720,631.94293,353.39117,986.8637,986.74805,2.566,-0.123,1.497,0.231389,0.433811,0.205249,-0.846251,img_262.jpg
40186,1280,720,631.94293,353.39117,986.8637,986.74805,2.586,-0.123,1.506,0.228150,0.434242,0.200683,-0.848002,img_263.jpg
40260,1280,720,631.94293,353.39117,986.8637,986.74805,2.621,-0.123,1.519,0.222672,0.433565,0.191174,-0.851993,img_264.jpg
40340,1280,720,631.94293,353.39117,986.8637,986.74805,2.648,-0.120,1.531,0.213667,0.425934,0.177800,-0.860996,img_265.jpg
40415,1280,720,631.94293,353.39117,986.8637,986.74805,2.674,-0.112,1.540,0.195444,0.413321,0.158496,-0.875126,img_266.jpg
40492,1280,720,631.94293,353.39117,986.8637,986.74805,2.721,-0.091,1.560,0.176332,0.394368,0.131796,-0.892194,img_267.jpg
40575,1280,720,631.94293,353.39117,986.8637,986.74805,2.745,-0.069,1.569,0.159476,0.396151,0.121535,-0.896025,img_268.jpg
40657,1280,720,631.94293,353.39117,986.8637,986.74805,2.790,-0.041,1.583,0.137980,0.407059,0.107008,-0.896557,img_269.jpg
40740,1280,720,631.94293,353.39117,986.8637,986.74805,2.817,-0.022,1.591,0.126161,0.414935,0.101623,-0.895313,img_270.jpg
40818,1280,720,631.94293,353.39117,986.8637,986.74805,2.843,-0.001,1.603,0.114570,0.421198,0.091608,-0.895028,img_271.jpg
40891,1280,720,631.94293,353.39117,986.8637,986.74805,2.873,0.026,1.616,0.097487,0.430521,0.081223,-0.893617,img_272.jpg
40975,1280,720,631.94293,353.39117,986.8637,986.74805,2.898,0.040,1.628,0.085649,0.434780,0.080394,-0.892843,img_273.jpg
41048,1280,720,631.94293,353.39117,986.8637,986.74805,2.918,0.048,1.636,0.076278,0.441763,0.077480,-0.890519,img_274.jpg
41127,1280,720,631.94293,353.39117,986.8637,986.74805,2.941,0.055,1.642,0.062155,0.453045,0.067452,-0.886757,img_275.jpg
41207,1280,720,631.94293,353.39117,986.8637,986.74805,2.959,0.059,1.648,0.058147,0.459684,0.065092,-0.883783,img_276.jpg
41276,1280,720,631.94293,353.39117,986.8637,986.74805,2.972,0.063,1.656,0.052572,0.464793,0.063577,-0.881568,img_277.jpg
41345,1280,720,631.94293,353.39117,986.8637,986.74805,2.985,0.067,1.669,0.049783,0.466265,0.064580,-0.880879,img_278.jpg
41424,1280,720,631.94293,353.39117,986.8637,986.74805,3.001,0.068,1.681,0.044212,0.466471,0.064286,-0.881089,img_279.jpg
41496,1280,720,631.94293,353.39117,986.8637,986.74805,3.015,0.073,1.707,0.034890,0.465937,0.060239,-0.882075,img_280.jpg
41575,1280,720,631.94293,353.39117,986.8637,986.74805,3.021,0.078,1.724,0.028660,0.464753,0.052695,-0.883406,img_281.jpg,marker_6.jpg,0.2659755,0.2659755,3.603,-0.056,1.354,-0.652545,0.298886,-0.313484,-0.313484
41657,1280,720,631.94293,353.39117,986.8637,986.74805,3.033,0.085,1.741,0.025283,0.455257,0.052061,-0.888477,img_282.jpg
41727,1280,720,631.94293,353.39117,986.8637,986.74805,3.045,0.090,1.757,0.021233,0.448904,0.048611,-0.892004,img_283.jpg
41804,1280,720,631.94293,353.39117,986.8637,986.74805,3.054,0.097,1.780,0.017404,0.438011,0.041374,-0.897848,img_284.jpg
41891,1280,720,631.94293,353.39117,986.8637,986.74805,3.070,0.098,1.802,0.019234,0.428707,0.037808,-0.902447,img_285.jpg
41975,1280,720,631.94293,353.39117,986.8637,986.74805,3.078,0.100,1.816,0.020048,0.420141,0.037466,-0.906463,img_286.jpg
42052,1280,720,631.94293,353.39117,986.8637,986.74805,3.087,0.100,1.829,0.019178,0.411792,0.036780,-0.910333,img_287.jpg,marker_6.jpg,0.2670377,0.2670377,3.594,-0.054,1.354,-0.649626,0.302895,-0.313409,-0.313409
42121,1280,720,631.94293,353.39117,986.8637,986.74805,3.096,0.100,1.850,0.014691,0.393869,0.036564,-0.918322,img_288.jpg
42208,1280,720,631.94293,353.39117,986.8637,986.74805,3.103,0.099,1.858,0.014887,0.383373,0.037269,-0.922721,img_289.jpg
42278,1280,720,631.94293,353.39117,986.8637,986.74805,3.106,0.100,1.868,0.014069,0.376596,0.034396,-0.925632,img_290.jpg
42348,1280,720,631.94293,353.39117,986.8637,986.74805,3.109,0.099,1.875,0.010934,0.372497,0.031769,-0.927425,img_291.jpg
42425,1280,720,631.94293,353.39117,986.8637,986.74805,3.115,0.100,1.885,0.009302,0.366441,0.033158,-0.929804,img_292.jpg
42508,1280,720,631.94293,353.39117,986.8637,986.74805,3.119,0.099,1.889,0.008959,0.364062,0.031538,-0.930797,img_293.jpg
42582,1280,720,631.94293,353.39117,986.8637,986.74805,3.125,0.099,1.894,0.008740,0.358368,0.034794,-0.932891,img_294.jpg
42674,1280,720,631.94293,353.39117,986.8637,986.74805,3.135,0.102,1.902,0.011294,0.328474,0.055181,-0.942832,img_295.jpg,marker_6.jpg,0.26350266,0.26350266,3.597,-0.057,1.355,-0.646140,0.308508,-0.310217,-0.310217
42741,1280,720,631.94293,353.39117,986.8637,986.74805,3.138,0.098,1.911,0.009597,0.323508,0.055489,-0.944548,img_296.jpg
42820,1280,720,631.94293,353.39117,986.8637,986.74805,3.143,0.097,1.916,0.007638,0.324718,0.053710,-0.944254,img_297.jpg
42908,1280,720,631.94293,353.39117,986.8637,986.74805,3.151,0.094,1.924,0.002630,0.329443,0.048453,-0.942928,img_298.jpg
42993,1280,720,631.94293,353.39117,986.8637,986.74805,3.160,0.092,1.930,0.006956,0.333236,0.049690,-0.941507,img_299.jpg
43066,1280,720,631.94293,353.39117,986.8637,986.74805,3.176,0.091,1.936,0.014412,0.336745,0.046373,-0.940343,img_300.jpg
43141,1280,720,631.94293,353.39117,986.8637,986.74805,3.190,0.087,1.943,0.022304,0.338970,0.046689,-0.939373,img_301.jpg
43214,1280,720,631.94293,353.39117,986.8637,986.74805,3.202,0.082,1.947,0.028625,0.347769,0.046481,-0.935990,img_302.jpg
43284,1280,720,631.94293,353.39117,986.8637,986.74805,3.223,0.071,1.953,0.040231,0.365528,0.050683,-0.928548,img_303.jpg,marker_6.jpg,0.27105504,0.27105504,3.599,-0.061,1.360,-0.642955,0.320894,-0.323043,-0.323043
43359,1280,720,631.94293,353.39117,986.8637,986.74805,3.243,0.063,1.960,0.053531,0.373202,0.067070,-0.923773,img_304.jpg
43441,1280,720,631.94293,353.39117,986.8637,986.74805,3.261,0.051,1.966,0.066607,0.384523,0.076631,-0.917515,img_305.jpg
43517,1280,720,631.94293,353.39117,986.8637,986.74805,3.286,0.030,1.980,0.086644,0.401952,0.091001,-0.906999,img_306.jpg
43608,1280,720,631.94293,353.39117,986.8637,986.74805,3.304,0.015,1.994,0.097527,0.412675,0.103476,-0.899711,img_307.jpg
43678,1280,720,631.94293,353.39117,986.8637,986.74805,3.320,0.002,2.016,0.106137,0.425382,0.112262,-0.891730,img_308.jpg
43753,1280,720,631.94293,353.39117,986.8637,986.74805,3.346,-0.015,2.055,0.118019,0.444325,0.128934,-0.878649,img_309.jpg
43841,1280,720,631.94293,353.39117,986.8637,986.74805,3.358,-0.022,2.086,0.122559,0.455480,0.133324,-0.871632,img_310.jpg
43918,1280,720,631.94293,353.39117,986.8637,986.74805,3.379,-0.032,2.135,0.128364,0.467101,0.138577,-0.863792,img_311.jpg
44007,1280,720,631.94293,353.39117,986.8637,986.74805,3.391,-0.038,2.168,0.132874,0.473775,0.141795,-0.858939,img_312.jpg
44084,1280,720,631.94293,353.39117,986.8637,986.74805,3.406,-0.043,2.220,0.139332,0.483478,0.145195,-0.851912,img_313.jpg
44174,1280,720,631.94293,353.39117,986.8637,986.74805,3.419,-0.047,2.254,0.144449,0.489445,0.148077,-0.847143,img_314.jpg
44244,1280,720,631.94293,353.39117,986.8637,986.74805,3.435,-0.053,2.288,0.152158,0.494239,0.152945,-0.842130,img_315.jpg
44325,1280,720,631.94293,353.39117,986.8637,986.74805,3.447,-0.052,2.323,0.157835,0.501058,0.154527,-0.836750,img_316.jpg
44403,1280,720,631.94293,353.39117,986.8637,986.74805,3.462,-0.056,2.371,0.160337,0.512375,0.162732,-0.827817,img_317.jpg
44493,1280,720,631.94293,353.39117,986.8637,986.74805,3.485,-0.060,2.416,0.162544,0.528196,0.169869,-0.815924,img_318.jpg
44576,1280,720,631.94293,353.39117,986.8637,986.74805,3.502,-0.062,2.448,0.161310,0.537899,0.175983,-0.808501,img_319.jpg
44658,1280,720,631.94293,353.39117,986.8637,986.74805,3.524,-0.060,2.490,0.158751,0.552563,0.182047,-0.797704,img_320.jpg
44741,1280,720,631.94293,353.39117,986.8637,986.74805,3.542,-0.059,2.535,0.156973,0.563417,0.185427,-0.789644,img_321.jpg
44816,1280,720,631.94293,353.39117,986.8637,986.74805,3.575,-0.064,2.575,0.156950,0.580896,0.185191,-0.776937,img_322.jpg
44908,1280,720,631.94293,353.39117,986.8637,986.74805,3.602,-0.065,2.612,0.160359,0.591527,0.184907,-0.768238,img_323.jpg
44983,1280,720,631.94293,353.39117,986.8637,986.74805,3.633,-0.071,2.646,0.164745,0.601593,0.183968,-0.759671,img_324.jpg
45061,1280,720,631.94293,353.39117,986.8637,986.74805,3.684,-0.078,2.690,0.181021,0.615979,0.187246,-0.743465,img_325.jpg
45158,1280,720,631.94293,353.39117,986.8637,986.74805,3.731,-0.074,2.735,0.188205,0.637875,0.191677,-0.721771,img_326.jpg
45258,1280,720,631.94293,353.39117,986.8637,986.74805,3.777,-0.069,2.789,0.181226,0.664016,0.201492,-0.696879,img_327.jpg
45341,1280,720,631.94293,353.39117,986.8637,986.74805,3.808,-0.067,2.827,0.172747,0.673976,0.214683,-0.685439,img_328.jpg
45418,1280,720,631.94293,353.39117,986.8637,986.74805,3.839,-0.066,2.870,0.167744,0.691080,0.214982,-0.669367,img_329.jpg
45508,1280,720,631.94293,353.39117,986.8637,986.74805,3.860,-0.067,2.900,0.162020,0.695203,0.221892,-0.664234,img_330.jpg
45581,1280,720,631.94293,353.39117,986.8637,986.74805,3.885,-0.068,2.931,0.158078,0.697345,0.221562,-0.663047,img_331.jpg
45656,1280,720,631.94293,353.39117,986.8637,986.74805,3.920,-0.069,2.987,0.152530,0.701456,0.214682,-0.662273,img_332.jpg
45741,1280,720,631.94293,353.39117,986.8637,986.74805,3.930,-0.061,3.027,0.148190,0.705025,0.208489,-0.661447,img_333.jpg
45816,1280,720,631.94293,353.39117,986.8637,986.74805,3.947,-0.060,3.065,0.148002,0.702492,0.207151,-0.664597,img_334.jpg
45891,1280,720,631.94293,353.39117,986.8637,986.74805,3.975,-0.056,3.120,0.151482,0.697665,0.206147,-0.669194,img_335.jpg
45977,1280,720,631.94293,353.39117,986.8637,986.74805,3.996,-0.053,3.159,0.152931,0.691468,0.211592,-0.673582,img_336.jpg
46049,1280,720,631.94293,353.39117,986.8637,986.74805,4.024,-0.053,3.213,0.159929,0.682675,0.216826,-0.679238,img_337.jpg
46142,1280,720,631.94293,353.39117,986.8637,986.74805,4.042,-0.052,3.249,0.160348,0.681132,0.212836,-0.681945,img_338.jpg
46216,1280,720,631.94293,353.39117,986.8637,986.74805,4.061,-0.055,3.277,0.162245,0.680260,0.217206,-0.680987,img_339.jpg
46290,1280,720,631.94293,353.39117,986.8637,986.74805,4.089,-0.059,3.319,0.157328,0.681446,0.226169,-0.678031,img_340.jpg
46375,1280,720,631.94293,353.39117,986.8637,986.74805,4.109,-0.060,3.350,0.158980,0.682372,0.229374,-0.675634,img_341.jpg
46450,1280,720,631.94293,353.39117,986.8637,986.74805,4.135,-0.061,3.382,0.160506,0.683579,0.229506,-0.674007,img_342.jpg
46529,1280,720,631.94293,353.39117,986.8637,986.74805,4.179,-0.066,3.422,0.163446,0.684921,0.230111,-0.671727,img_343.jpg
46609,1280,720,631.94293,353.39117,986.8637,986.74805,4.213,-0.070,3.450,0.168037,0.685126,0.225145,-0.672068,img_344.jpg
46685,1280,720,631.94293,353.39117,986.8637,986.74805,4.266,-0.074,3.488,0.177587,0.683693,0.221107,-0.672413,img_345.jpg
46775,1280,720,631.94293,353.39117,986.8637,986.74805,4.303,-0.072,3.518,0.184670,0.681491,0.216814,-0.674136,img_346.jpg
46844,1280,720,631.94293,353.39117,986.8637,986.74805,4.341,-0.073,3.549,0.191802,0.679709,0.222384,-0.672126,img_347.jpg
46920,1280,720,631.94293,353.39117,986.8637,986.74805,4.391,-0.074,3.594,0.188743,0.683115,0.223589,-0.669133,img_348.jpg
47009,1280,720,631.94293,353.39117,986.8637,986.74805,4.424,-0.077,3.622,0.187512,0.684681,0.230247,-0.665611,img_349.jpg
47090,1280,720,631.94293,353.39117,986.8637,986.74805,4.469,-0.078,3.664,0.183921,0.684657,0.236553,-0.664425,img_350.jpg
47176,1280,720,631.94293,353.39117,986.8637,986.74805,4.494,-0.076,3.694,0.179591,0.683626,0.238322,-0.666037,img_351.jpg
47252,1280,720,631.94293,353.39117,986.8637,986.74805,4.536,-0.077,3.741,0.175480,0.678602,0.235316,-0.673300,img_352.jpg
47342,1280,720,631.94293,353.39117,986.8637,986.74805,4.568,-0.080,3.774,0.175002,0.674667,0.229586,-0.679330,img_353.jpg
47418,1280,720,631.94293,353.39117,986.8637,986.74805,4.613,-0.080,3.830,0.170682,0.663529,0.224452,-0.692978,img_354.jpg
47508,1280,720,631.94293,353.39117,986.8637,986.74805,4.641,-0.078,3.864,0.173654,0.652067,0.214318,-0.706202,img_355.jpg
47581,1280,720,631.94293,353.39117,986.8637,986.74805,4.689,-0.075,3.921,0.185412,0.634443,0.222744,-0.716581,img_356.jpg
47659,1280,720,631.94293,353.39117,986.8637,986.74805,4.722,-0.074,3.961,0.185358,0.625975,0.217023,-0.725740,img_357.jpg
47742,1280,720,631.94293,353.39117,986.8637,986.74805,4.754,-0.074,3.995,0.185584,0.616472,0.214580,-0.734490,img_358.jpg
47812,1280,720,631.94293,353.39117,986.8637,986.74805,4.793,-0.079,4.034,0.194976,0.607372,0.218198,-0.738561,img_359.jpg
47892,1280,720,631.94293,353.39117,986.8637,986.74805,4.819,-0.082,4.059,0.196824,0.601805,0.217284,-0.742886,img_360.jpg
47975,1280,720,631.94293,353.39117,986.8637,986.74805,4.845,-0.084,4.084,0.198224,0.597820,0.218109,-0.745484,img_361.jpg
48043,1280,720,631.94293,353.39117,986.8637,986.74805,4.870,-0.088,4.113,0.199595,0.595612,0.216402,-0.747381,img_362.jpg
48121,1280,720,631.94293,353.39117,986.8637,986.74805,4.917,-0.093,4.155,0.204362,0.592386,0.207055,-0.751295,img_363.jpg
48208,1280,720,631.94293,353.39117,986.8637,986.74805,4.953,-0.097,4.182,0.209813,0.589213,0.199122,-0.754425,img_364.jpg
48284,1280,720,631.94293,353.39117,986.8637,986.74805,5.007,-0.100,4.219,0.221910,0.580197,0.185671,-0.761350,img_365.jpg
48377,1280,720,631.94293,353.39117,986.8637,986.74805,5.044,-0.101,4.243,0.229528,0.571796,0.170396,-0.768981,img_366.jpg
48453,1280,720,631.94293,353.39117,986.8637,986.74805,5.103,-0.102,4.276,0.248391,0.557565,0.172008,-0.773199,img_367.jpg
48543,1280,720,631.94293,353.39117,986.8637,986.74805,5.138,-0.102,4.302,0.249343,0.552430,0.165892,-0.777900,img_368.jpg
48620,1280,720,631.94293,353.39117,986.8637,986.74805,5.186,-0.101,4.337,0.243694,0.541283,0.177630,-0.784904,img_369.jpg
48709,1280,720,631.94293,353.39117,986.8637,986.74805,5.215,-0.100,4.359,0.244347,0.534210,0.173424,-0.790468,img_370.jpg
48789,1280,720,631.94293,353.39117,986.8637,986.74805,5.257,-0.100,4.395,0.242001,0.516133,0.174479,-0.802870,img_371.jpg
48876,1280,720,631.94293,353.39117,986.8637,986.74805,5.281,-0.102,4.420,0.240854,0.501882,0.164684,-0.814237,img_372.jpg
48950,1280,720,631.94293,353.39117,986.8637,986.74805,5.313,-0.104,4.459,0.236244,0.475937,0.154526,-0.832943,img_373.jpg
49042,1280,720,631.94293,353.39117,986.8637,986.74805,5.325,-0.104,4.487,0.230788,0.454115,0.150033,-0.847353,img_374.jpg
49118,1280,720,631.94293,353.39117,986.8637,986.74805,5.351,-0.097,4.531,0.231319,0.429426,0.138533,-0.861913,img_375.jpg
49209,1280,720,631.94293,353.39117,986.8637,986.74805,5.366,-0.086,4.564,0.222685,0.415640,0.134506,-0.871529,img_376.jpg
49281,1280,720,631.94293,353.39117,986.8637,986.74805,5.381,-0.070,4.598,0.211560,0.410410,0.124102,-0.878297,img_377.jpg
49356,1280,720,631.94293,353.39117,986.8637,986.74805,5.402,-0.039,4.638,0.188529,0.414732,0.099167,-0.884658,img_378.jpg
49442,1280,720,631.94293,353.39117,986.8637,986.74805,5.411,-0.013,4.663,0.169263,0.425706,0.085285,-0.884788,img_379.jpg
49518,1280,720,631.94293,353.39117,986.8637,986.74805,5.437,0.029,4.709,0.130150,0.446250,0.072144,-0.882450,img_380.jpg
49608,1280,720,631.94293,353.39117,986.8637,986.74805,5.454,0.057,4.735,0.099765,0.461548,0.059951,-0.879447,img_381.jpg
49681,1280,720,631.94293,353.39117,986.8637,986.74805,5.479,0.098,4.766,0.059610,0.479310,0.046692,-0.874373,img_382.jpg
49760,1280,720,631.94293,353.39117,986.8637,986.74805,5.497,0.117,4.781,0.043421,0.487108,0.039941,-0.871347,img_383.jpg
49842,1280,720,631.94293,353.39117,986.8637,986.74805,5.513,0.131,4.787,0.038385,0.493338,0.037172,-0.868195,img_384.jpg
49920,1280,720,631.94293,353.39117,986.8637,986.74805,5.549,0.140,4.792,0.039371,0.500071,0.029323,-0.864592,img_385.jpg
50009,1280,720,631.94293,353.39117,986.8637,986.74805,5.570,0.143,4.795,0.042081,0.501534,0.022811,-0.863813,img_386.jpg
50082,1280,720,631.94293,353.39117,986.8637,986.74805,5.602,0.141,4.787,0.042681,0.496746,0.015738,-0.866703,img_387.jpg
50160,1280,720,631.94293,353.39117,986.8637,986.74805,5.616,0.143,4.790,0.038464,0.492694,0.014494,-0.869231,img_388.jpg
50242,1280,720,631.94293,353.39117,986.8637,986.74805,5.630,0.146,4.794,0.033161,0.489433,0.014335,-0.871292,img_389.jpg
50322,1280,720,631.94293,353.39117,986.8637,986.74805,5.643,0.149,4.797,0.030744,0.489559,0.014602,-0.871305,img_390.jpg
50410,1280,720,631.94293,353.39117,986.8637,986.74805,5.652,0.149,4.800,0.025418,0.488883,0.013735,-0.871871,img_391.jpg
50479,1280,720,631.94293,353.39117,986.8637,986.74805,5.658,0.149,4.803,0.022810,0.486782,0.016462,-0.873071,img_392.jpg,marker_7.png,0.28337666,0.28337666,6.234,-0.072,4.497,-0.641008,0.313172,-0.319990,-0.319990
50550,1280,720,631.94293,353.39117,986.8637,986.74805,5.665,0.150,4.809,0.020752,0.486298,0.012964,-0.873450,img_393.jpg
50643,1280,720,631.94293,353.39117,986.8637,986.74805,5.669,0.151,4.815,0.017895,0.484103,0.014588,-0.874706,img_394.jpg
50711,1280,720,631.94293,353.39117,986.8637,986.74805,5.674,0.150,4.825,0.018498,0.481910,0.015353,-0.875891,img_395.jpg
50793,1280,720,631.94293,353.39117,986.8637,986.74805,5.675,0.147,4.832,0.019426,0.478384,0.017092,-0.877770,img_396.jpg
50876,1280,720,631.94293,353.39117,986.8637,986.74805,5.672,0.146,4.845,0.021391,0.471341,0.018266,-0.881503,img_397.jpg
50960,1280,720,631.94293,353.39117,986.8637,986.74805,5.671,0.146,4.854,0.021799,0.468475,0.016863,-0.883047,img_398.jpg,marker_7.png,0.2836073,0.2836073,6.229,-0.073,4.496,-0.642173,0.312551,-0.311610,-0.311610
51043,1280,720,631.94293,353.39117,986.8637,986.74805,5.669,0.148,4.865,0.019729,0.465385,0.016454,-0.884735,img_399.jpg
51112,1280,720,631.94293,353.39117,986.8637,986.74805,5.668,0.149,4.877,0.017907,0.462194,0.016749,-0.886440,img_400.jpg
51187,1280,720,631.94293,353.39117,986.8637,986.74805,5.665,0.147,4.893,0.019864,0.459386,0.014646,-0.887894,img_401.jpg
51276,1280,720,631.94293,353.39117,986.8637,986.74805,5.662,0.146,4.906,0.020117,0.456785,0.014025,-0.889239,img_402.jpg
51344,1280,720,631.94293,353.39117,986.8637,986.74805,5.660,0.146,4.919,0.021045,0.455164,0.014833,-0.890035,img_403.jpg
51422,1280,720,631.94293,353.39117,986.8637,986.74805,5.658,0.143,4.939,0.021978,0.453140,0.017390,-0.890999,img_404.jpg
51509,1280,720,631.94293,353.39117,986.8637,986.74805,5.660,0.139,4.954,0.025395,0.455750,0.021258,-0.889492,img_405.jpg
51580,1280,720,631.94293,353.39117,986.8637,986.74805,5.667,0.131,4.969,0.034922,0.462902,0.033333,-0.885094,img_406.jpg,marker_7.png,0.28289583,0.28289583,6.223,-0.070,4.499,-0.637576,0.319934,-0.314614,-0.314614
51655,1280,720,631.94293,353.39117,986.8637,986.74805,5.684,0.111,4.997,0.062679,0.477257,0.060615,-0.874427,img_407.jpg
51743,1280,720,631.94293,353.39117,986.8637,986.74805,5.695,0.097,5.018,0.075408,0.493143,0.069245,-0.863903,img_408.jpg
51820,1280,720,631.94293,353.39117,986.8637,986.74805,5.711,0.078,5.056,0.090225,0.517877,0.088587,-0.846059,img_409.jpg
51909,1280,720,631.94293,353.39117,986.8637,986.74805,5.722,0.065,5.080,0.097313,0.533834,0.099982,-0.833999,img_410.jpg
51980,1280,720,631.94293,353.39117,986.8637,986.74805,5.730,0.056,5.103,0.103499,0.550448,0.108396,-0.821307,img_411.jpg
52057,1280,720,631.94293,353.39117,986.8637,986.74805,5.741,0.043,5.137,0.111701,0.576300,0.126466,-0.799630,img_412.jpg
52143,1280,720,631.94293,353.39117,986.8637,986.74805,5.755,0.033,5.171,0.116936,0.601701,0.140277,-0.777563,img_413.jpg
52226,1280,720,631.94293,353.39117,986.8637,986.74805,5.764,0.027,5.196,0.118447,0.618565,0.149670,-0.762198,img_414.jpg
52301,1280,720,631.94293,353.39117,986.8637,986.74805,5.779,0.018,5.218,0.123233,0.634977,0.161703,-0.745299,img_415.jpg
52377,1280,720,631.94293,353.39117,986.8637,986.74805,5.804,0.003,5.251,0.133427,0.659500,0.180295,-0.717461,img_416.jpg
52459,1280,720,631.94293,353.39117,986.8637,986.74805,5.820,-0.005,5.271,0.136747,0.675786,0.187586,-0.699589,img_417.jpg
52533,1280,720,631.94293,353.39117,986.8637,986.74805,5.847,-0.016,5.288,0.138809,0.689208,0.196115,-0.683566,img_418.jpg
52618,1280,720,631.94293,353.39117,986.8637,986.74805,5.878,-0.022,5.319,0.141471,0.710131,0.203278,-0.659074,img_419.jpg
52709,1280,720,631.94293,353.39117,986.8637,986.74805,5.910,-0.027,5.348,0.140087,0.730469,0.206342,-0.635778,img_420.jpg
52792,1280,720,631.94293,353.39117,986.8637,986.74805,5.927,-0.026,5.366,0.138855,0.742174,0.211515,-0.620611,img_421.jpg
52863,1280,720,631.94293,353.39117,986.8637,986.74805,5.952,-0.030,5.385,0.137283,0.753969,0.217223,-0.604565,img_422.jpg
52940,1280,720,631.94293,353.39117,986.8637,986.74805,5.975,-0.032,5.418,0.129662,0.774742,0.226964,-0.575717,img_423.jpg
53026,1280,720,631.94293,353.39117,986.8637,986.74805,5.989,-0.037,5.444,0.123917,0.787835,0.233405,-0.556312,img_424.jpg
53102,1280,720,631.94293,353.39117,986.8637,986.74805,6.000,-0.040,5.471,0.120258,0.799369,0.235463,-0.539541,img_425.jpg
53177,1280,720,631.94293,353.39117,986.8637,986.74805,6.010,-0.042,5.494,0.118376,0.808953,0.241370,-0.522803,img_426.jpg
53250,1280,720,631.94293,353.39117,986.8637,986.74805,6.020,-0.039,5.532,0.112530,0.821994,0.240887,-0.503624,img_427.jpg
53326,1280,720,631.94293,353.39117,986.8637,986.74805,6.026,-0.037,5.560,0.107711,0.828754,0.242168,-0.492868,img_428.jpg
53402,1280,720,631.94293,353.39117,986.8637,986.74805,6.031,-0.035,5.585,0.103331,0.834927,0.240569,-0.484094,img_429.jpg
53474,1280,720,631.94293,353.39117,986.8637,986.74805,6.031,-0.030,5.611,0.099445,0.840388,0.234877,-0.478217,img_430.jpg
53562,1280,720,631.94293,353.39117,986.8637,986.74805,6.030,-0.023,5.654,0.092618,0.847358,0.225512,-0.471753,img_431.jpg
53637,1280,720,631.94293,353.39117,986.8637,986.74805,6.028,-0.016,5.684,0.087870,0.851353,0.217044,-0.469434,img_432.jpg
53719,1280,720,631.94293,353.39117,986.8637,986.74805,6.028,-0.004,5.733,0.083395,0.864292,0.194996,-0.456094,img_433.jpg
53809,1280,720,631.94293,353.39117,986.8637,986.74805,6.012,0.027,5.781,0.068846,0.886250,0.158186,-0.429881,img_434.jpg
53893,1280,720,631.94293,353.39117,986.8637,986.74805,5.997,0.050,5.811,0.056340,0.895188,0.138121,-0.419985,img_435.jpg
53965,1280,720,631.94293,353.39117,986.8637,986.74805,5.983,0.069,5.840,0.047343,0.906042,0.118462,-0.403502,img_436.jpg
54043,1280,720,631.94293,353.39117,986.8637,986.74805,5.965,0.088,5.878,0.040707,0.918351,0.096381,-0.381688,img_437.jpg
54126,1280,720,631.94293,353.39117,986.8637,986.74805,5.959,0.096,5.897,0.037799,0.923052,0.089736,-0.372147,img_438.jpg
54209,1280,720,631.94293,353.39117,986.8637,986.74805,5.953,0.098,5.911,0.035865,0.927305,0.080989,-0.363676,img_439.jpg
54293,1280,720,631.94293,353.39117,986.8637,986.74805,5.945,0.106,5.948,0.030483,0.930528,0.082314,-0.355547,img_440.jpg
54368,1280,720,631.94293,353.39117,986.8637,986.74805,5.962,0.096,5.963,0.029638,0.931868,0.080584,-0.352491,img_441.jpg,marker_8.jpg,0.30538002,0.30538002,6.463,-0.109,6.549,-0.238443,0.682238,-0.644030,-0.644030
54462,1280,720,631.94293,353.39117,986.8637,986.74805,5.974,0.091,5.976,0.029967,0.933768,0.077046,-0.348200,img_442.jpg
54544,1280,720,631.94293,353.39117,986.8637,986.74805,5.983,0.090,5.988,0.025288,0.934269,0.081848,-0.346125,img_443.jpg
54627,1280,720,631.94293,353.39117,986.8637,986.74805,5.992,0.089,5.994,0.024445,0.935275,0.080535,-0.343769,img_444.jpg
54708,1280,720,631.94293,353.39117,986.8637,986.74805,6.006,0.086,6.004,0.023699,0.937511,0.079880,-0.337834,img_445.jpg
54795,1280,720,631.94293,353.39117,986.8637,986.74805,6.016,0.088,6.010,0.023202,0.938488,0.079861,-0.335147,img_446.jpg
54870,1280,720,631.94293,353.39117,986.8637,986.74805,6.025,0.089,6.016,0.022500,0.939693,0.078974,-0.332015,img_447.jpg,marker_8.jpg,0.27230456,0.27230456,6.429,-0.088,6.502,-0.240862,0.684988,-0.641857,-0.641857
54962,1280,720,631.94293,353.39117,986.8637,986.74805,6.042,0.090,6.027,0.019488,0.941038,0.081398,-0.327782,img_448.jpg
55040,1280,720,631.94293,353.39117,986.8637,986.74805,6.053,0.090,6.033,0.020313,0.942772,0.081424,-0.322705,img_449.jpg
55115,1280,720,631.94293,353.39117,986.8637,986.74805,6.070,0.088,6.041,0.019454,0.943547,0.087245,-0.318949,img_450.jpg
55193,1280,720,631.94293,353.39117,986.8637,986.74805,6.081,0.085,6.045,0.020922,0.944355,0.090323,-0.315590,img_451.jpg
55267,1280,720,631.94293,353.39117,986.8637,986.74805,6.091,0.083,6.049,0.021772,0.944572,0.094607,-0.313623,img_452.jpg
55340,1280,720,631.94293,353.39117,986.8637,986.74805,6.100,0.081,6.054,0.022396,0.944800,0.098800,-0.311593,img_453.jpg
55422,1280,720,631.94293,353.39117,986.8637,986.74805,6.109,0.079,6.056,0.021908,0.945381,0.103142,-0.308443,img_454.jpg
55511,1280,720,631.94293,353.39117,986.8637,986.74805,6.113,0.079,6.059,0.021961,0.946182,0.103552,-0.305833,img_455.jpg,marker_8.jpg,0.26047945,0.26047945,6.407,-0.078,6.477,-0.195495,0.694515,-0.659569,-0.659569
55587,1280,720,631.94293,353.39117,986.8637,986.74805,6.115,0.077,6.059,0.021897,0.947645,0.103139,-0.301417,img_456.jpg
55678,1280,720,631.94293,353.39117,986.8637,986.74805,6.112,0.078,6.058,0.021097,0.948870,0.102107,-0.297951,img_457.jpg
55762,1280,720,631.94293,353.39117,986.8637,986.74805,6.109,0.079,6.057,0.021426,0.949176,0.101695,-0.297094,img_458.jpg
55844,1280,720,631.94293,353.39117,986.8637,986.74805,6.102,0.077,6.056,0.021520,0.949209,0.100394,-0.297424,img_459.jpg
55928,1280,720,631.94293,353.39117,986.8637,986.74805,6.093,0.077,6.055,0.020747,0.949219,0.098931,-0.297935,img_460.jpg
56009,1280,720,631.94293,353.39117,986.8637,986.74805,6.077,0.075,6.056,0.017775,0.948894,0.100350,-0.298689,img_461.jpg
56094,1280,720,631.94293,353.39117,986.8637,986.74805,6.064,0.074,6.058,0.018339,0.949114,0.100775,-0.297809,img_462.jpg
56166,1280,720,631.94293,353.39117,986.8637,986.74805,6.049,0.074,6.062,0.015524,0.949448,0.102159,-0.296431,img_463.jpg,marker_8.jpg,0.26541638,0.26541638,6.413,-0.081,6.484,-0.205711,0.689034,-0.660363,-0.660363
56242,1280,720,631.94293,353.39117,986.8637,986.74805,6.022,0.072,6.068,0.011616,0.950019,0.104223,-0.294051,img_464.jpg
56327,1280,720,631.94293,353.39117,986.8637,986.74805,6.002,0.072,6.071,0.010434,0.950579,0.103683,-0.292474,img_465.jpg
56400,1280,720,631.94293,353.39117,986.8637,986.74805,5.979,0.072,6.076,0.007305,0.950566,0.104322,-0.292382,img_466.jpg
56478,1280,720,631.94293,353.39117,986.8637,986.74805,5.940,0.072,6.083,0.000017,0.948991,0.106787,-0.296670,img_467.jpg
56562,1280,720,631.94293,353.39117,986.8637,986.74805,5.913,0.071,6.092,-0.003049,0.947461,0.109517,-0.300524,img_468.jpg
56637,1280,720,631.94293,353.39117,986.8637,986.74805,5.883,0.071,6.098,-0.006940,0.945971,0.110221,-0.304865,img_469.jpg
56711,1280,720,631.94293,353.39117,986.8637,986.74805,5.834,0.071,6.108,-0.008013,0.945042,0.105085,-0.309498,img_470.jpg
56796,1280,720,631.94293,353.39117,986.8637,986.74805,5.801,0.071,6.113,-0.006259,0.946005,0.096047,-0.309533,img_471.jpg
56869,1280,720,631.94293,353.39117,986.8637,986.74805,5.769,0.072,6.117,-0.002122,0.950727,0.080960,-0.299266,img_472.jpg
56944,1280,720,631.94293,353.39117,986.8637,986.74805,5.725,0.072,6.127,-0.001375,0.947349,0.083594,-0.309095,img_473.jpg
57027,1280,720,631.94293,353.39117,986.8637,986.74805,5.700,0.071,6.131,0.000597,0.946739,0.084630,-0.310680,img_474.jpg
57108,1280,720,631.94293,353.39117,986.8637,986.74805,5.667,0.067,6.144,-0.006139,0.938531,0.098957,-0.330650,img_475.jpg,marker_8.jpg,0.2636874,0.2636874,6.412,-0.080,6.482,-0.228975,0.675747,-0.663297,-0.663297
57193,1280,720,631.94293,353.39117,986.8637,986.74805,5.653,0.062,6.154,-0.005135,0.932671,0.110450,-0.343364,img_476.jpg
57281,1280,720,631.94293,353.39117,986.8637,986.74805,5.631,0.054,6.170,-0.000432,0.930404,0.118124,-0.346981,img_477.jpg
57362,1280,720,631.94293,353.39117,986.8637,986.74805,5.616,0.052,6.183,-0.004853,0.927532,0.122482,-0.353072,img_478.jpg
57436,1280,720,631.94293,353.39117,986.8637,986.74805,5.596,0.050,6.198,-0.010091,0.926842,0.122786,-0.354663,img_479.jpg
57510,1280,720,631.94293,353.39117,986.8637,986.74805,5.570,0.046,6.225,-0.009859,0.925636,0.122786,-0.357804,img_480.jpg
57593,1280,720,631.94293,353.39117,986.8637,986.74805,5.553,0.041,6.247,-0.007387,0.926101,0.121730,-0.357020,img_481.jpg
57679,1280,720,631.94293,353.39117,986.8637,986.74805,5.525,0.034,6.286,0.004793,0.927953,0.126125,-0.350674,img_482.jpg
57762,1280,720,631.94293,353.39117,986.8637,986.74805,5.506,0.029,6.314,0.014980,0.930973,0.123986,-0.343063,img_483.jpg
57837,1280,720,631.94293,353.39117,986.8637,986.74805,5.486,0.027,6.347,0.015439,0.931081,0.134298,-0.338842,img_484.jpg
57916,1280,720,631.94293,353.39117,986.8637,986.74805,5.461,0.023,6.392,0.016106,0.932356,0.147264,-0.329796,img_485.jpg
57994,1280,720,631.94293,353.39117,986.8637,986.74805,5.445,0.021,6.421,0.015041,0.934049,0.156822,-0.320519,img_486.jpg
58064,1280,720,631.94293,353.39117,986.8637,986.74805,5.428,0.020,6.444,0.016136,0.937117,0.158180,-0.310694,img_487.jpg
58140,1280,720,631.94293,353.39117,986.8637,986.74805,5.404,0.018,6.476,0.011939,0.939545,0.168822,-0.297676,img_488.jpg
58228,1280,720,631.94293,353.39117,986.8637,986.74805,5.388,0.019,6.495,0.011018,0.940865,0.172235,-0.291525,img_489.jpg
58301,1280,720,631.94293,353.39117,986.8637,986.74805,5.370,0.021,6.512,0.010142,0.942345,0.171044,-0.287449,img_490.jpg
58373,1280,720,631.94293,353.39117,986.8637,986.74805,5.352,0.021,6.527,0.005808,0.941912,0.173400,-0.287577,img_491.jpg
58448,1280,720,631.94293,353.39117,986.8637,986.74805,5.321,0.021,6.547,0.005505,0.940492,0.170219,-0.294059,img_492.jpg
58528,1280,720,631.94293,353.39117,986.8637,986.74805,5.295,0.021,6.563,0.003850,0.939677,0.166664,-0.298690,img_493.jpg
58606,1280,720,631.94293,353.39117,986.8637,986.74805,5.266,0.020,6.578,-0.001164,0.938374,0.167219,-0.302475,img_494.jpg
58694,1280,720,631.94293,353.39117,986.8637,986.74805,5.218,0.023,6.597,0.001705,0.938523,0.156761,-0.307567,img_495.jpg
58765,1280,720,631.94293,353.39117,986.8637,986.74805,5.185,0.027,6.615,0.002025,0.939541,0.148530,-0.308539,img_496.jpg
58839,1280,720,631.94293,353.39117,986.8637,986.74805,5.148,0.035,6.633,0.003315,0.943274,0.139358,-0.301335,img_497.jpg
58913,1280,720,631.94293,353.39117,986.8637,986.74805,5.090,0.052,6.658,0.002227,0.948519,0.123441,-0.291666,img_498.jpg
58994,1280,720,631.94293,353.39117,986.8637,986.74805,5.051,0.064,6.671,-0.002373,0.952048,0.106879,-0.286662,img_499.jpg
59063,1280,720,631.94293,353.39117,986.8637,986.74805,5.015,0.074,6.684,-0.003753,0.954805,0.097871,-0.280633,img_500.jpg
59138,1280,720,631.94293,353.39117,986.8637,986.74805,4.968,0.088,6.698,-0.003746,0.958250,0.084275,-0.273206,img_501.jpg
59228,1280,720,631.94293,353.39117,986.8637,986.74805,4.941,0.095,6.706,-0.005999,0.959992,0.078282,-0.268795,img_502.jpg
59298,1280,720,631.94293,353.39117,986.8637,986.74805,4.930,0.097,6.719,-0.009186,0.961218,0.075291,-0.265153,img_503.jpg
59374,1280,720,631.94293,353.39117,986.8637,986.74805,4.910,0.097,6.727,-0.011437,0.962052,0.072337,-0.262853,img_504.jpg
59446,1280,720,631.94293,353.39117,986.8637,986.74805,4.901,0.089,6.746,-0.010681,0.963915,0.069532,-0.256746,img_505.jpg
59528,1280,720,631.94293,353.39117,986.8637,986.74805,4.890,0.086,6.754,-0.012540,0.964714,0.068162,-0.254015,img_506.jpg
59603,1280,720,631.94293,353.39117,986.8637,986.74805,4.880,0.082,6.766,-0.013436,0.965126,0.069226,-0.252109,img_507.jpg
59683,1280,720,631.94293,353.39117,986.8637,986.74805,4.869,0.078,6.783,-0.009302,0.966131,0.071200,-0.247859,img_508.jpg
59781,1280,720,631.94293,353.39117,986.8637,986.74805,4.856,0.073,6.804,-0.007378,0.965965,0.075441,-0.247317,img_509.jpg,marker_9.jpg,0.28159156,0.28159156,5.194,-0.093,7.420,-0.225404,0.663457,-0.679030,-0.679030
59864,1280,720,631.94293,353.39117,986.8637,986.74805,4.848,0.070,6.817,-0.004942,0.964959,0.080042,-0.249845,img_510.jpg
59940,1280,720,631.94293,353.39117,986.8637,986.74805,4.838,0.066,6.842,0.001104,0.963232,0.077122,-0.257361,img_511.jpg
60028,1280,720,631.94293,353.39117,986.8637,986.74805,4.833,0.066,6.859,-0.000967,0.960085,0.080953,-0.267734,img_512.jpg
60105,1280,720,631.94293,353.39117,986.8637,986.74805,4.828,0.066,6.880,0.002193,0.954835,0.082269,-0.285513,img_513.jpg
60195,1280,720,631.94293,353.39117,986.8637,986.74805,4.824,0.066,6.891,0.002012,0.951528,0.082490,-0.296288,img_514.jpg
60273,1280,720,631.94293,353.39117,986.8637,986.74805,4.818,0.066,6.903,-0.000822,0.948675,0.084242,-0.304824,img_515.jpg,marker_9.jpg,0.27585733,0.27585733,5.193,-0.089,7.411,-0.231844,0.674848,-0.662165,-0.662165
60351,1280,720,631.94293,353.39117,986.8637,986.74805,4.810,0.066,6.918,0.004061,0.948210,0.079028,-0.307628,img_516.jpg
60428,1280,720,631.94293,353.39117,986.8637,986.74805,4.801,0.067,6.929,-0.000430,0.946234,0.081416,-0.313069,img_517.jpg
60503,1280,720,631.94293,353.39117,986.8637,986.74805,4.792,0.067,6.941,-0.001007,0.945113,0.083043,-0.316014,img_518.jpg
60577,1280,720,631.94293,353.39117,986.8637,986.74805,4.774,0.065,6.957,-0.000489,0.944058,0.085165,-0.318594,img_519.jpg
60662,1280,720,631.94293,353.39117,986.8637,986.74805,4.759,0.065,6.968,-0.003049,0.942187,0.084884,-0.324143,img_520.jpg
60732,1280,720,631.94293,353.39117,986.8637,986.74805,4.741,0.064,6.981,-0.004752,0.940051,0.084909,-0.330262,img_521.jpg
60827,1280,720,631.94293,353.39117,986.8637,986.74805,4.709,0.061,6.996,-0.008157,0.937497,0.084481,-0.337485,img_522.jpg
60897,1280,720,631.94293,353.39117,986.8637,986.74805,4.681,0.063,7.001,-0.007400,0.937134,0.079952,-0.339607,img_523.jpg,marker_9.jpg,0.27531883,0.27531883,5.191,-0.088,7.407,-0.222360,0.680998,-0.660736,-0.660736
60976,1280,720,631.94293,353.39117,986.8637,986.74805,4.654,0.063,7.011,-0.008017,0.935670,0.079884,-0.343623,img_524.jpg
61049,1280,720,631.94293,353.39117,986.8637,986.74805,4.612,0.066,7.025,-0.007307,0.935055,0.075458,-0.346302,img_525.jpg
61145,1280,720,631.94293,353.39117,986.8637,986.74805,4.572,0.069,7.033,-0.007179,0.934170,0.071843,-0.349448,img_526.jpg
61228,1280,720,631.94293,353.39117,986.8637,986.74805,4.548,0.070,7.039,-0.004740,0.933356,0.072682,-0.351484,img_527.jpg
61305,1280,720,631.94293,353.39117,986.8637,986.74805,4.514,0.071,7.043,0.000671,0.932195,0.074073,-0.354297,img_528.jpg
61396,1280,720,631.94293,353.39117,986.8637,986.74805,4.492,0.070,7.044,0.003392,0.930948,0.075605,-0.357222,img_529.jpg
61480,1280,720,631.94293,353.39117,986.8637,986.74805,4.463,0.070,7.044,0.008170,0.930511,0.071129,-0.359197,img_530.jpg
61563,1280,720,631.94293,353.39117,986.8637,986.74805,4.445,0.070,7.047,0.005336,0.930755,0.070495,-0.358743,img_531.jpg
61637,1280,720,631.94293,353.39117,986.8637,986.74805,4.420,0.070,7.055,0.001891,0.931360,0.071111,-0.357083,img_532.jpg
61728,1280,720,631.94293,353.39117,986.8637,986.74805,4.406,0.070,7.062,0.001318,0.931836,0.069266,-0.356206,img_533.jpg
61805,1280,720,631.94293,353.39117,986.8637,986.74805,4.387,0.069,7.074,-0.002824,0.928667,0.074123,-0.363422,img_534.jpg
61895,1280,720,631.94293,353.39117,986.8637,986.74805,4.375,0.066,7.084,-0.006265,0.925960,0.077624,-0.369504,img_535.jpg,marker_9.jpg,0.27427596,0.27427596,5.190,-0.088,7.406,-0.209463,0.686787,-0.661511,-0.661511
61970,1280,720,631.94293,353.39117,986.8637,986.74805,4.356,0.062,7.104,-0.006532,0.924132,0.080392,-0.373462,img_536.jpg
62046,1280,720,631.94293,353.39117,986.8637,986.74805,4.342,0.058,7.122,-0.005536,0.925253,0.081336,-0.370488,img_537.jpg
62129,1280,720,631.94293,353.39117,986.8637,986.74805,4.326,0.053,7.147,-0.002510,0.925947,0.087776,-0.367303,img_538.jpg
62202,1280,720,631.94293,353.39117,986.8637,986.74805,4.301,0.045,7.188,0.010268,0.932038,0.091235,-0.350537,img_539.jpg
62295,1280,720,631.94293,353.39117,986.8637,986.74805,4.283,0.041,7.219,0.012379,0.933688,0.102467,-0.342891,img_540.jpg
62363,1280,720,631.94293,353.39117,986.8637,986.74805,4.265,0.039,7.250,0.015465,0.936681,0.109395,-0.332299,img_541.jpg
62441,1280,720,631.94293,353.39117,986.8637,986.74805,4.234,0.036,7.289,0.017093,0.942797,0.124630,-0.308722,img_542.jpg
62529,1280,720,631.94293,353.39117,986.8637,986.74805,4.209,0.033,7.308,0.021500,0.948618,0.129860,-0.287746,img_543.jpg
62606,1280,720,631.94293,353.39117,986.8637,986.74805,4.171,0.026,7.346,0.014497,0.950909,0.150837,-0.269835,img_544.jpg
62694,1280,720,631.94293,353.39117,986.8637,986.74805,4.145,0.024,7.368,0.011231,0.953032,0.155600,-0.259602,img_545.jpg
62767,1280,720,631.94293,353.39117,986.8637,986.74805,4.117,0.023,7.386,0.007647,0.954782,0.155157,-0.253492,img_546.jpg
62841,1280,720,631.94293,353.39117,986.8637,986.74805,4.072,0.021,7.412,-0.000320,0.954912,0.154309,-0.253638,img_547.jpg
62928,1280,720,631.94293,353.39117,986.8637,986.74805,4.041,0.020,7.428,-0.001936,0.954074,0.152802,-0.257665,img_548.jpg
63001,1280,720,631.94293,353.39117,986.8637,986.74805,3.995,0.021,7.446,0.003612,0.952529,0.145486,-0.267414,img_549.jpg
63078,1280,720,631.94293,353.39117,986.8637,986.74805,3.964,0.023,7.458,0.007433,0.950590,0.144877,-0.274470,img_550.jpg
63161,1280,720,631.94293,353.39117,986.8637,986.74805,3.933,0.026,7.470,0.008971,0.949028,0.145624,-0.279390,img_551.jpg
63236,1280,720,631.94293,353.39117,986.8637,986.74805,3.887,0.029,7.485,0.012392,0.944981,0.152713,-0.289026,img_552.jpg
63328,1280,720,631.94293,353.39117,986.8637,986.74805,3.860,0.028,7.495,0.018780,0.942841,0.158900,-0.292317,img_553.jpg
63404,1280,720,631.94293,353.39117,986.8637,986.74805,3.822,0.027,7.503,0.028578,0.940354,0.158078,-0.299882,img_554.jpg
63494,1280,720,631.94293,353.39117,986.8637,986.74805,3.799,0.027,7.509,0.029528,0.939072,0.157048,-0.304316,img_555.jpg
63565,1280,720,631.94293,353.39117,986.8637,986.74805,3.778,0.027,7.518,0.025281,0.936904,0.161584,-0.308971,img_556.jpg
63638,1280,720,631.94293,353.39117,986.8637,986.74805,3.750,0.030,7.532,0.024066,0.935964,0.159475,-0.312987,img_557.jpg
63728,1280,720,631.94293,353.39117,986.8637,986.74805,3.750,0.030,7.532,0.024066,0.935964,0.159475,-0.312987,img_558.jpg
63801,1280,720,631.94293,353.39117,986.8637,986.74805,3.750,0.030,7.532,0.024066,0.935964,0.159475,-0.312987,img_559.jpg
63894,1280,720,631.94293,353.39117,986.8637,986.74805,3.750,0.030,7.532,0.024066,0.935964,0.159475,-0.312987,img_560.jpg
63962,1280,720,631.94293,353.39117,986.8637,986.74805,3.750,0.030,7.532,0.024066,0.935964,0.159475,-0.312987,img_561.jpg
64039,1280,720,631.94293,353.39117,986.8637,986.74805,3.750,0.030,7.532,0.024066,0.935964,0.159475,-0.312987,img_562.jpg
64128,1280,720,631.94293,353.39117,986.8637,986.74805,3.750,0.030,7.532,0.024066,0.935964,0.159475,-0.312987,img_563.jpg
64204,1280,720,631.94293,353.39117,986.8637,986.74805,3.750,0.030,7.532,0.024066,0.935964,0.159475,-0.312987,img_564.jpg
64294,1280,720,631.94293,353.39117,986.8637,986.74805,3.750,0.030,7.532,0.024066,0.935964,0.159475,-0.312987,img_565.jpg
64378,1280,720,631.94293,353.39117,986.8637,986.74805,3.750,0.030,7.532,0.024066,0.935964,0.159475,-0.312987,img_566.jpg
64462,1280,720,631.94293,353.39117,986.8637,986.74805,3.750,0.030,7.532,0.024066,0.935964,0.159475,-0.312987,img_567.jpg
64535,1280,720,631.94293,353.39117,986.8637,986.74805,3.750,0.030,7.532,0.024066,0.935964,0.159475,-0.312987,img_568.jpg
64627,1280,720,631.94293,353.39117,986.8637,986.74805,3.750,0.030,7.532,0.024066,0.935964,0.159475,-0.312987,img_569.jpg
64703,1280,720,631.94293,353.39117,986.8637,986.74805,3.750,0.030,7.532,0.024066,0.935964,0.159475,-0.312987,img_570.jpg
64794,1280,720,631.94293,353.39117,986.8637,986.74805,3.750,0.030,7.532,0.024066,0.935964,0.159475,-0.312987,img_571.jpg
64866,1280,720,631.94293,353.39117,986.8637,986.74805,3.750,0.030,7.532,0.024066,0.935964,0.159475,-0.312987,img_572.jpg
64940,1280,720,631.94293,353.39117,986.8637,986.74805,4.193,0.029,7.381,0.001728,0.954507,0.075651,-0.288426,img_573.jpg
65028,1280,720,631.94293,353.39117,986.8637,986.74805,4.185,0.029,7.373,-0.007504,0.952062,0.081933,-0.294634,img_574.jpg
65103,1280,720,631.94293,353.39117,986.8637,986.74805,4.176,0.029,7.381,-0.007801,0.947770,0.081115,-0.308369,img_575.jpg
65195,1280,720,631.94293,353.39117,986.8637,986.74805,4.169,0.028,7.382,-0.005179,0.944603,0.078711,-0.318597,img_576.jpg
65266,1280,720,631.94293,353.39117,986.8637,986.74805,4.157,0.029,7.386,-0.006836,0.941291,0.076347,-0.328778,img_577.jpg,marker_10.jpg,0.25043055,0.25043055,4.503,-0.121,7.830,-0.269547,0.657935,-0.653228,-0.653228
65344,1280,720,631.94293,353.39117,986.8637,986.74805,4.141,0.030,7.389,-0.003393,0.936693,0.072123,-0.342628,img_578.jpg
65428,1280,720,631.94293,353.39117,986.8637,986.74805,4.130,0.030,7.392,0.000141,0.934271,0.070754,-0.349474,img_579.jpg
65507,1280,720,631.94293,353.39117,986.8637,986.74805,4.112,0.028,7.398,0.002227,0.930210,0.071249,-0.360039,img_580.jpg
65596,1280,720,631.94293,353.39117,986.8637,986.74805,4.104,0.023,7.401,0.007807,0.928403,0.073750,-0.364099,img_581.jpg
65680,1280,720,631.94293,353.39117,986.8637,986.74805,4.084,0.020,7.408,0.008122,0.925208,0.078391,-0.371185,img_582.jpg
65764,1280,720,631.94293,353.39117,986.8637,986.74805,4.069,0.018,7.410,0.007497,0.923234,0.079121,-0.375930,img_583.jpg,marker_10.jpg,0.25551465,0.25551465,4.511,-0.125,7.836,-0.276921,0.649757,-0.663710,-0.663710
65843,1280,720,631.94293,353.39117,986.8637,986.74805,4.052,0.017,7.412,0.009632,0.921186,0.079682,-0.380754,img_584.jpg
65929,1280,720,631.94293,353.39117,986.8637,986.74805,4.041,0.016,7.414,0.010525,0.919478,0.081464,-0.384464,img_585.jpg
66007,1280,720,631.94293,353.39117,986.8637,986.74805,4.025,0.015,7.414,0.012251,0.918662,0.080942,-0.386469,img_586.jpg
66095,1280,720,631.94293,353.39117,986.8637,986.74805,4.017,0.013,7.413,0.011913,0.918596,0.081942,-0.386425,img_587.jpg
66180,1280,720,631.94293,353.39117,986.8637,986.74805,4.002,0.009,7.415,0.011702,0.921069,0.083545,-0.380152,img_588.jpg
66263,1280,720,631.94293,353.39117,986.8637,986.74805,3.991,0.009,7.418,0.007156,0.923888,0.086336,-0.372727,img_589.jpg
66336,1280,720,631.94293,353.39117,986.8637,986.74805,3.974,0.007,7.419,0.003391,0.931644,0.082189,-0.353940,img_590.jpg,marker_10.jpg,0.25902012,0.25902012,4.509,-0.130,7.844,-0.274646,0.651996,-0.663045,-0.663045
66431,1280,720,631.94293,353.39117,986.8637,986.74805,3.956,0.007,7.425,0.000146,0.941242,0.080573,-0.327982,img_591.jpg
66512,1280,720,631.94293,353.39117,986.8637,986.74805,3.940,0.007,7.427,-0.000097,0.947458,0.077404,-0.310375,img_592.jpg
66595,1280,720,631.94293,353.39117,986.8637,986.74805,3.930,0.007,7.427,0.000066,0.950315,0.078589,-0.301206,img_593.jpg
66669,1280,720,631.94293,353.39117,986.8637,986.74805,3.915,0.007,7.423,0.000438,0.953552,0.075432,-0.291630,img_594.jpg
66747,1280,720,631.94293,353.39117,986.8637,986.74805,3.905,0.006,7.423,-0.002281,0.954810,0.074471,-0.287727,img_595.jpg
66829,1280,720,631.94293,353.39117,986.8637,986.74805,3.897,0.005,7.424,-0.006984,0.955900,0.074575,-0.283980,img_596.jpg
66907,1280,720,631.94293,353.39117,986.8637,986.74805,3.887,0.002,7.426,-0.013746,0.958153,0.077832,-0.275131,img_597.jpg
66996,1280,720,631.94293,353.39117,986.8637,986.74805,3.874,0.001,7.437,-0.019319,0.962919,0.080928,-0.256640,img_598.jpg
67079,1280,720,631.94293,353.39117,986.8637,986.74805,3.867,-0.002,7.441,-0.022644,0.965289,0.084382,-0.246140,img_599.jpg
67163,1280,720,631.94293,353.39117,986.8637,986.74805,3.855,-0.008,7.452,-0.020630,0.969141,0.093711,-0.227064,img_600.jpg
67248,1280,720,631.94293,353.39117,986.8637,986.74805,3.844,-0.012,7.459,-0.019832,0.971785,0.101178,-0.212142,img_601.jpg
67329,1280,720,631.94293,353.39117,986.8637,986.74805,3.826,-0.018,7.474,-0.017767,0.976378,0.111133,-0.184445,img_602.jpg
67412,1280,720,631.94293,353.39117,986.8637,986.74805,3.811,-0.023,7.487,-0.017436,0.978949,0.120396,-0.163892,img_603.jpg
67495,1280,720,631.94293,353.39117,986.8637,986.74805,3.795,-0.028,7.504,-0.020916,0.980667,0.133015,-0.141993,img_604.jpg
67568,1280,720,631.94293,353.39117,986.8637,986.74805,3.771,-0.041,7.530,-0.025627,0.981705,0.154568,-0.108198,img_605.jpg
67646,1280,720,631.94293,353.39117,986.8637,986.74805,3.756,-0.049,7.549,-0.026616,0.980823,0.172821,-0.086088,img_606.jpg
67729,1280,720,631.94293,353.39117,986.8637,986.74805,3.741,-0.058,7.568,-0.024459,0.979992,0.186986,-0.063669,img_607.jpg
67804,1280,720,631.94293,353.39117,986.8637,986.74805,3.717,-0.068,7.595,-0.022328,0.978699,0.201695,-0.031114,img_608.jpg
67895,1280,720,631.94293,353.39117,986.8637,986.74805,3.697,-0.070,7.610,-0.027370,0.978524,0.204206,-0.006437,img_609.jpg
67966,1280,720,631.94293,353.39117,986.8637,986.74805,3.667,-0.073,7.632,-0.035213,0.977087,0.207340,0.032718,img_610.jpg
68046,1280,720,631.94293,353.39117,986.8637,986.74805,3.647,-0.073,7.647,-0.037776,0.975256,0.209527,0.059562,img_611.jpg
68129,1280,720,631.94293,353.39117,986.8637,986.74805,3.625,-0.074,7.658,-0.038278,0.972924,0.209931,0.088786,img_612.jpg
68206,1280,720,631.94293,353.39117,986.8637,986.74805,3.598,-0.070,7.687,-0.040729,0.968652,0.206530,0.131906,img_613.jpg
68298,1280,720,631.94293,353.39117,986.8637,986.74805,3.568,-0.056,7.705,0.037796,-0.965297,-0.186632,-0.178725,img_614.jpg
68379,1280,720,631.94293,353.39117,986.8637,986.74805,3.550,-0.042,7.716,0.031827,-0.962867,-0.163963,-0.212109,img_615.jpg
68463,1280,720,631.94293,353.39117,986.8637,986.74805,3.528,-0.028,7.730,0.027470,-0.959406,-0.142737,-0.241687,img_616.jpg
68533,1280,720,631.94293,353.39117,986.8637,986.74805,3.505,-0.007,7.745,0.020047,-0.950623,-0.112353,-0.288602,img_617.jpg
68629,1280,720,631.94293,353.39117,986.8637,986.74805,3.480,0.007,7.760,0.013374,-0.939426,-0.084327,-0.331947,img_618.jpg
68712,1280,720,631.94293,353.39117,986.8637,986.74805,3.460,0.015,7.767,0.018982,-0.935717,-0.078896,-0.343290,img_619.jpg
68795,1280,720,631.94293,353.39117,986.8637,986.74805,3.454,0.019,7.775,0.017662,-0.929291,-0.070079,-0.362209,img_620.jpg
68879,1280,720,631.94293,353.39117,986.8637,986.74805,3.451,0.019,7.781,0.013549,-0.926058,-0.064060,-0.371659,img_621.jpg
68964,1280,720,631.94293,353.39117,986.8637,986.74805,3.450,0.011,7.778,0.013525,-0.924863,-0.062002,-0.374968,img_622.jpg
69038,1280,720,631.94293,353.39117,986.8637,986.74805,3.437,0.006,7.789,0.014225,-0.921315,-0.058933,-0.384061,img_623.jpg
69129,1280,720,631.94293,353.39117,986.8637,986.74805,3.428,0.008,7.785,0.014332,-0.914913,-0.055377,-0.399578,img_624.jpg
69212,1280,720,631.94293,353.39117,986.8637,986.74805,3.422,0.010,7.780,0.013513,-0.910653,-0.055193,-0.409245,img_625.jpg
69295,1280,720,631.94293,353.39117,986.8637,986.74805,3.407,0.010,7.770,0.013671,-0.904570,-0.053702,-0.422708,img_626.jpg
69380,1280,720,631.94293,353.39117,986.8637,986.74805,3.396,0.011,7.759,0.017744,-0.900353,-0.053378,-0.431509,img_627.jpg
69464,1280,720,631.94293,353.39117,986.8637,986.74805,3.382,0.013,7.750,0.020266,-0.897566,-0.053100,-0.437201,img_628.jpg
69535,1280,720,631.94293,353.39117,986.8637,986.74805,3.370,0.013,7.737,0.021084,-0.894576,-0.053302,-0.443225,img_629.jpg
69616,1280,720,631.94293,353.39117,986.8637,986.74805,3.351,0.015,7.715,0.023370,-0.892276,-0.048663,-0.448252,img_630.jpg
69694,1280,720,631.94293,353.39117,986.8637,986.74805,3.332,0.016,7.692,0.026425,-0.890669,-0.047215,-0.451420,img_631.jpg
69780,1280,720,631.94293,353.39117,986.8637,986.74805,3.319,0.016,7.677,0.027501,-0.890186,-0.047676,-0.452260,img_632.jpg
69854,1280,720,631.94293,353.39117,986.8637,986.74805,3.305,0.016,7.663,0.026586,-0.890058,-0.048870,-0.452439,img_633.jpg
69948,1280,720,631.94293,353.39117,986.8637,986.74805,3.281,0.014,7.643,0.030451,-0.889897,-0.055156,-0.451790,img_634.jpg,marker_11.jpg,0.28582788,0.28582788,2.685,-0.193,8.067,-0.274706,-0.651136,0.653406,0.653406
70030,1280,720,631.94293,353.39117,986.8637,986.74805,3.264,0.011,7.629,0.034442,-0.890983,-0.053910,-0.449508,img_635.jpg
70108,1280,720,631.94293,353.39117,986.8637,986.74805,3.237,0.006,7.610,0.045377,-0.893173,-0.060983,-0.443242,img_636.jpg
70205,1280,720,631.94293,353.39117,986.8637,986.74805,3.211,0.003,7.590,0.046867,-0.901333,-0.060222,-0.426352,img_637.jpg
70296,1280,720,631.94293,353.39117,986.8637,986.74805,3.192,0.002,7.580,0.050328,-0.908676,-0.068762,-0.408713,img_638.jpg
70371,1280,720,631.94293,353.39117,986.8637,986.74805,3.172,0.003,7.564,0.044125,-0.916031,-0.073148,-0.391906,img_639.jpg
70463,1280,720,631.94293,353.39117,986.8637,986.74805,3.159,0.004,7.554,0.042302,-0.918499,-0.076458,-0.385648,img_640.jpg,marker_11.jpg,0.2773058,0.2773058,2.690,-0.190,8.066,-0.278022,-0.651982,0.648273,0.648273
70534,1280,720,631.94293,353.39117,986.8637,986.74805,3.145,0.004,7.533,0.041661,-0.921211,-0.076656,-0.379155,img_641.jpg
70630,1280,720,631.94293,353.39117,986.8637,986.74805,3.133,0.001,7.508,0.033632,-0.923273,-0.073954,-0.375456,img_642.jpg
70713,1280,720,631.94293,353.39117,986.8637,986.74805,3.126,-0.003,7.490,0.029444,-0.925376,-0.074874,-0.370414,img_643.jpg
70791,1280,720,631.94293,353.39117,986.8637,986.74805,3.122,-0.009,7.470,0.028225,-0.927945,-0.074838,-0.364033,img_644.jpg
70867,1280,720,631.94293,353.39117,986.8637,986.74805,3.115,-0.015,7.437,0.025642,-0.931003,-0.076209,-0.356046,img_645.jpg
70948,1280,720,631.94293,353.39117,986.8637,986.74805,3.111,-0.017,7.410,0.022430,-0.933893,-0.073560,-0.349186,img_646.jpg
71025,1280,720,631.94293,353.39117,986.8637,986.74805,3.107,-0.017,7.381,0.018889,-0.935408,-0.072158,-0.345612,img_647.jpg
71106,1280,720,631.94293,353.39117,986.8637,986.74805,3.105,-0.015,7.334,0.008963,-0.940499,-0.065859,-0.333232,img_648.jpg,marker_11.jpg,0.2777339,0.2777339,2.686,-0.191,8.070,-0.285829,-0.651489,0.642200,0.642200
71196,1280,720,631.94293,353.39117,986.8637,986.74805,3.099,-0.017,7.287,0.004236,-0.942909,-0.069520,-0.325688,img_649.jpg
71281,1280,720,631.94293,353.39117,986.8637,986.74805,3.092,-0.016,7.254,0.002517,-0.944135,-0.070027,-0.322022,img_650.jpg
71355,1280,720,631.94293,353.39117,986.8637,986.74805,3.084,-0.014,7.221,0.001506,-0.944369,-0.068854,-0.321596,img_651.jpg
71434,1280,720,631.94293,353.39117,986.8637,986.74805,3.067,-0.014,7.175,0.000708,-0.945058,-0.067614,-0.319834,img_652.jpg
71530,1280,720,631.94293,353.39117,986.8637,986.74805,3.046,-0.014,7.133,-0.000495,-0.944095,-0.070223,-0.322107,img_653.jpg
71614,1280,720,631.94293,353.39117,986.8637,986.74805,2.915,-0.012,7.187,0.002758,-0.956479,-0.076757,-0.281511,img_654.jpg,marker_10.jpg,0.26168853,0.26168853,4.493,-0.132,7.857,-0.285003,0.649802,-0.657280,-0.657280,marker_11.jpg,0.2777339,0.2777339,2.655,-0.205,8.161,-0.261015,-0.663236,0.649769,0.649769
71691,1280,720,631.94293,353.39117,986.8637,986.74805,2.912,-0.014,7.147,0.006226,-0.953228,-0.073523,-0.293109,img_655.jpg
71767,1280,720,631.94293,353.39117,986.8637,986.74805,2.878,-0.017,7.107,0.005846,-0.952333,-0.072881,-0.296169,img_656.jpg
71848,1280,720,631.94293,353.39117,986.8637,986.74805,2.844,-0.014,7.082,0.004758,-0.951954,-0.076690,-0.296445,img_657.jpg
71921,1280,720,631.94293,353.39117,986.8637,986.74805,2.814,-0.019,7.055,0.002231,-0.951813,-0.078416,-0.296477,img_658.jpg
71998,1280,720,631.94293,353.39117,986.8637,986.74805,2.770,-0.025,7.012,-0.000111,-0.949881,-0.086425,-0.300426,img_659.jpg
72081,1280,720,631.94293,353.39117,986.8637,986.74805,2.741,-0.031,6.983,-0.004481,-0.948205,-0.089972,-0.304619,img_660.jpg
72152,1280,720,631.94293,353.39117,986.8637,986.74805,2.714,-0.035,6.953,-0.009231,-0.946120,-0.094256,-0.309658,img_661.jpg
72248,1280,720,631.94293,353.39117,986.8637,986.74805,2.676,-0.038,6.909,-0.013608,-0.942631,-0.103987,-0.316935,img_662.jpg
72320,1280,720,631.94293,353.39117,986.8637,986.74805,2.654,-0.036,6.879,-0.012587,-0.940908,-0.105884,-0.321439,img_663.jpg
72396,1280,720,631.94293,353.39117,986.8637,986.74805,2.633,-0.033,6.847,-0.011784,-0.939129,-0.103051,-0.327534,img_664.jpg
72473,1280,720,631.94293,353.39117,986.8637,986.74805,2.604,-0.027,6.801,-0.004129,-0.937293,-0.098880,-0.334198,img_665.jpg
72564,1280,720,631.94293,353.39117,986.8637,986.74805,2.586,-0.022,6.768,0.001040,-0.935918,-0.095308,-0.339076,img_666.jpg
72637,1280,720,631.94293,353.39117,986.8637,986.74805,2.563,-0.022,6.714,0.008203,-0.933236,-0.095518,-0.346237,img_667.jpg
72730,1280,720,631.94293,353.39117,986.8637,986.74805,2.542,-0.024,6.659,0.012937,-0.931076,-0.102233,-0.349970,img_668.jpg
72813,1280,720,631.94293,353.39117,986.8637,986.74805,2.531,-0.026,6.619,0.008463,-0.929700,-0.103919,-0.353252,img_669.jpg
72886,1280,720,631.94293,353.39117,986.8637,986.74805,2.521,-0.029,6.577,0.006241,-0.929689,-0.112042,-0.350837,img_670.jpg
72960,1280,720,631.94293,353.39117,986.8637,986.74805,2.513,-0.032,6.537,0.000279,-0.928218,-0.117231,-0.353084,img_671.jpg
73033,1280,720,631.94293,353.39117,986.8637,986.74805,2.498,-0.031,6.479,-0.003518,-0.926291,-0.127038,-0.354730,img_672.jpg
73129,1280,720,631.94293,353.39117,986.8637,986.74805,2.480,-0.026,6.424,-0.003029,-0.923259,-0.132194,-0.360704,img_673.jpg
73213,1280,720,631.94293,353.39117,986.8637,986.74805,2.467,-0.022,6.391,0.004838,-0.921880,-0.140292,-0.361153,img_674.jpg
73287,1280,720,631.94293,353.39117,986.8637,986.74805,2.457,-0.019,6.361,0.008571,-0.920927,-0.147834,-0.360508,img_675.jpg
73366,1280,720,631.94293,353.39117,986.8637,986.74805,2.445,-0.019,6.320,0.009644,-0.919559,-0.155497,-0.360749,img_676.jpg
73448,1280,720,631.94293,353.39117,986.8637,986.74805,2.438,-0.018,6.292,0.014153,-0.919028,-0.163574,-0.358371,img_677.jpg
73522,1280,720,631.94293,353.39117,986.8637,986.74805,2.424,-0.023,6.268,0.015975,-0.918522,-0.168288,-0.357409,img_678.jpg
73599,1280,720,631.94293,353.39117,986.8637,986.74805,2.400,-0.025,6.240,0.019888,-0.920242,-0.176179,-0.348884,img_679.jpg
73680,1280,720,631.94293,353.39117,986.8637,986.74805,2.387,-0.025,6.215,0.026290,-0.923633,-0.182021,-0.336271,img_680.jpg
73750,1280,720,631.94293,353.39117,986.8637,986.74805,2.368,-0.020,6.188,0.029508,-0.927354,-0.182744,-0.325190,img_681.jpg
73831,1280,720,631.94293,353.39117,986.8637,986.74805,2.338,-0.020,6.145,0.028017,-0.932301,-0.188466,-0.307426,img_682.jpg
73931,1280,720,631.94293,353.39117,986.8637,986.74805,2.306,-0.018,6.105,0.030397,-0.935663,-0.206501,-0.284549,img_683.jpg
74015,1280,720,631.94293,353.39117,986.8637,986.74805,2.278,-0.018,6.086,0.029424,-0.935680,-0.207675,-0.283739,img_684.jpg
74092,1280,720,631.94293,353.39117,986.8637,986.74805,2.250,-0.011,6.050,0.023325,-0.932195,-0.200755,-0.300277,img_685.jpg
74165,1280,720,631.94293,353.39117,986.8637,986.74805,2.217,0.008,6.007,0.005317,-0.928793,-0.167296,-0.330648,img_686.jpg
74248,1280,720,631.94293,353.39117,986.8637,986.74805,2.196,0.028,5.979,-0.000426,-0.925939,-0.142922,-0.349586,img_687.jpg
74331,1280,720,631.94293,353.39117,986.8637,986.74805,2.178,0.057,5.952,-0.006140,-0.924591,-0.106329,-0.365771,img_688.jpg
74414,1280,720,631.94293,353.39117,986.8637,986.74805,2.179,0.075,5.946,-0.004394,-0.923638,-0.084057,-0.373909,img_689.jpg
74490,1280,720,631.94293,353.39117,986.8637,986.74805,2.179,0.089,5.927,-0.000927,-0.922805,-0.067200,-0.379361,img_690.jpg
74566,1280,720,631.94293,353.39117,986.8637,986.74805,2.179,0.104,5.904,0.002001,-0.922001,-0.055100,-0.383242,img_691.jpg
74641,1280,720,631.94293,353.39117,986.8637,986.74805,2.192,0.113,5.895,0.004594,-0.919891,-0.045757,-0.389468,img_692.jpg
74730,1280,720,631.94293,353.39117,986.8637,986.74805,2.207,0.119,5.881,0.007409,-0.918203,-0.045583,-0.393409,img_693.jpg
74814,1280,720,631.94293,353.39117,986.8637,986.74805,2.215,0.121,5.872,0.003697,-0.917843,-0.043601,-0.394523,img_694.jpg
74897,1280,720,631.94293,353.39117,986.8637,986.74805,2.224,0.121,5.864,0.001840,-0.917412,-0.048069,-0.395022,img_695.jpg
74981,1280,720,631.94293,353.39117,986.8637,986.74805,2.230,0.119,5.860,0.000845,-0.917550,-0.050046,-0.394457,img_696.jpg
75057,1280,720,631.94293,353.39117,986.8637,986.74805,2.235,0.119,5.857,-0.000732,-0.917601,-0.051037,-0.394213,img_697.jpg
75136,1280,720,631.94293,353.39117,986.8637,986.74805,2.243,0.119,5.851,-0.001312,-0.918461,-0.051794,-0.392103,img_698.jpg
75231,1280,720,631.94293,353.39117,986.8637,986.74805,2.249,0.118,5.849,0.000193,-0.917854,-0.056474,-0.392880,img_699.jpg
75316,1280,720,631.94293,353.39117,986.8637,986.74805,2.253,0.117,5.848,-0.000575,-0.918472,-0.059803,-0.390939,img_700.jpg
75389,1280,720,631.94293,353.39117,986.8637,986.74805,2.257,0.113,5.848,-0.003116,-0.918512,-0.062199,-0.390458,img_701.jpg
75470,1280,720,631.94293,353.39117,986.8637,986.74805,2.257,0.109,5.849,-0.006552,-0.918816,-0.064354,-0.389348,img_702.jpg
75549,1280,720,631.94293,353.39117,986.8637,986.74805,2.257,0.108,5.848,-0.005488,-0.919820,-0.063133,-0.387188,img_703.jpg
75627,1280,720,631.94293,353.39117,986.8637,986.74805,2.251,0.108,5.848,-0.002799,-0.920613,-0.063501,-0.385269,img_704.jpg
75715,1280,720,631.94293,353.39117,986.8637,986.74805,2.242,0.106,5.847,0.002060,-0.921378,-0.061528,-0.383761,img_705.jpg
75791,1280,720,631.94293,353.39117,986.8637,986.74805,2.231,0.106,5.847,0.005448,-0.922616,-0.058086,-0.381283,img_706.jpg
75882,1280,720,631.94293,353.39117,986.8637,986.74805,2.214,0.105,5.847,0.008800,-0.924320,-0.053891,-0.377693,img_707.jpg
75958,1280,720,631.94293,353.39117,986.8637,986.74805,2.203,0.105,5.848,0.010917,-0.925417,-0.054745,-0.374816,img_708.jpg
76034,1280,720,631.94293,353.39117,986.8637,986.74805,2.191,0.104,5.851,0.010433,-0.927002,-0.056237,-0.370669,img_709.jpg
76114,1280,720,631.94293,353.39117,986.8637,986.74805,2.184,0.103,5.853,0.011737,-0.928428,-0.055736,-0.367119,img_710.jpg
76195,1280,720,631.94293,353.39117,986.8637,986.74805,2.177,0.102,5.857,0.011899,-0.930279,-0.053836,-0.362686,img_711.jpg
76283,1280,720,631.94293,353.39117,986.8637,986.74805,2.171,0.104,5.862,0.012018,-0.931378,-0.053889,-0.359843,img_712.jpg
76353,1280,720,631.94293,353.39117,986.8637,986.74805,2.168,0.103,5.865,0.011558,-0.932004,-0.054699,-0.358111,img_713.jpg
76435,1280,720,631.94293,353.39117,986.8637,986.74805,2.165,0.100,5.871,0.009683,-0.932791,-0.056169,-0.355882,img_714.jpg
