time,sizeX,sizeY,p_x,p_y,f_x,f_y,pos_X,pos_Y,pos_Z,q_x,q_y,q_z,q_w,marker_ID,marker_x,marker_y,marker_z,marker_qx,marker_qy,marker_qz,marker_qw,marker_ID,marker_x,marker_y,marker_z,marker_qx,marker_qy,marker_qz,marker_qw,marker_ID,marker_x,marker_y,marker_z,marker_qx,marker_qy,marker_qz,marker_qw,
15149,1280,720,631.94293,353.39117,986.8637,986.74805,0.386,-0.028,0.985,0.067638,-0.039991,0.020317,-0.996701,img_1.jpg
15229,1280,720,631.94293,353.39117,986.8637,986.74805,0.387,-0.027,0.986,0.065263,-0.038682,0.021553,-0.996885,img_2.jpg,marker_1.jpg,0.27010733,0.27010733,0.329,-0.138,0.329,-0.712096,-0.006177,0.005470,0.005470
15303,1280,720,631.94293,353.39117,986.8637,986.74805,0.388,-0.027,0.988,0.064621,-0.037548,0.021763,-0.996966,img_3.jpg
15377,1280,720,631.94293,353.39117,986.8637,986.74805,0.389,-0.026,0.991,0.063461,-0.036467,0.021020,-0.997096,img_4.jpg
15460,1280,720,631.94293,353.39117,986.8637,986.74805,0.389,-0.025,0.994,0.061769,-0.037416,0.018716,-0.997213,img_5.jpg
15533,1280,720,631.94293,353.39117,986.8637,986.74805,0.390,-0.025,1.001,0.060300,-0.042247,0.021042,-0.997064,img_6.jpg
15612,1280,720,631.94293,353.39117,986.8637,986.74805,0.391,-0.023,1.007,0.059600,-0.050887,0.022887,-0.996662,img_7.jpg
15693,1280,720,631.94293,353.39117,986.8637,986.74805,0.393,-0.022,1.012,0.053969,-0.051711,0.024882,-0.996892,img_8.jpg
15765,1280,720,631.94293,353.39117,986.8637,986.74805,0.397,-0.021,1.016,0.050054,-0.050709,0.028317,-0.997056,img_9.jpg
15837,1280,720,631.94293,353.39117,986.8637,986.74805,0.403,-0.020,1.021,0.047672,-0.048179,0.026817,-0.997340,img_10.jpg,marker_1.jpg,0.2693641,0.2693641,0.330,-0.137,0.330,-0.716378,-0.005850,0.004023,0.004023
15927,1280,720,631.94293,353.39117,986.8637,986.74805,0.409,-0.020,1.022,0.049906,-0.047261,0.024118,-0.997344,img_11.jpg
15996,1280,720,631.94293,353.39117,986.8637,986.74805,0.418,-0.020,1.023,0.049093,-0.047107,0.024502,-0.997382,img_12.jpg
16064,1280,720,631.94293,353.39117,986.8637,986.74805,0.431,-0.020,1.024,0.045732,-0.045714,0.028326,-0.997505,img_13.jpg
16138,1280,720,631.94293,353.39117,986.8637,986.74805,0.456,-0.021,1.022,0.044289,-0.040522,0.033340,-0.997640,img_14.jpg
16211,1280,720,631.94293,353.39117,986.8637,986.74805,0.477,-0.022,1.020,0.044111,-0.038547,0.035061,-0.997667,img_15.jpg
16295,1280,720,631.94293,353.39117,986.8637,986.74805,0.501,-0.022,1.019,0.045652,-0.040102,0.035731,-0.997512,img_16.jpg
16369,1280,720,631.94293,353.39117,986.8637,986.74805,0.539,-0.022,1.017,0.051350,-0.038827,0.032793,-0.997387,img_17.jpg
16444,1280,720,631.94293,353.39117,986.8637,986.74805,0.565,-0.023,1.018,0.048812,-0.038016,0.028621,-0.997674,img_18.jpg,marker_1.jpg,0.27082476,0.27082476,0.329,-0.138,0.334,-0.711230,-0.003874,0.002780,0.002780
16527,1280,720,631.94293,353.39117,986.8637,986.74805,0.592,-0.022,1.018,0.052204,-0.037027,0.028156,-0.997553,img_19.jpg
16599,1280,720,631.94293,353.39117,986.8637,986.74805,0.617,-0.021,1.019,0.051616,-0.037406,0.026505,-0.997614,img_20.jpg
16669,1280,720,631.94293,353.39117,986.8637,986.74805,0.642,-0.021,1.019,0.053264,-0.037817,0.025504,-0.997538,img_21.jpg
16748,1280,720,631.94293,353.39117,986.8637,986.74805,0.675,-0.020,1.023,0.052215,-0.038393,0.023544,-0.997620,img_22.jpg
16827,1280,720,631.94293,353.39117,986.8637,986.74805,0.696,-0.020,1.025,0.052599,-0.040894,0.024885,-0.997468,img_23.jpg
16912,1280,720,631.94293,353.39117,986.8637,986.74805,0.725,-0.022,1.033,0.049740,-0.046108,0.026763,-0.997338,img_24.jpg
16995,1280,720,631.94293,353.39117,986.8637,986.74805,0.741,-0.024,1.038,0.046766,-0.048432,0.028351,-0.997328,img_25.jpg
17067,1280,720,631.94293,353.39117,986.8637,986.74805,0.765,-0.026,1.043,0.047026,-0.042978,0.030812,-0.997493,img_26.jpg
17160,1280,720,631.94293,353.39117,986.8637,986.74805,0.781,-0.026,1.045,0.046714,-0.039003,0.033958,-0.997569,img_27.jpg
17235,1280,720,631.94293,353.39117,986.8637,986.74805,0.802,-0.028,1.042,0.047035,-0.034124,0.035969,-0.997662,img_28.jpg
17327,1280,720,631.94293,353.39117,986.8637,986.74805,0.816,-0.030,1.038,0.052030,-0.034179,0.037080,-0.997371,img_29.jpg
17408,1280,720,631.94293,353.39117,986.8637,986.74805,0.839,-0.031,1.029,0.055518,-0.035374,0.043421,-0.996886,img_30.jpg,marker_1.jpg,0.2655931,0.2655931,0.329,-0.138,0.335,-0.709281,-0.006249,0.000233,0.000233
17495,1280,720,631.94293,353.39117,986.8637,986.74805,0.856,-0.033,1.022,0.051685,-0.029031,0.042793,-0.997324,img_31.jpg
17568,1280,720,631.94293,353.39117,986.8637,986.74805,0.884,-0.037,1.006,0.051822,-0.020442,0.039190,-0.997678,img_32.jpg
17661,1280,720,631.94293,353.39117,986.8637,986.74805,0.907,-0.040,0.994,0.056677,-0.019065,0.040607,-0.997384,img_33.jpg
17737,1280,720,631.94293,353.39117,986.8637,986.74805,0.942,-0.041,0.975,0.056717,-0.012506,0.034139,-0.997728,img_34.jpg
17827,1280,720,631.94293,353.39117,986.8637,986.74805,0.968,-0.039,0.961,0.062253,-0.008410,0.037613,-0.997316,img_35.jpg
17898,1280,720,631.94293,353.39117,986.8637,986.74805,0.995,-0.036,0.949,0.062025,0.001108,0.040026,-0.997271,img_36.jpg
17969,1280,720,631.94293,353.39117,986.8637,986.74805,1.024,-0.034,0.935,0.065804,0.019256,0.042768,-0.996730,img_37.jpg
18045,1280,720,631.94293,353.39117,986.8637,986.74805,1.066,-0.033,0.919,0.067390,0.048217,0.042287,-0.995663,img_38.jpg
18128,1280,720,631.94293,353.39117,986.8637,986.74805,1.094,-0.034,0.911,0.069424,0.066612,0.044542,-0.994364,img_39.jpg
18200,1280,720,631.94293,353.39117,986.8637,986.74805,1.121,-0.036,0.904,0.071948,0.082022,0.046455,-0.992944,img_40.jpg
18272,1280,720,631.94293,353.39117,986.8637,986.74805,1.165,-0.037,0.897,0.065093,0.098955,0.046570,-0.991868,img_41.jpg
18361,1280,720,631.94293,353.39117,986.8637,986.74805,1.196,-0.040,0.893,0.066239,0.105011,0.053897,-0.990798,img_42.jpg
18433,1280,720,631.94293,353.39117,986.8637,986.74805,1.227,-0.043,0.892,0.065713,0.110711,0.055278,-0.990136,img_43.jpg
18506,1280,720,631.94293,353.39117,986.8637,986.74805,1.260,-0.046,0.892,0.066195,0.119160,0.054920,-0.989143,img_44.jpg
18579,1280,720,631.94293,353.39117,986.8637,986.74805,1.315,-0.050,0.896,0.067406,0.120055,0.060668,-0.988617,img_45.jpg
18660,1280,720,631.94293,353.39117,986.8637,986.74805,1.355,-0.051,0.903,0.067481,0.119463,0.062250,-0.988585,img_46.jpg
18735,1280,720,631.94293,353.39117,986.8637,986.74805,1.414,-0.051,0.916,0.068828,0.122795,0.054298,-0.988552,img_47.jpg
18827,1280,720,631.94293,353.39117,986.8637,986.74805,1.456,-0.049,0.926,0.069956,0.120699,0.048558,-0.989030,img_48.jpg
18896,1280,720,631.94293,353.39117,986.8637,986.74805,1.501,-0.047,0.934,0.078794,0.121600,0.052113,-0.988073,img_49.jpg
18969,1280,720,631.94293,353.39117,986.8637,986.74805,1.567,-0.044,0.949,0.089184,0.117392,0.058870,-0.987319,img_50.jpg
19044,1280,720,631.94293,353.39117,986.8637,986.74805,1.607,-0.046,0.958,0.094547,0.119058,0.060354,-0.986531,img_51.jpg
19127,1280,720,631.94293,353.39117,986.8637,986.74805,1.642,-0.048,0.969,0.098348,0.114926,0.056574,-0.986873,img_52.jpg
19195,1280,720,631.94293,353.39117,986.8637,986.74805,1.672,-0.052,0.977,0.102779,0.117097,0.053674,-0.986329,img_53.jpg
19271,1280,720,631.94293,353.39117,986.8637,986.74805,1.672,-0.052,0.977,0.102779,0.117097,0.053674,-0.986329,img_54.jpg
19360,1280,720,631.94293,353.39117,986.8637,986.74805,1.672,-0.052,0.977,0.102779,0.117097,0.053674,-0.986329,img_55.jpg
19436,1280,720,631.94293,353.39117,986.8637,986.74805,1.672,-0.052,0.977,0.102779,0.117097,0.053674,-0.986329,img_56.jpg
19527,1280,720,631.94293,353.39117,986.8637,986.74805,1.672,-0.052,0.977,0.102779,0.117097,0.053674,-0.986329,img_57.jpg
19597,1280,720,631.94293,353.39117,986.8637,986.74805,1.672,-0.052,0.977,0.102779,0.117097,0.053674,-0.986329,img_58.jpg
19668,1280,720,631.94293,353.39117,986.8637,986.74805,1.672,-0.052,0.977,0.102779,0.117097,0.053674,-0.986329,img_59.jpg
19744,1280,720,631.94293,353.39117,986.8637,986.74805,1.672,-0.052,0.977,0.102779,0.117097,0.053674,-0.986329,img_60.jpg
19827,1280,720,631.94293,353.39117,986.8637,986.74805,1.672,-0.052,0.977,0.102779,0.117097,0.053674,-0.986329,img_61.jpg
19897,1280,720,631.94293,353.39117,986.8637,986.74805,1.672,-0.052,0.977,0.102779,0.117097,0.053674,-0.986329,img_62.jpg
19969,1280,720,631.94293,353.39117,986.8637,986.74805,1.672,-0.052,0.977,0.102779,0.117097,0.053674,-0.986329,img_63.jpg
20061,1280,720,631.94293,353.39117,986.8637,986.74805,1.672,-0.052,0.977,0.102779,0.117097,0.053674,-0.986329,img_64.jpg
20134,1280,720,631.94293,353.39117,986.8637,986.74805,1.672,-0.052,0.977,0.102779,0.117097,0.053674,-0.986329,img_65.jpg
20211,1280,720,631.94293,353.39117,986.8637,986.74805,1.672,-0.052,0.977,0.102779,0.117097,0.053674,-0.986329,img_66.jpg
20295,1280,720,631.94293,353.39117,986.8637,986.74805,1.672,-0.052,0.977,0.102779,0.117097,0.053674,-0.986329,img_67.jpg
20358,1280,720,631.94293,353.39117,986.8637,986.74805,1.672,-0.052,0.977,0.102779,0.117097,0.053674,-0.986329,img_68.jpg
20427,1280,720,631.94293,353.39117,986.8637,986.74805,1.672,-0.052,0.977,0.102779,0.117097,0.053674,-0.986329,img_69.jpg
20492,1280,720,631.94293,353.39117,986.8637,986.74805,1.672,-0.052,0.977,0.102779,0.117097,0.053674,-0.986329,img_70.jpg
20561,1280,720,631.94293,353.39117,986.8637,986.74805,1.672,-0.052,0.977,0.102779,0.117097,0.053674,-0.986329,img_71.jpg
20644,1280,720,631.94293,353.39117,986.8637,986.74805,1.672,-0.052,0.977,0.102779,0.117097,0.053674,-0.986329,img_72.jpg
20710,1280,720,631.94293,353.39117,986.8637,986.74805,1.672,-0.052,0.977,0.102779,0.117097,0.053674,-0.986329,img_73.jpg
20778,1280,720,631.94293,353.39117,986.8637,986.74805,1.672,-0.052,0.977,0.102779,0.117097,0.053674,-0.986329,img_74.jpg
20861,1280,720,631.94293,353.39117,986.8637,986.74805,1.672,-0.052,0.977,0.102779,0.117097,0.053674,-0.986329,img_75.jpg
20944,1280,720,631.94293,353.39117,986.8637,986.74805,1.672,-0.052,0.977,0.102779,0.117097,0.053674,-0.986329,img_76.jpg
21011,1280,720,631.94293,353.39117,986.8637,986.74805,1.672,-0.052,0.977,0.102779,0.117097,0.053674,-0.986329,img_77.jpg
21094,1280,720,631.94293,353.39117,986.8637,986.74805,1.672,-0.052,0.977,0.102779,0.117097,0.053674,-0.986329,img_78.jpg
21160,1280,720,631.94293,353.39117,986.8637,986.74805,1.672,-0.052,0.977,0.102779,0.117097,0.053674,-0.986329,img_79.jpg
21233,1280,720,631.94293,353.39117,986.8637,986.74805,1.672,-0.052,0.977,0.102779,0.117097,0.053674,-0.986329,img_80.jpg
21311,1280,720,631.94293,353.39117,986.8637,986.74805,1.672,-0.052,0.977,0.102779,0.117097,0.053674,-0.986329,img_81.jpg
21380,1280,720,631.94293,353.39117,986.8637,986.74805,1.672,-0.052,0.977,0.102779,0.117097,0.053674,-0.986329,img_82.jpg
21461,1280,720,631.94293,353.39117,986.8637,986.74805,1.672,-0.052,0.977,0.102779,0.117097,0.053674,-0.986329,img_83.jpg
21532,1280,720,631.94293,353.39117,986.8637,986.74805,1.672,-0.052,0.977,0.102779,0.117097,0.053674,-0.986329,img_84.jpg
21611,1280,720,631.94293,353.39117,986.8637,986.74805,1.672,-0.052,0.977,0.102779,0.117097,0.053674,-0.986329,img_85.jpg
21678,1280,720,631.94293,353.39117,986.8637,986.74805,1.672,-0.052,0.977,0.102779,0.117097,0.053674,-0.986329,img_86.jpg
21748,1280,720,631.94293,353.39117,986.8637,986.74805,1.672,-0.052,0.977,0.102779,0.117097,0.053674,-0.986329,img_87.jpg
21827,1280,720,631.94293,353.39117,986.8637,986.74805,1.672,-0.052,0.977,0.102779,0.117097,0.053674,-0.986329,img_88.jpg
21891,1280,720,631.94293,353.39117,986.8637,986.74805,1.672,-0.052,0.977,0.102779,0.117097,0.053674,-0.986329,img_89.jpg
21961,1280,720,631.94293,353.39117,986.8637,986.74805,1.672,-0.052,0.977,0.102779,0.117097,0.053674,-0.986329,img_90.jpg
22044,1280,720,631.94293,353.39117,986.8637,986.74805,1.672,-0.052,0.977,0.102779,0.117097,0.053674,-0.986329,img_91.jpg
22106,1280,720,631.94293,353.39117,986.8637,986.74805,1.672,-0.052,0.977,0.102779,0.117097,0.053674,-0.986329,img_92.jpg
22178,1280,720,631.94293,353.39117,986.8637,986.74805,1.672,-0.052,0.977,0.102779,0.117097,0.053674,-0.986329,img_93.jpg
22261,1280,720,631.94293,353.39117,986.8637,986.74805,1.672,-0.052,0.977,0.102779,0.117097,0.053674,-0.986329,img_94.jpg
22323,1280,720,631.94293,353.39117,986.8637,986.74805,0.929,-0.013,0.905,0.053057,0.037212,0.018509,-0.997726,img_95.jpg
22395,1280,720,631.94293,353.39117,986.8637,986.74805,0.918,-0.015,0.907,0.052857,0.039332,0.016879,-0.997684,img_96.jpg
22464,1280,720,631.94293,353.39117,986.8637,986.74805,0.882,-0.017,0.878,0.060028,0.043383,0.017362,-0.997102,img_97.jpg
22544,1280,720,631.94293,353.39117,986.8637,986.74805,0.878,-0.020,0.872,0.066424,0.047237,0.019662,-0.996479,img_98.jpg
22611,1280,720,631.94293,353.39117,986.8637,986.74805,0.869,-0.023,0.869,0.064332,0.049878,0.020967,-0.996461,img_99.jpg
22695,1280,720,631.94293,353.39117,986.8637,986.74805,0.867,-0.027,0.866,0.064555,0.053287,0.020106,-0.996288,img_100.jpg
22758,1280,720,631.94293,353.39117,986.8637,986.74805,0.867,-0.031,0.863,0.063980,0.056347,0.019610,-0.996166,img_101.jpg
22845,1280,720,631.94293,353.39117,986.8637,986.74805,0.860,-0.038,0.857,0.066633,0.063163,0.018865,-0.995598,img_102.jpg
22911,1280,720,631.94293,353.39117,986.8637,986.74805,0.864,-0.039,0.852,0.067824,0.066964,0.019288,-0.995261,img_103.jpg
22978,1280,720,631.94293,353.39117,986.8637,986.74805,0.865,-0.042,0.849,0.068524,0.070448,0.022461,-0.994906,img_104.jpg
23048,1280,720,631.94293,353.39117,986.8637,986.74805,0.909,-0.028,0.858,0.069554,0.071777,0.026672,-0.994635,img_105.jpg
23114,1280,720,631.94293,353.39117,986.8637,986.74805,0.925,-0.029,0.863,0.070476,0.068675,0.027880,-0.994756,img_106.jpg
23195,1280,720,631.94293,353.39117,986.8637,986.74805,0.942,-0.030,0.862,0.066757,0.067722,0.034117,-0.994884,img_107.jpg
23278,1280,720,631.94293,353.39117,986.8637,986.74805,0.957,-0.029,0.862,0.065697,0.064549,0.037064,-0.995060,img_108.jpg
23345,1280,720,631.94293,353.39117,986.8637,986.74805,0.972,-0.031,0.863,0.068807,0.058387,0.036702,-0.995243,img_109.jpg
23429,1280,720,631.94293,353.39117,986.8637,986.74805,0.998,-0.032,0.866,0.069628,0.047895,0.037318,-0.995724,img_110.jpg,marker_3.jpg,0.32311243,0.32311243,0.940,-0.154,0.096,-0.729044,0.113919,-0.102563,-0.102563
23495,1280,720,631.94293,353.39117,986.8637,986.74805,1.018,-0.031,0.868,0.069658,0.040204,0.038131,-0.996031,img_111.jpg
23563,1280,720,631.94293,353.39117,986.8637,986.74805,1.041,-0.029,0.870,0.069624,0.033659,0.041570,-0.996138,img_112.jpg,marker_3.jpg,0.32291946,0.32291946,0.981,-0.147,0.101,-0.721570,0.082556,-0.062061,-0.062061
23663,1280,720,631.94293,353.39117,986.8637,986.74805,1.065,-0.026,0.874,0.067900,0.027218,0.042271,-0.996425,img_113.jpg
23735,1280,720,631.94293,353.39117,986.8637,986.74805,1.106,-0.024,0.879,0.068443,0.017495,0.042024,-0.996616,img_114.jpg
23829,1280,720,631.94293,353.39117,986.8637,986.74805,1.133,-0.022,0.883,0.067232,0.012294,0.040939,-0.996821,img_115.jpg
23898,1280,720,631.94293,353.39117,986.8637,986.74805,1.176,-0.020,0.888,0.066109,0.005788,0.038090,-0.997068,img_116.jpg
23980,1280,720,631.94293,353.39117,986.8637,986.74805,1.200,-0.020,0.892,0.064427,0.002123,0.035898,-0.997274,img_117.jpg
24062,1280,720,631.94293,353.39117,986.8637,986.74805,1.223,-0.021,0.896,0.063940,-0.000331,0.034521,-0.997357,img_118.jpg
24141,1280,720,631.94293,353.39117,986.8637,986.74805,1.261,-0.023,0.900,0.067027,-0.002944,0.036205,-0.997090,img_119.jpg
24229,1280,720,631.94293,353.39117,986.8637,986.74805,1.295,-0.025,0.902,0.066826,-0.003588,0.034029,-0.997178,img_120.jpg
24313,1280,720,631.94293,353.39117,986.8637,986.74805,1.319,-0.027,0.902,0.065725,-0.003100,0.033368,-0.997275,img_121.jpg
24385,1280,720,631.94293,353.39117,986.8637,986.74805,1.342,-0.027,0.899,0.068544,0.000704,0.036552,-0.996978,img_122.jpg
24480,1280,720,631.94293,353.39117,986.8637,986.74805,1.377,-0.027,0.895,0.064774,0.009001,0.040101,-0.997053,img_123.jpg
24563,1280,720,631.94293,353.39117,986.8637,986.74805,1.401,-0.027,0.889,0.063829,0.015008,0.042652,-0.996936,img_124.jpg
24639,1280,720,631.94293,353.39117,986.8637,986.74805,1.435,-0.030,0.875,0.066052,0.024189,0.044228,-0.996542,img_125.jpg
24729,1280,720,631.94293,353.39117,986.8637,986.74805,1.467,-0.033,0.857,0.067737,0.035792,0.044010,-0.996089,img_126.jpg
24812,1280,720,631.94293,353.39117,986.8637,986.74805,1.488,-0.035,0.845,0.067692,0.043942,0.042047,-0.995851,img_127.jpg
24884,1280,720,631.94293,353.39117,986.8637,986.74805,1.508,-0.035,0.827,0.066168,0.049851,0.037980,-0.995838,img_128.jpg
24960,1280,720,631.94293,353.39117,986.8637,986.74805,1.540,-0.033,0.795,0.065645,0.052560,0.027441,-0.996080,img_129.jpg
25046,1280,720,631.94293,353.39117,986.8637,986.74805,1.560,-0.031,0.776,0.073693,0.047318,0.031841,-0.995649,img_130.jpg
25121,1280,720,631.94293,353.39117,986.8637,986.74805,1.581,-0.028,0.760,0.086335,0.042784,0.039485,-0.994564,img_131.jpg
25195,1280,720,631.94293,353.39117,986.8637,986.74805,1.608,-0.023,0.746,0.080976,0.038386,0.041412,-0.995115,img_132.jpg
25283,1280,720,631.94293,353.39117,986.8637,986.74805,1.626,-0.018,0.738,0.087948,0.029798,0.041950,-0.994795,img_133.jpg
25352,1280,720,631.94293,353.39117,986.8637,986.74805,1.643,-0.016,0.736,0.087936,0.027441,0.036897,-0.995064,img_134.jpg
25427,1280,720,631.94293,353.39117,986.8637,986.74805,1.669,-0.017,0.740,0.083934,0.037152,0.040929,-0.994937,img_135.jpg
25513,1280,720,631.94293,353.39117,986.8637,986.74805,1.696,-0.020,0.736,0.087427,0.042146,0.046068,-0.994212,img_136.jpg
25584,1280,720,631.94293,353.39117,986.8637,986.74805,1.720,-0.024,0.742,0.086540,0.051867,0.047040,-0.993785,img_137.jpg
25657,1280,720,631.94293,353.39117,986.8637,986.74805,1.767,-0.029,0.746,0.083998,0.065346,0.050475,-0.993039,img_138.jpg
25746,1280,720,631.94293,353.39117,986.8637,986.74805,1.803,-0.032,0.756,0.082321,0.068381,0.049441,-0.993027,img_139.jpg
25820,1280,720,631.94293,353.39117,986.8637,986.74805,1.838,-0.033,0.768,0.080468,0.066608,0.046033,-0.993463,img_140.jpg
25892,1280,720,631.94293,353.39117,986.8637,986.74805,1.875,-0.034,0.780,0.077302,0.061489,0.044784,-0.994102,img_141.jpg
25981,1280,720,631.94293,353.39117,986.8637,986.74805,1.928,-0.033,0.801,0.084645,0.058077,0.044615,-0.993716,img_142.jpg
26053,1280,720,631.94293,353.39117,986.8637,986.74805,1.962,-0.035,0.816,0.093297,0.062494,0.044155,-0.992694,img_143.jpg
26129,1280,720,631.94293,353.39117,986.8637,986.74805,2.017,-0.039,0.838,0.101565,0.078929,0.041868,-0.990809,img_144.jpg
26213,1280,720,631.94293,353.39117,986.8637,986.74805,2.050,-0.043,0.855,0.095876,0.106345,0.028634,-0.989282,img_145.jpg
26281,1280,720,631.94293,353.39117,986.8637,986.74805,2.083,-0.043,0.872,0.092493,0.123181,0.022268,-0.987814,img_146.jpg
26355,1280,720,631.94293,353.39117,986.8637,986.74805,2.118,-0.042,0.885,0.098914,0.119037,0.033901,-0.987369,img_147.jpg
26430,1280,720,631.94293,353.39117,986.8637,986.74805,2.169,-0.044,0.907,0.098751,0.131687,0.044324,-0.985364,img_148.jpg
26513,1280,720,631.94293,353.39117,986.8637,986.74805,2.203,-0.047,0.921,0.101278,0.141165,0.048900,-0.983577,img_149.jpg
26598,1280,720,631.94293,353.39117,986.8637,986.74805,2.255,-0.052,0.939,0.103638,0.148980,0.055691,-0.981816,img_150.jpg
26680,1280,720,631.94293,353.39117,986.8637,986.74805,2.290,-0.056,0.949,0.103480,0.154808,0.059844,-0.980686,img_151.jpg
26763,1280,720,631.94293,353.39117,986.8637,986.74805,2.342,-0.063,0.964,0.104476,0.160467,0.060970,-0.979601,img_152.jpg
26846,1280,720,631.94293,353.39117,986.8637,986.74805,2.378,-0.066,0.974,0.102638,0.166947,0.059071,-0.978828,img_153.jpg
26929,1280,720,631.94293,353.39117,986.8637,986.74805,2.413,-0.067,0.982,0.097362,0.169327,0.053268,-0.979291,img_154.jpg
27006,1280,720,631.94293,353.39117,986.8637,986.74805,2.464,-0.064,0.995,0.096243,0.173222,0.044601,-0.979154,img_155.jpg
27080,1280,720,631.94293,353.39117,986.8637,986.74805,2.500,-0.060,1.003,0.101582,0.169892,0.051792,-0.978844,img_156.jpg
27157,1280,720,631.94293,353.39117,986.8637,986.74805,2.500,-0.060,1.003,0.101582,0.169892,0.051792,-0.978844,img_157.jpg
27246,1280,720,631.94293,353.39117,986.8637,986.74805,2.500,-0.060,1.003,0.101582,0.169892,0.051792,-0.978844,img_158.jpg
27320,1280,720,631.94293,353.39117,986.8637,986.74805,2.500,-0.060,1.003,0.101582,0.169892,0.051792,-0.978844,img_159.jpg
27393,1280,720,631.94293,353.39117,986.8637,986.74805,2.500,-0.060,1.003,0.101582,0.169892,0.051792,-0.978844,img_160.jpg
27480,1280,720,631.94293,353.39117,986.8637,986.74805,2.500,-0.060,1.003,0.101582,0.169892,0.051792,-0.978844,img_161.jpg
27550,1280,720,631.94293,353.39117,986.8637,986.74805,2.500,-0.060,1.003,0.101582,0.169892,0.051792,-0.978844,img_162.jpg
27630,1280,720,631.94293,353.39117,986.8637,986.74805,2.500,-0.060,1.003,0.101582,0.169892,0.051792,-0.978844,img_163.jpg
27712,1280,720,631.94293,353.39117,986.8637,986.74805,2.500,-0.060,1.003,0.101582,0.169892,0.051792,-0.978844,img_164.jpg
27784,1280,720,631.94293,353.39117,986.8637,986.74805,2.500,-0.060,1.003,0.101582,0.169892,0.051792,-0.978844,img_165.jpg
27862,1280,720,631.94293,353.39117,986.8637,986.74805,2.500,-0.060,1.003,0.101582,0.169892,0.051792,-0.978844,img_166.jpg
27941,1280,720,631.94293,353.39117,986.8637,986.74805,2.500,-0.060,1.003,0.101582,0.169892,0.051792,-0.978844,img_167.jpg
28030,1280,720,631.94293,353.39117,986.8637,986.74805,2.500,-0.060,1.003,0.101582,0.169892,0.051792,-0.978844,img_168.jpg
28112,1280,720,631.94293,353.39117,986.8637,986.74805,2.500,-0.060,1.003,0.101582,0.169892,0.051792,-0.978844,img_169.jpg
28180,1280,720,631.94293,353.39117,986.8637,986.74805,2.500,-0.060,1.003,0.101582,0.169892,0.051792,-0.978844,img_170.jpg
28254,1280,720,631.94293,353.39117,986.8637,986.74805,2.500,-0.060,1.003,0.101582,0.169892,0.051792,-0.978844,img_171.jpg
28328,1280,720,631.94293,353.39117,986.8637,986.74805,2.500,-0.060,1.003,0.101582,0.169892,0.051792,-0.978844,img_172.jpg
28413,1280,720,631.94293,353.39117,986.8637,986.74805,2.500,-0.060,1.003,0.101582,0.169892,0.051792,-0.978844,img_173.jpg
28496,1280,720,631.94293,353.39117,986.8637,986.74805,2.500,-0.060,1.003,0.101582,0.169892,0.051792,-0.978844,img_174.jpg
28580,1280,720,631.94293,353.39117,986.8637,986.74805,2.500,-0.060,1.003,0.101582,0.169892,0.051792,-0.978844,img_175.jpg
28654,1280,720,631.94293,353.39117,986.8637,986.74805,2.500,-0.060,1.003,0.101582,0.169892,0.051792,-0.978844,img_176.jpg
28732,1280,720,631.94293,353.39117,986.8637,986.74805,2.500,-0.060,1.003,0.101582,0.169892,0.051792,-0.978844,img_177.jpg
28813,1280,720,631.94293,353.39117,986.8637,986.74805,2.500,-0.060,1.003,0.101582,0.169892,0.051792,-0.978844,img_178.jpg
28881,1280,720,631.94293,353.39117,986.8637,986.74805,2.500,-0.060,1.003,0.101582,0.169892,0.051792,-0.978844,img_179.jpg
28956,1280,720,631.94293,353.39117,986.8637,986.74805,2.500,-0.060,1.003,0.101582,0.169892,0.051792,-0.978844,img_180.jpg
29030,1280,720,631.94293,353.39117,986.8637,986.74805,2.500,-0.060,1.003,0.101582,0.169892,0.051792,-0.978844,img_181.jpg
29113,1280,720,631.94293,353.39117,986.8637,986.74805,2.500,-0.060,1.003,0.101582,0.169892,0.051792,-0.978844,img_182.jpg
29183,1280,720,631.94293,353.39117,986.8637,986.74805,2.500,-0.060,1.003,0.101582,0.169892,0.051792,-0.978844,img_183.jpg
29257,1280,720,631.94293,353.39117,986.8637,986.74805,2.500,-0.060,1.003,0.101582,0.169892,0.051792,-0.978844,img_184.jpg
29336,1280,720,631.94293,353.39117,986.8637,986.74805,2.500,-0.060,1.003,0.101582,0.169892,0.051792,-0.978844,img_185.jpg
29414,1280,720,631.94293,353.39117,986.8637,986.74805,2.500,-0.060,1.003,0.101582,0.169892,0.051792,-0.978844,img_186.jpg
29489,1280,720,631.94293,353.39117,986.8637,986.74805,2.500,-0.060,1.003,0.101582,0.169892,0.051792,-0.978844,img_187.jpg
29559,1280,720,631.94293,353.39117,986.8637,986.74805,2.500,-0.060,1.003,0.101582,0.169892,0.051792,-0.978844,img_188.jpg
29646,1280,720,631.94293,353.39117,986.8637,986.74805,2.500,-0.060,1.003,0.101582,0.169892,0.051792,-0.978844,img_189.jpg
29730,1280,720,631.94293,353.39117,986.8637,986.74805,2.500,-0.060,1.003,0.101582,0.169892,0.051792,-0.978844,img_190.jpg
29813,1280,720,631.94293,353.39117,986.8637,986.74805,2.500,-0.060,1.003,0.101582,0.169892,0.051792,-0.978844,img_191.jpg
29878,1280,720,631.94293,353.39117,986.8637,986.74805,2.500,-0.060,1.003,0.101582,0.169892,0.051792,-0.978844,img_192.jpg
29963,1280,720,631.94293,353.39117,986.8637,986.74805,2.500,-0.060,1.003,0.101582,0.169892,0.051792,-0.978844,img_193.jpg
30046,1280,720,631.94293,353.39117,986.8637,986.74805,2.500,-0.060,1.003,0.101582,0.169892,0.051792,-0.978844,img_194.jpg
30124,1280,720,631.94293,353.39117,986.8637,986.74805,2.500,-0.060,1.003,0.101582,0.169892,0.051792,-0.978844,img_195.jpg
30213,1280,720,631.94293,353.39117,986.8637,986.74805,2.500,-0.060,1.003,0.101582,0.169892,0.051792,-0.978844,img_196.jpg
30280,1280,720,631.94293,353.39117,986.8637,986.74805,2.500,-0.060,1.003,0.101582,0.169892,0.051792,-0.978844,img_197.jpg
30344,1280,720,631.94293,353.39117,986.8637,986.74805,2.500,-0.060,1.003,0.101582,0.169892,0.051792,-0.978844,img_198.jpg
30419,1280,720,631.94293,353.39117,986.8637,986.74805,1.941,-0.038,0.793,0.066422,0.046821,0.023602,-0.996413,img_199.jpg
30486,1280,720,631.94293,353.39117,986.8637,986.74805,1.951,-0.041,0.788,0.065641,0.047000,0.025917,-0.996399,img_200.jpg
30556,1280,720,631.94293,353.39117,986.8637,986.74805,1.992,-0.042,0.809,0.055024,0.047043,0.022333,-0.997126,img_201.jpg
30646,1280,720,631.94293,353.39117,986.8637,986.74805,1.972,-0.038,0.812,0.047601,0.042653,0.024846,-0.997646,img_202.jpg
30715,1280,720,631.94293,353.39117,986.8637,986.74805,1.984,-0.041,0.814,0.049898,0.038446,0.028630,-0.997603,img_203.jpg
30790,1280,720,631.94293,353.39117,986.8637,986.74805,1.995,-0.042,0.818,0.050268,0.028980,0.030276,-0.997856,img_204.jpg
30880,1280,720,631.94293,353.39117,986.8637,986.74805,2.004,-0.043,0.818,0.050747,0.022823,0.027015,-0.998085,img_205.jpg
30947,1280,720,631.94293,353.39117,986.8637,986.74805,2.014,-0.043,0.818,0.051690,0.013867,0.024652,-0.998263,img_206.jpg,marker_4.jpg,0.18840575,0.18840575,2.005,-0.086,0.420,-0.726497,0.033624,-0.034380,-0.034380
31031,1280,720,631.94293,353.39117,986.8637,986.74805,2.028,-0.041,0.817,0.049677,-0.003395,0.019241,-0.998574,img_207.jpg
31114,1280,720,631.94293,353.39117,986.8637,986.74805,2.038,-0.040,0.816,0.052172,-0.015666,0.019133,-0.998332,img_208.jpg
31188,1280,720,631.94293,353.39117,986.8637,986.74805,2.048,-0.040,0.816,0.056675,-0.025209,0.019764,-0.997879,img_209.jpg
31267,1280,720,631.94293,353.39117,986.8637,986.74805,2.062,-0.038,0.817,0.057983,-0.034043,0.016300,-0.997604,img_210.jpg
31347,1280,720,631.94293,353.39117,986.8637,986.74805,2.075,-0.036,0.820,0.053147,-0.038669,0.012311,-0.997762,img_211.jpg,marker_4.jpg,0.19201927,0.19201927,2.009,-0.085,0.409,-0.733634,0.017720,-0.020542,-0.020542
31431,1280,720,631.94293,353.39117,986.8637,986.74805,2.094,-0.032,0.819,0.051453,-0.040925,0.019401,-0.997648,img_212.jpg
31514,1280,720,631.94293,353.39117,986.8637,986.74805,2.108,-0.031,0.816,0.055808,-0.040544,0.020192,-0.997414,img_213.jpg
31584,1280,720,631.94293,353.39117,986.8637,986.74805,2.120,-0.030,0.817,0.057263,-0.044959,0.024481,-0.997046,img_214.jpg
31664,1280,720,631.94293,353.39117,986.8637,986.74805,2.138,-0.027,0.821,0.055402,-0.051024,0.025130,-0.996843,img_215.jpg
31747,1280,720,631.94293,353.39117,986.8637,986.74805,2.156,-0.026,0.826,0.056319,-0.057904,0.027425,-0.996355,img_216.jpg
31820,1280,720,631.94293,353.39117,986.8637,986.74805,2.169,-0.026,0.834,0.059950,-0.068868,0.031234,-0.995333,img_217.jpg
31896,1280,720,631.94293,353.39117,986.8637,986.74805,2.191,-0.025,0.846,0.061288,-0.080351,0.028983,-0.994458,img_218.jpg
31981,1280,720,631.94293,353.39117,986.8637,986.74805,2.208,-0.022,0.853,0.061632,-0.087307,0.029238,-0.993843,img_219.jpg
32057,1280,720,631.94293,353.39117,986.8637,986.74805,2.232,-0.020,0.865,0.062119,-0.092954,0.029089,-0.993305,img_220.jpg,marker_4.jpg,0.19716308,0.19716308,2.017,-0.087,0.401,-0.724774,0.035683,-0.040102,-0.040102
32147,1280,720,631.94293,353.39117,986.8637,986.74805,2.248,-0.020,0.873,0.061270,-0.092422,0.029321,-0.993400,img_221.jpg
32225,1280,720,631.94293,353.39117,986.8637,986.74805,2.273,-0.020,0.886,0.062368,-0.086803,0.030083,-0.993816,img_222.jpg
32314,1280,720,631.94293,353.39117,986.8637,986.74805,2.288,-0.021,0.895,0.062669,-0.079179,0.029861,-0.994440,img_223.jpg
32386,1280,720,631.94293,353.39117,986.8637,986.74805,2.305,-0.023,0.904,0.062161,-0.069667,0.030767,-0.995156,img_224.jpg
32464,1280,720,631.94293,353.39117,986.8637,986.74805,2.329,-0.025,0.917,0.063383,-0.052751,0.030366,-0.996132,img_225.jpg
32548,1280,720,631.94293,353.39117,986.8637,986.74805,2.347,-0.027,0.929,0.065775,-0.040683,0.030969,-0.996524,img_226.jpg
32631,1280,720,631.94293,353.39117,986.8637,986.74805,2.369,-0.030,0.943,0.064178,-0.020399,0.030633,-0.997260,img_227.jpg
32715,1280,720,631.94293,353.39117,986.8637,986.74805,2.385,-0.032,0.951,0.063908,-0.007153,0.034872,-0.997321,img_228.jpg
32785,1280,720,631.94293,353.39117,986.8637,986.74805,2.398,-0.035,0.955,0.065629,0.007663,0.040943,-0.996974,img_229.jpg
32862,1280,720,631.94293,353.39117,986.8637,986.74805,2.422,-0.038,0.962,0.063343,0.031529,0.043109,-0.996562,img_230.jpg
32947,1280,720,631.94293,353.39117,986.8637,986.74805,2.439,-0.038,0.968,0.062274,0.047579,0.045956,-0.995865,img_231.jpg
33018,1280,720,631.94293,353.39117,986.8637,986.74805,2.457,-0.039,0.976,0.061602,0.065489,0.048084,-0.994789,img_232.jpg
33086,1280,720,631.94293,353.39117,986.8637,986.74805,2.474,-0.041,0.981,0.062939,0.084491,0.050076,-0.993173,img_233.jpg
33155,1280,720,631.94293,353.39117,986.8637,986.74805,2.503,-0.044,0.988,0.064648,0.113683,0.050455,-0.990127,img_234.jpg
33231,1280,720,631.94293,353.39117,986.8637,986.74805,2.526,-0.044,0.997,0.064521,0.132925,0.050935,-0.987711,img_235.jpg
33314,1280,720,631.94293,353.39117,986.8637,986.74805,2.549,-0.046,1.003,0.065052,0.151405,0.050700,-0.985025,img_236.jpg
33376,1280,720,631.94293,353.39117,986.8637,986.74805,2.573,-0.046,1.010,0.064536,0.167977,0.049832,-0.982413,img_237.jpg
33464,1280,720,631.94293,353.39117,986.8637,986.74805,2.613,-0.046,1.021,0.060839,0.191900,0.051520,-0.978171,img_238.jpg
33548,1280,720,631.94293,353.39117,986.8637,986.74805,2.642,-0.046,1.028,0.062438,0.208427,0.054062,-0.974545,img_239.jpg
33621,1280,720,631.94293,353.39117,986.8637,986.74805,2.685,-0.045,1.042,0.062051,0.238088,0.054869,-0.967705,img_240.jpg
33699,1280,720,631.94293,353.39117,986.8637,986.74805,2.714,-0.044,1.054,0.060676,0.258031,0.056908,-0.962549,img_241.jpg
33781,1280,720,631.94293,353.39117,986.8637,986.74805,2.744,-0.045,1.067,0.057906,0.280535,0.053813,-0.956583,img_242.jpg
33855,1280,720,631.94293,353.39117,986.8637,986.74805,2.790,-0.048,1.090,0.061540,0.319820,0.058934,-0.943639,img_243.jpg
33947,1280,720,631.94293,353.39117,986.8637,986.74805,2.819,-0.049,1.113,0.060713,0.344677,0.066601,-0.934386,img_244.jpg
34020,1280,720,631.94293,353.39117,986.8637,986.74805,2.843,-0.052,1.135,0.062553,0.365304,0.073505,-0.925871,img_245.jpg
34095,1280,720,631.94293,353.39117,986.8637,986.74805,2.871,-0.055,1.173,0.060331,0.392047,0.074572,-0.914931,img_246.jpg
34182,1280,720,631.94293,353.39117,986.8637,986.74805,2.892,-0.056,1.203,0.058230,0.406849,0.081727,-0.907967,img_247.jpg
34264,1280,720,631.94293,353.39117,986.8637,986.74805,2.892,-0.056,1.203,0.058230,0.406849,0.081727,-0.907967,img_248.jpg
34347,1280,720,631.94293,353.39117,986.8637,986.74805,2.892,-0.056,1.203,0.058230,0.406849,0.081727,-0.907967,img_249.jpg
34422,1280,720,631.94293,353.39117,986.8637,986.74805,2.892,-0.056,1.203,0.058230,0.406849,0.081727,-0.907967,img_250.jpg
34500,1280,720,631.94293,353.39117,986.8637,986.74805,2.892,-0.056,1.203,0.058230,0.406849,0.081727,-0.907967,img_251.jpg
34569,1280,720,631.94293,353.39117,986.8637,986.74805,2.892,-0.056,1.203,0.058230,0.406849,0.081727,-0.907967,img_252.jpg
34664,1280,720,631.94293,353.39117,986.8637,986.74805,2.892,-0.056,1.203,0.058230,0.406849,0.081727,-0.907967,img_253.jpg
34747,1280,720,631.94293,353.39117,986.8637,986.74805,2.892,-0.056,1.203,0.058230,0.406849,0.081727,-0.907967,img_254.jpg
34822,1280,720,631.94293,353.39117,986.8637,986.74805,2.892,-0.056,1.203,0.058230,0.406849,0.081727,-0.907967,img_255.jpg
34899,1280,720,631.94293,353.39117,986.8637,986.74805,2.892,-0.056,1.203,0.058230,0.406849,0.081727,-0.907967,img_256.jpg
34982,1280,720,631.94293,353.39117,986.8637,986.74805,2.892,-0.056,1.203,0.058230,0.406849,0.081727,-0.907967,img_257.jpg
35056,1280,720,631.94293,353.39117,986.8637,986.74805,2.892,-0.056,1.203,0.058230,0.406849,0.081727,-0.907967,img_258.jpg
35147,1280,720,631.94293,353.39117,986.8637,986.74805,2.892,-0.056,1.203,0.058230,0.406849,0.081727,-0.907967,img_259.jpg
35223,1280,720,631.94293,353.39117,986.8637,986.74805,2.892,-0.056,1.203,0.058230,0.406849,0.081727,-0.907967,img_260.jpg
35314,1280,720,631.94293,353.39117,986.8637,986.74805,2.892,-0.056,1.203,0.058230,0.406849,0.081727,-0.907967,img_261.jpg
35386,1280,720,631.94293,353.39117,986.8637,986.74805,2.892,-0.056,1.203,0.058230,0.406849,0.081727,-0.907967,img_262.jpg
35465,1280,720,631.94293,353.39117,986.8637,986.74805,2.892,-0.056,1.203,0.058230,0.406849,0.081727,-0.907967,img_263.jpg
35547,1280,720,631.94293,353.39117,986.8637,986.74805,2.892,-0.056,1.203,0.058230,0.406849,0.081727,-0.907967,img_264.jpg
35624,1280,720,631.94293,353.39117,986.8637,986.74805,2.892,-0.056,1.203,0.058230,0.406849,0.081727,-0.907967,img_265.jpg
35715,1280,720,631.94293,353.39117,986.8637,986.74805,2.892,-0.056,1.203,0.058230,0.406849,0.081727,-0.907967,img_266.jpg
35787,1280,720,631.94293,353.39117,986.8637,986.74805,2.582,-0.066,0.948,0.343943,0.208698,0.112126,-0.908612,img_267.jpg
35862,1280,720,631.94293,353.39117,986.8637,986.74805,2.619,-0.067,0.944,0.340504,0.234984,0.105498,-0.904273,img_268.jpg
35948,1280,720,631.94293,353.39117,986.8637,986.74805,2.667,-0.071,0.938,0.337347,0.248353,0.109071,-0.901455,img_269.jpg
36026,1280,720,631.94293,353.39117,986.8637,986.74805,2.695,-0.070,0.935,0.332817,0.272863,0.117406,-0.894983,img_270.jpg
36116,1280,720,631.94293,353.39117,986.8637,986.74805,2.731,-0.071,0.931,0.330864,0.287060,0.123134,-0.890485,img_271.jpg
36191,1280,720,631.94293,353.39117,986.8637,986.74805,2.756,-0.072,0.929,0.324084,0.307950,0.128160,-0.885275,img_272.jpg
36282,1280,720,631.94293,353.39117,986.8637,986.74805,2.790,-0.069,0.931,0.316144,0.317986,0.136207,-0.883394,img_273.jpg
36358,1280,720,631.94293,353.39117,986.8637,986.74805,2.827,-0.069,0.933,0.311114,0.333732,0.144162,-0.878094,img_274.jpg
36448,1280,720,631.94293,353.39117,986.8637,986.74805,2.852,-0.068,0.933,0.305112,0.339299,0.145598,-0.877829,img_275.jpg
36521,1280,720,631.94293,353.39117,986.8637,986.74805,2.881,-0.066,0.936,0.297116,0.343693,0.150125,-0.878100,img_276.jpg
36599,1280,720,631.94293,353.39117,986.8637,986.74805,2.896,-0.065,0.938,0.292059,0.343363,0.148573,-0.880187,img_277.jpg
36683,1280,720,631.94293,353.39117,986.8637,986.74805,2.912,-0.057,0.942,0.280413,0.337446,0.141484,-0.887401,img_278.jpg
36755,1280,720,631.94293,353.39117,986.8637,986.74805,2.938,-0.038,0.950,0.246459,0.325709,0.126535,-0.903969,img_279.jpg
36848,1280,720,631.94293,353.39117,986.8637,986.74805,2.954,-0.018,0.962,0.216652,0.317875,0.109810,-0.916493,img_280.jpg
36923,1280,720,631.94293,353.39117,986.8637,986.74805,2.984,0.014,0.984,0.182653,0.315687,0.087363,-0.927010,img_281.jpg
37015,1280,720,631.94293,353.39117,986.8637,986.74805,3.007,0.038,1.003,0.160198,0.318493,0.074098,-0.931347,img_282.jpg
37086,1280,720,631.94293,353.39117,986.8637,986.74805,3.026,0.062,1.024,0.137523,0.322020,0.063124,-0.934562,img_283.jpg
37160,1280,720,631.94293,353.39117,986.8637,986.74805,3.056,0.096,1.056,0.105323,0.331051,0.049375,-0.936416,img_284.jpg
37248,1280,720,631.94293,353.39117,986.8637,986.74805,3.080,0.111,1.077,0.089448,0.333513,0.044141,-0.937454,img_285.jpg
37326,1280,720,631.94293,353.39117,986.8637,986.74805,3.105,0.130,1.109,0.069706,0.334358,0.035347,-0.939200,img_286.jpg
37415,1280,720,631.94293,353.39117,986.8637,986.74805,3.114,0.136,1.125,0.061464,0.334172,0.031538,-0.939977,img_287.jpg
37485,1280,720,631.94293,353.39117,986.8637,986.74805,3.150,0.142,1.147,0.054065,0.329886,0.032441,-0.941913,img_288.jpg
37566,1280,720,631.94293,353.39117,986.8637,986.74805,3.160,0.142,1.157,0.052400,0.329098,0.033042,-0.942262,img_289.jpg
37650,1280,720,631.94293,353.39117,986.8637,986.74805,3.177,0.146,1.176,0.046524,0.328859,0.037167,-0.942500,img_290.jpg
37732,1280,720,631.94293,353.39117,986.8637,986.74805,3.189,0.149,1.192,0.044027,0.328252,0.041654,-0.942644,img_291.jpg
37799,1280,720,631.94293,353.39117,986.8637,986.74805,3.198,0.149,1.198,0.041370,0.326689,0.043135,-0.943240,img_292.jpg
37884,1280,720,631.94293,353.39117,986.8637,986.74805,3.207,0.149,1.204,0.038582,0.326296,0.043568,-0.943475,img_293.jpg
37961,1280,720,631.94293,353.39117,986.8637,986.74805,3.224,0.151,1.213,0.032592,0.322539,0.046897,-0.944832,img_294.jpg
38049,1280,720,631.94293,353.39117,986.8637,986.74805,3.238,0.151,1.220,0.028276,0.319184,0.048386,-0.946034,img_295.jpg,marker_6.jpg,0.2638949,0.2638949,3.613,-0.011,0.737,-0.693167,0.190406,-0.202755,-0.202755
38132,1280,720,631.94293,353.39117,986.8637,986.74805,3.248,0.152,1.224,0.025859,0.315120,0.046833,-0.947543,img_296.jpg
38216,1280,720,631.94293,353.39117,986.8637,986.74805,3.261,0.153,1.228,0.021672,0.309000,0.045028,-0.949748,img_297.jpg
38295,1280,720,631.94293,353.39117,986.8637,986.74805,3.276,0.154,1.236,0.015371,0.295007,0.041259,-0.954480,img_298.jpg
38383,1280,720,631.94293,353.39117,986.8637,986.74805,3.287,0.156,1.240,0.012704,0.284133,0.036781,-0.957995,img_299.jpg
38453,1280,720,631.94293,353.39117,986.8637,986.74805,3.305,0.160,1.246,0.008523,0.257629,0.042051,-0.965291,img_300.jpg
38532,1280,720,631.94293,353.39117,986.8637,986.74805,3.320,0.162,1.246,0.005280,0.254479,0.044885,-0.966022,img_301.jpg,marker_6.jpg,0.2650317,0.2650317,3.616,-0.011,0.738,-0.691533,0.184108,-0.193041,-0.193041
38598,1280,720,631.94293,353.39117,986.8637,986.74805,3.332,0.164,1.248,0.002243,0.248073,0.043011,-0.967783,img_302.jpg
38667,1280,720,631.94293,353.39117,986.8637,986.74805,3.345,0.166,1.252,-0.006595,0.244549,0.037361,-0.968895,img_303.jpg
38749,1280,720,631.94293,353.39117,986.8637,986.74805,3.358,0.168,1.257,-0.009059,0.236901,0.041040,-0.970624,img_304.jpg
38820,1280,720,631.94293,353.39117,986.8637,986.74805,3.373,0.169,1.266,-0.013899,0.231941,0.038882,-0.971853,img_305.jpg
38899,1280,720,631.94293,353.39117,986.8637,986.74805,3.382,0.169,1.276,-0.016526,0.225080,0.040198,-0.973371,img_306.jpg
38982,1280,720,631.94293,353.39117,986.8637,986.74805,3.392,0.168,1.287,-0.015066,0.217045,0.041561,-0.975160,img_307.jpg
39053,1280,720,631.94293,353.39117,986.8637,986.74805,3.408,0.166,1.310,-0.016294,0.205782,0.044106,-0.977468,img_308.jpg
39133,1280,720,631.94293,353.39117,986.8637,986.74805,3.422,0.164,1.327,-0.013026,0.194510,0.049841,-0.979547,img_309.jpg,marker_6.jpg,0.2678806,0.2678806,3.619,-0.013,0.734,-0.688980,0.183712,-0.184869,-0.184869
39215,1280,720,631.94293,353.39117,986.8637,986.74805,3.440,0.161,1.355,-0.009214,0.177846,0.048697,-0.982809,img_310.jpg
39301,1280,720,631.94293,353.39117,986.8637,986.74805,3.453,0.159,1.375,-0.007292,0.165937,0.048134,-0.984934,img_311.jpg
39383,1280,720,631.94293,353.39117,986.8637,986.74805,3.467,0.158,1.395,-0.003217,0.157019,0.047875,-0.986429,img_312.jpg
39452,1280,720,631.94293,353.39117,986.8637,986.74805,3.489,0.155,1.429,0.000413,0.144611,0.047591,-0.988343,img_313.jpg
39549,1280,720,631.94293,353.39117,986.8637,986.74805,3.504,0.153,1.449,0.007753,0.139928,0.048912,-0.988923,img_314.jpg
39616,1280,720,631.94293,353.39117,986.8637,986.74805,3.525,0.148,1.478,0.018056,0.131767,0.049842,-0.989862,img_315.jpg,marker_6.jpg,0.2686437,0.2686437,3.621,-0.011,0.733,-0.686454,0.190714,-0.191142,-0.191142
39699,1280,720,631.94293,353.39117,986.8637,986.74805,3.539,0.143,1.494,0.027580,0.131828,0.051767,-0.989536,img_316.jpg
39763,1280,720,631.94293,353.39117,986.8637,986.74805,3.556,0.138,1.508,0.036031,0.136188,0.053201,-0.988597,img_317.jpg
39849,1280,720,631.94293,353.39117,986.8637,986.74805,3.585,0.127,1.530,0.049941,0.144555,0.059670,-0.986433,img_318.jpg
39933,1280,720,631.94293,353.39117,986.8637,986.74805,3.604,0.121,1.542,0.056190,0.154648,0.061559,-0.984448,img_319.jpg
40005,1280,720,631.94293,353.39117,986.8637,986.74805,3.625,0.114,1.552,0.063030,0.165205,0.068767,-0.981838,img_320.jpg
40073,1280,720,631.94293,353.39117,986.8637,986.74805,3.649,0.106,1.564,0.070920,0.173855,0.080328,-0.978924,img_321.jpg
40150,1280,720,631.94293,353.39117,986.8637,986.74805,3.689,0.092,1.577,0.083451,0.190478,0.090935,-0.973902,img_322.jpg
40233,1280,720,631.94293,353.39117,986.8637,986.74805,3.715,0.084,1.584,0.091419,0.203570,0.091499,-0.970479,img_323.jpg
40308,1280,720,631.94293,353.39117,986.8637,986.74805,3.743,0.077,1.591,0.100697,0.215825,0.090827,-0.966970,img_324.jpg
40383,1280,720,631.94293,353.39117,986.8637,986.74805,3.788,0.069,1.601,0.118823,0.233583,0.087066,-0.961114,img_325.jpg
40469,1280,720,631.94293,353.39117,986.8637,986.74805,3.818,0.065,1.607,0.130069,0.243454,0.084830,-0.957401,img_326.jpg
40543,1280,720,631.94293,353.39117,986.8637,986.74805,3.846,0.061,1.613,0.140227,0.255813,0.084978,-0.952720,img_327.jpg
40622,1280,720,631.94293,353.39117,986.8637,986.74805,3.893,0.055,1.623,0.147919,0.274643,0.089751,-0.945852,img_328.jpg
40716,1280,720,631.94293,353.39117,986.8637,986.74805,3.939,0.050,1.634,0.157657,0.293547,0.104315,-0.937066,img_329.jpg
40799,1280,720,631.94293,353.39117,986.8637,986.74805,3.965,0.045,1.646,0.161317,0.305214,0.109797,-0.932076,img_330.jpg
40876,1280,720,631.94293,353.39117,986.8637,986.74805,3.995,0.039,1.658,0.163235,0.314918,0.118298,-0.927463,img_331.jpg
40955,1280,720,631.94293,353.39117,986.8637,986.74805,4.040,0.028,1.681,0.171051,0.324863,0.133880,-0.920479,img_332.jpg
41050,1280,720,631.94293,353.39117,986.8637,986.74805,4.085,0.013,1.706,0.179290,0.332877,0.140342,-0.915069,img_333.jpg
41133,1280,720,631.94293,353.39117,986.8637,986.74805,4.116,0.009,1.731,0.181928,0.337112,0.144358,-0.912370,img_334.jpg
41212,1280,720,631.94293,353.39117,986.8637,986.74805,4.151,0.006,1.756,0.182098,0.339332,0.146833,-0.911117,img_335.jpg
41293,1280,720,631.94293,353.39117,986.8637,986.74805,4.195,0.004,1.797,0.185354,0.348270,0.151901,-0.906244,img_336.jpg
41385,1280,720,631.94293,353.39117,986.8637,986.74805,4.227,0.005,1.826,0.186023,0.355259,0.155632,-0.902754,img_337.jpg
41473,1280,720,631.94293,353.39117,986.8637,986.74805,4.276,0.003,1.875,0.191978,0.366624,0.158326,-0.896473,img_338.jpg
41550,1280,720,631.94293,353.39117,986.8637,986.74805,4.318,0.000,1.910,0.203205,0.380358,0.163539,-0.887294,img_339.jpg
41633,1280,720,631.94293,353.39117,986.8637,986.74805,4.343,-0.001,1.933,0.204677,0.390725,0.164881,-0.882188,img_340.jpg
41707,1280,720,631.94293,353.39117,986.8637,986.74805,4.370,-0.004,1.955,0.206440,0.404083,0.174012,-0.873968,img_341.jpg
41783,1280,720,631.94293,353.39117,986.8637,986.74805,4.397,-0.005,1.978,0.202167,0.422640,0.181245,-0.864670,img_342.jpg
41861,1280,720,631.94293,353.39117,986.8637,986.74805,4.437,-0.008,2.006,0.196715,0.449047,0.193577,-0.849816,img_343.jpg
41950,1280,720,631.94293,353.39117,986.8637,986.74805,4.481,-0.011,2.037,0.190576,0.468960,0.203372,-0.838091,img_344.jpg
42033,1280,720,631.94293,353.39117,986.8637,986.74805,4.512,-0.013,2.056,0.187742,0.480838,0.203977,-0.831830,img_345.jpg
42109,1280,720,631.94293,353.39117,986.8637,986.74805,4.546,-0.012,2.077,0.184973,0.492385,0.205914,-0.825192,img_346.jpg
42185,1280,720,631.94293,353.39117,986.8637,986.74805,4.596,-0.013,2.102,0.183016,0.506325,0.203651,-0.817721,img_347.jpg
42268,1280,720,631.94293,353.39117,986.8637,986.74805,4.635,-0.014,2.113,0.184890,0.512831,0.200055,-0.814124,img_348.jpg
42350,1280,720,631.94293,353.39117,986.8637,986.74805,4.688,-0.012,2.133,0.188461,0.521859,0.197816,-0.808093,img_349.jpg
42434,1280,720,631.94293,353.39117,986.8637,986.74805,4.723,-0.009,2.143,0.189314,0.527603,0.197928,-0.804127,img_350.jpg
42512,1280,720,631.94293,353.39117,986.8637,986.74805,4.753,-0.007,2.156,0.186515,0.533906,0.197413,-0.800740,img_351.jpg
42600,1280,720,631.94293,353.39117,986.8637,986.74805,4.797,-0.006,2.174,0.184438,0.541276,0.202988,-0.794858,img_352.jpg
42674,1280,720,631.94293,353.39117,986.8637,986.74805,4.825,-0.007,2.187,0.177384,0.542620,0.202729,-0.795612,img_353.jpg
42749,1280,720,631.94293,353.39117,986.8637,986.74805,4.860,-0.007,2.201,0.171528,0.542617,0.203722,-0.796644,img_354.jpg
42831,1280,720,631.94293,353.39117,986.8637,986.74805,4.901,-0.006,2.229,0.162470,0.537123,0.205958,-0.801676,img_355.jpg
42917,1280,720,631.94293,353.39117,986.8637,986.74805,4.944,-0.006,2.261,0.155867,0.526112,0.199785,-0.811787,img_356.jpg
43000,1280,720,631.94293,353.39117,986.8637,986.74805,4.972,-0.004,2.283,0.150397,0.516100,0.198148,-0.819609,img_357.jpg
43085,1280,720,631.94293,353.39117,986.8637,986.74805,4.990,0.001,2.308,0.145005,0.504083,0.191361,-0.829612,img_358.jpg
43161,1280,720,631.94293,353.39117,986.8637,986.74805,5.022,0.009,2.349,0.144223,0.495719,0.178013,-0.837720,img_359.jpg
43233,1280,720,631.94293,353.39117,986.8637,986.74805,5.045,0.019,2.374,0.144040,0.489318,0.174300,-0.842282,img_360.jpg
43318,1280,720,631.94293,353.39117,986.8637,986.74805,5.075,0.022,2.410,0.146182,0.492768,0.158443,-0.843034,img_361.jpg
43400,1280,720,631.94293,353.39117,986.8637,986.74805,5.100,0.019,2.431,0.151683,0.496443,0.157829,-0.840016,img_362.jpg
43474,1280,720,631.94293,353.39117,986.8637,986.74805,5.124,0.014,2.445,0.155767,0.496506,0.164369,-0.837975,img_363.jpg
43547,1280,720,631.94293,353.39117,986.8637,986.74805,5.173,0.006,2.471,0.160949,0.498413,0.170000,-0.834733,img_364.jpg
43618,1280,720,631.94293,353.39117,986.8637,986.74805,5.202,0.003,2.485,0.163715,0.498678,0.174117,-0.833187,img_365.jpg
43700,1280,720,631.94293,353.39117,986.8637,986.74805,5.231,-0.001,2.497,0.165956,0.498207,0.179263,-0.831933,img_366.jpg
43772,1280,720,631.94293,353.39117,986.8637,986.74805,5.274,-0.005,2.511,0.170034,0.497517,0.183786,-0.830535,img_367.jpg
43843,1280,720,631.94293,353.39117,986.8637,986.74805,5.308,-0.011,2.522,0.177752,0.498261,0.184257,-0.828366,img_368.jpg
43922,1280,720,631.94293,353.39117,986.8637,986.74805,5.373,-0.023,2.536,0.190719,0.502351,0.181009,-0.823714,img_369.jpg
44001,1280,720,631.94293,353.39117,986.8637,986.74805,5.413,-0.026,2.544,0.197999,0.504678,0.176756,-0.821495,img_370.jpg
44072,1280,720,631.94293,353.39117,986.8637,986.74805,5.451,-0.026,2.551,0.206002,0.507878,0.181626,-0.816478,img_371.jpg
44146,1280,720,631.94293,353.39117,986.8637,986.74805,5.502,-0.023,2.564,0.203831,0.513934,0.177678,-0.814098,img_372.jpg
44234,1280,720,631.94293,353.39117,986.8637,986.74805,5.533,-0.020,2.570,0.202150,0.515602,0.180631,-0.812811,img_373.jpg
44311,1280,720,631.94293,353.39117,986.8637,986.74805,5.560,-0.021,2.580,0.200014,0.513797,0.184671,-0.813575,img_374.jpg
44383,1280,720,631.94293,353.39117,986.8637,986.74805,5.597,-0.025,2.591,0.202757,0.511957,0.183442,-0.814333,img_375.jpg
44469,1280,720,631.94293,353.39117,986.8637,986.74805,5.625,-0.028,2.602,0.202129,0.505343,0.188553,-0.817447,img_376.jpg
44544,1280,720,631.94293,353.39117,986.8637,986.74805,5.660,-0.033,2.618,0.203754,0.492154,0.188838,-0.824990,img_377.jpg
44634,1280,720,631.94293,353.39117,986.8637,986.74805,5.688,-0.033,2.632,0.204383,0.476105,0.192599,-0.833341,img_378.jpg
44718,1280,720,631.94293,353.39117,986.8637,986.74805,5.726,-0.032,2.658,0.205233,0.452085,0.183761,-0.848369,img_379.jpg
44800,1280,720,631.94293,353.39117,986.8637,986.74805,5.749,-0.030,2.677,0.204250,0.435169,0.173033,-0.859633,img_380.jpg
44867,1280,720,631.94293,353.39117,986.8637,986.74805,5.775,-0.024,2.699,0.201847,0.422964,0.164987,-0.867836,img_381.jpg
44937,1280,720,631.94293,353.39117,986.8637,986.74805,5.801,-0.021,2.721,0.201569,0.414404,0.166671,-0.871699,img_382.jpg
45013,1280,720,631.94293,353.39117,986.8637,986.74805,5.832,-0.016,2.754,0.208824,0.403166,0.168788,-0.874849,img_383.jpg
45084,1280,720,631.94293,353.39117,986.8637,986.74805,5.850,-0.016,2.774,0.211610,0.397770,0.160659,-0.878174,img_384.jpg
45168,1280,720,631.94293,353.39117,986.8637,986.74805,5.875,-0.018,2.791,0.215102,0.394678,0.156691,-0.879436,img_385.jpg
45243,1280,720,631.94293,353.39117,986.8637,986.74805,5.901,-0.020,2.805,0.219644,0.392914,0.158956,-0.878697,img_386.jpg
45315,1280,720,631.94293,353.39117,986.8637,986.74805,5.942,-0.025,2.823,0.227736,0.390609,0.164392,-0.876662,img_387.jpg
45400,1280,720,631.94293,353.39117,986.8637,986.74805,5.966,-0.030,2.833,0.231624,0.388995,0.168037,-0.875669,img_388.jpg
45473,1280,720,631.94293,353.39117,986.8637,986.74805,5.988,-0.034,2.841,0.235032,0.388022,0.171166,-0.874586,img_389.jpg
45569,1280,720,631.94293,353.39117,986.8637,986.74805,6.034,-0.041,2.850,0.240469,0.383113,0.175905,-0.874332,img_390.jpg
45646,1280,720,631.94293,353.39117,986.8637,986.74805,6.083,-0.049,2.854,0.249890,0.375799,0.174489,-0.875148,img_391.jpg
45735,1280,720,631.94293,353.39117,986.8637,986.74805,6.120,-0.057,2.855,0.257739,0.369789,0.173502,-0.875628,img_392.jpg
45818,1280,720,631.94293,353.39117,986.8637,986.74805,6.172,-0.064,2.858,0.267967,0.361163,0.163138,-0.878146,img_393.jpg
45901,1280,720,631.94293,353.39117,986.8637,986.74805,6.210,-0.068,2.859,0.278962,0.355136,0.162658,-0.877269,img_394.jpg
45976,1280,720,631.94293,353.39117,986.8637,986.74805,6.247,-0.070,2.861,0.291324,0.352960,0.164798,-0.873723,img_395.jpg
46054,1280,720,631.94293,353.39117,986.8637,986.74805,6.296,-0.071,2.863,0.300765,0.348365,0.159349,-0.873379,img_396.jpg
46134,1280,720,631.94293,353.39117,986.8637,986.74805,6.330,-0.072,2.867,0.303291,0.347563,0.163875,-0.871986,img_397.jpg
46221,1280,720,631.94293,353.39117,986.8637,986.74805,6.360,-0.071,2.871,0.300542,0.348113,0.164425,-0.872615,img_398.jpg
46296,1280,720,631.94293,353.39117,986.8637,986.74805,6.403,-0.062,2.884,0.285909,0.350859,0.161494,-0.876969,img_399.jpg
46388,1280,720,631.94293,353.39117,986.8637,986.74805,6.447,-0.048,2.904,0.263926,0.351473,0.157276,-0.884350,img_400.jpg
46470,1280,720,631.94293,353.39117,986.8637,986.74805,2.814,0.035,0.943,0.238069,0.416546,0.165487,-0.861642,img_401.jpg
46546,1280,720,631.94293,353.39117,986.8637,986.74805,2.856,0.054,0.976,0.216310,0.414094,0.148827,-0.871543,img_402.jpg,marker_6.jpg,0.2688853,0.2688853,3.668,-0.006,0.725,-0.687022,0.185803,-0.184931,-0.184931
46634,1280,720,631.94293,353.39117,986.8637,986.74805,2.851,0.055,1.031,0.188536,0.414788,0.128248,-0.880885,img_403.jpg
46707,1280,720,631.94293,353.39117,986.8637,986.74805,2.887,0.076,1.070,0.171910,0.407490,0.119454,-0.888892,img_404.jpg
46778,1280,720,631.94293,353.39117,986.8637,986.74805,2.919,0.108,1.112,0.142923,0.398697,0.102965,-0.900007,img_405.jpg
46851,1280,720,631.94293,353.39117,986.8637,986.74805,2.932,0.136,1.152,0.116686,0.393986,0.089954,-0.907231,img_406.jpg
46934,1280,720,631.94293,353.39117,986.8637,986.74805,2.965,0.169,1.180,0.101551,0.390447,0.081028,-0.911413,img_407.jpg
47005,1280,720,631.94293,353.39117,986.8637,986.74805,2.979,0.188,1.208,0.082765,0.389263,0.068390,-0.914848,img_408.jpg
47086,1280,720,631.94293,353.39117,986.8637,986.74805,3.042,0.229,1.242,0.073684,0.379738,0.063039,-0.919998,img_409.jpg
47169,1280,720,631.94293,353.39117,986.8637,986.74805,3.077,0.254,1.259,0.069244,0.373399,0.059140,-0.923191,img_410.jpg
47241,1280,720,631.94293,353.39117,986.8637,986.74805,3.114,0.272,1.282,0.060379,0.365079,0.058755,-0.927157,img_411.jpg
47318,1280,720,631.94293,353.39117,986.8637,986.74805,3.133,0.279,1.294,0.054390,0.358007,0.057953,-0.930330,img_412.jpg
47401,1280,720,631.94293,353.39117,986.8637,986.74805,3.141,0.282,1.304,0.049767,0.353904,0.057728,-0.932171,img_413.jpg
47470,1280,720,631.94293,353.39117,986.8637,986.74805,3.153,0.285,1.311,0.045635,0.350266,0.056328,-0.933841,img_414.jpg
47540,1280,720,631.94293,353.39117,986.8637,986.74805,3.170,0.284,1.324,0.039529,0.345446,0.060881,-0.935627,img_415.jpg,marker_7.png,0.29916063,0.29916063,3.691,0.026,0.772,-0.661859,0.223943,-0.165034,-0.165034
47635,1280,720,631.94293,353.39117,986.8637,986.74805,3.180,0.285,1.329,0.037347,0.344380,0.062075,-0.936031,img_416.jpg
47708,1280,720,631.94293,353.39117,986.8637,986.74805,3.191,0.285,1.336,0.034490,0.343513,0.060956,-0.936533,img_417.jpg
47775,1280,720,631.94293,353.39117,986.8637,986.74805,3.205,0.285,1.340,0.031700,0.343922,0.058065,-0.936665,img_418.jpg
47851,1280,720,631.94293,353.39117,986.8637,986.74805,3.219,0.283,1.342,0.030329,0.340054,0.056715,-0.938204,img_419.jpg
47935,1280,720,631.94293,353.39117,986.8637,986.74805,3.233,0.282,1.344,0.029300,0.336574,0.053959,-0.939653,img_420.jpg
47999,1280,720,631.94293,353.39117,986.8637,986.74805,3.247,0.279,1.346,0.030667,0.331240,0.052807,-0.941568,img_421.jpg,marker_7.png,0.29535758,0.29535758,3.688,0.031,0.781,-0.674187,0.226080,-0.181358,-0.181358
48085,1280,720,631.94293,353.39117,986.8637,986.74805,3.266,0.276,1.344,0.032091,0.324628,0.056288,-0.943620,img_422.jpg
48168,1280,720,631.94293,353.39117,986.8637,986.74805,3.280,0.272,1.347,0.032663,0.319031,0.053523,-0.945668,img_423.jpg
48239,1280,720,631.94293,353.39117,986.8637,986.74805,3.294,0.270,1.349,0.034337,0.314420,0.054998,-0.947067,img_424.jpg
48317,1280,720,631.94293,353.39117,986.8637,986.74805,3.312,0.266,1.351,0.036351,0.313115,0.054908,-0.947430,img_425.jpg
48402,1280,720,631.94293,353.39117,986.8637,986.74805,3.324,0.265,1.354,0.034287,0.311775,0.053702,-0.948017,img_426.jpg
48473,1280,720,631.94293,353.39117,986.8637,986.74805,3.334,0.263,1.356,0.034787,0.310722,0.058065,-0.948088,img_427.jpg
48546,1280,720,631.94293,353.39117,986.8637,986.74805,3.351,0.258,1.364,0.030394,0.307032,0.060099,-0.949313,img_428.jpg
48635,1280,720,631.94293,353.39117,986.8637,986.74805,3.365,0.255,1.374,0.024797,0.301699,0.063130,-0.950988,img_429.jpg,marker_7.png,0.29436442,0.29436442,3.690,0.033,0.789,-0.681470,0.217022,-0.182571,-0.182571
48718,1280,720,631.94293,353.39117,986.8637,986.74805,3.379,0.252,1.387,0.017770,0.289657,0.068301,-0.954525,img_430.jpg
48802,1280,720,631.94293,353.39117,986.8637,986.74805,3.390,0.247,1.402,0.011353,0.279306,0.064577,-0.957961,img_431.jpg
48874,1280,720,631.94293,353.39117,986.8637,986.74805,3.403,0.243,1.419,0.005459,0.267994,0.064035,-0.961275,img_432.jpg
48952,1280,720,631.94293,353.39117,986.8637,986.74805,3.421,0.238,1.448,-0.003501,0.249939,0.066923,-0.965940,img_433.jpg
49035,1280,720,631.94293,353.39117,986.8637,986.74805,3.435,0.235,1.469,-0.008160,0.240116,0.066505,-0.968429,img_434.jpg
49113,1280,720,631.94293,353.39117,986.8637,986.74805,3.454,0.228,1.505,-0.008642,0.226676,0.069162,-0.971473,img_435.jpg
49185,1280,720,631.94293,353.39117,986.8637,986.74805,3.464,0.223,1.528,-0.002100,0.223863,0.069607,-0.972130,img_436.jpg
49269,1280,720,631.94293,353.39117,986.8637,986.74805,3.479,0.215,1.557,0.002972,0.219934,0.071437,-0.972891,img_437.jpg,marker_7.png,0.2935412,0.2935412,3.698,0.032,0.795,-0.687215,0.206072,-0.173726,-0.173726
49344,1280,720,631.94293,353.39117,986.8637,986.74805,3.506,0.201,1.601,0.010351,0.231724,0.077875,-0.969604,img_438.jpg
49435,1280,720,631.94293,353.39117,986.8637,986.74805,3.526,0.189,1.625,0.024095,0.247248,0.087453,-0.964697,img_439.jpg
49510,1280,720,631.94293,353.39117,986.8637,986.74805,3.560,0.168,1.659,0.048009,0.278545,0.100590,-0.953934,img_440.jpg
49601,1280,720,631.94293,353.39117,986.8637,986.74805,3.580,0.154,1.679,0.065099,0.306519,0.108211,-0.943450,img_441.jpg
49675,1280,720,631.94293,353.39117,986.8637,986.74805,3.601,0.142,1.702,0.076155,0.330008,0.114907,-0.933859,img_442.jpg
49749,1280,720,631.94293,353.39117,986.8637,986.74805,3.632,0.125,1.733,0.089748,0.378153,0.124622,-0.912916,img_443.jpg
49835,1280,720,631.94293,353.39117,986.8637,986.74805,3.655,0.113,1.751,0.100839,0.410688,0.133258,-0.896331,img_444.jpg
49915,1280,720,631.94293,353.39117,986.8637,986.74805,3.686,0.100,1.780,0.113585,0.455947,0.147066,-0.870392,img_445.jpg
50002,1280,720,631.94293,353.39117,986.8637,986.74805,3.706,0.091,1.798,0.120654,0.484681,0.157981,-0.851804,img_446.jpg
50072,1280,720,631.94293,353.39117,986.8637,986.74805,3.729,0.084,1.811,0.123114,0.509820,0.165516,-0.835183,img_447.jpg
50145,1280,720,631.94293,353.39117,986.8637,986.74805,3.762,0.073,1.835,0.125031,0.542572,0.169347,-0.813206,img_448.jpg
50236,1280,720,631.94293,353.39117,986.8637,986.74805,3.787,0.067,1.848,0.124756,0.564631,0.170201,-0.797910,img_449.jpg
50315,1280,720,631.94293,353.39117,986.8637,986.74805,3.824,0.060,1.868,0.127251,0.589529,0.173783,-0.778500,img_450.jpg
50402,1280,720,631.94293,353.39117,986.8637,986.74805,3.849,0.054,1.883,0.131209,0.604150,0.179143,-0.765307,img_451.jpg
50475,1280,720,631.94293,353.39117,986.8637,986.74805,3.893,0.046,1.898,0.140024,0.622816,0.186703,-0.746750,img_452.jpg
50553,1280,720,631.94293,353.39117,986.8637,986.74805,3.920,0.043,1.911,0.143088,0.634643,0.191065,-0.735016,img_453.jpg
50635,1280,720,631.94293,353.39117,986.8637,986.74805,3.948,0.039,1.922,0.144551,0.646885,0.197336,-0.722291,img_454.jpg
50719,1280,720,631.94293,353.39117,986.8637,986.74805,3.984,0.036,1.943,0.143836,0.665931,0.205826,-0.702484,img_455.jpg
50802,1280,720,631.94293,353.39117,986.8637,986.74805,4.007,0.033,1.957,0.142584,0.677958,0.209523,-0.690031,img_456.jpg
50876,1280,720,631.94293,353.39117,986.8637,986.74805,4.037,0.030,1.980,0.139175,0.695714,0.213619,-0.671550,img_457.jpg
50970,1280,720,631.94293,353.39117,986.8637,986.74805,4.058,0.028,1.998,0.135969,0.708413,0.216206,-0.657966,img_458.jpg
51046,1280,720,631.94293,353.39117,986.8637,986.74805,4.086,0.028,2.024,0.126874,0.729775,0.217300,-0.635699,img_459.jpg
51136,1280,720,631.94293,353.39117,986.8637,986.74805,4.098,0.033,2.043,0.114413,0.745184,0.213925,-0.621165,img_460.jpg
51214,1280,720,631.94293,353.39117,986.8637,986.74805,4.118,0.046,2.079,0.093145,0.774444,0.202426,-0.592101,img_461.jpg
51302,1280,720,631.94293,353.39117,986.8637,986.74805,4.128,0.057,2.103,0.081149,0.792466,0.190823,-0.573584,img_462.jpg
51372,1280,720,631.94293,353.39117,986.8637,986.74805,4.139,0.073,2.140,0.068588,0.817998,0.166086,-0.546434,img_463.jpg
51452,1280,720,631.94293,353.39117,986.8637,986.74805,4.145,0.082,2.165,0.060307,0.830172,0.156502,-0.531681,img_464.jpg
51535,1280,720,631.94293,353.39117,986.8637,986.74805,4.149,0.090,2.189,0.054168,0.839940,0.147093,-0.519549,img_465.jpg
51615,1280,720,631.94293,353.39117,986.8637,986.74805,4.141,0.101,2.216,0.048257,0.849374,0.139676,-0.506681,img_466.jpg
51702,1280,720,631.94293,353.39117,986.8637,986.74805,4.144,0.103,2.234,0.046556,0.852649,0.135329,-0.502501,img_467.jpg
51778,1280,720,631.94293,353.39117,986.8637,986.74805,4.131,0.115,2.261,0.041776,0.854075,0.131555,-0.501501,img_468.jpg
51871,1280,720,631.94293,353.39117,986.8637,986.74805,4.127,0.119,2.274,0.037975,0.853413,0.129329,-0.503506,img_469.jpg
51947,1280,720,631.94293,353.39117,986.8637,986.74805,4.128,0.120,2.291,0.035129,0.851695,0.127417,-0.507096,img_470.jpg
52026,1280,720,631.94293,353.39117,986.8637,986.74805,4.129,0.123,2.316,0.032367,0.849047,0.122811,-0.512825,img_471.jpg,marker_8.jpg,0.27603954,0.27603954,4.706,-0.050,2.646,-0.373896,0.616826,-0.578658,-0.578658
52120,1280,720,631.94293,353.39117,986.8637,986.74805,4.128,0.127,2.340,0.029567,0.844270,0.118221,-0.521880,img_472.jpg
52202,1280,720,631.94293,353.39117,986.8637,986.74805,4.127,0.129,2.354,0.029990,0.840098,0.118029,-0.528588,img_473.jpg
52281,1280,720,631.94293,353.39117,986.8637,986.74805,4.124,0.132,2.373,0.030616,0.834327,0.112468,-0.538807,img_474.jpg
52371,1280,720,631.94293,353.39117,986.8637,986.74805,4.123,0.132,2.388,0.031938,0.829647,0.112599,-0.545882,img_475.jpg
52449,1280,720,631.94293,353.39117,986.8637,986.74805,4.120,0.130,2.406,0.034913,0.823320,0.113144,-0.555089,img_476.jpg
52536,1280,720,631.94293,353.39117,986.8637,986.74805,4.119,0.128,2.418,0.037515,0.819058,0.113257,-0.561168,img_477.jpg
52615,1280,720,631.94293,353.39117,986.8637,986.74805,4.116,0.126,2.431,0.040027,0.812020,0.111550,-0.571470,img_478.jpg
52702,1280,720,631.94293,353.39117,986.8637,986.74805,4.111,0.124,2.440,0.039952,0.807850,0.111561,-0.577353,img_479.jpg
52781,1280,720,631.94293,353.39117,986.8637,986.74805,4.101,0.122,2.455,0.037876,0.803121,0.114579,-0.583467,img_480.jpg
52872,1280,720,631.94293,353.39117,986.8637,986.74805,4.091,0.122,2.468,0.033248,0.801055,0.117441,-0.586015,img_481.jpg
52945,1280,720,631.94293,353.39117,986.8637,986.74805,4.073,0.120,2.490,0.022092,0.796250,0.121282,-0.592275,img_482.jpg
53038,1280,720,631.94293,353.39117,986.8637,986.74805,4.059,0.119,2.508,0.016871,0.790950,0.129108,-0.597866,img_483.jpg
53117,1280,720,631.94293,353.39117,986.8637,986.74805,4.040,0.116,2.537,0.014316,0.784234,0.137614,-0.604842,img_484.jpg
53204,1280,720,631.94293,353.39117,986.8637,986.74805,4.022,0.115,2.561,0.016867,0.778925,0.145729,-0.609717,img_485.jpg,marker_8.jpg,0.2762793,0.2762793,4.706,-0.051,2.647,-0.352716,0.625213,-0.594491,-0.594491
53288,1280,720,631.94293,353.39117,986.8637,986.74805,4.009,0.117,2.579,0.012407,0.784942,0.139518,-0.603528,img_486.jpg
53371,1280,720,631.94293,353.39117,986.8637,986.74805,3.997,0.118,2.596,0.011534,0.797998,0.127484,-0.588909,img_487.jpg
53446,1280,720,631.94293,353.39117,986.8637,986.74805,3.988,0.116,2.631,0.017861,0.812427,0.120162,-0.570267,img_488.jpg
53536,1280,720,631.94293,353.39117,986.8637,986.74805,3.985,0.113,2.655,0.020495,0.815675,0.124809,-0.564514,img_489.jpg
53611,1280,720,631.94293,353.39117,986.8637,986.74805,3.978,0.107,2.691,0.026693,0.818652,0.119965,-0.560985,img_490.jpg
53703,1280,720,631.94293,353.39117,986.8637,986.74805,3.974,0.105,2.714,0.028404,0.819398,0.121484,-0.559484,img_491.jpg
53776,1280,720,631.94293,353.39117,986.8637,986.74805,3.967,0.106,2.747,0.025550,0.818811,0.122938,-0.560162,img_492.jpg
53855,1280,720,631.94293,353.39117,986.8637,986.74805,3.960,0.108,2.767,0.024614,0.819965,0.118410,-0.559491,img_493.jpg
53936,1280,720,631.94293,353.39117,986.8637,986.74805,3.954,0.108,2.792,0.022470,0.818104,0.124184,-0.561052,img_494.jpg
54016,1280,720,631.94293,353.39117,986.8637,986.74805,3.945,0.109,2.825,0.020711,0.824744,0.113523,-0.553607,img_495.jpg
54103,1280,720,631.94293,353.39117,986.8637,986.74805,3.941,0.108,2.852,0.019813,0.827918,0.121323,-0.547210,img_496.jpg
54176,1280,720,631.94293,353.39117,986.8637,986.74805,3.931,0.105,2.887,0.019436,0.836068,0.128659,-0.532972,img_497.jpg
54254,1280,720,631.94293,353.39117,986.8637,986.74805,3.922,0.105,2.910,0.016293,0.841016,0.130016,-0.524903,img_498.jpg
54336,1280,720,631.94293,353.39117,986.8637,986.74805,3.907,0.100,2.942,0.013017,0.846171,0.139338,-0.514208,img_499.jpg
54420,1280,720,631.94293,353.39117,986.8637,986.74805,3.896,0.097,2.962,0.014909,0.851186,0.141041,-0.505340,img_500.jpg
54497,1280,720,631.94293,353.39117,986.8637,986.74805,3.880,0.093,2.982,0.013722,0.854637,0.143429,-0.498835,img_501.jpg
54567,1280,720,631.94293,353.39117,986.8637,986.74805,3.863,0.090,3.001,0.011436,0.856271,0.144426,-0.495793,img_502.jpg
54640,1280,720,631.94293,353.39117,986.8637,986.74805,3.832,0.086,3.032,0.007295,0.857219,0.143756,-0.494426,img_503.jpg
54720,1280,720,631.94293,353.39117,986.8637,986.74805,3.810,0.083,3.056,0.008258,0.858226,0.143857,-0.492630,img_504.jpg
54797,1280,720,631.94293,353.39117,986.8637,986.74805,3.785,0.080,3.081,0.010661,0.857920,0.144639,-0.492888,img_505.jpg
54870,1280,720,631.94293,353.39117,986.8637,986.74805,3.742,0.077,3.116,0.015338,0.854256,0.150530,-0.497345,img_506.jpg
54954,1280,720,631.94293,353.39117,986.8637,986.74805,3.713,0.078,3.138,0.018555,0.850075,0.153407,-0.503482,img_507.jpg
55024,1280,720,631.94293,353.39117,986.8637,986.74805,3.684,0.079,3.158,0.021845,0.845858,0.154830,-0.509975,img_508.jpg
55096,1280,720,631.94293,353.39117,986.8637,986.74805,3.656,0.079,3.177,0.027090,0.841581,0.158390,-0.515675,img_509.jpg
55163,1280,720,631.94293,353.39117,986.8637,986.74805,3.631,0.079,3.194,0.032997,0.837243,0.159895,-0.521890,img_510.jpg
55231,1280,720,631.94293,353.39117,986.8637,986.74805,3.606,0.080,3.209,0.036647,0.835536,0.155243,-0.525772,img_511.jpg
55303,1280,720,631.94293,353.39117,986.8637,986.74805,3.579,0.079,3.233,0.035673,0.836615,0.154528,-0.524332,img_512.jpg
55386,1280,720,631.94293,353.39117,986.8637,986.74805,3.563,0.078,3.251,0.034495,0.839683,0.154594,-0.519464,img_513.jpg
55447,1280,720,631.94293,353.39117,986.8637,986.74805,3.549,0.077,3.268,0.033854,0.843052,0.151957,-0.514808,img_514.jpg
55520,1280,720,631.94293,353.39117,986.8637,986.74805,3.536,0.076,3.288,0.032362,0.847328,0.148860,-0.508752,img_515.jpg
55589,1280,720,631.94293,353.39117,986.8637,986.74805,3.523,0.076,3.305,0.028503,0.849420,0.146393,-0.506204,img_516.jpg
55655,1280,720,631.94293,353.39117,986.8637,986.74805,3.514,0.075,3.323,0.025393,0.851452,0.144988,-0.503351,img_517.jpg
55736,1280,720,631.94293,353.39117,986.8637,986.74805,3.504,0.074,3.356,0.023679,0.856653,0.142496,-0.495257,img_518.jpg
55820,1280,720,631.94293,353.39117,986.8637,986.74805,3.492,0.078,3.383,0.023246,0.861930,0.137067,-0.487595,img_519.jpg
55893,1280,720,631.94293,353.39117,986.8637,986.74805,3.488,0.080,3.412,0.023832,0.870351,0.123621,-0.476065,img_520.jpg
55966,1280,720,631.94293,353.39117,986.8637,986.74805,3.481,0.083,3.442,0.025328,0.875884,0.114254,-0.468116,img_521.jpg
56055,1280,720,631.94293,353.39117,986.8637,986.74805,3.470,0.087,3.484,0.025001,0.883086,0.099205,-0.457922,img_522.jpg
56137,1280,720,631.94293,353.39117,986.8637,986.74805,3.467,0.088,3.519,0.029140,0.886327,0.091737,-0.452946,img_523.jpg
56220,1280,720,631.94293,353.39117,986.8637,986.74805,3.460,0.090,3.547,0.029178,0.885100,0.094660,-0.454737,img_524.jpg
56303,1280,720,631.94293,353.39117,986.8637,986.74805,3.455,0.091,3.566,0.026993,0.883662,0.093205,-0.457957,img_525.jpg
56388,1280,720,631.94293,353.39117,986.8637,986.74805,3.452,0.092,3.590,0.030261,0.883902,0.088435,-0.458237,img_526.jpg
56474,1280,720,631.94293,353.39117,986.8637,986.74805,3.447,0.093,3.611,0.025938,0.882191,0.094049,-0.460674,img_527.jpg,marker_9.jpg,0.2913296,0.2913296,3.960,-0.073,4.001,-0.406304,0.589282,-0.575992,-0.575992
56555,1280,720,631.94293,353.39117,986.8637,986.74805,3.442,0.094,3.626,0.025707,0.881072,0.094345,-0.462764,img_528.jpg
56631,1280,720,631.94293,353.39117,986.8637,986.74805,3.437,0.094,3.637,0.025031,0.879399,0.096341,-0.465564,img_529.jpg
56711,1280,720,631.94293,353.39117,986.8637,986.74805,3.426,0.093,3.656,0.021593,0.875428,0.096580,-0.473109,img_530.jpg
56787,1280,720,631.94293,353.39117,986.8637,986.74805,3.418,0.092,3.668,0.020800,0.873468,0.093855,-0.477296,img_531.jpg,marker_9.jpg,0.27513054,0.27513054,3.950,-0.071,3.985,-0.363612,0.618122,-0.591625,-0.591625
56864,1280,720,631.94293,353.39117,986.8637,986.74805,3.407,0.090,3.682,0.017321,0.867273,0.095647,-0.488251,img_532.jpg
56954,1280,720,631.94293,353.39117,986.8637,986.74805,3.389,0.088,3.703,0.015846,0.855802,0.096064,-0.508059,img_533.jpg
57028,1280,720,631.94293,353.39117,986.8637,986.74805,3.375,0.087,3.715,0.016779,0.847995,0.095807,-0.521003,img_534.jpg
57107,1280,720,631.94293,353.39117,986.8637,986.74805,3.347,0.087,3.737,0.015074,0.836752,0.095210,-0.539031,img_535.jpg
57188,1280,720,631.94293,353.39117,986.8637,986.74805,3.327,0.088,3.751,0.015045,0.831138,0.093438,-0.547953,img_536.jpg
57263,1280,720,631.94293,353.39117,986.8637,986.74805,3.306,0.090,3.767,0.014531,0.827598,0.090562,-0.553777,img_537.jpg
57339,1280,720,631.94293,353.39117,986.8637,986.74805,3.274,0.091,3.793,0.016784,0.823613,0.092148,-0.559364,img_538.jpg
57438,1280,720,631.94293,353.39117,986.8637,986.74805,3.244,0.088,3.815,0.021850,0.821614,0.096823,-0.561337,img_539.jpg,marker_9.jpg,0.27383783,0.27383783,3.946,-0.068,3.984,-0.352695,0.625560,-0.596112,-0.596112
57521,1280,720,631.94293,353.39117,986.8637,986.74805,3.224,0.087,3.830,0.021154,0.821139,0.102683,-0.561016,img_540.jpg
57597,1280,720,631.94293,353.39117,986.8637,986.74805,3.206,0.084,3.845,0.018271,0.822855,0.107317,-0.557726,img_541.jpg
57676,1280,720,631.94293,353.39117,986.8637,986.74805,3.181,0.082,3.865,0.014485,0.826761,0.109393,-0.551625,img_542.jpg
57755,1280,720,631.94293,353.39117,986.8637,986.74805,3.166,0.081,3.882,0.013229,0.830101,0.107117,-0.547068,img_543.jpg
57837,1280,720,631.94293,353.39117,986.8637,986.74805,3.152,0.082,3.900,0.011730,0.833018,0.106577,-0.542756,img_544.jpg
57917,1280,720,631.94293,353.39117,986.8637,986.74805,3.131,0.083,3.926,0.008178,0.838797,0.102783,-0.534592,img_545.jpg
58004,1280,720,631.94293,353.39117,986.8637,986.74805,3.114,0.082,3.953,0.005917,0.842257,0.103189,-0.529075,img_546.jpg
58088,1280,720,631.94293,353.39117,986.8637,986.74805,3.106,0.080,3.973,0.010877,0.845822,0.100010,-0.523894,img_547.jpg
58173,1280,720,631.94293,353.39117,986.8637,986.74805,3.101,0.076,3.993,0.016306,0.846804,0.102892,-0.521604,img_548.jpg
58248,1280,720,631.94293,353.39117,986.8637,986.74805,3.090,0.069,4.029,0.022405,0.845119,0.109596,-0.522743,img_549.jpg
58338,1280,720,631.94293,353.39117,986.8637,986.74805,3.085,0.064,4.055,0.030952,0.845890,0.110485,-0.520869,img_550.jpg
58416,1280,720,631.94293,353.39117,986.8637,986.74805,3.077,0.061,4.100,0.036915,0.846302,0.113437,-0.519174,img_551.jpg
58504,1280,720,631.94293,353.39117,986.8637,986.74805,3.070,0.061,4.149,0.035424,0.849751,0.116257,-0.512985,img_552.jpg
58587,1280,720,631.94293,353.39117,986.8637,986.74805,3.066,0.062,4.180,0.034996,0.854357,0.118076,-0.504884,img_553.jpg
58655,1280,720,631.94293,353.39117,986.8637,986.74805,3.060,0.065,4.211,0.032465,0.860570,0.114102,-0.495324,img_554.jpg
58725,1280,720,631.94293,353.39117,986.8637,986.74805,3.052,0.067,4.240,0.027622,0.865895,0.117610,-0.485418,img_555.jpg
58796,1280,720,631.94293,353.39117,986.8637,986.74805,3.043,0.067,4.264,0.020132,0.870548,0.118118,-0.477272,img_556.jpg
58862,1280,720,631.94293,353.39117,986.8637,986.74805,3.034,0.067,4.288,0.017027,0.877154,0.113167,-0.466373,img_557.jpg
58938,1280,720,631.94293,353.39117,986.8637,986.74805,3.019,0.062,4.325,0.012052,0.881462,0.118071,-0.457098,img_558.jpg
59020,1280,720,631.94293,353.39117,986.8637,986.74805,3.009,0.059,4.347,0.012684,0.882521,0.123866,-0.453491,img_559.jpg
59095,1280,720,631.94293,353.39117,986.8637,986.74805,2.997,0.056,4.368,0.012994,0.882377,0.125314,-0.453364,img_560.jpg
59171,1280,720,631.94293,353.39117,986.8637,986.74805,2.975,0.051,4.397,0.009627,0.880663,0.127930,-0.456042,img_561.jpg
59254,1280,720,631.94293,353.39117,986.8637,986.74805,2.959,0.047,4.419,0.007980,0.879473,0.131013,-0.457492,img_562.jpg
59327,1280,720,631.94293,353.39117,986.8637,986.74805,2.942,0.044,4.443,0.008857,0.877387,0.134320,-0.460512,img_563.jpg
59406,1280,720,631.94293,353.39117,986.8637,986.74805,2.911,0.043,4.477,0.011383,0.873724,0.131208,-0.468253,img_564.jpg
59487,1280,720,631.94293,353.39117,986.8637,986.74805,2.891,0.044,4.502,0.014091,0.868853,0.136278,-0.475735,img_565.jpg
59561,1280,720,631.94293,353.39117,986.8637,986.74805,2.871,0.043,4.521,0.026091,0.864288,0.138945,-0.482720,img_566.jpg
59633,1280,720,631.94293,353.39117,986.8637,986.74805,2.841,0.040,4.546,0.050758,0.859834,0.135364,-0.489679,img_567.jpg
59720,1280,720,631.94293,353.39117,986.8637,986.74805,2.821,0.036,4.564,0.059116,0.857121,0.138809,-0.492525,img_568.jpg
59794,1280,720,631.94293,353.39117,986.8637,986.74805,2.800,0.036,4.581,0.060552,0.856714,0.137114,-0.493533,img_569.jpg
59867,1280,720,631.94293,353.39117,986.8637,986.74805,2.769,0.038,4.606,0.052582,0.857212,0.134836,-0.494208,img_570.jpg
59954,1280,720,631.94293,353.39117,986.8637,986.74805,2.753,0.040,4.625,0.046932,0.857102,0.136085,-0.494627,img_571.jpg
60027,1280,720,631.94293,353.39117,986.8637,986.74805,2.753,0.040,4.625,0.046932,0.857102,0.136085,-0.494627,img_572.jpg
60099,1280,720,631.94293,353.39117,986.8637,986.74805,2.753,0.040,4.625,0.046932,0.857102,0.136085,-0.494627,img_573.jpg
60187,1280,720,631.94293,353.39117,986.8637,986.74805,2.753,0.040,4.625,0.046932,0.857102,0.136085,-0.494627,img_574.jpg
60256,1280,720,631.94293,353.39117,986.8637,986.74805,2.753,0.040,4.625,0.046932,0.857102,0.136085,-0.494627,img_575.jpg
60333,1280,720,631.94293,353.39117,986.8637,986.74805,2.753,0.040,4.625,0.046932,0.857102,0.136085,-0.494627,img_576.jpg
60410,1280,720,631.94293,353.39117,986.8637,986.74805,2.753,0.040,4.625,0.046932,0.857102,0.136085,-0.494627,img_577.jpg
60504,1280,720,631.94293,353.39117,986.8637,986.74805,2.753,0.040,4.625,0.046932,0.857102,0.136085,-0.494627,img_578.jpg
60587,1280,720,631.94293,353.39117,986.8637,986.74805,2.753,0.040,4.625,0.046932,0.857102,0.136085,-0.494627,img_579.jpg
60661,1280,720,631.94293,353.39117,986.8637,986.74805,2.753,0.040,4.625,0.046932,0.857102,0.136085,-0.494627,img_580.jpg
60755,1280,720,631.94293,353.39117,986.8637,986.74805,2.753,0.040,4.625,0.046932,0.857102,0.136085,-0.494627,img_581.jpg
60829,1280,720,631.94293,353.39117,986.8637,986.74805,2.753,0.040,4.625,0.046932,0.857102,0.136085,-0.494627,img_582.jpg
60906,1280,720,631.94293,353.39117,986.8637,986.74805,2.753,0.040,4.625,0.046932,0.857102,0.136085,-0.494627,img_583.jpg
60987,1280,720,631.94293,353.39117,986.8637,986.74805,2.753,0.040,4.625,0.046932,0.857102,0.136085,-0.494627,img_584.jpg
61073,1280,720,631.94293,353.39117,986.8637,986.74805,2.753,0.040,4.625,0.046932,0.857102,0.136085,-0.494627,img_585.jpg
61154,1280,720,631.94293,353.39117,986.8637,986.74805,2.753,0.040,4.625,0.046932,0.857102,0.136085,-0.494627,img_586.jpg
61237,1280,720,631.94293,353.39117,986.8637,986.74805,2.753,0.040,4.625,0.046932,0.857102,0.136085,-0.494627,img_587.jpg
61320,1280,720,631.94293,353.39117,986.8637,986.74805,2.753,0.040,4.625,0.046932,0.857102,0.136085,-0.494627,img_588.jpg
61404,1280,720,631.94293,353.39117,986.8637,986.74805,2.753,0.040,4.625,0.046932,0.857102,0.136085,-0.494627,img_589.jpg
61488,1280,720,631.94293,353.39117,986.8637,986.74805,2.753,0.040,4.625,0.046932,0.857102,0.136085,-0.494627,img_590.jpg
61564,1280,720,631.94293,353.39117,986.8637,986.74805,2.753,0.040,4.625,0.046932,0.857102,0.136085,-0.494627,img_591.jpg
61655,1280,720,631.94293,353.39117,986.8637,986.74805,6.600,0.108,6.222,0.017295,0.838516,0.062450,-0.541010,img_592.jpg
61731,1280,720,631.94293,353.39117,986.8637,986.74805,6.573,0.111,6.248,0.012598,0.829858,0.060049,-0.554591,img_593.jpg
61821,1280,720,631.94293,353.39117,986.8637,986.74805,6.569,0.112,6.244,0.012079,0.824262,0.060452,-0.562843,img_594.jpg
61904,1280,720,631.94293,353.39117,986.8637,986.74805,6.555,0.111,6.254,0.016172,0.816860,0.060279,-0.573449,img_595.jpg
61988,1280,720,631.94293,353.39117,986.8637,986.74805,6.542,0.111,6.268,0.018689,0.813195,0.061083,-0.578476,img_596.jpg
62063,1280,720,631.94293,353.39117,986.8637,986.74805,6.536,0.110,6.276,0.020983,0.810800,0.062465,-0.581602,img_597.jpg
62140,1280,720,631.94293,353.39117,986.8637,986.74805,6.526,0.109,6.286,0.021103,0.807068,0.062818,-0.586728,img_598.jpg
62238,1280,720,631.94293,353.39117,986.8637,986.74805,6.519,0.107,6.298,0.017110,0.801548,0.069553,-0.593624,img_599.jpg
62322,1280,720,631.94293,353.39117,986.8637,986.74805,6.514,0.105,6.306,0.015886,0.797828,0.071469,-0.598423,img_600.jpg,marker_10.jpg,0.25624806,0.25624806,7.151,-0.019,6.493,-0.407669,0.573058,-0.602186,-0.602186
62397,1280,720,631.94293,353.39117,986.8637,986.74805,6.511,0.102,6.312,0.010371,0.792715,0.073137,-0.605101,img_601.jpg
62488,1280,720,631.94293,353.39117,986.8637,986.74805,6.509,0.101,6.320,0.005721,0.790910,0.072711,-0.607571,img_602.jpg
62564,1280,720,631.94293,353.39117,986.8637,986.74805,6.509,0.097,6.336,0.008215,0.794970,0.070743,-0.602454,img_603.jpg
62657,1280,720,631.94293,353.39117,986.8637,986.74805,6.511,0.093,6.354,0.008382,0.801189,0.072668,-0.593924,img_604.jpg
62730,1280,720,631.94293,353.39117,986.8637,986.74805,6.518,0.089,6.384,0.013227,0.814445,0.073530,-0.575411,img_605.jpg
62822,1280,720,631.94293,353.39117,986.8637,986.74805,6.522,0.086,6.407,0.019321,0.823231,0.075536,-0.562327,img_606.jpg,marker_10.jpg,0.2690041,0.2690041,7.158,-0.022,6.500,-0.385176,0.585887,-0.619723,-0.619723
62900,1280,720,631.94293,353.39117,986.8637,986.74805,6.529,0.084,6.443,0.024926,0.838358,0.081415,-0.538430,img_607.jpg
62988,1280,720,631.94293,353.39117,986.8637,986.74805,6.530,0.082,6.466,0.025734,0.851882,0.082059,-0.516624,img_608.jpg
63062,1280,720,631.94293,353.39117,986.8637,986.74805,6.526,0.079,6.495,0.024217,0.865675,0.089143,-0.492011,img_609.jpg
63156,1280,720,631.94293,353.39117,986.8637,986.74805,6.521,0.078,6.525,0.022002,0.884246,0.094387,-0.456854,img_610.jpg
63230,1280,720,631.94293,353.39117,986.8637,986.74805,6.512,0.075,6.553,0.017182,0.899210,0.097261,-0.426224,img_611.jpg
63321,1280,720,631.94293,353.39117,986.8637,986.74805,6.506,0.075,6.569,0.016898,0.909516,0.099168,-0.403311,img_612.jpg
63396,1280,720,631.94293,353.39117,986.8637,986.74805,6.500,0.072,6.592,0.013436,0.919229,0.102826,-0.379822,img_613.jpg
63472,1280,720,631.94293,353.39117,986.8637,986.74805,6.486,0.070,6.620,0.007041,0.935168,0.109492,-0.336782,img_614.jpg
63556,1280,720,631.94293,353.39117,986.8637,986.74805,6.478,0.067,6.643,0.002416,0.943071,0.120077,-0.310149,img_615.jpg
63633,1280,720,631.94293,353.39117,986.8637,986.74805,6.466,0.062,6.668,0.003457,0.954070,0.128357,-0.270672,img_616.jpg
63721,1280,720,631.94293,353.39117,986.8637,986.74805,6.460,0.058,6.683,0.004577,0.959277,0.134225,-0.248498,img_617.jpg
63793,1280,720,631.94293,353.39117,986.8637,986.74805,6.455,0.053,6.697,0.005477,0.962129,0.143327,-0.231809,img_618.jpg
63871,1280,720,631.94293,353.39117,986.8637,986.74805,6.448,0.046,6.714,0.007083,0.965922,0.151284,-0.209899,img_619.jpg
63955,1280,720,631.94293,353.39117,986.8637,986.74805,6.443,0.043,6.725,0.005868,0.968147,0.155329,-0.196288,img_620.jpg
64038,1280,720,631.94293,353.39117,986.8637,986.74805,6.431,0.037,6.741,0.002412,0.971480,0.163516,-0.171708,img_621.jpg
64121,1280,720,631.94293,353.39117,986.8637,986.74805,6.420,0.035,6.751,0.000423,0.974142,0.167098,-0.152073,img_622.jpg
64199,1280,720,631.94293,353.39117,986.8637,986.74805,6.401,0.032,6.761,-0.003366,0.977632,0.171762,-0.121331,img_623.jpg
64288,1280,720,631.94293,353.39117,986.8637,986.74805,6.388,0.030,6.764,-0.008116,0.979092,0.175779,-0.102055,img_624.jpg
64361,1280,720,631.94293,353.39117,986.8637,986.74805,6.375,0.027,6.767,-0.012644,0.979945,0.180560,-0.083339,img_625.jpg
64431,1280,720,631.94293,353.39117,986.8637,986.74805,6.348,0.023,6.765,-0.016676,0.981411,0.182290,-0.057658,img_626.jpg
64521,1280,720,631.94293,353.39117,986.8637,986.74805,6.327,0.023,6.767,-0.023369,0.981883,0.183838,-0.039541,img_627.jpg
64596,1280,720,631.94293,353.39117,986.8637,986.74805,6.327,0.023,6.767,-0.023369,0.981883,0.183838,-0.039541,img_628.jpg
64688,1280,720,631.94293,353.39117,986.8637,986.74805,6.327,0.023,6.767,-0.023369,0.981883,0.183838,-0.039541,img_629.jpg
64757,1280,720,631.94293,353.39117,986.8637,986.74805,6.327,0.023,6.767,-0.023369,0.981883,0.183838,-0.039541,img_630.jpg
64836,1280,720,631.94293,353.39117,986.8637,986.74805,6.327,0.023,6.767,-0.023369,0.981883,0.183838,-0.039541,img_631.jpg
64921,1280,720,631.94293,353.39117,986.8637,986.74805,6.327,0.023,6.767,-0.023369,0.981883,0.183838,-0.039541,img_632.jpg
64998,1280,720,631.94293,353.39117,986.8637,986.74805,6.327,0.023,6.767,-0.023369,0.981883,0.183838,-0.039541,img_633.jpg
65088,1280,720,631.94293,353.39117,986.8637,986.74805,6.327,0.023,6.767,-0.023369,0.981883,0.183838,-0.039541,img_634.jpg
65163,1280,720,631.94293,353.39117,986.8637,986.74805,6.327,0.023,6.767,-0.023369,0.981883,0.183838,-0.039541,img_635.jpg
65256,1280,720,631.94293,353.39117,986.8637,986.74805,6.327,0.023,6.767,-0.023369,0.981883,0.183838,-0.039541,img_636.jpg
65327,1280,720,631.94293,353.39117,986.8637,986.74805,6.327,0.023,6.767,-0.023369,0.981883,0.183838,-0.039541,img_637.jpg
65404,1280,720,631.94293,353.39117,986.8637,986.74805,6.327,0.023,6.767,-0.023369,0.981883,0.183838,-0.039541,img_638.jpg
65488,1280,720,631.94293,353.39117,986.8637,986.74805,6.327,0.023,6.767,-0.023369,0.981883,0.183838,-0.039541,img_639.jpg
65572,1280,720,631.94293,353.39117,986.8637,986.74805,6.327,0.023,6.767,-0.023369,0.981883,0.183838,-0.039541,img_640.jpg
65655,1280,720,631.94293,353.39117,986.8637,986.74805,6.327,0.023,6.767,-0.023369,0.981883,0.183838,-0.039541,img_641.jpg
65732,1280,720,631.94293,353.39117,986.8637,986.74805,6.483,0.060,6.691,0.031230,0.912285,0.079524,-0.400547,img_642.jpg
65823,1280,720,631.94293,353.39117,986.8637,986.74805,6.476,0.059,6.698,0.014790,0.912507,0.085093,-0.399840,img_643.jpg
65895,1280,720,631.94293,353.39117,986.8637,986.74805,6.479,0.059,6.700,-0.000313,0.916325,0.079409,-0.392483,img_644.jpg
65989,1280,720,631.94293,353.39117,986.8637,986.74805,6.483,0.057,6.706,-0.001698,0.917634,0.073069,-0.390647,img_645.jpg
66059,1280,720,631.94293,353.39117,986.8637,986.74805,6.487,0.053,6.720,-0.004820,0.916765,0.078504,-0.391606,img_646.jpg
66138,1280,720,631.94293,353.39117,986.8637,986.74805,6.493,0.052,6.724,0.005000,0.925050,0.058982,-0.375204,img_647.jpg
66223,1280,720,631.94293,353.39117,986.8637,986.74805,6.494,0.054,6.733,0.001862,0.929295,0.046749,-0.366362,img_648.jpg
66300,1280,720,631.94293,353.39117,986.8637,986.74805,6.493,0.055,6.744,0.005617,0.926611,0.055366,-0.371881,img_649.jpg
66390,1280,720,631.94293,353.39117,986.8637,986.74805,6.492,0.053,6.751,0.010241,0.924255,0.051986,-0.378081,img_650.jpg
66461,1280,720,631.94293,353.39117,986.8637,986.74805,6.489,0.051,6.764,0.012533,0.920249,0.058912,-0.386670,img_651.jpg
66542,1280,720,631.94293,353.39117,986.8637,986.74805,6.481,0.050,6.782,0.010676,0.913607,0.058547,-0.402220,img_652.jpg
66640,1280,720,631.94293,353.39117,986.8637,986.74805,6.471,0.051,6.805,0.010013,0.904341,0.061404,-0.422253,img_653.jpg,marker_11.jpg,0.26974043,0.26974043,6.987,-0.077,7.183,-0.292447,0.628633,-0.677003,-0.677003
66722,1280,720,631.94293,353.39117,986.8637,986.74805,6.464,0.053,6.818,0.010311,0.898079,0.057251,-0.435969,img_654.jpg
66805,1280,720,631.94293,353.39117,986.8637,986.74805,6.456,0.054,6.830,0.012471,0.890301,0.053233,-0.452079,img_655.jpg
66889,1280,720,631.94293,353.39117,986.8637,986.74805,6.450,0.056,6.840,0.013897,0.885414,0.055044,-0.461323,img_656.jpg
66974,1280,720,631.94293,353.39117,986.8637,986.74805,6.436,0.054,6.850,0.018721,0.880466,0.054555,-0.470587,img_657.jpg
67056,1280,720,631.94293,353.39117,986.8637,986.74805,6.425,0.054,6.855,0.020957,0.877668,0.054475,-0.475701,img_658.jpg
67131,1280,720,631.94293,353.39117,986.8637,986.74805,6.401,0.056,6.861,0.018597,0.874536,0.053201,-0.481674,img_659.jpg,marker_11.jpg,0.26535493,0.26535493,6.983,-0.078,7.183,-0.265746,0.656185,-0.665911,-0.665911
67223,1280,720,631.94293,353.39117,986.8637,986.74805,6.381,0.057,6.866,0.016809,0.873720,0.050746,-0.483482,img_660.jpg
67299,1280,720,631.94293,353.39117,986.8637,986.74805,6.359,0.058,6.873,0.013148,0.873563,0.053298,-0.483605,img_661.jpg
67377,1280,720,631.94293,353.39117,986.8637,986.74805,6.322,0.057,6.883,0.009123,0.876625,0.055276,-0.477901,img_662.jpg
67457,1280,720,631.94293,353.39117,986.8637,986.74805,6.297,0.057,6.892,0.009802,0.879820,0.058029,-0.471649,img_663.jpg
67532,1280,720,631.94293,353.39117,986.8637,986.74805,6.269,0.056,6.900,0.011945,0.883584,0.057264,-0.464604,img_664.jpg
67609,1280,720,631.94293,353.39117,986.8637,986.74805,6.224,0.054,6.918,0.018482,0.889343,0.060566,-0.452835,img_665.jpg
67689,1280,720,631.94293,353.39117,986.8637,986.74805,6.193,0.052,6.927,0.021377,0.894213,0.054827,-0.443758,img_666.jpg
67765,1280,720,631.94293,353.39117,986.8637,986.74805,6.140,0.054,6.947,0.011079,0.896937,0.044013,-0.439824,img_667.jpg
67857,1280,720,631.94293,353.39117,986.8637,986.74805,6.106,0.056,6.964,0.010446,0.903630,0.042147,-0.426108,img_668.jpg
67930,1280,720,631.94293,353.39117,986.8637,986.74805,6.063,0.057,6.990,0.019611,0.912345,0.051545,-0.405691,img_669.jpg
68022,1280,720,631.94293,353.39117,986.8637,986.74805,6.035,0.056,7.009,0.023776,0.917445,0.055207,-0.393296,img_670.jpg
68098,1280,720,631.94293,353.39117,986.8637,986.74805,5.996,0.054,7.037,0.028849,0.922706,0.058020,-0.380021,img_671.jpg
68189,1280,720,631.94293,353.39117,986.8637,986.74805,5.966,0.053,7.059,0.028394,0.923837,0.063636,-0.376390,img_672.jpg
68262,1280,720,631.94293,353.39117,986.8637,986.74805,5.921,0.054,7.089,0.023277,0.925433,0.063073,-0.372900,img_673.jpg
68357,1280,720,631.94293,353.39117,986.8637,986.74805,5.890,0.055,7.111,0.020422,0.926022,0.060010,-0.372108,img_674.jpg
68431,1280,720,631.94293,353.39117,986.8637,986.74805,5.843,0.054,7.144,0.019360,0.924141,0.059936,-0.376824,img_675.jpg
68522,1280,720,631.94293,353.39117,986.8637,986.74805,5.814,0.054,7.162,0.022961,0.922076,0.063909,-0.381004,img_676.jpg
68599,1280,720,631.94293,353.39117,986.8637,986.74805,5.769,0.051,7.187,0.030513,0.921072,0.063946,-0.382892,img_677.jpg
68690,1280,720,631.94293,353.39117,986.8637,986.74805,5.744,0.048,7.199,0.038470,0.920237,0.068415,-0.383410,img_678.jpg
68757,1280,720,631.94293,353.39117,986.8637,986.74805,5.716,0.047,7.208,0.042803,0.918084,0.070600,-0.387693,img_679.jpg
68827,1280,720,631.94293,353.39117,986.8637,986.74805,5.667,0.045,7.221,0.041817,0.916767,0.071741,-0.390695,img_680.jpg
68906,1280,720,631.94293,353.39117,986.8637,986.74805,5.635,0.044,7.229,0.040539,0.914951,0.079607,-0.393552,img_681.jpg
68989,1280,720,631.94293,353.39117,986.8637,986.74805,5.601,0.043,7.235,0.041225,0.913363,0.082662,-0.396529,img_682.jpg
69054,1280,720,631.94293,353.39117,986.8637,986.74805,5.570,0.041,7.235,0.041401,0.912761,0.083557,-0.397707,img_683.jpg
69126,1280,720,631.94293,353.39117,986.8637,986.74805,5.509,0.040,7.241,0.038464,0.908519,0.093005,-0.405541,img_684.jpg
69206,1280,720,631.94293,353.39117,986.8637,986.74805,5.475,0.038,7.241,0.036663,0.906512,0.093483,-0.410064,img_685.jpg
69289,1280,720,631.94293,353.39117,986.8637,986.74805,5.435,0.039,7.239,0.034731,0.901830,0.093251,-0.420477,img_686.jpg
69357,1280,720,631.94293,353.39117,986.8637,986.74805,5.375,0.036,7.228,0.036634,0.894278,0.092658,-0.436279,img_687.jpg
69440,1280,720,631.94293,353.39117,986.8637,986.74805,5.336,0.035,7.221,0.040045,0.892065,0.089580,-0.441125,img_688.jpg
69524,1280,720,631.94293,353.39117,986.8637,986.74805,5.276,0.036,7.215,0.042396,0.888336,0.089543,-0.448378,img_689.jpg
69606,1280,720,631.94293,353.39117,986.8637,986.74805,5.239,0.038,7.213,0.047454,0.883684,0.098538,-0.455128,img_690.jpg
69676,1280,720,631.94293,353.39117,986.8637,986.74805,5.193,0.041,7.211,0.045842,0.880780,0.096205,-0.461378,img_691.jpg
69743,1280,720,631.94293,353.39117,986.8637,986.74805,5.157,0.043,7.209,0.045039,0.877455,0.096967,-0.467592,img_692.jpg
69823,1280,720,631.94293,353.39117,986.8637,986.74805,5.099,0.047,7.214,0.040096,0.872107,0.097589,-0.477806,img_693.jpg
69907,1280,720,631.94293,353.39117,986.8637,986.74805,5.074,0.049,7.229,0.034764,0.868203,0.099350,-0.484916,img_694.jpg
69977,1280,720,631.94293,353.39117,986.8637,986.74805,5.043,0.049,7.241,0.033215,0.864840,0.098364,-0.491196,img_695.jpg
70044,1280,720,631.94293,353.39117,986.8637,986.74805,5.010,0.048,7.248,0.034802,0.862436,0.092862,-0.496356,img_696.jpg
70115,1280,720,631.94293,353.39117,986.8637,986.74805,4.962,0.048,7.266,0.034136,0.858546,0.091610,-0.503330,img_697.jpg
70189,1280,720,631.94293,353.39117,986.8637,986.74805,4.901,0.047,7.296,0.037391,0.855717,0.097068,-0.506880,img_698.jpg
70273,1280,720,631.94293,353.39117,986.8637,986.74805,4.870,0.048,7.310,0.041428,0.858542,0.096440,-0.501886,img_699.jpg
70340,1280,720,631.94293,353.39117,986.8637,986.74805,4.831,0.051,7.331,0.047404,0.860334,0.099058,-0.497761,img_700.jpg
70423,1280,720,631.94293,353.39117,986.8637,986.74805,4.785,0.058,7.361,0.043430,0.866841,0.097171,-0.487093,img_701.jpg
70507,1280,720,631.94293,353.39117,986.8637,986.74805,4.761,0.064,7.386,0.042047,0.873636,0.093566,-0.475644,img_702.jpg
70577,1280,720,631.94293,353.39117,986.8637,986.74805,4.742,0.070,7.403,0.036055,0.882061,0.087022,-0.461623,img_703.jpg
70657,1280,720,631.94293,353.39117,986.8637,986.74805,4.721,0.082,7.441,0.024429,0.892918,0.079632,-0.442447,img_704.jpg
70741,1280,720,631.94293,353.39117,986.8637,986.74805,4.716,0.090,7.461,0.019702,0.901399,0.073713,-0.426213,img_705.jpg
70824,1280,720,631.94293,353.39117,986.8637,986.74805,4.706,0.097,7.497,0.013466,0.911647,0.062166,-0.406023,img_706.jpg
70907,1280,720,631.94293,353.39117,986.8637,986.74805,4.705,0.101,7.517,0.010861,0.915626,0.062634,-0.396973,img_707.jpg
70981,1280,720,631.94293,353.39117,986.8637,986.74805,4.703,0.105,7.528,0.008969,0.919677,0.056758,-0.388447,img_708.jpg
71058,1280,720,631.94293,353.39117,986.8637,986.74805,4.701,0.106,7.544,0.009074,0.922164,0.052592,-0.383100,img_709.jpg
71130,1280,720,631.94293,353.39117,986.8637,986.74805,4.704,0.107,7.553,0.009946,0.923417,0.050255,-0.380365,img_710.jpg
71207,1280,720,631.94293,353.39117,986.8637,986.74805,4.707,0.106,7.557,0.010958,0.925018,0.045192,-0.377066,img_711.jpg
71290,1280,720,631.94293,353.39117,986.8637,986.74805,4.713,0.104,7.565,0.011192,0.926801,0.049122,-0.372158,img_712.jpg
71375,1280,720,631.94293,353.39117,986.8637,986.74805,4.717,0.102,7.569,0.010770,0.928281,0.045576,-0.368920,img_713.jpg
71457,1280,720,631.94293,353.39117,986.8637,986.74805,4.725,0.097,7.577,0.016152,0.930391,0.044378,-0.363515,img_714.jpg
71541,1280,720,631.94293,353.39117,986.8637,986.74805,4.731,0.092,7.586,0.018045,0.928807,0.046158,-0.367236,img_715.jpg
71624,1280,720,631.94293,353.39117,986.8637,986.74805,4.738,0.086,7.601,0.016306,0.927408,0.055502,-0.369551,img_716.jpg
71707,1280,720,631.94293,353.39117,986.8637,986.74805,4.741,0.084,7.611,0.015102,0.928280,0.050965,-0.368063,img_717.jpg
71791,1280,720,631.94293,353.39117,986.8637,986.74805,4.743,0.083,7.620,0.013346,0.926772,0.048331,-0.372263,img_718.jpg
71864,1280,720,631.94293,353.39117,986.8637,986.74805,4.748,0.084,7.633,0.019329,0.925489,0.037573,-0.376410,img_719.jpg
71942,1280,720,631.94293,353.39117,986.8637,986.74805,4.749,0.085,7.642,0.018956,0.920966,0.037588,-0.387363,img_720.jpg
72041,1280,720,631.94293,353.39117,986.8637,986.74805,4.750,0.084,7.654,0.016117,0.918116,0.034085,-0.394514,img_721.jpg
72125,1280,720,631.94293,353.39117,986.8637,986.74805,4.750,0.082,7.661,0.015853,0.915470,0.033439,-0.400682,img_722.jpg
72201,1280,720,631.94293,353.39117,986.8637,986.74805,4.747,0.079,7.667,0.016696,0.913990,0.034244,-0.403945,img_723.jpg
72291,1280,720,631.94293,353.39117,986.8637,986.74805,4.740,0.077,7.675,0.014201,0.912368,0.029990,-0.408024,img_724.jpg
72374,1280,720,631.94293,353.39117,986.8637,986.74805,4.735,0.075,7.677,0.013224,0.911309,0.029404,-0.410458,img_725.jpg
72458,1280,720,631.94293,353.39117,986.8637,986.74805,4.730,0.074,7.680,0.010627,0.910692,0.027407,-0.412039,img_726.jpg
72529,1280,720,631.94293,353.39117,986.8637,986.74805,3.329,0.236,1.366,0.047599,0.241070,0.027430,-0.968952,img_727.jpg,marker_11.jpg,0.26535493,0.26535493,2.327,0.063,-0.718,-0.672544,0.234478,-0.196676,-0.196676
72624,1280,720,631.94293,353.39117,986.8637,986.74805,3.342,0.218,1.377,0.035906,0.233275,0.027473,-0.971359,img_728.jpg
72695,1280,720,631.94293,353.39117,986.8637,986.74805,3.350,0.221,1.383,0.040706,0.226320,0.028818,-0.972775,img_729.jpg
72790,1280,720,631.94293,353.39117,986.8637,986.74805,3.351,0.220,1.385,0.043286,0.223168,0.030414,-0.973343,img_730.jpg
72861,1280,720,631.94293,353.39117,986.8637,986.74805,3.350,0.221,1.391,0.039628,0.219704,0.029839,-0.974305,img_731.jpg
72941,1280,720,631.94293,353.39117,986.8637,986.74805,3.347,0.221,1.392,0.036553,0.218434,0.028272,-0.974757,img_732.jpg
73043,1280,720,631.94293,353.39117,986.8637,986.74805,3.345,0.221,1.397,0.035613,0.216254,0.028540,-0.975270,img_733.jpg,marker_12.jpg,0.27702838,0.27702838,3.655,0.008,0.730,-0.669266,0.203153,-0.201787,-0.201787
73120,1280,720,631.94293,353.39117,986.8637,986.74805,3.346,0.222,1.402,0.036899,0.215753,0.030404,-0.975277,img_734.jpg
