time,sizeX,sizeY,p_x,p_y,f_x,f_y,pos_X,pos_Y,pos_Z,q_x,q_y,q_z,q_w,marker_ID,marker_x,marker_y,marker_z,marker_qx,marker_qy,marker_qz,marker_qw,marker_ID,marker_x,marker_y,marker_z,marker_qx,marker_qy,marker_qz,marker_qw,marker_ID,marker_x,marker_y,marker_z,marker_qx,marker_qy,marker_qz,marker_qw,
34950,1280,720,631.94293,353.39117,986.8637,986.74805,0.369,-0.050,1.030,0.074953,-0.014937,0.018940,-0.996895,img_1.jpg
35042,1280,720,631.94293,353.39117,986.8637,986.74805,0.369,-0.049,1.034,0.072869,-0.015413,0.018716,-0.997047,img_2.jpg,marker_1.jpg,0.2593343,0.2593343,0.331,-0.102,0.400,-0.708446,0.010386,-0.009268,-0.009268
35132,1280,720,631.94293,353.39117,986.8637,986.74805,0.370,-0.048,1.039,0.071460,-0.015115,0.017625,-0.997173,img_3.jpg
35235,1280,720,631.94293,353.39117,986.8637,986.74805,0.369,-0.046,1.046,0.071027,-0.012820,0.017097,-0.997245,img_4.jpg
35309,1280,720,631.94293,353.39117,986.8637,986.74805,0.369,-0.044,1.049,0.073697,-0.011120,0.016250,-0.997086,img_5.jpg
35381,1280,720,631.94293,353.39117,986.8637,986.74805,0.366,-0.042,1.057,0.074761,-0.008909,0.011668,-0.997093,img_6.jpg
35468,1280,720,631.94293,353.39117,986.8637,986.74805,0.364,-0.040,1.064,0.071952,-0.009163,0.008038,-0.997334,img_7.jpg
35550,1280,720,631.94293,353.39117,986.8637,986.74805,0.364,-0.038,1.070,0.070389,-0.008726,0.009469,-0.997436,img_8.jpg
35620,1280,720,631.94293,353.39117,986.8637,986.74805,0.363,-0.038,1.078,0.069284,-0.006186,0.007639,-0.997549,img_9.jpg
35699,1280,720,631.94293,353.39117,986.8637,986.74805,0.363,-0.039,1.084,0.068296,-0.008618,0.002958,-0.997624,img_10.jpg,marker_1.jpg,0.2603942,0.2603942,0.331,-0.101,0.400,-0.707390,0.005836,-0.007038,-0.007038
35770,1280,720,631.94293,353.39117,986.8637,986.74805,0.365,-0.039,1.090,0.063522,-0.016993,0.004595,-0.997825,img_11.jpg
35838,1280,720,631.94293,353.39117,986.8637,986.74805,0.368,-0.039,1.096,0.061612,-0.024067,0.004088,-0.997802,img_12.jpg
35916,1280,720,631.94293,353.39117,986.8637,986.74805,0.381,-0.039,1.102,0.058936,-0.033753,0.010020,-0.997641,img_13.jpg
36000,1280,720,631.94293,353.39117,986.8637,986.74805,0.392,-0.039,1.106,0.060258,-0.038453,0.012374,-0.997365,img_14.jpg
36072,1280,720,631.94293,353.39117,986.8637,986.74805,0.404,-0.039,1.110,0.065408,-0.040253,0.011209,-0.996983,img_15.jpg
36146,1280,720,631.94293,353.39117,986.8637,986.74805,0.416,-0.037,1.116,0.059113,-0.045229,0.009013,-0.997185,img_16.jpg
36234,1280,720,631.94293,353.39117,986.8637,986.74805,0.440,-0.033,1.123,0.059313,-0.057407,0.013536,-0.996496,img_17.jpg
36308,1280,720,631.94293,353.39117,986.8637,986.74805,0.456,-0.031,1.127,0.063244,-0.061110,0.013195,-0.996038,img_18.jpg
36383,1280,720,631.94293,353.39117,986.8637,986.74805,0.479,-0.027,1.139,0.053640,-0.069813,0.009759,-0.996069,img_19.jpg,marker_1.jpg,0.26032433,0.26032433,0.331,-0.100,0.398,-0.706210,0.003827,-0.003795,-0.003795
36468,1280,720,631.94293,353.39117,986.8637,986.74805,0.496,-0.024,1.146,0.053494,-0.075799,0.010620,-0.995630,img_20.jpg
36542,1280,720,631.94293,353.39117,986.8637,986.74805,0.511,-0.023,1.152,0.053411,-0.084371,0.010967,-0.994942,img_21.jpg
36635,1280,720,631.94293,353.39117,986.8637,986.74805,0.535,-0.022,1.155,0.071840,-0.096716,0.016213,-0.992584,img_22.jpg
36708,1280,720,631.94293,353.39117,986.8637,986.74805,0.552,-0.021,1.157,0.081026,-0.105894,0.020673,-0.990855,img_23.jpg
36801,1280,720,631.94293,353.39117,986.8637,986.74805,0.576,-0.020,1.159,0.088655,-0.120841,0.032170,-0.988182,img_24.jpg
36874,1280,720,631.94293,353.39117,986.8637,986.74805,0.591,-0.018,1.158,0.091232,-0.127268,0.038874,-0.986898,img_25.jpg,marker_1.jpg,0.26132226,0.26132226,0.330,-0.100,0.395,-0.707148,0.003815,-0.002485,-0.002485
36950,1280,720,631.94293,353.39117,986.8637,986.74805,0.613,-0.012,1.157,0.093542,-0.127385,0.048468,-0.986242,img_26.jpg
37034,1280,720,631.94293,353.39117,986.8637,986.74805,0.628,-0.009,1.156,0.087353,-0.137735,0.044447,-0.985608,img_27.jpg
37111,1280,720,631.94293,353.39117,986.8637,986.74805,0.645,-0.006,1.153,0.080046,-0.143212,0.045613,-0.985395,img_28.jpg
37185,1280,720,631.94293,353.39117,986.8637,986.74805,0.661,-0.005,1.148,0.080278,-0.134108,0.049209,-0.986483,img_29.jpg
37265,1280,720,631.94293,353.39117,986.8637,986.74805,0.687,-0.005,1.135,0.092092,-0.114409,0.056561,-0.987538,img_30.jpg
37351,1280,720,631.94293,353.39117,986.8637,986.74805,0.713,-0.004,1.120,0.096273,-0.099777,0.060412,-0.988497,img_31.jpg
37434,1280,720,631.94293,353.39117,986.8637,986.74805,0.731,-0.004,1.108,0.095970,-0.091713,0.061461,-0.989243,img_32.jpg
37504,1280,720,631.94293,353.39117,986.8637,986.74805,0.750,-0.003,1.094,0.093276,-0.080436,0.058151,-0.990681,img_33.jpg
37585,1280,720,631.94293,353.39117,986.8637,986.74805,0.767,-0.001,1.081,0.092964,-0.077111,0.053520,-0.991235,img_34.jpg
37659,1280,720,631.94293,353.39117,986.8637,986.74805,0.792,0.000,1.062,0.090776,-0.077276,0.043204,-0.991928,img_35.jpg
37751,1280,720,631.94293,353.39117,986.8637,986.74805,0.818,0.003,1.046,0.080454,-0.063846,0.045861,-0.993654,img_36.jpg
37834,1280,720,631.94293,353.39117,986.8637,986.74805,0.833,0.004,1.038,0.077621,-0.045693,0.043924,-0.994966,img_37.jpg
37909,1280,720,631.94293,353.39117,986.8637,986.74805,0.851,0.004,1.032,0.075541,-0.032252,0.045550,-0.995580,img_38.jpg
38001,1280,720,631.94293,353.39117,986.8637,986.74805,0.875,0.004,1.026,0.076603,-0.016840,0.051001,-0.995614,img_39.jpg
38089,1280,720,631.94293,353.39117,986.8637,986.74805,0.904,0.004,1.024,0.066941,-0.004514,0.054178,-0.996275,img_40.jpg
38169,1280,720,631.94293,353.39117,986.8637,986.74805,0.927,0.003,1.021,0.065545,-0.000088,0.064702,-0.995750,img_41.jpg
38251,1280,720,631.94293,353.39117,986.8637,986.74805,0.963,-0.002,1.018,0.067433,0.007351,0.070481,-0.995204,img_42.jpg
38334,1280,720,631.94293,353.39117,986.8637,986.74805,0.989,-0.004,1.021,0.064239,0.009654,0.072929,-0.995219,img_43.jpg
38409,1280,720,631.94293,353.39117,986.8637,986.74805,1.018,-0.005,1.025,0.062538,0.006548,0.078886,-0.994899,img_44.jpg
38500,1280,720,631.94293,353.39117,986.8637,986.74805,1.063,-0.007,1.034,0.056218,0.006110,0.076128,-0.995493,img_45.jpg
38574,1280,720,631.94293,353.39117,986.8637,986.74805,1.095,-0.005,1.041,0.054282,0.005415,0.071841,-0.995923,img_46.jpg
38644,1280,720,631.94293,353.39117,986.8637,986.74805,1.143,-0.001,1.053,0.054500,0.008174,0.068438,-0.996132,img_47.jpg
38734,1280,720,631.94293,353.39117,986.8637,986.74805,1.177,0.002,1.062,0.056385,0.009744,0.068560,-0.996005,img_48.jpg
38805,1280,720,631.94293,353.39117,986.8637,986.74805,1.206,0.005,1.068,0.055212,0.008064,0.069474,-0.996022,img_49.jpg
38876,1280,720,631.94293,353.39117,986.8637,986.74805,1.241,0.010,1.076,0.053622,0.004306,0.068680,-0.996187,img_50.jpg
38967,1280,720,631.94293,353.39117,986.8637,986.74805,1.261,0.011,1.079,0.053595,0.006472,0.068753,-0.996172,img_51.jpg
39051,1280,720,631.94293,353.39117,986.8637,986.74805,1.293,0.010,1.080,0.057721,0.012101,0.076758,-0.995304,img_52.jpg
39135,1280,720,631.94293,353.39117,986.8637,986.74805,1.314,0.009,1.079,0.060159,0.017517,0.081398,-0.994710,img_53.jpg
39203,1280,720,631.94293,353.39117,986.8637,986.74805,1.337,0.004,1.079,0.060089,0.023883,0.081644,-0.994562,img_54.jpg
39277,1280,720,631.94293,353.39117,986.8637,986.74805,1.358,0.002,1.075,0.061611,0.030962,0.083508,-0.994119,img_55.jpg
39347,1280,720,631.94293,353.39117,986.8637,986.74805,1.391,-0.002,1.065,0.066657,0.040742,0.085376,-0.993281,img_56.jpg
39434,1280,720,631.94293,353.39117,986.8637,986.74805,1.413,-0.005,1.057,0.068947,0.048955,0.082407,-0.993005,img_57.jpg
39506,1280,720,631.94293,353.39117,986.8637,986.74805,1.438,-0.008,1.047,0.071078,0.058381,0.079895,-0.992550,img_58.jpg
39600,1280,720,631.94293,353.39117,986.8637,986.74805,1.477,-0.012,1.029,0.073923,0.072807,0.076344,-0.991668,img_59.jpg
39665,1280,720,631.94293,353.39117,986.8637,986.74805,1.503,-0.012,1.016,0.075517,0.084739,0.068306,-0.991187,img_60.jpg
39750,1280,720,631.94293,353.39117,986.8637,986.74805,1.503,-0.012,1.016,0.075517,0.084739,0.068306,-0.991187,img_61.jpg
39833,1280,720,631.94293,353.39117,986.8637,986.74805,1.503,-0.012,1.016,0.075517,0.084739,0.068306,-0.991187,img_62.jpg
39907,1280,720,631.94293,353.39117,986.8637,986.74805,1.503,-0.012,1.016,0.075517,0.084739,0.068306,-0.991187,img_63.jpg
39984,1280,720,631.94293,353.39117,986.8637,986.74805,1.503,-0.012,1.016,0.075517,0.084739,0.068306,-0.991187,img_64.jpg
40067,1280,720,631.94293,353.39117,986.8637,986.74805,1.503,-0.012,1.016,0.075517,0.084739,0.068306,-0.991187,img_65.jpg
40137,1280,720,631.94293,353.39117,986.8637,986.74805,1.503,-0.012,1.016,0.075517,0.084739,0.068306,-0.991187,img_66.jpg
40215,1280,720,631.94293,353.39117,986.8637,986.74805,1.503,-0.012,1.016,0.075517,0.084739,0.068306,-0.991187,img_67.jpg
40300,1280,720,631.94293,353.39117,986.8637,986.74805,1.503,-0.012,1.016,0.075517,0.084739,0.068306,-0.991187,img_68.jpg
40371,1280,720,631.94293,353.39117,986.8637,986.74805,1.503,-0.012,1.016,0.075517,0.084739,0.068306,-0.991187,img_69.jpg
40450,1280,720,631.94293,353.39117,986.8637,986.74805,1.503,-0.012,1.016,0.075517,0.084739,0.068306,-0.991187,img_70.jpg
40533,1280,720,631.94293,353.39117,986.8637,986.74805,1.503,-0.012,1.016,0.075517,0.084739,0.068306,-0.991187,img_71.jpg
40605,1280,720,631.94293,353.39117,986.8637,986.74805,1.503,-0.012,1.016,0.075517,0.084739,0.068306,-0.991187,img_72.jpg
40680,1280,720,631.94293,353.39117,986.8637,986.74805,1.503,-0.012,1.016,0.075517,0.084739,0.068306,-0.991187,img_73.jpg
40767,1280,720,631.94293,353.39117,986.8637,986.74805,1.503,-0.012,1.016,0.075517,0.084739,0.068306,-0.991187,img_74.jpg
40840,1280,720,631.94293,353.39117,986.8637,986.74805,1.503,-0.012,1.016,0.075517,0.084739,0.068306,-0.991187,img_75.jpg
40914,1280,720,631.94293,353.39117,986.8637,986.74805,1.503,-0.012,1.016,0.075517,0.084739,0.068306,-0.991187,img_76.jpg
41000,1280,720,631.94293,353.39117,986.8637,986.74805,1.503,-0.012,1.016,0.075517,0.084739,0.068306,-0.991187,img_77.jpg
41071,1280,720,631.94293,353.39117,986.8637,986.74805,1.503,-0.012,1.016,0.075517,0.084739,0.068306,-0.991187,img_78.jpg
41147,1280,720,631.94293,353.39117,986.8637,986.74805,1.503,-0.012,1.016,0.075517,0.084739,0.068306,-0.991187,img_79.jpg
41233,1280,720,631.94293,353.39117,986.8637,986.74805,1.503,-0.012,1.016,0.075517,0.084739,0.068306,-0.991187,img_80.jpg
41306,1280,720,631.94293,353.39117,986.8637,986.74805,1.503,-0.012,1.016,0.075517,0.084739,0.068306,-0.991187,img_81.jpg
41384,1280,720,631.94293,353.39117,986.8637,986.74805,1.503,-0.012,1.016,0.075517,0.084739,0.068306,-0.991187,img_82.jpg
41467,1280,720,631.94293,353.39117,986.8637,986.74805,1.503,-0.012,1.016,0.075517,0.084739,0.068306,-0.991187,img_83.jpg
41536,1280,720,631.94293,353.39117,986.8637,986.74805,1.503,-0.012,1.016,0.075517,0.084739,0.068306,-0.991187,img_84.jpg
41617,1280,720,631.94293,353.39117,986.8637,986.74805,1.503,-0.012,1.016,0.075517,0.084739,0.068306,-0.991187,img_85.jpg
41700,1280,720,631.94293,353.39117,986.8637,986.74805,1.503,-0.012,1.016,0.075517,0.084739,0.068306,-0.991187,img_86.jpg
41771,1280,720,631.94293,353.39117,986.8637,986.74805,1.503,-0.012,1.016,0.075517,0.084739,0.068306,-0.991187,img_87.jpg
41842,1280,720,631.94293,353.39117,986.8637,986.74805,1.503,-0.012,1.016,0.075517,0.084739,0.068306,-0.991187,img_88.jpg
41934,1280,720,631.94293,353.39117,986.8637,986.74805,1.503,-0.012,1.016,0.075517,0.084739,0.068306,-0.991187,img_89.jpg
42005,1280,720,631.94293,353.39117,986.8637,986.74805,1.503,-0.012,1.016,0.075517,0.084739,0.068306,-0.991187,img_90.jpg
42084,1280,720,631.94293,353.39117,986.8637,986.74805,1.503,-0.012,1.016,0.075517,0.084739,0.068306,-0.991187,img_91.jpg
42168,1280,720,631.94293,353.39117,986.8637,986.74805,1.503,-0.012,1.016,0.075517,0.084739,0.068306,-0.991187,img_92.jpg
42238,1280,720,631.94293,353.39117,986.8637,986.74805,1.503,-0.012,1.016,0.075517,0.084739,0.068306,-0.991187,img_93.jpg
42317,1280,720,631.94293,353.39117,986.8637,986.74805,1.503,-0.012,1.016,0.075517,0.084739,0.068306,-0.991187,img_94.jpg
42400,1280,720,631.94293,353.39117,986.8637,986.74805,1.503,-0.012,1.016,0.075517,0.084739,0.068306,-0.991187,img_95.jpg
42469,1280,720,631.94293,353.39117,986.8637,986.74805,1.503,-0.012,1.016,0.075517,0.084739,0.068306,-0.991187,img_96.jpg
42542,1280,720,631.94293,353.39117,986.8637,986.74805,1.503,-0.012,1.016,0.075517,0.084739,0.068306,-0.991187,img_97.jpg
42615,1280,720,631.94293,353.39117,986.8637,986.74805,1.503,-0.012,1.016,0.075517,0.084739,0.068306,-0.991187,img_98.jpg
42700,1280,720,631.94293,353.39117,986.8637,986.74805,1.503,-0.012,1.016,0.075517,0.084739,0.068306,-0.991187,img_99.jpg
42772,1280,720,631.94293,353.39117,986.8637,986.74805,1.503,-0.012,1.016,0.075517,0.084739,0.068306,-0.991187,img_100.jpg
42847,1280,720,631.94293,353.39117,986.8637,986.74805,1.503,-0.012,1.016,0.075517,0.084739,0.068306,-0.991187,img_101.jpg
42934,1280,720,631.94293,353.39117,986.8637,986.74805,1.503,-0.012,1.016,0.075517,0.084739,0.068306,-0.991187,img_102.jpg
43011,1280,720,631.94293,353.39117,986.8637,986.74805,1.503,-0.012,1.016,0.075517,0.084739,0.068306,-0.991187,img_103.jpg
43101,1280,720,631.94293,353.39117,986.8637,986.74805,1.040,-0.015,1.057,0.120449,0.066116,0.007627,-0.990486,img_104.jpg
43177,1280,720,631.94293,353.39117,986.8637,986.74805,0.915,-0.051,0.972,0.130809,0.070774,-0.006952,-0.988854,img_105.jpg
43269,1280,720,631.94293,353.39117,986.8637,986.74805,0.896,-0.013,0.894,0.105423,0.068838,0.016749,-0.991901,img_106.jpg
43342,1280,720,631.94293,353.39117,986.8637,986.74805,0.875,-0.026,0.844,0.094832,0.074312,0.015549,-0.992594,img_107.jpg
43439,1280,720,631.94293,353.39117,986.8637,986.74805,0.864,-0.033,0.818,0.083778,0.079815,0.017089,-0.993136,img_108.jpg
43513,1280,720,631.94293,353.39117,986.8637,986.74805,0.851,-0.040,0.788,0.082506,0.085489,0.016449,-0.992781,img_109.jpg
43601,1280,720,631.94293,353.39117,986.8637,986.74805,0.877,-0.022,0.820,0.067560,0.090243,0.019073,-0.993443,img_110.jpg
43670,1280,720,631.94293,353.39117,986.8637,986.74805,0.875,-0.022,0.814,0.068464,0.091661,0.017886,-0.993273,img_111.jpg
43748,1280,720,631.94293,353.39117,986.8637,986.74805,0.875,-0.028,0.809,0.068384,0.091301,0.020379,-0.993264,img_112.jpg
43835,1280,720,631.94293,353.39117,986.8637,986.74805,0.878,-0.030,0.808,0.068125,0.092127,0.021934,-0.993172,img_113.jpg
43905,1280,720,631.94293,353.39117,986.8637,986.74805,0.883,-0.031,0.802,0.073117,0.091337,0.025648,-0.992801,img_114.jpg
43985,1280,720,631.94293,353.39117,986.8637,986.74805,0.889,-0.034,0.800,0.071073,0.090320,0.025850,-0.993037,img_115.jpg
44068,1280,720,631.94293,353.39117,986.8637,986.74805,0.896,-0.034,0.793,0.070007,0.088225,0.028601,-0.993226,img_116.jpg
44135,1280,720,631.94293,353.39117,986.8637,986.74805,0.914,-0.035,0.796,0.068148,0.080951,0.032206,-0.993864,img_117.jpg
44215,1280,720,631.94293,353.39117,986.8637,986.74805,0.935,-0.037,0.801,0.064150,0.071661,0.034845,-0.994754,img_118.jpg
44301,1280,720,631.94293,353.39117,986.8637,986.74805,0.948,-0.033,0.814,0.059560,0.066843,0.040496,-0.995161,img_119.jpg
44372,1280,720,631.94293,353.39117,986.8637,986.74805,0.969,-0.032,0.822,0.053166,0.061284,0.043950,-0.995734,img_120.jpg
44447,1280,720,631.94293,353.39117,986.8637,986.74805,1.005,-0.029,0.837,0.055679,0.052149,0.047515,-0.995953,img_121.jpg
44535,1280,720,631.94293,353.39117,986.8637,986.74805,1.034,-0.024,0.846,0.056278,0.046389,0.049188,-0.996123,img_122.jpg
44609,1280,720,631.94293,353.39117,986.8637,986.74805,1.081,-0.015,0.859,0.064584,0.036926,0.054060,-0.995762,img_123.jpg
44685,1280,720,631.94293,353.39117,986.8637,986.74805,1.114,-0.011,0.870,0.067527,0.028070,0.057504,-0.995663,img_124.jpg
44769,1280,720,631.94293,353.39117,986.8637,986.74805,1.147,-0.002,0.880,0.071704,0.015179,0.055613,-0.995759,img_125.jpg,marker_3.jpg,0.4248994,0.4248994,1.058,-0.202,-0.214,-0.722667,0.097057,-0.079762,-0.079762
44843,1280,720,631.94293,353.39117,986.8637,986.74805,1.190,0.004,0.904,0.071924,-0.001847,0.056729,-0.995794,img_126.jpg
44935,1280,720,631.94293,353.39117,986.8637,986.74805,1.215,0.005,0.922,0.065518,0.002562,0.061972,-0.995922,img_127.jpg
45001,1280,720,631.94293,353.39117,986.8637,986.74805,1.247,0.005,0.937,0.068030,0.005413,0.068307,-0.995327,img_128.jpg
45075,1280,720,631.94293,353.39117,986.8637,986.74805,1.298,0.001,0.964,0.072205,0.014152,0.070939,-0.994763,img_129.jpg
45153,1280,720,631.94293,353.39117,986.8637,986.74805,1.316,-0.003,0.979,0.075233,0.025189,0.076818,-0.993884,img_130.jpg
45234,1280,720,631.94293,353.39117,986.8637,986.74805,1.340,-0.006,0.994,0.079947,0.044038,0.084895,-0.992201,img_131.jpg
45309,1280,720,631.94293,353.39117,986.8637,986.74805,1.378,-0.010,1.010,0.081011,0.079694,0.091705,-0.989281,img_132.jpg
45401,1280,720,631.94293,353.39117,986.8637,986.74805,1.406,-0.012,1.018,0.085385,0.104893,0.095831,-0.986166,img_133.jpg
45471,1280,720,631.94293,353.39117,986.8637,986.74805,1.437,-0.017,1.029,0.085580,0.128080,0.097192,-0.983273,img_134.jpg
45543,1280,720,631.94293,353.39117,986.8637,986.74805,1.477,-0.016,1.033,0.084513,0.158718,0.102147,-0.978382,img_135.jpg
45635,1280,720,631.94293,353.39117,986.8637,986.74805,1.515,-0.015,1.033,0.085603,0.183844,0.108442,-0.973198,img_136.jpg
45718,1280,720,631.94293,353.39117,986.8637,986.74805,1.546,-0.012,1.033,0.084188,0.198534,0.109947,-0.970262,img_137.jpg
45802,1280,720,631.94293,353.39117,986.8637,986.74805,1.598,-0.012,1.025,0.085545,0.216179,0.113491,-0.965955,img_138.jpg
45885,1280,720,631.94293,353.39117,986.8637,986.74805,1.633,-0.013,1.025,0.083760,0.227752,0.107582,-0.964126,img_139.jpg
45969,1280,720,631.94293,353.39117,986.8637,986.74805,1.667,-0.011,1.018,0.081683,0.236836,0.101451,-0.962779,img_140.jpg
46040,1280,720,631.94293,353.39117,986.8637,986.74805,1.722,-0.008,1.007,0.087860,0.245257,0.101008,-0.960170,img_141.jpg
46135,1280,720,631.94293,353.39117,986.8637,986.74805,1.776,-0.007,1.006,0.078165,0.253786,0.086650,-0.960195,img_142.jpg
46218,1280,720,631.94293,353.39117,986.8637,986.74805,1.813,-0.006,1.008,0.075258,0.261653,0.086348,-0.958341,img_143.jpg
46301,1280,720,631.94293,353.39117,986.8637,986.74805,1.872,-0.010,1.018,0.076429,0.277727,0.089202,-0.953451,img_144.jpg
46385,1280,720,631.94293,353.39117,986.8637,986.74805,1.908,-0.012,1.019,0.083018,0.287007,0.090052,-0.950066,img_145.jpg
46468,1280,720,631.94293,353.39117,986.8637,986.74805,1.943,-0.014,1.024,0.082130,0.296482,0.084074,-0.947779,img_146.jpg
46539,1280,720,631.94293,353.39117,986.8637,986.74805,2.001,-0.016,1.036,0.076471,0.303813,0.088929,-0.945485,img_147.jpg
46618,1280,720,631.94293,353.39117,986.8637,986.74805,2.040,-0.018,1.046,0.073318,0.306144,0.087909,-0.945078,img_148.jpg
46701,1280,720,631.94293,353.39117,986.8637,986.74805,2.082,-0.019,1.059,0.066878,0.306094,0.085629,-0.945781,img_149.jpg
46769,1280,720,631.94293,353.39117,986.8637,986.74805,2.124,-0.020,1.074,0.064451,0.306070,0.083891,-0.946113,img_150.jpg
46843,1280,720,631.94293,353.39117,986.8637,986.74805,2.187,-0.016,1.100,0.059762,0.303791,0.075895,-0.947829,img_151.jpg
46935,1280,720,631.94293,353.39117,986.8637,986.74805,2.231,-0.011,1.116,0.064213,0.303243,0.079305,-0.947434,img_152.jpg
47006,1280,720,631.94293,353.39117,986.8637,986.74805,2.271,-0.005,1.131,0.066712,0.304171,0.076143,-0.947223,img_153.jpg
47082,1280,720,631.94293,353.39117,986.8637,986.74805,2.329,0.001,1.153,0.069805,0.304546,0.071995,-0.947204,img_154.jpg
47169,1280,720,631.94293,353.39117,986.8637,986.74805,2.365,0.004,1.165,0.069351,0.306677,0.070647,-0.946651,img_155.jpg
47242,1280,720,631.94293,353.39117,986.8637,986.74805,2.418,0.008,1.174,0.066177,0.308555,0.074950,-0.945937,img_156.jpg
47335,1280,720,631.94293,353.39117,986.8637,986.74805,2.418,0.008,1.174,0.066177,0.308555,0.074950,-0.945937,img_157.jpg
47408,1280,720,631.94293,353.39117,986.8637,986.74805,2.418,0.008,1.174,0.066177,0.308555,0.074950,-0.945937,img_158.jpg
47485,1280,720,631.94293,353.39117,986.8637,986.74805,2.418,0.008,1.174,0.066177,0.308555,0.074950,-0.945937,img_159.jpg
47569,1280,720,631.94293,353.39117,986.8637,986.74805,2.418,0.008,1.174,0.066177,0.308555,0.074950,-0.945937,img_160.jpg
47637,1280,720,631.94293,353.39117,986.8637,986.74805,2.418,0.008,1.174,0.066177,0.308555,0.074950,-0.945937,img_161.jpg
47718,1280,720,631.94293,353.39117,986.8637,986.74805,2.418,0.008,1.174,0.066177,0.308555,0.074950,-0.945937,img_162.jpg
47802,1280,720,631.94293,353.39117,986.8637,986.74805,2.418,0.008,1.174,0.066177,0.308555,0.074950,-0.945937,img_163.jpg
47873,1280,720,631.94293,353.39117,986.8637,986.74805,2.418,0.008,1.174,0.066177,0.308555,0.074950,-0.945937,img_164.jpg
47943,1280,720,631.94293,353.39117,986.8637,986.74805,2.418,0.008,1.174,0.066177,0.308555,0.074950,-0.945937,img_165.jpg
48017,1280,720,631.94293,353.39117,986.8637,986.74805,2.418,0.008,1.174,0.066177,0.308555,0.074950,-0.945937,img_166.jpg
48102,1280,720,631.94293,353.39117,986.8637,986.74805,2.418,0.008,1.174,0.066177,0.308555,0.074950,-0.945937,img_167.jpg
48185,1280,720,631.94293,353.39117,986.8637,986.74805,2.418,0.008,1.174,0.066177,0.308555,0.074950,-0.945937,img_168.jpg
48252,1280,720,631.94293,353.39117,986.8637,986.74805,2.418,0.008,1.174,0.066177,0.308555,0.074950,-0.945937,img_169.jpg
48335,1280,720,631.94293,353.39117,986.8637,986.74805,2.418,0.008,1.174,0.066177,0.308555,0.074950,-0.945937,img_170.jpg
48405,1280,720,631.94293,353.39117,986.8637,986.74805,2.418,0.008,1.174,0.066177,0.308555,0.074950,-0.945937,img_171.jpg
48477,1280,720,631.94293,353.39117,986.8637,986.74805,2.418,0.008,1.174,0.066177,0.308555,0.074950,-0.945937,img_172.jpg
48552,1280,720,631.94293,353.39117,986.8637,986.74805,2.418,0.008,1.174,0.066177,0.308555,0.074950,-0.945937,img_173.jpg
48635,1280,720,631.94293,353.39117,986.8637,986.74805,2.418,0.008,1.174,0.066177,0.308555,0.074950,-0.945937,img_174.jpg
48707,1280,720,631.94293,353.39117,986.8637,986.74805,2.418,0.008,1.174,0.066177,0.308555,0.074950,-0.945937,img_175.jpg
48786,1280,720,631.94293,353.39117,986.8637,986.74805,2.418,0.008,1.174,0.066177,0.308555,0.074950,-0.945937,img_176.jpg
48855,1280,720,631.94293,353.39117,986.8637,986.74805,2.418,0.008,1.174,0.066177,0.308555,0.074950,-0.945937,img_177.jpg
48928,1280,720,631.94293,353.39117,986.8637,986.74805,2.418,0.008,1.174,0.066177,0.308555,0.074950,-0.945937,img_178.jpg
49019,1280,720,631.94293,353.39117,986.8637,986.74805,2.418,0.008,1.174,0.066177,0.308555,0.074950,-0.945937,img_179.jpg
49102,1280,720,631.94293,353.39117,986.8637,986.74805,2.418,0.008,1.174,0.066177,0.308555,0.074950,-0.945937,img_180.jpg
49186,1280,720,631.94293,353.39117,986.8637,986.74805,2.418,0.008,1.174,0.066177,0.308555,0.074950,-0.945937,img_181.jpg
49269,1280,720,631.94293,353.39117,986.8637,986.74805,2.418,0.008,1.174,0.066177,0.308555,0.074950,-0.945937,img_182.jpg
49339,1280,720,631.94293,353.39117,986.8637,986.74805,2.418,0.008,1.174,0.066177,0.308555,0.074950,-0.945937,img_183.jpg
49418,1280,720,631.94293,353.39117,986.8637,986.74805,2.418,0.008,1.174,0.066177,0.308555,0.074950,-0.945937,img_184.jpg
49491,1280,720,631.94293,353.39117,986.8637,986.74805,2.418,0.008,1.174,0.066177,0.308555,0.074950,-0.945937,img_185.jpg
49561,1280,720,631.94293,353.39117,986.8637,986.74805,2.418,0.008,1.174,0.066177,0.308555,0.074950,-0.945937,img_186.jpg
49653,1280,720,631.94293,353.39117,986.8637,986.74805,2.418,0.008,1.174,0.066177,0.308555,0.074950,-0.945937,img_187.jpg
49735,1280,720,631.94293,353.39117,986.8637,986.74805,2.418,0.008,1.174,0.066177,0.308555,0.074950,-0.945937,img_188.jpg
49809,1280,720,631.94293,353.39117,986.8637,986.74805,2.418,0.008,1.174,0.066177,0.308555,0.074950,-0.945937,img_189.jpg
49902,1280,720,631.94293,353.39117,986.8637,986.74805,2.418,0.008,1.174,0.066177,0.308555,0.074950,-0.945937,img_190.jpg
49971,1280,720,631.94293,353.39117,986.8637,986.74805,2.418,0.008,1.174,0.066177,0.308555,0.074950,-0.945937,img_191.jpg
50053,1280,720,631.94293,353.39117,986.8637,986.74805,2.418,0.008,1.174,0.066177,0.308555,0.074950,-0.945937,img_192.jpg
50124,1280,720,631.94293,353.39117,986.8637,986.74805,2.418,0.008,1.174,0.066177,0.308555,0.074950,-0.945937,img_193.jpg
50199,1280,720,631.94293,353.39117,986.8637,986.74805,2.418,0.008,1.174,0.066177,0.308555,0.074950,-0.945937,img_194.jpg
50276,1280,720,631.94293,353.39117,986.8637,986.74805,2.418,0.008,1.174,0.066177,0.308555,0.074950,-0.945937,img_195.jpg
50353,1280,720,631.94293,353.39117,986.8637,986.74805,2.418,0.008,1.174,0.066177,0.308555,0.074950,-0.945937,img_196.jpg
50428,1280,720,631.94293,353.39117,986.8637,986.74805,2.418,0.008,1.174,0.066177,0.308555,0.074950,-0.945937,img_197.jpg
50505,1280,720,631.94293,353.39117,986.8637,986.74805,2.418,0.008,1.174,0.066177,0.308555,0.074950,-0.945937,img_198.jpg
50585,1280,720,631.94293,353.39117,986.8637,986.74805,2.418,0.008,1.174,0.066177,0.308555,0.074950,-0.945937,img_199.jpg
50656,1280,720,631.94293,353.39117,986.8637,986.74805,2.418,0.008,1.174,0.066177,0.308555,0.074950,-0.945937,img_200.jpg
50732,1280,720,631.94293,353.39117,986.8637,986.74805,2.418,0.008,1.174,0.066177,0.308555,0.074950,-0.945937,img_201.jpg
50818,1280,720,631.94293,353.39117,986.8637,986.74805,2.418,0.008,1.174,0.066177,0.308555,0.074950,-0.945937,img_202.jpg
50893,1280,720,631.94293,353.39117,986.8637,986.74805,2.418,0.008,1.174,0.066177,0.308555,0.074950,-0.945937,img_203.jpg
50965,1280,720,631.94293,353.39117,986.8637,986.74805,2.418,0.008,1.174,0.066177,0.308555,0.074950,-0.945937,img_204.jpg
51037,1280,720,631.94293,353.39117,986.8637,986.74805,2.418,0.008,1.174,0.066177,0.308555,0.074950,-0.945937,img_205.jpg
51118,1280,720,631.94293,353.39117,986.8637,986.74805,2.418,0.008,1.174,0.066177,0.308555,0.074950,-0.945937,img_206.jpg
51194,1280,720,631.94293,353.39117,986.8637,986.74805,2.418,0.008,1.174,0.066177,0.308555,0.074950,-0.945937,img_207.jpg
51268,1280,720,631.94293,353.39117,986.8637,986.74805,1.766,-0.020,1.023,0.053103,0.200117,0.026696,-0.977968,img_208.jpg
51353,1280,720,631.94293,353.39117,986.8637,986.74805,1.779,-0.022,1.052,0.044093,0.199794,0.025933,-0.978502,img_209.jpg
51435,1280,720,631.94293,353.39117,986.8637,986.74805,1.773,-0.017,1.054,0.036711,0.203840,0.029726,-0.977864,img_210.jpg
51519,1280,720,631.94293,353.39117,986.8637,986.74805,1.784,-0.020,1.059,0.037727,0.208872,0.032692,-0.976668,img_211.jpg
51602,1280,720,631.94293,353.39117,986.8637,986.74805,1.802,-0.020,1.062,0.035272,0.219488,0.031172,-0.974479,img_212.jpg
51686,1280,720,631.94293,353.39117,986.8637,986.74805,1.815,-0.019,1.064,0.033616,0.227769,0.032024,-0.972608,img_213.jpg
51770,1280,720,631.94293,353.39117,986.8637,986.74805,1.838,-0.020,1.063,0.031279,0.243029,0.029242,-0.969074,img_214.jpg
51854,1280,720,631.94293,353.39117,986.8637,986.74805,1.855,-0.018,1.061,0.032504,0.252018,0.029374,-0.966730,img_215.jpg
51926,1280,720,631.94293,353.39117,986.8637,986.74805,1.869,-0.016,1.060,0.030225,0.262165,0.023006,-0.964275,img_216.jpg,marker_4.jpg,0.21268395,0.21268395,1.990,-0.085,0.508,-0.707086,0.192251,-0.218921,-0.218921
52001,1280,720,631.94293,353.39117,986.8637,986.74805,1.895,-0.012,1.061,0.027937,0.280313,0.016050,-0.959368,img_217.jpg
52087,1280,720,631.94293,353.39117,986.8637,986.74805,1.908,-0.010,1.062,0.027233,0.291916,0.015134,-0.955936,img_218.jpg
52170,1280,720,631.94293,353.39117,986.8637,986.74805,1.922,-0.007,1.066,0.024095,0.303180,0.018539,-0.952448,img_219.jpg
52240,1280,720,631.94293,353.39117,986.8637,986.74805,1.941,-0.004,1.070,0.022115,0.314471,0.026574,-0.948637,img_220.jpg
52337,1280,720,631.94293,353.39117,986.8637,986.74805,1.958,-0.005,1.070,0.026947,0.315722,0.032931,-0.947897,img_221.jpg
52420,1280,720,631.94293,353.39117,986.8637,986.74805,1.978,-0.007,1.072,0.030769,0.310307,0.042786,-0.949175,img_222.jpg
52503,1280,720,631.94293,353.39117,986.8637,986.74805,1.993,-0.012,1.078,0.032924,0.313810,0.046279,-0.947786,img_223.jpg
52576,1280,720,631.94293,353.39117,986.8637,986.74805,2.017,-0.022,1.092,0.037180,0.319070,0.053119,-0.945511,img_224.jpg
52654,1280,720,631.94293,353.39117,986.8637,986.74805,2.038,-0.027,1.107,0.038756,0.321027,0.055399,-0.944654,img_225.jpg
52736,1280,720,631.94293,353.39117,986.8637,986.74805,2.067,-0.033,1.135,0.038420,0.325828,0.059516,-0.942771,img_226.jpg
52819,1280,720,631.94293,353.39117,986.8637,986.74805,2.086,-0.038,1.155,0.041222,0.331116,0.064183,-0.940502,img_227.jpg
52892,1280,720,631.94293,353.39117,986.8637,986.74805,2.105,-0.042,1.178,0.040787,0.340654,0.063066,-0.937184,img_228.jpg
52966,1280,720,631.94293,353.39117,986.8637,986.74805,2.125,-0.045,1.202,0.041532,0.351316,0.068122,-0.932851,img_229.jpg
53036,1280,720,631.94293,353.39117,986.8637,986.74805,2.155,-0.048,1.241,0.046361,0.373774,0.080446,-0.922861,img_230.jpg
53119,1280,720,631.94293,353.39117,986.8637,986.74805,2.171,-0.052,1.266,0.051685,0.391830,0.085089,-0.914635,img_231.jpg
53192,1280,720,631.94293,353.39117,986.8637,986.74805,2.189,-0.056,1.288,0.060101,0.407839,0.094728,-0.906136,img_232.jpg
53263,1280,720,631.94293,353.39117,986.8637,986.74805,2.205,-0.061,1.308,0.067401,0.427832,0.101835,-0.895571,img_233.jpg
53334,1280,720,631.94293,353.39117,986.8637,986.74805,2.227,-0.067,1.335,0.071431,0.454519,0.114977,-0.880392,img_234.jpg
53419,1280,720,631.94293,353.39117,986.8637,986.74805,2.243,-0.071,1.350,0.075626,0.473435,0.131612,-0.867651,img_235.jpg
53490,1280,720,631.94293,353.39117,986.8637,986.74805,2.257,-0.074,1.363,0.076485,0.491316,0.143975,-0.855588,img_236.jpg
53570,1280,720,631.94293,353.39117,986.8637,986.74805,2.272,-0.077,1.374,0.077962,0.510451,0.153304,-0.842532,img_237.jpg
53654,1280,720,631.94293,353.39117,986.8637,986.74805,2.293,-0.083,1.388,0.076282,0.542130,0.161412,-0.821110,img_238.jpg
53726,1280,720,631.94293,353.39117,986.8637,986.74805,2.308,-0.086,1.395,0.077613,0.558740,0.171272,-0.807745,img_239.jpg
53803,1280,720,631.94293,353.39117,986.8637,986.74805,2.329,-0.094,1.410,0.084456,0.589079,0.178243,-0.783635,img_240.jpg
53886,1280,720,631.94293,353.39117,986.8637,986.74805,2.347,-0.098,1.416,0.088364,0.612122,0.179706,-0.764987,img_241.jpg
53951,1280,720,631.94293,353.39117,986.8637,986.74805,2.363,-0.102,1.433,0.090756,0.629791,0.182226,-0.749613,img_242.jpg
54028,1280,720,631.94293,353.39117,986.8637,986.74805,2.384,-0.110,1.473,0.091579,0.648168,0.179875,-0.734259,img_243.jpg
54104,1280,720,631.94293,353.39117,986.8637,986.74805,2.410,-0.106,1.497,0.098793,0.674180,0.177638,-0.710046,img_244.jpg
54187,1280,720,631.94293,353.39117,986.8637,986.74805,2.431,-0.106,1.509,0.103598,0.689698,0.182560,-0.693005,img_245.jpg
54257,1280,720,631.94293,353.39117,986.8637,986.74805,2.453,-0.105,1.529,0.104480,0.704651,0.184141,-0.677232,img_246.jpg
54331,1280,720,631.94293,353.39117,986.8637,986.74805,2.481,-0.107,1.555,0.102771,0.729694,0.191259,-0.648386,img_247.jpg
54419,1280,720,631.94293,353.39117,986.8637,986.74805,2.496,-0.107,1.596,0.096035,0.743755,0.194296,-0.632341,img_248.jpg
54494,1280,720,631.94293,353.39117,986.8637,986.74805,2.511,-0.102,1.632,0.091846,0.759697,0.201148,-0.611526,img_249.jpg
54564,1280,720,631.94293,353.39117,986.8637,986.74805,2.518,-0.106,1.651,0.092054,0.771098,0.213969,-0.592580,img_250.jpg
54654,1280,720,631.94293,353.39117,986.8637,986.74805,2.523,-0.110,1.691,0.084200,0.793570,0.219240,-0.561329,img_251.jpg
54727,1280,720,631.94293,353.39117,986.8637,986.74805,2.536,-0.116,1.723,0.076306,0.801072,0.225962,-0.549001,img_252.jpg
54803,1280,720,631.94293,353.39117,986.8637,986.74805,2.542,-0.129,1.761,0.070224,0.808485,0.239502,-0.532973,img_253.jpg
54886,1280,720,631.94293,353.39117,986.8637,986.74805,2.541,-0.134,1.787,0.067704,0.812645,0.244081,-0.524832,img_254.jpg
54957,1280,720,631.94293,353.39117,986.8637,986.74805,2.545,-0.145,1.820,0.064945,0.814405,0.251053,-0.519133,img_255.jpg
55035,1280,720,631.94293,353.39117,986.8637,986.74805,2.547,-0.158,1.868,0.072599,0.816806,0.264306,-0.507642,img_256.jpg
55120,1280,720,631.94293,353.39117,986.8637,986.74805,2.547,-0.164,1.904,0.078228,0.816902,0.275779,-0.500497,img_257.jpg
55191,1280,720,631.94293,353.39117,986.8637,986.74805,2.544,-0.173,1.940,0.083356,0.820300,0.288019,-0.487036,img_258.jpg
55261,1280,720,631.94293,353.39117,986.8637,986.74805,2.541,-0.178,1.978,0.086015,0.824659,0.296236,-0.474114,img_259.jpg
55328,1280,720,631.94293,353.39117,986.8637,986.74805,2.537,-0.181,2.010,0.090395,0.825153,0.309796,-0.463656,img_260.jpg
55403,1280,720,631.94293,353.39117,986.8637,986.74805,2.529,-0.190,2.058,0.095498,0.829372,0.322271,-0.446278,img_261.jpg
55487,1280,720,631.94293,353.39117,986.8637,986.74805,2.523,-0.197,2.085,0.096040,0.831098,0.331073,-0.436398,img_262.jpg
55557,1280,720,631.94293,353.39117,986.8637,986.74805,2.519,-0.203,2.109,0.095719,0.834475,0.337197,-0.425191,img_263.jpg
55634,1280,720,631.94293,353.39117,986.8637,986.74805,2.521,-0.215,2.147,0.093188,0.838157,0.348790,-0.408846,img_264.jpg
55737,1280,720,631.94293,353.39117,986.8637,986.74805,2.521,-0.232,2.229,0.086881,0.840028,0.356726,-0.399439,img_265.jpg
55820,1280,720,631.94293,353.39117,986.8637,986.74805,2.521,-0.238,2.274,0.083309,0.842171,0.359619,-0.393041,img_266.jpg
55897,1280,720,631.94293,353.39117,986.8637,986.74805,2.523,-0.241,2.304,0.079462,0.844830,0.362962,-0.384976,img_267.jpg
55970,1280,720,631.94293,353.39117,986.8637,986.74805,2.530,-0.246,2.342,0.076137,0.848732,0.364838,-0.375167,img_268.jpg
56055,1280,720,631.94293,353.39117,986.8637,986.74805,2.535,-0.246,2.372,0.077376,0.853198,0.360090,-0.369325,img_269.jpg
56127,1280,720,631.94293,353.39117,986.8637,986.74805,2.548,-0.242,2.418,0.082434,0.857818,0.351590,-0.365702,img_270.jpg
56220,1280,720,631.94293,353.39117,986.8637,986.74805,2.560,-0.233,2.443,0.089011,0.863954,0.330366,-0.369485,img_271.jpg
56294,1280,720,631.94293,353.39117,986.8637,986.74805,2.570,-0.220,2.472,0.089100,0.867948,0.312153,-0.375884,img_272.jpg
56372,1280,720,631.94293,353.39117,986.8637,986.74805,2.588,-0.194,2.508,0.083446,0.876456,0.289938,-0.375230,img_273.jpg
56454,1280,720,631.94293,353.39117,986.8637,986.74805,2.594,-0.169,2.527,0.073698,0.885199,0.261876,-0.377376,img_274.jpg
56528,1280,720,631.94293,353.39117,986.8637,986.74805,2.600,-0.140,2.543,0.058799,0.892677,0.232160,-0.381802,img_275.jpg
56606,1280,720,631.94293,353.39117,986.8637,986.74805,2.604,-0.095,2.564,0.041338,0.900320,0.187071,-0.390793,img_276.jpg
56704,1280,720,631.94293,353.39117,986.8637,986.74805,2.605,-0.057,2.582,0.025342,0.902338,0.146432,-0.404600,img_277.jpg
56787,1280,720,631.94293,353.39117,986.8637,986.74805,2.602,-0.035,2.591,0.015157,0.901151,0.124596,-0.414938,img_278.jpg
56862,1280,720,631.94293,353.39117,986.8637,986.74805,2.598,-0.019,2.599,0.009581,0.898881,0.104381,-0.425472,img_279.jpg
56937,1280,720,631.94293,353.39117,986.8637,986.74805,2.591,0.002,2.616,0.002581,0.893653,0.080440,-0.441483,img_280.jpg
57021,1280,720,631.94293,353.39117,986.8637,986.74805,2.580,0.011,2.620,-0.000505,0.890141,0.069546,-0.450346,img_281.jpg
57096,1280,720,631.94293,353.39117,986.8637,986.74805,2.571,0.018,2.628,-0.002893,0.886480,0.062538,-0.458512,img_282.jpg
57168,1280,720,631.94293,353.39117,986.8637,986.74805,2.559,0.021,2.638,-0.006782,0.882082,0.054973,-0.467828,img_283.jpg
57255,1280,720,631.94293,353.39117,986.8637,986.74805,2.548,0.021,2.643,-0.006866,0.881043,0.051557,-0.470168,img_284.jpg,marker_6.jpg,0.2625106,0.2625106,3.068,-0.180,3.082,-0.356163,0.622153,-0.597756,-0.597756
57329,1280,720,631.94293,353.39117,986.8637,986.74805,2.539,0.021,2.659,-0.006098,0.880303,0.049316,-0.471802,img_285.jpg
57405,1280,720,631.94293,353.39117,986.8637,986.74805,2.532,0.023,2.670,-0.007184,0.880090,0.049244,-0.472191,img_286.jpg
57488,1280,720,631.94293,353.39117,986.8637,986.74805,2.526,0.023,2.678,-0.006300,0.879632,0.048405,-0.473144,img_287.jpg
57559,1280,720,631.94293,353.39117,986.8637,986.74805,2.519,0.022,2.691,-0.004122,0.878485,0.052285,-0.474884,img_288.jpg
57638,1280,720,631.94293,353.39117,986.8637,986.74805,2.513,0.020,2.697,-0.002234,0.877789,0.054010,-0.475987,img_289.jpg
57721,1280,720,631.94293,353.39117,986.8637,986.74805,2.506,0.018,2.703,-0.002661,0.876463,0.057366,-0.478032,img_290.jpg,marker_6.jpg,0.25889614,0.25889614,3.062,-0.178,3.073,-0.354426,0.621123,-0.609353,-0.609353
57804,1280,720,631.94293,353.39117,986.8637,986.74805,2.496,0.018,2.711,-0.003159,0.874136,0.058469,-0.482140,img_291.jpg
57888,1280,720,631.94293,353.39117,986.8637,986.74805,2.489,0.018,2.714,-0.002947,0.872468,0.057315,-0.485289,img_292.jpg
57960,1280,720,631.94293,353.39117,986.8637,986.74805,2.482,0.018,2.717,-0.002995,0.870155,0.057361,-0.489420,img_293.jpg
58031,1280,720,631.94293,353.39117,986.8637,986.74805,2.471,0.018,2.720,-0.003178,0.867166,0.056043,-0.494846,img_294.jpg
58121,1280,720,631.94293,353.39117,986.8637,986.74805,2.462,0.018,2.723,-0.003785,0.865727,0.056020,-0.497357,img_295.jpg
58189,1280,720,631.94293,353.39117,986.8637,986.74805,2.450,0.018,2.729,-0.005205,0.864090,0.057120,-0.500059,img_296.jpg,marker_6.jpg,0.25884783,0.25884783,3.060,-0.179,3.073,-0.347016,0.623108,-0.615228,-0.615228
58265,1280,720,631.94293,353.39117,986.8637,986.74805,2.431,0.015,2.736,-0.006767,0.862469,0.058148,-0.502713,img_297.jpg
58354,1280,720,631.94293,353.39117,986.8637,986.74805,2.420,0.012,2.743,-0.006526,0.862182,0.062892,-0.502637,img_298.jpg
58424,1280,720,631.94293,353.39117,986.8637,986.74805,2.409,0.006,2.751,-0.004765,0.863295,0.067880,-0.500091,img_299.jpg
58499,1280,720,631.94293,353.39117,986.8637,986.74805,2.396,-0.007,2.765,0.000995,0.866740,0.079566,-0.492372,img_300.jpg
58588,1280,720,631.94293,353.39117,986.8637,986.74805,2.382,-0.015,2.771,0.003950,0.869137,0.091081,-0.486097,img_301.jpg
58660,1280,720,631.94293,353.39117,986.8637,986.74805,2.374,-0.024,2.782,0.006355,0.870373,0.100614,-0.481961,img_302.jpg
58738,1280,720,631.94293,353.39117,986.8637,986.74805,2.362,-0.037,2.799,0.011121,0.875129,0.116057,-0.469634,img_303.jpg
58821,1280,720,631.94293,353.39117,986.8637,986.74805,2.349,-0.044,2.811,0.011874,0.878799,0.126032,-0.460096,img_304.jpg,marker_6.jpg,0.26214388,0.26214388,3.057,-0.175,3.069,-0.354833,0.625942,-0.604311,-0.604311
58898,1280,720,631.94293,353.39117,986.8637,986.74805,2.332,-0.058,2.840,0.016124,0.888038,0.134029,-0.439506,img_305.jpg
58987,1280,720,631.94293,353.39117,986.8637,986.74805,2.320,-0.068,2.863,0.018958,0.893762,0.141483,-0.425221,img_306.jpg
59061,1280,720,631.94293,353.39117,986.8637,986.74805,2.309,-0.078,2.890,0.022605,0.899067,0.150939,-0.410348,img_307.jpg
59141,1280,720,631.94293,353.39117,986.8637,986.74805,2.287,-0.092,2.933,0.031255,0.907746,0.160052,-0.386528,img_308.jpg
59238,1280,720,631.94293,353.39117,986.8637,986.74805,2.259,-0.101,2.988,0.035644,0.916397,0.166558,-0.362221,img_309.jpg
59321,1280,720,631.94293,353.39117,986.8637,986.74805,2.241,-0.104,3.026,0.035979,0.919744,0.173126,-0.350435,img_310.jpg
59400,1280,720,631.94293,353.39117,986.8637,986.74805,2.217,-0.107,3.078,0.033272,0.923789,0.185185,-0.333487,img_311.jpg
59488,1280,720,631.94293,353.39117,986.8637,986.74805,2.202,-0.109,3.109,0.031358,0.927784,0.188908,-0.320230,img_312.jpg
59566,1280,720,631.94293,353.39117,986.8637,986.74805,2.188,-0.112,3.142,0.028449,0.930120,0.196723,-0.308817,img_313.jpg
59644,1280,720,631.94293,353.39117,986.8637,986.74805,2.167,-0.120,3.191,0.019150,0.931278,0.213619,-0.294486,img_314.jpg
59738,1280,720,631.94293,353.39117,986.8637,986.74805,2.139,-0.125,3.238,0.012143,0.933741,0.220270,-0.281889,img_315.jpg
59821,1280,720,631.94293,353.39117,986.8637,986.74805,2.119,-0.128,3.272,0.005771,0.933565,0.227075,-0.277236,img_316.jpg
59905,1280,720,631.94293,353.39117,986.8637,986.74805,2.086,-0.133,3.318,0.003057,0.934093,0.227241,-0.275358,img_317.jpg
59987,1280,720,631.94293,353.39117,986.8637,986.74805,2.062,-0.136,3.349,0.000788,0.933352,0.227225,-0.277890,img_318.jpg
60082,1280,720,631.94293,353.39117,986.8637,986.74805,2.025,-0.140,3.392,0.001920,0.930797,0.224249,-0.288663,img_319.jpg
60172,1280,720,631.94293,353.39117,986.8637,986.74805,1.988,-0.138,3.434,0.003933,0.925074,0.232816,-0.300031,img_320.jpg
60255,1280,720,631.94293,353.39117,986.8637,986.74805,1.964,-0.137,3.460,0.007817,0.922509,0.236006,-0.305315,img_321.jpg
60334,1280,720,631.94293,353.39117,986.8637,986.74805,1.928,-0.137,3.498,0.015167,0.919441,0.241223,-0.310177,img_322.jpg
60421,1280,720,631.94293,353.39117,986.8637,986.74805,1.902,-0.140,3.521,0.016620,0.919853,0.242832,-0.307614,img_323.jpg
60502,1280,720,631.94293,353.39117,986.8637,986.74805,1.871,-0.144,3.563,0.012177,0.921364,0.249384,-0.297906,img_324.jpg
60588,1280,720,631.94293,353.39117,986.8637,986.74805,1.851,-0.146,3.591,0.004593,0.921796,0.254274,-0.292601,img_325.jpg
60701,1280,720,631.94293,353.39117,986.8637,986.74805,1.810,-0.151,3.646,0.001274,0.924668,0.258249,-0.279814,img_326.jpg
60787,1280,720,631.94293,353.39117,986.8637,986.74805,1.795,-0.158,3.679,0.001437,0.926193,0.259996,-0.273069,img_327.jpg
60864,1280,720,631.94293,353.39117,986.8637,986.74805,1.771,-0.167,3.735,0.005642,0.928742,0.261457,-0.262768,img_328.jpg
60956,1280,720,631.94293,353.39117,986.8637,986.74805,1.754,-0.173,3.778,0.012209,0.930232,0.262733,-0.255913,img_329.jpg
61030,1280,720,631.94293,353.39117,986.8637,986.74805,1.728,-0.181,3.840,0.022169,0.930919,0.271542,-0.243236,img_330.jpg
61121,1280,720,631.94293,353.39117,986.8637,986.74805,1.710,-0.185,3.874,0.021887,0.929298,0.285668,-0.233066,img_331.jpg
61196,1280,720,631.94293,353.39117,986.8637,986.74805,1.686,-0.188,3.926,0.016706,0.933847,0.283953,-0.216843,img_332.jpg
61288,1280,720,631.94293,353.39117,986.8637,986.74805,1.669,-0.191,3.964,0.006036,0.934280,0.289134,-0.208530,img_333.jpg
61358,1280,720,631.94293,353.39117,986.8637,986.74805,1.642,-0.193,4.010,-0.003923,0.935195,0.293724,-0.197791,img_334.jpg
61439,1280,720,631.94293,353.39117,986.8637,986.74805,1.621,-0.193,4.041,-0.008046,0.937492,0.291433,-0.190029,img_335.jpg
61521,1280,720,631.94293,353.39117,986.8637,986.74805,1.595,-0.193,4.069,-0.016541,0.938521,0.290219,-0.186219,img_336.jpg
61598,1280,720,631.94293,353.39117,986.8637,986.74805,1.571,-0.195,4.104,-0.017045,0.939989,0.286083,-0.185167,img_337.jpg
61673,1280,720,631.94293,353.39117,986.8637,986.74805,1.532,-0.196,4.156,-0.020648,0.941605,0.279560,-0.186547,img_338.jpg
61756,1280,720,631.94293,353.39117,986.8637,986.74805,1.501,-0.191,4.189,-0.023673,0.942497,0.272926,-0.191442,img_339.jpg
61830,1280,720,631.94293,353.39117,986.8637,986.74805,1.456,-0.184,4.239,-0.020729,0.942744,0.266906,-0.198908,img_340.jpg
61922,1280,720,631.94293,353.39117,986.8637,986.74805,1.424,-0.178,4.274,-0.018320,0.940770,0.273033,-0.200174,img_341.jpg
61999,1280,720,631.94293,353.39117,986.8637,986.74805,1.379,-0.176,4.320,-0.007652,0.940531,0.273005,-0.202016,img_342.jpg
62088,1280,720,631.94293,353.39117,986.8637,986.74805,1.352,-0.175,4.347,-0.001400,0.940549,0.272473,-0.202789,img_343.jpg
62154,1280,720,631.94293,353.39117,986.8637,986.74805,1.329,-0.179,4.376,0.000777,0.938605,0.279293,-0.202524,img_344.jpg
62223,1280,720,631.94293,353.39117,986.8637,986.74805,1.311,-0.189,4.405,-0.004234,0.935113,0.289231,-0.204674,img_345.jpg
62301,1280,720,631.94293,353.39117,986.8637,986.74805,1.284,-0.201,4.443,-0.003186,0.931130,0.301267,-0.205488,img_346.jpg
62388,1280,720,631.94293,353.39117,986.8637,986.74805,1.265,-0.207,4.470,-0.003335,0.930173,0.305104,-0.204155,img_347.jpg
62460,1280,720,631.94293,353.39117,986.8637,986.74805,1.242,-0.211,4.503,-0.005706,0.929735,0.306993,-0.203260,img_348.jpg
62535,1280,720,631.94293,353.39117,986.8637,986.74805,1.211,-0.220,4.555,-0.003114,0.930677,0.309408,-0.195183,img_349.jpg
62622,1280,720,631.94293,353.39117,986.8637,986.74805,1.184,-0.226,4.597,0.002783,0.931353,0.312153,-0.187443,img_350.jpg
62699,1280,720,631.94293,353.39117,986.8637,986.74805,1.149,-0.235,4.659,0.018351,0.932194,0.316814,-0.174086,img_351.jpg
62788,1280,720,631.94293,353.39117,986.8637,986.74805,1.126,-0.239,4.702,0.027521,0.930080,0.326777,-0.165559,img_352.jpg
62859,1280,720,631.94293,353.39117,986.8637,986.74805,1.105,-0.240,4.743,0.024937,0.928317,0.335024,-0.159264,img_353.jpg
62935,1280,720,631.94293,353.39117,986.8637,986.74805,1.073,-0.240,4.797,0.019107,0.929655,0.335819,-0.150341,img_354.jpg
63021,1280,720,631.94293,353.39117,986.8637,986.74805,1.052,-0.245,4.835,0.007624,0.927966,0.342144,-0.147509,img_355.jpg
63098,1280,720,631.94293,353.39117,986.8637,986.74805,1.030,-0.249,4.872,0.000174,0.925840,0.348103,-0.147121,img_356.jpg
63188,1280,720,631.94293,353.39117,986.8637,986.74805,1.000,-0.255,4.923,-0.005434,0.924813,0.350535,-0.147707,img_357.jpg
63273,1280,720,631.94293,353.39117,986.8637,986.74805,0.966,-0.264,4.980,-0.006743,0.923659,0.350829,-0.154041,img_358.jpg
63356,1280,720,631.94293,353.39117,986.8637,986.74805,0.940,-0.267,5.017,-0.005063,0.923475,0.349118,-0.159013,img_359.jpg
63428,1280,720,631.94293,353.39117,986.8637,986.74805,0.901,-0.268,5.074,-0.001787,0.922604,0.345242,-0.172069,img_360.jpg
63522,1280,720,631.94293,353.39117,986.8637,986.74805,0.872,-0.266,5.108,0.004782,0.922153,0.340292,-0.183880,img_361.jpg
63598,1280,720,631.94293,353.39117,986.8637,986.74805,0.834,-0.260,5.167,0.003843,0.914603,0.353668,-0.195973,img_362.jpg
63689,1280,720,631.94293,353.39117,986.8637,986.74805,0.811,-0.258,5.196,0.008569,0.911900,0.355918,-0.204175,img_363.jpg
63760,1280,720,631.94293,353.39117,986.8637,986.74805,0.791,-0.259,5.225,0.018158,0.910248,0.354034,-0.213961,img_364.jpg
63840,1280,720,631.94293,353.39117,986.8637,986.74805,0.762,-0.263,5.270,0.019193,0.904669,0.363025,-0.222302,img_365.jpg
63922,1280,720,631.94293,353.39117,986.8637,986.74805,0.745,-0.262,5.299,0.015324,0.903474,0.361541,-0.229757,img_366.jpg
63998,1280,720,631.94293,353.39117,986.8637,986.74805,0.717,-0.264,5.348,0.013799,0.902222,0.361840,-0.234259,img_367.jpg
64089,1280,720,631.94293,353.39117,986.8637,986.74805,0.698,-0.271,5.384,0.013964,0.901535,0.362428,-0.235976,img_368.jpg
64160,1280,720,631.94293,353.39117,986.8637,986.74805,0.684,-0.277,5.424,0.018232,0.901680,0.361089,-0.237183,img_369.jpg
64237,1280,720,631.94293,353.39117,986.8637,986.74805,0.666,-0.286,5.488,0.028586,0.900340,0.362147,-0.239626,img_370.jpg
64322,1280,720,631.94293,353.39117,986.8637,986.74805,0.655,-0.296,5.553,0.048725,0.897930,0.363044,-0.244022,img_371.jpg
64405,1280,720,631.94293,353.39117,986.8637,986.74805,0.647,-0.301,5.599,0.063401,0.894317,0.369488,-0.244246,img_372.jpg
64480,1280,720,631.94293,353.39117,986.8637,986.74805,0.640,-0.308,5.642,0.071724,0.889671,0.376409,-0.248311,img_373.jpg
64555,1280,720,631.94293,353.39117,986.8637,986.74805,2.842,-0.286,2.511,0.083038,0.865832,0.352387,-0.345345,img_374.jpg,marker_4.jpg,0.21540886,0.21540886,2.013,-0.089,0.502,-0.707872,0.186075,-0.212253,-0.212253,marker_6.jpg,0.26214388,0.26214388,3.263,-0.204,3.214,-0.382551,0.611965,-0.588514,-0.588514
64640,1280,720,631.94293,353.39117,986.8637,986.74805,2.853,-0.269,2.581,0.084612,0.861140,0.361781,-0.346976,img_375.jpg
64722,1280,720,631.94293,353.39117,986.8637,986.74805,2.852,-0.266,2.613,0.082958,0.861115,0.361625,-0.347602,img_376.jpg
64799,1280,720,631.94293,353.39117,986.8637,986.74805,2.851,-0.261,2.663,0.074818,0.862129,0.351256,-0.357430,img_377.jpg
64889,1280,720,631.94293,353.39117,986.8637,986.74805,2.849,-0.254,2.699,0.070394,0.862628,0.337965,-0.369727,img_378.jpg
64967,1280,720,631.94293,353.39117,986.8637,986.74805,2.849,-0.236,2.759,0.062977,0.864287,0.307237,-0.393253,img_379.jpg
65058,1280,720,631.94293,353.39117,986.8637,986.74805,2.846,-0.216,2.792,0.060335,0.872430,0.267788,-0.404370,img_380.jpg
65135,1280,720,631.94293,353.39117,986.8637,986.74805,2.840,-0.180,2.841,0.050003,0.871915,0.221020,-0.434067,img_381.jpg
65222,1280,720,631.94293,353.39117,986.8637,986.74805,2.834,-0.146,2.882,0.044320,0.867450,0.187035,-0.458894,img_382.jpg
65305,1280,720,631.94293,353.39117,986.8637,986.74805,2.830,-0.126,2.905,0.041476,0.865564,0.164754,-0.471099,img_383.jpg
65379,1280,720,631.94293,353.39117,986.8637,986.74805,2.826,-0.108,2.928,0.034990,0.861970,0.144272,-0.484736,img_384.jpg
65454,1280,720,631.94293,353.39117,986.8637,986.74805,2.821,-0.091,2.943,0.029397,0.863024,0.117680,-0.490384,img_385.jpg
65540,1280,720,631.94293,353.39117,986.8637,986.74805,2.812,-0.067,2.952,0.017503,0.858843,0.081494,-0.505412,img_386.jpg
65622,1280,720,631.94293,353.39117,986.8637,986.74805,2.802,-0.050,2.958,0.009108,0.854687,0.059316,-0.515663,img_387.jpg
65698,1280,720,631.94293,353.39117,986.8637,986.74805,2.788,-0.033,2.965,0.000492,0.855406,0.031844,-0.516978,img_388.jpg
65788,1280,720,631.94293,353.39117,986.8637,986.74805,2.782,-0.028,2.971,-0.005063,0.855866,0.024911,-0.516573,img_389.jpg
65856,1280,720,631.94293,353.39117,986.8637,986.74805,2.771,-0.021,2.978,-0.008206,0.856256,0.025795,-0.515842,img_390.jpg
65940,1280,720,631.94293,353.39117,986.8637,986.74805,2.762,-0.017,2.979,-0.006681,0.857811,0.026670,-0.513229,img_391.jpg
66022,1280,720,631.94293,353.39117,986.8637,986.74805,2.756,-0.015,2.978,-0.003272,0.857726,0.028546,-0.513304,img_392.jpg,marker_7.png,0.26479605,0.26479605,3.285,-0.210,3.262,-0.374654,0.608563,-0.603594,-0.603594
66091,1280,720,631.94293,353.39117,986.8637,986.74805,2.748,-0.013,2.977,-0.001336,0.856127,0.031818,-0.515783,img_393.jpg
66172,1280,720,631.94293,353.39117,986.8637,986.74805,2.742,-0.012,2.975,-0.001087,0.856203,0.028354,-0.515859,img_394.jpg
66242,1280,720,631.94293,353.39117,986.8637,986.74805,2.735,-0.009,2.971,-0.000015,0.855245,0.025184,-0.517611,img_395.jpg
66322,1280,720,631.94293,353.39117,986.8637,986.74805,2.728,-0.006,2.966,0.000644,0.854286,0.021070,-0.519375,img_396.jpg
66406,1280,720,631.94293,353.39117,986.8637,986.74805,2.724,-0.005,2.963,0.000945,0.853587,0.018554,-0.520618,img_397.jpg
66494,1280,720,631.94293,353.39117,986.8637,986.74805,2.719,-0.002,2.961,-0.001735,0.851973,0.016069,-0.523337,img_398.jpg
66572,1280,720,631.94293,353.39117,986.8637,986.74805,2.715,-0.002,2.960,-0.002790,0.850776,0.014302,-0.525327,img_399.jpg
66649,1280,720,631.94293,353.39117,986.8637,986.74805,2.711,-0.002,2.958,-0.003439,0.850749,0.013852,-0.525378,img_400.jpg,marker_7.png,0.26690558,0.26690558,3.287,-0.210,3.263,-0.359388,0.614894,-0.612189,-0.612189
66739,1280,720,631.94293,353.39117,986.8637,986.74805,2.705,-0.004,2.954,-0.004374,0.851557,0.017369,-0.523957,img_401.jpg
66822,1280,720,631.94293,353.39117,986.8637,986.74805,2.698,-0.005,2.949,-0.003902,0.853345,0.018993,-0.520986,img_402.jpg
66906,1280,720,631.94293,353.39117,986.8637,986.74805,2.692,-0.007,2.944,-0.003917,0.854987,0.018341,-0.518310,img_403.jpg
66989,1280,720,631.94293,353.39117,986.8637,986.74805,2.684,-0.009,2.939,-0.003238,0.856715,0.020132,-0.515386,img_404.jpg
67061,1280,720,631.94293,353.39117,986.8637,986.74805,2.677,-0.011,2.935,0.000410,0.859966,0.022356,-0.509861,img_405.jpg
67137,1280,720,631.94293,353.39117,986.8637,986.74805,2.663,-0.016,2.927,0.006954,0.864635,0.025653,-0.501697,img_406.jpg
67222,1280,720,631.94293,353.39117,986.8637,986.74805,2.649,-0.021,2.919,0.008308,0.867038,0.031855,-0.497154,img_407.jpg
67306,1280,720,631.94293,353.39117,986.8637,986.74805,2.635,-0.024,2.912,0.006958,0.866928,0.034949,-0.497157,img_408.jpg,marker_7.png,0.26639333,0.26639333,3.285,-0.209,3.264,-0.374109,0.621074,-0.585766,-0.585766
67390,1280,720,631.94293,353.39117,986.8637,986.74805,2.623,-0.028,2.905,0.004155,0.866459,0.041627,-0.497493,img_409.jpg
67463,1280,720,631.94293,353.39117,986.8637,986.74805,2.606,-0.037,2.901,0.008975,0.865710,0.066314,-0.496052,img_410.jpg
67539,1280,720,631.94293,353.39117,986.8637,986.74805,2.593,-0.045,2.899,0.016090,0.867830,0.077438,-0.490525,img_411.jpg
67611,1280,720,631.94293,353.39117,986.8637,986.74805,2.582,-0.054,2.904,0.023993,0.871143,0.090759,-0.481973,img_412.jpg
67684,1280,720,631.94293,353.39117,986.8637,986.74805,2.570,-0.064,2.916,0.030274,0.875321,0.107436,-0.470483,img_413.jpg
67760,1280,720,631.94293,353.39117,986.8637,986.74805,2.550,-0.079,2.944,0.035533,0.881756,0.134413,-0.450752,img_414.jpg
67841,1280,720,631.94293,353.39117,986.8637,986.74805,2.535,-0.088,2.968,0.034083,0.886929,0.147864,-0.436270,img_415.jpg
67923,1280,720,631.94293,353.39117,986.8637,986.74805,2.502,-0.102,3.009,0.035315,0.897028,0.169412,-0.406686,img_416.jpg
68006,1280,720,631.94293,353.39117,986.8637,986.74805,2.482,-0.111,3.038,0.038133,0.902661,0.179392,-0.389317,img_417.jpg
68081,1280,720,631.94293,353.39117,986.8637,986.74805,2.462,-0.120,3.070,0.039472,0.907699,0.192543,-0.370745,img_418.jpg
68156,1280,720,631.94293,353.39117,986.8637,986.74805,2.430,-0.136,3.118,0.042967,0.912350,0.221269,-0.341776,img_419.jpg
68241,1280,720,631.94293,353.39117,986.8637,986.74805,2.408,-0.146,3.149,0.044402,0.913268,0.243190,-0.323772,img_420.jpg
68315,1280,720,631.94293,353.39117,986.8637,986.74805,2.390,-0.157,3.178,0.048335,0.915883,0.252882,-0.308015,img_421.jpg
68406,1280,720,631.94293,353.39117,986.8637,986.74805,2.360,-0.177,3.223,0.043230,0.913556,0.282255,-0.289619,img_422.jpg
68479,1280,720,631.94293,353.39117,986.8637,986.74805,2.340,-0.185,3.247,0.039298,0.914471,0.293996,-0.275254,img_423.jpg
68553,1280,720,631.94293,353.39117,986.8637,986.74805,2.318,-0.190,3.271,0.031170,0.913782,0.306275,-0.265002,img_424.jpg
68625,1280,720,631.94293,353.39117,986.8637,986.74805,2.288,-0.203,3.304,0.020602,0.913406,0.323548,-0.246135,img_425.jpg
68723,1280,720,631.94293,353.39117,986.8637,986.74805,2.266,-0.217,3.340,0.007752,0.913319,0.336041,-0.229923,img_426.jpg
68806,1280,720,631.94293,353.39117,986.8637,986.74805,2.251,-0.226,3.359,-0.001125,0.912983,0.345185,-0.217503,img_427.jpg
68890,1280,720,631.94293,353.39117,986.8637,986.74805,2.231,-0.237,3.385,-0.009373,0.913297,0.357427,-0.195058,img_428.jpg
68973,1280,720,631.94293,353.39117,986.8637,986.74805,2.220,-0.245,3.402,-0.012049,0.913955,0.364689,-0.177600,img_429.jpg
69045,1280,720,631.94293,353.39117,986.8637,986.74805,2.205,-0.252,3.424,-0.016127,0.916748,0.366883,-0.157195,img_430.jpg
69121,1280,720,631.94293,353.39117,986.8637,986.74805,2.190,-0.258,3.446,-0.021705,0.919534,0.368056,-0.136094,img_431.jpg
69206,1280,720,631.94293,353.39117,986.8637,986.74805,2.171,-0.260,3.479,-0.026810,0.925623,0.363573,-0.101580,img_432.jpg
69290,1280,720,631.94293,353.39117,986.8637,986.74805,2.148,-0.256,3.515,-0.032860,0.933288,0.351037,-0.068317,img_433.jpg
69372,1280,720,631.94293,353.39117,986.8637,986.74805,2.137,-0.249,3.539,-0.034599,0.940108,0.335879,-0.046752,img_434.jpg
69442,1280,720,631.94293,353.39117,986.8637,986.74805,2.122,-0.238,3.566,-0.039050,0.947678,0.315754,-0.026091,img_435.jpg
69518,1280,720,631.94293,353.39117,986.8637,986.74805,2.107,-0.211,3.599,-0.039883,0.958590,0.281626,0.014180,img_436.jpg
69606,1280,720,631.94293,353.39117,986.8637,986.74805,2.095,-0.191,3.618,-0.043214,0.962922,0.262802,0.043007,img_437.jpg
69680,1280,720,631.94293,353.39117,986.8637,986.74805,2.085,-0.172,3.639,-0.040233,0.968141,0.235144,0.076109,img_438.jpg
69751,1280,720,631.94293,353.39117,986.8637,986.74805,2.076,-0.151,3.650,-0.040060,0.970848,0.212158,0.104103,img_439.jpg
69823,1280,720,631.94293,353.39117,986.8637,986.74805,2.061,-0.123,3.668,-0.047255,0.970766,0.189680,0.139289,img_440.jpg
69906,1280,720,631.94293,353.39117,986.8637,986.74805,2.051,-0.106,3.674,-0.051297,0.969444,0.176001,0.163005,img_441.jpg
69982,1280,720,631.94293,353.39117,986.8637,986.74805,2.041,-0.092,3.674,-0.050709,0.968646,0.159798,0.183353,img_442.jpg
70062,1280,720,631.94293,353.39117,986.8637,986.74805,2.031,-0.077,3.676,-0.046645,0.966008,0.141406,0.211321,img_443.jpg
70141,1280,720,631.94293,353.39117,986.8637,986.74805,2.012,-0.069,3.700,-0.045458,0.963852,0.133837,0.225857,img_444.jpg
70215,1280,720,631.94293,353.39117,986.8637,986.74805,1.984,-0.075,3.739,-0.044191,0.962024,0.125099,0.238551,img_445.jpg
70307,1280,720,631.94293,353.39117,986.8637,986.74805,1.971,-0.080,3.756,-0.045357,0.960869,0.122408,0.244313,img_446.jpg
70380,1280,720,631.94293,353.39117,986.8637,986.74805,1.964,-0.080,3.759,-0.047289,0.960412,0.120744,0.246564,img_447.jpg
70457,1280,720,631.94293,353.39117,986.8637,986.74805,1.955,-0.082,3.766,-0.045428,0.960416,0.114993,0.249630,img_448.jpg
70542,1280,720,631.94293,353.39117,986.8637,986.74805,1.948,-0.082,3.769,-0.044277,0.960184,0.111967,0.252089,img_449.jpg
70616,1280,720,631.94293,353.39117,986.8637,986.74805,1.941,-0.082,3.772,-0.045216,0.960386,0.110614,0.251750,img_450.jpg
70691,1280,720,631.94293,353.39117,986.8637,986.74805,1.928,-0.084,3.775,-0.042927,0.960695,0.107116,0.252484,img_451.jpg
70776,1280,720,631.94293,353.39117,986.8637,986.74805,1.920,-0.085,3.777,-0.040351,0.959968,0.105804,0.256199,img_452.jpg
70855,1280,720,631.94293,353.39117,986.8637,986.74805,1.911,-0.085,3.779,-0.034435,0.959958,0.100454,0.259239,img_453.jpg
70942,1280,720,631.94293,353.39117,986.8637,986.74805,1.895,-0.086,3.783,-0.031533,0.962089,0.097548,0.252734,img_454.jpg
71023,1280,720,631.94293,353.39117,986.8637,986.74805,1.879,-0.086,3.791,-0.032274,0.965152,0.094987,0.241696,img_455.jpg
71107,1280,720,631.94293,353.39117,986.8637,986.74805,1.869,-0.086,3.796,-0.032972,0.967286,0.093490,0.233516,img_456.jpg,marker_8.jpg,0.27332762,0.27332762,1.585,-0.263,4.326,0.147405,0.708912,-0.671969,-0.671969
71180,1280,720,631.94293,353.39117,986.8637,986.74805,1.858,-0.087,3.800,-0.030798,0.969278,0.090214,0.226746,img_457.jpg
71256,1280,720,631.94293,353.39117,986.8637,986.74805,1.846,-0.089,3.805,-0.030429,0.971039,0.089565,0.219398,img_458.jpg
71334,1280,720,631.94293,353.39117,986.8637,986.74805,1.827,-0.092,3.810,-0.030655,0.973762,0.090375,0.206592,img_459.jpg
71423,1280,720,631.94293,353.39117,986.8637,986.74805,1.810,-0.095,3.816,-0.029445,0.976076,0.089974,0.195741,img_460.jpg
71507,1280,720,631.94293,353.39117,986.8637,986.74805,1.799,-0.096,3.818,-0.031629,0.977919,0.089477,0.186193,img_461.jpg
71590,1280,720,631.94293,353.39117,986.8637,986.74805,1.785,-0.097,3.820,-0.032947,0.980446,0.091123,0.171281,img_462.jpg
71674,1280,720,631.94293,353.39117,986.8637,986.74805,1.777,-0.098,3.820,-0.030892,0.981079,0.089353,0.168956,img_463.jpg
71757,1280,720,631.94293,353.39117,986.8637,986.74805,1.764,-0.100,3.812,-0.029983,0.981990,0.086505,0.165267,img_464.jpg
71842,1280,720,631.94293,353.39117,986.8637,986.74805,1.756,-0.100,3.804,-0.029197,0.981854,0.082632,0.168176,img_465.jpg
71916,1280,720,631.94293,353.39117,986.8637,986.74805,1.747,-0.102,3.794,-0.028623,0.980904,0.080176,0.174869,img_466.jpg,marker_8.jpg,0.2684616,0.2684616,1.596,-0.260,4.314,0.169174,0.700408,-0.671340,-0.671340
71989,1280,720,631.94293,353.39117,986.8637,986.74805,1.729,-0.105,3.776,-0.027183,0.978056,0.079951,0.190461,img_467.jpg
72073,1280,720,631.94293,353.39117,986.8637,986.74805,1.714,-0.107,3.762,-0.027217,0.976087,0.078831,0.200748,img_468.jpg
72147,1280,720,631.94293,353.39117,986.8637,986.74805,1.698,-0.106,3.747,-0.028204,0.974215,0.078028,0.209812,img_469.jpg
72220,1280,720,631.94293,353.39117,986.8637,986.74805,1.679,-0.105,3.719,-0.024451,0.971669,0.078166,0.221703,img_470.jpg
72307,1280,720,631.94293,353.39117,986.8637,986.74805,1.670,-0.105,3.700,-0.021703,0.970356,0.081075,0.226640,img_471.jpg
72381,1280,720,631.94293,353.39117,986.8637,986.74805,1.661,-0.104,3.680,-0.019067,0.970062,0.080109,0.228471,img_472.jpg
72460,1280,720,631.94293,353.39117,986.8637,986.74805,1.649,-0.103,3.649,-0.011384,0.970368,0.074855,0.229463,img_473.jpg
72542,1280,720,631.94293,353.39117,986.8637,986.74805,1.642,-0.101,3.627,-0.008274,0.970753,0.071878,0.228917,img_474.jpg
72618,1280,720,631.94293,353.39117,986.8637,986.74805,1.630,-0.099,3.593,-0.005261,0.971687,0.067662,0.226314,img_475.jpg
72707,1280,720,631.94293,353.39117,986.8637,986.74805,1.622,-0.097,3.571,-0.002918,0.971585,0.069810,0.226142,img_476.jpg
72782,1280,720,631.94293,353.39117,986.8637,986.74805,1.612,-0.095,3.549,-0.004629,0.972029,0.072011,0.223499,img_477.jpg
72858,1280,720,631.94293,353.39117,986.8637,986.74805,1.595,-0.094,3.517,-0.004841,0.971195,0.074206,0.226384,img_478.jpg,marker_8.jpg,0.26985282,0.26985282,1.598,-0.260,4.315,0.169008,0.699452,-0.672766,-0.672766
72942,1280,720,631.94293,353.39117,986.8637,986.74805,1.581,-0.092,3.498,-0.006344,0.970165,0.075600,0.230272,img_479.jpg
73017,1280,720,631.94293,353.39117,986.8637,986.74805,1.558,-0.092,3.471,-0.010167,0.969068,0.085163,0.231412,img_480.jpg
73107,1280,720,631.94293,353.39117,986.8637,986.74805,1.541,-0.090,3.450,-0.013457,0.968169,0.083379,0.235618,img_481.jpg
73181,1280,720,631.94293,353.39117,986.8637,986.74805,1.524,-0.088,3.426,-0.009828,0.967778,0.078173,0.239160,img_482.jpg
73256,1280,720,631.94293,353.39117,986.8637,986.74805,1.488,-0.088,3.393,-0.013327,0.966264,0.082974,0.243460,img_483.jpg
73342,1280,720,631.94293,353.39117,986.8637,986.74805,1.460,-0.089,3.372,-0.015382,0.965169,0.086756,0.246343,img_484.jpg
73418,1280,720,631.94293,353.39117,986.8637,986.74805,1.417,-0.093,3.339,-0.015532,0.962899,0.094084,0.252454,img_485.jpg
73507,1280,720,631.94293,353.39117,986.8637,986.74805,1.386,-0.095,3.318,-0.020072,0.961640,0.099813,0.254720,img_486.jpg
73584,1280,720,631.94293,353.39117,986.8637,986.74805,1.341,-0.097,3.285,-0.021922,0.960192,0.107924,0.256715,img_487.jpg
73674,1280,720,631.94293,353.39117,986.8637,986.74805,1.310,-0.097,3.259,-0.026619,0.961077,0.114419,0.250061,img_488.jpg
73757,1280,720,631.94293,353.39117,986.8637,986.74805,1.263,-0.099,3.223,-0.040136,0.962708,0.125815,0.236119,img_489.jpg
73842,1280,720,631.94293,353.39117,986.8637,986.74805,1.238,-0.100,3.201,-0.045785,0.963562,0.131758,0.228238,img_490.jpg
73916,1280,720,631.94293,353.39117,986.8637,986.74805,1.205,-0.102,3.169,-0.046698,0.964079,0.134169,0.224430,img_491.jpg
74007,1280,720,631.94293,353.39117,986.8637,986.74805,1.184,-0.102,3.151,-0.049384,0.963376,0.134221,0.226832,img_492.jpg
74083,1280,720,631.94293,353.39117,986.8637,986.74805,1.162,-0.101,3.135,-0.055823,0.962697,0.129230,0.231081,img_493.jpg
74155,1280,720,631.94293,353.39117,986.8637,986.74805,1.130,-0.103,3.113,-0.062560,0.959930,0.115296,0.247644,img_494.jpg
74242,1280,720,631.94293,353.39117,986.8637,986.74805,1.110,-0.103,3.102,-0.063955,0.957397,0.113108,0.257890,img_495.jpg
74314,1280,720,631.94293,353.39117,986.8637,986.74805,1.088,-0.101,3.092,-0.065366,0.955965,0.107726,0.265055,img_496.jpg
74392,1280,720,631.94293,353.39117,986.8637,986.74805,1.052,-0.098,3.080,-0.063087,0.953161,0.099118,0.278711,img_497.jpg
74474,1280,720,631.94293,353.39117,986.8637,986.74805,1.027,-0.095,3.074,-0.057804,0.951447,0.090615,0.288437,img_498.jpg
74546,1280,720,631.94293,353.39117,986.8637,986.74805,0.998,-0.091,3.068,-0.056236,0.949986,0.083808,0.295534,img_499.jpg
74618,1280,720,631.94293,353.39117,986.8637,986.74805,0.955,-0.086,3.062,-0.047490,0.948752,0.078835,0.302322,img_500.jpg
74708,1280,720,631.94293,353.39117,986.8637,986.74805,0.928,-0.082,3.063,-0.037848,0.948892,0.072101,0.304915,img_501.jpg
74782,1280,720,631.94293,353.39117,986.8637,986.74805,0.885,-0.079,3.072,-0.037474,0.949153,0.071414,0.304309,img_502.jpg
74874,1280,720,631.94293,353.39117,986.8637,986.74805,0.859,-0.075,3.072,-0.036874,0.948864,0.070316,0.305536,img_503.jpg
74945,1280,720,631.94293,353.39117,986.8637,986.74805,0.835,-0.071,3.068,-0.036120,0.949313,0.062000,0.306032,img_504.jpg
75022,1280,720,631.94293,353.39117,986.8637,986.74805,0.805,-0.068,3.065,-0.035455,0.949542,0.059281,0.305939,img_505.jpg
75108,1280,720,631.94293,353.39117,986.8637,986.74805,0.790,-0.067,3.065,-0.033582,0.949629,0.059488,0.305840,img_506.jpg
75186,1280,720,631.94293,353.39117,986.8637,986.74805,0.767,-0.067,3.059,-0.034267,0.951020,0.058338,0.301634,img_507.jpg
75274,1280,720,631.94293,353.39117,986.8637,986.74805,0.751,-0.068,3.052,-0.034374,0.952439,0.053840,0.297958,img_508.jpg
75360,1280,720,631.94293,353.39117,986.8637,986.74805,0.727,-0.070,3.042,-0.037848,0.955131,0.053737,0.288797,img_509.jpg
75443,1280,720,631.94293,353.39117,986.8637,986.74805,0.709,-0.070,3.036,-0.037104,0.957024,0.054990,0.282319,img_510.jpg
75518,1280,720,631.94293,353.39117,986.8637,986.74805,0.685,-0.070,3.023,-0.037343,0.961697,0.056600,0.265595,img_511.jpg,marker_9.jpg,0.27347887,0.27347887,0.257,-0.254,3.579,0.175260,0.692724,-0.676966,-0.676966
75609,1280,720,631.94293,353.39117,986.8637,986.74805,0.669,-0.070,3.015,-0.039333,0.964078,0.058460,0.256105,img_512.jpg
75687,1280,720,631.94293,353.39117,986.8637,986.74805,0.645,-0.070,3.002,-0.038212,0.966975,0.058236,0.245170,img_513.jpg
75774,1280,720,631.94293,353.39117,986.8637,986.74805,0.631,-0.072,2.993,-0.036559,0.968745,0.060693,0.237724,img_514.jpg
75848,1280,720,631.94293,353.39117,986.8637,986.74805,0.619,-0.073,2.984,-0.034221,0.969890,0.062689,0.232837,img_515.jpg
75923,1280,720,631.94293,353.39117,986.8637,986.74805,0.601,-0.073,2.969,-0.032171,0.971880,0.062545,0.224728,img_516.jpg
76008,1280,720,631.94293,353.39117,986.8637,986.74805,0.591,-0.071,2.957,-0.032307,0.972896,0.059662,0.221065,img_517.jpg,marker_9.jpg,0.2699315,0.2699315,0.264,-0.253,3.573,0.186510,0.699475,-0.663391,-0.663391
76091,1280,720,631.94293,353.39117,986.8637,986.74805,0.573,-0.069,2.939,-0.035047,0.974725,0.058970,0.212615,img_518.jpg
76174,1280,720,631.94293,353.39117,986.8637,986.74805,0.563,-0.069,2.927,-0.035186,0.975808,0.057333,0.208025,img_519.jpg
76251,1280,720,631.94293,353.39117,986.8637,986.74805,0.548,-0.068,2.910,-0.038854,0.976798,0.060195,0.201824,img_520.jpg
76343,1280,720,631.94293,353.39117,986.8637,986.74805,0.540,-0.068,2.897,-0.040007,0.977638,0.059894,0.197576,img_521.jpg
76425,1280,720,631.94293,353.39117,986.8637,986.74805,0.526,-0.069,2.879,-0.043733,0.978956,0.061448,0.189625,img_522.jpg
76509,1280,720,631.94293,353.39117,986.8637,986.74805,0.514,-0.072,2.868,-0.046297,0.979144,0.062600,0.187655,img_523.jpg
76588,1280,720,631.94293,353.39117,986.8637,986.74805,0.496,-0.076,2.853,-0.052506,0.977860,0.067766,0.190894,img_524.jpg
76675,1280,720,631.94293,353.39117,986.8637,986.74805,0.482,-0.078,2.845,-0.054386,0.976168,0.069802,0.198158,img_525.jpg,marker_9.jpg,0.26982957,0.26982957,0.267,-0.252,3.571,0.181346,0.695330,-0.669587,-0.669587
76750,1280,720,631.94293,353.39117,986.8637,986.74805,0.466,-0.081,2.837,-0.053699,0.974059,0.067778,0.209120,img_526.jpg
76823,1280,720,631.94293,353.39117,986.8637,986.74805,0.443,-0.083,2.824,-0.053820,0.970857,0.069276,0.223028,img_527.jpg
76909,1280,720,631.94293,353.39117,986.8637,986.74805,0.423,-0.084,2.817,-0.055567,0.969739,0.067655,0.227908,img_528.jpg
76984,1280,720,631.94293,353.39117,986.8637,986.74805,0.398,-0.084,2.808,-0.054965,0.968580,0.067673,0.232922,img_529.jpg
77076,1280,720,631.94293,353.39117,986.8637,986.74805,0.382,-0.085,2.803,-0.053434,0.967871,0.066637,0.236497,img_530.jpg
77152,1280,720,631.94293,353.39117,986.8637,986.74805,0.365,-0.086,2.800,-0.052453,0.967620,0.065255,0.238123,img_531.jpg
77235,1280,720,631.94293,353.39117,986.8637,986.74805,0.339,-0.088,2.795,-0.047592,0.967490,0.065870,0.239498,img_532.jpg
77327,1280,720,631.94293,353.39117,986.8637,986.74805,0.311,-0.090,2.790,-0.042748,0.968895,0.065162,0.234882,img_533.jpg
77409,1280,720,631.94293,353.39117,986.8637,986.74805,0.292,-0.091,2.789,-0.041579,0.970157,0.067003,0.229297,img_534.jpg
77485,1280,720,631.94293,353.39117,986.8637,986.74805,0.260,-0.093,2.787,-0.039822,0.971713,0.069732,0.222095,img_535.jpg
77575,1280,720,631.94293,353.39117,986.8637,986.74805,0.239,-0.094,2.782,-0.038007,0.972590,0.072185,0.217746,img_536.jpg
77648,1280,720,631.94293,353.39117,986.8637,986.74805,0.218,-0.095,2.777,-0.034878,0.972328,0.076685,0.217901,img_537.jpg,marker_9.jpg,0.27531734,0.27531734,0.269,-0.250,3.567,0.195212,0.695085,-0.662975,-0.662975
77726,1280,720,631.94293,353.39117,986.8637,986.74805,0.182,-0.095,2.768,-0.032319,0.970674,0.084215,0.222833,img_538.jpg
77809,1280,720,631.94293,353.39117,986.8637,986.74805,0.159,-0.096,2.760,-0.032382,0.968239,0.087923,0.231806,img_539.jpg
77886,1280,720,631.94293,353.39117,986.8637,986.74805,0.122,-0.097,2.745,-0.038374,0.961899,0.098527,0.252133,img_540.jpg
77976,1280,720,631.94293,353.39117,986.8637,986.74805,0.097,-0.097,2.730,-0.042021,0.958722,0.097103,0.263927,img_541.jpg
78052,1280,720,631.94293,353.39117,986.8637,986.74805,0.056,-0.100,2.703,-0.054023,0.953816,0.095719,0.279561,img_542.jpg
78143,1280,720,631.94293,353.39117,986.8637,986.74805,0.028,-0.103,2.682,-0.060587,0.951651,0.098297,0.284653,img_543.jpg
78217,1280,720,631.94293,353.39117,986.8637,986.74805,-0.015,-0.109,2.648,-0.061864,0.949695,0.100720,0.290012,img_544.jpg
78309,1280,720,631.94293,353.39117,986.8637,986.74805,-0.045,-0.111,2.621,-0.066541,0.949747,0.102688,0.288112,img_545.jpg
78387,1280,720,631.94293,353.39117,986.8637,986.74805,-0.089,-0.111,2.573,-0.067538,0.949867,0.101293,0.287978,img_546.jpg
78475,1280,720,631.94293,353.39117,986.8637,986.74805,-0.117,-0.109,2.540,-0.068300,0.949599,0.102810,0.288143,img_547.jpg
78549,1280,720,631.94293,353.39117,986.8637,986.74805,-0.158,-0.108,2.494,-0.075329,0.948834,0.115805,0.283952,img_548.jpg
78625,1280,720,631.94293,353.39117,986.8637,986.74805,-0.180,-0.109,2.465,-0.071694,0.948711,0.120776,0.283231,img_549.jpg
78708,1280,720,631.94293,353.39117,986.8637,986.74805,-0.201,-0.111,2.438,-0.069944,0.947912,0.125066,0.284479,img_550.jpg
78783,1280,720,631.94293,353.39117,986.8637,986.74805,-0.229,-0.112,2.400,-0.067417,0.946570,0.121210,0.291151,img_551.jpg
78874,1280,720,631.94293,353.39117,986.8637,986.74805,-0.250,-0.113,2.380,-0.069755,0.944901,0.121404,0.295900,img_552.jpg
78943,1280,720,631.94293,353.39117,986.8637,986.74805,-0.269,-0.113,2.362,-0.069129,0.943969,0.119701,0.299691,img_553.jpg
79016,1280,720,631.94293,353.39117,986.8637,986.74805,-0.298,-0.113,2.339,-0.068682,0.942934,0.113693,0.305339,img_554.jpg
79108,1280,720,631.94293,353.39117,986.8637,986.74805,-0.320,-0.113,2.326,-0.073335,0.942247,0.109880,0.307765,img_555.jpg
79182,1280,720,631.94293,353.39117,986.8637,986.74805,-0.358,-0.117,2.309,-0.070911,0.940518,0.107387,0.314430,img_556.jpg
79259,1280,720,631.94293,353.39117,986.8637,986.74805,-0.386,-0.122,2.299,-0.070064,0.939818,0.108462,0.316336,img_557.jpg
79342,1280,720,631.94293,353.39117,986.8637,986.74805,-0.415,-0.126,2.291,-0.068901,0.940029,0.108602,0.315917,img_558.jpg
79416,1280,720,631.94293,353.39117,986.8637,986.74805,-0.415,-0.126,2.291,-0.068901,0.940029,0.108602,0.315917,img_559.jpg
79508,1280,720,631.94293,353.39117,986.8637,986.74805,-0.415,-0.126,2.291,-0.068901,0.940029,0.108602,0.315917,img_560.jpg
79591,1280,720,631.94293,353.39117,986.8637,986.74805,-0.415,-0.126,2.291,-0.068901,0.940029,0.108602,0.315917,img_561.jpg
79665,1280,720,631.94293,353.39117,986.8637,986.74805,-0.415,-0.126,2.291,-0.068901,0.940029,0.108602,0.315917,img_562.jpg
79735,1280,720,631.94293,353.39117,986.8637,986.74805,-0.415,-0.126,2.291,-0.068901,0.940029,0.108602,0.315917,img_563.jpg
79825,1280,720,631.94293,353.39117,986.8637,986.74805,-0.415,-0.126,2.291,-0.068901,0.940029,0.108602,0.315917,img_564.jpg
79898,1280,720,631.94293,353.39117,986.8637,986.74805,-0.415,-0.126,2.291,-0.068901,0.940029,0.108602,0.315917,img_565.jpg
79975,1280,720,631.94293,353.39117,986.8637,986.74805,-0.415,-0.126,2.291,-0.068901,0.940029,0.108602,0.315917,img_566.jpg
80050,1280,720,631.94293,353.39117,986.8637,986.74805,-0.415,-0.126,2.291,-0.068901,0.940029,0.108602,0.315917,img_567.jpg
80142,1280,720,631.94293,353.39117,986.8637,986.74805,-0.415,-0.126,2.291,-0.068901,0.940029,0.108602,0.315917,img_568.jpg
80225,1280,720,631.94293,353.39117,986.8637,986.74805,-0.415,-0.126,2.291,-0.068901,0.940029,0.108602,0.315917,img_569.jpg
80308,1280,720,631.94293,353.39117,986.8637,986.74805,-0.415,-0.126,2.291,-0.068901,0.940029,0.108602,0.315917,img_570.jpg
80384,1280,720,631.94293,353.39117,986.8637,986.74805,-0.415,-0.126,2.291,-0.068901,0.940029,0.108602,0.315917,img_571.jpg
80475,1280,720,631.94293,353.39117,986.8637,986.74805,-2.302,-0.128,5.269,-0.017355,0.939843,0.078160,0.332092,img_572.jpg
80546,1280,720,631.94293,353.39117,986.8637,986.74805,-2.319,-0.131,5.256,-0.011850,0.941963,0.076228,0.326734,img_573.jpg
80626,1280,720,631.94293,353.39117,986.8637,986.74805,-2.333,-0.130,5.228,-0.017044,0.943124,0.069721,0.324600,img_574.jpg
80701,1280,720,631.94293,353.39117,986.8637,986.74805,-2.316,-0.130,5.234,-0.022344,0.944138,0.066821,0.321929,img_575.jpg
80792,1280,720,631.94293,353.39117,986.8637,986.74805,-2.328,-0.129,5.215,-0.029795,0.944723,0.066432,0.319683,img_576.jpg
80876,1280,720,631.94293,353.39117,986.8637,986.74805,-2.337,-0.128,5.202,-0.030171,0.944979,0.063631,0.319461,img_577.jpg
80953,1280,720,631.94293,353.39117,986.8637,986.74805,-2.345,-0.127,5.184,-0.029267,0.945682,0.060370,0.318096,img_578.jpg,marker_10.jpg,0.30911735,0.30911735,-2.796,-0.316,5.813,0.196135,0.668448,-0.689604,-0.689604
81043,1280,720,631.94293,353.39117,986.8637,986.74805,-2.354,-0.126,5.168,-0.029166,0.946348,0.061416,0.315915,img_579.jpg
81126,1280,720,631.94293,353.39117,986.8637,986.74805,-2.359,-0.126,5.156,-0.030372,0.946948,0.061221,0.314036,img_580.jpg
81209,1280,720,631.94293,353.39117,986.8637,986.74805,-2.362,-0.127,5.149,-0.034534,0.947834,0.063924,0.310374,img_581.jpg
81288,1280,720,631.94293,353.39117,986.8637,986.74805,-2.367,-0.131,5.140,-0.034406,0.948682,0.064173,0.307736,img_582.jpg
81375,1280,720,631.94293,353.39117,986.8637,986.74805,-2.372,-0.133,5.136,-0.038305,0.948947,0.066148,0.306032,img_583.jpg
81460,1280,720,631.94293,353.39117,986.8637,986.74805,-2.380,-0.135,5.136,-0.043147,0.950119,0.067968,0.301317,img_584.jpg,marker_10.jpg,0.31443793,0.31443793,-2.807,-0.314,5.826,0.209879,0.663941,-0.687131,-0.687131
81532,1280,720,631.94293,353.39117,986.8637,986.74805,-2.387,-0.136,5.139,-0.045417,0.950796,0.068444,0.298729,img_585.jpg
81626,1280,720,631.94293,353.39117,986.8637,986.74805,-2.398,-0.139,5.143,-0.048824,0.950843,0.072827,0.297002,img_586.jpg
81709,1280,720,631.94293,353.39117,986.8637,986.74805,-2.407,-0.140,5.146,-0.049360,0.951388,0.073103,0.295093,img_587.jpg
81788,1280,720,631.94293,353.39117,986.8637,986.74805,-2.424,-0.143,5.150,-0.050333,0.952222,0.073928,0.292017,img_588.jpg
81876,1280,720,631.94293,353.39117,986.8637,986.74805,-2.436,-0.146,5.154,-0.050759,0.952302,0.077068,0.290870,img_589.jpg
81960,1280,720,631.94293,353.39117,986.8637,986.74805,-2.458,-0.148,5.162,-0.046527,0.952854,0.083612,0.287948,img_590.jpg
82030,1280,720,631.94293,353.39117,986.8637,986.74805,-2.477,-0.149,5.162,-0.042244,0.952795,0.084480,0.288548,img_591.jpg
82127,1280,720,631.94293,353.39117,986.8637,986.74805,-2.504,-0.150,5.162,-0.041971,0.950077,0.084046,0.297538,img_592.jpg,marker_10.jpg,0.31443793,0.31443793,-2.799,-0.315,5.832,0.218187,0.666494,-0.677669,-0.677669
82209,1280,720,631.94293,353.39117,986.8637,986.74805,-2.536,-0.149,5.162,-0.041268,0.944954,0.084097,0.313507,img_593.jpg
82292,1280,720,631.94293,353.39117,986.8637,986.74805,-2.558,-0.148,5.160,-0.041106,0.941089,0.083694,0.325050,img_594.jpg
82380,1280,720,631.94293,353.39117,986.8637,986.74805,-2.588,-0.150,5.158,-0.041404,0.933402,0.084529,0.346269,img_595.jpg
82476,1280,720,631.94293,353.39117,986.8637,986.74805,-2.606,-0.151,5.153,-0.041278,0.928469,0.084451,0.359319,img_596.jpg
82548,1280,720,631.94293,353.39117,986.8637,986.74805,-2.629,-0.152,5.152,-0.043777,0.919527,0.085805,0.381039,img_597.jpg
82627,1280,720,631.94293,353.39117,986.8637,986.74805,-2.641,-0.152,5.149,-0.043659,0.914135,0.087058,0.393538,img_598.jpg
82709,1280,720,631.94293,353.39117,986.8637,986.74805,-2.660,-0.152,5.148,-0.046137,0.906412,0.091409,0.409798,img_599.jpg
82793,1280,720,631.94293,353.39117,986.8637,986.74805,-2.670,-0.153,5.147,-0.047417,0.902167,0.094138,0.418311,img_600.jpg
82865,1280,720,631.94293,353.39117,986.8637,986.74805,-2.677,-0.154,5.143,-0.046649,0.899634,0.093900,0.423870,img_601.jpg
82939,1280,720,631.94293,353.39117,986.8637,986.74805,-2.685,-0.155,5.139,-0.047904,0.898104,0.094121,0.426914,img_602.jpg
83012,1280,720,631.94293,353.39117,986.8637,986.74805,-2.690,-0.155,5.131,0.051757,-0.896777,-0.092102,-0.429686,img_603.jpg
83089,1280,720,631.94293,353.39117,986.8637,986.74805,-2.695,-0.153,5.114,0.057475,-0.894397,-0.087844,-0.434780,img_604.jpg
83176,1280,720,631.94293,353.39117,986.8637,986.74805,-2.698,-0.154,5.093,0.064159,-0.891045,-0.083787,-0.441478,img_605.jpg
83260,1280,720,631.94293,353.39117,986.8637,986.74805,-2.697,-0.154,5.073,0.065194,-0.886993,-0.080240,-0.450061,img_606.jpg
83345,1280,720,631.94293,353.39117,986.8637,986.74805,-2.696,-0.154,5.037,0.065320,-0.876828,-0.075682,-0.470297,img_607.jpg
83427,1280,720,631.94293,353.39117,986.8637,986.74805,-2.697,-0.154,5.010,0.069774,-0.866900,-0.073188,-0.488119,img_608.jpg
83501,1280,720,631.94293,353.39117,986.8637,986.74805,-2.701,-0.157,4.980,0.077045,-0.854469,-0.075615,-0.508162,img_609.jpg
83580,1280,720,631.94293,353.39117,986.8637,986.74805,-2.707,-0.164,4.932,0.088712,-0.832121,-0.082630,-0.541181,img_610.jpg
83659,1280,720,631.94293,353.39117,986.8637,986.74805,-2.711,-0.168,4.898,0.096308,-0.817087,-0.084107,-0.562156,img_611.jpg
83729,1280,720,631.94293,353.39117,986.8637,986.74805,-2.712,-0.172,4.863,0.101795,-0.802229,-0.084108,-0.582230,img_612.jpg
83805,1280,720,631.94293,353.39117,986.8637,986.74805,-2.714,-0.176,4.831,0.109252,-0.788605,-0.087225,-0.598797,img_613.jpg
83886,1280,720,631.94293,353.39117,986.8637,986.74805,-2.710,-0.183,4.784,0.113819,-0.769074,-0.090726,-0.622366,img_614.jpg
83976,1280,720,631.94293,353.39117,986.8637,986.74805,-2.704,-0.188,4.734,0.120473,-0.748411,-0.090753,-0.645857,img_615.jpg
84060,1280,720,631.94293,353.39117,986.8637,986.74805,-2.698,-0.190,4.701,0.119888,-0.733221,-0.088798,-0.663422,img_616.jpg
84129,1280,720,631.94293,353.39117,986.8637,986.74805,-2.692,-0.189,4.667,0.119967,-0.716955,-0.087772,-0.681087,img_617.jpg
84210,1280,720,631.94293,353.39117,986.8637,986.74805,-2.681,-0.182,4.621,0.108544,-0.690091,-0.082480,-0.710767,img_618.jpg
84293,1280,720,631.94293,353.39117,986.8637,986.74805,-2.674,-0.172,4.594,0.098198,-0.673001,-0.076354,-0.729107,img_619.jpg
84376,1280,720,631.94293,353.39117,986.8637,986.74805,-2.667,-0.151,4.561,0.079195,-0.653049,-0.064630,-0.750385,img_620.jpg
84460,1280,720,631.94293,353.39117,986.8637,986.74805,-2.658,-0.137,4.545,0.068731,-0.642653,-0.057079,-0.760931,img_621.jpg
84543,1280,720,631.94293,353.39117,986.8637,986.74805,-2.643,-0.122,4.516,0.059776,-0.629642,-0.050257,-0.772950,img_622.jpg
84628,1280,720,631.94293,353.39117,986.8637,986.74805,-2.643,-0.117,4.513,0.054563,-0.621966,-0.047904,-0.779671,img_623.jpg
84702,1280,720,631.94293,353.39117,986.8637,986.74805,-2.647,-0.115,4.518,0.054195,-0.613029,-0.047805,-0.786748,img_624.jpg
84780,1280,720,631.94293,353.39117,986.8637,986.74805,-2.644,-0.112,4.503,0.052017,-0.599937,-0.043802,-0.797152,img_625.jpg
84859,1280,720,631.94293,353.39117,986.8637,986.74805,-2.640,-0.111,4.493,0.049956,-0.591189,-0.042246,-0.803875,img_626.jpg
84930,1280,720,631.94293,353.39117,986.8637,986.74805,-2.642,-0.112,4.480,0.050473,-0.581832,-0.040243,-0.810743,img_627.jpg
85009,1280,720,631.94293,353.39117,986.8637,986.74805,-2.644,-0.111,4.463,0.052853,-0.569111,-0.039993,-0.819585,img_628.jpg
85094,1280,720,631.94293,353.39117,986.8637,986.74805,-2.646,-0.111,4.452,0.055353,-0.560220,-0.039059,-0.825569,img_629.jpg
85171,1280,720,631.94293,353.39117,986.8637,986.74805,-2.648,-0.110,4.438,0.056475,-0.551559,-0.037644,-0.831370,img_630.jpg
85245,1280,720,631.94293,353.39117,986.8637,986.74805,-2.653,-0.110,4.422,0.056405,-0.540073,-0.036768,-0.838921,img_631.jpg
85328,1280,720,631.94293,353.39117,986.8637,986.74805,-2.657,-0.110,4.412,0.057802,-0.533593,-0.036041,-0.842994,img_632.jpg
85402,1280,720,631.94293,353.39117,986.8637,986.74805,-2.664,-0.110,4.402,0.057947,-0.527579,-0.036227,-0.846753,img_633.jpg
85482,1280,720,631.94293,353.39117,986.8637,986.74805,-2.678,-0.110,4.386,0.060429,-0.521144,-0.036572,-0.850541,img_634.jpg
85560,1280,720,631.94293,353.39117,986.8637,986.74805,-2.687,-0.110,4.375,0.061704,-0.517737,-0.036617,-0.852526,img_635.jpg
85645,1280,720,631.94293,353.39117,986.8637,986.74805,-2.698,-0.110,4.363,0.060673,-0.513043,-0.036099,-0.855454,img_636.jpg,marker_11.jpg,0.26730824,0.26730824,-3.313,-0.286,3.989,-0.628246,-0.342786,0.348795,0.348795
85720,1280,720,631.94293,353.39117,986.8637,986.74805,-2.713,-0.113,4.348,0.061694,-0.503871,-0.038447,-0.860715,img_637.jpg
85812,1280,720,631.94293,353.39117,986.8637,986.74805,-2.728,-0.115,4.333,0.066093,-0.494818,-0.037676,-0.865660,img_638.jpg
85894,1280,720,631.94293,353.39117,986.8637,986.74805,-2.739,-0.117,4.322,0.067370,-0.485343,-0.039718,-0.870819,img_639.jpg
85971,1280,720,631.94293,353.39117,986.8637,986.74805,-2.746,-0.120,4.312,0.067703,-0.480597,-0.041189,-0.873353,img_640.jpg
86047,1280,720,631.94293,353.39117,986.8637,986.74805,-2.756,-0.124,4.298,0.071089,-0.477466,-0.045304,-0.874597,img_641.jpg
86128,1280,720,631.94293,353.39117,986.8637,986.74805,-2.759,-0.125,4.288,0.067514,-0.477303,-0.045972,-0.874935,img_642.jpg
86206,1280,720,631.94293,353.39117,986.8637,986.74805,-2.760,-0.126,4.274,0.066059,-0.476340,-0.046317,-0.875552,img_643.jpg
86287,1280,720,631.94293,353.39117,986.8637,986.74805,-2.758,-0.127,4.253,0.059513,-0.477301,-0.046060,-0.875511,img_644.jpg,marker_11.jpg,0.26371726,0.26371726,-3.304,-0.284,3.996,-0.641810,-0.330576,0.332379,0.332379
86377,1280,720,631.94293,353.39117,986.8637,986.74805,-2.753,-0.130,4.239,0.061723,-0.483511,-0.045144,-0.871992,img_645.jpg
86455,1280,720,631.94293,353.39117,986.8637,986.74805,-2.741,-0.132,4.217,0.059619,-0.504398,-0.045346,-0.860216,img_646.jpg
86545,1280,720,631.94293,353.39117,986.8637,986.74805,-2.721,-0.130,4.200,0.052562,-0.529807,-0.046636,-0.845202,img_647.jpg
86628,1280,720,631.94293,353.39117,986.8637,986.74805,-2.707,-0.128,4.187,0.051446,-0.549018,-0.050579,-0.832691,img_648.jpg
86706,1280,720,631.94293,353.39117,986.8637,986.74805,-2.682,-0.126,4.168,0.051069,-0.568999,-0.057179,-0.818757,img_649.jpg
86794,1280,720,631.94293,353.39117,986.8637,986.74805,-2.665,-0.123,4.155,0.045908,-0.574121,-0.060478,-0.815243,img_650.jpg
86869,1280,720,631.94293,353.39117,986.8637,986.74805,-2.645,-0.120,4.142,0.041327,-0.578221,-0.060677,-0.812571,img_651.jpg,marker_11.jpg,0.2605819,0.2605819,-3.307,-0.284,3.993,-0.635579,-0.324175,0.317018,0.317018
86946,1280,720,631.94293,353.39117,986.8637,986.74805,-2.615,-0.116,4.120,0.043434,-0.582713,-0.056929,-0.809517,img_652.jpg
87028,1280,720,631.94293,353.39117,986.8637,986.74805,-2.596,-0.114,4.106,0.043071,-0.585386,-0.055927,-0.807676,img_653.jpg
87104,1280,720,631.94293,353.39117,986.8637,986.74805,-2.576,-0.113,4.090,0.045030,-0.588263,-0.054679,-0.805561,img_654.jpg
87186,1280,720,631.94293,353.39117,986.8637,986.74805,-2.538,-0.113,4.070,0.046236,-0.589438,-0.051133,-0.804867,img_655.jpg
87277,1280,720,631.94293,353.39117,986.8637,986.74805,-2.493,-0.114,4.050,0.044268,-0.590928,-0.050143,-0.803946,img_656.jpg
87360,1280,720,631.94293,353.39117,986.8637,986.74805,-2.460,-0.116,4.039,0.044116,-0.592182,-0.053106,-0.802841,img_657.jpg
87431,1280,720,631.94293,353.39117,986.8637,986.74805,-2.427,-0.117,4.026,0.049117,-0.591166,-0.060575,-0.802771,img_658.jpg
87511,1280,720,631.94293,353.39117,986.8637,986.74805,-2.393,-0.117,4.013,0.050841,-0.591667,-0.068845,-0.801627,img_659.jpg
87592,1280,720,631.94293,353.39117,986.8637,986.74805,-2.338,-0.115,3.993,0.043405,-0.590563,-0.075250,-0.802303,img_660.jpg
87678,1280,720,631.94293,353.39117,986.8637,986.74805,-2.287,-0.112,3.971,0.043607,-0.587287,-0.078115,-0.804420,img_661.jpg
87760,1280,720,631.94293,353.39117,986.8637,986.74805,-2.256,-0.111,3.956,0.044499,-0.587259,-0.077881,-0.804413,img_662.jpg
87835,1280,720,631.94293,353.39117,986.8637,986.74805,-2.226,-0.108,3.939,0.044138,-0.584751,-0.076814,-0.806361,img_663.jpg,marker_11.jpg,0.26136473,0.26136473,-3.307,-0.284,3.993,-0.640251,-0.319712,0.317608,0.317608
87929,1280,720,631.94293,353.39117,986.8637,986.74805,-2.180,-0.106,3.904,0.048012,-0.581239,-0.073822,-0.808954,img_664.jpg
88011,1280,720,631.94293,353.39117,986.8637,986.74805,-2.130,-0.109,3.859,0.052897,-0.576138,-0.070094,-0.812622,img_665.jpg
88095,1280,720,631.94293,353.39117,986.8637,986.74805,-2.097,-0.113,3.823,0.057584,-0.571727,-0.070756,-0.815356,img_666.jpg
88169,1280,720,631.94293,353.39117,986.8637,986.74805,-2.065,-0.117,3.785,0.058030,-0.567804,-0.072034,-0.817950,img_667.jpg
88261,1280,720,631.94293,353.39117,986.8637,986.74805,-2.017,-0.122,3.727,0.060489,-0.564577,-0.075753,-0.819668,img_668.jpg
88329,1280,720,631.94293,353.39117,986.8637,986.74805,-1.982,-0.124,3.688,0.062478,-0.564536,-0.080775,-0.819067,img_669.jpg
88412,1280,720,631.94293,353.39117,986.8637,986.74805,-1.948,-0.125,3.653,0.064022,-0.563236,-0.089155,-0.818974,img_670.jpg
88486,1280,720,631.94293,353.39117,986.8637,986.74805,-1.897,-0.123,3.604,0.071030,-0.563130,-0.095377,-0.817767,img_671.jpg
88578,1280,720,631.94293,353.39117,986.8637,986.74805,-1.842,-0.121,3.563,0.069766,-0.558808,-0.094784,-0.820904,img_672.jpg
88661,1280,720,631.94293,353.39117,986.8637,986.74805,-1.809,-0.121,3.535,0.069923,-0.553642,-0.093739,-0.824502,img_673.jpg
88735,1280,720,631.94293,353.39117,986.8637,986.74805,-1.775,-0.122,3.504,0.073789,-0.548110,-0.091174,-0.828141,img_674.jpg
88808,1280,720,631.94293,353.39117,986.8637,986.74805,-1.724,-0.124,3.457,0.074766,-0.538892,-0.086894,-0.834538,img_675.jpg
88894,1280,720,631.94293,353.39117,986.8637,986.74805,-1.689,-0.124,3.426,0.073838,-0.531378,-0.083475,-0.839772,img_676.jpg
88971,1280,720,631.94293,353.39117,986.8637,986.74805,-1.655,-0.124,3.395,0.069021,-0.525077,-0.078712,-0.844591,img_677.jpg
89047,1280,720,631.94293,353.39117,986.8637,986.74805,-1.607,-0.125,3.350,0.066509,-0.515499,-0.082320,-0.850330,img_678.jpg
89129,1280,720,631.94293,353.39117,986.8637,986.74805,-1.578,-0.124,3.320,0.063287,-0.509222,-0.086898,-0.853895,img_679.jpg
89204,1280,720,631.94293,353.39117,986.8637,986.74805,-1.536,-0.114,3.272,0.063872,-0.496910,-0.085496,-0.861215,img_680.jpg
89296,1280,720,631.94293,353.39117,986.8637,986.74805,-1.510,-0.105,3.238,0.066257,-0.486436,-0.083628,-0.867177,img_681.jpg
89370,1280,720,631.94293,353.39117,986.8637,986.74805,-1.476,-0.095,3.193,0.064312,-0.473007,-0.076737,-0.875352,img_682.jpg
89461,1280,720,631.94293,353.39117,986.8637,986.74805,-1.456,-0.088,3.169,0.065380,-0.466105,-0.070696,-0.879473,img_683.jpg
89531,1280,720,631.94293,353.39117,986.8637,986.74805,-1.433,-0.080,3.144,0.063008,-0.462380,-0.063293,-0.882173,img_684.jpg
89608,1280,720,631.94293,353.39117,986.8637,986.74805,-1.407,-0.072,3.103,0.057858,-0.459986,-0.055947,-0.884271,img_685.jpg
89695,1280,720,631.94293,353.39117,986.8637,986.74805,-1.400,-0.066,3.103,0.054583,-0.455892,-0.052245,-0.886822,img_686.jpg
89764,1280,720,631.94293,353.39117,986.8637,986.74805,-1.387,-0.063,3.087,0.053803,-0.459300,-0.051250,-0.885168,img_687.jpg
89841,1280,720,631.94293,353.39117,986.8637,986.74805,-1.369,-0.057,3.064,0.052386,-0.467871,-0.051395,-0.880744,img_688.jpg,marker_12.jpg,0.2703181,0.2703181,-1.827,-0.229,2.694,-0.645972,-0.341108,0.301709,0.301709
89929,1280,720,631.94293,353.39117,986.8637,986.74805,-1.356,-0.053,3.055,0.050140,-0.472426,-0.051114,-0.878457,img_689.jpg
89997,1280,720,631.94293,353.39117,986.8637,986.74805,-1.345,-0.050,3.047,0.044223,-0.476096,-0.050973,-0.876800,img_690.jpg
90078,1280,720,631.94293,353.39117,986.8637,986.74805,-1.331,-0.046,3.033,0.040134,-0.481725,-0.049390,-0.874009,img_691.jpg
90163,1280,720,631.94293,353.39117,986.8637,986.74805,-1.324,-0.046,3.021,0.040172,-0.488789,-0.047821,-0.870164,img_692.jpg
90243,1280,720,631.94293,353.39117,986.8637,986.74805,-1.313,-0.045,3.009,0.037961,-0.496672,-0.048732,-0.865737,img_693.jpg
90329,1280,720,631.94293,353.39117,986.8637,986.74805,-1.306,-0.043,3.003,0.036637,-0.501035,-0.049692,-0.863222,img_694.jpg
90400,1280,720,631.94293,353.39117,986.8637,986.74805,-1.296,-0.042,3.001,0.034136,-0.503855,-0.050123,-0.861657,img_695.jpg
90481,1280,720,631.94293,353.39117,986.8637,986.74805,-1.280,-0.039,3.004,0.027035,-0.508166,-0.049853,-0.859390,img_696.jpg,marker_12.jpg,0.2753238,0.2753238,-1.828,-0.233,2.696,-0.642227,-0.344181,0.307207,0.307207
90562,1280,720,631.94293,353.39117,986.8637,986.74805,-1.270,-0.037,3.005,0.024894,-0.509207,-0.048421,-0.858920,img_697.jpg
90642,1280,720,631.94293,353.39117,986.8637,986.74805,-1.253,-0.033,3.012,0.022056,-0.509598,-0.041544,-0.859126,img_698.jpg
90729,1280,720,631.94293,353.39117,986.8637,986.74805,-1.241,-0.030,3.020,0.016822,-0.509016,-0.038066,-0.859751,img_699.jpg
90803,1280,720,631.94293,353.39117,986.8637,986.74805,-1.222,-0.026,3.034,0.013950,-0.509322,-0.033373,-0.859815,img_700.jpg
90896,1280,720,631.94293,353.39117,986.8637,986.74805,-1.210,-0.024,3.044,0.009413,-0.508954,-0.031707,-0.860158,img_701.jpg
90968,1280,720,631.94293,353.39117,986.8637,986.74805,-1.200,-0.023,3.052,0.007829,-0.508273,-0.030778,-0.860610,img_702.jpg,marker_12.jpg,0.27219358,0.27219358,-1.820,-0.231,2.700,-0.642819,-0.342278,0.305320,0.305320
91046,1280,720,631.94293,353.39117,986.8637,986.74805,-1.185,-0.022,3.064,0.010491,-0.508455,-0.028854,-0.860541,img_703.jpg
91129,1280,720,631.94293,353.39117,986.8637,986.74805,-1.176,-0.022,3.070,0.014817,-0.507259,-0.029001,-0.861178,img_704.jpg
91201,1280,720,631.94293,353.39117,986.8637,986.74805,-1.168,-0.023,3.077,0.016766,-0.504850,-0.030295,-0.862512,img_705.jpg
91279,1280,720,631.94293,353.39117,986.8637,986.74805,-1.158,-0.025,3.085,0.017735,-0.502439,-0.032053,-0.863836,img_706.jpg
91362,1280,720,631.94293,353.39117,986.8637,986.74805,-1.153,-0.024,3.090,0.019339,-0.500509,-0.032542,-0.864904,img_707.jpg
91435,1280,720,631.94293,353.39117,986.8637,986.74805,-1.146,-0.026,3.096,0.021812,-0.497879,-0.032076,-0.866378,img_708.jpg
91530,1280,720,631.94293,353.39117,986.8637,986.74805,-1.145,-0.026,3.100,0.021644,-0.498140,-0.032745,-0.866208,img_709.jpg
91606,1280,720,631.94293,353.39117,986.8637,986.74805,-1.141,-0.026,3.104,0.021477,-0.500264,-0.031956,-0.865016,img_710.jpg,marker_12.jpg,0.27181044,0.27181044,-1.820,-0.231,2.699,-0.644868,-0.339147,0.301542,0.301542
91698,1280,720,631.94293,353.39117,986.8637,986.74805,-1.137,-0.026,3.109,0.022404,-0.499904,-0.032821,-0.865169,img_711.jpg
