time,sizeX,sizeY,p_x,p_y,f_x,f_y,pos_X,pos_Y,pos_Z,q_x,q_y,q_z,q_w,marker_ID,marker_x,marker_y,marker_z,marker_qx,marker_qy,marker_qz,marker_qw,marker_ID,marker_x,marker_y,marker_z,marker_qx,marker_qy,marker_qz,marker_qw,marker_ID,marker_x,marker_y,marker_z,marker_qx,marker_qy,marker_qz,marker_qw,
16151,1280,720,631.94293,353.39117,986.8637,986.74805,0.339,0.027,0.987,0.075804,-0.032055,-0.004521,-0.996597,img_1.jpg
16229,1280,720,631.94293,353.39117,986.8637,986.74805,0.308,0.000,0.953,0.072515,-0.029133,-0.002551,-0.996939,img_2.jpg,marker_1.jpg,0.25552613,0.25552613,0.269,-0.085,0.345,-0.688896,-0.036627,0.042972,0.042972
16304,1280,720,631.94293,353.39117,986.8637,986.74805,0.307,0.003,0.957,0.063700,-0.024114,-0.000285,-0.997678,img_3.jpg
16405,1280,720,631.94293,353.39117,986.8637,986.74805,0.305,0.004,0.959,0.063007,-0.021118,-0.003663,-0.997783,img_4.jpg
16484,1280,720,631.94293,353.39117,986.8637,986.74805,0.305,0.006,0.960,0.062753,-0.020654,-0.003702,-0.997808,img_5.jpg
16558,1280,720,631.94293,353.39117,986.8637,986.74805,0.304,0.007,0.962,0.062660,-0.018380,-0.004177,-0.997857,img_6.jpg,marker_1.jpg,0.25443822,0.25443822,0.268,-0.085,0.344,-0.687099,-0.037541,0.045272,0.045272
16651,1280,720,631.94293,353.39117,986.8637,986.74805,0.301,0.009,0.966,0.061744,-0.018200,-0.004956,-0.997914,img_7.jpg
16734,1280,720,631.94293,353.39117,986.8637,986.74805,0.300,0.009,0.972,0.060444,-0.017412,-0.004504,-0.998010,img_8.jpg
16809,1280,720,631.94293,353.39117,986.8637,986.74805,0.297,0.010,0.979,0.061988,-0.017536,-0.004914,-0.997911,img_9.jpg
16884,1280,720,631.94293,353.39117,986.8637,986.74805,0.295,0.012,0.984,0.062148,-0.016718,-0.007611,-0.997898,img_10.jpg
16968,1280,720,631.94293,353.39117,986.8637,986.74805,0.295,0.012,0.990,0.062304,-0.011529,-0.008950,-0.997951,img_11.jpg
17043,1280,720,631.94293,353.39117,986.8637,986.74805,0.296,0.011,0.998,0.060921,-0.004678,-0.013215,-0.998044,img_12.jpg,marker_1.jpg,0.25719094,0.25719094,0.269,-0.084,0.342,-0.697799,-0.022404,0.027004,0.027004
17118,1280,720,631.94293,353.39117,986.8637,986.74805,0.304,0.013,1.002,0.064474,-0.006449,-0.012995,-0.997814,img_13.jpg
17201,1280,720,631.94293,353.39117,986.8637,986.74805,0.309,0.012,1.006,0.065828,-0.008164,-0.011019,-0.997737,img_14.jpg
17270,1280,720,631.94293,353.39117,986.8637,986.74805,0.321,0.013,1.014,0.061794,-0.019781,-0.004735,-0.997882,img_15.jpg
17353,1280,720,631.94293,353.39117,986.8637,986.74805,0.332,0.013,1.020,0.057877,-0.030652,-0.003378,-0.997847,img_16.jpg
17434,1280,720,631.94293,353.39117,986.8637,986.74805,0.343,0.014,1.024,0.057728,-0.038447,-0.005434,-0.997577,img_17.jpg
17506,1280,720,631.94293,353.39117,986.8637,986.74805,0.364,0.015,1.028,0.065892,-0.043911,-0.009293,-0.996817,img_18.jpg
17585,1280,720,631.94293,353.39117,986.8637,986.74805,0.384,0.014,1.029,0.074133,-0.050307,-0.009813,-0.995930,img_19.jpg
17656,1280,720,631.94293,353.39117,986.8637,986.74805,0.405,0.013,1.032,0.081922,-0.056877,-0.007904,-0.994983,img_20.jpg,marker_1.jpg,0.26035488,0.26035488,0.272,-0.085,0.334,-0.703199,-0.010239,0.017006,0.017006
17729,1280,720,631.94293,353.39117,986.8637,986.74805,0.428,0.014,1.035,0.079545,-0.061756,-0.009534,-0.994871,img_21.jpg
17818,1280,720,631.94293,353.39117,986.8637,986.74805,0.466,0.016,1.041,0.079299,-0.070510,-0.003233,-0.994349,img_22.jpg
17900,1280,720,631.94293,353.39117,986.8637,986.74805,0.491,0.019,1.046,0.074440,-0.074298,-0.000391,-0.994454,img_23.jpg
17969,1280,720,631.94293,353.39117,986.8637,986.74805,0.520,0.021,1.049,0.073196,-0.078486,0.001700,-0.994223,img_24.jpg
18045,1280,720,631.94293,353.39117,986.8637,986.74805,0.561,0.024,1.053,0.075845,-0.087982,0.006418,-0.993210,img_25.jpg
18134,1280,720,631.94293,353.39117,986.8637,986.74805,0.586,0.026,1.053,0.076008,-0.087007,0.007035,-0.993279,img_26.jpg
18208,1280,720,631.94293,353.39117,986.8637,986.74805,0.623,0.026,1.054,0.078872,-0.087190,0.011755,-0.992995,img_27.jpg
18301,1280,720,631.94293,353.39117,986.8637,986.74805,0.656,0.028,1.053,0.077995,-0.079648,0.013206,-0.993679,img_28.jpg
18385,1280,720,631.94293,353.39117,986.8637,986.74805,0.676,0.031,1.051,0.078144,-0.078744,0.016085,-0.993697,img_29.jpg
18469,1280,720,631.94293,353.39117,986.8637,986.74805,0.696,0.035,1.049,0.078027,-0.078002,0.016092,-0.993765,img_30.jpg
18540,1280,720,631.94293,353.39117,986.8637,986.74805,0.722,0.037,1.046,0.077210,-0.071824,0.017890,-0.994264,img_31.jpg
18635,1280,720,631.94293,353.39117,986.8637,986.74805,0.741,0.037,1.041,0.079532,-0.067957,0.020145,-0.994309,img_32.jpg,marker_1.jpg,0.26304406,0.26304406,0.269,-0.085,0.325,-0.705857,-0.029387,0.038876,0.038876
18708,1280,720,631.94293,353.39117,986.8637,986.74805,0.769,0.036,1.031,0.078188,-0.058024,0.019396,-0.995060,img_33.jpg
18801,1280,720,631.94293,353.39117,986.8637,986.74805,0.790,0.036,1.020,0.079118,-0.050410,0.017642,-0.995434,img_34.jpg
18870,1280,720,631.94293,353.39117,986.8637,986.74805,0.808,0.036,1.009,0.079460,-0.044318,0.011134,-0.995790,img_35.jpg
18943,1280,720,631.94293,353.39117,986.8637,986.74805,0.838,0.039,0.995,0.077168,-0.033352,0.006371,-0.996440,img_36.jpg
19034,1280,720,631.94293,353.39117,986.8637,986.74805,0.868,0.041,0.978,0.085389,-0.014772,0.008629,-0.996201,img_37.jpg
19118,1280,720,631.94293,353.39117,986.8637,986.74805,0.890,0.041,0.970,0.082465,0.000193,0.010453,-0.996539,img_38.jpg
19201,1280,720,631.94293,353.39117,986.8637,986.74805,0.914,0.039,0.962,0.085466,0.017210,0.013816,-0.996097,img_39.jpg
19270,1280,720,631.94293,353.39117,986.8637,986.74805,0.949,0.037,0.948,0.096355,0.033706,0.024308,-0.994479,img_40.jpg
19352,1280,720,631.94293,353.39117,986.8637,986.74805,0.973,0.036,0.942,0.091824,0.045828,0.025473,-0.994394,img_41.jpg
19434,1280,720,631.94293,353.39117,986.8637,986.74805,1.003,0.033,0.937,0.094092,0.051130,0.034703,-0.993644,img_42.jpg
19508,1280,720,631.94293,353.39117,986.8637,986.74805,1.048,0.027,0.932,0.096595,0.058052,0.041200,-0.992775,img_43.jpg
19601,1280,720,631.94293,353.39117,986.8637,986.74805,1.083,0.024,0.931,0.097634,0.059751,0.042510,-0.992517,img_44.jpg
19669,1280,720,631.94293,353.39117,986.8637,986.74805,1.120,0.020,0.930,0.101727,0.068640,0.040871,-0.991600,img_45.jpg
19741,1280,720,631.94293,353.39117,986.8637,986.74805,1.182,0.020,0.936,0.094804,0.080925,0.032136,-0.991681,img_46.jpg
19834,1280,720,631.94293,353.39117,986.8637,986.74805,1.247,0.024,0.945,0.089823,0.091647,0.025670,-0.991400,img_47.jpg
19917,1280,720,631.94293,353.39117,986.8637,986.74805,1.291,0.028,0.951,0.091553,0.097471,0.027127,-0.990647,img_48.jpg
19987,1280,720,631.94293,353.39117,986.8637,986.74805,1.332,0.030,0.955,0.096301,0.103046,0.026521,-0.989649,img_49.jpg
20054,1280,720,631.94293,353.39117,986.8637,986.74805,1.369,0.031,0.961,0.097207,0.107186,0.024640,-0.989169,img_50.jpg
20130,1280,720,631.94293,353.39117,986.8637,986.74805,1.402,0.033,0.963,0.100138,0.114469,0.025712,-0.988032,img_51.jpg
20204,1280,720,631.94293,353.39117,986.8637,986.74805,1.448,0.033,0.965,0.104159,0.125342,0.029957,-0.986176,img_52.jpg
20285,1280,720,631.94293,353.39117,986.8637,986.74805,1.478,0.031,0.964,0.107242,0.132650,0.030693,-0.984866,img_53.jpg
20355,1280,720,631.94293,353.39117,986.8637,986.74805,1.508,0.028,0.962,0.109710,0.140105,0.032205,-0.983513,img_54.jpg
20435,1280,720,631.94293,353.39117,986.8637,986.74805,1.552,0.023,0.955,0.111598,0.148761,0.035278,-0.981922,img_55.jpg
20518,1280,720,631.94293,353.39117,986.8637,986.74805,1.582,0.021,0.947,0.111276,0.155493,0.033493,-0.980978,img_56.jpg
20588,1280,720,631.94293,353.39117,986.8637,986.74805,1.582,0.021,0.947,0.111276,0.155493,0.033493,-0.980978,img_57.jpg
20668,1280,720,631.94293,353.39117,986.8637,986.74805,1.582,0.021,0.947,0.111276,0.155493,0.033493,-0.980978,img_58.jpg
20751,1280,720,631.94293,353.39117,986.8637,986.74805,1.582,0.021,0.947,0.111276,0.155493,0.033493,-0.980978,img_59.jpg
20821,1280,720,631.94293,353.39117,986.8637,986.74805,1.582,0.021,0.947,0.111276,0.155493,0.033493,-0.980978,img_60.jpg
20897,1280,720,631.94293,353.39117,986.8637,986.74805,1.582,0.021,0.947,0.111276,0.155493,0.033493,-0.980978,img_61.jpg
20969,1280,720,631.94293,353.39117,986.8637,986.74805,1.582,0.021,0.947,0.111276,0.155493,0.033493,-0.980978,img_62.jpg
21041,1280,720,631.94293,353.39117,986.8637,986.74805,1.582,0.021,0.947,0.111276,0.155493,0.033493,-0.980978,img_63.jpg
21134,1280,720,631.94293,353.39117,986.8637,986.74805,1.582,0.021,0.947,0.111276,0.155493,0.033493,-0.980978,img_64.jpg
21217,1280,720,631.94293,353.39117,986.8637,986.74805,1.582,0.021,0.947,0.111276,0.155493,0.033493,-0.980978,img_65.jpg
21291,1280,720,631.94293,353.39117,986.8637,986.74805,1.582,0.021,0.947,0.111276,0.155493,0.033493,-0.980978,img_66.jpg
21368,1280,720,631.94293,353.39117,986.8637,986.74805,1.582,0.021,0.947,0.111276,0.155493,0.033493,-0.980978,img_67.jpg
21452,1280,720,631.94293,353.39117,986.8637,986.74805,1.582,0.021,0.947,0.111276,0.155493,0.033493,-0.980978,img_68.jpg
21535,1280,720,631.94293,353.39117,986.8637,986.74805,1.582,0.021,0.947,0.111276,0.155493,0.033493,-0.980978,img_69.jpg
21618,1280,720,631.94293,353.39117,986.8637,986.74805,1.582,0.021,0.947,0.111276,0.155493,0.033493,-0.980978,img_70.jpg
21701,1280,720,631.94293,353.39117,986.8637,986.74805,1.582,0.021,0.947,0.111276,0.155493,0.033493,-0.980978,img_71.jpg
21784,1280,720,631.94293,353.39117,986.8637,986.74805,1.582,0.021,0.947,0.111276,0.155493,0.033493,-0.980978,img_72.jpg
21850,1280,720,631.94293,353.39117,986.8637,986.74805,1.582,0.021,0.947,0.111276,0.155493,0.033493,-0.980978,img_73.jpg
21924,1280,720,631.94293,353.39117,986.8637,986.74805,1.582,0.021,0.947,0.111276,0.155493,0.033493,-0.980978,img_74.jpg
21997,1280,720,631.94293,353.39117,986.8637,986.74805,1.582,0.021,0.947,0.111276,0.155493,0.033493,-0.980978,img_75.jpg
22084,1280,720,631.94293,353.39117,986.8637,986.74805,1.582,0.021,0.947,0.111276,0.155493,0.033493,-0.980978,img_76.jpg
22149,1280,720,631.94293,353.39117,986.8637,986.74805,1.582,0.021,0.947,0.111276,0.155493,0.033493,-0.980978,img_77.jpg
22235,1280,720,631.94293,353.39117,986.8637,986.74805,1.582,0.021,0.947,0.111276,0.155493,0.033493,-0.980978,img_78.jpg
22318,1280,720,631.94293,353.39117,986.8637,986.74805,1.582,0.021,0.947,0.111276,0.155493,0.033493,-0.980978,img_79.jpg
22391,1280,720,631.94293,353.39117,986.8637,986.74805,1.582,0.021,0.947,0.111276,0.155493,0.033493,-0.980978,img_80.jpg
22461,1280,720,631.94293,353.39117,986.8637,986.74805,1.582,0.021,0.947,0.111276,0.155493,0.033493,-0.980978,img_81.jpg
22534,1280,720,631.94293,353.39117,986.8637,986.74805,1.582,0.021,0.947,0.111276,0.155493,0.033493,-0.980978,img_82.jpg
22618,1280,720,631.94293,353.39117,986.8637,986.74805,1.582,0.021,0.947,0.111276,0.155493,0.033493,-0.980978,img_83.jpg
22685,1280,720,631.94293,353.39117,986.8637,986.74805,1.582,0.021,0.947,0.111276,0.155493,0.033493,-0.980978,img_84.jpg
22756,1280,720,631.94293,353.39117,986.8637,986.74805,1.582,0.021,0.947,0.111276,0.155493,0.033493,-0.980978,img_85.jpg
22833,1280,720,631.94293,353.39117,986.8637,986.74805,1.582,0.021,0.947,0.111276,0.155493,0.033493,-0.980978,img_86.jpg
22918,1280,720,631.94293,353.39117,986.8637,986.74805,1.582,0.021,0.947,0.111276,0.155493,0.033493,-0.980978,img_87.jpg
22993,1280,720,631.94293,353.39117,986.8637,986.74805,1.582,0.021,0.947,0.111276,0.155493,0.033493,-0.980978,img_88.jpg
23062,1280,720,631.94293,353.39117,986.8637,986.74805,1.249,-0.075,1.346,0.127284,0.099047,0.129313,-0.978400,img_89.jpg
23135,1280,720,631.94293,353.39117,986.8637,986.74805,1.363,-0.114,1.404,0.127763,0.101706,0.127216,-0.978340,img_90.jpg
23218,1280,720,631.94293,353.39117,986.8637,986.74805,1.451,-0.142,1.440,0.127739,0.101563,0.125501,-0.978579,img_91.jpg
23301,1280,720,631.94293,353.39117,986.8637,986.74805,1.602,-0.185,1.489,0.129301,0.098572,0.125294,-0.978706,img_92.jpg
23386,1280,720,631.94293,353.39117,986.8637,986.74805,1.714,-0.215,1.519,0.127685,0.098951,0.124470,-0.978985,img_93.jpg
23456,1280,720,631.94293,353.39117,986.8637,986.74805,1.836,-0.247,1.547,0.124135,0.101274,0.121412,-0.979588,img_94.jpg
23535,1280,720,631.94293,353.39117,986.8637,986.74805,2.039,-0.298,1.582,0.122962,0.104106,0.118587,-0.979785,img_95.jpg
23618,1280,720,631.94293,353.39117,986.8637,986.74805,2.186,-0.335,1.602,0.124000,0.106510,0.117461,-0.979532,img_96.jpg
23686,1280,720,631.94293,353.39117,986.8637,986.74805,2.343,-0.374,1.618,0.124854,0.110752,0.115061,-0.979238,img_97.jpg
23759,1280,720,631.94293,353.39117,986.8637,986.74805,2.509,-0.416,1.634,0.127705,0.111989,0.114869,-0.978752,img_98.jpg
23837,1280,720,631.94293,353.39117,986.8637,986.74805,2.776,-0.481,1.656,0.127947,0.120513,0.109820,-0.978287,img_99.jpg
23918,1280,720,631.94293,353.39117,986.8637,986.74805,2.978,-0.522,1.656,0.128889,0.124658,0.109336,-0.977698,img_100.jpg
23990,1280,720,631.94293,353.39117,986.8637,986.74805,3.180,-0.567,1.663,0.126287,0.128973,0.106629,-0.977777,img_101.jpg
24060,1280,720,631.94293,353.39117,986.8637,986.74805,3.394,-0.612,1.668,0.122755,0.119481,0.110373,-0.979016,img_102.jpg
24131,1280,720,631.94293,353.39117,986.8637,986.74805,3.394,-0.612,1.668,0.122755,0.119481,0.110373,-0.979016,img_103.jpg
24218,1280,720,631.94293,353.39117,986.8637,986.74805,3.394,-0.612,1.668,0.122755,0.119481,0.110373,-0.979016,img_104.jpg
24284,1280,720,631.94293,353.39117,986.8637,986.74805,1.021,0.047,0.995,0.072296,0.026676,-0.007428,-0.996999,img_105.jpg
24357,1280,720,631.94293,353.39117,986.8637,986.74805,1.024,0.044,0.998,0.072103,0.018413,-0.004793,-0.997216,img_106.jpg
24440,1280,720,631.94293,353.39117,986.8637,986.74805,1.043,0.046,1.016,0.074729,0.001027,0.006825,-0.997180,img_107.jpg
24518,1280,720,631.94293,353.39117,986.8637,986.74805,1.047,0.045,1.015,0.072755,-0.006785,0.007430,-0.997299,img_108.jpg
24591,1280,720,631.94293,353.39117,986.8637,986.74805,1.057,0.045,1.018,0.067839,-0.012666,0.006367,-0.997596,img_109.jpg
24660,1280,720,631.94293,353.39117,986.8637,986.74805,1.066,0.049,1.022,0.061874,-0.015919,0.011811,-0.997887,img_110.jpg
24727,1280,720,631.94293,353.39117,986.8637,986.74805,1.078,0.048,1.030,0.058518,-0.020540,0.013158,-0.997988,img_111.jpg
24805,1280,720,631.94293,353.39117,986.8637,986.74805,1.092,0.047,1.034,0.062735,-0.026229,0.013644,-0.997592,img_112.jpg
24878,1280,720,631.94293,353.39117,986.8637,986.74805,1.110,0.046,1.040,0.060989,-0.033150,0.011188,-0.997525,img_113.jpg
24953,1280,720,631.94293,353.39117,986.8637,986.74805,1.128,0.047,1.043,0.062010,-0.033795,0.013331,-0.997414,img_114.jpg
25036,1280,720,631.94293,353.39117,986.8637,986.74805,1.153,0.045,1.047,0.065241,-0.038265,0.018211,-0.996969,img_115.jpg
25119,1280,720,631.94293,353.39117,986.8637,986.74805,1.170,0.044,1.052,0.060758,-0.032953,0.018257,-0.997441,img_116.jpg
25192,1280,720,631.94293,353.39117,986.8637,986.74805,1.187,0.044,1.053,0.061818,-0.023811,0.016594,-0.997665,img_117.jpg
25266,1280,720,631.94293,353.39117,986.8637,986.74805,1.201,0.043,1.053,0.065542,-0.015745,0.018515,-0.997554,img_118.jpg
25353,1280,720,631.94293,353.39117,986.8637,986.74805,1.224,0.041,1.055,0.066928,-0.001868,0.018858,-0.997578,img_119.jpg
25427,1280,720,631.94293,353.39117,986.8637,986.74805,1.241,0.039,1.057,0.068742,0.006041,0.017919,-0.997455,img_120.jpg
25500,1280,720,631.94293,353.39117,986.8637,986.74805,1.263,0.037,1.057,0.066962,0.020359,0.018360,-0.997379,img_121.jpg
25586,1280,720,631.94293,353.39117,986.8637,986.74805,1.273,0.038,1.055,0.068637,0.026533,0.020739,-0.997073,img_122.jpg
25655,1280,720,631.94293,353.39117,986.8637,986.74805,1.288,0.037,1.058,0.062117,0.033089,0.019450,-0.997331,img_123.jpg
25729,1280,720,631.94293,353.39117,986.8637,986.74805,1.303,0.035,1.054,0.059983,0.046045,0.018772,-0.996960,img_124.jpg
25819,1280,720,631.94293,353.39117,986.8637,986.74805,1.313,0.034,1.048,0.061670,0.051222,0.019530,-0.996590,img_125.jpg
25892,1280,720,631.94293,353.39117,986.8637,986.74805,1.320,0.031,1.042,0.062756,0.055056,0.019000,-0.996328,img_126.jpg
25964,1280,720,631.94293,353.39117,986.8637,986.74805,1.330,0.031,1.034,0.062478,0.056590,0.019644,-0.996247,img_127.jpg
26041,1280,720,631.94293,353.39117,986.8637,986.74805,1.341,0.029,1.021,0.060505,0.056042,0.016935,-0.996450,img_128.jpg
26136,1280,720,631.94293,353.39117,986.8637,986.74805,1.351,0.030,1.006,0.059414,0.053188,0.013247,-0.996727,img_129.jpg
26219,1280,720,631.94293,353.39117,986.8637,986.74805,1.356,0.030,0.996,0.061949,0.046187,0.013136,-0.996924,img_130.jpg
26303,1280,720,631.94293,353.39117,986.8637,986.74805,1.365,0.030,0.977,0.062742,0.039258,0.008381,-0.997222,img_131.jpg
26386,1280,720,631.94293,353.39117,986.8637,986.74805,1.372,0.029,0.966,0.066115,0.034894,0.008924,-0.997162,img_132.jpg
26461,1280,720,631.94293,353.39117,986.8637,986.74805,1.379,0.029,0.954,0.068343,0.034368,0.009428,-0.997025,img_133.jpg
26540,1280,720,631.94293,353.39117,986.8637,986.74805,1.392,0.027,0.941,0.075336,0.035801,0.014951,-0.996403,img_134.jpg
26619,1280,720,631.94293,353.39117,986.8637,986.74805,1.402,0.025,0.931,0.081817,0.036078,0.017050,-0.995848,img_135.jpg
26693,1280,720,631.94293,353.39117,986.8637,986.74805,1.416,0.024,0.918,0.092107,0.035625,0.018458,-0.994940,img_136.jpg
26764,1280,720,631.94293,353.39117,986.8637,986.74805,1.432,0.022,0.918,0.096231,0.023442,0.017675,-0.994926,img_137.jpg
26854,1280,720,631.94293,353.39117,986.8637,986.74805,1.447,0.021,0.913,0.098399,0.020145,0.016249,-0.994810,img_138.jpg
26923,1280,720,631.94293,353.39117,986.8637,986.74805,1.466,0.020,0.904,0.099058,0.018149,0.014023,-0.994817,img_139.jpg
27000,1280,720,631.94293,353.39117,986.8637,986.74805,1.498,0.020,0.905,0.095735,0.016266,0.013790,-0.995178,img_140.jpg
27086,1280,720,631.94293,353.39117,986.8637,986.74805,1.524,0.019,0.913,0.089596,0.024219,0.013564,-0.995591,img_141.jpg
27158,1280,720,631.94293,353.39117,986.8637,986.74805,1.552,0.018,0.924,0.085985,0.036803,0.014706,-0.995508,img_142.jpg
27229,1280,720,631.94293,353.39117,986.8637,986.74805,1.599,0.018,0.941,0.084653,0.058013,0.018382,-0.994550,img_143.jpg
27319,1280,720,631.94293,353.39117,986.8637,986.74805,1.632,0.018,0.954,0.082674,0.071956,0.018688,-0.993800,img_144.jpg
27392,1280,720,631.94293,353.39117,986.8637,986.74805,1.666,0.018,0.967,0.085911,0.082976,0.021197,-0.992615,img_145.jpg
27464,1280,720,631.94293,353.39117,986.8637,986.74805,1.717,0.020,0.993,0.088587,0.096042,0.023278,-0.991154,img_146.jpg
27536,1280,720,631.94293,353.39117,986.8637,986.74805,1.751,0.022,1.010,0.088665,0.106375,0.020469,-0.990153,img_147.jpg
27619,1280,720,631.94293,353.39117,986.8637,986.74805,1.784,0.021,1.028,0.093044,0.113163,0.021405,-0.988979,img_148.jpg
27692,1280,720,631.94293,353.39117,986.8637,986.74805,1.816,0.019,1.043,0.101018,0.118723,0.024563,-0.987470,img_149.jpg
27764,1280,720,631.94293,353.39117,986.8637,986.74805,1.856,0.015,1.064,0.104175,0.132499,0.022832,-0.985429,img_150.jpg
27836,1280,720,631.94293,353.39117,986.8637,986.74805,1.882,0.012,1.073,0.110240,0.140837,0.027889,-0.983481,img_151.jpg
27919,1280,720,631.94293,353.39117,986.8637,986.74805,1.907,0.009,1.080,0.115330,0.149744,0.032240,-0.981446,img_152.jpg
27992,1280,720,631.94293,353.39117,986.8637,986.74805,1.931,0.006,1.087,0.116861,0.161495,0.031382,-0.979428,img_153.jpg
28062,1280,720,631.94293,353.39117,986.8637,986.74805,1.956,0.002,1.093,0.116060,0.174059,0.031587,-0.977362,img_154.jpg
28154,1280,720,631.94293,353.39117,986.8637,986.74805,1.995,-0.001,1.096,0.114242,0.190274,0.037668,-0.974333,img_155.jpg
28225,1280,720,631.94293,353.39117,986.8637,986.74805,2.023,-0.003,1.097,0.111539,0.200789,0.037809,-0.972529,img_156.jpg
28300,1280,720,631.94293,353.39117,986.8637,986.74805,2.070,-0.008,1.095,0.109900,0.215850,0.035297,-0.969580,img_157.jpg
28387,1280,720,631.94293,353.39117,986.8637,986.74805,2.103,-0.011,1.090,0.111305,0.224486,0.031337,-0.967593,img_158.jpg
28456,1280,720,631.94293,353.39117,986.8637,986.74805,2.135,-0.013,1.083,0.110956,0.232136,0.019483,-0.966138,img_159.jpg
28528,1280,720,631.94293,353.39117,986.8637,986.74805,2.186,-0.009,1.067,0.120895,0.238222,0.021396,-0.963419,img_160.jpg
28619,1280,720,631.94293,353.39117,986.8637,986.74805,2.186,-0.009,1.067,0.120895,0.238222,0.021396,-0.963419,img_161.jpg
28692,1280,720,631.94293,353.39117,986.8637,986.74805,2.186,-0.009,1.067,0.120895,0.238222,0.021396,-0.963419,img_162.jpg
28763,1280,720,631.94293,353.39117,986.8637,986.74805,2.186,-0.009,1.067,0.120895,0.238222,0.021396,-0.963419,img_163.jpg
28853,1280,720,631.94293,353.39117,986.8637,986.74805,2.186,-0.009,1.067,0.120895,0.238222,0.021396,-0.963419,img_164.jpg
28925,1280,720,631.94293,353.39117,986.8637,986.74805,2.186,-0.009,1.067,0.120895,0.238222,0.021396,-0.963419,img_165.jpg
29000,1280,720,631.94293,353.39117,986.8637,986.74805,2.186,-0.009,1.067,0.120895,0.238222,0.021396,-0.963419,img_166.jpg
29086,1280,720,631.94293,353.39117,986.8637,986.74805,2.186,-0.009,1.067,0.120895,0.238222,0.021396,-0.963419,img_167.jpg
29155,1280,720,631.94293,353.39117,986.8637,986.74805,2.186,-0.009,1.067,0.120895,0.238222,0.021396,-0.963419,img_168.jpg
29226,1280,720,631.94293,353.39117,986.8637,986.74805,2.186,-0.009,1.067,0.120895,0.238222,0.021396,-0.963419,img_169.jpg
29301,1280,720,631.94293,353.39117,986.8637,986.74805,2.186,-0.009,1.067,0.120895,0.238222,0.021396,-0.963419,img_170.jpg
29387,1280,720,631.94293,353.39117,986.8637,986.74805,2.186,-0.009,1.067,0.120895,0.238222,0.021396,-0.963419,img_171.jpg
29456,1280,720,631.94293,353.39117,986.8637,986.74805,2.186,-0.009,1.067,0.120895,0.238222,0.021396,-0.963419,img_172.jpg
29527,1280,720,631.94293,353.39117,986.8637,986.74805,2.186,-0.009,1.067,0.120895,0.238222,0.021396,-0.963419,img_173.jpg
29620,1280,720,631.94293,353.39117,986.8637,986.74805,2.186,-0.009,1.067,0.120895,0.238222,0.021396,-0.963419,img_174.jpg
29690,1280,720,631.94293,353.39117,986.8637,986.74805,2.186,-0.009,1.067,0.120895,0.238222,0.021396,-0.963419,img_175.jpg
29762,1280,720,631.94293,353.39117,986.8637,986.74805,2.186,-0.009,1.067,0.120895,0.238222,0.021396,-0.963419,img_176.jpg
29837,1280,720,631.94293,353.39117,986.8637,986.74805,2.186,-0.009,1.067,0.120895,0.238222,0.021396,-0.963419,img_177.jpg
29919,1280,720,631.94293,353.39117,986.8637,986.74805,2.186,-0.009,1.067,0.120895,0.238222,0.021396,-0.963419,img_178.jpg
29992,1280,720,631.94293,353.39117,986.8637,986.74805,2.186,-0.009,1.067,0.120895,0.238222,0.021396,-0.963419,img_179.jpg
30070,1280,720,631.94293,353.39117,986.8637,986.74805,2.186,-0.009,1.067,0.120895,0.238222,0.021396,-0.963419,img_180.jpg
30153,1280,720,631.94293,353.39117,986.8637,986.74805,2.186,-0.009,1.067,0.120895,0.238222,0.021396,-0.963419,img_181.jpg
30225,1280,720,631.94293,353.39117,986.8637,986.74805,2.186,-0.009,1.067,0.120895,0.238222,0.021396,-0.963419,img_182.jpg
30319,1280,720,631.94293,353.39117,986.8637,986.74805,2.186,-0.009,1.067,0.120895,0.238222,0.021396,-0.963419,img_183.jpg
30403,1280,720,631.94293,353.39117,986.8637,986.74805,2.186,-0.009,1.067,0.120895,0.238222,0.021396,-0.963419,img_184.jpg
30486,1280,720,631.94293,353.39117,986.8637,986.74805,2.186,-0.009,1.067,0.120895,0.238222,0.021396,-0.963419,img_185.jpg
30555,1280,720,631.94293,353.39117,986.8637,986.74805,2.186,-0.009,1.067,0.120895,0.238222,0.021396,-0.963419,img_186.jpg
30626,1280,720,631.94293,353.39117,986.8637,986.74805,2.186,-0.009,1.067,0.120895,0.238222,0.021396,-0.963419,img_187.jpg
30720,1280,720,631.94293,353.39117,986.8637,986.74805,2.186,-0.009,1.067,0.120895,0.238222,0.021396,-0.963419,img_188.jpg
30790,1280,720,631.94293,353.39117,986.8637,986.74805,2.186,-0.009,1.067,0.120895,0.238222,0.021396,-0.963419,img_189.jpg
30870,1280,720,631.94293,353.39117,986.8637,986.74805,2.186,-0.009,1.067,0.120895,0.238222,0.021396,-0.963419,img_190.jpg
30954,1280,720,631.94293,353.39117,986.8637,986.74805,2.186,-0.009,1.067,0.120895,0.238222,0.021396,-0.963419,img_191.jpg
31028,1280,720,631.94293,353.39117,986.8637,986.74805,2.186,-0.009,1.067,0.120895,0.238222,0.021396,-0.963419,img_192.jpg
31120,1280,720,631.94293,353.39117,986.8637,986.74805,2.186,-0.009,1.067,0.120895,0.238222,0.021396,-0.963419,img_193.jpg
31193,1280,720,631.94293,353.39117,986.8637,986.74805,2.186,-0.009,1.067,0.120895,0.238222,0.021396,-0.963419,img_194.jpg
31270,1280,720,631.94293,353.39117,986.8637,986.74805,2.186,-0.009,1.067,0.120895,0.238222,0.021396,-0.963419,img_195.jpg
31354,1280,720,631.94293,353.39117,986.8637,986.74805,2.186,-0.009,1.067,0.120895,0.238222,0.021396,-0.963419,img_196.jpg
31429,1280,720,631.94293,353.39117,986.8637,986.74805,1.893,0.045,0.992,0.036443,0.015538,-0.017719,-0.999058,img_197.jpg
31520,1280,720,631.94293,353.39117,986.8637,986.74805,1.932,0.047,1.016,0.034782,0.010360,-0.010599,-0.999285,img_198.jpg
31594,1280,720,631.94293,353.39117,986.8637,986.74805,1.890,0.039,1.013,0.035792,0.005713,0.000157,-0.999343,img_199.jpg
31670,1280,720,631.94293,353.39117,986.8637,986.74805,1.914,0.037,1.025,0.041082,-0.001498,0.010267,-0.999102,img_200.jpg
31754,1280,720,631.94293,353.39117,986.8637,986.74805,1.932,0.037,1.036,0.039674,-0.005243,0.014649,-0.999092,img_201.jpg
31828,1280,720,631.94293,353.39117,986.8637,986.74805,1.954,0.035,1.050,0.039508,-0.007793,0.009312,-0.999145,img_202.jpg
31920,1280,720,631.94293,353.39117,986.8637,986.74805,1.957,0.034,1.053,0.039521,-0.007076,0.006525,-0.999172,img_203.jpg
31995,1280,720,631.94293,353.39117,986.8637,986.74805,1.966,0.033,1.056,0.042690,-0.004801,0.010756,-0.999019,img_204.jpg
32087,1280,720,631.94293,353.39117,986.8637,986.74805,1.974,0.031,1.058,0.043808,-0.002451,0.010399,-0.998983,img_205.jpg
32160,1280,720,631.94293,353.39117,986.8637,986.74805,1.976,0.030,1.050,0.044503,-0.004608,0.012181,-0.998924,img_206.jpg
32238,1280,720,631.94293,353.39117,986.8637,986.74805,1.974,0.028,1.042,0.045840,-0.009160,0.012670,-0.998826,img_207.jpg
32314,1280,720,631.94293,353.39117,986.8637,986.74805,1.983,0.025,1.036,0.048714,-0.013760,0.011963,-0.998646,img_208.jpg
32391,1280,720,631.94293,353.39117,986.8637,986.74805,1.999,0.023,1.027,0.049599,-0.018988,0.010292,-0.998536,img_209.jpg
32471,1280,720,631.94293,353.39117,986.8637,986.74805,2.013,0.023,1.018,0.049217,-0.022301,0.009578,-0.998493,img_210.jpg
32557,1280,720,631.94293,353.39117,986.8637,986.74805,2.027,0.022,1.006,0.049990,-0.024413,0.010522,-0.998396,img_211.jpg,marker_4.jpg,0.32370535,0.32370535,1.971,-0.088,0.117,-0.720821,-0.048099,0.035997,0.035997
32628,1280,720,631.94293,353.39117,986.8637,986.74805,2.053,0.020,0.989,0.049001,-0.026266,0.012335,-0.998377,img_212.jpg
32721,1280,720,631.94293,353.39117,986.8637,986.74805,2.074,0.018,0.976,0.050891,-0.026256,0.012806,-0.998277,img_213.jpg,marker_4.jpg,0.31472015,0.31472015,1.926,-0.087,0.127,-0.719098,-0.048985,0.043150,0.043150
32796,1280,720,631.94293,353.39117,986.8637,986.74805,2.110,0.016,0.959,0.053632,-0.021248,0.006739,-0.998312,img_214.jpg
32872,1280,720,631.94293,353.39117,986.8637,986.74805,2.133,0.016,0.947,0.055906,-0.015029,0.007932,-0.998291,img_215.jpg
32955,1280,720,631.94293,353.39117,986.8637,986.74805,2.161,0.015,0.933,0.058846,-0.006799,0.010816,-0.998185,img_216.jpg
33028,1280,720,631.94293,353.39117,986.8637,986.74805,2.197,0.015,0.914,0.061095,0.010296,0.008546,-0.998042,img_217.jpg
33121,1280,720,631.94293,353.39117,986.8637,986.74805,2.218,0.015,0.906,0.059518,0.021588,0.007956,-0.997962,img_218.jpg
33193,1280,720,631.94293,353.39117,986.8637,986.74805,2.251,0.015,0.893,0.062674,0.035307,0.010232,-0.997357,img_219.jpg
33272,1280,720,631.94293,353.39117,986.8637,986.74805,2.274,0.016,0.888,0.060657,0.042976,0.007640,-0.997204,img_220.jpg
33356,1280,720,631.94293,353.39117,986.8637,986.74805,2.294,0.017,0.884,0.060590,0.048927,0.009867,-0.996914,img_221.jpg
33427,1280,720,631.94293,353.39117,986.8637,986.74805,2.329,0.016,0.878,0.062674,0.054242,0.015434,-0.996439,img_222.jpg
33521,1280,720,631.94293,353.39117,986.8637,986.74805,2.354,0.013,0.876,0.060699,0.056184,0.015868,-0.996447,img_223.jpg
33596,1280,720,631.94293,353.39117,986.8637,986.74805,2.398,0.010,0.877,0.061449,0.054932,0.022998,-0.996332,img_224.jpg
33671,1280,720,631.94293,353.39117,986.8637,986.74805,2.427,0.008,0.880,0.059830,0.054356,0.025303,-0.996406,img_225.jpg
33755,1280,720,631.94293,353.39117,986.8637,986.74805,2.459,0.008,0.885,0.058387,0.054462,0.025964,-0.996469,img_226.jpg
33825,1280,720,631.94293,353.39117,986.8637,986.74805,2.493,0.009,0.893,0.057244,0.055399,0.027450,-0.996444,img_227.jpg
33902,1280,720,631.94293,353.39117,986.8637,986.74805,2.547,0.012,0.905,0.060653,0.059371,0.030288,-0.995931,img_228.jpg
33987,1280,720,631.94293,353.39117,986.8637,986.74805,2.584,0.013,0.916,0.065235,0.069419,0.028141,-0.995055,img_229.jpg
34060,1280,720,631.94293,353.39117,986.8637,986.74805,2.639,0.011,0.930,0.075033,0.085394,0.026711,-0.993159,img_230.jpg
34139,1280,720,631.94293,353.39117,986.8637,986.74805,2.675,0.007,0.940,0.080805,0.100187,0.028781,-0.991264,img_231.jpg
34221,1280,720,631.94293,353.39117,986.8637,986.74805,2.710,0.004,0.948,0.090025,0.116556,0.034256,-0.988502,img_232.jpg
34293,1280,720,631.94293,353.39117,986.8637,986.74805,2.758,-0.001,0.963,0.092471,0.142568,0.040054,-0.984642,img_233.jpg
34371,1280,720,631.94293,353.39117,986.8637,986.74805,2.791,-0.006,0.969,0.102474,0.159987,0.049512,-0.980537,img_234.jpg
34455,1280,720,631.94293,353.39117,986.8637,986.74805,2.821,-0.013,0.973,0.111477,0.177565,0.054840,-0.976236,img_235.jpg
34525,1280,720,631.94293,353.39117,986.8637,986.74805,2.866,-0.023,0.978,0.121014,0.202814,0.059809,-0.969869,img_236.jpg
34604,1280,720,631.94293,353.39117,986.8637,986.74805,2.896,-0.031,0.980,0.129423,0.219462,0.067223,-0.964659,img_237.jpg
34687,1280,720,631.94293,353.39117,986.8637,986.74805,2.928,-0.037,0.981,0.136011,0.238434,0.072733,-0.958833,img_238.jpg
34757,1280,720,631.94293,353.39117,986.8637,986.74805,2.977,-0.048,0.985,0.141943,0.274418,0.078392,-0.947840,img_239.jpg
34837,1280,720,631.94293,353.39117,986.8637,986.74805,3.012,-0.056,0.986,0.146765,0.296720,0.082888,-0.939972,img_240.jpg
34921,1280,720,631.94293,353.39117,986.8637,986.74805,3.067,-0.070,0.988,0.159150,0.329269,0.092219,-0.926147,img_241.jpg
35004,1280,720,631.94293,353.39117,986.8637,986.74805,3.105,-0.077,0.984,0.167299,0.348977,0.100725,-0.916559,img_242.jpg
35075,1280,720,631.94293,353.39117,986.8637,986.74805,3.142,-0.083,0.986,0.174185,0.368514,0.111455,-0.906330,img_243.jpg
35155,1280,720,631.94293,353.39117,986.8637,986.74805,3.176,-0.089,0.989,0.183631,0.388411,0.121782,-0.894754,img_244.jpg
35224,1280,720,631.94293,353.39117,986.8637,986.74805,3.226,-0.095,0.992,0.191735,0.418626,0.133641,-0.877571,img_245.jpg
35304,1280,720,631.94293,353.39117,986.8637,986.74805,3.256,-0.106,0.968,0.198685,0.437083,0.145981,-0.864970,img_246.jpg
35388,1280,720,631.94293,353.39117,986.8637,986.74805,3.303,-0.118,0.983,0.207702,0.464504,0.162112,-0.845468,img_247.jpg
35472,1280,720,631.94293,353.39117,986.8637,986.74805,3.299,-0.134,0.894,0.213755,0.479685,0.169155,-0.834025,img_248.jpg
35555,1280,720,631.94293,353.39117,986.8637,986.74805,3.315,-0.153,0.908,0.217817,0.504177,0.179232,-0.816234,img_249.jpg
35638,1280,720,631.94293,353.39117,986.8637,986.74805,3.343,-0.158,0.917,0.219357,0.516898,0.186059,-0.806276,img_250.jpg
35721,1280,720,631.94293,353.39117,986.8637,986.74805,3.375,-0.168,0.942,0.217677,0.534001,0.197862,-0.792660,img_251.jpg
35804,1280,720,631.94293,353.39117,986.8637,986.74805,3.391,-0.168,0.962,0.215568,0.544617,0.205859,-0.783929,img_252.jpg
35888,1280,720,631.94293,353.39117,986.8637,986.74805,3.421,-0.175,0.997,0.211973,0.557014,0.216515,-0.773256,img_253.jpg
35972,1280,720,631.94293,353.39117,986.8637,986.74805,3.441,-0.181,1.021,0.211280,0.563369,0.220611,-0.767663,img_254.jpg
36056,1280,720,631.94293,353.39117,986.8637,986.74805,3.462,-0.183,1.046,0.211746,0.567609,0.222851,-0.763755,img_255.jpg
36139,1280,720,631.94293,353.39117,986.8637,986.74805,3.498,-0.183,1.087,0.214716,0.570558,0.225622,-0.759905,img_256.jpg
36213,1280,720,631.94293,353.39117,986.8637,986.74805,3.521,-0.189,1.115,0.215699,0.573404,0.228064,-0.756749,img_257.jpg
36291,1280,720,631.94293,353.39117,986.8637,986.74805,3.556,-0.194,1.163,0.216905,0.583078,0.227865,-0.749032,img_258.jpg
36371,1280,720,631.94293,353.39117,986.8637,986.74805,3.574,-0.193,1.198,0.214013,0.586139,0.230964,-0.746522,img_259.jpg
36456,1280,720,631.94293,353.39117,986.8637,986.74805,3.601,-0.193,1.251,0.212691,0.593886,0.232125,-0.740392,img_260.jpg
36539,1280,720,631.94293,353.39117,986.8637,986.74805,3.620,-0.195,1.284,0.212119,0.601270,0.230098,-0.735211,img_261.jpg
36614,1280,720,631.94293,353.39117,986.8637,986.74805,3.630,-0.194,1.313,0.208285,0.610227,0.232006,-0.728295,img_262.jpg
36705,1280,720,631.94293,353.39117,986.8637,986.74805,3.651,-0.201,1.356,0.204813,0.624248,0.242641,-0.713786,img_263.jpg
36788,1280,720,631.94293,353.39117,986.8637,986.74805,3.677,-0.212,1.401,0.201666,0.638106,0.252945,-0.698692,img_264.jpg
36871,1280,720,631.94293,353.39117,986.8637,986.74805,3.692,-0.217,1.430,0.197502,0.647694,0.259559,-0.688560,img_265.jpg
36944,1280,720,631.94293,353.39117,986.8637,986.74805,3.709,-0.233,1.456,0.192224,0.655148,0.266894,-0.680146,img_266.jpg
37021,1280,720,631.94293,353.39117,986.8637,986.74805,3.733,-0.233,1.497,0.189621,0.668380,0.271163,-0.666170,img_267.jpg
37122,1280,720,631.94293,353.39117,986.8637,986.74805,3.767,-0.234,1.539,0.185147,0.679893,0.273760,-0.654616,img_268.jpg
37205,1280,720,631.94293,353.39117,986.8637,986.74805,3.791,-0.236,1.562,0.184847,0.688388,0.272828,-0.646157,img_269.jpg
37280,1280,720,631.94293,353.39117,986.8637,986.74805,3.816,-0.237,1.585,0.186175,0.696978,0.269145,-0.638061,img_270.jpg
37352,1280,720,631.94293,353.39117,986.8637,986.74805,3.857,-0.237,1.626,0.187212,0.709207,0.267211,-0.624961,img_271.jpg
37440,1280,720,631.94293,353.39117,986.8637,986.74805,3.885,-0.235,1.652,0.186848,0.716873,0.266780,-0.616449,img_272.jpg
37513,1280,720,631.94293,353.39117,986.8637,986.74805,3.909,-0.232,1.672,0.187505,0.725830,0.261947,-0.607780,img_273.jpg
37589,1280,720,631.94293,353.39117,986.8637,986.74805,3.939,-0.222,1.705,0.177243,0.737830,0.253618,-0.599892,img_274.jpg
37671,1280,720,631.94293,353.39117,986.8637,986.74805,3.957,-0.212,1.725,0.165712,0.743378,0.244956,-0.599937,img_275.jpg
37742,1280,720,631.94293,353.39117,986.8637,986.74805,3.972,-0.194,1.745,0.151538,0.750943,0.236236,-0.597756,img_276.jpg
37817,1280,720,631.94293,353.39117,986.8637,986.74805,3.988,-0.167,1.762,0.135603,0.762807,0.208661,-0.596823,img_277.jpg
37901,1280,720,631.94293,353.39117,986.8637,986.74805,3.993,-0.114,1.789,0.102203,0.780206,0.159499,-0.596149,img_278.jpg
37988,1280,720,631.94293,353.39117,986.8637,986.74805,3.993,-0.061,1.817,0.067454,0.789065,0.114209,-0.599818,img_279.jpg
38071,1280,720,631.94293,353.39117,986.8637,986.74805,3.987,-0.029,1.835,0.048729,0.790188,0.086345,-0.604792,img_280.jpg
38156,1280,720,631.94293,353.39117,986.8637,986.74805,3.976,0.006,1.859,0.027158,0.790781,0.054955,-0.609022,img_281.jpg
38239,1280,720,631.94293,353.39117,986.8637,986.74805,3.961,0.027,1.873,0.018812,0.788965,0.038721,-0.612928,img_282.jpg
38313,1280,720,631.94293,353.39117,986.8637,986.74805,3.956,0.040,1.891,0.013362,0.785329,0.022463,-0.618526,img_283.jpg
38391,1280,720,631.94293,353.39117,986.8637,986.74805,3.950,0.053,1.922,0.004098,0.779139,0.013164,-0.626699,img_284.jpg
38472,1280,720,631.94293,353.39117,986.8637,986.74805,3.934,0.061,1.934,0.001282,0.777318,0.004179,-0.629093,img_285.jpg
38541,1280,720,631.94293,353.39117,986.8637,986.74805,3.930,0.064,1.953,0.002354,0.773414,0.001130,-0.633896,img_286.jpg
38618,1280,720,631.94293,353.39117,986.8637,986.74805,3.926,0.065,1.974,0.002590,0.768861,0.001305,-0.639410,img_287.jpg
38688,1280,720,631.94293,353.39117,986.8637,986.74805,3.918,0.065,2.002,0.003065,0.758901,0.004210,-0.651185,img_288.jpg,marker_6.jpg,0.26935706,0.26935706,4.634,-0.142,2.131,-0.509814,0.486583,-0.496283,-0.496283
38772,1280,720,631.94293,353.39117,986.8637,986.74805,3.910,0.065,2.019,0.003329,0.752416,0.004719,-0.658663,img_289.jpg
38843,1280,720,631.94293,353.39117,986.8637,986.74805,3.905,0.063,2.032,0.005152,0.744578,0.007786,-0.667470,img_290.jpg
38912,1280,720,631.94293,353.39117,986.8637,986.74805,3.896,0.063,2.045,0.005579,0.737856,0.008518,-0.674881,img_291.jpg
38990,1280,720,631.94293,353.39117,986.8637,986.74805,3.887,0.059,2.067,0.006379,0.726828,0.015822,-0.686608,img_292.jpg
39072,1280,720,631.94293,353.39117,986.8637,986.74805,3.883,0.058,2.079,0.007401,0.722414,0.016681,-0.691220,img_293.jpg
39156,1280,720,631.94293,353.39117,986.8637,986.74805,3.882,0.057,2.095,0.006643,0.716139,0.020208,-0.697634,img_294.jpg
39238,1280,720,631.94293,353.39117,986.8637,986.74805,3.879,0.057,2.104,0.006419,0.712611,0.017924,-0.701301,img_295.jpg
39307,1280,720,631.94293,353.39117,986.8637,986.74805,3.877,0.056,2.112,0.007627,0.709492,0.012586,-0.704560,img_296.jpg,marker_6.jpg,0.26732755,0.26732755,4.635,-0.140,2.126,-0.518994,0.479083,-0.491166,-0.491166
39382,1280,720,631.94293,353.39117,986.8637,986.74805,3.878,0.052,2.122,0.009888,0.704260,0.014307,-0.709729,img_297.jpg
39455,1280,720,631.94293,353.39117,986.8637,986.74805,3.879,0.048,2.135,0.009037,0.698614,0.018269,-0.715208,img_298.jpg
39526,1280,720,631.94293,353.39117,986.8637,986.74805,3.880,0.038,2.154,0.007453,0.689733,0.027669,-0.723497,img_299.jpg
39622,1280,720,631.94293,353.39117,986.8637,986.74805,3.881,0.031,2.178,0.006701,0.686165,0.027535,-0.726894,img_300.jpg
39705,1280,720,631.94293,353.39117,986.8637,986.74805,3.882,0.027,2.195,0.009144,0.685490,0.023696,-0.727639,img_301.jpg
39781,1280,720,631.94293,353.39117,986.8637,986.74805,3.886,0.024,2.218,0.012916,0.683451,0.024357,-0.729476,img_302.jpg
39850,1280,720,631.94293,353.39117,986.8637,986.74805,3.891,0.021,2.243,0.017752,0.680286,0.023094,-0.732368,img_303.jpg
39921,1280,720,631.94293,353.39117,986.8637,986.74805,3.908,0.013,2.282,0.031848,0.672545,0.037166,-0.738436,img_304.jpg,marker_6.jpg,0.26856953,0.26856953,4.629,-0.138,2.126,-0.519394,0.482270,-0.490979,-0.490979
40005,1280,720,631.94293,353.39117,986.8637,986.74805,3.919,0.007,2.306,0.038973,0.664223,0.050645,-0.744798,img_305.jpg
40073,1280,720,631.94293,353.39117,986.8637,986.74805,3.923,0.002,2.328,0.043811,0.665999,0.047867,-0.743125,img_306.jpg
40145,1280,720,631.94293,353.39117,986.8637,986.74805,3.928,-0.005,2.353,0.043386,0.666982,0.052518,-0.741953,img_307.jpg
40222,1280,720,631.94293,353.39117,986.8637,986.74805,3.935,-0.013,2.394,0.044348,0.669764,0.074739,-0.737471,img_308.jpg
40305,1280,720,631.94293,353.39117,986.8637,986.74805,3.943,-0.024,2.422,0.047140,0.679121,0.075183,-0.728642,img_309.jpg
40382,1280,720,631.94293,353.39117,986.8637,986.74805,3.948,-0.035,2.456,0.053319,0.685785,0.091717,-0.720030,img_310.jpg
40459,1280,720,631.94293,353.39117,986.8637,986.74805,3.957,-0.057,2.509,0.067102,0.698536,0.115082,-0.703066,img_311.jpg
40540,1280,720,631.94293,353.39117,986.8637,986.74805,3.959,-0.069,2.547,0.074647,0.709559,0.124447,-0.689541,img_312.jpg
40623,1280,720,631.94293,353.39117,986.8637,986.74805,3.953,-0.082,2.609,0.078093,0.724438,0.140951,-0.670242,img_313.jpg
40705,1280,720,631.94293,353.39117,986.8637,986.74805,3.947,-0.090,2.650,0.081964,0.733129,0.146281,-0.659095,img_314.jpg
40784,1280,720,631.94293,353.39117,986.8637,986.74805,3.940,-0.095,2.689,0.087229,0.739131,0.152050,-0.650352,img_315.jpg
40856,1280,720,631.94293,353.39117,986.8637,986.74805,3.925,-0.097,2.746,0.094105,0.751366,0.154564,-0.634589,img_316.jpg
40939,1280,720,631.94293,353.39117,986.8637,986.74805,3.916,-0.097,2.783,0.095535,0.759021,0.150816,-0.626111,img_317.jpg
41015,1280,720,631.94293,353.39117,986.8637,986.74805,3.900,-0.100,2.835,0.098632,0.769871,0.148352,-0.612831,img_318.jpg
41106,1280,720,631.94293,353.39117,986.8637,986.74805,3.892,-0.102,2.871,0.097778,0.778780,0.144990,-0.602428,img_319.jpg
41185,1280,720,631.94293,353.39117,986.8637,986.74805,3.889,-0.098,2.922,0.094513,0.790665,0.156461,-0.584326,img_320.jpg
41271,1280,720,631.94293,353.39117,986.8637,986.74805,3.886,-0.101,2.954,0.093230,0.800763,0.160211,-0.569578,img_321.jpg
41346,1280,720,631.94293,353.39117,986.8637,986.74805,3.881,-0.102,2.991,0.090470,0.809668,0.165243,-0.555831,img_322.jpg
41422,1280,720,631.94293,353.39117,986.8637,986.74805,3.881,-0.107,3.048,0.083223,0.822995,0.176651,-0.533429,img_323.jpg
41505,1280,720,631.94293,353.39117,986.8637,986.74805,3.880,-0.110,3.088,0.078411,0.830799,0.185051,-0.519019,img_324.jpg
41584,1280,720,631.94293,353.39117,986.8637,986.74805,3.888,-0.119,3.145,0.079265,0.841464,0.190536,-0.499352,img_325.jpg
41673,1280,720,631.94293,353.39117,986.8637,986.74805,3.889,-0.123,3.191,0.078853,0.849803,0.191639,-0.484655,img_326.jpg
41747,1280,720,631.94293,353.39117,986.8637,986.74805,3.897,-0.126,3.236,0.080617,0.857173,0.194304,-0.470109,img_327.jpg
41822,1280,720,631.94293,353.39117,986.8637,986.74805,3.909,-0.126,3.300,0.090862,0.870925,0.193418,-0.442518,img_328.jpg
41906,1280,720,631.94293,353.39117,986.8637,986.74805,3.915,-0.125,3.346,0.092979,0.875931,0.199845,-0.429142,img_329.jpg
41984,1280,720,631.94293,353.39117,986.8637,986.74805,3.923,-0.124,3.384,0.093990,0.881019,0.201938,-0.417364,img_330.jpg
42060,1280,720,631.94293,353.39117,986.8637,986.74805,3.934,-0.128,3.439,0.092323,0.889401,0.204605,-0.398221,img_331.jpg
42140,1280,720,631.94293,353.39117,986.8637,986.74805,3.937,-0.130,3.477,0.084110,0.891492,0.218162,-0.388037,img_332.jpg
42216,1280,720,631.94293,353.39117,986.8637,986.74805,3.937,-0.129,3.509,0.076610,0.896181,0.218484,-0.378491,img_333.jpg
42293,1280,720,631.94293,353.39117,986.8637,986.74805,3.938,-0.129,3.561,0.062806,0.899320,0.225097,-0.369608,img_334.jpg
42373,1280,720,631.94293,353.39117,986.8637,986.74805,3.939,-0.131,3.597,0.055758,0.899849,0.229015,-0.367036,img_335.jpg
42450,1280,720,631.94293,353.39117,986.8637,986.74805,3.939,-0.128,3.634,0.051705,0.901071,0.226655,-0.366095,img_336.jpg
42525,1280,720,631.94293,353.39117,986.8637,986.74805,3.940,-0.127,3.693,0.043680,0.901441,0.220259,-0.370111,img_337.jpg
42606,1280,720,631.94293,353.39117,986.8637,986.74805,3.942,-0.126,3.735,0.042928,0.900801,0.218127,-0.373009,img_338.jpg
42685,1280,720,631.94293,353.39117,986.8637,986.74805,3.942,-0.124,3.777,0.042839,0.900312,0.216531,-0.375122,img_339.jpg
42762,1280,720,631.94293,353.39117,986.8637,986.74805,3.938,-0.121,3.842,0.042669,0.898424,0.225686,-0.374272,img_340.jpg
42841,1280,720,631.94293,353.39117,986.8637,986.74805,3.935,-0.118,3.883,0.042602,0.898289,0.228539,-0.372870,img_341.jpg
42917,1280,720,631.94293,353.39117,986.8637,986.74805,3.932,-0.120,3.942,0.047553,0.898293,0.228149,-0.372499,img_342.jpg
43006,1280,720,631.94293,353.39117,986.8637,986.74805,3.930,-0.123,3.971,0.049425,0.896709,0.232232,-0.373549,img_343.jpg
43089,1280,720,631.94293,353.39117,986.8637,986.74805,3.933,-0.129,4.020,0.053841,0.891644,0.246570,-0.375866,img_344.jpg
43173,1280,720,631.94293,353.39117,986.8637,986.74805,3.937,-0.133,4.058,0.055017,0.889446,0.252904,-0.376695,img_345.jpg
43247,1280,720,631.94293,353.39117,986.8637,986.74805,3.938,-0.138,4.093,0.055594,0.888421,0.257226,-0.376101,img_346.jpg
43320,1280,720,631.94293,353.39117,986.8637,986.74805,3.949,-0.144,4.147,0.056087,0.887752,0.260832,-0.375123,img_347.jpg
43406,1280,720,631.94293,353.39117,986.8637,986.74805,3.957,-0.149,4.189,0.057915,0.887277,0.262883,-0.374538,img_348.jpg
43482,1280,720,631.94293,353.39117,986.8637,986.74805,3.969,-0.157,4.247,0.065154,0.886536,0.262202,-0.375579,img_349.jpg
43573,1280,720,631.94293,353.39117,986.8637,986.74805,3.983,-0.156,4.295,0.072399,0.885366,0.259710,-0.378728,img_350.jpg
43644,1280,720,631.94293,353.39117,986.8637,986.74805,3.993,-0.155,4.334,0.078104,0.886164,0.256990,-0.377583,img_351.jpg
43722,1280,720,631.94293,353.39117,986.8637,986.74805,4.004,-0.148,4.393,0.073409,0.880480,0.274009,-0.379848,img_352.jpg
43806,1280,720,631.94293,353.39117,986.8637,986.74805,4.010,-0.146,4.433,0.071284,0.882140,0.269249,-0.379806,img_353.jpg
43887,1280,720,631.94293,353.39117,986.8637,986.74805,4.018,-0.147,4.485,0.068583,0.881358,0.275485,-0.377641,img_354.jpg
43972,1280,720,631.94293,353.39117,986.8637,986.74805,4.023,-0.151,4.517,0.070907,0.881454,0.277010,-0.375867,img_355.jpg
44046,1280,720,631.94293,353.39117,986.8637,986.74805,4.025,-0.155,4.551,0.073108,0.879396,0.278972,-0.378803,img_356.jpg
44124,1280,720,631.94293,353.39117,986.8637,986.74805,4.024,-0.162,4.603,0.074677,0.874428,0.281976,-0.387672,img_357.jpg
44206,1280,720,631.94293,353.39117,986.8637,986.74805,4.018,-0.164,4.636,0.075087,0.870919,0.281005,-0.396105,img_358.jpg
44285,1280,720,631.94293,353.39117,986.8637,986.74805,4.014,-0.167,4.676,0.077047,0.865967,0.277531,-0.408830,img_359.jpg
44373,1280,720,631.94293,353.39117,986.8637,986.74805,4.007,-0.168,4.735,0.086203,0.852440,0.273594,-0.437107,img_360.jpg
44458,1280,720,631.94293,353.39117,986.8637,986.74805,3.990,-0.159,4.791,0.092490,0.835984,0.265205,-0.471426,img_361.jpg
44541,1280,720,631.94293,353.39117,986.8637,986.74805,3.983,-0.155,4.833,0.098353,0.822018,0.273823,-0.489525,img_362.jpg
44616,1280,720,631.94293,353.39117,986.8637,986.74805,3.968,-0.149,4.891,0.104764,0.811655,0.274005,-0.505136,img_363.jpg
44707,1280,720,631.94293,353.39117,986.8637,986.74805,3.960,-0.147,4.928,0.104899,0.807124,0.272607,-0.513061,img_364.jpg
44775,1280,720,631.94293,353.39117,986.8637,986.74805,3.956,-0.145,4.964,0.102850,0.801336,0.279423,-0.518851,img_365.jpg
44852,1280,720,631.94293,353.39117,986.8637,986.74805,3.956,-0.148,5.017,0.103813,0.795183,0.285339,-0.524871,img_366.jpg
44940,1280,720,631.94293,353.39117,986.8637,986.74805,3.957,-0.153,5.054,0.110839,0.791732,0.290403,-0.525871,img_367.jpg
45009,1280,720,631.94293,353.39117,986.8637,986.74805,3.956,-0.160,5.093,0.113114,0.789176,0.294449,-0.526979,img_368.jpg
45089,1280,720,631.94293,353.39117,986.8637,986.74805,3.960,-0.171,5.149,0.121273,0.785298,0.293120,-0.531677,img_369.jpg
45190,1280,720,631.94293,353.39117,986.8637,986.74805,3.970,-0.184,5.209,0.136322,0.779302,0.291103,-0.537925,img_370.jpg
45273,1280,720,631.94293,353.39117,986.8637,986.74805,3.980,-0.190,5.250,0.147340,0.773741,0.287283,-0.545056,img_371.jpg
45351,1280,720,631.94293,353.39117,986.8637,986.74805,3.989,-0.196,5.294,0.163000,0.767584,0.276864,-0.554610,img_372.jpg
45433,1280,720,631.94293,353.39117,986.8637,986.74805,4.009,-0.202,5.357,0.186996,0.752288,0.285359,-0.563619,img_373.jpg
45524,1280,720,631.94293,353.39117,986.8637,986.74805,4.023,-0.202,5.415,0.196902,0.745757,0.278367,-0.572353,img_374.jpg
45624,1280,720,631.94293,353.39117,986.8637,986.74805,4.037,-0.200,5.468,0.192518,0.734137,0.289821,-0.583082,img_375.jpg
45724,1280,720,631.94293,353.39117,986.8637,986.74805,4.052,-0.202,5.516,0.197349,0.724861,0.287073,-0.594323,img_376.jpg
45823,1280,720,631.94293,353.39117,986.8637,986.74805,4.062,-0.203,5.566,0.194731,0.713127,0.287866,-0.608820,img_377.jpg
45906,1280,720,631.94293,353.39117,986.8637,986.74805,4.067,-0.203,5.597,0.194245,0.705531,0.282111,-0.620410,img_378.jpg
45983,1280,720,631.94293,353.39117,986.8637,986.74805,4.073,-0.203,5.646,0.195309,0.692939,0.271879,-0.638570,img_379.jpg
46074,1280,720,631.94293,353.39117,986.8637,986.74805,4.070,-0.199,5.678,0.192529,0.680305,0.263987,-0.656071,img_380.jpg
46152,1280,720,631.94293,353.39117,986.8637,986.74805,4.073,-0.184,5.730,0.194014,0.663972,0.248351,-0.678102,img_381.jpg
46241,1280,720,631.94293,353.39117,986.8637,986.74805,4.072,-0.169,5.765,0.187023,0.659403,0.234020,-0.689526,img_382.jpg
46321,1280,720,631.94293,353.39117,986.8637,986.74805,4.079,-0.141,5.816,0.173461,0.658853,0.204576,-0.702832,img_383.jpg
46406,1280,720,631.94293,353.39117,986.8637,986.74805,4.077,-0.121,5.846,0.162704,0.658278,0.179445,-0.712739,img_384.jpg
46487,1280,720,631.94293,353.39117,986.8637,986.74805,4.086,-0.092,5.887,0.146636,0.661334,0.147762,-0.720626,img_385.jpg
46573,1280,720,631.94293,353.39117,986.8637,986.74805,4.094,-0.073,5.912,0.135500,0.666747,0.132379,-0.720808,img_386.jpg
46655,1280,720,631.94293,353.39117,986.8637,986.74805,4.108,-0.041,5.946,0.113578,0.676971,0.103798,-0.719747,img_387.jpg
46741,1280,720,631.94293,353.39117,986.8637,986.74805,4.118,-0.021,5.964,0.101823,0.685660,0.084317,-0.715816,img_388.jpg
46824,1280,720,631.94293,353.39117,986.8637,986.74805,4.133,0.016,6.000,0.077855,0.706290,0.054715,-0.701498,img_389.jpg
46923,1280,720,631.94293,353.39117,986.8637,986.74805,4.144,0.044,6.024,0.059038,0.723899,0.033137,-0.686576,img_390.jpg
47025,1280,720,631.94293,353.39117,986.8637,986.74805,4.156,0.064,6.045,0.043741,0.733074,0.029104,-0.678117,img_391.jpg
47108,1280,720,631.94293,353.39117,986.8637,986.74805,4.174,0.068,6.058,0.039848,0.742192,0.023748,-0.668580,img_392.jpg
47187,1280,720,631.94293,353.39117,986.8637,986.74805,4.177,0.077,6.075,0.031616,0.748333,0.015235,-0.662394,img_393.jpg
47273,1280,720,631.94293,353.39117,986.8637,986.74805,4.184,0.081,6.088,0.025289,0.749459,0.015607,-0.661384,img_394.jpg
47342,1280,720,631.94293,353.39117,986.8637,986.74805,4.183,0.086,6.095,0.019419,0.752150,0.013607,-0.658565,img_395.jpg
47413,1280,720,631.94293,353.39117,986.8637,986.74805,4.186,0.088,6.108,0.015051,0.754708,0.014464,-0.655728,img_396.jpg
47507,1280,720,631.94293,353.39117,986.8637,986.74805,4.186,0.090,6.117,0.011946,0.754806,0.015044,-0.655667,img_397.jpg,marker_7.png,0.27762806,0.27762806,4.854,-0.127,6.207,-0.498980,0.492068,-0.517094,-0.517094
47576,1280,720,631.94293,353.39117,986.8637,986.74805,4.189,0.090,6.127,0.010432,0.754149,0.018958,-0.656347,img_398.jpg
47673,1280,720,631.94293,353.39117,986.8637,986.74805,4.189,0.088,6.131,0.011234,0.753014,0.020516,-0.657589,img_399.jpg
47745,1280,720,631.94293,353.39117,986.8637,986.74805,4.188,0.088,6.135,0.012221,0.750493,0.021378,-0.660419,img_400.jpg
47824,1280,720,631.94293,353.39117,986.8637,986.74805,4.189,0.089,6.136,0.012724,0.746708,0.023099,-0.664629,img_401.jpg
47907,1280,720,631.94293,353.39117,986.8637,986.74805,4.187,0.090,6.136,0.013038,0.745706,0.020059,-0.665845,img_402.jpg
47979,1280,720,631.94293,353.39117,986.8637,986.74805,4.185,0.092,6.136,0.011662,0.742062,0.017830,-0.669992,img_403.jpg
48057,1280,720,631.94293,353.39117,986.8637,986.74805,4.183,0.093,6.136,0.011713,0.740195,0.016557,-0.672086,img_404.jpg
48141,1280,720,631.94293,353.39117,986.8637,986.74805,4.181,0.093,6.135,0.012616,0.738077,0.014341,-0.674446,img_405.jpg,marker_7.png,0.27974954,0.27974954,4.862,-0.130,6.207,-0.506363,0.491282,-0.494273,-0.494273
48210,1280,720,631.94293,353.39117,986.8637,986.74805,4.181,0.093,6.135,0.012837,0.737389,0.014522,-0.675190,img_406.jpg
48306,1280,720,631.94293,353.39117,986.8637,986.74805,4.179,0.092,6.137,0.013657,0.736639,0.015897,-0.675961,img_407.jpg
48377,1280,720,631.94293,353.39117,986.8637,986.74805,4.183,0.091,6.138,0.015012,0.738771,0.014227,-0.673639,img_408.jpg
48457,1280,720,631.94293,353.39117,986.8637,986.74805,4.184,0.090,6.139,0.016240,0.739395,0.016267,-0.672880,img_409.jpg
48541,1280,720,631.94293,353.39117,986.8637,986.74805,4.186,0.089,6.141,0.017553,0.740898,0.016264,-0.671192,img_410.jpg
48610,1280,720,631.94293,353.39117,986.8637,986.74805,4.193,0.085,6.143,0.020962,0.743931,0.020713,-0.667607,img_411.jpg
48690,1280,720,631.94293,353.39117,986.8637,986.74805,4.200,0.081,6.145,0.023046,0.745030,0.027021,-0.666085,img_412.jpg
48774,1280,720,631.94293,353.39117,986.8637,986.74805,4.206,0.078,6.146,0.024172,0.746046,0.031106,-0.664728,img_413.jpg,marker_7.png,0.2823442,0.2823442,4.866,-0.132,6.208,-0.511916,0.488248,-0.492149,-0.492149
48850,1280,720,631.94293,353.39117,986.8637,986.74805,4.214,0.072,6.146,0.028843,0.750315,0.030161,-0.659762,img_414.jpg
48941,1280,720,631.94293,353.39117,986.8637,986.74805,4.219,0.069,6.147,0.031224,0.754674,0.030537,-0.654645,img_415.jpg
49007,1280,720,631.94293,353.39117,986.8637,986.74805,4.224,0.062,6.153,0.034234,0.759638,0.038376,-0.648310,img_416.jpg
49083,1280,720,631.94293,353.39117,986.8637,986.74805,4.230,0.043,6.166,0.041918,0.772366,0.058459,-0.631091,img_417.jpg
49158,1280,720,631.94293,353.39117,986.8637,986.74805,4.237,0.027,6.180,0.051250,0.780220,0.079536,-0.618308,img_418.jpg
49242,1280,720,631.94293,353.39117,986.8637,986.74805,4.243,0.008,6.196,0.059364,0.790313,0.095219,-0.602341,img_419.jpg
49326,1280,720,631.94293,353.39117,986.8637,986.74805,4.238,-0.014,6.226,0.061148,0.806072,0.118446,-0.576610,img_420.jpg
49407,1280,720,631.94293,353.39117,986.8637,986.74805,4.237,-0.027,6.248,0.063643,0.816551,0.133397,-0.558032,img_421.jpg
49476,1280,720,631.94293,353.39117,986.8637,986.74805,4.233,-0.041,6.274,0.065084,0.828776,0.140585,-0.537709,img_422.jpg
49556,1280,720,631.94293,353.39117,986.8637,986.74805,4.229,-0.067,6.321,0.072193,0.841687,0.165397,-0.508916,img_423.jpg
49641,1280,720,631.94293,353.39117,986.8637,986.74805,4.223,-0.080,6.352,0.073760,0.850012,0.178254,-0.490168,img_424.jpg
49712,1280,720,631.94293,353.39117,986.8637,986.74805,4.208,-0.095,6.403,0.070212,0.861972,0.194508,-0.462861,img_425.jpg
49808,1280,720,631.94293,353.39117,986.8637,986.74805,4.196,-0.097,6.437,0.066516,0.869862,0.200143,-0.445936,img_426.jpg
49884,1280,720,631.94293,353.39117,986.8637,986.74805,4.181,-0.100,6.469,0.064094,0.877437,0.201819,-0.430425,img_427.jpg
49961,1280,720,631.94293,353.39117,986.8637,986.74805,4.157,-0.098,6.517,0.059863,0.885594,0.206861,-0.411519,img_428.jpg
50059,1280,720,631.94293,353.39117,986.8637,986.74805,4.152,-0.106,6.577,0.056930,0.894109,0.209063,-0.391944,img_429.jpg
50142,1280,720,631.94293,353.39117,986.8637,986.74805,4.139,-0.109,6.612,0.054127,0.899009,0.211750,-0.379493,img_430.jpg
50218,1280,720,631.94293,353.39117,986.8637,986.74805,4.121,-0.109,6.660,0.051402,0.907339,0.213636,-0.358404,img_431.jpg
50308,1280,720,631.94293,353.39117,986.8637,986.74805,4.108,-0.109,6.688,0.050297,0.913576,0.210909,-0.344045,img_432.jpg
50387,1280,720,631.94293,353.39117,986.8637,986.74805,4.092,-0.109,6.729,0.050065,0.924776,0.210426,-0.313056,img_433.jpg
50475,1280,720,631.94293,353.39117,986.8637,986.74805,4.080,-0.108,6.760,0.044745,0.929005,0.216439,-0.296819,img_434.jpg
50551,1280,720,631.94293,353.39117,986.8637,986.74805,4.064,-0.108,6.801,0.044976,0.937640,0.214653,-0.269689,img_435.jpg
50624,1280,720,631.94293,353.39117,986.8637,986.74805,4.055,-0.109,6.835,0.040959,0.941450,0.219237,-0.252844,img_436.jpg
50708,1280,720,631.94293,353.39117,986.8637,986.74805,4.048,-0.106,6.862,0.039276,0.946732,0.215491,-0.236052,img_437.jpg
50788,1280,720,631.94293,353.39117,986.8637,986.74805,4.039,-0.103,6.909,0.039703,0.952231,0.211909,-0.216274,img_438.jpg
50874,1280,720,631.94293,353.39117,986.8637,986.74805,4.035,-0.099,6.954,0.037701,0.957302,0.205732,-0.199565,img_439.jpg
50958,1280,720,631.94293,353.39117,986.8637,986.74805,4.033,-0.097,6.986,0.038176,0.960538,0.201025,-0.188412,img_440.jpg
51026,1280,720,631.94293,353.39117,986.8637,986.74805,4.032,-0.092,7.019,0.036713,0.963683,0.197035,-0.176480,img_441.jpg
51099,1280,720,631.94293,353.39117,986.8637,986.74805,4.034,-0.085,7.049,0.036395,0.967273,0.192576,-0.161160,img_442.jpg
51171,1280,720,631.94293,353.39117,986.8637,986.74805,4.030,-0.071,7.091,0.038196,0.973754,0.177368,-0.137421,img_443.jpg
51258,1280,720,631.94293,353.39117,986.8637,986.74805,4.023,-0.060,7.118,0.035372,0.977477,0.171424,-0.117906,img_444.jpg
51328,1280,720,631.94293,353.39117,986.8637,986.74805,4.013,-0.048,7.143,0.029517,0.980789,0.166232,-0.097715,img_445.jpg
51402,1280,720,631.94293,353.39117,986.8637,986.74805,4.003,-0.037,7.163,0.028184,0.984436,0.156276,-0.075291,img_446.jpg
51482,1280,720,631.94293,353.39117,986.8637,986.74805,3.986,-0.024,7.190,0.025337,0.987749,0.146913,-0.046120,img_447.jpg
51575,1280,720,631.94293,353.39117,986.8637,986.74805,3.964,-0.013,7.211,0.020123,0.990510,0.134076,-0.022553,img_448.jpg
51657,1280,720,631.94293,353.39117,986.8637,986.74805,3.947,-0.007,7.222,0.015068,0.992052,0.124573,-0.009387,img_449.jpg
51730,1280,720,631.94293,353.39117,986.8637,986.74805,3.929,0.001,7.231,0.012251,0.993455,0.113557,0.000991,img_450.jpg
51804,1280,720,631.94293,353.39117,986.8637,986.74805,3.911,0.009,7.236,0.010589,0.994434,0.104388,0.009636,img_451.jpg
51887,1280,720,631.94293,353.39117,986.8637,986.74805,3.881,0.017,7.248,0.006028,0.995240,0.096465,0.012487,img_452.jpg
51975,1280,720,631.94293,353.39117,986.8637,986.74805,3.863,0.021,7.251,0.004314,0.995536,0.093827,0.009311,img_453.jpg
52057,1280,720,631.94293,353.39117,986.8637,986.74805,3.839,0.024,7.254,0.003961,0.995948,0.089838,0.001322,img_454.jpg
52144,1280,720,631.94293,353.39117,986.8637,986.74805,3.815,0.027,7.253,0.003166,0.996219,0.086421,-0.008365,img_455.jpg
52228,1280,720,631.94293,353.39117,986.8637,986.74805,3.800,0.028,7.252,0.001145,0.996314,0.084432,-0.015132,img_456.jpg
52307,1280,720,631.94293,353.39117,986.8637,986.74805,3.786,0.030,7.247,0.000066,0.996495,0.080801,-0.021660,img_457.jpg,marker_8.jpg,0.28081787,0.28081787,3.816,-0.118,7.957,-0.017134,0.702458,-0.711244,-0.711244
52385,1280,720,631.94293,353.39117,986.8637,986.74805,3.762,0.032,7.239,0.000214,0.996357,0.078758,-0.032703,img_458.jpg
52476,1280,720,631.94293,353.39117,986.8637,986.74805,3.741,0.034,7.233,0.002364,0.996087,0.076612,-0.043998,img_459.jpg
52560,1280,720,631.94293,353.39117,986.8637,986.74805,3.727,0.035,7.229,0.000794,0.995610,0.077681,-0.052216,img_460.jpg
52659,1280,720,631.94293,353.39117,986.8637,986.74805,3.709,0.035,7.221,-0.001571,0.994773,0.079517,-0.064037,img_461.jpg
52744,1280,720,631.94293,353.39117,986.8637,986.74805,3.699,0.035,7.217,-0.001387,0.994281,0.079900,-0.070848,img_462.jpg
52827,1280,720,631.94293,353.39117,986.8637,986.74805,3.681,0.034,7.211,-0.001598,0.993913,0.078824,-0.076944,img_463.jpg,marker_8.jpg,0.27512893,0.27512893,3.818,-0.117,7.944,0.000186,0.701856,-0.712316,-0.712316
52908,1280,720,631.94293,353.39117,986.8637,986.74805,3.667,0.034,7.208,-0.005620,0.993547,0.080673,-0.079533,img_464.jpg
52988,1280,720,631.94293,353.39117,986.8637,986.74805,3.642,0.034,7.206,-0.010668,0.993801,0.078190,-0.078311,img_465.jpg
53075,1280,720,631.94293,353.39117,986.8637,986.74805,3.625,0.032,7.205,-0.016820,0.993248,0.083034,-0.079254,img_466.jpg
53153,1280,720,631.94293,353.39117,986.8637,986.74805,3.599,0.026,7.202,-0.022531,0.992656,0.090391,-0.077172,img_467.jpg
53244,1280,720,631.94293,353.39117,986.8637,986.74805,3.573,0.021,7.201,-0.022946,0.993181,0.092144,-0.067640,img_468.jpg
53327,1280,720,631.94293,353.39117,986.8637,986.74805,3.554,0.019,7.202,-0.021971,0.993928,0.089648,-0.059901,img_469.jpg
53409,1280,720,631.94293,353.39117,986.8637,986.74805,3.531,0.019,7.212,-0.018276,0.994659,0.088142,-0.050511,img_470.jpg
53484,1280,720,631.94293,353.39117,986.8637,986.74805,3.500,0.020,7.224,-0.013869,0.995190,0.087385,-0.042056,img_471.jpg,marker_8.jpg,0.2787895,0.2787895,3.824,-0.117,7.939,0.004038,0.700880,-0.713264,-0.713264
53576,1280,720,631.94293,353.39117,986.8637,986.74805,3.478,0.022,7.234,-0.010551,0.995627,0.084886,-0.037548,img_472.jpg
53653,1280,720,631.94293,353.39117,986.8637,986.74805,3.447,0.024,7.249,-0.001028,0.996100,0.081294,-0.034277,img_473.jpg
53743,1280,720,631.94293,353.39117,986.8637,986.74805,3.415,0.026,7.267,-0.001105,0.996014,0.084056,-0.029817,img_474.jpg
53827,1280,720,631.94293,353.39117,986.8637,986.74805,3.393,0.026,7.279,-0.001671,0.996030,0.086288,-0.021806,img_475.jpg
53905,1280,720,631.94293,353.39117,986.8637,986.74805,3.360,0.026,7.294,0.002070,0.996204,0.086925,-0.004151,img_476.jpg
53992,1280,720,631.94293,353.39117,986.8637,986.74805,3.336,0.025,7.303,-0.001724,0.995750,0.091923,0.005463,img_477.jpg
54069,1280,720,631.94293,353.39117,986.8637,986.74805,3.312,0.024,7.312,-0.004509,0.995231,0.096165,0.015703,img_478.jpg
54142,1280,720,631.94293,353.39117,986.8637,986.74805,3.285,0.022,7.317,-0.005499,0.995329,0.092476,0.027178,img_479.jpg
54215,1280,720,631.94293,353.39117,986.8637,986.74805,3.239,0.017,7.328,-0.013158,0.994487,0.097280,0.036867,img_480.jpg
54292,1280,720,631.94293,353.39117,986.8637,986.74805,3.208,0.013,7.333,-0.014895,0.994187,0.099501,0.038350,img_481.jpg
54371,1280,720,631.94293,353.39117,986.8637,986.74805,3.175,0.010,7.337,-0.016276,0.993940,0.100631,0.041141,img_482.jpg
54445,1280,720,631.94293,353.39117,986.8637,986.74805,3.119,0.006,7.338,-0.017327,0.993627,0.102908,0.042599,img_483.jpg
54527,1280,720,631.94293,353.39117,986.8637,986.74805,3.081,0.006,7.338,-0.017199,0.993736,0.103030,0.039722,img_484.jpg
54602,1280,720,631.94293,353.39117,986.8637,986.74805,3.043,0.007,7.337,-0.014599,0.993920,0.102575,0.037259,img_485.jpg
54683,1280,720,631.94293,353.39117,986.8637,986.74805,2.988,0.012,7.333,-0.009338,0.993944,0.106431,0.025692,img_486.jpg
54777,1280,720,631.94293,353.39117,986.8637,986.74805,2.937,0.014,7.327,-0.005129,0.993482,0.112787,0.015718,img_487.jpg
54859,1280,720,631.94293,353.39117,986.8637,986.74805,2.906,0.014,7.321,0.000205,0.993358,0.114239,0.013777,img_488.jpg
54942,1280,720,631.94293,353.39117,986.8637,986.74805,2.876,0.013,7.313,0.000985,0.993127,0.116355,0.012627,img_489.jpg
55013,1280,720,631.94293,353.39117,986.8637,986.74805,2.835,0.009,7.305,0.003328,0.993132,0.116047,0.014519,img_490.jpg
55093,1280,720,631.94293,353.39117,986.8637,986.74805,2.811,0.006,7.301,0.000498,0.992794,0.118735,0.016209,img_491.jpg
55176,1280,720,631.94293,353.39117,986.8637,986.74805,2.780,0.006,7.298,-0.003527,0.992780,0.118890,0.015526,img_492.jpg
55259,1280,720,631.94293,353.39117,986.8637,986.74805,2.758,0.006,7.293,-0.006106,0.993321,0.113626,0.019134,img_493.jpg
55346,1280,720,631.94293,353.39117,986.8637,986.74805,2.736,0.008,7.288,-0.010354,0.993606,0.108441,0.029659,img_494.jpg
55417,1280,720,631.94293,353.39117,986.8637,986.74805,2.702,0.009,7.285,-0.013502,0.993522,0.104573,0.042389,img_495.jpg
55508,1280,720,631.94293,353.39117,986.8637,986.74805,2.667,0.009,7.282,-0.008583,0.993578,0.096137,0.059046,img_496.jpg
55593,1280,720,631.94293,353.39117,986.8637,986.74805,2.640,0.010,7.281,-0.009252,0.993335,0.090822,0.070364,img_497.jpg
55670,1280,720,631.94293,353.39117,986.8637,986.74805,2.611,0.011,7.281,-0.009659,0.992886,0.085299,0.082514,img_498.jpg
55759,1280,720,631.94293,353.39117,986.8637,986.74805,2.565,0.017,7.280,-0.008046,0.992043,0.075144,0.100698,img_499.jpg
55844,1280,720,631.94293,353.39117,986.8637,986.74805,2.524,0.024,7.287,-0.002138,0.991080,0.060926,0.118509,img_500.jpg
55929,1280,720,631.94293,353.39117,986.8637,986.74805,2.499,0.028,7.297,-0.004173,0.990521,0.059995,0.123497,img_501.jpg,marker_9.jpg,0.28621888,0.28621888,2.263,-0.103,7.946,-0.006322,0.701777,-0.712186,-0.712186
56007,1280,720,631.94293,353.39117,986.8637,986.74805,2.461,0.034,7.303,-0.002730,0.990011,0.058852,0.128092,img_502.jpg
56094,1280,720,631.94293,353.39117,986.8637,986.74805,2.443,0.037,7.306,-0.002578,0.989784,0.059569,0.129508,img_503.jpg
56173,1280,720,631.94293,353.39117,986.8637,986.74805,2.420,0.040,7.310,-0.002375,0.989715,0.059801,0.129929,img_504.jpg
56261,1280,720,631.94293,353.39117,986.8637,986.74805,2.408,0.042,7.316,-0.005408,0.990204,0.062389,0.124798,img_505.jpg
56338,1280,720,631.94293,353.39117,986.8637,986.74805,2.398,0.042,7.322,-0.007887,0.990845,0.066432,0.117265,img_506.jpg
56418,1280,720,631.94293,353.39117,986.8637,986.74805,2.383,0.044,7.328,-0.011069,0.992178,0.069158,0.103330,img_507.jpg,marker_9.jpg,0.27267113,0.27267113,2.277,-0.098,7.924,-0.009352,0.704857,-0.709137,-0.709137
56511,1280,720,631.94293,353.39117,986.8637,986.74805,2.370,0.042,7.334,-0.013451,0.993282,0.072105,0.089499,img_508.jpg
56594,1280,720,631.94293,353.39117,986.8637,986.74805,2.360,0.041,7.335,-0.013888,0.993870,0.071829,0.082889,img_509.jpg
56669,1280,720,631.94293,353.39117,986.8637,986.74805,2.346,0.040,7.337,-0.014932,0.994389,0.072852,0.075229,img_510.jpg
56749,1280,720,631.94293,353.39117,986.8637,986.74805,2.324,0.039,7.336,-0.013071,0.995312,0.072186,0.063025,img_511.jpg
56828,1280,720,631.94293,353.39117,986.8637,986.74805,2.307,0.039,7.333,-0.012969,0.995891,0.071316,0.054279,img_512.jpg
56900,1280,720,631.94293,353.39117,986.8637,986.74805,2.290,0.038,7.329,-0.009453,0.996380,0.070320,0.046822,img_513.jpg
56980,1280,720,631.94293,353.39117,986.8637,986.74805,2.261,0.037,7.322,-0.016155,0.996915,0.071800,0.027284,img_514.jpg
57061,1280,720,631.94293,353.39117,986.8637,986.74805,2.241,0.035,7.315,-0.015390,0.997553,0.066358,0.015769,img_515.jpg,marker_9.jpg,0.2739322,0.2739322,2.277,-0.100,7.926,0.006215,0.702747,-0.711410,-0.711410
57141,1280,720,631.94293,353.39117,986.8637,986.74805,2.218,0.035,7.305,-0.016918,0.997594,0.066941,0.006212,img_516.jpg
57216,1280,720,631.94293,353.39117,986.8637,986.74805,2.182,0.036,7.289,-0.020317,0.997475,0.067902,-0.004557,img_517.jpg
57293,1280,720,631.94293,353.39117,986.8637,986.74805,2.159,0.037,7.278,-0.019262,0.997486,0.067725,-0.008003,img_518.jpg
57372,1280,720,631.94293,353.39117,986.8637,986.74805,2.125,0.035,7.262,-0.018957,0.997076,0.072388,-0.015510,img_519.jpg
57460,1280,720,631.94293,353.39117,986.8637,986.74805,2.101,0.033,7.255,-0.022087,0.996303,0.079731,-0.023154,img_520.jpg
57530,1280,720,631.94293,353.39117,986.8637,986.74805,2.079,0.030,7.246,-0.021928,0.995916,0.083515,-0.026374,img_521.jpg
57613,1280,720,631.94293,353.39117,986.8637,986.74805,2.050,0.029,7.233,-0.024609,0.996083,0.081912,-0.022430,img_522.jpg
57693,1280,720,631.94293,353.39117,986.8637,986.74805,2.030,0.031,7.229,-0.030038,0.995865,0.083664,-0.018722,img_523.jpg,marker_9.jpg,0.27341473,0.27341473,2.279,-0.097,7.924,0.009781,0.704422,-0.709700,-0.709700
57777,1280,720,631.94293,353.39117,986.8637,986.74805,2.005,0.030,7.222,-0.026573,0.996329,0.081205,-0.005229,img_524.jpg
57859,1280,720,631.94293,353.39117,986.8637,986.74805,1.986,0.028,7.220,-0.027240,0.996403,0.080135,0.004071,img_525.jpg
57945,1280,720,631.94293,353.39117,986.8637,986.74805,1.959,0.027,7.220,-0.029638,0.996291,0.078940,0.017139,img_526.jpg
58028,1280,720,631.94293,353.39117,986.8637,986.74805,1.941,0.027,7.222,-0.030962,0.996293,0.076691,0.023655,img_527.jpg
58111,1280,720,631.94293,353.39117,986.8637,986.74805,1.913,0.025,7.227,-0.030351,0.996286,0.075023,0.029420,img_528.jpg
58210,1280,720,631.94293,353.39117,986.8637,986.74805,1.886,0.022,7.234,-0.026267,0.996281,0.076700,0.029191,img_529.jpg
58293,1280,720,631.94293,353.39117,986.8637,986.74805,1.867,0.019,7.241,-0.024186,0.996200,0.080673,0.022213,img_530.jpg
58374,1280,720,631.94293,353.39117,986.8637,986.74805,1.837,0.017,7.251,-0.018372,0.996759,0.076696,0.015894,img_531.jpg
58460,1280,720,631.94293,353.39117,986.8637,986.74805,1.814,0.015,7.261,-0.016589,0.996328,0.083007,0.012828,img_532.jpg
58545,1280,720,631.94293,353.39117,986.8637,986.74805,1.777,0.011,7.278,-0.010599,0.995663,0.090733,0.017620,img_533.jpg
58628,1280,720,631.94293,353.39117,986.8637,986.74805,1.751,0.010,7.291,-0.013862,0.994669,0.098967,0.025448,img_534.jpg
58703,1280,720,631.94293,353.39117,986.8637,986.74805,1.714,0.006,7.307,-0.017256,0.992953,0.107804,0.046102,img_535.jpg
58793,1280,720,631.94293,353.39117,986.8637,986.74805,1.689,0.005,7.312,-0.023424,0.991452,0.113950,0.059075,img_536.jpg
58869,1280,720,631.94293,353.39117,986.8637,986.74805,1.665,0.003,7.319,-0.028528,0.989893,0.119527,0.070794,img_537.jpg
58946,1280,720,631.94293,353.39117,986.8637,986.74805,1.633,0.000,7.322,-0.027573,0.988386,0.121060,0.087623,img_538.jpg
59029,1280,720,631.94293,353.39117,986.8637,986.74805,1.611,-0.002,7.323,-0.033654,0.987477,0.122047,0.094135,img_539.jpg
59109,1280,720,631.94293,353.39117,986.8637,986.74805,1.578,-0.006,7.323,-0.037838,0.986549,0.124427,0.099038,img_540.jpg
59193,1280,720,631.94293,353.39117,986.8637,986.74805,1.553,-0.009,7.321,-0.040949,0.986093,0.125442,0.101031,img_541.jpg
59276,1280,720,631.94293,353.39117,986.8637,986.74805,1.513,-0.012,7.314,-0.047399,0.986066,0.124856,0.099191,img_542.jpg
59359,1280,720,631.94293,353.39117,986.8637,986.74805,1.485,-0.012,7.307,-0.050069,0.986189,0.124215,0.097445,img_543.jpg
59429,1280,720,631.94293,353.39117,986.8637,986.74805,1.454,-0.012,7.299,-0.053021,0.986426,0.125265,0.091982,img_544.jpg
59504,1280,720,631.94293,353.39117,986.8637,986.74805,1.408,-0.008,7.284,-0.052183,0.987526,0.123706,0.082256,img_545.jpg
59592,1280,720,631.94293,353.39117,986.8637,986.74805,1.378,-0.004,7.274,-0.051120,0.988050,0.123960,0.076013,img_546.jpg
59665,1280,720,631.94293,353.39117,986.8637,986.74805,1.347,-0.001,7.263,-0.046096,0.988083,0.127153,0.073476,img_547.jpg
59740,1280,720,631.94293,353.39117,986.8637,986.74805,1.303,-0.001,7.240,-0.037922,0.988503,0.127765,0.071419,img_548.jpg
59826,1280,720,631.94293,353.39117,986.8637,986.74805,1.275,-0.001,7.227,-0.037432,0.988121,0.131482,0.070205,img_549.jpg
59909,1280,720,631.94293,353.39117,986.8637,986.74805,1.239,-0.001,7.210,-0.036833,0.988361,0.130036,0.069828,img_550.jpg
59992,1280,720,631.94293,353.39117,986.8637,986.74805,1.217,-0.001,7.203,-0.040713,0.988067,0.131542,0.069021,img_551.jpg
60069,1280,720,631.94293,353.39117,986.8637,986.74805,1.217,-0.001,7.203,-0.040713,0.988067,0.131542,0.069021,img_552.jpg
60139,1280,720,631.94293,353.39117,986.8637,986.74805,1.217,-0.001,7.203,-0.040713,0.988067,0.131542,0.069021,img_553.jpg
60225,1280,720,631.94293,353.39117,986.8637,986.74805,1.217,-0.001,7.203,-0.040713,0.988067,0.131542,0.069021,img_554.jpg
60298,1280,720,631.94293,353.39117,986.8637,986.74805,1.217,-0.001,7.203,-0.040713,0.988067,0.131542,0.069021,img_555.jpg
60371,1280,720,631.94293,353.39117,986.8637,986.74805,1.217,-0.001,7.203,-0.040713,0.988067,0.131542,0.069021,img_556.jpg
60445,1280,720,631.94293,353.39117,986.8637,986.74805,1.217,-0.001,7.203,-0.040713,0.988067,0.131542,0.069021,img_557.jpg
60527,1280,720,631.94293,353.39117,986.8637,986.74805,1.217,-0.001,7.203,-0.040713,0.988067,0.131542,0.069021,img_558.jpg
60600,1280,720,631.94293,353.39117,986.8637,986.74805,1.217,-0.001,7.203,-0.040713,0.988067,0.131542,0.069021,img_559.jpg
60692,1280,720,631.94293,353.39117,986.8637,986.74805,1.217,-0.001,7.203,-0.040713,0.988067,0.131542,0.069021,img_560.jpg
60766,1280,720,631.94293,353.39117,986.8637,986.74805,1.217,-0.001,7.203,-0.040713,0.988067,0.131542,0.069021,img_561.jpg
60859,1280,720,631.94293,353.39117,986.8637,986.74805,1.217,-0.001,7.203,-0.040713,0.988067,0.131542,0.069021,img_562.jpg
60928,1280,720,631.94293,353.39117,986.8637,986.74805,1.217,-0.001,7.203,-0.040713,0.988067,0.131542,0.069021,img_563.jpg
61003,1280,720,631.94293,353.39117,986.8637,986.74805,1.217,-0.001,7.203,-0.040713,0.988067,0.131542,0.069021,img_564.jpg
61092,1280,720,631.94293,353.39117,986.8637,986.74805,1.217,-0.001,7.203,-0.040713,0.988067,0.131542,0.069021,img_565.jpg
61168,1280,720,631.94293,353.39117,986.8637,986.74805,1.217,-0.001,7.203,-0.040713,0.988067,0.131542,0.069021,img_566.jpg
61259,1280,720,631.94293,353.39117,986.8637,986.74805,1.217,-0.001,7.203,-0.040713,0.988067,0.131542,0.069021,img_567.jpg
61332,1280,720,631.94293,353.39117,986.8637,986.74805,1.217,-0.001,7.203,-0.040713,0.988067,0.131542,0.069021,img_568.jpg
61409,1280,720,631.94293,353.39117,986.8637,986.74805,1.217,-0.001,7.203,-0.040713,0.988067,0.131542,0.069021,img_569.jpg
61492,1280,720,631.94293,353.39117,986.8637,986.74805,1.217,-0.001,7.203,-0.040713,0.988067,0.131542,0.069021,img_570.jpg
61568,1280,720,631.94293,353.39117,986.8637,986.74805,1.217,-0.001,7.203,-0.040713,0.988067,0.131542,0.069021,img_571.jpg
61659,1280,720,631.94293,353.39117,986.8637,986.74805,1.217,-0.001,7.203,-0.040713,0.988067,0.131542,0.069021,img_572.jpg
61730,1280,720,631.94293,353.39117,986.8637,986.74805,1.217,-0.001,7.203,-0.040713,0.988067,0.131542,0.069021,img_573.jpg
61809,1280,720,631.94293,353.39117,986.8637,986.74805,1.536,0.004,7.294,-0.002792,0.998419,0.053017,0.018464,img_574.jpg
61893,1280,720,631.94293,353.39117,986.8637,986.74805,1.540,0.009,7.285,-0.001931,0.998829,0.046725,0.012403,img_575.jpg
61976,1280,720,631.94293,353.39117,986.8637,986.74805,1.514,0.010,7.275,-0.001532,0.998928,0.046154,0.003314,img_576.jpg
62060,1280,720,631.94293,353.39117,986.8637,986.74805,1.489,0.010,7.267,-0.003405,0.998823,0.048340,-0.001893,img_577.jpg
62144,1280,720,631.94293,353.39117,986.8637,986.74805,1.468,0.008,7.258,-0.002791,0.998511,0.052872,-0.013153,img_578.jpg
62228,1280,720,631.94293,353.39117,986.8637,986.74805,1.451,0.006,7.256,-0.005704,0.997935,0.059761,-0.022829,img_579.jpg
62310,1280,720,631.94293,353.39117,986.8637,986.74805,1.425,0.003,7.247,-0.009711,0.997416,0.063915,-0.031343,img_580.jpg
62393,1280,720,631.94293,353.39117,986.8637,986.74805,1.406,0.000,7.240,-0.011276,0.997236,0.065588,-0.033036,img_581.jpg
62494,1280,720,631.94293,353.39117,986.8637,986.74805,1.383,-0.004,7.231,-0.015986,0.996931,0.068520,-0.034333,img_582.jpg,marker_10.jpg,0.26780957,0.26780957,1.489,-0.107,7.901,-0.015339,0.693153,-0.720625,-0.720625
62568,1280,720,631.94293,353.39117,986.8637,986.74805,1.370,-0.007,7.226,-0.016380,0.996720,0.070460,-0.036297,img_583.jpg
62647,1280,720,631.94293,353.39117,986.8637,986.74805,1.357,-0.010,7.220,-0.013683,0.996855,0.068899,-0.036699,img_584.jpg
62728,1280,720,631.94293,353.39117,986.8637,986.74805,1.343,-0.010,7.219,-0.017089,0.996971,0.068211,-0.033222,img_585.jpg
62804,1280,720,631.94293,353.39117,986.8637,986.74805,1.324,-0.010,7.219,-0.020098,0.997621,0.063754,-0.016846,img_586.jpg
62894,1280,720,631.94293,353.39117,986.8637,986.74805,1.312,-0.010,7.219,-0.019640,0.997940,0.060824,-0.005546,img_587.jpg
62977,1280,720,631.94293,353.39117,986.8637,986.74805,1.289,-0.010,7.224,-0.018584,0.997954,0.059831,0.012754,img_588.jpg
63060,1280,720,631.94293,353.39117,986.8637,986.74805,1.271,-0.010,7.229,-0.018068,0.997385,0.062899,0.030657,img_589.jpg
63145,1280,720,631.94293,353.39117,986.8637,986.74805,1.242,-0.010,7.241,-0.017329,0.995494,0.070198,0.061345,img_590.jpg
63228,1280,720,631.94293,353.39117,986.8637,986.74805,1.222,-0.012,7.251,-0.014371,0.992852,0.080939,0.086525,img_591.jpg
63311,1280,720,631.94293,353.39117,986.8637,986.74805,1.194,-0.015,7.265,-0.015535,0.989313,0.087436,0.115645,img_592.jpg
63393,1280,720,631.94293,353.39117,986.8637,986.74805,1.174,-0.016,7.274,-0.020969,0.986542,0.091835,0.133646,img_593.jpg
63474,1280,720,631.94293,353.39117,986.8637,986.74805,1.144,-0.016,7.284,-0.022806,0.982025,0.093597,0.162316,img_594.jpg
63560,1280,720,631.94293,353.39117,986.8637,986.74805,1.125,-0.018,7.289,-0.028049,0.977822,0.096351,0.183829,img_595.jpg
63633,1280,720,631.94293,353.39117,986.8637,986.74805,1.097,-0.021,7.296,-0.027301,0.967631,0.101745,0.229332,img_596.jpg
63710,1280,720,631.94293,353.39117,986.8637,986.74805,1.077,-0.023,7.300,-0.029861,0.959593,0.106568,0.258713,img_597.jpg
63794,1280,720,631.94293,353.39117,986.8637,986.74805,1.056,-0.027,7.303,-0.035067,0.949747,0.115241,0.288912,img_598.jpg
63868,1280,720,631.94293,353.39117,986.8637,986.74805,1.024,-0.033,7.304,-0.043105,0.934514,0.124349,0.330700,img_599.jpg
63960,1280,720,631.94293,353.39117,986.8637,986.74805,1.005,-0.037,7.302,-0.047046,0.924802,0.128768,0.354890,img_600.jpg
64032,1280,720,631.94293,353.39117,986.8637,986.74805,0.978,-0.041,7.297,-0.058797,0.910622,0.136118,0.385723,img_601.jpg
64111,1280,720,631.94293,353.39117,986.8637,986.74805,0.964,-0.043,7.291,0.061881,-0.902378,-0.137676,-0.403646,img_602.jpg
64194,1280,720,631.94293,353.39117,986.8637,986.74805,0.949,-0.046,7.285,0.065447,-0.894151,-0.141324,-0.419808,img_603.jpg
64273,1280,720,631.94293,353.39117,986.8637,986.74805,0.921,-0.050,7.277,0.074935,-0.884131,-0.147173,-0.437078,img_604.jpg
64360,1280,720,631.94293,353.39117,986.8637,986.74805,0.902,-0.055,7.271,0.081566,-0.878032,-0.150649,-0.446890,img_605.jpg
64431,1280,720,631.94293,353.39117,986.8637,986.74805,0.884,-0.057,7.258,0.087555,-0.872395,-0.151767,-0.456320,img_606.jpg
64506,1280,720,631.94293,353.39117,986.8637,986.74805,0.852,-0.063,7.242,0.095179,-0.864080,-0.152313,-0.470222,img_607.jpg
64594,1280,720,631.94293,353.39117,986.8637,986.74805,0.828,-0.065,7.228,0.097979,-0.856778,-0.152628,-0.482739,img_608.jpg
64669,1280,720,631.94293,353.39117,986.8637,986.74805,0.798,-0.068,7.196,0.100908,-0.842992,-0.154493,-0.505286,img_609.jpg
64760,1280,720,631.94293,353.39117,986.8637,986.74805,0.787,-0.061,7.162,0.101936,-0.832391,-0.152658,-0.522905,img_610.jpg
64830,1280,720,631.94293,353.39117,986.8637,986.74805,0.766,-0.059,7.131,0.097235,-0.819585,-0.144512,-0.545841,img_611.jpg
64910,1280,720,631.94293,353.39117,986.8637,986.74805,0.766,-0.059,7.131,0.097235,-0.819585,-0.144512,-0.545841,img_612.jpg
64993,1280,720,631.94293,353.39117,986.8637,986.74805,0.766,-0.059,7.131,0.097235,-0.819585,-0.144512,-0.545841,img_613.jpg
65072,1280,720,631.94293,353.39117,986.8637,986.74805,0.766,-0.059,7.131,0.097235,-0.819585,-0.144512,-0.545841,img_614.jpg
65160,1280,720,631.94293,353.39117,986.8637,986.74805,0.766,-0.059,7.131,0.097235,-0.819585,-0.144512,-0.545841,img_615.jpg
65236,1280,720,631.94293,353.39117,986.8637,986.74805,0.766,-0.059,7.131,0.097235,-0.819585,-0.144512,-0.545841,img_616.jpg
65311,1280,720,631.94293,353.39117,986.8637,986.74805,0.766,-0.059,7.131,0.097235,-0.819585,-0.144512,-0.545841,img_617.jpg
65393,1280,720,631.94293,353.39117,986.8637,986.74805,0.766,-0.059,7.131,0.097235,-0.819585,-0.144512,-0.545841,img_618.jpg
65470,1280,720,631.94293,353.39117,986.8637,986.74805,0.766,-0.059,7.131,0.097235,-0.819585,-0.144512,-0.545841,img_619.jpg
65560,1280,720,631.94293,353.39117,986.8637,986.74805,0.766,-0.059,7.131,0.097235,-0.819585,-0.144512,-0.545841,img_620.jpg
65633,1280,720,631.94293,353.39117,986.8637,986.74805,0.766,-0.059,7.131,0.097235,-0.819585,-0.144512,-0.545841,img_621.jpg
65728,1280,720,631.94293,353.39117,986.8637,986.74805,0.766,-0.059,7.131,0.097235,-0.819585,-0.144512,-0.545841,img_622.jpg
65803,1280,720,631.94293,353.39117,986.8637,986.74805,1.021,-0.006,7.284,0.005984,0.972322,0.058791,0.226047,img_623.jpg
65894,1280,720,631.94293,353.39117,986.8637,986.74805,1.027,-0.014,7.273,-0.012509,0.971693,0.061411,0.227782,img_624.jpg
65971,1280,720,631.94293,353.39117,986.8637,986.74805,1.018,-0.018,7.260,-0.008095,0.970798,0.063992,0.231065,img_625.jpg
66061,1280,720,631.94293,353.39117,986.8637,986.74805,1.013,-0.020,7.251,-0.005660,0.970696,0.062063,0.232091,img_626.jpg
66134,1280,720,631.94293,353.39117,986.8637,986.74805,1.010,-0.019,7.228,0.000196,0.971786,0.057420,0.228767,img_627.jpg,marker_11.jpg,0.27787995,0.27787995,0.719,-0.180,7.826,0.173949,0.665661,-0.700989,-0.700989
66212,1280,720,631.94293,353.39117,986.8637,986.74805,1.010,-0.017,7.213,0.003447,0.972979,0.061001,0.222664,img_628.jpg
66294,1280,720,631.94293,353.39117,986.8637,986.74805,1.007,-0.018,7.188,0.002115,0.974750,0.066047,0.213298,img_629.jpg
66377,1280,720,631.94293,353.39117,986.8637,986.74805,1.004,-0.018,7.173,0.001503,0.975231,0.069498,0.209983,img_630.jpg
66461,1280,720,631.94293,353.39117,986.8637,986.74805,0.999,-0.017,7.149,0.000657,0.976902,0.071631,0.201324,img_631.jpg
66544,1280,720,631.94293,353.39117,986.8637,986.74805,0.994,-0.018,7.133,-0.001485,0.978208,0.077360,0.192673,img_632.jpg
66617,1280,720,631.94293,353.39117,986.8637,986.74805,0.989,-0.018,7.119,0.000355,0.980216,0.078914,0.181517,img_633.jpg,marker_11.jpg,0.28773776,0.28773776,0.705,-0.184,7.849,0.163270,0.649465,-0.722629,-0.722629
66712,1280,720,631.94293,353.39117,986.8637,986.74805,0.976,-0.016,7.097,-0.004396,0.984042,0.080185,0.158787,img_634.jpg
66786,1280,720,631.94293,353.39117,986.8637,986.74805,0.968,-0.015,7.082,-0.004218,0.987407,0.079177,0.136896,img_635.jpg
66865,1280,720,631.94293,353.39117,986.8637,986.74805,0.954,-0.015,7.054,-0.002384,0.992997,0.072036,0.093606,img_636.jpg
66945,1280,720,631.94293,353.39117,986.8637,986.74805,0.942,-0.015,7.035,-0.000382,0.994796,0.069570,0.074435,img_637.jpg
67029,1280,720,631.94293,353.39117,986.8637,986.74805,0.923,-0.014,7.018,-0.004322,0.995691,0.076315,0.052514,img_638.jpg
67104,1280,720,631.94293,353.39117,986.8637,986.74805,0.900,-0.016,6.986,-0.002025,0.996859,0.072145,0.032602,img_639.jpg
67197,1280,720,631.94293,353.39117,986.8637,986.74805,0.874,-0.016,6.955,-0.003216,0.997163,0.074088,0.012911,img_640.jpg
67278,1280,720,631.94293,353.39117,986.8637,986.74805,0.859,-0.017,6.932,-0.002871,0.997034,0.076882,0.002151,img_641.jpg,marker_11.jpg,0.27638355,0.27638355,0.711,-0.187,7.834,0.179047,0.654476,-0.708617,-0.708617
67359,1280,720,631.94293,353.39117,986.8637,986.74805,0.846,-0.017,6.911,-0.001159,0.997114,0.075799,-0.004042,img_642.jpg
67437,1280,720,631.94293,353.39117,986.8637,986.74805,0.830,-0.017,6.879,0.000034,0.997519,0.070305,0.003667,img_643.jpg
67530,1280,720,631.94293,353.39117,986.8637,986.74805,0.819,-0.017,6.856,0.002997,0.997879,0.062514,0.017917,img_644.jpg
67606,1280,720,631.94293,353.39117,986.8637,986.74805,0.806,-0.020,6.822,0.006757,0.997820,0.060898,0.024530,img_645.jpg
67713,1280,720,631.94293,353.39117,986.8637,986.74805,0.798,-0.024,6.789,0.010704,0.997488,0.064153,0.028055,img_646.jpg
67796,1280,720,631.94293,353.39117,986.8637,986.74805,0.790,-0.029,6.750,0.008590,0.997229,0.065644,0.033940,img_647.jpg,marker_11.jpg,0.27519637,0.27519637,0.705,-0.185,7.820,0.178851,0.664431,-0.698532,-0.698532
67896,1280,720,631.94293,353.39117,986.8637,986.74805,0.776,-0.036,6.708,0.006196,0.996666,0.072556,0.036801,img_648.jpg
67978,1280,720,631.94293,353.39117,986.8637,986.74805,0.767,-0.042,6.679,0.006953,0.995550,0.082056,0.045806,img_649.jpg
68061,1280,720,631.94293,353.39117,986.8637,986.74805,0.758,-0.048,6.648,0.008129,0.994352,0.090984,0.054031,img_650.jpg
68142,1280,720,631.94293,353.39117,986.8637,986.74805,0.735,-0.057,6.604,0.006365,0.991804,0.104302,0.073526,img_651.jpg
68229,1280,720,631.94293,353.39117,986.8637,986.74805,0.705,-0.065,6.562,0.001356,0.988215,0.119096,0.096154,img_652.jpg
68313,1280,720,631.94293,353.39117,986.8637,986.74805,0.683,-0.067,6.540,-0.000987,0.985721,0.126569,0.111055,img_653.jpg
68393,1280,720,631.94293,353.39117,986.8637,986.74805,0.651,-0.069,6.507,-0.004340,0.981359,0.136041,0.135676,img_654.jpg
68478,1280,720,631.94293,353.39117,986.8637,986.74805,0.628,-0.071,6.487,-0.004929,0.978081,0.142381,0.151858,img_655.jpg
68556,1280,720,631.94293,353.39117,986.8637,986.74805,0.608,-0.074,6.467,-0.005575,0.974457,0.149490,0.167498,img_656.jpg
68631,1280,720,631.94293,353.39117,986.8637,986.74805,0.574,-0.077,6.437,-0.013403,0.970036,0.156911,0.185014,img_657.jpg
68713,1280,720,631.94293,353.39117,986.8637,986.74805,0.548,-0.078,6.418,-0.017734,0.968283,0.153675,0.196206,img_658.jpg
68791,1280,720,631.94293,353.39117,986.8637,986.74805,0.504,-0.083,6.390,-0.024746,0.966065,0.155873,0.204474,img_659.jpg
68878,1280,720,631.94293,353.39117,986.8637,986.74805,0.472,-0.088,6.371,-0.025674,0.965084,0.156891,0.208181,img_660.jpg
68953,1280,720,631.94293,353.39117,986.8637,986.74805,0.438,-0.095,6.355,-0.024023,0.964445,0.160251,0.208777,img_661.jpg
69027,1280,720,631.94293,353.39117,986.8637,986.74805,0.405,-0.105,6.336,-0.021050,0.965031,0.159996,0.206577,img_662.jpg
69113,1280,720,631.94293,353.39117,986.8637,986.74805,0.350,-0.119,6.312,-0.020960,0.963655,0.173825,0.201779,img_663.jpg
69195,1280,720,631.94293,353.39117,986.8637,986.74805,0.299,-0.131,6.288,-0.026769,0.961438,0.192990,0.194101,img_664.jpg
69279,1280,720,631.94293,353.39117,986.8637,986.74805,0.269,-0.137,6.272,-0.027873,0.959716,0.205172,0.189930,img_665.jpg
69357,1280,720,631.94293,353.39117,986.8637,986.74805,0.236,-0.140,6.244,-0.028700,0.958492,0.213398,0.186897,img_666.jpg
69445,1280,720,631.94293,353.39117,986.8637,986.74805,0.212,-0.142,6.220,-0.031992,0.958734,0.213851,0.184591,img_667.jpg
69517,1280,720,631.94293,353.39117,986.8637,986.74805,0.190,-0.141,6.200,-0.036443,0.959172,0.212799,0.182693,img_668.jpg
69594,1280,720,631.94293,353.39117,986.8637,986.74805,0.148,-0.149,6.165,-0.044305,0.958730,0.213642,0.182293,img_669.jpg
69678,1280,720,631.94293,353.39117,986.8637,986.74805,0.121,-0.156,6.143,-0.042107,0.958530,0.214391,0.182986,img_670.jpg
69757,1280,720,631.94293,353.39117,986.8637,986.74805,0.083,-0.167,6.104,-0.036821,0.958180,0.215787,0.184312,img_671.jpg
69846,1280,720,631.94293,353.39117,986.8637,986.74805,0.057,-0.174,6.076,-0.031848,0.957713,0.216161,0.187207,img_672.jpg
69919,1280,720,631.94293,353.39117,986.8637,986.74805,0.034,-0.175,6.051,-0.025581,0.955961,0.225525,0.186073,img_673.jpg
69995,1280,720,631.94293,353.39117,986.8637,986.74805,0.000,-0.164,6.018,-0.011319,0.957194,0.211862,0.196891,img_674.jpg
70079,1280,720,631.94293,353.39117,986.8637,986.74805,-0.029,-0.155,5.994,-0.018544,0.955293,0.212530,0.204702,img_675.jpg
70155,1280,720,631.94293,353.39117,986.8637,986.74805,-0.052,-0.140,5.975,-0.019361,0.954466,0.200524,0.220022,img_676.jpg
70229,1280,720,631.94293,353.39117,986.8637,986.74805,-0.094,-0.123,5.945,-0.021598,0.952706,0.183065,0.241604,img_677.jpg
70313,1280,720,631.94293,353.39117,986.8637,986.74805,-0.121,-0.105,5.939,-0.024580,0.951329,0.170746,0.255373,img_678.jpg
70393,1280,720,631.94293,353.39117,986.8637,986.74805,-0.149,-0.088,5.923,-0.022589,0.950524,0.151187,0.270439,img_679.jpg
70477,1280,720,631.94293,353.39117,986.8637,986.74805,-0.192,-0.066,5.901,-0.019724,0.949035,0.121915,0.289967,img_680.jpg
70549,1280,720,631.94293,353.39117,986.8637,986.74805,-0.211,-0.051,5.888,-0.017908,0.947619,0.104878,0.301163,img_681.jpg
70630,1280,720,631.94293,353.39117,986.8637,986.74805,-0.245,-0.035,5.876,-0.013729,0.946625,0.082761,0.311228,img_682.jpg
70713,1280,720,631.94293,353.39117,986.8637,986.74805,-0.273,-0.025,5.865,-0.008664,0.945981,0.069837,0.316492,img_683.jpg
70791,1280,720,631.94293,353.39117,986.8637,986.74805,-0.293,-0.014,5.858,-0.005719,0.948200,0.056941,0.312478,img_684.jpg
70879,1280,720,631.94293,353.39117,986.8637,986.74805,-0.303,-0.009,5.855,-0.003961,0.949305,0.049884,0.310348,img_685.jpg
70950,1280,720,631.94293,353.39117,986.8637,986.74805,-0.314,-0.002,5.846,0.000786,0.951945,0.039231,0.303745,img_686.jpg
71027,1280,720,631.94293,353.39117,986.8637,986.74805,-0.333,0.001,5.842,0.006426,0.954991,0.027893,0.295251,img_687.jpg
71112,1280,720,631.94293,353.39117,986.8637,986.74805,-0.348,0.003,5.844,0.005843,0.957722,0.026047,0.286455,img_688.jpg
71182,1280,720,631.94293,353.39117,986.8637,986.74805,-0.362,0.004,5.844,0.004940,0.959727,0.020410,0.280148,img_689.jpg,marker_12.jpg,0.27499205,0.27499205,-0.748,-0.214,6.416,0.204970,0.689165,-0.670331,-0.670331
71261,1280,720,631.94293,353.39117,986.8637,986.74805,-0.383,0.000,5.845,0.002888,0.963328,0.023525,0.267279,img_690.jpg
71348,1280,720,631.94293,353.39117,986.8637,986.74805,-0.398,-0.002,5.844,0.005018,0.965604,0.028995,0.258347,img_691.jpg,marker_12.jpg,0.2779925,0.2779925,-0.748,-0.216,6.423,0.184919,0.687336,-0.680886,-0.680886
71427,1280,720,631.94293,353.39117,986.8637,986.74805,-0.411,-0.003,5.844,0.006314,0.967748,0.030606,0.249973,img_692.jpg
71513,1280,720,631.94293,353.39117,986.8637,986.74805,-0.425,-0.002,5.841,0.009355,0.970292,0.027548,0.240182,img_693.jpg
71586,1280,720,631.94293,353.39117,986.8637,986.74805,-0.430,-0.002,5.839,0.010981,0.972232,0.027701,0.232114,img_694.jpg
71668,1280,720,631.94293,353.39117,986.8637,986.74805,-0.438,-0.002,5.828,0.010988,0.973843,0.023323,0.225756,img_695.jpg
71746,1280,720,631.94293,353.39117,986.8637,986.74805,-0.444,-0.001,5.819,0.007295,0.974989,0.021777,0.221064,img_696.jpg
71824,1280,720,631.94293,353.39117,986.8637,986.74805,-0.448,0.000,5.809,0.006198,0.975818,0.021473,0.217439,img_697.jpg
71905,1280,720,631.94293,353.39117,986.8637,986.74805,-0.443,0.011,5.802,0.002273,0.975929,0.018254,0.217313,img_698.jpg
71979,1280,720,631.94293,353.39117,986.8637,986.74805,-0.401,0.028,5.818,-0.002700,0.967374,0.027424,0.251850,img_699.jpg,marker_12.jpg,0.27592766,0.27592766,-0.747,-0.207,6.434,0.214556,0.685895,-0.662853,-0.662853,marker_11.jpg,0.27519643,0.27519643,0.699,-0.181,7.835,0.167740,0.666542,-0.700832,-0.700832
72079,1280,720,631.94293,353.39117,986.8637,986.74805,-0.420,0.052,5.810,-0.003682,0.970793,0.048921,0.234849,img_700.jpg
72150,1280,720,631.94293,353.39117,986.8637,986.74805,-0.406,0.036,5.763,-0.003703,0.971569,0.033607,0.234330,img_701.jpg
72228,1280,720,631.94293,353.39117,986.8637,986.74805,-0.408,0.034,5.735,-0.003036,0.972832,0.038626,0.228249,img_702.jpg
72313,1280,720,631.94293,353.39117,986.8637,986.74805,-0.412,0.041,5.722,-0.002428,0.974609,0.045535,0.219223,img_703.jpg
72384,1280,720,631.94293,353.39117,986.8637,986.74805,-0.412,0.043,5.703,-0.002895,0.977489,0.041834,0.206779,img_704.jpg
72468,1280,720,631.94293,353.39117,986.8637,986.74805,-0.413,0.045,5.673,-0.007922,0.981462,0.048035,0.185372,img_705.jpg
72562,1280,720,631.94293,353.39117,986.8637,986.74805,-0.415,0.041,5.647,-0.003957,0.981956,0.063663,0.178028,img_706.jpg,marker_12.jpg,0.2775479,0.2775479,-0.749,-0.206,6.426,0.217133,0.688012,-0.659719,-0.659719
72647,1280,720,631.94293,353.39117,986.8637,986.74805,-0.420,0.037,5.634,-0.006120,0.982187,0.081762,0.169074,img_707.jpg
72730,1280,720,631.94293,353.39117,986.8637,986.74805,-0.425,0.013,5.610,-0.006756,0.981511,0.095478,0.165756,img_708.jpg
72814,1280,720,631.94293,353.39117,986.8637,986.74805,-0.435,0.004,5.593,-0.012335,0.981413,0.107545,0.158462,img_709.jpg
72890,1280,720,631.94293,353.39117,986.8637,986.74805,-0.448,-0.003,5.578,-0.012251,0.980309,0.117563,0.158190,img_710.jpg
72970,1280,720,631.94293,353.39117,986.8637,986.74805,-0.474,-0.010,5.559,-0.020509,0.979073,0.137590,0.148540,img_711.jpg
73065,1280,720,631.94293,353.39117,986.8637,986.74805,-0.504,-0.020,5.544,-0.027744,0.975599,0.160134,0.147628,img_712.jpg
73146,1280,720,631.94293,353.39117,986.8637,986.74805,-0.521,-0.029,5.535,-0.023880,0.972729,0.182486,0.141165,img_713.jpg
73220,1280,720,631.94293,353.39117,986.8637,986.74805,-0.539,-0.034,5.529,-0.021836,0.971496,0.195833,0.131789,img_714.jpg,marker_12.jpg,0.27340448,0.27340448,-0.750,-0.200,6.423,0.210214,0.685403,-0.665947,-0.665947
73299,1280,720,631.94293,353.39117,986.8637,986.74805,-0.564,-0.037,5.516,-0.032070,0.973206,0.197369,0.113522,img_715.jpg
73396,1280,720,631.94293,353.39117,986.8637,986.74805,-0.578,-0.039,5.509,-0.034488,0.973756,0.198963,0.104995,img_716.jpg
73475,1280,720,631.94293,353.39117,986.8637,986.74805,-0.600,-0.038,5.502,-0.038988,0.974213,0.202682,0.091156,img_717.jpg
