time,sizeX,sizeY,p_x,p_y,f_x,f_y,pos_X,pos_Y,pos_Z,q_x,q_y,q_z,q_w,marker_ID,marker_x,marker_y,marker_z,marker_qx,marker_qy,marker_qz,marker_qw,marker_ID,marker_x,marker_y,marker_z,marker_qx,marker_qy,marker_qz,marker_qw,marker_ID,marker_x,marker_y,marker_z,marker_qx,marker_qy,marker_qz,marker_qw,
12482,1280,720,631.94293,353.39117,986.8637,986.74805,0.322,0.035,1.089,0.057317,-0.006747,0.014716,-0.998225,img_1.jpg
12589,1280,720,631.94293,353.39117,986.8637,986.74805,0.321,0.035,1.089,0.062125,-0.005344,0.013918,-0.997957,img_2.jpg
12664,1280,720,631.94293,353.39117,986.8637,986.74805,0.321,0.035,1.092,0.062515,-0.003835,0.014069,-0.997938,img_3.jpg
12754,1280,720,631.94293,353.39117,986.8637,986.74805,0.321,0.035,1.095,0.061829,-0.002295,0.013516,-0.997993,img_4.jpg,marker_1.jpg,0.2707902,0.2707902,0.313,-0.105,0.389,-0.696360,0.000801,-0.000045,-0.000045
12824,1280,720,631.94293,353.39117,986.8637,986.74805,0.322,0.035,1.100,0.063154,0.003102,0.012492,-0.997921,img_5.jpg
12921,1280,720,631.94293,353.39117,986.8637,986.74805,0.322,0.035,1.104,0.064513,0.008170,0.010649,-0.997827,img_6.jpg
12994,1280,720,631.94293,353.39117,986.8637,986.74805,0.322,0.035,1.112,0.064336,0.019212,0.002656,-0.997740,img_7.jpg
13071,1280,720,631.94293,353.39117,986.8637,986.74805,0.323,0.035,1.117,0.064920,0.023577,-0.000105,-0.997612,img_8.jpg
13153,1280,720,631.94293,353.39117,986.8637,986.74805,0.327,0.035,1.123,0.064009,0.027141,-0.001217,-0.997579,img_9.jpg
13218,1280,720,631.94293,353.39117,986.8637,986.74805,0.334,0.035,1.128,0.064395,0.028312,0.001181,-0.997522,img_10.jpg
13292,1280,720,631.94293,353.39117,986.8637,986.74805,0.345,0.035,1.134,0.062817,0.030146,0.005253,-0.997556,img_11.jpg
13365,1280,720,631.94293,353.39117,986.8637,986.74805,0.368,0.035,1.143,0.059610,0.034299,0.011956,-0.997561,img_12.jpg
13453,1280,720,631.94293,353.39117,986.8637,986.74805,0.388,0.036,1.147,0.059560,0.037067,0.014711,-0.997428,img_13.jpg,marker_1.jpg,0.27041632,0.27041632,0.312,-0.104,0.394,-0.705771,0.006562,-0.007366,-0.007366
13525,1280,720,631.94293,353.39117,986.8637,986.74805,0.423,0.036,1.154,0.056526,0.041211,0.013255,-0.997462,img_14.jpg
13603,1280,720,631.94293,353.39117,986.8637,986.74805,0.449,0.037,1.157,0.056651,0.043000,0.012873,-0.997385,img_15.jpg
13671,1280,720,631.94293,353.39117,986.8637,986.74805,0.478,0.039,1.162,0.055493,0.043661,0.012803,-0.997422,img_16.jpg
13753,1280,720,631.94293,353.39117,986.8637,986.74805,0.509,0.041,1.166,0.053527,0.042020,0.014890,-0.997571,img_17.jpg
13825,1280,720,631.94293,353.39117,986.8637,986.74805,0.539,0.042,1.171,0.053895,0.039290,0.017208,-0.997625,img_18.jpg
13890,1280,720,631.94293,353.39117,986.8637,986.74805,0.568,0.042,1.174,0.054895,0.035778,0.018616,-0.997677,img_19.jpg
13958,1280,720,631.94293,353.39117,986.8637,986.74805,0.567,0.014,1.192,0.037735,0.042644,0.021621,-0.998143,img_20.jpg
14037,1280,720,631.94293,353.39117,986.8637,986.74805,0.587,0.019,1.199,0.044833,0.035824,0.021811,-0.998114,img_21.jpg,marker_1.jpg,0.26194313,0.26194313,0.296,-0.110,0.395,-0.706405,-0.004365,0.001879,0.001879
14119,1280,720,631.94293,353.39117,986.8637,986.74805,0.612,0.025,1.203,0.053125,0.020459,0.023844,-0.998094,img_22.jpg
14187,1280,720,631.94293,353.39117,986.8637,986.74805,0.633,0.029,1.209,0.054115,0.013964,0.024958,-0.998125,img_23.jpg
14256,1280,720,631.94293,353.39117,986.8637,986.74805,0.652,0.034,1.213,0.054836,0.010840,0.027911,-0.998046,img_24.jpg
14324,1280,720,631.94293,353.39117,986.8637,986.74805,0.671,0.039,1.213,0.059609,0.006200,0.033141,-0.997652,img_25.jpg
14394,1280,720,631.94293,353.39117,986.8637,986.74805,0.688,0.041,1.213,0.062743,0.000646,0.036296,-0.997369,img_26.jpg
14472,1280,720,631.94293,353.39117,986.8637,986.74805,0.708,0.042,1.210,0.061138,-0.000555,0.033759,-0.997558,img_27.jpg,marker_1.jpg,0.26388457,0.26388457,0.297,-0.109,0.397,-0.709753,0.014242,-0.016595,-0.016595
14553,1280,720,631.94293,353.39117,986.8637,986.74805,0.722,0.043,1.205,0.060895,-0.002451,0.030044,-0.997689,img_28.jpg
14619,1280,720,631.94293,353.39117,986.8637,986.74805,0.736,0.043,1.201,0.057553,-0.001334,0.026913,-0.997979,img_29.jpg
14689,1280,720,631.94293,353.39117,986.8637,986.74805,0.753,0.041,1.195,0.057544,-0.004258,0.027095,-0.997966,img_30.jpg
14753,1280,720,631.94293,353.39117,986.8637,986.74805,0.769,0.040,1.188,0.059034,-0.009071,0.026488,-0.997863,img_31.jpg
14823,1280,720,631.94293,353.39117,986.8637,986.74805,0.787,0.038,1.179,0.059896,-0.018324,0.020761,-0.997820,img_32.jpg
14889,1280,720,631.94293,353.39117,986.8637,986.74805,0.800,0.036,1.170,0.056251,-0.023991,0.005283,-0.998114,img_33.jpg
14956,1280,720,631.94293,353.39117,986.8637,986.74805,0.815,0.034,1.160,0.054129,-0.029157,-0.008518,-0.998072,img_34.jpg
15029,1280,720,631.94293,353.39117,986.8637,986.74805,0.831,0.034,1.151,0.053506,-0.034822,-0.017770,-0.997802,img_35.jpg
15093,1280,720,631.94293,353.39117,986.8637,986.74805,0.857,0.037,1.138,0.063487,-0.040696,-0.009871,-0.997104,img_36.jpg
15170,1280,720,631.94293,353.39117,986.8637,986.74805,0.886,0.036,1.129,0.060115,-0.042865,-0.010675,-0.997214,img_37.jpg
15253,1280,720,631.94293,353.39117,986.8637,986.74805,0.909,0.035,1.122,0.065107,-0.046060,-0.007214,-0.996789,img_38.jpg
15322,1280,720,631.94293,353.39117,986.8637,986.74805,0.933,0.036,1.119,0.073452,-0.048712,0.000365,-0.996108,img_39.jpg
15385,1280,720,631.94293,353.39117,986.8637,986.74805,0.960,0.038,1.121,0.069351,-0.050673,0.006713,-0.996282,img_40.jpg
15453,1280,720,631.94293,353.39117,986.8637,986.74805,0.991,0.037,1.125,0.067111,-0.045384,0.016376,-0.996578,img_41.jpg
15523,1280,720,631.94293,353.39117,986.8637,986.74805,1.025,0.035,1.128,0.066657,-0.036364,0.022577,-0.996857,img_42.jpg
15591,1280,720,631.94293,353.39117,986.8637,986.74805,1.084,0.031,1.141,0.062378,-0.017568,0.028322,-0.997496,img_43.jpg
15671,1280,720,631.94293,353.39117,986.8637,986.74805,1.128,0.028,1.155,0.059664,-0.004012,0.034016,-0.997631,img_44.jpg
15754,1280,720,631.94293,353.39117,986.8637,986.74805,1.172,0.026,1.174,0.054143,0.012808,0.030542,-0.997984,img_45.jpg
15819,1280,720,631.94293,353.39117,986.8637,986.74805,1.216,0.026,1.192,0.051714,0.032510,0.026654,-0.997777,img_46.jpg
15883,1280,720,631.94293,353.39117,986.8637,986.74805,1.261,0.026,1.211,0.051358,0.052096,0.025795,-0.996987,img_47.jpg
15953,1280,720,631.94293,353.39117,986.8637,986.74805,1.305,0.028,1.226,0.058409,0.073969,0.027942,-0.995156,img_48.jpg
16018,1280,720,631.94293,353.39117,986.8637,986.74805,1.345,0.027,1.242,0.060285,0.093190,0.025713,-0.993489,img_49.jpg
16083,1280,720,631.94293,353.39117,986.8637,986.74805,1.381,0.025,1.254,0.069198,0.114978,0.024967,-0.990640,img_50.jpg
16171,1280,720,631.94293,353.39117,986.8637,986.74805,1.431,0.023,1.273,0.070800,0.150042,0.029843,-0.985690,img_51.jpg
16253,1280,720,631.94293,353.39117,986.8637,986.74805,1.461,0.021,1.284,0.074801,0.171498,0.036358,-0.981668,img_52.jpg
16321,1280,720,631.94293,353.39117,986.8637,986.74805,1.489,0.018,1.294,0.075886,0.194504,0.039410,-0.977167,img_53.jpg
16383,1280,720,631.94293,353.39117,986.8637,986.74805,1.514,0.015,1.301,0.075066,0.216968,0.040944,-0.972427,img_54.jpg
16470,1280,720,631.94293,353.39117,986.8637,986.74805,1.550,0.012,1.310,0.076446,0.245448,0.049148,-0.965140,img_55.jpg
16553,1280,720,631.94293,353.39117,986.8637,986.74805,1.574,0.011,1.313,0.077919,0.263875,0.053722,-0.959902,img_56.jpg
16621,1280,720,631.94293,353.39117,986.8637,986.74805,1.597,0.009,1.314,0.078522,0.282571,0.055784,-0.954398,img_57.jpg
16686,1280,720,631.94293,353.39117,986.8637,986.74805,1.621,0.007,1.314,0.080519,0.299807,0.057657,-0.948846,img_58.jpg
16754,1280,720,631.94293,353.39117,986.8637,986.74805,1.646,0.018,1.308,0.080119,0.316649,0.057737,-0.943388,img_59.jpg
16824,1280,720,631.94293,353.39117,986.8637,986.74805,1.646,0.018,1.308,0.080119,0.316649,0.057737,-0.943388,img_60.jpg
16904,1280,720,631.94293,353.39117,986.8637,986.74805,1.646,0.018,1.308,0.080119,0.316649,0.057737,-0.943388,img_61.jpg
16988,1280,720,631.94293,353.39117,986.8637,986.74805,1.646,0.018,1.308,0.080119,0.316649,0.057737,-0.943388,img_62.jpg
17062,1280,720,631.94293,353.39117,986.8637,986.74805,1.646,0.018,1.308,0.080119,0.316649,0.057737,-0.943388,img_63.jpg
17153,1280,720,631.94293,353.39117,986.8637,986.74805,1.646,0.018,1.308,0.080119,0.316649,0.057737,-0.943388,img_64.jpg
17228,1280,720,631.94293,353.39117,986.8637,986.74805,1.646,0.018,1.308,0.080119,0.316649,0.057737,-0.943388,img_65.jpg
17304,1280,720,631.94293,353.39117,986.8637,986.74805,1.646,0.018,1.308,0.080119,0.316649,0.057737,-0.943388,img_66.jpg
17387,1280,720,631.94293,353.39117,986.8637,986.74805,1.646,0.018,1.308,0.080119,0.316649,0.057737,-0.943388,img_67.jpg
17459,1280,720,631.94293,353.39117,986.8637,986.74805,1.646,0.018,1.308,0.080119,0.316649,0.057737,-0.943388,img_68.jpg
17554,1280,720,631.94293,353.39117,986.8637,986.74805,1.646,0.018,1.308,0.080119,0.316649,0.057737,-0.943388,img_69.jpg
17626,1280,720,631.94293,353.39117,986.8637,986.74805,1.646,0.018,1.308,0.080119,0.316649,0.057737,-0.943388,img_70.jpg
17721,1280,720,631.94293,353.39117,986.8637,986.74805,1.646,0.018,1.308,0.080119,0.316649,0.057737,-0.943388,img_71.jpg
17791,1280,720,631.94293,353.39117,986.8637,986.74805,1.646,0.018,1.308,0.080119,0.316649,0.057737,-0.943388,img_72.jpg
17870,1280,720,631.94293,353.39117,986.8637,986.74805,1.646,0.018,1.308,0.080119,0.316649,0.057737,-0.943388,img_73.jpg
17954,1280,720,631.94293,353.39117,986.8637,986.74805,1.646,0.018,1.308,0.080119,0.316649,0.057737,-0.943388,img_74.jpg
18027,1280,720,631.94293,353.39117,986.8637,986.74805,1.646,0.018,1.308,0.080119,0.316649,0.057737,-0.943388,img_75.jpg
18104,1280,720,631.94293,353.39117,986.8637,986.74805,1.646,0.018,1.308,0.080119,0.316649,0.057737,-0.943388,img_76.jpg
18188,1280,720,631.94293,353.39117,986.8637,986.74805,1.646,0.018,1.308,0.080119,0.316649,0.057737,-0.943388,img_77.jpg
18261,1280,720,631.94293,353.39117,986.8637,986.74805,1.646,0.018,1.308,0.080119,0.316649,0.057737,-0.943388,img_78.jpg
18354,1280,720,631.94293,353.39117,986.8637,986.74805,1.112,0.069,0.900,0.074857,0.054943,0.009801,-0.995631,img_79.jpg
18437,1280,720,631.94293,353.39117,986.8637,986.74805,1.118,0.075,0.850,0.076742,0.059468,0.011187,-0.995213,img_80.jpg
18521,1280,720,631.94293,353.39117,986.8637,986.74805,1.112,0.073,0.823,0.077975,0.066804,0.007002,-0.994690,img_81.jpg
18587,1280,720,631.94293,353.39117,986.8637,986.74805,1.110,0.076,0.775,0.077627,0.072610,0.007880,-0.994304,img_82.jpg
18657,1280,720,631.94293,353.39117,986.8637,986.74805,1.095,0.077,0.742,0.076934,0.081166,0.007975,-0.993695,img_83.jpg
18737,1280,720,631.94293,353.39117,986.8637,986.74805,1.083,0.075,0.711,0.079654,0.087135,0.009042,-0.992966,img_84.jpg
18806,1280,720,631.94293,353.39117,986.8637,986.74805,1.069,0.075,0.680,0.079397,0.094486,0.010750,-0.992297,img_85.jpg
18872,1280,720,631.94293,353.39117,986.8637,986.74805,1.055,0.076,0.653,0.083679,0.101934,0.012669,-0.991185,img_86.jpg
18949,1280,720,631.94293,353.39117,986.8637,986.74805,1.040,0.082,0.626,0.081466,0.110127,0.012762,-0.990491,img_87.jpg,marker_3.jpg,0.31110466,0.31110466,1.272,-0.033,-0.339,-0.659105,0.162293,-0.149057,-0.149057
19038,1280,720,631.94293,353.39117,986.8637,986.74805,1.028,0.088,0.612,0.083253,0.123094,0.019006,-0.988714,img_88.jpg
19122,1280,720,631.94293,353.39117,986.8637,986.74805,1.020,0.089,0.595,0.082658,0.133204,0.018388,-0.987465,img_89.jpg
19197,1280,720,631.94293,353.39117,986.8637,986.74805,1.008,0.091,0.566,0.082475,0.145604,0.019515,-0.985706,img_90.jpg
19289,1280,720,631.94293,353.39117,986.8637,986.74805,1.003,0.091,0.555,0.082613,0.154959,0.018453,-0.984288,img_91.jpg
19372,1280,720,631.94293,353.39117,986.8637,986.74805,0.999,0.090,0.544,0.082094,0.159675,0.017643,-0.983592,img_92.jpg
19455,1280,720,631.94293,353.39117,986.8637,986.74805,0.995,0.091,0.527,0.081369,0.165893,0.016754,-0.982638,img_93.jpg,marker_3.jpg,0.31110466,0.31110466,1.277,-0.040,-0.270,-0.700321,0.150356,-0.139321,-0.139321
19538,1280,720,631.94293,353.39117,986.8637,986.74805,0.993,0.091,0.518,0.079338,0.168682,0.017064,-0.982324,img_94.jpg
19614,1280,720,631.94293,353.39117,986.8637,986.74805,0.990,0.091,0.511,0.077895,0.170667,0.017766,-0.982084,img_95.jpg
19690,1280,720,631.94293,353.39117,986.8637,986.74805,0.987,0.091,0.503,0.075737,0.171798,0.016966,-0.982070,img_96.jpg
19773,1280,720,631.94293,353.39117,986.8637,986.74805,0.986,0.089,0.500,0.076960,0.171620,0.017808,-0.981991,img_97.jpg
19848,1280,720,631.94293,353.39117,986.8637,986.74805,0.985,0.089,0.495,0.077376,0.174187,0.017610,-0.981510,img_98.jpg
19939,1280,720,631.94293,353.39117,986.8637,986.74805,0.987,0.088,0.493,0.076151,0.179589,0.016555,-0.980650,img_99.jpg,marker_3.jpg,0.29107097,0.29107097,1.261,-0.032,-0.223,-0.691918,0.149345,-0.134552,-0.134552
20022,1280,720,631.94293,353.39117,986.8637,986.74805,0.990,0.088,0.493,0.078440,0.181532,0.017003,-0.980104,img_100.jpg
20100,1280,720,631.94293,353.39117,986.8637,986.74805,0.999,0.088,0.494,0.079731,0.183160,0.014956,-0.979730,img_101.jpg
20190,1280,720,631.94293,353.39117,986.8637,986.74805,1.009,0.087,0.498,0.079137,0.180262,0.014426,-0.980324,img_102.jpg
20263,1280,720,631.94293,353.39117,986.8637,986.74805,1.027,0.087,0.501,0.077143,0.180350,0.019368,-0.980381,img_103.jpg
20355,1280,720,631.94293,353.39117,986.8637,986.74805,1.044,0.086,0.504,0.077627,0.184024,0.025127,-0.979530,img_104.jpg
20423,1280,720,631.94293,353.39117,986.8637,986.74805,1.074,0.086,0.511,0.078144,0.190735,0.032676,-0.977981,img_105.jpg
20506,1280,720,631.94293,353.39117,986.8637,986.74805,1.096,0.086,0.517,0.073285,0.196452,0.033885,-0.977183,img_106.jpg
20576,1280,720,631.94293,353.39117,986.8637,986.74805,0.421,0.016,1.079,0.085082,0.026039,0.017388,-0.995882,img_107.jpg,marker_3.jpg,0.28693384,0.28693384,0.290,-0.117,0.352,-0.714570,0.009077,-0.005861,-0.005861
20645,1280,720,631.94293,353.39117,986.8637,986.74805,0.500,0.005,1.080,0.072180,-0.005521,0.019050,-0.997194,img_108.jpg
20723,1280,720,631.94293,353.39117,986.8637,986.74805,0.544,0.008,1.076,0.066942,-0.001495,0.023542,-0.997478,img_109.jpg
20807,1280,720,631.94293,353.39117,986.8637,986.74805,0.584,0.018,1.067,0.069281,-0.006902,0.022072,-0.997329,img_110.jpg
20891,1280,720,631.94293,353.39117,986.8637,986.74805,0.607,0.020,1.068,0.066637,-0.000366,0.020123,-0.997574,img_111.jpg
20974,1280,720,631.94293,353.39117,986.8637,986.74805,0.645,0.023,1.072,0.061792,0.010465,0.019838,-0.997837,img_112.jpg
21056,1280,720,631.94293,353.39117,986.8637,986.74805,0.685,0.025,1.070,0.062628,0.013424,0.017489,-0.997793,img_113.jpg
21139,1280,720,631.94293,353.39117,986.8637,986.74805,0.709,0.025,1.070,0.064908,0.016157,0.015353,-0.997642,img_114.jpg
21222,1280,720,631.94293,353.39117,986.8637,986.74805,0.733,0.024,1.070,0.065479,0.017295,0.012673,-0.997624,img_115.jpg
21294,1280,720,631.94293,353.39117,986.8637,986.74805,0.766,0.022,1.069,0.068529,0.018561,0.010685,-0.997419,img_116.jpg
21375,1280,720,631.94293,353.39117,986.8637,986.74805,0.785,0.019,1.066,0.069943,0.020655,0.011799,-0.997267,img_117.jpg
21456,1280,720,631.94293,353.39117,986.8637,986.74805,0.811,0.017,1.059,0.072256,0.021525,0.016730,-0.997013,img_118.jpg
21540,1280,720,631.94293,353.39117,986.8637,986.74805,0.825,0.015,1.053,0.074190,0.015954,0.017527,-0.996962,img_119.jpg
21623,1280,720,631.94293,353.39117,986.8637,986.74805,0.843,0.013,1.040,0.075661,0.005595,0.014885,-0.997007,img_120.jpg
21706,1280,720,631.94293,353.39117,986.8637,986.74805,0.855,0.011,1.029,0.077740,0.000655,0.013416,-0.996883,img_121.jpg
21791,1280,720,631.94293,353.39117,986.8637,986.74805,0.872,0.008,1.008,0.081935,-0.008780,0.008513,-0.996563,img_122.jpg
21875,1280,720,631.94293,353.39117,986.8637,986.74805,0.885,0.006,0.992,0.084230,-0.009530,0.002651,-0.996397,img_123.jpg
21956,1280,720,631.94293,353.39117,986.8637,986.74805,0.907,0.004,0.962,0.094040,-0.002870,-0.006416,-0.995544,img_124.jpg
22040,1280,720,631.94293,353.39117,986.8637,986.74805,0.924,0.003,0.941,0.102240,-0.003968,-0.012964,-0.994667,img_125.jpg
22111,1280,720,631.94293,353.39117,986.8637,986.74805,0.940,0.003,0.923,0.107345,-0.001136,-0.013643,-0.994128,img_126.jpg
22186,1280,720,631.94293,353.39117,986.8637,986.74805,0.959,0.004,0.909,0.106543,-0.002563,-0.011869,-0.994234,img_127.jpg
22257,1280,720,631.94293,353.39117,986.8637,986.74805,0.977,0.003,0.896,0.107376,-0.005729,-0.006043,-0.994184,img_128.jpg
22335,1280,720,631.94293,353.39117,986.8637,986.74805,1.004,0.004,0.881,0.111350,-0.004355,-0.000364,-0.993772,img_129.jpg
22423,1280,720,631.94293,353.39117,986.8637,986.74805,1.035,0.004,0.869,0.113932,-0.007959,0.007745,-0.993427,img_130.jpg
22506,1280,720,631.94293,353.39117,986.8637,986.74805,1.056,0.002,0.866,0.110763,-0.003868,0.008735,-0.993801,img_131.jpg
22576,1280,720,631.94293,353.39117,986.8637,986.74805,1.082,0.001,0.863,0.109268,0.003713,0.013230,-0.993917,img_132.jpg
22651,1280,720,631.94293,353.39117,986.8637,986.74805,1.115,0.001,0.863,0.107147,0.014572,0.020136,-0.993932,img_133.jpg
22726,1280,720,631.94293,353.39117,986.8637,986.74805,1.163,0.000,0.870,0.101663,0.032304,0.026746,-0.993935,img_134.jpg
22806,1280,720,631.94293,353.39117,986.8637,986.74805,1.199,0.000,0.878,0.096543,0.045815,0.028918,-0.993853,img_135.jpg
22891,1280,720,631.94293,353.39117,986.8637,986.74805,1.236,0.001,0.891,0.089249,0.060163,0.028735,-0.993775,img_136.jpg
22958,1280,720,631.94293,353.39117,986.8637,986.74805,1.295,0.004,0.913,0.080766,0.084796,0.029642,-0.992677,img_137.jpg
23039,1280,720,631.94293,353.39117,986.8637,986.74805,1.336,0.007,0.928,0.079553,0.107742,0.029168,-0.990562,img_138.jpg
23109,1280,720,631.94293,353.39117,986.8637,986.74805,1.378,0.010,0.945,0.080991,0.132710,0.028722,-0.987423,img_139.jpg
23176,1280,720,631.94293,353.39117,986.8637,986.74805,1.420,0.011,0.962,0.081634,0.157169,0.029284,-0.983756,img_140.jpg
23242,1280,720,631.94293,353.39117,986.8637,986.74805,1.459,0.010,0.978,0.084919,0.181117,0.030332,-0.979319,img_141.jpg
23309,1280,720,631.94293,353.39117,986.8637,986.74805,1.496,0.009,0.995,0.085792,0.200958,0.029601,-0.975387,img_142.jpg
23372,1280,720,631.94293,353.39117,986.8637,986.74805,1.530,0.008,1.010,0.088830,0.218519,0.035405,-0.971136,img_143.jpg
23436,1280,720,631.94293,353.39117,986.8637,986.74805,1.561,0.007,1.023,0.091633,0.233666,0.040166,-0.967156,img_144.jpg
23522,1280,720,631.94293,353.39117,986.8637,986.74805,1.592,0.006,1.035,0.094498,0.243548,0.046987,-0.964130,img_145.jpg
23582,1280,720,631.94293,353.39117,986.8637,986.74805,1.619,0.004,1.046,0.093355,0.252327,0.048657,-0.961898,img_146.jpg
23649,1280,720,631.94293,353.39117,986.8637,986.74805,1.646,0.002,1.054,0.094575,0.259383,0.051983,-0.959726,img_147.jpg
23717,1280,720,631.94293,353.39117,986.8637,986.74805,1.685,-0.004,1.066,0.095998,0.266814,0.054543,-0.957403,img_148.jpg
23790,1280,720,631.94293,353.39117,986.8637,986.74805,1.715,-0.007,1.071,0.095707,0.273085,0.056462,-0.955550,img_149.jpg
23856,1280,720,631.94293,353.39117,986.8637,986.74805,1.748,-0.008,1.076,0.094642,0.278846,0.058378,-0.953876,img_150.jpg
23939,1280,720,631.94293,353.39117,986.8637,986.74805,1.748,-0.008,1.076,0.094642,0.278846,0.058378,-0.953876,img_151.jpg
24003,1280,720,631.94293,353.39117,986.8637,986.74805,1.748,-0.008,1.076,0.094642,0.278846,0.058378,-0.953876,img_152.jpg
24073,1280,720,631.94293,353.39117,986.8637,986.74805,1.748,-0.008,1.076,0.094642,0.278846,0.058378,-0.953876,img_153.jpg
24136,1280,720,631.94293,353.39117,986.8637,986.74805,1.748,-0.008,1.076,0.094642,0.278846,0.058378,-0.953876,img_154.jpg
24205,1280,720,631.94293,353.39117,986.8637,986.74805,1.748,-0.008,1.076,0.094642,0.278846,0.058378,-0.953876,img_155.jpg
24267,1280,720,631.94293,353.39117,986.8637,986.74805,1.748,-0.008,1.076,0.094642,0.278846,0.058378,-0.953876,img_156.jpg
24339,1280,720,631.94293,353.39117,986.8637,986.74805,1.748,-0.008,1.076,0.094642,0.278846,0.058378,-0.953876,img_157.jpg
24404,1280,720,631.94293,353.39117,986.8637,986.74805,1.748,-0.008,1.076,0.094642,0.278846,0.058378,-0.953876,img_158.jpg
24467,1280,720,631.94293,353.39117,986.8637,986.74805,1.748,-0.008,1.076,0.094642,0.278846,0.058378,-0.953876,img_159.jpg
24539,1280,720,631.94293,353.39117,986.8637,986.74805,1.748,-0.008,1.076,0.094642,0.278846,0.058378,-0.953876,img_160.jpg
24605,1280,720,631.94293,353.39117,986.8637,986.74805,1.748,-0.008,1.076,0.094642,0.278846,0.058378,-0.953876,img_161.jpg
24671,1280,720,631.94293,353.39117,986.8637,986.74805,1.748,-0.008,1.076,0.094642,0.278846,0.058378,-0.953876,img_162.jpg
24757,1280,720,631.94293,353.39117,986.8637,986.74805,1.748,-0.008,1.076,0.094642,0.278846,0.058378,-0.953876,img_163.jpg
24823,1280,720,631.94293,353.39117,986.8637,986.74805,1.748,-0.008,1.076,0.094642,0.278846,0.058378,-0.953876,img_164.jpg
24890,1280,720,631.94293,353.39117,986.8637,986.74805,1.748,-0.008,1.076,0.094642,0.278846,0.058378,-0.953876,img_165.jpg
24954,1280,720,631.94293,353.39117,986.8637,986.74805,1.748,-0.008,1.076,0.094642,0.278846,0.058378,-0.953876,img_166.jpg
25039,1280,720,631.94293,353.39117,986.8637,986.74805,1.748,-0.008,1.076,0.094642,0.278846,0.058378,-0.953876,img_167.jpg
25103,1280,720,631.94293,353.39117,986.8637,986.74805,1.748,-0.008,1.076,0.094642,0.278846,0.058378,-0.953876,img_168.jpg
25173,1280,720,631.94293,353.39117,986.8637,986.74805,1.748,-0.008,1.076,0.094642,0.278846,0.058378,-0.953876,img_169.jpg
25239,1280,720,631.94293,353.39117,986.8637,986.74805,1.748,-0.008,1.076,0.094642,0.278846,0.058378,-0.953876,img_170.jpg
25308,1280,720,631.94293,353.39117,986.8637,986.74805,1.748,-0.008,1.076,0.094642,0.278846,0.058378,-0.953876,img_171.jpg
25371,1280,720,631.94293,353.39117,986.8637,986.74805,1.748,-0.008,1.076,0.094642,0.278846,0.058378,-0.953876,img_172.jpg
25456,1280,720,631.94293,353.39117,986.8637,986.74805,1.748,-0.008,1.076,0.094642,0.278846,0.058378,-0.953876,img_173.jpg
25523,1280,720,631.94293,353.39117,986.8637,986.74805,1.748,-0.008,1.076,0.094642,0.278846,0.058378,-0.953876,img_174.jpg
25590,1280,720,631.94293,353.39117,986.8637,986.74805,1.748,-0.008,1.076,0.094642,0.278846,0.058378,-0.953876,img_175.jpg
25656,1280,720,631.94293,353.39117,986.8637,986.74805,1.748,-0.008,1.076,0.094642,0.278846,0.058378,-0.953876,img_176.jpg
25739,1280,720,631.94293,353.39117,986.8637,986.74805,1.748,-0.008,1.076,0.094642,0.278846,0.058378,-0.953876,img_177.jpg
25803,1280,720,631.94293,353.39117,986.8637,986.74805,1.748,-0.008,1.076,0.094642,0.278846,0.058378,-0.953876,img_178.jpg
25873,1280,720,631.94293,353.39117,986.8637,986.74805,1.748,-0.008,1.076,0.094642,0.278846,0.058378,-0.953876,img_179.jpg
25937,1280,720,631.94293,353.39117,986.8637,986.74805,1.748,-0.008,1.076,0.094642,0.278846,0.058378,-0.953876,img_180.jpg
26023,1280,720,631.94293,353.39117,986.8637,986.74805,1.748,-0.008,1.076,0.094642,0.278846,0.058378,-0.953876,img_181.jpg
26090,1280,720,631.94293,353.39117,986.8637,986.74805,1.748,-0.008,1.076,0.094642,0.278846,0.058378,-0.953876,img_182.jpg
26156,1280,720,631.94293,353.39117,986.8637,986.74805,1.748,-0.008,1.076,0.094642,0.278846,0.058378,-0.953876,img_183.jpg
26239,1280,720,631.94293,353.39117,986.8637,986.74805,1.748,-0.008,1.076,0.094642,0.278846,0.058378,-0.953876,img_184.jpg
26305,1280,720,631.94293,353.39117,986.8637,986.74805,1.748,-0.008,1.076,0.094642,0.278846,0.058378,-0.953876,img_185.jpg
26368,1280,720,631.94293,353.39117,986.8637,986.74805,1.748,-0.008,1.076,0.094642,0.278846,0.058378,-0.953876,img_186.jpg
26439,1280,720,631.94293,353.39117,986.8637,986.74805,1.748,-0.008,1.076,0.094642,0.278846,0.058378,-0.953876,img_187.jpg
26505,1280,720,631.94293,353.39117,986.8637,986.74805,1.748,-0.008,1.076,0.094642,0.278846,0.058378,-0.953876,img_188.jpg
26571,1280,720,631.94293,353.39117,986.8637,986.74805,1.748,-0.008,1.076,0.094642,0.278846,0.058378,-0.953876,img_189.jpg
26657,1280,720,631.94293,353.39117,986.8637,986.74805,1.976,0.069,0.546,0.036733,0.201833,0.017289,-0.978578,img_190.jpg
26740,1280,720,631.94293,353.39117,986.8637,986.74805,2.003,0.071,0.552,0.033370,0.191684,0.021022,-0.980664,img_191.jpg
26806,1280,720,631.94293,353.39117,986.8637,986.74805,1.996,0.071,0.561,0.034670,0.179928,0.022254,-0.982817,img_192.jpg
26874,1280,720,631.94293,353.39117,986.8637,986.74805,2.013,0.070,0.561,0.033916,0.165413,0.020422,-0.985429,img_193.jpg
26941,1280,720,631.94293,353.39117,986.8637,986.74805,2.033,0.071,0.561,0.033114,0.149922,0.015541,-0.988021,img_194.jpg
27012,1280,720,631.94293,353.39117,986.8637,986.74805,2.055,0.072,0.561,0.031130,0.132835,0.014277,-0.990546,img_195.jpg
27078,1280,720,631.94293,353.39117,986.8637,986.74805,2.075,0.073,0.562,0.032688,0.116955,0.014985,-0.992486,img_196.jpg
27146,1280,720,631.94293,353.39117,986.8637,986.74805,2.097,0.074,0.564,0.035393,0.101380,0.015131,-0.994103,img_197.jpg
27216,1280,720,631.94293,353.39117,986.8637,986.74805,2.123,0.076,0.570,0.037113,0.082454,0.014115,-0.995804,img_198.jpg,marker_4.jpg,0.2459338,0.2459338,2.255,-0.022,-0.110,-0.740251,-0.002882,-0.020452,-0.020452
27291,1280,720,631.94293,353.39117,986.8637,986.74805,2.130,0.076,0.572,0.035583,0.077750,0.012255,-0.996262,img_199.jpg
27354,1280,720,631.94293,353.39117,986.8637,986.74805,2.157,0.074,0.580,0.033563,0.068377,0.012364,-0.997018,img_200.jpg
27440,1280,720,631.94293,353.39117,986.8637,986.74805,2.178,0.073,0.583,0.033250,0.066197,0.014561,-0.997146,img_201.jpg
27507,1280,720,631.94293,353.39117,986.8637,986.74805,2.193,0.073,0.584,0.036322,0.063913,0.018371,-0.997125,img_202.jpg
27573,1280,720,631.94293,353.39117,986.8637,986.74805,2.205,0.072,0.585,0.035902,0.062644,0.018798,-0.997213,img_203.jpg
27640,1280,720,631.94293,353.39117,986.8637,986.74805,2.217,0.071,0.586,0.034237,0.060782,0.019348,-0.997376,img_204.jpg
27712,1280,720,631.94293,353.39117,986.8637,986.74805,2.232,0.071,0.584,0.035121,0.058946,0.021159,-0.997419,img_205.jpg
27778,1280,720,631.94293,353.39117,986.8637,986.74805,2.242,0.070,0.580,0.038616,0.058496,0.024536,-0.997239,img_206.jpg,marker_4.jpg,0.25061673,0.25061673,2.281,-0.030,-0.124,-0.730314,-0.001837,-0.012466,-0.012466
27847,1280,720,631.94293,353.39117,986.8637,986.74805,2.262,0.068,0.576,0.040684,0.063021,0.024723,-0.996876,img_207.jpg
27924,1280,720,631.94293,353.39117,986.8637,986.74805,2.278,0.067,0.574,0.039417,0.072324,0.026943,-0.996238,img_208.jpg
28008,1280,720,631.94293,353.39117,986.8637,986.74805,2.297,0.066,0.570,0.037555,0.086288,0.026675,-0.995205,img_209.jpg
28074,1280,720,631.94293,353.39117,986.8637,986.74805,2.322,0.065,0.564,0.038142,0.103060,0.021932,-0.993702,img_210.jpg
28143,1280,720,631.94293,353.39117,986.8637,986.74805,2.349,0.066,0.553,0.044575,0.118843,0.021045,-0.991689,img_211.jpg
28212,1280,720,631.94293,353.39117,986.8637,986.74805,2.371,0.067,0.543,0.048288,0.132728,0.019146,-0.989790,img_212.jpg
28280,1280,720,631.94293,353.39117,986.8637,986.74805,2.390,0.068,0.536,0.048835,0.145386,0.013672,-0.988074,img_213.jpg
28344,1280,720,631.94293,353.39117,986.8637,986.74805,2.409,0.067,0.530,0.050373,0.156816,0.013309,-0.986253,img_214.jpg
28412,1280,720,631.94293,353.39117,986.8637,986.74805,2.428,0.067,0.522,0.054026,0.166815,0.014790,-0.984396,img_215.jpg
28479,1280,720,631.94293,353.39117,986.8637,986.74805,2.441,0.066,0.516,0.054733,0.177021,0.012253,-0.982608,img_216.jpg
28542,1280,720,631.94293,353.39117,986.8637,986.74805,2.459,0.065,0.511,0.053949,0.178890,0.014437,-0.982283,img_217.jpg
28609,1280,720,631.94293,353.39117,986.8637,986.74805,2.474,0.064,0.506,0.057113,0.181417,0.019522,-0.981552,img_218.jpg
28674,1280,720,631.94293,353.39117,986.8637,986.74805,2.488,0.062,0.504,0.057773,0.189689,0.019881,-0.979941,img_219.jpg
28740,1280,720,631.94293,353.39117,986.8637,986.74805,2.507,0.060,0.504,0.057688,0.197094,0.025258,-0.978360,img_220.jpg
28808,1280,720,631.94293,353.39117,986.8637,986.74805,2.527,0.058,0.507,0.056575,0.205851,0.029892,-0.976489,img_221.jpg
28875,1280,720,631.94293,353.39117,986.8637,986.74805,2.548,0.055,0.512,0.056999,0.217259,0.032621,-0.973902,img_222.jpg
28939,1280,720,631.94293,353.39117,986.8637,986.74805,2.572,0.052,0.518,0.057488,0.227847,0.038334,-0.971242,img_223.jpg
29024,1280,720,631.94293,353.39117,986.8637,986.74805,2.612,0.048,0.529,0.059064,0.247672,0.045657,-0.965963,img_224.jpg
29091,1280,720,631.94293,353.39117,986.8637,986.74805,2.639,0.045,0.540,0.063251,0.261163,0.047381,-0.962054,img_225.jpg
29158,1280,720,631.94293,353.39117,986.8637,986.74805,2.669,0.044,0.553,0.065006,0.274069,0.050201,-0.958196,img_226.jpg
29241,1280,720,631.94293,353.39117,986.8637,986.74805,2.700,0.043,0.569,0.066581,0.289133,0.053807,-0.953454,img_227.jpg
29306,1280,720,631.94293,353.39117,986.8637,986.74805,2.732,0.042,0.586,0.069641,0.305850,0.059261,-0.947678,img_228.jpg
29369,1280,720,631.94293,353.39117,986.8637,986.74805,2.764,0.042,0.606,0.071628,0.321161,0.066234,-0.941986,img_229.jpg
29441,1280,720,631.94293,353.39117,986.8637,986.74805,2.794,0.042,0.626,0.072833,0.337422,0.069927,-0.935923,img_230.jpg
29524,1280,720,631.94293,353.39117,986.8637,986.74805,2.834,0.040,0.657,0.075941,0.364520,0.072125,-0.925287,img_231.jpg
29591,1280,720,631.94293,353.39117,986.8637,986.74805,2.859,0.038,0.676,0.078566,0.382200,0.073147,-0.917823,img_232.jpg
29658,1280,720,631.94293,353.39117,986.8637,986.74805,2.882,0.036,0.693,0.079774,0.400460,0.073639,-0.909860,img_233.jpg
29741,1280,720,631.94293,353.39117,986.8637,986.74805,2.903,0.035,0.710,0.082853,0.417232,0.078887,-0.901571,img_234.jpg
29808,1280,720,631.94293,353.39117,986.8637,986.74805,2.923,0.033,0.724,0.085002,0.432023,0.083666,-0.893941,img_235.jpg
29872,1280,720,631.94293,353.39117,986.8637,986.74805,2.944,0.030,0.737,0.086666,0.447628,0.087561,-0.885693,img_236.jpg
29941,1280,720,631.94293,353.39117,986.8637,986.74805,2.966,0.026,0.749,0.087472,0.461679,0.094727,-0.877627,img_237.jpg
30009,1280,720,631.94293,353.39117,986.8637,986.74805,3.000,0.018,0.759,0.088776,0.474025,0.105169,-0.869689,img_238.jpg
30073,1280,720,631.94293,353.39117,986.8637,986.74805,3.023,0.014,0.770,0.088105,0.487577,0.110192,-0.861605,img_239.jpg
30140,1280,720,631.94293,353.39117,986.8637,986.74805,3.058,0.006,0.779,0.089916,0.501377,0.116577,-0.852611,img_240.jpg
30209,1280,720,631.94293,353.39117,986.8637,986.74805,3.094,0.000,0.791,0.092246,0.515541,0.119331,-0.843486,img_241.jpg
30275,1280,720,631.94293,353.39117,986.8637,986.74805,3.126,-0.005,0.800,0.094497,0.531535,0.119166,-0.833271,img_242.jpg
30341,1280,720,631.94293,353.39117,986.8637,986.74805,3.164,-0.011,0.810,0.097714,0.544677,0.119282,-0.824349,img_243.jpg
30412,1280,720,631.94293,353.39117,986.8637,986.74805,3.204,-0.013,0.820,0.102067,0.559140,0.120027,-0.813965,img_244.jpg
30477,1280,720,631.94293,353.39117,986.8637,986.74805,3.242,-0.016,0.830,0.107548,0.572925,0.125419,-0.802783,img_245.jpg
30544,1280,720,631.94293,353.39117,986.8637,986.74805,3.282,-0.022,0.844,0.109675,0.589067,0.127761,-0.790347,img_246.jpg
30614,1280,720,631.94293,353.39117,986.8637,986.74805,3.333,-0.029,0.863,0.113549,0.613729,0.136724,-0.769253,img_247.jpg
30692,1280,720,631.94293,353.39117,986.8637,986.74805,3.362,-0.034,0.877,0.112636,0.627750,0.143647,-0.756709,img_248.jpg
30759,1280,720,631.94293,353.39117,986.8637,986.74805,3.388,-0.044,0.893,0.116170,0.640533,0.155204,-0.743057,img_249.jpg
30841,1280,720,631.94293,353.39117,986.8637,986.74805,3.410,-0.053,0.908,0.117908,0.652543,0.160252,-0.731167,img_250.jpg
30908,1280,720,631.94293,353.39117,986.8637,986.74805,3.443,-0.066,0.930,0.118815,0.662256,0.173033,-0.719277,img_251.jpg
30976,1280,720,631.94293,353.39117,986.8637,986.74805,3.464,-0.076,0.952,0.121553,0.669816,0.187258,-0.708171,img_252.jpg
31042,1280,720,631.94293,353.39117,986.8637,986.74805,3.503,-0.090,0.976,0.129721,0.673647,0.197710,-0.700202,img_253.jpg
31107,1280,720,631.94293,353.39117,986.8637,986.74805,3.538,-0.103,1.006,0.137047,0.677719,0.209195,-0.691486,img_254.jpg
31171,1280,720,631.94293,353.39117,986.8637,986.74805,3.558,-0.116,1.034,0.141367,0.681159,0.221236,-0.683442,img_255.jpg
31241,1280,720,631.94293,353.39117,986.8637,986.74805,3.582,-0.122,1.067,0.144880,0.684729,0.225231,-0.677811,img_256.jpg
31302,1280,720,631.94293,353.39117,986.8637,986.74805,3.607,-0.133,1.103,0.146347,0.686944,0.232491,-0.672784,img_257.jpg
31376,1280,720,631.94293,353.39117,986.8637,986.74805,3.622,-0.141,1.137,0.147232,0.689685,0.237487,-0.668024,img_258.jpg
31440,1280,720,631.94293,353.39117,986.8637,986.74805,3.642,-0.151,1.174,0.149495,0.691156,0.246886,-0.662572,img_259.jpg
31511,1280,720,631.94293,353.39117,986.8637,986.74805,3.662,-0.158,1.226,0.153567,0.698106,0.254988,-0.651188,img_260.jpg
31591,1280,720,631.94293,353.39117,986.8637,986.74805,3.673,-0.163,1.260,0.156694,0.702397,0.256382,-0.645255,img_261.jpg
31659,1280,720,631.94293,353.39117,986.8637,986.74805,3.694,-0.168,1.295,0.160223,0.706530,0.259356,-0.638653,img_262.jpg
31742,1280,720,631.94293,353.39117,986.8637,986.74805,3.715,-0.172,1.342,0.161074,0.714612,0.260626,-0.628855,img_263.jpg
31826,1280,720,631.94293,353.39117,986.8637,986.74805,3.728,-0.177,1.369,0.162350,0.719738,0.266564,-0.620132,img_264.jpg
31909,1280,720,631.94293,353.39117,986.8637,986.74805,3.739,-0.179,1.394,0.162953,0.724556,0.270087,-0.612795,img_265.jpg
31975,1280,720,631.94293,353.39117,986.8637,986.74805,3.750,-0.184,1.418,0.165021,0.729835,0.273263,-0.604513,img_266.jpg
32043,1280,720,631.94293,353.39117,986.8637,986.74805,3.767,-0.190,1.453,0.162560,0.737187,0.282883,-0.591698,img_267.jpg
32125,1280,720,631.94293,353.39117,986.8637,986.74805,3.782,-0.194,1.479,0.160454,0.741430,0.287278,-0.584815,img_268.jpg
32209,1280,720,631.94293,353.39117,986.8637,986.74805,3.792,-0.193,1.500,0.161024,0.747029,0.286435,-0.577905,img_269.jpg
32271,1280,720,631.94293,353.39117,986.8637,986.74805,3.809,-0.194,1.522,0.161273,0.752076,0.281634,-0.573633,img_270.jpg
32342,1280,720,631.94293,353.39117,986.8637,986.74805,3.830,-0.193,1.549,0.160988,0.756899,0.278214,-0.569020,img_271.jpg
32411,1280,720,631.94293,353.39117,986.8637,986.74805,3.851,-0.192,1.572,0.161889,0.761746,0.272720,-0.564942,img_272.jpg
32479,1280,720,631.94293,353.39117,986.8637,986.74805,3.882,-0.182,1.603,0.158730,0.769381,0.249388,-0.566272,img_273.jpg
32559,1280,720,631.94293,353.39117,986.8637,986.74805,3.904,-0.167,1.625,0.143844,0.775242,0.228745,-0.570950,img_274.jpg
32642,1280,720,631.94293,353.39117,986.8637,986.74805,3.922,-0.145,1.646,0.130138,0.782158,0.212780,-0.570980,img_275.jpg
32709,1280,720,631.94293,353.39117,986.8637,986.74805,3.939,-0.120,1.660,0.113393,0.791440,0.182976,-0.572088,img_276.jpg
32776,1280,720,631.94293,353.39117,986.8637,986.74805,3.956,-0.077,1.677,0.078380,0.801190,0.140497,-0.576378,img_277.jpg
32861,1280,720,631.94293,353.39117,986.8637,986.74805,3.972,-0.054,1.690,0.058162,0.804148,0.121123,-0.579045,img_278.jpg
32926,1280,720,631.94293,353.39117,986.8637,986.74805,3.973,-0.034,1.694,0.042340,0.805409,0.108177,-0.581225,img_279.jpg
32995,1280,720,631.94293,353.39117,986.8637,986.74805,3.978,-0.019,1.700,0.033716,0.807499,0.090002,-0.581986,img_280.jpg
33078,1280,720,631.94293,353.39117,986.8637,986.74805,3.979,-0.004,1.703,0.028414,0.808154,0.078659,-0.583003,img_281.jpg
33142,1280,720,631.94293,353.39117,986.8637,986.74805,3.985,0.004,1.708,0.026973,0.807049,0.075756,-0.584983,img_282.jpg
33207,1280,720,631.94293,353.39117,986.8637,986.74805,3.984,0.012,1.713,0.027142,0.805879,0.072842,-0.586955,img_283.jpg
33292,1280,720,631.94293,353.39117,986.8637,986.74805,3.988,0.015,1.718,0.022186,0.801980,0.069096,-0.592926,img_284.jpg
33359,1280,720,631.94293,353.39117,986.8637,986.74805,3.988,0.015,1.721,0.018950,0.798774,0.066567,-0.597637,img_285.jpg
33426,1280,720,631.94293,353.39117,986.8637,986.74805,3.987,0.018,1.724,0.016300,0.796146,0.061607,-0.601740,img_286.jpg
33509,1280,720,631.94293,353.39117,986.8637,986.74805,3.986,0.022,1.730,0.012706,0.792022,0.051565,-0.608179,img_287.jpg
33576,1280,720,631.94293,353.39117,986.8637,986.74805,3.982,0.025,1.734,0.008984,0.789203,0.048820,-0.612123,img_288.jpg
33642,1280,720,631.94293,353.39117,986.8637,986.74805,3.975,0.029,1.737,0.006728,0.785445,0.046707,-0.617130,img_289.jpg
33726,1280,720,631.94293,353.39117,986.8637,986.74805,3.971,0.030,1.739,0.008262,0.783137,0.044097,-0.620228,img_290.jpg
33787,1280,720,631.94293,353.39117,986.8637,986.74805,3.966,0.031,1.742,0.008226,0.780733,0.040638,-0.623488,img_291.jpg
33859,1280,720,631.94293,353.39117,986.8637,986.74805,3.960,0.031,1.747,0.009150,0.779699,0.041202,-0.624731,img_292.jpg
33944,1280,720,631.94293,353.39117,986.8637,986.74805,3.949,0.031,1.754,0.008860,0.779448,0.041325,-0.625040,img_293.jpg
34005,1280,720,631.94293,353.39117,986.8637,986.74805,3.944,0.031,1.762,0.009065,0.777968,0.042660,-0.626788,img_294.jpg
34078,1280,720,631.94293,353.39117,986.8637,986.74805,3.939,0.031,1.775,0.006463,0.773589,0.039762,-0.632406,img_295.jpg
34160,1280,720,631.94293,353.39117,986.8637,986.74805,3.934,0.032,1.784,0.005328,0.769123,0.037697,-0.637965,img_296.jpg
34244,1280,720,631.94293,353.39117,986.8637,986.74805,3.923,0.034,1.801,0.001420,0.759376,0.033035,-0.649811,img_297.jpg,marker_6.jpg,0.27426702,0.27426702,4.643,-0.127,1.899,-0.486840,0.518290,-0.509919,-0.509919
34326,1280,720,631.94293,353.39117,986.8637,986.74805,3.914,0.036,1.814,-0.001737,0.750675,0.032044,-0.659892,img_298.jpg
34388,1280,720,631.94293,353.39117,986.8637,986.74805,3.904,0.037,1.830,-0.002984,0.741301,0.031698,-0.670418,img_299.jpg
34461,1280,720,631.94293,353.39117,986.8637,986.74805,3.895,0.038,1.846,-0.003763,0.733583,0.028808,-0.678978,img_300.jpg
34531,1280,720,631.94293,353.39117,986.8637,986.74805,3.890,0.038,1.866,0.000355,0.724105,0.036032,-0.688748,img_301.jpg
34606,1280,720,631.94293,353.39117,986.8637,986.74805,3.882,0.039,1.885,0.003653,0.718646,0.036002,-0.694433,img_302.jpg
34676,1280,720,631.94293,353.39117,986.8637,986.74805,3.868,0.042,1.914,0.007574,0.711310,0.043236,-0.701506,img_303.jpg,marker_6.jpg,0.27339095,0.27339095,4.645,-0.129,1.908,-0.493865,0.514029,-0.500527,-0.500527
34760,1280,720,631.94293,353.39117,986.8637,986.74805,3.859,0.042,1.934,0.010180,0.707253,0.045303,-0.705434,img_304.jpg
34822,1280,720,631.94293,353.39117,986.8637,986.74805,3.850,0.041,1.953,0.013812,0.704265,0.047734,-0.708196,img_305.jpg
34892,1280,720,631.94293,353.39117,986.8637,986.74805,3.841,0.040,1.973,0.016388,0.702349,0.050756,-0.709831,img_306.jpg
34963,1280,720,631.94293,353.39117,986.8637,986.74805,3.834,0.038,1.993,0.019089,0.701676,0.054692,-0.710138,img_307.jpg
35026,1280,720,631.94293,353.39117,986.8637,986.74805,3.826,0.033,2.013,0.022870,0.702144,0.061896,-0.708971,img_308.jpg
35096,1280,720,631.94293,353.39117,986.8637,986.74805,3.821,0.026,2.035,0.027183,0.706535,0.063899,-0.704263,img_309.jpg
35160,1280,720,631.94293,353.39117,986.8637,986.74805,3.819,0.018,2.058,0.032174,0.711785,0.076055,-0.697526,img_310.jpg
35243,1280,720,631.94293,353.39117,986.8637,986.74805,3.819,0.005,2.098,0.035263,0.721558,0.095841,-0.684781,img_311.jpg
35309,1280,720,631.94293,353.39117,986.8637,986.74805,3.819,-0.004,2.127,0.035911,0.731401,0.104738,-0.672899,img_312.jpg
35394,1280,720,631.94293,353.39117,986.8637,986.74805,3.818,-0.012,2.157,0.036683,0.742773,0.112688,-0.658972,img_313.jpg,marker_6.jpg,0.28487766,0.28487766,4.664,-0.129,1.907,-0.490499,0.521044,-0.500599,-0.500599
35466,1280,720,631.94293,353.39117,986.8637,986.74805,3.822,-0.019,2.192,0.038879,0.754439,0.119496,-0.644229,img_314.jpg
35543,1280,720,631.94293,353.39117,986.8637,986.74805,3.826,-0.032,2.250,0.043433,0.773295,0.126876,-0.619702,img_315.jpg
35627,1280,720,631.94293,353.39117,986.8637,986.74805,3.829,-0.037,2.291,0.045755,0.784619,0.130493,-0.604360,img_316.jpg
35696,1280,720,631.94293,353.39117,986.8637,986.74805,3.832,-0.042,2.331,0.050418,0.796266,0.128545,-0.588978,img_317.jpg
35778,1280,720,631.94293,353.39117,986.8637,986.74805,3.838,-0.045,2.393,0.059044,0.812244,0.122877,-0.567164,img_318.jpg
35863,1280,720,631.94293,353.39117,986.8637,986.74805,3.843,-0.044,2.436,0.062789,0.820968,0.130930,-0.552201,img_319.jpg
35931,1280,720,631.94293,353.39117,986.8637,986.74805,3.850,-0.043,2.476,0.065677,0.831016,0.136627,-0.535194,img_320.jpg
36005,1280,720,631.94293,353.39117,986.8637,986.74805,3.853,-0.039,2.514,0.066021,0.841678,0.137037,-0.518113,img_321.jpg
36093,1280,720,631.94293,353.39117,986.8637,986.74805,3.853,-0.043,2.570,0.059317,0.854430,0.148813,-0.494252,img_322.jpg
36161,1280,720,631.94293,353.39117,986.8637,986.74805,3.853,-0.045,2.608,0.058546,0.861718,0.154462,-0.479746,img_323.jpg
36232,1280,720,631.94293,353.39117,986.8637,986.74805,3.851,-0.050,2.647,0.054986,0.868991,0.160256,-0.464918,img_324.jpg
36309,1280,720,631.94293,353.39117,986.8637,986.74805,3.843,-0.061,2.708,0.045711,0.875625,0.175483,-0.447657,img_325.jpg
36393,1280,720,631.94293,353.39117,986.8637,986.74805,3.835,-0.068,2.748,0.043468,0.879334,0.178233,-0.439449,img_326.jpg
36463,1280,720,631.94293,353.39117,986.8637,986.74805,3.827,-0.075,2.787,0.039878,0.881710,0.178204,-0.435019,img_327.jpg
36534,1280,720,631.94293,353.39117,986.8637,986.74805,3.815,-0.078,2.827,0.036282,0.883299,0.175277,-0.433294,img_328.jpg
36607,1280,720,631.94293,353.39117,986.8637,986.74805,3.800,-0.077,2.867,0.032407,0.883375,0.173583,-0.434128,img_329.jpg
36674,1280,720,631.94293,353.39117,986.8637,986.74805,3.778,-0.076,2.932,0.034020,0.884233,0.167008,-0.434837,img_330.jpg
36744,1280,720,631.94293,353.39117,986.8637,986.74805,3.764,-0.070,2.978,0.035306,0.882757,0.173638,-0.435136,img_331.jpg
36827,1280,720,631.94293,353.39117,986.8637,986.74805,3.746,-0.066,3.017,0.042039,0.883216,0.172619,-0.434010,img_332.jpg
36893,1280,720,631.94293,353.39117,986.8637,986.74805,3.733,-0.067,3.056,0.049697,0.883001,0.174510,-0.432880,img_333.jpg
37019,1280,720,631.94293,353.39117,986.8637,986.74805,3.705,-0.068,3.129,0.050948,0.884355,0.181840,-0.426913,img_334.jpg
37111,1280,720,631.94293,353.39117,986.8637,986.74805,3.695,-0.071,3.183,0.047818,0.885328,0.189909,-0.421715,img_335.jpg
37177,1280,720,631.94293,353.39117,986.8637,986.74805,3.686,-0.076,3.224,0.047501,0.886578,0.195652,-0.416465,img_336.jpg
37262,1280,720,631.94293,353.39117,986.8637,986.74805,3.676,-0.078,3.268,0.045917,0.888155,0.200537,-0.410922,img_337.jpg
37327,1280,720,631.94293,353.39117,986.8637,986.74805,3.671,-0.084,3.311,0.045831,0.889694,0.201600,-0.407065,img_338.jpg
37395,1280,720,631.94293,353.39117,986.8637,986.74805,3.668,-0.090,3.356,0.050580,0.891430,0.201443,-0.402760,img_339.jpg
37465,1280,720,631.94293,353.39117,986.8637,986.74805,3.668,-0.096,3.405,0.057410,0.892410,0.201883,-0.399438,img_340.jpg
37535,1280,720,631.94293,353.39117,986.8637,986.74805,3.671,-0.100,3.456,0.065205,0.892215,0.205499,-0.396826,img_341.jpg
37612,1280,720,631.94293,353.39117,986.8637,986.74805,3.684,-0.104,3.531,0.078039,0.891699,0.217052,-0.389450,img_342.jpg
37693,1280,720,631.94293,353.39117,986.8637,986.74805,3.685,-0.102,3.583,0.073715,0.893057,0.224270,-0.383037,img_343.jpg
37758,1280,720,631.94293,353.39117,986.8637,986.74805,3.685,-0.101,3.638,0.068682,0.895225,0.230457,-0.375159,img_344.jpg
37845,1280,720,631.94293,353.39117,986.8637,986.74805,3.684,-0.108,3.714,0.061907,0.896860,0.240697,-0.365890,img_345.jpg
37928,1280,720,631.94293,353.39117,986.8637,986.74805,3.686,-0.116,3.770,0.061900,0.896824,0.246998,-0.361754,img_346.jpg
37990,1280,720,631.94293,353.39117,986.8637,986.74805,3.684,-0.122,3.820,0.057284,0.896195,0.250773,-0.361477,img_347.jpg
38062,1280,720,631.94293,353.39117,986.8637,986.74805,3.684,-0.132,3.874,0.057062,0.894411,0.254078,-0.363616,img_348.jpg
38145,1280,720,631.94293,353.39117,986.8637,986.74805,3.681,-0.143,3.957,0.065004,0.892946,0.251683,-0.367530,img_349.jpg
38211,1280,720,631.94293,353.39117,986.8637,986.74805,3.677,-0.148,4.016,0.069570,0.890038,0.253607,-0.372391,img_350.jpg
38293,1280,720,631.94293,353.39117,986.8637,986.74805,3.671,-0.150,4.074,0.071758,0.886367,0.256057,-0.378999,img_351.jpg
38355,1280,720,631.94293,353.39117,986.8637,986.74805,3.667,-0.148,4.134,0.074361,0.879264,0.266295,-0.387882,img_352.jpg
38428,1280,720,631.94293,353.39117,986.8637,986.74805,3.663,-0.147,4.193,0.079274,0.873586,0.276014,-0.392911,img_353.jpg
38496,1280,720,631.94293,353.39117,986.8637,986.74805,3.660,-0.146,4.245,0.083020,0.870986,0.274841,-0.398689,img_354.jpg
38564,1280,720,631.94293,353.39117,986.8637,986.74805,3.661,-0.148,4.295,0.085776,0.867370,0.281998,-0.400985,img_355.jpg
38632,1280,720,631.94293,353.39117,986.8637,986.74805,3.663,-0.149,4.343,0.085009,0.862425,0.291972,-0.404658,img_356.jpg
38697,1280,720,631.94293,353.39117,986.8637,986.74805,3.664,-0.156,4.391,0.091039,0.857836,0.296852,-0.409522,img_357.jpg
38778,1280,720,631.94293,353.39117,986.8637,986.74805,3.670,-0.165,4.438,0.098808,0.854375,0.298925,-0.413431,img_358.jpg
38848,1280,720,631.94293,353.39117,986.8637,986.74805,3.680,-0.178,4.513,0.102503,0.846071,0.303315,-0.426213,img_359.jpg
38928,1280,720,631.94293,353.39117,986.8637,986.74805,3.691,-0.184,4.563,0.112356,0.840932,0.297581,-0.437784,img_360.jpg
38998,1280,720,631.94293,353.39117,986.8637,986.74805,3.703,-0.189,4.615,0.125295,0.836081,0.293126,-0.446483,img_361.jpg
39064,1280,720,631.94293,353.39117,986.8637,986.74805,3.717,-0.191,4.663,0.141077,0.829271,0.285239,-0.459398,img_362.jpg
39134,1280,720,631.94293,353.39117,986.8637,986.74805,3.728,-0.194,4.716,0.151382,0.821422,0.294288,-0.464482,img_363.jpg
39205,1280,720,631.94293,353.39117,986.8637,986.74805,3.739,-0.192,4.764,0.153283,0.817427,0.293517,-0.471344,img_364.jpg
39274,1280,720,631.94293,353.39117,986.8637,986.74805,3.752,-0.192,4.833,0.152966,0.812708,0.292634,-0.480075,img_365.jpg
39345,1280,720,631.94293,353.39117,986.8637,986.74805,3.759,-0.195,4.882,0.151092,0.808665,0.293158,-0.487125,img_366.jpg
39431,1280,720,631.94293,353.39117,986.8637,986.74805,3.765,-0.200,4.927,0.151632,0.804428,0.290106,-0.495724,img_367.jpg
39501,1280,720,631.94293,353.39117,986.8637,986.74805,3.764,-0.205,4.973,0.148356,0.798445,0.289833,-0.506432,img_368.jpg
39571,1280,720,631.94293,353.39117,986.8637,986.74805,3.766,-0.209,5.019,0.151659,0.791431,0.283447,-0.519898,img_369.jpg
39637,1280,720,631.94293,353.39117,986.8637,986.74805,3.767,-0.214,5.093,0.154877,0.780127,0.273475,-0.540949,img_370.jpg
39711,1280,720,631.94293,353.39117,986.8637,986.74805,3.764,-0.214,5.143,0.154461,0.769264,0.265082,-0.560452,img_371.jpg
39797,1280,720,631.94293,353.39117,986.8637,986.74805,3.762,-0.212,5.189,0.161376,0.756127,0.253993,-0.581134,img_372.jpg
39864,1280,720,631.94293,353.39117,986.8637,986.74805,3.762,-0.208,5.239,0.165479,0.744500,0.254743,-0.594510,img_373.jpg
39945,1280,720,631.94293,353.39117,986.8637,986.74805,3.760,-0.192,5.302,0.165187,0.730579,0.246799,-0.614864,img_374.jpg
40029,1280,720,631.94293,353.39117,986.8637,986.74805,3.757,-0.185,5.334,0.165167,0.723365,0.236974,-0.627141,img_375.jpg
40100,1280,720,631.94293,353.39117,986.8637,986.74805,3.763,-0.179,5.367,0.165453,0.715806,0.234270,-0.636682,img_376.jpg
40177,1280,720,631.94293,353.39117,986.8637,986.74805,3.769,-0.169,5.402,0.159263,0.704778,0.219380,-0.655589,img_377.jpg
40246,1280,720,631.94293,353.39117,986.8637,986.74805,3.774,-0.160,5.427,0.151347,0.701350,0.204003,-0.666022,img_378.jpg
40327,1280,720,631.94293,353.39117,986.8637,986.74805,3.780,-0.146,5.456,0.136793,0.700376,0.190061,-0.674268,img_379.jpg
40395,1280,720,631.94293,353.39117,986.8637,986.74805,3.783,-0.129,5.482,0.118468,0.702734,0.172095,-0.680083,img_380.jpg
40462,1280,720,631.94293,353.39117,986.8637,986.74805,3.786,-0.107,5.512,0.103406,0.709453,0.149574,-0.680890,img_381.jpg
40530,1280,720,631.94293,353.39117,986.8637,986.74805,3.789,-0.084,5.543,0.086010,0.720193,0.132516,-0.675547,img_382.jpg
40601,1280,720,631.94293,353.39117,986.8637,986.74805,3.797,-0.063,5.575,0.077442,0.733933,0.118631,-0.664283,img_383.jpg
40672,1280,720,631.94293,353.39117,986.8637,986.74805,3.804,-0.042,5.606,0.071059,0.745245,0.100464,-0.655338,img_384.jpg
40740,1280,720,631.94293,353.39117,986.8637,986.74805,3.810,-0.020,5.638,0.061149,0.755186,0.084029,-0.647221,img_385.jpg
40830,1280,720,631.94293,353.39117,986.8637,986.74805,3.828,0.005,5.681,0.043877,0.774741,0.062271,-0.627673,img_386.jpg
40911,1280,720,631.94293,353.39117,986.8637,986.74805,3.837,0.021,5.718,0.028431,0.784420,0.054276,-0.617196,img_387.jpg
40996,1280,720,631.94293,353.39117,986.8637,986.74805,3.842,0.024,5.741,0.022651,0.785698,0.054630,-0.615777,img_388.jpg
41063,1280,720,631.94293,353.39117,986.8637,986.74805,3.833,0.038,5.767,0.017987,0.785776,0.050817,-0.616158,img_389.jpg
41146,1280,720,631.94293,353.39117,986.8637,986.74805,3.832,0.042,5.791,0.011499,0.785045,0.044665,-0.617719,img_390.jpg
41212,1280,720,631.94293,353.39117,986.8637,986.74805,3.824,0.043,5.796,0.007994,0.782846,0.042069,-0.620740,img_391.jpg
41295,1280,720,631.94293,353.39117,986.8637,986.74805,3.825,0.043,5.811,0.006233,0.780233,0.043348,-0.623954,img_392.jpg,marker_7.png,0.27219823,0.27219823,4.559,-0.197,5.989,-0.518317,0.492237,-0.491289,-0.491289
41357,1280,720,631.94293,353.39117,986.8637,986.74805,3.821,0.042,5.825,0.005452,0.775803,0.041631,-0.629577,img_393.jpg
41429,1280,720,631.94293,353.39117,986.8637,986.74805,3.818,0.043,5.839,0.004457,0.768904,0.041301,-0.638014,img_394.jpg
41497,1280,720,631.94293,353.39117,986.8637,986.74805,3.814,0.042,5.851,0.004983,0.762406,0.043655,-0.645606,img_395.jpg
41565,1280,720,631.94293,353.39117,986.8637,986.74805,3.811,0.040,5.860,0.007777,0.756266,0.045098,-0.652661,img_396.jpg
41629,1280,720,631.94293,353.39117,986.8637,986.74805,3.807,0.039,5.870,0.008868,0.750741,0.045123,-0.658994,img_397.jpg
41703,1280,720,631.94293,353.39117,986.8637,986.74805,3.802,0.038,5.880,0.011119,0.746075,0.046467,-0.664145,img_398.jpg
41767,1280,720,631.94293,353.39117,986.8637,986.74805,3.796,0.037,5.890,0.010934,0.742626,0.045022,-0.668102,img_399.jpg
41832,1280,720,631.94293,353.39117,986.8637,986.74805,3.790,0.037,5.901,0.010365,0.739118,0.045315,-0.671970,img_400.jpg,marker_7.png,0.27074593,0.27074593,4.563,-0.201,5.977,-0.492313,0.517752,-0.502274,-0.502274
41901,1280,720,631.94293,353.39117,986.8637,986.74805,3.779,0.037,5.916,0.009578,0.735797,0.044458,-0.675674,img_401.jpg
41979,1280,720,631.94293,353.39117,986.8637,986.74805,3.771,0.036,5.926,0.011107,0.734343,0.044545,-0.677224,img_402.jpg
42045,1280,720,631.94293,353.39117,986.8637,986.74805,3.763,0.034,5.935,0.012817,0.733066,0.045202,-0.678533,img_403.jpg
42129,1280,720,631.94293,353.39117,986.8637,986.74805,3.755,0.033,5.942,0.014361,0.732101,0.044870,-0.679565,img_404.jpg
42195,1280,720,631.94293,353.39117,986.8637,986.74805,3.748,0.031,5.950,0.016287,0.730760,0.047114,-0.680812,img_405.jpg
42259,1280,720,631.94293,353.39117,986.8637,986.74805,3.740,0.029,5.958,0.017713,0.729772,0.046654,-0.681867,img_406.jpg
42346,1280,720,631.94293,353.39117,986.8637,986.74805,3.728,0.026,5.971,0.019616,0.726996,0.047577,-0.684710,img_407.jpg
42429,1280,720,631.94293,353.39117,986.8637,986.74805,3.719,0.024,5.977,0.020178,0.725167,0.048964,-0.686534,img_408.jpg,marker_7.png,0.27012956,0.27012956,4.560,-0.199,5.978,-0.489926,0.519711,-0.500842,-0.500842
42496,1280,720,631.94293,353.39117,986.8637,986.74805,3.711,0.021,5.986,0.020727,0.721926,0.054311,-0.689525,img_409.jpg
42565,1280,720,631.94293,353.39117,986.8637,986.74805,3.703,0.016,5.995,0.022602,0.722594,0.060807,-0.688222,img_410.jpg
42630,1280,720,631.94293,353.39117,986.8637,986.74805,3.698,0.005,6.010,0.027106,0.724562,0.074750,-0.684608,img_411.jpg
42702,1280,720,631.94293,353.39117,986.8637,986.74805,3.693,-0.008,6.024,0.034410,0.731346,0.092419,-0.674839,img_412.jpg
42769,1280,720,631.94293,353.39117,986.8637,986.74805,3.691,-0.028,6.044,0.042034,0.737304,0.117168,-0.663993,img_413.jpg
42846,1280,720,631.94293,353.39117,986.8637,986.74805,3.683,-0.059,6.075,0.051743,0.756840,0.150310,-0.633974,img_414.jpg
42929,1280,720,631.94293,353.39117,986.8637,986.74805,3.680,-0.078,6.098,0.057380,0.772010,0.168429,-0.610197,img_415.jpg
42998,1280,720,631.94293,353.39117,986.8637,986.74805,3.674,-0.096,6.118,0.062670,0.789597,0.180010,-0.583271,img_416.jpg
43063,1280,720,631.94293,353.39117,986.8637,986.74805,3.670,-0.112,6.142,0.065841,0.802321,0.198228,-0.559152,img_417.jpg
43130,1280,720,631.94293,353.39117,986.8637,986.74805,3.666,-0.126,6.165,0.068425,0.816222,0.211167,-0.533393,img_418.jpg
43200,1280,720,631.94293,353.39117,986.8637,986.74805,3.660,-0.139,6.189,0.069757,0.827935,0.226196,-0.508422,img_419.jpg
43267,1280,720,631.94293,353.39117,986.8637,986.74805,3.654,-0.150,6.212,0.068703,0.839322,0.236723,-0.484542,img_420.jpg
43334,1280,720,631.94293,353.39117,986.8637,986.74805,3.648,-0.160,6.236,0.069322,0.849348,0.248541,-0.460468,img_421.jpg
43404,1280,720,631.94293,353.39117,986.8637,986.74805,3.642,-0.174,6.275,0.066039,0.863053,0.262269,-0.426606,img_422.jpg
43479,1280,720,631.94293,353.39117,986.8637,986.74805,3.637,-0.180,6.300,0.061151,0.871114,0.269098,-0.406211,img_423.jpg
43564,1280,720,631.94293,353.39117,986.8637,986.74805,3.633,-0.184,6.326,0.057352,0.879702,0.269918,-0.387272,img_424.jpg
43629,1280,720,631.94293,353.39117,986.8637,986.74805,3.634,-0.189,6.352,0.054460,0.885884,0.272349,-0.371576,img_425.jpg
43701,1280,720,631.94293,353.39117,986.8637,986.74805,3.635,-0.193,6.379,0.051729,0.891166,0.275621,-0.356625,img_426.jpg
43766,1280,720,631.94293,353.39117,986.8637,986.74805,3.637,-0.196,6.406,0.049954,0.896090,0.276813,-0.343370,img_427.jpg
43834,1280,720,631.94293,353.39117,986.8637,986.74805,3.646,-0.203,6.451,0.047670,0.903528,0.277456,-0.323084,img_428.jpg
43913,1280,720,631.94293,353.39117,986.8637,986.74805,3.651,-0.207,6.483,0.045703,0.908530,0.277971,-0.308572,img_429.jpg
43996,1280,720,631.94293,353.39117,986.8637,986.74805,3.659,-0.209,6.516,0.045292,0.915346,0.275483,-0.290172,img_430.jpg
44058,1280,720,631.94293,353.39117,986.8637,986.74805,3.666,-0.211,6.551,0.043573,0.919884,0.279612,-0.271537,img_431.jpg
44130,1280,720,631.94293,353.39117,986.8637,986.74805,3.672,-0.208,6.586,0.041423,0.925819,0.278944,-0.251660,img_432.jpg
44199,1280,720,631.94293,353.39117,986.8637,986.74805,3.678,-0.203,6.638,0.034963,0.933120,0.280073,-0.222767,img_433.jpg
44279,1280,720,631.94293,353.39117,986.8637,986.74805,3.680,-0.195,6.667,0.029486,0.940309,0.270222,-0.204766,img_434.jpg
44348,1280,720,631.94293,353.39117,986.8637,986.74805,3.679,-0.182,6.696,0.021966,0.948878,0.255957,-0.183394,img_435.jpg
44430,1280,720,631.94293,353.39117,986.8637,986.74805,3.671,-0.164,6.723,0.009977,0.957541,0.240359,-0.158879,img_436.jpg
44499,1280,720,631.94293,353.39117,986.8637,986.74805,3.658,-0.142,6.746,0.001156,0.966041,0.221479,-0.133083,img_437.jpg
44568,1280,720,631.94293,353.39117,986.8637,986.74805,3.635,-0.112,6.777,-0.007056,0.976737,0.192469,-0.094293,img_438.jpg
44647,1280,720,631.94293,353.39117,986.8637,986.74805,3.622,-0.097,6.803,-0.008324,0.982202,0.175075,-0.067514,img_439.jpg
44730,1280,720,631.94293,353.39117,986.8637,986.74805,3.607,-0.081,6.818,-0.007180,0.986607,0.157275,-0.042648,img_440.jpg
44798,1280,720,631.94293,353.39117,986.8637,986.74805,3.592,-0.067,6.827,-0.005560,0.989595,0.142360,-0.020115,img_441.jpg
44867,1280,720,631.94293,353.39117,986.8637,986.74805,3.578,-0.056,6.838,-0.004696,0.991570,0.129481,-0.001422,img_442.jpg
44933,1280,720,631.94293,353.39117,986.8637,986.74805,3.564,-0.051,6.846,-0.003782,0.992952,0.117719,0.013232,img_443.jpg
45004,1280,720,631.94293,353.39117,986.8637,986.74805,3.544,-0.043,6.864,-0.008453,0.993533,0.110698,0.023787,img_444.jpg
45080,1280,720,631.94293,353.39117,986.8637,986.74805,3.535,-0.042,6.871,-0.010591,0.994003,0.105795,0.025555,img_445.jpg
45164,1280,720,631.94293,353.39117,986.8637,986.74805,3.531,-0.041,6.878,-0.008697,0.994474,0.101639,0.024818,img_446.jpg
45231,1280,720,631.94293,353.39117,986.8637,986.74805,3.523,-0.039,6.882,-0.008530,0.994795,0.098926,0.022899,img_447.jpg
45303,1280,720,631.94293,353.39117,986.8637,986.74805,3.511,-0.038,6.888,-0.008156,0.995351,0.093430,0.021917,img_448.jpg
45383,1280,720,631.94293,353.39117,986.8637,986.74805,3.502,-0.038,6.892,-0.008310,0.995457,0.092711,0.020031,img_449.jpg
45465,1280,720,631.94293,353.39117,986.8637,986.74805,3.492,-0.038,6.894,-0.007144,0.995617,0.091260,0.019151,img_450.jpg
45532,1280,720,631.94293,353.39117,986.8637,986.74805,3.482,-0.037,6.897,-0.006924,0.995829,0.089464,0.016518,img_451.jpg
45606,1280,720,631.94293,353.39117,986.8637,986.74805,3.470,-0.037,6.902,-0.008421,0.995969,0.088774,0.009717,img_452.jpg
45681,1280,720,631.94293,353.39117,986.8637,986.74805,3.462,-0.037,6.904,-0.008693,0.996031,0.088312,0.006829,img_453.jpg
45766,1280,720,631.94293,353.39117,986.8637,986.74805,3.455,-0.036,6.908,-0.010459,0.995982,0.088866,0.003731,img_454.jpg
45832,1280,720,631.94293,353.39117,986.8637,986.74805,3.451,-0.037,6.909,-0.010994,0.996082,0.087746,0.000734,img_455.jpg,marker_8.jpg,0.27215087,0.27215087,3.453,-0.216,7.640,0.004993,0.701658,-0.712496,-0.712496
45905,1280,720,631.94293,353.39117,986.8637,986.74805,3.444,-0.037,6.910,-0.008413,0.996099,0.087813,-0.002116,img_456.jpg
45982,1280,720,631.94293,353.39117,986.8637,986.74805,3.441,-0.037,6.911,-0.007148,0.996109,0.087766,-0.003510,img_457.jpg,marker_8.jpg,0.2766024,0.2766024,3.452,-0.220,7.656,0.002989,0.710277,-0.703916,-0.703916
46066,1280,720,631.94293,353.39117,986.8637,986.74805,3.438,-0.037,6.912,-0.007468,0.996091,0.087891,-0.004631,img_458.jpg
46131,1280,720,631.94293,353.39117,986.8637,986.74805,3.437,-0.037,6.913,-0.007379,0.996109,0.087631,-0.005688,img_459.jpg
46206,1280,720,631.94293,353.39117,986.8637,986.74805,3.437,-0.038,6.914,-0.006519,0.996165,0.087053,-0.005861,img_460.jpg
46280,1280,720,631.94293,353.39117,986.8637,986.74805,3.436,-0.038,6.915,-0.006831,0.996180,0.086880,-0.005535,img_461.jpg
46366,1280,720,631.94293,353.39117,986.8637,986.74805,3.435,-0.039,6.918,-0.007797,0.996175,0.086925,-0.004307,img_462.jpg
46449,1280,720,631.94293,353.39117,986.8637,986.74805,3.434,-0.039,6.920,-0.009428,0.996079,0.087908,-0.003108,img_463.jpg
46531,1280,720,631.94293,353.39117,986.8637,986.74805,3.430,-0.040,6.922,-0.011972,0.995944,0.089164,-0.001110,img_464.jpg
46599,1280,720,631.94293,353.39117,986.8637,986.74805,3.418,-0.041,6.922,-0.017382,0.995757,0.090319,0.002973,img_465.jpg,marker_8.jpg,0.27125317,0.27125317,3.449,-0.217,7.643,0.000997,0.712743,-0.701424,-0.701424
46681,1280,720,631.94293,353.39117,986.8637,986.74805,3.404,-0.042,6.921,-0.019168,0.995694,0.090275,0.008701,img_466.jpg
46749,1280,720,631.94293,353.39117,986.8637,986.74805,3.383,-0.042,6.917,-0.020425,0.995560,0.090530,0.015721,img_467.jpg
46831,1280,720,631.94293,353.39117,986.8637,986.74805,3.359,-0.041,6.914,-0.021991,0.995446,0.090277,0.021294,img_468.jpg
46898,1280,720,631.94293,353.39117,986.8637,986.74805,3.333,-0.040,6.906,-0.022082,0.995441,0.089051,0.026058,img_469.jpg
46967,1280,720,631.94293,353.39117,986.8637,986.74805,3.306,-0.038,6.898,-0.020333,0.995594,0.086406,0.030232,img_470.jpg
47033,1280,720,631.94293,353.39117,986.8637,986.74805,3.267,-0.035,6.884,-0.018795,0.995704,0.086049,0.028560,img_471.jpg
47114,1280,720,631.94293,353.39117,986.8637,986.74805,3.245,-0.034,6.873,-0.015900,0.995990,0.083644,0.027491,img_472.jpg
47198,1280,720,631.94293,353.39117,986.8637,986.74805,3.222,-0.033,6.862,-0.014583,0.996080,0.083772,0.024376,img_473.jpg
47264,1280,720,631.94293,353.39117,986.8637,986.74805,3.199,-0.033,6.853,-0.016602,0.996177,0.083318,0.020353,img_474.jpg
47331,1280,720,631.94293,353.39117,986.8637,986.74805,3.167,-0.034,6.841,-0.014731,0.996409,0.080954,0.019978,img_475.jpg
47415,1280,720,631.94293,353.39117,986.8637,986.74805,3.147,-0.035,6.837,-0.016992,0.996139,0.084304,0.017617,img_476.jpg
47498,1280,720,631.94293,353.39117,986.8637,986.74805,3.127,-0.035,6.835,-0.018977,0.995989,0.086355,0.013771,img_477.jpg,marker_8.jpg,0.27871794,0.27871794,3.450,-0.220,7.654,0.012116,0.711989,-0.702057,-0.702057
47563,1280,720,631.94293,353.39117,986.8637,986.74805,3.108,-0.036,6.834,-0.020508,0.996025,0.086136,0.009742,img_478.jpg
47629,1280,720,631.94293,353.39117,986.8637,986.74805,3.088,-0.038,6.834,-0.026920,0.995700,0.088644,0.000045,img_479.jpg
47702,1280,720,631.94293,353.39117,986.8637,986.74805,3.057,-0.043,6.836,-0.030150,0.995802,0.085582,-0.012043,img_480.jpg
47780,1280,720,631.94293,353.39117,986.8637,986.74805,3.035,-0.048,6.839,-0.027948,0.996177,0.081103,-0.016498,img_481.jpg
47849,1280,720,631.94293,353.39117,986.8637,986.74805,3.008,-0.053,6.847,-0.027285,0.996224,0.080171,-0.019110,img_482.jpg
47931,1280,720,631.94293,353.39117,986.8637,986.74805,2.978,-0.059,6.857,-0.021060,0.996266,0.081768,-0.018034,img_483.jpg
48000,1280,720,631.94293,353.39117,986.8637,986.74805,2.944,-0.063,6.869,-0.014387,0.995917,0.087441,-0.017200,img_484.jpg
48065,1280,720,631.94293,353.39117,986.8637,986.74805,2.908,-0.066,6.884,-0.015491,0.994795,0.099876,-0.012954,img_485.jpg
48131,1280,720,631.94293,353.39117,986.8637,986.74805,2.854,-0.067,6.902,-0.017673,0.993721,0.110342,0.005654,img_486.jpg
48214,1280,720,631.94293,353.39117,986.8637,986.74805,2.819,-0.070,6.912,-0.016843,0.992906,0.115758,0.021297,img_487.jpg
48298,1280,720,631.94293,353.39117,986.8637,986.74805,2.786,-0.072,6.923,-0.020293,0.991431,0.124001,0.035720,img_488.jpg
48360,1280,720,631.94293,353.39117,986.8637,986.74805,2.754,-0.073,6.930,-0.023475,0.990272,0.128385,0.048255,img_489.jpg
48449,1280,720,631.94293,353.39117,986.8637,986.74805,2.708,-0.070,6.933,-0.031662,0.989538,0.126823,0.061056,img_490.jpg
48531,1280,720,631.94293,353.39117,986.8637,986.74805,2.675,-0.068,6.931,-0.033701,0.989638,0.122224,0.067394,img_491.jpg
48600,1280,720,631.94293,353.39117,986.8637,986.74805,2.640,-0.066,6.928,-0.034519,0.990128,0.115992,0.070722,img_492.jpg
48664,1280,720,631.94293,353.39117,986.8637,986.74805,2.604,-0.065,6.921,-0.034619,0.990839,0.109074,0.071709,img_493.jpg
48730,1280,720,631.94293,353.39117,986.8637,986.74805,2.565,-0.064,6.911,-0.033370,0.991566,0.102197,0.072379,img_494.jpg
48800,1280,720,631.94293,353.39117,986.8637,986.74805,2.520,-0.064,6.900,-0.034083,0.991767,0.098626,0.074224,img_495.jpg
48867,1280,720,631.94293,353.39117,986.8637,986.74805,2.449,-0.058,6.878,-0.032386,0.992451,0.088377,0.078630,img_496.jpg
48949,1280,720,631.94293,353.39117,986.8637,986.74805,2.396,-0.052,6.864,-0.031199,0.992448,0.084026,0.083745,img_497.jpg
49030,1280,720,631.94293,353.39117,986.8637,986.74805,2.350,-0.046,6.849,-0.025346,0.992059,0.083210,0.090842,img_498.jpg
49095,1280,720,631.94293,353.39117,986.8637,986.74805,2.309,-0.039,6.832,-0.015832,0.992372,0.077333,0.094690,img_499.jpg
49162,1280,720,631.94293,353.39117,986.8637,986.74805,2.272,-0.034,6.817,-0.009620,0.992327,0.074841,0.097949,img_500.jpg
49229,1280,720,631.94293,353.39117,986.8637,986.74805,2.240,-0.027,6.804,-0.010942,0.992273,0.072209,0.100305,img_501.jpg
49301,1280,720,631.94293,353.39117,986.8637,986.74805,2.199,-0.022,6.791,-0.014942,0.992777,0.064192,0.100252,img_502.jpg
49381,1280,720,631.94293,353.39117,986.8637,986.74805,2.174,-0.022,6.785,-0.015711,0.992806,0.061636,0.101439,img_503.jpg
49448,1280,720,631.94293,353.39117,986.8637,986.74805,2.148,-0.025,6.788,-0.017757,0.992985,0.060555,0.099989,img_504.jpg
49534,1280,720,631.94293,353.39117,986.8637,986.74805,2.116,-0.029,6.791,-0.023976,0.993074,0.064125,0.095480,img_505.jpg
49616,1280,720,631.94293,353.39117,986.8637,986.74805,2.096,-0.032,6.795,-0.023030,0.993147,0.065182,0.094232,img_506.jpg,marker_9.jpg,0.27473074,0.27473074,1.902,-0.201,7.566,0.000669,0.714900,-0.699210,-0.699210
49684,1280,720,631.94293,353.39117,986.8637,986.74805,2.076,-0.037,6.802,-0.020581,0.993251,0.068268,0.091476,img_507.jpg
49755,1280,720,631.94293,353.39117,986.8637,986.74805,2.058,-0.040,6.811,-0.017424,0.993748,0.067742,0.087023,img_508.jpg
49833,1280,720,631.94293,353.39117,986.8637,986.74805,2.033,-0.044,6.827,-0.009048,0.994695,0.067191,0.077366,img_509.jpg
49917,1280,720,631.94293,353.39117,986.8637,986.74805,2.014,-0.044,6.835,-0.004500,0.995751,0.064075,0.065980,img_510.jpg
49990,1280,720,631.94293,353.39117,986.8637,986.74805,1.997,-0.044,6.844,-0.006547,0.996174,0.067897,0.054624,img_511.jpg
50062,1280,720,631.94293,353.39117,986.8637,986.74805,1.981,-0.043,6.853,-0.006253,0.996451,0.068609,0.048367,img_512.jpg
50150,1280,720,631.94293,353.39117,986.8637,986.74805,1.958,-0.037,6.861,-0.005349,0.997041,0.064750,0.041075,img_513.jpg,marker_9.jpg,0.27134013,0.27134013,1.906,-0.199,7.562,0.018212,0.710065,-0.703852,-0.703852
50233,1280,720,631.94293,353.39117,986.8637,986.74805,1.936,-0.033,6.866,-0.010550,0.997368,0.064942,0.030473,img_514.jpg
50316,1280,720,631.94293,353.39117,986.8637,986.74805,1.921,-0.031,6.870,-0.012802,0.997262,0.069055,0.023153,img_515.jpg
50385,1280,720,631.94293,353.39117,986.8637,986.74805,1.907,-0.030,6.870,-0.013095,0.997376,0.069483,0.015535,img_516.jpg
50467,1280,720,631.94293,353.39117,986.8637,986.74805,1.891,-0.028,6.868,-0.016156,0.997564,0.067577,0.006164,img_517.jpg
50534,1280,720,631.94293,353.39117,986.8637,986.74805,1.861,-0.029,6.863,-0.020587,0.997564,0.066218,-0.007545,img_518.jpg
50615,1280,720,631.94293,353.39117,986.8637,986.74805,1.839,-0.030,6.857,-0.022053,0.997448,0.065839,-0.016650,img_519.jpg
50684,1280,720,631.94293,353.39117,986.8637,986.74805,1.813,-0.031,6.848,-0.023188,0.997232,0.066342,-0.024279,img_520.jpg
50754,1280,720,631.94293,353.39117,986.8637,986.74805,1.783,-0.030,6.837,-0.020275,0.997448,0.061988,-0.029049,img_521.jpg
50833,1280,720,631.94293,353.39117,986.8637,986.74805,1.735,-0.028,6.821,-0.019177,0.997632,0.059820,-0.028010,img_522.jpg,marker_9.jpg,0.27014324,0.27014324,1.905,-0.198,7.562,0.018255,0.713857,-0.699950,-0.699950
50916,1280,720,631.94293,353.39117,986.8637,986.74805,1.706,-0.027,6.809,-0.013358,0.998129,0.056853,-0.018115,img_523.jpg
50981,1280,720,631.94293,353.39117,986.8637,986.74805,1.675,-0.026,6.799,-0.011983,0.998034,0.058833,-0.017969,img_524.jpg
51051,1280,720,631.94293,353.39117,986.8637,986.74805,1.648,-0.025,6.790,-0.009230,0.997851,0.062391,-0.017767,img_525.jpg
51118,1280,720,631.94293,353.39117,986.8637,986.74805,1.625,-0.025,6.782,-0.008715,0.997620,0.065322,-0.020293,img_526.jpg
51189,1280,720,631.94293,353.39117,986.8637,986.74805,1.603,-0.026,6.773,-0.009518,0.997444,0.066502,-0.024322,img_527.jpg
51257,1280,720,631.94293,353.39117,986.8637,986.74805,1.581,-0.027,6.762,-0.011746,0.997291,0.067123,-0.027682,img_528.jpg
51326,1280,720,631.94293,353.39117,986.8637,986.74805,1.560,-0.028,6.752,-0.012961,0.997262,0.066457,-0.029722,img_529.jpg
51395,1280,720,631.94293,353.39117,986.8637,986.74805,1.527,-0.030,6.740,-0.015810,0.997145,0.067997,-0.028797,img_530.jpg
51465,1280,720,631.94293,353.39117,986.8637,986.74805,1.503,-0.032,6.735,-0.018695,0.997038,0.070241,-0.025149,img_531.jpg
51550,1280,720,631.94293,353.39117,986.8637,986.74805,1.478,-0.034,6.731,-0.019978,0.997044,0.071977,-0.018012,img_532.jpg
51618,1280,720,631.94293,353.39117,986.8637,986.74805,1.450,-0.037,6.729,-0.022007,0.996751,0.076683,-0.011110,img_533.jpg
51688,1280,720,631.94293,353.39117,986.8637,986.74805,1.422,-0.043,6.726,-0.019579,0.996605,0.079974,-0.000200,img_534.jpg
51755,1280,720,631.94293,353.39117,986.8637,986.74805,1.391,-0.049,6.724,-0.018769,0.996285,0.083908,0.004867,img_535.jpg
51821,1280,720,631.94293,353.39117,986.8637,986.74805,1.357,-0.056,6.722,-0.016920,0.996092,0.085580,0.013812,img_536.jpg
51894,1280,720,631.94293,353.39117,986.8637,986.74805,1.318,-0.063,6.722,-0.016152,0.995596,0.088868,0.025091,img_537.jpg
51958,1280,720,631.94293,353.39117,986.8637,986.74805,1.277,-0.070,6.723,-0.012944,0.994970,0.091942,0.037613,img_538.jpg
52025,1280,720,631.94293,353.39117,986.8637,986.74805,1.234,-0.074,6.723,-0.006891,0.994215,0.095396,0.048878,img_539.jpg
52093,1280,720,631.94293,353.39117,986.8637,986.74805,1.190,-0.076,6.725,-0.002787,0.993451,0.100424,0.054430,img_540.jpg
52166,1280,720,631.94293,353.39117,986.8637,986.74805,1.123,-0.075,6.732,-0.003781,0.991270,0.115319,0.063800,img_541.jpg
52231,1280,720,631.94293,353.39117,986.8637,986.74805,1.081,-0.072,6.732,0.000743,0.990633,0.114022,0.075127,img_542.jpg
52315,1280,720,631.94293,353.39117,986.8637,986.74805,1.040,-0.067,6.732,-0.005509,0.990054,0.112910,0.083746,img_543.jpg
52380,1280,720,631.94293,353.39117,986.8637,986.74805,1.002,-0.062,6.732,-0.009706,0.989884,0.110054,0.089014,img_544.jpg
52443,1280,720,631.94293,353.39117,986.8637,986.74805,0.967,-0.058,6.733,-0.012712,0.989864,0.108056,0.091277,img_545.jpg
52515,1280,720,631.94293,353.39117,986.8637,986.74805,0.934,-0.056,6.732,-0.013348,0.990472,0.103096,0.090322,img_546.jpg
52582,1280,720,631.94293,353.39117,986.8637,986.74805,0.898,-0.055,6.730,-0.018761,0.990983,0.100097,0.087072,img_547.jpg
52642,1280,720,631.94293,353.39117,986.8637,986.74805,0.861,-0.055,6.728,-0.022207,0.991793,0.096286,0.081136,img_548.jpg
52715,1280,720,631.94293,353.39117,986.8637,986.74805,0.824,-0.056,6.725,-0.022263,0.992298,0.095626,0.075529,img_549.jpg
52782,1280,720,631.94293,353.39117,986.8637,986.74805,0.787,-0.056,6.718,-0.019552,0.993463,0.090269,0.067085,img_550.jpg
52849,1280,720,631.94293,353.39117,986.8637,986.74805,0.748,-0.055,6.709,-0.016243,0.994278,0.087365,0.059283,img_551.jpg
52932,1280,720,631.94293,353.39117,986.8637,986.74805,0.685,-0.049,6.698,-0.015519,0.994539,0.087358,0.054961,img_552.jpg
53015,1280,720,631.94293,353.39117,986.8637,986.74805,0.643,-0.041,6.689,-0.016491,0.994558,0.085671,0.056956,img_553.jpg
53082,1280,720,631.94293,353.39117,986.8637,986.74805,0.602,-0.035,6.679,-0.011573,0.994527,0.082674,0.062819,img_554.jpg
53148,1280,720,631.94293,353.39117,986.8637,986.74805,0.564,-0.029,6.670,-0.008631,0.994293,0.081374,0.068446,img_555.jpg
53218,1280,720,631.94293,353.39117,986.8637,986.74805,0.528,-0.023,6.660,-0.005480,0.994241,0.075186,0.076169,img_556.jpg
53300,1280,720,631.94293,353.39117,986.8637,986.74805,0.481,-0.011,6.652,-0.011585,0.993600,0.070539,0.087463,img_557.jpg
53366,1280,720,631.94293,353.39117,986.8637,986.74805,0.451,-0.007,6.647,-0.016506,0.993571,0.065054,0.091171,img_558.jpg
53451,1280,720,631.94293,353.39117,986.8637,986.74805,0.418,-0.006,6.653,-0.016585,0.993532,0.059726,0.095146,img_559.jpg
53516,1280,720,631.94293,353.39117,986.8637,986.74805,0.384,-0.012,6.673,-0.019474,0.993282,0.059307,0.097436,img_560.jpg
53601,1280,720,631.94293,353.39117,986.8637,986.74805,0.349,-0.015,6.685,-0.021151,0.993211,0.059490,0.097699,img_561.jpg
53682,1280,720,631.94293,353.39117,986.8637,986.74805,0.327,-0.019,6.692,-0.020217,0.993326,0.060035,0.096385,img_562.jpg
53748,1280,720,631.94293,353.39117,986.8637,986.74805,0.308,-0.023,6.703,-0.017425,0.993619,0.059559,0.094183,img_563.jpg,marker_10.jpg,0.27775827,0.27775827,0.121,-0.192,7.468,-0.005167,0.715918,-0.698130,-0.698130
53835,1280,720,631.94293,353.39117,986.8637,986.74805,0.280,-0.025,6.721,-0.011413,0.994227,0.059834,0.088334,img_564.jpg
53917,1280,720,631.94293,353.39117,986.8637,986.74805,0.265,-0.025,6.734,-0.008903,0.994625,0.062033,0.082418,img_565.jpg
53985,1280,720,631.94293,353.39117,986.8637,986.74805,0.250,-0.025,6.746,-0.007933,0.994784,0.064617,0.078529,img_566.jpg
54053,1280,720,631.94293,353.39117,986.8637,986.74805,0.236,-0.025,6.751,-0.007697,0.995188,0.064118,0.073698,img_567.jpg
54133,1280,720,631.94293,353.39117,986.8637,986.74805,0.224,-0.025,6.760,-0.013615,0.995485,0.066819,0.066029,img_568.jpg
54202,1280,720,631.94293,353.39117,986.8637,986.74805,0.209,-0.027,6.770,-0.015313,0.995600,0.070081,0.060294,img_569.jpg
54282,1280,720,631.94293,353.39117,986.8637,986.74805,0.197,-0.028,6.773,-0.017086,0.995824,0.069489,0.056695,img_570.jpg
54350,1280,720,631.94293,353.39117,986.8637,986.74805,0.184,-0.028,6.776,-0.020179,0.995757,0.071372,0.054468,img_571.jpg,marker_10.jpg,0.27167875,0.27167875,0.126,-0.188,7.458,0.014304,0.710866,-0.702881,-0.702881
54434,1280,720,631.94293,353.39117,986.8637,986.74805,0.157,-0.030,6.779,-0.021856,0.995477,0.070756,0.059510,img_572.jpg
54517,1280,720,631.94293,353.39117,986.8637,986.74805,0.139,-0.030,6.777,-0.023483,0.994871,0.071723,0.067354,img_573.jpg
54601,1280,720,631.94293,353.39117,986.8637,986.74805,0.111,-0.031,6.770,-0.019285,0.993986,0.070560,0.081499,img_574.jpg
54683,1280,720,631.94293,353.39117,986.8637,986.74805,0.089,-0.031,6.764,-0.016058,0.993174,0.070281,0.091695,img_575.jpg
54755,1280,720,631.94293,353.39117,986.8637,986.74805,0.069,-0.028,6.750,-0.013856,0.992408,0.070441,0.099863,img_576.jpg
54826,1280,720,631.94293,353.39117,986.8637,986.74805,0.037,-0.026,6.735,-0.012906,0.991962,0.070207,0.104483,img_577.jpg
54899,1280,720,631.94293,353.39117,986.8637,986.74805,0.018,-0.025,6.724,-0.011098,0.991850,0.070458,0.105573,img_578.jpg
54987,1280,720,631.94293,353.39117,986.8637,986.74805,0.003,-0.024,6.713,-0.008560,0.991878,0.070665,0.105409,img_579.jpg
55053,1280,720,631.94293,353.39117,986.8637,986.74805,-0.015,-0.023,6.702,-0.009058,0.992017,0.071493,0.103487,img_580.jpg
55121,1280,720,631.94293,353.39117,986.8637,986.74805,-0.031,-0.023,6.691,-0.009238,0.992062,0.073196,0.101835,img_581.jpg
55193,1280,720,631.94293,353.39117,986.8637,986.74805,-0.052,-0.023,6.673,-0.006961,0.992520,0.073688,0.097090,img_582.jpg
55267,1280,720,631.94293,353.39117,986.8637,986.74805,-0.067,-0.023,6.661,-0.007487,0.992679,0.074334,0.094901,img_583.jpg
55352,1280,720,631.94293,353.39117,986.8637,986.74805,-0.083,-0.026,6.652,-0.010092,0.992220,0.078093,0.096436,img_584.jpg,marker_10.jpg,0.28126195,0.28126195,0.126,-0.189,7.461,0.042478,0.703681,-0.707871,-0.707871
55418,1280,720,631.94293,353.39117,986.8637,986.74805,-0.104,-0.030,6.642,-0.014311,0.990947,0.083300,0.104311,img_585.jpg
55491,1280,720,631.94293,353.39117,986.8637,986.74805,-0.142,-0.044,6.629,-0.026588,0.985850,0.095070,0.135481,img_586.jpg
55567,1280,720,631.94293,353.39117,986.8637,986.74805,-0.175,-0.058,6.622,-0.034781,0.978624,0.105754,0.172918,img_587.jpg
55653,1280,720,631.94293,353.39117,986.8637,986.74805,-0.210,-0.072,6.615,-0.041974,0.968565,0.119689,0.213997,img_588.jpg
55716,1280,720,631.94293,353.39117,986.8637,986.74805,-0.248,-0.084,6.608,-0.051526,0.956350,0.131453,0.255852,img_589.jpg
55785,1280,720,631.94293,353.39117,986.8637,986.74805,-0.284,-0.094,6.600,-0.064053,0.943396,0.140274,0.293639,img_590.jpg
55848,1280,720,631.94293,353.39117,986.8637,986.74805,-0.315,-0.100,6.593,-0.064900,0.929922,0.141996,0.332973,img_591.jpg
55933,1280,720,631.94293,353.39117,986.8637,986.74805,-0.352,-0.102,6.584,0.066309,-0.912906,-0.141854,-0.376939,img_592.jpg
56016,1280,720,631.94293,353.39117,986.8637,986.74805,-0.374,-0.102,6.581,0.064545,-0.901683,-0.139586,-0.404125,img_593.jpg
56100,1280,720,631.94293,353.39117,986.8637,986.74805,-0.407,-0.097,6.578,0.062487,-0.883276,-0.131589,-0.445650,img_594.jpg
56167,1280,720,631.94293,353.39117,986.8637,986.74805,-0.428,-0.091,6.576,0.063686,-0.870056,-0.126451,-0.472184,img_595.jpg
56251,1280,720,631.94293,353.39117,986.8637,986.74805,-0.448,-0.084,6.573,0.058281,-0.857280,-0.118375,-0.497656,img_596.jpg
56318,1280,720,631.94293,353.39117,986.8637,986.74805,-0.466,-0.073,6.572,0.052669,-0.843234,-0.108552,-0.523832,img_597.jpg
56385,1280,720,631.94293,353.39117,986.8637,986.74805,-0.482,-0.062,6.569,0.049011,-0.828678,-0.098068,-0.548884,img_598.jpg
56448,1280,720,631.94293,353.39117,986.8637,986.74805,-0.495,-0.051,6.562,0.041496,-0.810388,-0.085310,-0.578162,img_599.jpg
56533,1280,720,631.94293,353.39117,986.8637,986.74805,-0.512,-0.035,6.557,0.035884,-0.783795,-0.070480,-0.615963,img_600.jpg
56617,1280,720,631.94293,353.39117,986.8637,986.74805,-0.523,-0.026,6.551,0.031805,-0.767472,-0.065971,-0.636886,img_601.jpg
56701,1280,720,631.94293,353.39117,986.8637,986.74805,-0.553,-0.026,6.553,0.027425,-0.754902,-0.060895,-0.652428,img_602.jpg
56766,1280,720,631.94293,353.39117,986.8637,986.74805,-0.568,-0.020,6.549,0.022085,-0.738921,-0.056803,-0.671031,img_603.jpg
56851,1280,720,631.94293,353.39117,986.8637,986.74805,-0.582,-0.027,6.555,0.021113,-0.731620,-0.053873,-0.679253,img_604.jpg
56919,1280,720,631.94293,353.39117,986.8637,986.74805,-0.593,-0.027,6.541,0.024532,-0.726639,-0.053263,-0.684512,img_605.jpg
56999,1280,720,631.94293,353.39117,986.8637,986.74805,-0.604,-0.029,6.543,0.027118,-0.723406,-0.054102,-0.687766,img_606.jpg
57084,1280,720,631.94293,353.39117,986.8637,986.74805,-0.611,-0.032,6.541,0.027588,-0.722008,-0.055289,-0.689120,img_607.jpg
57151,1280,720,631.94293,353.39117,986.8637,986.74805,-0.617,-0.033,6.540,0.029739,-0.720344,-0.055883,-0.690723,img_608.jpg
57235,1280,720,631.94293,353.39117,986.8637,986.74805,-0.628,-0.035,6.545,0.035371,-0.719878,-0.056097,-0.690925,img_609.jpg
57318,1280,720,631.94293,353.39117,986.8637,986.74805,-0.632,-0.035,6.545,0.038470,-0.718827,-0.056170,-0.691848,img_610.jpg
57388,1280,720,631.94293,353.39117,986.8637,986.74805,-0.635,-0.035,6.545,0.041734,-0.716794,-0.055997,-0.693779,img_611.jpg
57457,1280,720,631.94293,353.39117,986.8637,986.74805,-0.639,-0.035,6.545,0.045108,-0.714666,-0.056104,-0.695752,img_612.jpg
57523,1280,720,631.94293,353.39117,986.8637,986.74805,-0.642,-0.035,6.544,0.048742,-0.712498,-0.056278,-0.697713,img_613.jpg
57594,1280,720,631.94293,353.39117,986.8637,986.74805,-0.649,-0.036,6.543,0.052143,-0.707919,-0.056023,-0.702135,img_614.jpg
57667,1280,720,631.94293,353.39117,986.8637,986.74805,-0.652,-0.038,6.538,0.054006,-0.701463,-0.055128,-0.708516,img_615.jpg
57752,1280,720,631.94293,353.39117,986.8637,986.74805,-0.655,-0.038,6.528,0.057964,-0.692594,-0.055176,-0.716875,img_616.jpg
57819,1280,720,631.94293,353.39117,986.8637,986.74805,-0.655,-0.039,6.515,0.061643,-0.683540,-0.055718,-0.725168,img_617.jpg
57892,1280,720,631.94293,353.39117,986.8637,986.74805,-0.655,-0.040,6.504,0.059931,-0.672718,-0.057875,-0.735193,img_618.jpg
57967,1280,720,631.94293,353.39117,986.8637,986.74805,-0.655,-0.039,6.477,0.058955,-0.657009,-0.057898,-0.749340,img_619.jpg
58052,1280,720,631.94293,353.39117,986.8637,986.74805,-0.656,-0.038,6.457,0.061594,-0.648538,-0.055719,-0.756637,img_620.jpg
58117,1280,720,631.94293,353.39117,986.8637,986.74805,-0.656,-0.037,6.435,0.061186,-0.640976,-0.053460,-0.763249,img_621.jpg
58195,1280,720,631.94293,353.39117,986.8637,986.74805,-0.657,-0.036,6.404,0.060995,-0.634814,-0.053125,-0.768420,img_622.jpg
58267,1280,720,631.94293,353.39117,986.8637,986.74805,-0.657,-0.035,6.383,0.059958,-0.635551,-0.052222,-0.767954,img_623.jpg
58335,1280,720,631.94293,353.39117,986.8637,986.74805,-0.656,-0.034,6.363,0.054134,-0.635544,-0.051403,-0.768447,img_624.jpg
58418,1280,720,631.94293,353.39117,986.8637,986.74805,-0.660,-0.034,6.339,0.060370,-0.637891,-0.051343,-0.766039,img_625.jpg
58488,1280,720,631.94293,353.39117,986.8637,986.74805,-0.665,-0.036,6.314,0.066183,-0.641605,-0.051520,-0.762436,img_626.jpg
58570,1280,720,631.94293,353.39117,986.8637,986.74805,-0.672,-0.040,6.280,0.067827,-0.657875,-0.051406,-0.748303,img_627.jpg
58653,1280,720,631.94293,353.39117,986.8637,986.74805,-0.679,-0.042,6.260,0.069717,-0.666801,-0.055071,-0.739921,img_628.jpg,marker_11.jpg,0.26791075,0.26791075,-1.261,-0.203,6.219,-0.506362,-0.490122,0.494817,0.494817
58722,1280,720,631.94293,353.39117,986.8637,986.74805,-0.685,-0.042,6.240,0.071095,-0.673893,-0.052301,-0.733538,img_629.jpg
58797,1280,720,631.94293,353.39117,986.8637,986.74805,-0.691,-0.041,6.215,0.070562,-0.687037,-0.052206,-0.721301,img_630.jpg
58867,1280,720,631.94293,353.39117,986.8637,986.74805,-0.693,-0.040,6.201,0.070238,-0.691966,-0.053331,-0.716523,img_631.jpg
58936,1280,720,631.94293,353.39117,986.8637,986.74805,-0.692,-0.039,6.188,0.070034,-0.696707,-0.056927,-0.711655,img_632.jpg
59018,1280,720,631.94293,353.39117,986.8637,986.74805,-0.686,-0.041,6.175,0.066088,-0.700305,-0.059556,-0.708279,img_633.jpg
59089,1280,720,631.94293,353.39117,986.8637,986.74805,-0.677,-0.042,6.162,0.060990,-0.703127,-0.059273,-0.705960,img_634.jpg,marker_11.jpg,0.26574695,0.26574695,-1.267,-0.204,6.216,-0.511912,-0.486750,0.485881,0.485881
59159,1280,720,631.94293,353.39117,986.8637,986.74805,-0.659,-0.046,6.140,0.060473,-0.708976,-0.060390,-0.700035,img_635.jpg
59235,1280,720,631.94293,353.39117,986.8637,986.74805,-0.643,-0.047,6.123,0.058678,-0.713159,-0.059594,-0.695996,img_636.jpg
59318,1280,720,631.94293,353.39117,986.8637,986.74805,-0.624,-0.048,6.103,0.057957,-0.719217,-0.060077,-0.689753,img_637.jpg
59390,1280,720,631.94293,353.39117,986.8637,986.74805,-0.600,-0.047,6.083,0.056287,-0.726007,-0.060535,-0.682701,img_638.jpg
59458,1280,720,631.94293,353.39117,986.8637,986.74805,-0.557,-0.044,6.049,0.050719,-0.738088,-0.059984,-0.670116,img_639.jpg
59537,1280,720,631.94293,353.39117,986.8637,986.74805,-0.528,-0.042,6.025,0.050227,-0.744373,-0.063455,-0.662842,img_640.jpg
59620,1280,720,631.94293,353.39117,986.8637,986.74805,-0.499,-0.040,5.998,0.047952,-0.748341,-0.069926,-0.657873,img_641.jpg
59691,1280,720,631.94293,353.39117,986.8637,986.74805,-0.461,-0.039,5.951,0.048515,-0.753200,-0.074017,-0.651811,img_642.jpg,marker_11.jpg,0.26692393,0.26692393,-1.270,-0.202,6.212,-0.515499,-0.481161,0.484497,0.484497
59768,1280,720,631.94293,353.39117,986.8637,986.74805,-0.442,-0.037,5.916,0.048241,-0.753682,-0.077758,-0.650838,img_643.jpg
59838,1280,720,631.94293,353.39117,986.8637,986.74805,-0.427,-0.035,5.879,0.050894,-0.753353,-0.078724,-0.650901,img_644.jpg
59918,1280,720,631.94293,353.39117,986.8637,986.74805,-0.412,-0.033,5.837,0.053525,-0.753970,-0.076935,-0.650188,img_645.jpg
59989,1280,720,631.94293,353.39117,986.8637,986.74805,-0.396,-0.035,5.790,0.056374,-0.755206,-0.077212,-0.648479,img_646.jpg
60058,1280,720,631.94293,353.39117,986.8637,986.74805,-0.378,-0.038,5.720,0.057055,-0.759846,-0.075976,-0.643122,img_647.jpg
60138,1280,720,631.94293,353.39117,986.8637,986.74805,-0.367,-0.039,5.672,0.057562,-0.761540,-0.078940,-0.640712,img_648.jpg
60219,1280,720,631.94293,353.39117,986.8637,986.74805,-0.356,-0.039,5.624,0.055501,-0.761631,-0.085414,-0.639955,img_649.jpg
60287,1280,720,631.94293,353.39117,986.8637,986.74805,-0.339,-0.039,5.548,0.053399,-0.757485,-0.095668,-0.643594,img_650.jpg
60367,1280,720,631.94293,353.39117,986.8637,986.74805,-0.328,-0.039,5.501,0.051632,-0.752716,-0.104086,-0.648011,img_651.jpg
60438,1280,720,631.94293,353.39117,986.8637,986.74805,-0.312,-0.037,5.453,0.048672,-0.750120,-0.106908,-0.650786,img_652.jpg
60519,1280,720,631.94293,353.39117,986.8637,986.74805,-0.294,-0.036,5.406,0.044888,-0.746094,-0.104903,-0.655991,img_653.jpg
60593,1280,720,631.94293,353.39117,986.8637,986.74805,-0.266,-0.035,5.328,0.052295,-0.736813,-0.099692,-0.666658,img_654.jpg
60686,1280,720,631.94293,353.39117,986.8637,986.74805,-0.246,-0.035,5.275,0.054593,-0.730855,-0.096021,-0.673536,img_655.jpg
60757,1280,720,631.94293,353.39117,986.8637,986.74805,-0.210,-0.040,5.198,0.050749,-0.720660,-0.095431,-0.684812,img_656.jpg
60837,1280,720,631.94293,353.39117,986.8637,986.74805,-0.183,-0.044,5.148,0.048071,-0.714737,-0.094965,-0.691246,img_657.jpg
60919,1280,720,631.94293,353.39117,986.8637,986.74805,-0.156,-0.047,5.098,0.049880,-0.708938,-0.099638,-0.696413,img_658.jpg
61000,1280,720,631.94293,353.39117,986.8637,986.74805,-0.113,-0.046,5.026,0.047576,-0.702284,-0.110247,-0.701698,img_659.jpg
61087,1280,720,631.94293,353.39117,986.8637,986.74805,-0.087,-0.042,4.979,0.041839,-0.695207,-0.115722,-0.708199,img_660.jpg
61155,1280,720,631.94293,353.39117,986.8637,986.74805,-0.054,-0.033,4.905,0.044881,-0.683811,-0.116680,-0.718870,img_661.jpg
61237,1280,720,631.94293,353.39117,986.8637,986.74805,-0.033,-0.023,4.855,0.043608,-0.677661,-0.108818,-0.725970,img_662.jpg
61317,1280,720,631.94293,353.39117,986.8637,986.74805,-0.018,-0.013,4.806,0.047277,-0.672101,-0.099716,-0.732190,img_663.jpg
61403,1280,720,631.94293,353.39117,986.8637,986.74805,-0.003,-0.003,4.732,0.050355,-0.665065,-0.088526,-0.739808,img_664.jpg
61486,1280,720,631.94293,353.39117,986.8637,986.74805,0.001,0.001,4.681,0.050120,-0.662433,-0.079426,-0.743211,img_665.jpg
61553,1280,720,631.94293,353.39117,986.8637,986.74805,0.008,0.006,4.630,0.047994,-0.658227,-0.074620,-0.747573,img_666.jpg
61623,1280,720,631.94293,353.39117,986.8637,986.74805,0.010,0.014,4.560,0.040649,-0.652762,-0.069871,-0.753238,img_667.jpg
61702,1280,720,631.94293,353.39117,986.8637,986.74805,0.022,0.021,4.516,0.037079,-0.652625,-0.067577,-0.753750,img_668.jpg
61786,1280,720,631.94293,353.39117,986.8637,986.74805,0.040,0.024,4.473,0.035438,-0.648413,-0.075015,-0.756755,img_669.jpg
61851,1280,720,631.94293,353.39117,986.8637,986.74805,0.053,0.028,4.443,0.031892,-0.656304,-0.076078,-0.749973,img_670.jpg
61938,1280,720,631.94293,353.39117,986.8637,986.74805,0.067,0.033,4.433,0.023216,-0.664243,-0.073192,-0.743562,img_671.jpg
62003,1280,720,631.94293,353.39117,986.8637,986.74805,0.076,0.037,4.428,0.021525,-0.670467,-0.066432,-0.738646,img_672.jpg
62086,1280,720,631.94293,353.39117,986.8637,986.74805,0.087,0.041,4.413,0.022993,-0.673747,-0.060578,-0.736116,img_673.jpg
62148,1280,720,631.94293,353.39117,986.8637,986.74805,0.100,0.044,4.403,0.021476,-0.675209,-0.053828,-0.735346,img_674.jpg
62220,1280,720,631.94293,353.39117,986.8637,986.74805,0.110,0.046,4.399,0.022775,-0.675851,-0.050862,-0.734928,img_675.jpg
62296,1280,720,631.94293,353.39117,986.8637,986.74805,0.126,0.049,4.394,0.026858,-0.679094,-0.046164,-0.732106,img_676.jpg,marker_12.jpg,0.26901716,0.26901716,-0.649,-0.178,4.335,-0.530090,-0.493654,0.462521,0.462521
62387,1280,720,631.94293,353.39117,986.8637,986.74805,0.133,0.050,4.394,0.028641,-0.680227,-0.047972,-0.730869,img_677.jpg
62458,1280,720,631.94293,353.39117,986.8637,986.74805,0.141,0.051,4.394,0.025955,-0.683714,-0.046299,-0.727817,img_678.jpg
62540,1280,720,631.94293,353.39117,986.8637,986.74805,0.150,0.050,4.394,0.028410,-0.683088,-0.048489,-0.728171,img_679.jpg
62638,1280,720,631.94293,353.39117,986.8637,986.74805,0.156,0.049,4.390,0.032220,-0.680337,-0.047681,-0.730637,img_680.jpg
62720,1280,720,631.94293,353.39117,986.8637,986.74805,0.159,0.048,4.389,0.032178,-0.678786,-0.049650,-0.731949,img_681.jpg
62798,1280,720,631.94293,353.39117,986.8637,986.74805,0.163,0.047,4.388,0.031349,-0.677239,-0.051584,-0.733283,img_682.jpg,marker_12.jpg,0.27511895,0.27511895,-0.664,-0.183,4.337,-0.540583,-0.482554,0.461410,0.461410
62887,1280,720,631.94293,353.39117,986.8637,986.74805,0.165,0.047,4.388,0.030280,-0.676929,-0.051163,-0.733643,img_683.jpg
62968,1280,720,631.94293,353.39117,986.8637,986.74805,0.167,0.048,4.389,0.033364,-0.677950,-0.050917,-0.732583,img_684.jpg
63056,1280,720,631.94293,353.39117,986.8637,986.74805,0.167,0.047,4.390,0.032797,-0.678525,-0.051532,-0.732033,img_685.jpg
63131,1280,720,631.94293,353.39117,986.8637,986.74805,0.168,0.047,4.392,0.032669,-0.680446,-0.053756,-0.730094,img_686.jpg
63220,1280,720,631.94293,353.39117,986.8637,986.74805,0.168,0.047,4.393,0.033249,-0.681770,-0.053228,-0.728870,img_687.jpg
63301,1280,720,631.94293,353.39117,986.8637,986.74805,0.169,0.047,4.394,0.033657,-0.682647,-0.053063,-0.728041,img_688.jpg,marker_12.jpg,0.27414417,0.27414417,-0.665,-0.183,4.337,-0.534534,-0.489185,0.456999,0.456999
63386,1280,720,631.94293,353.39117,986.8637,986.74805,0.169,0.047,4.395,0.032576,-0.683654,-0.053108,-0.727142,img_689.jpg
63471,1280,720,631.94293,353.39117,986.8637,986.74805,0.169,0.047,4.395,0.032880,-0.684904,-0.053327,-0.725935,img_690.jpg
63556,1280,720,631.94293,353.39117,986.8637,986.74805,0.169,0.047,4.395,0.033359,-0.685650,-0.053787,-0.725174,img_691.jpg
63640,1280,720,631.94293,353.39117,986.8637,986.74805,0.170,0.047,4.395,0.033206,-0.686051,-0.053492,-0.724824,img_692.jpg
63740,1280,720,631.94293,353.39117,986.8637,986.74805,0.170,0.047,4.393,0.032644,-0.686005,-0.053225,-0.724913,img_693.jpg
63831,1280,720,631.94293,353.39117,986.8637,986.74805,0.168,0.045,4.392,0.031740,-0.684710,-0.056328,-0.725942,img_694.jpg
