time,sizeX,sizeY,p_x,p_y,f_x,f_y,pos_X,pos_Y,pos_Z,q_x,q_y,q_z,q_w,marker_ID,marker_x,marker_y,marker_z,marker_qx,marker_qy,marker_qz,marker_qw,marker_ID,marker_x,marker_y,marker_z,marker_qx,marker_qy,marker_qz,marker_qw,marker_ID,marker_x,marker_y,marker_z,marker_qx,marker_qy,marker_qz,marker_qw,
16007,1280,720,631.94293,353.39117,986.8637,986.74805,0.476,0.061,1.158,0.072964,-0.032409,0.002980,-0.996803,img_1.jpg
16108,1280,720,631.94293,353.39117,986.8637,986.74805,0.476,0.063,1.157,0.075337,-0.030517,0.004341,-0.996682,img_2.jpg
16208,1280,720,631.94293,353.39117,986.8637,986.74805,0.475,0.065,1.161,0.071414,-0.027753,0.003640,-0.997054,img_3.jpg
16290,1280,720,631.94293,353.39117,986.8637,986.74805,0.474,0.066,1.164,0.068325,-0.025447,0.004474,-0.997329,img_4.jpg
16371,1280,720,631.94293,353.39117,986.8637,986.74805,0.472,0.067,1.169,0.065870,-0.020597,0.005962,-0.997598,img_5.jpg,marker_1.jpg,0.29560804,0.29560804,0.415,0.002,0.405,-0.715761,-0.007947,0.006932,0.006932
16456,1280,720,631.94293,353.39117,986.8637,986.74805,0.470,0.067,1.172,0.065790,-0.015343,0.006891,-0.997692,img_6.jpg
16529,1280,720,631.94293,353.39117,986.8637,986.74805,0.468,0.065,1.177,0.066057,-0.008215,0.007511,-0.997754,img_7.jpg
16623,1280,720,631.94293,353.39117,986.8637,986.74805,0.465,0.060,1.185,0.070236,0.000507,0.009678,-0.997483,img_8.jpg
16690,1280,720,631.94293,353.39117,986.8637,986.74805,0.465,0.056,1.191,0.068864,0.008027,0.010429,-0.997539,img_9.jpg
16771,1280,720,631.94293,353.39117,986.8637,986.74805,0.467,0.052,1.197,0.068777,0.019006,0.009654,-0.997404,img_10.jpg
16857,1280,720,631.94293,353.39117,986.8637,986.74805,0.475,0.052,1.201,0.070119,0.033361,0.012041,-0.996908,img_11.jpg,marker_1.jpg,0.29560804,0.29560804,0.413,0.004,0.408,-0.738041,-0.007374,0.008665,0.008665
16940,1280,720,631.94293,353.39117,986.8637,986.74805,0.481,0.052,1.203,0.070288,0.041841,0.013959,-0.996551,img_12.jpg
17016,1280,720,631.94293,353.39117,986.8637,986.74805,0.493,0.053,1.206,0.066498,0.052852,0.015207,-0.996270,img_13.jpg
17106,1280,720,631.94293,353.39117,986.8637,986.74805,0.508,0.055,1.206,0.064018,0.063896,0.020183,-0.995697,img_14.jpg
17189,1280,720,631.94293,353.39117,986.8637,986.74805,0.522,0.057,1.205,0.063381,0.072235,0.023366,-0.995098,img_15.jpg
17269,1280,720,631.94293,353.39117,986.8637,986.74805,0.537,0.058,1.204,0.061899,0.078645,0.024361,-0.994681,img_16.jpg
17357,1280,720,631.94293,353.39117,986.8637,986.74805,0.562,0.058,1.202,0.059941,0.087544,0.024081,-0.994064,img_17.jpg
17432,1280,720,631.94293,353.39117,986.8637,986.74805,0.579,0.058,1.201,0.059958,0.091710,0.024566,-0.993675,img_18.jpg
17511,1280,720,631.94293,353.39117,986.8637,986.74805,0.608,0.059,1.199,0.058896,0.099681,0.025247,-0.992954,img_19.jpg,marker_1.jpg,0.29560804,0.29560804,0.402,0.004,0.417,-0.716241,-0.051258,0.051923,0.051923
17606,1280,720,631.94293,353.39117,986.8637,986.74805,0.641,0.063,1.195,0.058525,0.108088,0.029809,-0.991969,img_20.jpg
17690,1280,720,631.94293,353.39117,986.8637,986.74805,0.666,0.065,1.192,0.058155,0.112851,0.032326,-0.991382,img_21.jpg
17767,1280,720,631.94293,353.39117,986.8637,986.74805,0.689,0.067,1.190,0.058030,0.116318,0.034098,-0.990929,img_22.jpg
17844,1280,720,631.94293,353.39117,986.8637,986.74805,0.723,0.067,1.187,0.058331,0.120308,0.033226,-0.990464,img_23.jpg
17924,1280,720,631.94293,353.39117,986.8637,986.74805,0.746,0.068,1.186,0.057708,0.122768,0.034040,-0.990171,img_24.jpg
17999,1280,720,631.94293,353.39117,986.8637,986.74805,0.769,0.068,1.185,0.058781,0.125675,0.036684,-0.989649,img_25.jpg
18076,1280,720,631.94293,353.39117,986.8637,986.74805,0.803,0.069,1.184,0.061652,0.132232,0.039681,-0.988503,img_26.jpg
18156,1280,720,631.94293,353.39117,986.8637,986.74805,0.827,0.068,1.185,0.061919,0.137785,0.040768,-0.987684,img_27.jpg
18241,1280,720,631.94293,353.39117,986.8637,986.74805,0.862,0.068,1.186,0.065079,0.148966,0.043560,-0.985737,img_28.jpg
18324,1280,720,631.94293,353.39117,986.8637,986.74805,0.885,0.067,1.184,0.068451,0.158853,0.044876,-0.983904,img_29.jpg
18398,1280,720,631.94293,353.39117,986.8637,986.74805,0.907,0.067,1.185,0.067293,0.170417,0.043675,-0.982101,img_30.jpg
18470,1280,720,631.94293,353.39117,986.8637,986.74805,0.944,0.066,1.183,0.069991,0.191858,0.045349,-0.977873,img_31.jpg
18557,1280,720,631.94293,353.39117,986.8637,986.74805,0.968,0.065,1.181,0.072521,0.207545,0.050731,-0.974214,img_32.jpg
18628,1280,720,631.94293,353.39117,986.8637,986.74805,0.989,0.065,1.181,0.071342,0.225875,0.052964,-0.970096,img_33.jpg
18704,1280,720,631.94293,353.39117,986.8637,986.74805,1.026,0.065,1.173,0.070848,0.252173,0.059357,-0.963258,img_34.jpg
18790,1280,720,631.94293,353.39117,986.8637,986.74805,1.051,0.064,1.165,0.072426,0.268662,0.062818,-0.958451,img_35.jpg
18866,1280,720,631.94293,353.39117,986.8637,986.74805,1.075,0.064,1.157,0.068562,0.283803,0.062878,-0.954359,img_36.jpg
18941,1280,720,631.94293,353.39117,986.8637,986.74805,1.112,0.063,1.139,0.065702,0.305870,0.058298,-0.948013,img_37.jpg
19023,1280,720,631.94293,353.39117,986.8637,986.74805,1.138,0.062,1.125,0.066249,0.321452,0.053227,-0.943105,img_38.jpg
19106,1280,720,631.94293,353.39117,986.8637,986.74805,1.179,0.067,1.107,0.067455,0.345346,0.051548,-0.934628,img_39.jpg
19189,1280,720,631.94293,353.39117,986.8637,986.74805,1.207,0.071,1.096,0.061517,0.361443,0.054176,-0.928784,img_40.jpg
19257,1280,720,631.94293,353.39117,986.8637,986.74805,1.232,0.073,1.084,0.066420,0.378249,0.051596,-0.921875,img_41.jpg
19340,1280,720,631.94293,353.39117,986.8637,986.74805,1.270,0.074,1.072,0.068793,0.401357,0.054937,-0.911681,img_42.jpg
19423,1280,720,631.94293,353.39117,986.8637,986.74805,1.296,0.074,1.066,0.071907,0.411878,0.060044,-0.906411,img_43.jpg
19490,1280,720,631.94293,353.39117,986.8637,986.74805,1.322,0.074,1.061,0.074137,0.416629,0.066521,-0.903603,img_44.jpg
19556,1280,720,631.94293,353.39117,986.8637,986.74805,1.352,0.074,1.065,0.070934,0.420569,0.075327,-0.901341,img_45.jpg
19623,1280,720,631.94293,353.39117,986.8637,986.74805,1.382,0.075,1.065,0.064937,0.426793,0.077384,-0.898690,img_46.jpg
19692,1280,720,631.94293,353.39117,986.8637,986.74805,1.415,0.080,1.086,0.060549,0.430042,0.077801,-0.897410,img_47.jpg
19760,1280,720,631.94293,353.39117,986.8637,986.74805,1.415,0.080,1.086,0.060549,0.430042,0.077801,-0.897410,img_48.jpg
19826,1280,720,631.94293,353.39117,986.8637,986.74805,1.415,0.080,1.086,0.060549,0.430042,0.077801,-0.897410,img_49.jpg
19893,1280,720,631.94293,353.39117,986.8637,986.74805,1.415,0.080,1.086,0.060549,0.430042,0.077801,-0.897410,img_50.jpg
19960,1280,720,631.94293,353.39117,986.8637,986.74805,1.415,0.080,1.086,0.060549,0.430042,0.077801,-0.897410,img_51.jpg
20026,1280,720,631.94293,353.39117,986.8637,986.74805,1.415,0.080,1.086,0.060549,0.430042,0.077801,-0.897410,img_52.jpg
20094,1280,720,631.94293,353.39117,986.8637,986.74805,1.415,0.080,1.086,0.060549,0.430042,0.077801,-0.897410,img_53.jpg
20163,1280,720,631.94293,353.39117,986.8637,986.74805,1.415,0.080,1.086,0.060549,0.430042,0.077801,-0.897410,img_54.jpg
20225,1280,720,631.94293,353.39117,986.8637,986.74805,1.415,0.080,1.086,0.060549,0.430042,0.077801,-0.897410,img_55.jpg
20303,1280,720,631.94293,353.39117,986.8637,986.74805,1.415,0.080,1.086,0.060549,0.430042,0.077801,-0.897410,img_56.jpg
20389,1280,720,631.94293,353.39117,986.8637,986.74805,1.415,0.080,1.086,0.060549,0.430042,0.077801,-0.897410,img_57.jpg
20463,1280,720,631.94293,353.39117,986.8637,986.74805,1.415,0.080,1.086,0.060549,0.430042,0.077801,-0.897410,img_58.jpg
20535,1280,720,631.94293,353.39117,986.8637,986.74805,1.415,0.080,1.086,0.060549,0.430042,0.077801,-0.897410,img_59.jpg
20623,1280,720,631.94293,353.39117,986.8637,986.74805,1.415,0.080,1.086,0.060549,0.430042,0.077801,-0.897410,img_60.jpg
20695,1280,720,631.94293,353.39117,986.8637,986.74805,1.415,0.080,1.086,0.060549,0.430042,0.077801,-0.897410,img_61.jpg
20773,1280,720,631.94293,353.39117,986.8637,986.74805,1.415,0.080,1.086,0.060549,0.430042,0.077801,-0.897410,img_62.jpg
20856,1280,720,631.94293,353.39117,986.8637,986.74805,1.415,0.080,1.086,0.060549,0.430042,0.077801,-0.897410,img_63.jpg
20926,1280,720,631.94293,353.39117,986.8637,986.74805,1.415,0.080,1.086,0.060549,0.430042,0.077801,-0.897410,img_64.jpg
21001,1280,720,631.94293,353.39117,986.8637,986.74805,1.415,0.080,1.086,0.060549,0.430042,0.077801,-0.897410,img_65.jpg
21089,1280,720,631.94293,353.39117,986.8637,986.74805,1.415,0.080,1.086,0.060549,0.430042,0.077801,-0.897410,img_66.jpg
21161,1280,720,631.94293,353.39117,986.8637,986.74805,1.415,0.080,1.086,0.060549,0.430042,0.077801,-0.897410,img_67.jpg
21240,1280,720,631.94293,353.39117,986.8637,986.74805,1.415,0.080,1.086,0.060549,0.430042,0.077801,-0.897410,img_68.jpg
21323,1280,720,631.94293,353.39117,986.8637,986.74805,1.415,0.080,1.086,0.060549,0.430042,0.077801,-0.897410,img_69.jpg
21399,1280,720,631.94293,353.39117,986.8637,986.74805,1.415,0.080,1.086,0.060549,0.430042,0.077801,-0.897410,img_70.jpg
21489,1280,720,631.94293,353.39117,986.8637,986.74805,1.033,0.067,1.075,0.055596,0.262735,0.029590,-0.962811,img_71.jpg
21564,1280,720,631.94293,353.39117,986.8637,986.74805,1.045,0.066,1.064,0.052486,0.272615,0.028460,-0.960269,img_72.jpg
21638,1280,720,631.94293,353.39117,986.8637,986.74805,1.123,0.062,0.983,0.054971,0.291495,0.033463,-0.954405,img_73.jpg
21723,1280,720,631.94293,353.39117,986.8637,986.74805,1.134,0.060,0.981,0.056846,0.302520,0.028279,-0.951026,img_74.jpg
21795,1280,720,631.94293,353.39117,986.8637,986.74805,1.158,0.062,0.961,0.054713,0.310686,0.023772,-0.948639,img_75.jpg
21873,1280,720,631.94293,353.39117,986.8637,986.74805,1.195,0.068,0.934,0.048676,0.325060,0.022907,-0.944162,img_76.jpg
21956,1280,720,631.94293,353.39117,986.8637,986.74805,1.215,0.070,0.918,0.049244,0.333132,0.023887,-0.941290,img_77.jpg
22028,1280,720,631.94293,353.39117,986.8637,986.74805,1.253,0.070,0.889,0.051964,0.342687,0.030273,-0.937523,img_78.jpg
22102,1280,720,631.94293,353.39117,986.8637,986.74805,1.279,0.069,0.867,0.051429,0.351882,0.027944,-0.934213,img_79.jpg
22189,1280,720,631.94293,353.39117,986.8637,986.74805,1.299,0.069,0.849,0.053067,0.357600,0.027906,-0.931948,img_80.jpg
22264,1280,720,631.94293,353.39117,986.8637,986.74805,1.312,0.068,0.835,0.056689,0.359331,0.031586,-0.930951,img_81.jpg
22343,1280,720,631.94293,353.39117,986.8637,986.74805,1.342,0.067,0.806,0.060210,0.359532,0.032992,-0.930604,img_82.jpg
22423,1280,720,631.94293,353.39117,986.8637,986.74805,1.352,0.066,0.792,0.063928,0.361692,0.033173,-0.929511,img_83.jpg
22498,1280,720,631.94293,353.39117,986.8637,986.74805,1.364,0.064,0.768,0.068560,0.365925,0.034239,-0.927484,img_84.jpg
22573,1280,720,631.94293,353.39117,986.8637,986.74805,1.373,0.064,0.750,0.068100,0.369090,0.033187,-0.926301,img_85.jpg
22656,1280,720,631.94293,353.39117,986.8637,986.74805,1.381,0.063,0.731,0.068413,0.373879,0.032104,-0.924394,img_86.jpg
22724,1280,720,631.94293,353.39117,986.8637,986.74805,1.388,0.063,0.715,0.070089,0.379938,0.033771,-0.921735,img_87.jpg
22806,1280,720,631.94293,353.39117,986.8637,986.74805,1.400,0.065,0.686,0.073071,0.388269,0.032793,-0.918059,img_88.jpg
22890,1280,720,631.94293,353.39117,986.8637,986.74805,1.409,0.067,0.667,0.073426,0.393068,0.035093,-0.915901,img_89.jpg
22961,1280,720,631.94293,353.39117,986.8637,986.74805,1.420,0.067,0.646,0.073325,0.400101,0.037895,-0.912747,img_90.jpg,marker_3.jpg,0.24248064,0.24248064,1.949,0.021,0.179,-0.642807,0.326431,-0.320076,-0.320076
23041,1280,720,631.94293,353.39117,986.8637,986.74805,1.430,0.068,0.621,0.072873,0.408986,0.039217,-0.908781,img_91.jpg
23123,1280,720,631.94293,353.39117,986.8637,986.74805,1.440,0.070,0.604,0.072509,0.413732,0.041315,-0.906566,img_92.jpg
23206,1280,720,631.94293,353.39117,986.8637,986.74805,1.451,0.071,0.586,0.070884,0.419661,0.040801,-0.903989,img_93.jpg
23283,1280,720,631.94293,353.39117,986.8637,986.74805,1.468,0.074,0.560,0.070724,0.425522,0.043010,-0.901154,img_94.jpg
23374,1280,720,631.94293,353.39117,986.8637,986.74805,1.479,0.077,0.541,0.068217,0.429433,0.042027,-0.899537,img_95.jpg
23458,1280,720,631.94293,353.39117,986.8637,986.74805,1.482,0.078,0.535,0.066633,0.430910,0.042074,-0.898947,img_96.jpg
23540,1280,720,631.94293,353.39117,986.8637,986.74805,1.489,0.081,0.524,0.065414,0.432126,0.042085,-0.898452,img_97.jpg,marker_3.jpg,0.24646208,0.24646208,1.972,0.016,0.154,-0.618342,0.351014,-0.335615,-0.335615
23625,1280,720,631.94293,353.39117,986.8637,986.74805,1.498,0.083,0.516,0.065969,0.432774,0.044093,-0.898004,img_98.jpg
23723,1280,720,631.94293,353.39117,986.8637,986.74805,1.507,0.085,0.513,0.062074,0.439268,0.045146,-0.895071,img_99.jpg
23794,1280,720,631.94293,353.39117,986.8637,986.74805,1.515,0.086,0.513,0.065985,0.438482,0.049739,-0.894933,img_100.jpg
23870,1280,720,631.94293,353.39117,986.8637,986.74805,1.525,0.086,0.520,0.069324,0.438942,0.056057,-0.894081,img_101.jpg
23957,1280,720,631.94293,353.39117,986.8637,986.74805,1.529,0.085,0.528,0.067935,0.441711,0.055221,-0.892876,img_102.jpg
24029,1280,720,631.94293,353.39117,986.8637,986.74805,1.535,0.085,0.537,0.066272,0.441966,0.055316,-0.892868,img_103.jpg
24110,1280,720,631.94293,353.39117,986.8637,986.74805,1.545,0.085,0.554,0.063708,0.437314,0.056625,-0.895261,img_104.jpg
24191,1280,720,631.94293,353.39117,986.8637,986.74805,1.550,0.086,0.569,0.064532,0.429239,0.058397,-0.898988,img_105.jpg,marker_3.jpg,0.26358998,0.26358998,2.006,0.012,0.125,-0.607777,0.374419,-0.372595,-0.372595
24259,1280,720,631.94293,353.39117,986.8637,986.74805,1.555,0.086,0.583,0.064955,0.419409,0.052445,-0.903951,img_106.jpg
24326,1280,720,631.94293,353.39117,986.8637,986.74805,1.561,0.087,0.603,0.061560,0.413390,0.050416,-0.907071,img_107.jpg
24393,1280,720,631.94293,353.39117,986.8637,986.74805,1.569,0.089,0.623,0.059856,0.410031,0.051543,-0.908645,img_108.jpg
24466,1280,720,631.94293,353.39117,986.8637,986.74805,1.584,0.090,0.656,0.058690,0.411156,0.049080,-0.908349,img_109.jpg
24540,1280,720,631.94293,353.39117,986.8637,986.74805,1.599,0.090,0.677,0.058844,0.413236,0.050267,-0.907329,img_110.jpg
24623,1280,720,631.94293,353.39117,986.8637,986.74805,1.613,0.090,0.700,0.060926,0.415322,0.053975,-0.906026,img_111.jpg
24692,1280,720,631.94293,353.39117,986.8637,986.74805,1.628,0.087,0.721,0.065858,0.414650,0.059149,-0.905665,img_112.jpg
24760,1280,720,631.94293,353.39117,986.8637,986.74805,1.640,0.084,0.738,0.071469,0.416099,0.061371,-0.904426,img_113.jpg
24829,1280,720,631.94293,353.39117,986.8637,986.74805,1.649,0.081,0.755,0.075356,0.418921,0.062052,-0.902760,img_114.jpg
24908,1280,720,631.94293,353.39117,986.8637,986.74805,1.660,0.077,0.780,0.075190,0.424668,0.061147,-0.900147,img_115.jpg
24990,1280,720,631.94293,353.39117,986.8637,986.74805,1.670,0.076,0.796,0.074304,0.429955,0.062181,-0.897636,img_116.jpg
25059,1280,720,631.94293,353.39117,986.8637,986.74805,1.677,0.075,0.810,0.071519,0.436706,0.061160,-0.894669,img_117.jpg
25125,1280,720,631.94293,353.39117,986.8637,986.74805,1.687,0.074,0.825,0.069366,0.442355,0.062328,-0.891978,img_118.jpg
25190,1280,720,631.94293,353.39117,986.8637,986.74805,1.695,0.076,0.836,0.067693,0.449746,0.065044,-0.888209,img_119.jpg,marker_3.jpg,0.2621472,0.2621472,2.011,0.011,0.121,-0.649190,0.317236,-0.315538,-0.315538
25264,1280,720,631.94293,353.39117,986.8637,986.74805,1.705,0.076,0.846,0.064919,0.456769,0.067126,-0.884670,img_120.jpg
25330,1280,720,631.94293,353.39117,986.8637,986.74805,1.719,0.074,0.856,0.064757,0.466912,0.069587,-0.879180,img_121.jpg
25407,1280,720,631.94293,353.39117,986.8637,986.74805,1.729,0.073,0.861,0.065449,0.473829,0.070398,-0.875355,img_122.jpg
25490,1280,720,631.94293,353.39117,986.8637,986.74805,1.743,0.072,0.864,0.068204,0.480634,0.072194,-0.871279,img_123.jpg
25560,1280,720,631.94293,353.39117,986.8637,986.74805,1.755,0.070,0.868,0.068037,0.488793,0.071569,-0.866793,img_124.jpg
25632,1280,720,631.94293,353.39117,986.8637,986.74805,1.768,0.070,0.874,0.066521,0.498894,0.071244,-0.861164,img_125.jpg
25699,1280,720,631.94293,353.39117,986.8637,986.74805,1.794,0.068,0.880,0.064144,0.516511,0.069889,-0.851010,img_126.jpg
25790,1280,720,631.94293,353.39117,986.8637,986.74805,1.815,0.068,0.883,0.064580,0.530941,0.066467,-0.842326,img_127.jpg
25856,1280,720,631.94293,353.39117,986.8637,986.74805,1.837,0.070,0.887,0.062931,0.545179,0.065409,-0.833392,img_128.jpg
25925,1280,720,631.94293,353.39117,986.8637,986.74805,1.860,0.071,0.892,0.061076,0.560118,0.067882,-0.823365,img_129.jpg
25996,1280,720,631.94293,353.39117,986.8637,986.74805,1.893,0.071,0.899,0.060132,0.582284,0.068082,-0.807895,img_130.jpg
26073,1280,720,631.94293,353.39117,986.8637,986.74805,1.912,0.071,0.903,0.061116,0.595798,0.066783,-0.798016,img_131.jpg
26156,1280,720,631.94293,353.39117,986.8637,986.74805,1.930,0.073,0.907,0.062307,0.608990,0.066115,-0.787958,img_132.jpg
26220,1280,720,631.94293,353.39117,986.8637,986.74805,1.946,0.076,0.912,0.056419,0.621716,0.067291,-0.778305,img_133.jpg
26290,1280,720,631.94293,353.39117,986.8637,986.74805,1.959,0.078,0.917,0.052320,0.635761,0.069836,-0.766938,img_134.jpg
26360,1280,720,631.94293,353.39117,986.8637,986.74805,1.973,0.078,0.925,0.050183,0.649957,0.073304,-0.754761,img_135.jpg
26426,1280,720,631.94293,353.39117,986.8637,986.74805,1.985,0.077,0.934,0.047829,0.660632,0.078000,-0.745114,img_136.jpg
26494,1280,720,631.94293,353.39117,986.8637,986.74805,1.995,0.078,0.943,0.047554,0.671985,0.078869,-0.734816,img_137.jpg
26561,1280,720,631.94293,353.39117,986.8637,986.74805,2.009,0.080,0.959,0.045036,0.685435,0.078503,-0.722487,img_138.jpg
26640,1280,720,631.94293,353.39117,986.8637,986.74805,2.017,0.080,0.972,0.042596,0.692970,0.079944,-0.715253,img_139.jpg
26707,1280,720,631.94293,353.39117,986.8637,986.74805,2.033,0.078,0.984,0.041555,0.699043,0.083714,-0.708946,img_140.jpg
26789,1280,720,631.94293,353.39117,986.8637,986.74805,2.044,0.077,0.998,0.040982,0.703825,0.084386,-0.704152,img_141.jpg
26857,1280,720,631.94293,353.39117,986.8637,986.74805,2.077,0.077,1.007,0.040335,0.705748,0.087592,-0.701870,img_142.jpg
26927,1280,720,631.94293,353.39117,986.8637,986.74805,2.096,0.075,1.032,0.039700,0.708477,0.089487,-0.698911,img_143.jpg
27007,1280,720,631.94293,353.39117,986.8637,986.74805,2.114,0.073,1.043,0.040051,0.708410,0.090153,-0.698873,img_144.jpg
27090,1280,720,631.94293,353.39117,986.8637,986.74805,2.132,0.074,1.063,0.038070,0.705732,0.087801,-0.701985,img_145.jpg
27159,1280,720,631.94293,353.39117,986.8637,986.74805,2.153,0.077,1.098,0.032036,0.701956,0.086972,-0.706164,img_146.jpg
27239,1280,720,631.94293,353.39117,986.8637,986.74805,2.167,0.079,1.125,0.030004,0.696072,0.086803,-0.712073,img_147.jpg
27307,1280,720,631.94293,353.39117,986.8637,986.74805,2.177,0.083,1.154,0.028653,0.687718,0.083690,-0.720568,img_148.jpg
27390,1280,720,631.94293,353.39117,986.8637,986.74805,2.183,0.088,1.179,0.030725,0.675613,0.081064,-0.732142,img_149.jpg
27459,1280,720,631.94293,353.39117,986.8637,986.74805,2.196,0.093,1.222,0.032434,0.659683,0.069030,-0.747664,img_150.jpg
27541,1280,720,631.94293,353.39117,986.8637,986.74805,2.205,0.096,1.253,0.032556,0.652854,0.066564,-0.753851,img_151.jpg
27609,1280,720,631.94293,353.39117,986.8637,986.74805,2.207,0.099,1.277,0.033441,0.648568,0.065944,-0.757557,img_152.jpg
27691,1280,720,631.94293,353.39117,986.8637,986.74805,2.210,0.100,1.301,0.034300,0.644056,0.068256,-0.761155,img_153.jpg
27760,1280,720,631.94293,353.39117,986.8637,986.74805,2.223,0.100,1.337,0.036918,0.639479,0.071536,-0.764582,img_154.jpg
27840,1280,720,631.94293,353.39117,986.8637,986.74805,2.229,0.099,1.356,0.037460,0.640123,0.071127,-0.764055,img_155.jpg
27908,1280,720,631.94293,353.39117,986.8637,986.74805,2.233,0.098,1.369,0.038019,0.641838,0.067602,-0.762908,img_156.jpg,marker_4.jpg,0.28969342,0.28969342,3.192,0.004,1.316,-0.626661,0.342073,-0.352920,-0.352920
27992,1280,720,631.94293,353.39117,986.8637,986.74805,2.341,0.079,1.399,0.036968,0.602586,0.061531,-0.794819,img_157.jpg
28059,1280,720,631.94293,353.39117,986.8637,986.74805,2.353,0.078,1.413,0.034437,0.603613,0.061239,-0.794176,img_158.jpg,marker_4.jpg,0.28969342,0.28969342,3.281,-0.008,1.231,-0.645833,0.308565,-0.321153,-0.321153,marker_3.jpg,0.25934726,0.25934726,2.009,0.001,0.140,-0.656229,0.297785,-0.288557,-0.288557
28129,1280,720,631.94293,353.39117,986.8637,986.74805,2.368,0.102,1.420,0.045540,0.606339,0.070327,-0.790780,img_159.jpg
28200,1280,720,631.94293,353.39117,986.8637,986.74805,2.393,0.103,1.443,0.047324,0.600771,0.070028,-0.794941,img_160.jpg
28290,1280,720,631.94293,353.39117,986.8637,986.74805,2.413,0.109,1.455,0.050996,0.597252,0.073017,-0.797093,img_161.jpg
28359,1280,720,631.94293,353.39117,986.8637,986.74805,2.432,0.108,1.467,0.051018,0.592302,0.074337,-0.800656,img_162.jpg,marker_4.jpg,0.28895968,0.28895968,3.257,-0.009,1.229,-0.639121,0.310297,-0.305835,-0.305835
28427,1280,720,631.94293,353.39117,986.8637,986.74805,2.453,0.104,1.477,0.055165,0.590464,0.070963,-0.802044,img_163.jpg
28498,1280,720,631.94293,353.39117,986.8637,986.74805,2.474,0.102,1.488,0.057968,0.588369,0.064161,-0.803956,img_164.jpg
28570,1280,720,631.94293,353.39117,986.8637,986.74805,2.507,0.098,1.506,0.062918,0.581865,0.063695,-0.808342,img_165.jpg
28657,1280,720,631.94293,353.39117,986.8637,986.74805,2.528,0.096,1.517,0.063630,0.576572,0.061390,-0.812248,img_166.jpg
28728,1280,720,631.94293,353.39117,986.8637,986.74805,2.555,0.098,1.532,0.064054,0.568027,0.063666,-0.818040,img_167.jpg
28810,1280,720,631.94293,353.39117,986.8637,986.74805,2.572,0.098,1.540,0.062549,0.563492,0.063120,-0.821329,img_168.jpg
28890,1280,720,631.94293,353.39117,986.8637,986.74805,2.588,0.098,1.550,0.059486,0.558098,0.067316,-0.824898,img_169.jpg
28961,1280,720,631.94293,353.39117,986.8637,986.74805,2.613,0.099,1.566,0.059223,0.551110,0.070938,-0.829300,img_170.jpg,marker_4.jpg,0.2801944,0.2801944,3.233,-0.007,1.231,-0.644417,0.305729,-0.302952,-0.302952
29042,1280,720,631.94293,353.39117,986.8637,986.74805,2.628,0.099,1.579,0.057977,0.545730,0.073526,-0.832713,img_171.jpg
29107,1280,720,631.94293,353.39117,986.8637,986.74805,2.641,0.098,1.593,0.057167,0.539380,0.074030,-0.836852,img_172.jpg
29191,1280,720,631.94293,353.39117,986.8637,986.74805,2.653,0.097,1.610,0.056868,0.530579,0.075469,-0.842352,img_173.jpg
29256,1280,720,631.94293,353.39117,986.8637,986.74805,2.661,0.098,1.624,0.056471,0.523202,0.074339,-0.847080,img_174.jpg
29328,1280,720,631.94293,353.39117,986.8637,986.74805,2.676,0.097,1.656,0.056595,0.505905,0.072572,-0.857666,img_175.jpg
29408,1280,720,631.94293,353.39117,986.8637,986.74805,2.687,0.098,1.680,0.055250,0.496428,0.070142,-0.863474,img_176.jpg
29490,1280,720,631.94293,353.39117,986.8637,986.74805,2.700,0.101,1.706,0.056105,0.490686,0.071386,-0.866593,img_177.jpg
29569,1280,720,631.94293,353.39117,986.8637,986.74805,2.720,0.103,1.752,0.055898,0.484200,0.075209,-0.869925,img_178.jpg,marker_4.jpg,0.2738959,0.2738959,3.219,-0.004,1.234,-0.625393,0.332333,-0.327905,-0.327905
29657,1280,720,631.94293,353.39117,986.8637,986.74805,2.731,0.102,1.783,0.057386,0.481781,0.074353,-0.871244,img_179.jpg
29732,1280,720,631.94293,353.39117,986.8637,986.74805,2.746,0.101,1.825,0.062233,0.483033,0.073635,-0.870278,img_180.jpg
29825,1280,720,631.94293,353.39117,986.8637,986.74805,2.757,0.100,1.853,0.065315,0.485584,0.074880,-0.868525,img_181.jpg
29902,1280,720,631.94293,353.39117,986.8637,986.74805,2.773,0.096,1.893,0.072791,0.493991,0.077658,-0.862927,img_182.jpg
29991,1280,720,631.94293,353.39117,986.8637,986.74805,2.783,0.093,1.919,0.075804,0.502117,0.078892,-0.857851,img_183.jpg
30071,1280,720,631.94293,353.39117,986.8637,986.74805,2.797,0.089,1.955,0.077187,0.516309,0.085105,-0.848661,img_184.jpg
30158,1280,720,631.94293,353.39117,986.8637,986.74805,2.807,0.087,1.978,0.075908,0.525544,0.086638,-0.842933,img_185.jpg
30233,1280,720,631.94293,353.39117,986.8637,986.74805,2.823,0.085,2.010,0.072980,0.537550,0.090727,-0.835154,img_186.jpg
30325,1280,720,631.94293,353.39117,986.8637,986.74805,2.835,0.083,2.031,0.071509,0.544368,0.097032,-0.830142,img_187.jpg
30404,1280,720,631.94293,353.39117,986.8637,986.74805,2.853,0.079,2.059,0.070585,0.557700,0.099189,-0.821066,img_188.jpg
30491,1280,720,631.94293,353.39117,986.8637,986.74805,2.867,0.077,2.077,0.071795,0.564434,0.101262,-0.816092,img_189.jpg
30574,1280,720,631.94293,353.39117,986.8637,986.74805,2.889,0.073,2.107,0.072066,0.576886,0.099007,-0.807593,img_190.jpg
30657,1280,720,631.94293,353.39117,986.8637,986.74805,2.905,0.071,2.130,0.072626,0.582710,0.099433,-0.803298,img_191.jpg
30738,1280,720,631.94293,353.39117,986.8637,986.74805,2.932,0.070,2.166,0.073163,0.599707,0.093373,-0.791379,img_192.jpg
30826,1280,720,631.94293,353.39117,986.8637,986.74805,2.950,0.073,2.192,0.070299,0.613301,0.086027,-0.781997,img_193.jpg
30909,1280,720,631.94293,353.39117,986.8637,986.74805,2.984,0.077,2.232,0.073794,0.630166,0.087428,-0.767986,img_194.jpg
30990,1280,720,631.94293,353.39117,986.8637,986.74805,3.007,0.079,2.258,0.079277,0.643974,0.081491,-0.756552,img_195.jpg
31065,1280,720,631.94293,353.39117,986.8637,986.74805,3.037,0.086,2.297,0.077193,0.660110,0.080032,-0.742893,img_196.jpg
31156,1280,720,631.94293,353.39117,986.8637,986.74805,3.064,0.093,2.332,0.070595,0.674219,0.078618,-0.730934,img_197.jpg
31240,1280,720,631.94293,353.39117,986.8637,986.74805,3.080,0.094,2.355,0.068622,0.682540,0.082183,-0.722963,img_198.jpg
31311,1280,720,631.94293,353.39117,986.8637,986.74805,3.098,0.091,2.379,0.065010,0.687614,0.085805,-0.718051,img_199.jpg
31392,1280,720,631.94293,353.39117,986.8637,986.74805,3.121,0.088,2.413,0.059892,0.695860,0.090025,-0.709991,img_200.jpg
31473,1280,720,631.94293,353.39117,986.8637,986.74805,3.137,0.087,2.438,0.054916,0.699964,0.093506,-0.705898,img_201.jpg
31556,1280,720,631.94293,353.39117,986.8637,986.74805,3.152,0.084,2.467,0.050994,0.702607,0.097911,-0.702963,img_202.jpg
31620,1280,720,631.94293,353.39117,986.8637,986.74805,3.168,0.079,2.497,0.049591,0.703734,0.100295,-0.701598,img_203.jpg
31707,1280,720,631.94293,353.39117,986.8637,986.74805,3.198,0.075,2.547,0.048294,0.701738,0.096990,-0.704148,img_204.jpg
31790,1280,720,631.94293,353.39117,986.8637,986.74805,3.220,0.076,2.586,0.045655,0.698302,0.101731,-0.707065,img_205.jpg
31860,1280,720,631.94293,353.39117,986.8637,986.74805,3.220,0.076,2.586,0.045655,0.698302,0.101731,-0.707065,img_206.jpg
31940,1280,720,631.94293,353.39117,986.8637,986.74805,3.220,0.076,2.586,0.045655,0.698302,0.101731,-0.707065,img_207.jpg
32004,1280,720,631.94293,353.39117,986.8637,986.74805,3.220,0.076,2.586,0.045655,0.698302,0.101731,-0.707065,img_208.jpg
32090,1280,720,631.94293,353.39117,986.8637,986.74805,3.220,0.076,2.586,0.045655,0.698302,0.101731,-0.707065,img_209.jpg
32173,1280,720,631.94293,353.39117,986.8637,986.74805,3.220,0.076,2.586,0.045655,0.698302,0.101731,-0.707065,img_210.jpg
32239,1280,720,631.94293,353.39117,986.8637,986.74805,3.220,0.076,2.586,0.045655,0.698302,0.101731,-0.707065,img_211.jpg
32324,1280,720,631.94293,353.39117,986.8637,986.74805,3.220,0.076,2.586,0.045655,0.698302,0.101731,-0.707065,img_212.jpg
32389,1280,720,631.94293,353.39117,986.8637,986.74805,3.220,0.076,2.586,0.045655,0.698302,0.101731,-0.707065,img_213.jpg
32461,1280,720,631.94293,353.39117,986.8637,986.74805,3.220,0.076,2.586,0.045655,0.698302,0.101731,-0.707065,img_214.jpg
32540,1280,720,631.94293,353.39117,986.8637,986.74805,3.220,0.076,2.586,0.045655,0.698302,0.101731,-0.707065,img_215.jpg
32603,1280,720,631.94293,353.39117,986.8637,986.74805,3.220,0.076,2.586,0.045655,0.698302,0.101731,-0.707065,img_216.jpg
32690,1280,720,631.94293,353.39117,986.8637,986.74805,3.220,0.076,2.586,0.045655,0.698302,0.101731,-0.707065,img_217.jpg
32763,1280,720,631.94293,353.39117,986.8637,986.74805,3.220,0.076,2.586,0.045655,0.698302,0.101731,-0.707065,img_218.jpg
32840,1280,720,631.94293,353.39117,986.8637,986.74805,3.220,0.076,2.586,0.045655,0.698302,0.101731,-0.707065,img_219.jpg
32906,1280,720,631.94293,353.39117,986.8637,986.74805,3.220,0.076,2.586,0.045655,0.698302,0.101731,-0.707065,img_220.jpg
32990,1280,720,631.94293,353.39117,986.8637,986.74805,3.220,0.076,2.586,0.045655,0.698302,0.101731,-0.707065,img_221.jpg
33073,1280,720,631.94293,353.39117,986.8637,986.74805,3.220,0.076,2.586,0.045655,0.698302,0.101731,-0.707065,img_222.jpg
33147,1280,720,631.94293,353.39117,986.8637,986.74805,3.220,0.076,2.586,0.045655,0.698302,0.101731,-0.707065,img_223.jpg
33222,1280,720,631.94293,353.39117,986.8637,986.74805,3.220,0.076,2.586,0.045655,0.698302,0.101731,-0.707065,img_224.jpg
33307,1280,720,631.94293,353.39117,986.8637,986.74805,3.220,0.076,2.586,0.045655,0.698302,0.101731,-0.707065,img_225.jpg
33390,1280,720,631.94293,353.39117,986.8637,986.74805,3.220,0.076,2.586,0.045655,0.698302,0.101731,-0.707065,img_226.jpg
33473,1280,720,631.94293,353.39117,986.8637,986.74805,3.220,0.076,2.586,0.045655,0.698302,0.101731,-0.707065,img_227.jpg
33557,1280,720,631.94293,353.39117,986.8637,986.74805,3.220,0.076,2.586,0.045655,0.698302,0.101731,-0.707065,img_228.jpg
33636,1280,720,631.94293,353.39117,986.8637,986.74805,3.220,0.076,2.586,0.045655,0.698302,0.101731,-0.707065,img_229.jpg
33724,1280,720,631.94293,353.39117,986.8637,986.74805,3.220,0.076,2.586,0.045655,0.698302,0.101731,-0.707065,img_230.jpg
33807,1280,720,631.94293,353.39117,986.8637,986.74805,3.220,0.076,2.586,0.045655,0.698302,0.101731,-0.707065,img_231.jpg
33890,1280,720,631.94293,353.39117,986.8637,986.74805,3.220,0.076,2.586,0.045655,0.698302,0.101731,-0.707065,img_232.jpg
33973,1280,720,631.94293,353.39117,986.8637,986.74805,3.220,0.076,2.586,0.045655,0.698302,0.101731,-0.707065,img_233.jpg
34041,1280,720,631.94293,353.39117,986.8637,986.74805,3.220,0.076,2.586,0.045655,0.698302,0.101731,-0.707065,img_234.jpg
34105,1280,720,631.94293,353.39117,986.8637,986.74805,3.220,0.076,2.586,0.045655,0.698302,0.101731,-0.707065,img_235.jpg
34190,1280,720,631.94293,353.39117,986.8637,986.74805,3.220,0.076,2.586,0.045655,0.698302,0.101731,-0.707065,img_236.jpg
34260,1280,720,631.94293,353.39117,986.8637,986.74805,3.220,0.076,2.586,0.045655,0.698302,0.101731,-0.707065,img_237.jpg
34340,1280,720,631.94293,353.39117,986.8637,986.74805,3.220,0.076,2.586,0.045655,0.698302,0.101731,-0.707065,img_238.jpg
34424,1280,720,631.94293,353.39117,986.8637,986.74805,3.220,0.076,2.586,0.045655,0.698302,0.101731,-0.707065,img_239.jpg
34495,1280,720,631.94293,353.39117,986.8637,986.74805,3.220,0.076,2.586,0.045655,0.698302,0.101731,-0.707065,img_240.jpg
34573,1280,720,631.94293,353.39117,986.8637,986.74805,3.220,0.076,2.586,0.045655,0.698302,0.101731,-0.707065,img_241.jpg
34649,1280,720,631.94293,353.39117,986.8637,986.74805,3.220,0.076,2.586,0.045655,0.698302,0.101731,-0.707065,img_242.jpg
34723,1280,720,631.94293,353.39117,986.8637,986.74805,3.220,0.076,2.586,0.045655,0.698302,0.101731,-0.707065,img_243.jpg
34807,1280,720,631.94293,353.39117,986.8637,986.74805,3.220,0.076,2.586,0.045655,0.698302,0.101731,-0.707065,img_244.jpg
34882,1280,720,631.94293,353.39117,986.8637,986.74805,3.220,0.076,2.586,0.045655,0.698302,0.101731,-0.707065,img_245.jpg
34964,1280,720,631.94293,353.39117,986.8637,986.74805,2.811,0.046,2.253,0.076623,0.619319,0.048450,-0.779888,img_246.jpg
35040,1280,720,631.94293,353.39117,986.8637,986.74805,2.834,0.045,2.258,0.077811,0.616905,0.049059,-0.781644,img_247.jpg
35111,1280,720,631.94293,353.39117,986.8637,986.74805,2.810,0.056,2.258,0.061506,0.615266,0.039084,-0.784944,img_248.jpg
35181,1280,720,631.94293,353.39117,986.8637,986.74805,2.843,0.054,2.281,0.064286,0.612042,0.037650,-0.787308,img_249.jpg
35261,1280,720,631.94293,353.39117,986.8637,986.74805,2.857,0.059,2.287,0.063502,0.609111,0.032189,-0.789883,img_250.jpg
35341,1280,720,631.94293,353.39117,986.8637,986.74805,2.863,0.061,2.288,0.062892,0.604434,0.032196,-0.793516,img_251.jpg
35414,1280,720,631.94293,353.39117,986.8637,986.74805,2.870,0.061,2.291,0.061476,0.600067,0.031912,-0.796946,img_252.jpg
35492,1280,720,631.94293,353.39117,986.8637,986.74805,2.876,0.063,2.294,0.057128,0.594785,0.033476,-0.801153,img_253.jpg
35574,1280,720,631.94293,353.39117,986.8637,986.74805,2.877,0.062,2.300,0.051660,0.591842,0.036855,-0.803552,img_254.jpg,marker_5.jpg,0.29314187,0.29314187,3.508,-0.049,2.139,-0.596970,0.376795,-0.443426,-0.443426
35657,1280,720,631.94293,353.39117,986.8637,986.74805,2.881,0.063,2.308,0.047089,0.590740,0.037864,-0.804596,img_255.jpg
35740,1280,720,631.94293,353.39117,986.8637,986.74805,2.868,0.061,2.316,0.041457,0.591509,0.040981,-0.804189,img_256.jpg
35813,1280,720,631.94293,353.39117,986.8637,986.74805,2.868,0.061,2.326,0.039800,0.594521,0.042490,-0.801969,img_257.jpg
35907,1280,720,631.94293,353.39117,986.8637,986.74805,2.863,0.063,2.343,0.035465,0.602197,0.042933,-0.796403,img_258.jpg
35977,1280,720,631.94293,353.39117,986.8637,986.74805,2.861,0.065,2.358,0.033141,0.607427,0.045056,-0.792404,img_259.jpg
36059,1280,720,631.94293,353.39117,986.8637,986.74805,2.858,0.067,2.372,0.032523,0.611302,0.047703,-0.789289,img_260.jpg
36132,1280,720,631.94293,353.39117,986.8637,986.74805,2.854,0.069,2.393,0.032621,0.612607,0.051988,-0.788001,img_261.jpg
36209,1280,720,631.94293,353.39117,986.8637,986.74805,2.853,0.070,2.407,0.033452,0.615141,0.054057,-0.785850,img_262.jpg,marker_5.jpg,0.26616037,0.26616037,3.434,-0.037,2.145,-0.576661,0.400794,-0.434105,-0.434105
36286,1280,720,631.94293,353.39117,986.8637,986.74805,2.851,0.070,2.421,0.034291,0.617301,0.058066,-0.783831,img_263.jpg
36359,1280,720,631.94293,353.39117,986.8637,986.74805,2.846,0.069,2.442,0.035488,0.618624,0.064295,-0.782248,img_264.jpg
36441,1280,720,631.94293,353.39117,986.8637,986.74805,2.841,0.067,2.455,0.037132,0.620765,0.066504,-0.780288,img_265.jpg
36512,1280,720,631.94293,353.39117,986.8637,986.74805,2.838,0.066,2.467,0.038065,0.621849,0.069118,-0.779152,img_266.jpg
36583,1280,720,631.94293,353.39117,986.8637,986.74805,2.836,0.065,2.479,0.037674,0.625474,0.070627,-0.776128,img_267.jpg
36664,1280,720,631.94293,353.39117,986.8637,986.74805,2.834,0.065,2.497,0.035804,0.633286,0.074648,-0.769477,img_268.jpg
36759,1280,720,631.94293,353.39117,986.8637,986.74805,2.835,0.064,2.518,0.031730,0.647675,0.079193,-0.757125,img_269.jpg
36841,1280,720,631.94293,353.39117,986.8637,986.74805,2.834,0.062,2.530,0.029437,0.658770,0.081238,-0.747366,img_270.jpg
36913,1280,720,631.94293,353.39117,986.8637,986.74805,2.832,0.061,2.541,0.029806,0.672061,0.079134,-0.735652,img_271.jpg
36981,1280,720,631.94293,353.39117,986.8637,986.74805,2.829,0.060,2.555,0.030547,0.680899,0.080417,-0.727308,img_272.jpg
37057,1280,720,631.94293,353.39117,986.8637,986.74805,2.826,0.057,2.572,0.031847,0.699679,0.078651,-0.709401,img_273.jpg
37141,1280,720,631.94293,353.39117,986.8637,986.74805,2.824,0.054,2.582,0.035958,0.713910,0.079039,-0.694833,img_274.jpg
37213,1280,720,631.94293,353.39117,986.8637,986.74805,2.821,0.051,2.594,0.036440,0.725271,0.083174,-0.682448,img_275.jpg
37288,1280,720,631.94293,353.39117,986.8637,986.74805,2.816,0.048,2.614,0.035936,0.745748,0.087625,-0.659462,img_276.jpg
37374,1280,720,631.94293,353.39117,986.8637,986.74805,2.811,0.046,2.628,0.032767,0.758957,0.092304,-0.643732,img_277.jpg
37448,1280,720,631.94293,353.39117,986.8637,986.74805,2.803,0.046,2.642,0.032280,0.772148,0.097104,-0.627150,img_278.jpg
37525,1280,720,631.94293,353.39117,986.8637,986.74805,2.788,0.043,2.661,0.032607,0.793404,0.100436,-0.599467,img_279.jpg
37608,1280,720,631.94293,353.39117,986.8637,986.74805,2.777,0.044,2.675,0.032593,0.807108,0.102148,-0.580586,img_280.jpg
37684,1280,720,631.94293,353.39117,986.8637,986.74805,2.758,0.044,2.697,0.030020,0.826986,0.108979,-0.550742,img_281.jpg
37774,1280,720,631.94293,353.39117,986.8637,986.74805,2.745,0.043,2.712,0.029855,0.840562,0.111318,-0.529313,img_282.jpg
37845,1280,720,631.94293,353.39117,986.8637,986.74805,2.730,0.040,2.726,0.032186,0.852094,0.112278,-0.510189,img_283.jpg
37919,1280,720,631.94293,353.39117,986.8637,986.74805,2.705,0.035,2.745,0.036600,0.868688,0.119560,-0.479319,img_284.jpg
38008,1280,720,631.94293,353.39117,986.8637,986.74805,2.690,0.034,2.755,0.034818,0.879399,0.122404,-0.458761,img_285.jpg
38082,1280,720,631.94293,353.39117,986.8637,986.74805,2.674,0.027,2.775,0.030987,0.888725,0.127344,-0.439308,img_286.jpg
38159,1280,720,631.94293,353.39117,986.8637,986.74805,2.651,0.025,2.790,0.026891,0.904848,0.130083,-0.404481,img_287.jpg
38241,1280,720,631.94293,353.39117,986.8637,986.74805,2.634,0.025,2.795,0.024488,0.915927,0.125899,-0.380299,img_288.jpg
38321,1280,720,631.94293,353.39117,986.8637,986.74805,2.612,0.025,2.802,0.020303,0.930125,0.126191,-0.344284,img_289.jpg
38408,1280,720,631.94293,353.39117,986.8637,986.74805,2.597,0.026,2.803,0.018414,0.938968,0.126088,-0.319534,img_290.jpg
38482,1280,720,631.94293,353.39117,986.8637,986.74805,2.582,0.029,2.800,0.016327,0.946991,0.124089,-0.295879,img_291.jpg
38561,1280,720,631.94293,353.39117,986.8637,986.74805,2.561,0.029,2.793,0.012752,0.956591,0.127504,-0.261750,img_292.jpg
38640,1280,720,631.94293,353.39117,986.8637,986.74805,2.548,0.027,2.787,0.011425,0.962795,0.127713,-0.237876,img_293.jpg
38718,1280,720,631.94293,353.39117,986.8637,986.74805,2.539,0.027,2.781,0.011260,0.966890,0.136090,-0.215584,img_294.jpg
38791,1280,720,631.94293,353.39117,986.8637,986.74805,2.518,0.022,2.782,0.011296,0.972004,0.144064,-0.185271,img_295.jpg
38874,1280,720,631.94293,353.39117,986.8637,986.74805,2.504,0.015,2.796,0.011591,0.972981,0.154903,-0.170820,img_296.jpg
38957,1280,720,631.94293,353.39117,986.8637,986.74805,2.482,0.004,2.799,0.010002,0.974817,0.165751,-0.148856,img_297.jpg
39040,1280,720,631.94293,353.39117,986.8637,986.74805,2.467,0.000,2.806,0.005272,0.975207,0.173368,-0.137432,img_298.jpg
39113,1280,720,631.94293,353.39117,986.8637,986.74805,2.447,-0.003,2.811,0.000015,0.975843,0.176381,-0.128921,img_299.jpg
39186,1280,720,631.94293,353.39117,986.8637,986.74805,2.412,-0.004,2.824,-0.007271,0.976419,0.179969,-0.119017,img_300.jpg
39274,1280,720,631.94293,353.39117,986.8637,986.74805,2.387,-0.005,2.833,-0.010576,0.976781,0.181377,-0.113532,img_301.jpg
39346,1280,720,631.94293,353.39117,986.8637,986.74805,2.358,-0.004,2.852,-0.009990,0.976510,0.182700,-0.113793,img_302.jpg
39426,1280,720,631.94293,353.39117,986.8637,986.74805,2.312,-0.007,2.870,-0.011251,0.975569,0.185167,-0.117692,img_303.jpg
39508,1280,720,631.94293,353.39117,986.8637,986.74805,2.283,-0.007,2.885,-0.007522,0.975095,0.186490,-0.119807,img_304.jpg
39586,1280,720,631.94293,353.39117,986.8637,986.74805,2.233,-0.010,2.904,-0.005475,0.973784,0.189186,-0.126191,img_305.jpg
39674,1280,720,631.94293,353.39117,986.8637,986.74805,2.204,-0.012,2.916,-0.002449,0.972427,0.191749,-0.132713,img_306.jpg
39750,1280,720,631.94293,353.39117,986.8637,986.74805,2.174,-0.015,2.929,0.000373,0.970438,0.198404,-0.137429,img_307.jpg
39828,1280,720,631.94293,353.39117,986.8637,986.74805,2.136,-0.019,2.944,0.002366,0.968040,0.206250,-0.142668,img_308.jpg
39907,1280,720,631.94293,353.39117,986.8637,986.74805,2.112,-0.022,2.953,0.005210,0.967758,0.207441,-0.142780,img_309.jpg
39982,1280,720,631.94293,353.39117,986.8637,986.74805,2.090,-0.026,2.966,0.004425,0.966334,0.215522,-0.140465,img_310.jpg
40062,1280,720,631.94293,353.39117,986.8637,986.74805,2.057,-0.030,2.987,0.002051,0.966014,0.220595,-0.134727,img_311.jpg
40141,1280,720,631.94293,353.39117,986.8637,986.74805,2.037,-0.032,3.000,-0.001042,0.966616,0.221982,-0.127970,img_312.jpg
40217,1280,720,631.94293,353.39117,986.8637,986.74805,2.021,-0.033,3.011,-0.005483,0.966929,0.223719,-0.122348,img_313.jpg
40292,1280,720,631.94293,353.39117,986.8637,986.74805,2.001,-0.028,3.038,-0.001918,0.967940,0.219461,-0.122167,img_314.jpg
40390,1280,720,631.94293,353.39117,986.8637,986.74805,1.989,-0.023,3.052,0.002040,0.969525,0.209766,-0.126548,img_315.jpg
40466,1280,720,631.94293,353.39117,986.8637,986.74805,1.974,-0.011,3.076,0.000125,0.971534,0.195170,-0.134279,img_316.jpg
40557,1280,720,631.94293,353.39117,986.8637,986.74805,1.959,0.006,3.100,-0.000059,0.975150,0.173164,-0.138189,img_317.jpg
40641,1280,720,631.94293,353.39117,986.8637,986.74805,1.946,0.018,3.122,0.002548,0.977936,0.157056,-0.137723,img_318.jpg
40713,1280,720,631.94293,353.39117,986.8637,986.74805,1.934,0.033,3.140,0.004249,0.981022,0.142348,-0.131588,img_319.jpg
40810,1280,720,631.94293,353.39117,986.8637,986.74805,1.916,0.051,3.175,0.004193,0.985053,0.125189,-0.118238,img_320.jpg
40885,1280,720,631.94293,353.39117,986.8637,986.74805,1.897,0.065,3.195,0.001448,0.987159,0.113314,-0.112584,img_321.jpg
40974,1280,720,631.94293,353.39117,986.8637,986.74805,1.878,0.081,3.219,0.001140,0.990284,0.096514,-0.100112,img_322.jpg
41050,1280,720,631.94293,353.39117,986.8637,986.74805,1.866,0.089,3.235,0.001274,0.991695,0.086500,-0.095171,img_323.jpg
41122,1280,720,631.94293,353.39117,986.8637,986.74805,1.847,0.099,3.255,-0.004390,0.992346,0.081283,-0.092862,img_324.jpg
41208,1280,720,631.94293,353.39117,986.8637,986.74805,1.838,0.101,3.267,-0.007276,0.992569,0.078512,-0.092677,img_325.jpg
41292,1280,720,631.94293,353.39117,986.8637,986.74805,1.821,0.102,3.281,-0.011861,0.992170,0.078538,-0.096381,img_326.jpg
41379,1280,720,631.94293,353.39117,986.8637,986.74805,1.810,0.101,3.284,-0.013996,0.991584,0.079470,-0.101245,img_327.jpg
41461,1280,720,631.94293,353.39117,986.8637,986.74805,1.799,0.100,3.283,-0.014895,0.990425,0.080667,-0.111034,img_328.jpg
41540,1280,720,631.94293,353.39117,986.8637,986.74805,1.792,0.100,3.284,-0.011355,0.989903,0.078439,-0.117518,img_329.jpg
41613,1280,720,631.94293,353.39117,986.8637,986.74805,1.792,0.100,3.308,-0.008588,0.990597,0.088669,-0.103832,img_330.jpg,marker_6.jpg,0.27305225,0.27305225,1.884,-0.062,3.809,-0.102924,0.699886,-0.698160,-0.698160,marker_5.jpg,0.2676597,0.2676597,3.456,-0.039,2.154,-0.578746,0.400408,-0.425668,-0.425668
41685,1280,720,631.94293,353.39117,986.8637,986.74805,1.766,0.097,3.297,-0.015256,0.990644,0.078924,-0.110285,img_331.jpg
41774,1280,720,631.94293,353.39117,986.8637,986.74805,1.753,0.100,3.294,-0.014512,0.990390,0.076463,-0.114326,img_332.jpg
41840,1280,720,631.94293,353.39117,986.8637,986.74805,1.741,0.103,3.291,-0.011395,0.990131,0.073929,-0.118512,img_333.jpg
41912,1280,720,631.94293,353.39117,986.8637,986.74805,1.729,0.105,3.286,-0.010870,0.989813,0.070688,-0.123110,img_334.jpg
41991,1280,720,631.94293,353.39117,986.8637,986.74805,1.716,0.109,3.282,-0.011596,0.989496,0.067786,-0.127158,img_335.jpg
42056,1280,720,631.94293,353.39117,986.8637,986.74805,1.697,0.114,3.274,-0.013899,0.988764,0.061776,-0.135413,img_336.jpg,marker_6.jpg,0.26657698,0.26657698,1.877,-0.055,3.790,-0.108480,0.697892,-0.699258,-0.699258
42140,1280,720,631.94293,353.39117,986.8637,986.74805,1.686,0.117,3.268,-0.015587,0.988018,0.054089,-0.143709,img_337.jpg
42213,1280,720,631.94293,353.39117,986.8637,986.74805,1.674,0.121,3.261,-0.016571,0.987136,0.047584,-0.151739,img_338.jpg
42289,1280,720,631.94293,353.39117,986.8637,986.74805,1.658,0.126,3.251,-0.018972,0.985403,0.039416,-0.164520,img_339.jpg
42374,1280,720,631.94293,353.39117,986.8637,986.74805,1.647,0.129,3.244,-0.020558,0.984028,0.035766,-0.173167,img_340.jpg
42457,1280,720,631.94293,353.39117,986.8637,986.74805,1.635,0.133,3.230,-0.022786,0.982191,0.032741,-0.183605,img_341.jpg
42540,1280,720,631.94293,353.39117,986.8637,986.74805,1.626,0.134,3.222,-0.022682,0.980742,0.032119,-0.191310,img_342.jpg
42612,1280,720,631.94293,353.39117,986.8637,986.74805,1.618,0.134,3.212,-0.023636,0.979535,0.030311,-0.197571,img_343.jpg
42685,1280,720,631.94293,353.39117,986.8637,986.74805,1.611,0.138,3.199,-0.023011,0.978905,0.034180,-0.200121,img_344.jpg,marker_6.jpg,0.26717398,0.26717398,1.879,-0.056,3.795,-0.098647,0.705411,-0.694522,-0.694522
42774,1280,720,631.94293,353.39117,986.8637,986.74805,1.604,0.136,3.193,-0.023942,0.978859,0.037849,-0.199572,img_345.jpg
42847,1280,720,631.94293,353.39117,986.8637,986.74805,1.579,0.129,3.195,-0.025141,0.976175,0.043367,-0.211113,img_346.jpg
42925,1280,720,631.94293,353.39117,986.8637,986.74805,1.566,0.120,3.192,-0.022201,0.976270,0.056629,-0.207840,img_347.jpg
43007,1280,720,631.94293,353.39117,986.8637,986.74805,1.554,0.114,3.187,-0.017606,0.976545,0.060828,-0.205789,img_348.jpg
43077,1280,720,631.94293,353.39117,986.8637,986.74805,1.541,0.110,3.184,-0.013091,0.976588,0.067804,-0.203733,img_349.jpg
43157,1280,720,631.94293,353.39117,986.8637,986.74805,1.520,0.103,3.187,-0.016732,0.976691,0.083268,-0.197131,img_350.jpg
43241,1280,720,631.94293,353.39117,986.8637,986.74805,1.508,0.096,3.192,-0.015592,0.978392,0.091120,-0.184942,img_351.jpg
43326,1280,720,631.94293,353.39117,986.8637,986.74805,1.488,0.085,3.203,-0.013170,0.980319,0.103917,-0.167337,img_352.jpg,marker_6.jpg,0.26887324,0.26887324,1.875,-0.051,3.784,-0.104914,0.705516,-0.693770,-0.693770
43408,1280,720,631.94293,353.39117,986.8637,986.74805,1.472,0.080,3.214,-0.014301,0.981550,0.111702,-0.154526,img_353.jpg
43480,1280,720,631.94293,353.39117,986.8637,986.74805,1.453,0.074,3.225,-0.016118,0.982819,0.116062,-0.142607,img_354.jpg
43556,1280,720,631.94293,353.39117,986.8637,986.74805,1.421,0.064,3.246,-0.017756,0.984151,0.126663,-0.122835,img_355.jpg
43640,1280,720,631.94293,353.39117,986.8637,986.74805,1.397,0.057,3.260,-0.017282,0.985434,0.130929,-0.107137,img_356.jpg
43715,1280,720,631.94293,353.39117,986.8637,986.74805,1.370,0.050,3.276,-0.014395,0.986273,0.136815,-0.091322,img_357.jpg
43809,1280,720,631.94293,353.39117,986.8637,986.74805,1.324,0.042,3.299,-0.008058,0.987590,0.142525,-0.065477,img_358.jpg
43885,1280,720,631.94293,353.39117,986.8637,986.74805,1.277,0.039,3.323,-0.007888,0.987933,0.148904,-0.041878,img_359.jpg
43974,1280,720,631.94293,353.39117,986.8637,986.74805,1.252,0.039,3.336,-0.005937,0.987476,0.155453,-0.026270,img_360.jpg
44043,1280,720,631.94293,353.39117,986.8637,986.74805,1.225,0.038,3.348,-0.007829,0.987118,0.159478,-0.010199,img_361.jpg
44124,1280,720,631.94293,353.39117,986.8637,986.74805,1.185,0.036,3.361,-0.016624,0.986662,0.161455,0.012438,img_362.jpg
44208,1280,720,631.94293,353.39117,986.8637,986.74805,1.160,0.036,3.371,-0.023189,0.985286,0.167305,0.026137,img_363.jpg
44292,1280,720,631.94293,353.39117,986.8637,986.74805,1.121,0.031,3.382,-0.030471,0.983316,0.173427,0.045647,img_364.jpg
44374,1280,720,631.94293,353.39117,986.8637,986.74805,1.094,0.031,3.387,-0.037372,0.981808,0.177087,0.057414,img_365.jpg
44449,1280,720,631.94293,353.39117,986.8637,986.74805,1.053,0.026,3.393,-0.045833,0.980362,0.179688,0.067099,img_366.jpg
44521,1280,720,631.94293,353.39117,986.8637,986.74805,1.003,0.025,3.394,-0.050390,0.979453,0.179734,0.076349,img_367.jpg
44608,1280,720,631.94293,353.39117,986.8637,986.74805,0.968,0.023,3.394,-0.050655,0.979724,0.176158,0.080887,img_368.jpg
44679,1280,720,631.94293,353.39117,986.8637,986.74805,0.909,0.023,3.392,-0.047794,0.980551,0.170403,0.084848,img_369.jpg
44757,1280,720,631.94293,353.39117,986.8637,986.74805,0.868,0.025,3.388,-0.043137,0.980857,0.167214,0.089991,img_370.jpg
44842,1280,720,631.94293,353.39117,986.8637,986.74805,0.825,0.030,3.388,-0.043190,0.980479,0.166854,0.094633,img_371.jpg
44908,1280,720,631.94293,353.39117,986.8637,986.74805,0.780,0.034,3.388,-0.039465,0.979891,0.165180,0.104742,img_372.jpg
44991,1280,720,631.94293,353.39117,986.8637,986.74805,0.716,0.038,3.385,-0.036741,0.978802,0.166985,0.112750,img_373.jpg
45074,1280,720,631.94293,353.39117,986.8637,986.74805,0.669,0.036,3.384,-0.032926,0.977465,0.169709,0.121145,img_374.jpg
45157,1280,720,631.94293,353.39117,986.8637,986.74805,0.615,0.035,3.382,-0.036582,0.974593,0.172289,0.138373,img_375.jpg
45241,1280,720,631.94293,353.39117,986.8637,986.74805,0.575,0.035,3.384,-0.042729,0.972357,0.172943,0.150952,img_376.jpg
45305,1280,720,631.94293,353.39117,986.8637,986.74805,0.540,0.035,3.386,-0.046055,0.969764,0.174917,0.163830,img_377.jpg
45391,1280,720,631.94293,353.39117,986.8637,986.74805,0.492,0.035,3.394,0.051567,-0.966912,-0.172303,-0.180926,img_378.jpg
45474,1280,720,631.94293,353.39117,986.8637,986.74805,0.461,0.035,3.402,0.054768,-0.965057,-0.170677,-0.191139,img_379.jpg
45558,1280,720,631.94293,353.39117,986.8637,986.74805,0.416,0.033,3.419,0.057748,-0.961760,-0.171064,-0.205962,img_380.jpg
45644,1280,720,631.94293,353.39117,986.8637,986.74805,0.387,0.032,3.432,0.055271,-0.960192,-0.168237,-0.216041,img_381.jpg
45715,1280,720,631.94293,353.39117,986.8637,986.74805,0.335,0.031,3.456,0.053264,-0.958422,-0.162111,-0.228714,img_382.jpg
45808,1280,720,631.94293,353.39117,986.8637,986.74805,0.298,0.035,3.475,0.052619,-0.956144,-0.163276,-0.237404,img_383.jpg
45879,1280,720,631.94293,353.39117,986.8637,986.74805,0.251,0.034,3.504,0.052228,-0.950947,-0.167964,-0.254479,img_384.jpg
45974,1280,720,631.94293,353.39117,986.8637,986.74805,0.221,0.034,3.522,0.051327,-0.945642,-0.174081,-0.269858,img_385.jpg
46041,1280,720,631.94293,353.39117,986.8637,986.74805,0.193,0.036,3.537,0.046016,-0.942177,-0.170778,-0.284639,img_386.jpg
46119,1280,720,631.94293,353.39117,986.8637,986.74805,0.150,0.037,3.559,0.045928,-0.938307,-0.167932,-0.298781,img_387.jpg
46207,1280,720,631.94293,353.39117,986.8637,986.74805,0.119,0.036,3.572,0.050442,-0.936547,-0.167123,-0.303982,img_388.jpg
46277,1280,720,631.94293,353.39117,986.8637,986.74805,0.077,0.036,3.589,0.054197,-0.935107,-0.161941,-0.310503,img_389.jpg
46374,1280,720,631.94293,353.39117,986.8637,986.74805,0.044,0.035,3.603,0.058017,-0.934821,-0.160371,-0.311490,img_390.jpg
46458,1280,720,631.94293,353.39117,986.8637,986.74805,-0.004,0.030,3.621,0.060867,-0.935680,-0.159993,-0.308544,img_391.jpg
46540,1280,720,631.94293,353.39117,986.8637,986.74805,-0.037,0.026,3.633,0.063571,-0.937495,-0.157814,-0.303572,img_392.jpg
46611,1280,720,631.94293,353.39117,986.8637,986.74805,-0.093,0.023,3.652,0.065581,-0.941166,-0.153336,-0.293928,img_393.jpg
46691,1280,720,631.94293,353.39117,986.8637,986.74805,-0.137,0.027,3.664,0.065624,-0.943607,-0.151885,-0.286758,img_394.jpg
46775,1280,720,631.94293,353.39117,986.8637,986.74805,-0.183,0.028,3.675,0.069321,-0.946240,-0.151322,-0.277354,img_395.jpg
46852,1280,720,631.94293,353.39117,986.8637,986.74805,-0.226,0.032,3.685,0.065705,-0.947291,-0.150426,-0.275127,img_396.jpg
46937,1280,720,631.94293,353.39117,986.8637,986.74805,-0.290,0.046,3.694,0.074272,-0.951063,-0.141823,-0.264289,img_397.jpg
47025,1280,720,631.94293,353.39117,986.8637,986.74805,-0.348,0.050,3.705,0.059122,-0.953416,-0.142826,-0.259043,img_398.jpg
47109,1280,720,631.94293,353.39117,986.8637,986.74805,-0.384,0.052,3.714,0.051654,-0.954715,-0.144942,-0.254644,img_399.jpg
47189,1280,720,631.94293,353.39117,986.8637,986.74805,-0.436,0.052,3.729,0.052144,-0.957443,-0.148381,-0.242004,img_400.jpg
47274,1280,720,631.94293,353.39117,986.8637,986.74805,-0.465,0.047,3.739,0.051227,-0.958332,-0.151175,-0.236901,img_401.jpg
47352,1280,720,631.94293,353.39117,986.8637,986.74805,-0.499,0.043,3.749,0.053074,-0.959416,-0.150827,-0.232282,img_402.jpg
47441,1280,720,631.94293,353.39117,986.8637,986.74805,-0.556,0.035,3.767,0.053657,-0.961075,-0.149252,-0.226228,img_403.jpg
47521,1280,720,631.94293,353.39117,986.8637,986.74805,-0.625,0.028,3.790,0.050279,-0.963022,-0.146337,-0.220560,img_404.jpg
47608,1280,720,631.94293,353.39117,986.8637,986.74805,-0.671,0.026,3.806,0.045664,-0.964929,-0.145632,-0.213586,img_405.jpg
47678,1280,720,631.94293,353.39117,986.8637,986.74805,-0.711,0.026,3.818,0.031569,-0.968427,-0.136529,-0.206188,img_406.jpg
47764,1280,720,631.94293,353.39117,986.8637,986.74805,-0.771,0.030,3.843,0.033122,-0.968704,-0.152954,-0.192665,img_407.jpg
47843,1280,720,631.94293,353.39117,986.8637,986.74805,-0.810,0.034,3.855,-0.022791,0.970760,0.147690,0.187866,img_408.jpg
47919,1280,720,631.94293,353.39117,986.8637,986.74805,-0.870,0.038,3.875,-0.029930,0.971875,0.152881,0.176611,img_409.jpg
48008,1280,720,631.94293,353.39117,986.8637,986.74805,-0.912,0.038,3.888,-0.029134,0.973343,0.152581,0.168743,img_410.jpg
48092,1280,720,631.94293,353.39117,986.8637,986.74805,-0.979,0.035,3.908,-0.035425,0.975197,0.152732,0.156234,img_411.jpg
48175,1280,720,631.94293,353.39117,986.8637,986.74805,-1.026,0.029,3.920,-0.036079,0.976966,0.155649,0.141451,img_412.jpg
48247,1280,720,631.94293,353.39117,986.8637,986.74805,-1.098,0.024,3.935,-0.028572,0.980536,0.154658,0.117530,img_413.jpg
48343,1280,720,631.94293,353.39117,986.8637,986.74805,-1.145,0.023,3.944,-0.026449,0.983202,0.151380,0.098484,img_414.jpg
48424,1280,720,631.94293,353.39117,986.8637,986.74805,-1.216,0.024,3.959,-0.021035,0.983361,0.164409,0.074355,img_415.jpg
48509,1280,720,631.94293,353.39117,986.8637,986.74805,-1.253,0.028,3.963,-0.016037,0.983518,0.170735,0.057304,img_416.jpg
48586,1280,720,631.94293,353.39117,986.8637,986.74805,-1.309,0.032,3.970,-0.006229,0.985184,0.165710,0.043742,img_417.jpg
48674,1280,720,631.94293,353.39117,986.8637,986.74805,-1.348,0.032,3.980,-0.013028,0.984665,0.170214,0.035941,img_418.jpg
48746,1280,720,631.94293,353.39117,986.8637,986.74805,-1.383,0.027,3.991,-0.017369,0.983555,0.177472,0.028671,img_419.jpg
48824,1280,720,631.94293,353.39117,986.8637,986.74805,-1.432,0.015,4.012,-0.013442,0.982016,0.186904,0.023047,img_420.jpg
48911,1280,720,631.94293,353.39117,986.8637,986.74805,-1.458,-0.005,4.070,-0.016745,0.981194,0.192102,0.008614,img_421.jpg,marker_6.jpg,0.26887324,0.26887324,1.902,-0.057,3.788,-0.124350,0.695300,-0.697990,-0.697990,marker_5.jpg,0.2670082,0.2670082,3.447,-0.042,2.150,-0.580770,0.399448,-0.422514,-0.422514
48993,1280,720,631.94293,353.39117,986.8637,986.74805,-1.502,-0.017,4.086,-0.012063,0.980343,0.196922,0.002091,img_422.jpg
49091,1280,720,631.94293,353.39117,986.8637,986.74805,-1.547,-0.030,4.117,-0.009087,0.979071,0.203196,-0.007016,img_423.jpg
49175,1280,720,631.94293,353.39117,986.8637,986.74805,-1.579,-0.036,4.141,-0.004759,0.978151,0.207572,-0.010622,img_424.jpg
49257,1280,720,631.94293,353.39117,986.8637,986.74805,-1.625,-0.042,4.180,-0.003270,0.974615,0.223048,-0.019106,img_425.jpg
49341,1280,720,631.94293,353.39117,986.8637,986.74805,-1.653,-0.042,4.200,0.006741,0.976798,0.213089,-0.020350,img_426.jpg
49413,1280,720,631.94293,353.39117,986.8637,986.74805,-1.694,-0.043,4.232,0.007742,0.976143,0.215495,-0.025414,img_427.jpg
49493,1280,720,631.94293,353.39117,986.8637,986.74805,2.152,-0.027,2.963,0.011749,0.976307,0.208089,-0.058178,img_428.jpg
49574,1280,720,631.94293,353.39117,986.8637,986.74805,2.129,-0.028,2.977,0.015423,0.976146,0.207101,-0.063334,img_429.jpg
49657,1280,720,631.94293,353.39117,986.8637,986.74805,2.097,-0.029,3.007,0.012929,0.975335,0.206907,-0.075789,img_430.jpg
49742,1280,720,631.94293,353.39117,986.8637,986.74805,2.078,-0.031,3.024,0.010796,0.974491,0.206546,-0.087118,img_431.jpg
49820,1280,720,631.94293,353.39117,986.8637,986.74805,2.048,-0.035,3.055,0.009172,0.972769,0.204356,-0.108972,img_432.jpg
49909,1280,720,631.94293,353.39117,986.8637,986.74805,2.027,-0.035,3.073,0.008462,0.972094,0.198820,-0.124226,img_433.jpg
49985,1280,720,631.94293,353.39117,986.8637,986.74805,1.989,-0.023,3.101,0.008305,0.973980,0.177371,-0.140834,img_434.jpg
50075,1280,720,631.94293,353.39117,986.8637,986.74805,1.942,-0.003,3.132,0.009695,0.976780,0.156086,-0.146438,img_435.jpg
50158,1280,720,631.94293,353.39117,986.8637,986.74805,1.903,0.014,3.155,0.010608,0.978503,0.143860,-0.147392,img_436.jpg
50235,1280,720,631.94293,353.39117,986.8637,986.74805,1.865,0.027,3.177,0.012598,0.980498,0.131783,-0.145252,img_437.jpg
50326,1280,720,631.94293,353.39117,986.8637,986.74805,1.817,0.040,3.204,0.016964,0.982889,0.120150,-0.138581,img_438.jpg
50409,1280,720,631.94293,353.39117,986.8637,986.74805,1.787,0.047,3.222,0.016399,0.983489,0.117407,-0.136736,img_439.jpg
50489,1280,720,631.94293,353.39117,986.8637,986.74805,1.753,0.050,3.240,0.014794,0.983114,0.117440,-0.139559,img_440.jpg
50592,1280,720,631.94293,353.39117,986.8637,986.74805,1.730,0.052,3.251,0.012529,0.982065,0.116967,-0.147343,img_441.jpg
50675,1280,720,631.94293,353.39117,986.8637,986.74805,1.718,0.054,3.256,0.009014,0.981087,0.116428,-0.154375,img_442.jpg
50756,1280,720,631.94293,353.39117,986.8637,986.74805,1.708,0.056,3.259,0.005557,0.980133,0.112311,-0.163384,img_443.jpg
50842,1280,720,631.94293,353.39117,986.8637,986.74805,1.704,0.058,3.259,0.004461,0.979686,0.109652,-0.167844,img_444.jpg
50917,1280,720,631.94293,353.39117,986.8637,986.74805,1.698,0.061,3.258,0.005214,0.979998,0.105234,-0.168826,img_445.jpg
51010,1280,720,631.94293,353.39117,986.8637,986.74805,1.695,0.064,3.258,0.005901,0.980544,0.101750,-0.167764,img_446.jpg
51084,1280,720,631.94293,353.39117,986.8637,986.74805,1.690,0.067,3.257,0.005883,0.981251,0.097846,-0.165947,img_447.jpg
51159,1280,720,631.94293,353.39117,986.8637,986.74805,1.689,0.068,3.256,0.005534,0.981376,0.097091,-0.165660,img_448.jpg,marker_7.png,0.27580807,0.27580807,1.883,-0.055,3.807,-0.112194,0.700220,-0.694208,-0.694208
51230,1280,720,631.94293,353.39117,986.8637,986.74805,1.688,0.072,3.253,0.007365,0.981692,0.092498,-0.166345,img_449.jpg
51308,1280,720,631.94293,353.39117,986.8637,986.74805,1.687,0.077,3.250,0.008415,0.982097,0.086430,-0.167168,img_450.jpg
51381,1280,720,631.94293,353.39117,986.8637,986.74805,1.686,0.086,3.245,0.005923,0.982626,0.076360,-0.169054,img_451.jpg
51475,1280,720,631.94293,353.39117,986.8637,986.74805,1.686,0.093,3.241,0.005542,0.982981,0.069460,-0.169981,img_452.jpg
51544,1280,720,631.94293,353.39117,986.8637,986.74805,1.687,0.102,3.234,0.004871,0.983641,0.057463,-0.170657,img_453.jpg
51641,1280,720,631.94293,353.39117,986.8637,986.74805,1.686,0.108,3.230,0.003600,0.983991,0.048885,-0.171346,img_454.jpg
51713,1280,720,631.94293,353.39117,986.8637,986.74805,1.685,0.116,3.223,-0.000398,0.984425,0.039630,-0.171279,img_455.jpg,marker_7.png,0.27597937,0.27597937,1.883,-0.053,3.806,-0.114953,0.696343,-0.696904,-0.696904
51793,1280,720,631.94293,353.39117,986.8637,986.74805,1.685,0.121,3.220,-0.003613,0.984490,0.035714,-0.171730,img_456.jpg
51871,1280,720,631.94293,353.39117,986.8637,986.74805,1.683,0.122,3.216,-0.004806,0.984611,0.032773,-0.171593,img_457.jpg
51958,1280,720,631.94293,353.39117,986.8637,986.74805,1.682,0.122,3.212,-0.004978,0.985454,0.031426,-0.166935,img_458.jpg
52028,1280,720,631.94293,353.39117,986.8637,986.74805,1.679,0.119,3.209,-0.008623,0.985439,0.035197,-0.166122,img_459.jpg
52108,1280,720,631.94293,353.39117,986.8637,986.74805,1.676,0.115,3.207,-0.009296,0.986587,0.036805,-0.158760,img_460.jpg
52179,1280,720,631.94293,353.39117,986.8637,986.74805,1.670,0.108,3.206,-0.013292,0.988511,0.046523,-0.143198,img_461.jpg
52276,1280,720,631.94293,353.39117,986.8637,986.74805,1.663,0.103,3.204,-0.014973,0.989732,0.054412,-0.131326,img_462.jpg,marker_6.jpg,0.26887324,0.26887324,1.907,-0.061,3.774,-0.119535,0.696297,-0.698546,-0.698546,marker_5.jpg,0.26705894,0.26705894,3.448,-0.042,2.150,-0.580536,0.399373,-0.423340,-0.423340,marker_7.png,0.27627927,0.27627927,1.883,-0.052,3.801,-0.116991,0.690791,-0.703349,-0.703349
52347,1280,720,631.94293,353.39117,986.8637,986.74805,1.653,0.098,3.208,-0.018813,0.991358,0.064683,-0.112566,img_463.jpg
52442,1280,720,631.94293,353.39117,986.8637,986.74805,1.642,0.096,3.209,-0.025691,0.992375,0.070885,-0.097507,img_464.jpg
52515,1280,720,631.94293,353.39117,986.8637,986.74805,1.627,0.093,3.212,-0.028447,0.994309,0.078234,-0.066479,img_465.jpg
52594,1280,720,631.94293,353.39117,986.8637,986.74805,1.619,0.091,3.214,-0.028126,0.995058,0.084007,-0.044844,img_466.jpg
52673,1280,720,631.94293,353.39117,986.8637,986.74805,1.609,0.088,3.218,-0.026892,0.995374,0.091013,-0.014956,img_467.jpg
52758,1280,720,631.94293,353.39117,986.8637,986.74805,1.602,0.086,3.223,-0.026938,0.995072,0.095373,0.003074,img_468.jpg
52842,1280,720,631.94293,353.39117,986.8637,986.74805,1.591,0.084,3.225,-0.029514,0.994100,0.100310,0.028860,img_469.jpg
52925,1280,720,631.94293,353.39117,986.8637,986.74805,1.584,0.082,3.226,-0.030386,0.993142,0.102769,0.046731,img_470.jpg
53000,1280,720,631.94293,353.39117,986.8637,986.74805,1.574,0.079,3.226,-0.031562,0.991894,0.105012,0.064211,img_471.jpg
53093,1280,720,631.94293,353.39117,986.8637,986.74805,1.557,0.074,3.225,-0.035478,0.988588,0.112312,0.093925,img_472.jpg
53169,1280,720,631.94293,353.39117,986.8637,986.74805,1.541,0.070,3.223,-0.037774,0.985270,0.120806,0.114988,img_473.jpg
53258,1280,720,631.94293,353.39117,986.8637,986.74805,1.510,0.063,3.224,-0.041613,0.979527,0.133783,0.144560,img_474.jpg
53341,1280,720,631.94293,353.39117,986.8637,986.74805,1.475,0.057,3.221,0.049731,-0.974404,-0.141473,-0.167480,img_475.jpg
53425,1280,720,631.94293,353.39117,986.8637,986.74805,1.449,0.054,3.223,0.055590,-0.971039,-0.145791,-0.180935,img_476.jpg
53503,1280,720,631.94293,353.39117,986.8637,986.74805,1.421,0.050,3.223,0.060352,-0.968056,-0.148979,-0.192435,img_477.jpg
53582,1280,720,631.94293,353.39117,986.8637,986.74805,1.373,0.044,3.220,0.063178,-0.964138,-0.151807,-0.208332,img_478.jpg
53658,1280,720,631.94293,353.39117,986.8637,986.74805,1.340,0.044,3.217,0.065876,-0.961273,-0.153999,-0.218856,img_479.jpg
53759,1280,720,631.94293,353.39117,986.8637,986.74805,1.283,0.036,3.212,0.070099,-0.955873,-0.161467,-0.235206,img_480.jpg
53843,1280,720,631.94293,353.39117,986.8637,986.74805,1.252,0.033,3.208,0.067483,-0.953096,-0.164731,-0.244779,img_481.jpg
53916,1280,720,631.94293,353.39117,986.8637,986.74805,1.207,0.031,3.205,0.068774,-0.947804,-0.168974,-0.261506,img_482.jpg
54008,1280,720,631.94293,353.39117,986.8637,986.74805,1.160,0.027,3.203,0.071062,-0.941941,-0.170893,-0.280165,img_483.jpg
54093,1280,720,631.94293,353.39117,986.8637,986.74805,1.127,0.026,3.201,0.071837,-0.937210,-0.170992,-0.295362,img_484.jpg
54175,1280,720,631.94293,353.39117,986.8637,986.74805,1.101,0.027,3.197,0.075055,-0.932553,-0.169882,-0.309599,img_485.jpg
54255,1280,720,631.94293,353.39117,986.8637,986.74805,1.059,0.028,3.193,0.079226,-0.925016,-0.166229,-0.332321,img_486.jpg
54342,1280,720,631.94293,353.39117,986.8637,986.74805,1.016,0.028,3.189,0.084367,-0.916996,-0.162527,-0.354380,img_487.jpg
54425,1280,720,631.94293,353.39117,986.8637,986.74805,0.989,0.029,3.187,0.085985,-0.911149,-0.159393,-0.370145,img_488.jpg
54509,1280,720,631.94293,353.39117,986.8637,986.74805,0.961,0.030,3.185,0.087062,-0.904601,-0.156234,-0.386922,img_489.jpg
54582,1280,720,631.94293,353.39117,986.8637,986.74805,0.913,0.033,3.181,0.087173,-0.895766,-0.147658,-0.410124,img_490.jpg
54675,1280,720,631.94293,353.39117,986.8637,986.74805,0.870,0.037,3.184,0.085631,-0.888364,-0.137771,-0.429529,img_491.jpg
54758,1280,720,631.94293,353.39117,986.8637,986.74805,0.843,0.044,3.186,0.079897,-0.884079,-0.130089,-0.441699,img_492.jpg
54841,1280,720,631.94293,353.39117,986.8637,986.74805,0.819,0.055,3.187,0.072474,-0.879696,-0.120369,-0.454307,img_493.jpg
54915,1280,720,631.94293,353.39117,986.8637,986.74805,0.786,0.070,3.187,0.064167,-0.870777,-0.106925,-0.475601,img_494.jpg
55008,1280,720,631.94293,353.39117,986.8637,986.74805,0.767,0.080,3.187,0.061377,-0.864913,-0.096019,-0.488814,img_495.jpg
55083,1280,720,631.94293,353.39117,986.8637,986.74805,0.739,0.092,3.188,0.057255,-0.852854,-0.083025,-0.512317,img_496.jpg
55175,1280,720,631.94293,353.39117,986.8637,986.74805,0.711,0.104,3.181,0.054626,-0.840552,-0.070990,-0.534274,img_497.jpg
55258,1280,720,631.94293,353.39117,986.8637,986.74805,0.690,0.112,3.175,0.052168,-0.832623,-0.065522,-0.547470,img_498.jpg
55341,1280,720,631.94293,353.39117,986.8637,986.74805,0.671,0.118,3.167,0.052822,-0.824391,-0.059259,-0.560427,img_499.jpg
55425,1280,720,631.94293,353.39117,986.8637,986.74805,0.649,0.119,3.167,0.053158,-0.820232,-0.057281,-0.566668,img_500.jpg
55510,1280,720,631.94293,353.39117,986.8637,986.74805,0.635,0.121,3.162,0.053680,-0.817621,-0.056014,-0.570506,img_501.jpg
55589,1280,720,631.94293,353.39117,986.8637,986.74805,0.625,0.119,3.153,0.055867,-0.814650,-0.055678,-0.574565,img_502.jpg
55676,1280,720,631.94293,353.39117,986.8637,986.74805,0.616,0.117,3.140,0.056131,-0.812997,-0.055883,-0.576855,img_503.jpg
55758,1280,720,631.94293,353.39117,986.8637,986.74805,0.614,0.116,3.132,0.054202,-0.813256,-0.054344,-0.576822,img_504.jpg
55833,1280,720,631.94293,353.39117,986.8637,986.74805,0.609,0.115,3.125,0.054965,-0.813326,-0.053647,-0.576716,img_505.jpg
55906,1280,720,631.94293,353.39117,986.8637,986.74805,0.603,0.115,3.114,0.055450,-0.815382,-0.051042,-0.573996,img_506.jpg,marker_8.jpg,0.26853624,0.26853624,-0.048,-0.001,3.386,-0.407823,-0.584199,0.574426,0.574426
55993,1280,720,631.94293,353.39117,986.8637,986.74805,0.601,0.116,3.108,0.056633,-0.816787,-0.052083,-0.571785,img_507.jpg
56070,1280,720,631.94293,353.39117,986.8637,986.74805,0.598,0.115,3.103,0.057301,-0.818582,-0.051958,-0.569158,img_508.jpg
56153,1280,720,631.94293,353.39117,986.8637,986.74805,0.593,0.115,3.097,0.059733,-0.823232,-0.051949,-0.562159,img_509.jpg
56243,1280,720,631.94293,353.39117,986.8637,986.74805,0.588,0.115,3.091,0.061764,-0.827328,-0.052425,-0.555846,img_510.jpg,marker_8.jpg,0.2622402,0.2622402,-0.035,0.001,3.382,-0.420066,-0.571783,0.577064,0.577064
56326,1280,720,631.94293,353.39117,986.8637,986.74805,0.583,0.116,3.086,0.062569,-0.830489,-0.051138,-0.551142,img_511.jpg
56410,1280,720,631.94293,353.39117,986.8637,986.74805,0.577,0.119,3.078,0.062374,-0.834793,-0.051559,-0.544584,img_512.jpg
56494,1280,720,631.94293,353.39117,986.8637,986.74805,0.574,0.119,3.074,0.061343,-0.837971,-0.052836,-0.539677,img_513.jpg
56575,1280,720,631.94293,353.39117,986.8637,986.74805,0.569,0.121,3.064,0.062134,-0.842932,-0.053282,-0.531758,img_514.jpg
56675,1280,720,631.94293,353.39117,986.8637,986.74805,0.565,0.121,3.057,0.062581,-0.846692,-0.053531,-0.525672,img_515.jpg
56753,1280,720,631.94293,353.39117,986.8637,986.74805,0.561,0.123,3.041,0.064006,-0.852087,-0.054560,-0.516598,img_516.jpg
56841,1280,720,631.94293,353.39117,986.8637,986.74805,0.557,0.124,3.024,0.065619,-0.858075,-0.054588,-0.506382,img_517.jpg
56926,1280,720,631.94293,353.39117,986.8637,986.74805,0.555,0.125,3.008,0.067205,-0.861892,-0.053824,-0.499729,img_518.jpg,marker_8.jpg,0.26404065,0.26404065,-0.045,0.001,3.385,-0.411206,-0.577833,0.582204,0.582204
57011,1280,720,631.94293,353.39117,986.8637,986.74805,0.552,0.126,2.980,0.067026,-0.865369,-0.053449,-0.493749,img_519.jpg
57094,1280,720,631.94293,353.39117,986.8637,986.74805,0.547,0.125,2.959,0.067626,-0.866134,-0.055394,-0.492107,img_520.jpg
57175,1280,720,631.94293,353.39117,986.8637,986.74805,0.539,0.124,2.922,0.067367,-0.865540,-0.060389,-0.492600,img_521.jpg
57259,1280,720,631.94293,353.39117,986.8637,986.74805,0.539,0.120,2.897,0.065869,-0.863150,-0.064158,-0.496506,img_522.jpg
57341,1280,720,631.94293,353.39117,986.8637,986.74805,0.532,0.114,2.856,0.061336,-0.857266,-0.069028,-0.506526,img_523.jpg
57443,1280,720,631.94293,353.39117,986.8637,986.74805,0.524,0.110,2.816,0.057286,-0.849870,-0.071004,-0.519036,img_524.jpg,marker_8.jpg,0.27917585,0.27917585,-0.047,0.001,3.395,-0.428103,-0.564501,0.569304,0.569304
57542,1280,720,631.94293,353.39117,986.8637,986.74805,0.516,0.110,2.775,0.061852,-0.839571,-0.072005,-0.534893,img_525.jpg
57624,1280,720,631.94293,353.39117,986.8637,986.74805,0.508,0.109,2.749,0.065953,-0.832484,-0.070740,-0.545543,img_526.jpg
57700,1280,720,631.94293,353.39117,986.8637,986.74805,0.497,0.107,2.722,0.065986,-0.822697,-0.069125,-0.560391,img_527.jpg
57774,1280,720,631.94293,353.39117,986.8637,986.74805,0.482,0.102,2.686,0.070692,-0.810038,-0.070387,-0.577829,img_528.jpg
57858,1280,720,631.94293,353.39117,986.8637,986.74805,0.471,0.099,2.664,0.075105,-0.803376,-0.072859,-0.586206,img_529.jpg
57934,1280,720,631.94293,353.39117,986.8637,986.74805,0.460,0.095,2.639,0.072768,-0.796961,-0.072595,-0.595222,img_530.jpg
58012,1280,720,631.94293,353.39117,986.8637,986.74805,0.442,0.092,2.605,0.069983,-0.789096,-0.071110,-0.606114,img_531.jpg
58093,1280,720,631.94293,353.39117,986.8637,986.74805,0.428,0.090,2.581,0.069498,-0.786084,-0.070347,-0.610159,img_532.jpg
58175,1280,720,631.94293,353.39117,986.8637,986.74805,0.405,0.092,2.547,0.066699,-0.787349,-0.070568,-0.608813,img_533.jpg
58258,1280,720,631.94293,353.39117,986.8637,986.74805,0.387,0.095,2.524,0.068935,-0.788723,-0.069461,-0.606910,img_534.jpg
58342,1280,720,631.94293,353.39117,986.8637,986.74805,0.359,0.099,2.486,0.070858,-0.787472,-0.068688,-0.608399,img_535.jpg
58425,1280,720,631.94293,353.39117,986.8637,986.74805,0.340,0.101,2.459,0.072783,-0.784793,-0.067533,-0.611753,img_536.jpg
58508,1280,720,631.94293,353.39117,986.8637,986.74805,0.314,0.105,2.420,0.081778,-0.778807,-0.063903,-0.618619,img_537.jpg
58593,1280,720,631.94293,353.39117,986.8637,986.74805,0.298,0.107,2.397,0.083828,-0.774820,-0.064506,-0.623270,img_538.jpg
58671,1280,720,631.94293,353.39117,986.8637,986.74805,0.279,0.111,2.361,0.080556,-0.772296,-0.061433,-0.627133,img_539.jpg
58758,1280,720,631.94293,353.39117,986.8637,986.74805,0.265,0.112,2.332,0.082264,-0.772791,-0.058042,-0.626624,img_540.jpg
58833,1280,720,631.94293,353.39117,986.8637,986.74805,0.253,0.111,2.305,0.083900,-0.774542,-0.057078,-0.624329,img_541.jpg
58907,1280,720,631.94293,353.39117,986.8637,986.74805,0.238,0.111,2.260,0.080842,-0.778977,-0.056332,-0.619262,img_542.jpg
58992,1280,720,631.94293,353.39117,986.8637,986.74805,0.237,0.112,2.234,0.078654,-0.783249,-0.055823,-0.614181,img_543.jpg
59067,1280,720,631.94293,353.39117,986.8637,986.74805,0.229,0.112,2.200,0.074910,-0.787832,-0.057600,-0.608598,img_544.jpg
59157,1280,720,631.94293,353.39117,986.8637,986.74805,0.219,0.115,2.150,0.069846,-0.791307,-0.069192,-0.603463,img_545.jpg
59231,1280,720,631.94293,353.39117,986.8637,986.74805,0.212,0.117,2.113,0.072807,-0.790929,-0.072971,-0.603163,img_546.jpg
59324,1280,720,631.94293,353.39117,986.8637,986.74805,0.206,0.123,2.058,0.071060,-0.792312,-0.064511,-0.602521,img_547.jpg
59397,1280,720,631.94293,353.39117,986.8637,986.74805,0.203,0.130,2.022,0.070737,-0.790103,-0.063115,-0.605600,img_548.jpg
59475,1280,720,631.94293,353.39117,986.8637,986.74805,0.197,0.135,1.980,0.060290,-0.790091,-0.058578,-0.607199,img_549.jpg
59559,1280,720,631.94293,353.39117,986.8637,986.74805,0.185,0.135,1.956,0.054363,-0.786943,-0.057357,-0.611944,img_550.jpg
59638,1280,720,631.94293,353.39117,986.8637,986.74805,0.177,0.138,1.928,0.052593,-0.784250,-0.054451,-0.615809,img_551.jpg
59725,1280,720,631.94293,353.39117,986.8637,986.74805,0.168,0.141,1.895,0.049910,-0.781438,-0.049659,-0.619998,img_552.jpg
59810,1280,720,631.94293,353.39117,986.8637,986.74805,0.158,0.143,1.860,0.046992,-0.780365,-0.046935,-0.621787,img_553.jpg
59894,1280,720,631.94293,353.39117,986.8637,986.74805,0.151,0.143,1.844,0.048086,-0.780940,-0.044595,-0.621154,img_554.jpg
59972,1280,720,631.94293,353.39117,986.8637,986.74805,0.135,0.140,1.826,0.048884,-0.781653,-0.047803,-0.619955,img_555.jpg
60059,1280,720,631.94293,353.39117,986.8637,986.74805,0.127,0.138,1.816,0.047727,-0.782025,-0.050778,-0.619338,img_556.jpg
60140,1280,720,631.94293,353.39117,986.8637,986.74805,0.116,0.135,1.805,0.049724,-0.782626,-0.053276,-0.618212,img_557.jpg
60213,1280,720,631.94293,353.39117,986.8637,986.74805,0.099,0.131,1.789,0.043602,-0.783409,-0.048575,-0.618069,img_558.jpg
60293,1280,720,631.94293,353.39117,986.8637,986.74805,0.090,0.129,1.782,0.043555,-0.785166,-0.050552,-0.615680,img_559.jpg
60366,1280,720,631.94293,353.39117,986.8637,986.74805,0.076,0.129,1.773,0.046544,-0.788653,-0.052659,-0.610809,img_560.jpg,marker_9.jpg,0.28153935,0.28153935,-0.588,0.021,1.954,-0.401779,-0.582350,0.596370,0.596370
60438,1280,720,631.94293,353.39117,986.8637,986.74805,0.062,0.129,1.763,0.045150,-0.795391,-0.053882,-0.602006,img_561.jpg
60525,1280,720,631.94293,353.39117,986.8637,986.74805,0.053,0.129,1.756,0.048127,-0.802660,-0.055879,-0.591861,img_562.jpg,marker_9.jpg,0.2752978,0.2752978,-0.578,0.023,1.959,-0.401086,-0.584254,0.590327,0.590327
60602,1280,720,631.94293,353.39117,986.8637,986.74805,0.043,0.129,1.748,0.049417,-0.809070,-0.054964,-0.583046,img_563.jpg
60676,1280,720,631.94293,353.39117,986.8637,986.74805,0.031,0.131,1.739,0.048539,-0.810649,-0.054209,-0.580994,img_564.jpg
60775,1280,720,631.94293,353.39117,986.8637,986.74805,0.019,0.131,1.730,0.052946,-0.813662,-0.054410,-0.576360,img_565.jpg
60859,1280,720,631.94293,353.39117,986.8637,986.74805,0.015,0.131,1.723,0.051522,-0.814862,-0.054342,-0.574798,img_566.jpg
60926,1280,720,631.94293,353.39117,986.8637,986.74805,0.008,0.130,1.713,0.052496,-0.815621,-0.053066,-0.573751,img_567.jpg
61002,1280,720,631.94293,353.39117,986.8637,986.74805,-0.009,0.128,1.689,0.059535,-0.816758,-0.050640,-0.571662,img_568.jpg
61094,1280,720,631.94293,353.39117,986.8637,986.74805,-0.016,0.126,1.670,0.064483,-0.816416,-0.049762,-0.571691,img_569.jpg
61169,1280,720,631.94293,353.39117,986.8637,986.74805,-0.026,0.124,1.632,0.070932,-0.815583,-0.049542,-0.572135,img_570.jpg,marker_9.jpg,0.27218544,0.27218544,-0.572,0.023,1.958,-0.416982,-0.574638,0.577227,0.577227
61259,1280,720,631.94293,353.39117,986.8637,986.74805,-0.032,0.124,1.602,0.071699,-0.814537,-0.047105,-0.573733,img_571.jpg
61340,1280,720,631.94293,353.39117,986.8637,986.74805,-0.041,0.124,1.555,0.072583,-0.813211,-0.044042,-0.575743,img_572.jpg
61425,1280,720,631.94293,353.39117,986.8637,986.74805,-0.046,0.124,1.520,0.071865,-0.812704,-0.043904,-0.576559,img_573.jpg
61510,1280,720,631.94293,353.39117,986.8637,986.74805,-0.052,0.126,1.463,0.074938,-0.809969,-0.044893,-0.579930,img_574.jpg
61596,1280,720,631.94293,353.39117,986.8637,986.74805,-0.055,0.128,1.425,0.074462,-0.807127,-0.044799,-0.583947,img_575.jpg
61671,1280,720,631.94293,353.39117,986.8637,986.74805,-0.059,0.127,1.369,0.077321,-0.801847,-0.048854,-0.590489,img_576.jpg
61759,1280,720,631.94293,353.39117,986.8637,986.74805,-0.062,0.126,1.334,0.078762,-0.797423,-0.053669,-0.595846,img_577.jpg
61837,1280,720,631.94293,353.39117,986.8637,986.74805,-0.064,0.123,1.288,0.078330,-0.788114,-0.058117,-0.607752,img_578.jpg
61924,1280,720,631.94293,353.39117,986.8637,986.74805,-0.068,0.122,1.259,0.080154,-0.782198,-0.056481,-0.615266,img_579.jpg
62000,1280,720,631.94293,353.39117,986.8637,986.74805,-0.076,0.122,1.229,0.085148,-0.775873,-0.053893,-0.622789,img_580.jpg
62074,1280,720,631.94293,353.39117,986.8637,986.74805,-0.090,0.118,1.185,0.091101,-0.766518,-0.052342,-0.633570,img_581.jpg
62158,1280,720,631.94293,353.39117,986.8637,986.74805,-0.100,0.115,1.151,0.094399,-0.759931,-0.051072,-0.641081,img_582.jpg
62235,1280,720,631.94293,353.39117,986.8637,986.74805,-0.113,0.112,1.122,0.096222,-0.753999,-0.049280,-0.647919,img_583.jpg
62324,1280,720,631.94293,353.39117,986.8637,986.74805,-0.136,0.107,1.075,0.095121,-0.746043,-0.048925,-0.657250,img_584.jpg
62394,1280,720,631.94293,353.39117,986.8637,986.74805,-0.154,0.102,1.046,0.095804,-0.743818,-0.048732,-0.659683,img_585.jpg
62491,1280,720,631.94293,353.39117,986.8637,986.74805,-0.184,0.096,1.007,0.087253,-0.740314,-0.060530,-0.663821,img_586.jpg
62564,1280,720,631.94293,353.39117,986.8637,986.74805,-0.203,0.093,0.981,0.075701,-0.736873,-0.069950,-0.668128,img_587.jpg
62641,1280,720,631.94293,353.39117,986.8637,986.74805,-0.236,0.092,0.937,0.085628,-0.730550,-0.080832,-0.672630,img_588.jpg
62724,1280,720,631.94293,353.39117,986.8637,986.74805,-0.253,0.094,0.908,0.079767,-0.724922,-0.083061,-0.679136,img_589.jpg
62810,1280,720,631.94293,353.39117,986.8637,986.74805,-0.277,0.096,0.861,0.084292,-0.714685,-0.082980,-0.689373,img_590.jpg
62892,1280,720,631.94293,353.39117,986.8637,986.74805,-0.292,0.098,0.831,0.085935,-0.710022,-0.080880,-0.694221,img_591.jpg
62969,1280,720,631.94293,353.39117,986.8637,986.74805,-0.310,0.100,0.784,0.086786,-0.706069,-0.072777,-0.699026,img_592.jpg
63058,1280,720,631.94293,353.39117,986.8637,986.74805,-0.323,0.100,0.751,0.092347,-0.707475,-0.067243,-0.697445,img_593.jpg
63141,1280,720,631.94293,353.39117,986.8637,986.74805,-0.335,0.099,0.718,0.091637,-0.710843,-0.064221,-0.694393,img_594.jpg
63215,1280,720,631.94293,353.39117,986.8637,986.74805,-0.350,0.098,0.665,0.087859,-0.719367,-0.058100,-0.686598,img_595.jpg
63308,1280,720,631.94293,353.39117,986.8637,986.74805,-0.371,0.105,0.612,0.080476,-0.727192,-0.055367,-0.679448,img_596.jpg
63392,1280,720,631.94293,353.39117,986.8637,986.74805,-0.371,0.105,0.612,0.080476,-0.727192,-0.055367,-0.679448,img_597.jpg
63474,1280,720,631.94293,353.39117,986.8637,986.74805,-0.371,0.105,0.612,0.080476,-0.727192,-0.055367,-0.679448,img_598.jpg
63558,1280,720,631.94293,353.39117,986.8637,986.74805,-0.371,0.105,0.612,0.080476,-0.727192,-0.055367,-0.679448,img_599.jpg
63636,1280,720,631.94293,353.39117,986.8637,986.74805,-0.371,0.105,0.612,0.080476,-0.727192,-0.055367,-0.679448,img_600.jpg
63724,1280,720,631.94293,353.39117,986.8637,986.74805,-0.371,0.105,0.612,0.080476,-0.727192,-0.055367,-0.679448,img_601.jpg
63795,1280,720,631.94293,353.39117,986.8637,986.74805,-0.371,0.105,0.612,0.080476,-0.727192,-0.055367,-0.679448,img_602.jpg
63892,1280,720,631.94293,353.39117,986.8637,986.74805,-0.371,0.105,0.612,0.080476,-0.727192,-0.055367,-0.679448,img_603.jpg
63966,1280,720,631.94293,353.39117,986.8637,986.74805,-0.371,0.105,0.612,0.080476,-0.727192,-0.055367,-0.679448,img_604.jpg
64057,1280,720,631.94293,353.39117,986.8637,986.74805,-0.371,0.105,0.612,0.080476,-0.727192,-0.055367,-0.679448,img_605.jpg
64132,1280,720,631.94293,353.39117,986.8637,986.74805,-0.371,0.105,0.612,0.080476,-0.727192,-0.055367,-0.679448,img_606.jpg
64225,1280,720,631.94293,353.39117,986.8637,986.74805,-0.371,0.105,0.612,0.080476,-0.727192,-0.055367,-0.679448,img_607.jpg
64301,1280,720,631.94293,353.39117,986.8637,986.74805,-0.371,0.105,0.612,0.080476,-0.727192,-0.055367,-0.679448,img_608.jpg
64392,1280,720,631.94293,353.39117,986.8637,986.74805,-4.026,0.118,2.521,0.024784,-0.781326,-0.046557,-0.621890,img_609.jpg
64467,1280,720,631.94293,353.39117,986.8637,986.74805,-4.042,0.115,2.508,0.034212,-0.787709,-0.043450,-0.613560,img_610.jpg
64557,1280,720,631.94293,353.39117,986.8637,986.74805,-4.045,0.116,2.512,0.034153,-0.789776,-0.040902,-0.611077,img_611.jpg
64635,1280,720,631.94293,353.39117,986.8637,986.74805,-4.064,0.115,2.504,0.033133,-0.790296,-0.043398,-0.610288,img_612.jpg
64725,1280,720,631.94293,353.39117,986.8637,986.74805,-4.072,0.115,2.501,0.038301,-0.793340,-0.043216,-0.606034,img_613.jpg
64797,1280,720,631.94293,353.39117,986.8637,986.74805,-4.081,0.114,2.499,0.040392,-0.794335,-0.047134,-0.604301,img_614.jpg
64878,1280,720,631.94293,353.39117,986.8637,986.74805,-4.095,0.115,2.489,0.042291,-0.798807,-0.045344,-0.598383,img_615.jpg
64958,1280,720,631.94293,353.39117,986.8637,986.74805,-4.102,0.116,2.483,0.046565,-0.802816,-0.042313,-0.592897,img_616.jpg
65036,1280,720,631.94293,353.39117,986.8637,986.74805,-4.111,0.115,2.476,0.045605,-0.805862,-0.043422,-0.588745,img_617.jpg
65125,1280,720,631.94293,353.39117,986.8637,986.74805,-4.118,0.116,2.467,0.049523,-0.810450,-0.041799,-0.582213,img_618.jpg
65203,1280,720,631.94293,353.39117,986.8637,986.74805,-4.122,0.115,2.460,0.051679,-0.813938,-0.041394,-0.577166,img_619.jpg,marker_10.jpg,0.2508422,0.2508422,-4.600,0.021,2.632,-0.391404,-0.576128,0.614603,0.614603
65291,1280,720,631.94293,353.39117,986.8637,986.74805,-4.126,0.117,2.446,0.050718,-0.817667,-0.038079,-0.572187,img_620.jpg
65362,1280,720,631.94293,353.39117,986.8637,986.74805,-4.132,0.120,2.436,0.054018,-0.821960,-0.034059,-0.565954,img_621.jpg
65437,1280,720,631.94293,353.39117,986.8637,986.74805,-4.135,0.121,2.424,0.054401,-0.827659,-0.034706,-0.557510,img_622.jpg
65526,1280,720,631.94293,353.39117,986.8637,986.74805,-4.136,0.122,2.413,0.052184,-0.833735,-0.033539,-0.548669,img_623.jpg
65610,1280,720,631.94293,353.39117,986.8637,986.74805,-4.137,0.122,2.402,0.052010,-0.839871,-0.034612,-0.539179,img_624.jpg,marker_10.jpg,0.24848096,0.24848096,-4.603,0.019,2.629,-0.403848,-0.567917,0.606532,0.606532
65692,1280,720,631.94293,353.39117,986.8637,986.74805,-4.137,0.122,2.393,0.051914,-0.843850,-0.033615,-0.533003,img_625.jpg
65764,1280,720,631.94293,353.39117,986.8637,986.74805,-4.135,0.122,2.382,0.050189,-0.848708,-0.032661,-0.525461,img_626.jpg
65858,1280,720,631.94293,353.39117,986.8637,986.74805,-4.137,0.121,2.373,0.049081,-0.850836,-0.034654,-0.521984,img_627.jpg
65926,1280,720,631.94293,353.39117,986.8637,986.74805,-4.137,0.119,2.368,0.050199,-0.851995,-0.035122,-0.519953,img_628.jpg
66001,1280,720,631.94293,353.39117,986.8637,986.74805,-4.137,0.116,2.365,0.050627,-0.853663,-0.038629,-0.516919,img_629.jpg
66091,1280,720,631.94293,353.39117,986.8637,986.74805,-4.137,0.115,2.361,0.055708,-0.854249,-0.040379,-0.515291,img_630.jpg
66163,1280,720,631.94293,353.39117,986.8637,986.74805,-4.137,0.114,2.353,0.063161,-0.851831,-0.040607,-0.518407,img_631.jpg,marker_10.jpg,0.2447433,0.2447433,-4.600,0.018,2.622,-0.413416,-0.564082,0.589807,0.589807
66245,1280,720,631.94293,353.39117,986.8637,986.74805,-4.140,0.111,2.338,0.066843,-0.841204,-0.044190,-0.534748,img_632.jpg
66325,1280,720,631.94293,353.39117,986.8637,986.74805,-4.142,0.109,2.326,0.066222,-0.832876,-0.048241,-0.547361,img_633.jpg
66403,1280,720,631.94293,353.39117,986.8637,986.74805,-4.146,0.109,2.301,0.069017,-0.819832,-0.050378,-0.566193,img_634.jpg
66493,1280,720,631.94293,353.39117,986.8637,986.74805,-4.148,0.110,2.281,0.071935,-0.810903,-0.050807,-0.578515,img_635.jpg
66567,1280,720,631.94293,353.39117,986.8637,986.74805,-4.148,0.110,2.257,0.075065,-0.796843,-0.052608,-0.597192,img_636.jpg
66658,1280,720,631.94293,353.39117,986.8637,986.74805,-4.147,0.110,2.240,0.075217,-0.787231,-0.054681,-0.609606,img_637.jpg
66738,1280,720,631.94293,353.39117,986.8637,986.74805,-4.143,0.110,2.217,0.076641,-0.772774,-0.054515,-0.627674,img_638.jpg
66825,1280,720,631.94293,353.39117,986.8637,986.74805,-4.141,0.110,2.202,0.077507,-0.763015,-0.054262,-0.639419,img_639.jpg
66909,1280,720,631.94293,353.39117,986.8637,986.74805,-4.137,0.110,2.179,0.078136,-0.749980,-0.052666,-0.654715,img_640.jpg
66992,1280,720,631.94293,353.39117,986.8637,986.74805,-4.136,0.110,2.164,0.078740,-0.742982,-0.051691,-0.662651,img_641.jpg
67068,1280,720,631.94293,353.39117,986.8637,986.74805,-4.132,0.109,2.143,0.081238,-0.732495,-0.051444,-0.673948,img_642.jpg
67158,1280,720,631.94293,353.39117,986.8637,986.74805,-4.130,0.108,2.129,0.081928,-0.723811,-0.051515,-0.683178,img_643.jpg
67236,1280,720,631.94293,353.39117,986.8637,986.74805,-4.129,0.105,2.104,0.085412,-0.706072,-0.051307,-0.701095,img_644.jpg
67325,1280,720,631.94293,353.39117,986.8637,986.74805,-4.128,0.103,2.085,0.089725,-0.690241,-0.049431,-0.716291,img_645.jpg
67409,1280,720,631.94293,353.39117,986.8637,986.74805,-4.127,0.102,2.066,0.091821,-0.674517,-0.050347,-0.730794,img_646.jpg
67487,1280,720,631.94293,353.39117,986.8637,986.74805,-4.123,0.100,2.035,0.093309,-0.650690,-0.052754,-0.751740,img_647.jpg
67575,1280,720,631.94293,353.39117,986.8637,986.74805,-4.119,0.097,2.003,0.099349,-0.623376,-0.053269,-0.773753,img_648.jpg
67658,1280,720,631.94293,353.39117,986.8637,986.74805,-4.114,0.097,1.983,0.098719,-0.604599,-0.051697,-0.788697,img_649.jpg
67734,1280,720,631.94293,353.39117,986.8637,986.74805,-4.111,0.097,1.964,0.099793,-0.584542,-0.049424,-0.803685,img_650.jpg
67825,1280,720,631.94293,353.39117,986.8637,986.74805,-4.108,0.095,1.935,0.104080,-0.549937,-0.046766,-0.827375,img_651.jpg
67901,1280,720,631.94293,353.39117,986.8637,986.74805,-4.109,0.093,1.909,0.107621,-0.516210,-0.047341,-0.848354,img_652.jpg
67992,1280,720,631.94293,353.39117,986.8637,986.74805,-4.118,0.087,1.891,0.110312,-0.493439,-0.048287,-0.861405,img_653.jpg
68064,1280,720,631.94293,353.39117,986.8637,986.74805,-4.122,0.084,1.873,0.114066,-0.470963,-0.048440,-0.873405,img_654.jpg
68147,1280,720,631.94293,353.39117,986.8637,986.74805,-4.130,0.082,1.844,0.116715,-0.435949,-0.049315,-0.891007,img_655.jpg
68241,1280,720,631.94293,353.39117,986.8637,986.74805,-4.139,0.081,1.812,0.115413,-0.395926,-0.049443,-0.909658,img_656.jpg
68324,1280,720,631.94293,353.39117,986.8637,986.74805,-4.146,0.082,1.789,0.113776,-0.372142,-0.046820,-0.919986,img_657.jpg
68397,1280,720,631.94293,353.39117,986.8637,986.74805,-4.153,0.085,1.766,0.104004,-0.343552,-0.044114,-0.932314,img_658.jpg
68472,1280,720,631.94293,353.39117,986.8637,986.74805,-4.153,0.085,1.766,0.104004,-0.343552,-0.044114,-0.932314,img_659.jpg
68557,1280,720,631.94293,353.39117,986.8637,986.74805,-4.153,0.085,1.766,0.104004,-0.343552,-0.044114,-0.932314,img_660.jpg
68632,1280,720,631.94293,353.39117,986.8637,986.74805,-4.153,0.085,1.766,0.104004,-0.343552,-0.044114,-0.932314,img_661.jpg
68724,1280,720,631.94293,353.39117,986.8637,986.74805,-4.153,0.085,1.766,0.104004,-0.343552,-0.044114,-0.932314,img_662.jpg
68796,1280,720,631.94293,353.39117,986.8637,986.74805,-4.153,0.085,1.766,0.104004,-0.343552,-0.044114,-0.932314,img_663.jpg
68873,1280,720,631.94293,353.39117,986.8637,986.74805,-4.153,0.085,1.766,0.104004,-0.343552,-0.044114,-0.932314,img_664.jpg
68957,1280,720,631.94293,353.39117,986.8637,986.74805,-4.153,0.085,1.766,0.104004,-0.343552,-0.044114,-0.932314,img_665.jpg
69035,1280,720,631.94293,353.39117,986.8637,986.74805,-4.153,0.085,1.766,0.104004,-0.343552,-0.044114,-0.932314,img_666.jpg
69124,1280,720,631.94293,353.39117,986.8637,986.74805,-4.153,0.085,1.766,0.104004,-0.343552,-0.044114,-0.932314,img_667.jpg
69198,1280,720,631.94293,353.39117,986.8637,986.74805,-4.153,0.085,1.766,0.104004,-0.343552,-0.044114,-0.932314,img_668.jpg
69273,1280,720,631.94293,353.39117,986.8637,986.74805,-4.153,0.085,1.766,0.104004,-0.343552,-0.044114,-0.932314,img_669.jpg
69358,1280,720,631.94293,353.39117,986.8637,986.74805,-4.153,0.085,1.766,0.104004,-0.343552,-0.044114,-0.932314,img_670.jpg
69437,1280,720,631.94293,353.39117,986.8637,986.74805,-4.151,0.109,2.018,0.045717,-0.660988,-0.046351,-0.747567,img_671.jpg
69525,1280,720,631.94293,353.39117,986.8637,986.74805,-4.152,0.106,2.007,0.049364,-0.660673,-0.048223,-0.747495,img_672.jpg
69600,1280,720,631.94293,353.39117,986.8637,986.74805,-4.141,0.103,1.991,0.051756,-0.664128,-0.046826,-0.744354,img_673.jpg
69674,1280,720,631.94293,353.39117,986.8637,986.74805,-4.142,0.101,1.984,0.054705,-0.667709,-0.051460,-0.740624,img_674.jpg
69758,1280,720,631.94293,353.39117,986.8637,986.74805,-4.143,0.101,1.951,0.056061,-0.672017,-0.051448,-0.736616,img_675.jpg
69828,1280,720,631.94293,353.39117,986.8637,986.74805,-4.141,0.100,1.945,0.054947,-0.676763,-0.050323,-0.732421,img_676.jpg
69905,1280,720,631.94293,353.39117,986.8637,986.74805,-4.141,0.098,1.929,0.056629,-0.682020,-0.051759,-0.727298,img_677.jpg
69991,1280,720,631.94293,353.39117,986.8637,986.74805,-4.141,0.099,1.916,0.056961,-0.686735,-0.049888,-0.722954,img_678.jpg
70060,1280,720,631.94293,353.39117,986.8637,986.74805,-4.141,0.099,1.907,0.057121,-0.689194,-0.050460,-0.720557,img_679.jpg,marker_11.jpg,0.24357025,0.24357025,-4.717,-0.036,1.866,-0.511811,-0.481554,0.509587,0.509587
70141,1280,720,631.94293,353.39117,986.8637,986.74805,-4.141,0.098,1.895,0.059485,-0.695128,-0.050801,-0.714617,img_680.jpg
70225,1280,720,631.94293,353.39117,986.8637,986.74805,-4.139,0.099,1.886,0.060305,-0.699588,-0.051782,-0.710112,img_681.jpg
70300,1280,720,631.94293,353.39117,986.8637,986.74805,-4.136,0.099,1.880,0.061742,-0.703865,-0.052971,-0.705660,img_682.jpg
70377,1280,720,631.94293,353.39117,986.8637,986.74805,-4.128,0.100,1.871,0.061529,-0.711138,-0.052646,-0.698374,img_683.jpg
70458,1280,720,631.94293,353.39117,986.8637,986.74805,-4.125,0.100,1.864,0.060387,-0.715886,-0.052569,-0.693612,img_684.jpg
70539,1280,720,631.94293,353.39117,986.8637,986.74805,-4.120,0.098,1.853,0.061311,-0.720888,-0.051995,-0.688373,img_685.jpg,marker_11.jpg,0.2418297,0.2418297,-4.714,-0.037,1.860,-0.506771,-0.483323,0.512142,0.512142
70625,1280,720,631.94293,353.39117,986.8637,986.74805,-4.117,0.097,1.842,0.061339,-0.724293,-0.048313,-0.685057,img_686.jpg
70699,1280,720,631.94293,353.39117,986.8637,986.74805,-4.116,0.095,1.834,0.068919,-0.728810,-0.048887,-0.679483,img_687.jpg
70777,1280,720,631.94293,353.39117,986.8637,986.74805,-4.113,0.091,1.821,0.080163,-0.733525,-0.051328,-0.672964,img_688.jpg
70858,1280,720,631.94293,353.39117,986.8637,986.74805,-4.108,0.090,1.810,0.084680,-0.737408,-0.052923,-0.668025,img_689.jpg
70941,1280,720,631.94293,353.39117,986.8637,986.74805,-4.095,0.085,1.793,0.087851,-0.740064,-0.055543,-0.664457,img_690.jpg
71025,1280,720,631.94293,353.39117,986.8637,986.74805,-4.086,0.080,1.780,0.089928,-0.738285,-0.060776,-0.665699,img_691.jpg
71096,1280,720,631.94293,353.39117,986.8637,986.74805,-4.079,0.074,1.764,0.094145,-0.736305,-0.068090,-0.666600,img_692.jpg
71174,1280,720,631.94293,353.39117,986.8637,986.74805,-4.070,0.066,1.735,0.103244,-0.732275,-0.077362,-0.668678,img_693.jpg,marker_11.jpg,0.2577901,0.2577901,-4.741,-0.044,1.858,-0.519803,-0.471208,0.512493,0.512493
71275,1280,720,631.94293,353.39117,986.8637,986.74805,-4.062,0.059,1.706,0.121156,-0.728526,-0.082892,-0.669104,img_694.jpg
71358,1280,720,631.94293,353.39117,986.8637,986.74805,-4.058,0.055,1.683,0.129901,-0.727897,-0.085701,-0.667792,img_695.jpg
71431,1280,720,631.94293,353.39117,986.8637,986.74805,-4.049,0.051,1.664,0.135104,-0.732253,-0.087925,-0.661681,img_696.jpg
71514,1280,720,631.94293,353.39117,986.8637,986.74805,-4.036,0.044,1.624,0.139292,-0.734550,-0.090846,-0.657861,img_697.jpg
71611,1280,720,631.94293,353.39117,986.8637,986.74805,-4.022,0.042,1.583,0.132285,-0.728359,-0.093803,-0.665729,img_698.jpg
71693,1280,720,631.94293,353.39117,986.8637,986.74805,-4.014,0.042,1.552,0.128051,-0.725432,-0.098972,-0.668997,img_699.jpg
71769,1280,720,631.94293,353.39117,986.8637,986.74805,-4.003,0.046,1.500,0.107166,-0.721571,-0.106268,-0.675691,img_700.jpg
71858,1280,720,631.94293,353.39117,986.8637,986.74805,-3.997,0.050,1.458,0.105638,-0.723705,-0.106943,-0.673539,img_701.jpg
71938,1280,720,631.94293,353.39117,986.8637,986.74805,-3.992,0.055,1.400,0.103827,-0.720032,-0.113742,-0.676636,img_702.jpg
72025,1280,720,631.94293,353.39117,986.8637,986.74805,-3.985,0.057,1.362,0.092253,-0.713527,-0.121380,-0.683839,img_703.jpg
72098,1280,720,631.94293,353.39117,986.8637,986.74805,-3.979,0.059,1.326,0.083182,-0.705189,-0.122553,-0.693376,img_704.jpg
72173,1280,720,631.94293,353.39117,986.8637,986.74805,-3.974,0.064,1.271,0.089458,-0.700405,-0.113497,-0.698962,img_705.jpg
72258,1280,720,631.94293,353.39117,986.8637,986.74805,-3.971,0.066,1.231,0.095108,-0.701067,-0.102333,-0.699276,img_706.jpg
72335,1280,720,631.94293,353.39117,986.8637,986.74805,-3.958,0.071,1.162,0.099538,-0.703577,-0.063920,-0.700704,img_707.jpg
72425,1280,720,631.94293,353.39117,986.8637,986.74805,-3.948,0.070,1.112,0.105316,-0.699362,-0.058254,-0.704563,img_708.jpg
72497,1280,720,631.94293,353.39117,986.8637,986.74805,-3.939,0.069,1.067,0.094721,-0.694065,-0.065059,-0.710682,img_709.jpg
72575,1280,720,631.94293,353.39117,986.8637,986.74805,-3.920,0.070,1.000,0.082805,-0.685472,-0.084056,-0.718475,img_710.jpg
72658,1280,720,631.94293,353.39117,986.8637,986.74805,-3.910,0.075,0.954,0.071834,-0.686089,-0.087325,-0.718677,img_711.jpg
72739,1280,720,631.94293,353.39117,986.8637,986.74805,-3.899,0.081,0.894,0.073505,-0.686445,-0.103847,-0.715965,img_712.jpg
72825,1280,720,631.94293,353.39117,986.8637,986.74805,-3.889,0.086,0.858,0.076963,-0.691950,-0.108234,-0.709625,img_713.jpg
72903,1280,720,631.94293,353.39117,986.8637,986.74805,-3.872,0.091,0.811,0.076406,-0.696546,-0.105325,-0.705615,img_714.jpg
72996,1280,720,631.94293,353.39117,986.8637,986.74805,-3.865,0.091,0.772,0.078273,-0.695695,-0.106082,-0.706136,img_715.jpg
73067,1280,720,631.94293,353.39117,986.8637,986.74805,-3.845,0.088,0.735,0.076443,-0.695358,-0.103911,-0.706991,img_716.jpg
73158,1280,720,631.94293,353.39117,986.8637,986.74805,-3.829,0.084,0.712,0.073213,-0.694600,-0.100929,-0.708508,img_717.jpg
73232,1280,720,631.94293,353.39117,986.8637,986.74805,-3.804,0.077,0.684,0.070988,-0.696733,-0.105083,-0.706032,img_718.jpg
73324,1280,720,631.94293,353.39117,986.8637,986.74805,-3.783,0.073,0.665,0.067733,-0.699860,-0.106791,-0.702997,img_719.jpg
73398,1280,720,631.94293,353.39117,986.8637,986.74805,-3.748,0.072,0.638,0.061433,-0.707948,-0.107399,-0.695342,img_720.jpg
73492,1280,720,631.94293,353.39117,986.8637,986.74805,-3.723,0.074,0.621,0.059541,-0.712545,-0.110054,-0.690378,img_721.jpg
73565,1280,720,631.94293,353.39117,986.8637,986.74805,-3.681,0.080,0.597,0.053233,-0.710468,-0.115326,-0.692172,img_722.jpg
73658,1280,720,631.94293,353.39117,986.8637,986.74805,-3.651,0.086,0.581,0.051367,-0.710620,-0.113106,-0.692523,img_723.jpg
73747,1280,720,631.94293,353.39117,986.8637,986.74805,-3.651,0.086,0.581,0.051367,-0.710620,-0.113106,-0.692523,img_724.jpg
73824,1280,720,631.94293,353.39117,986.8637,986.74805,-3.651,0.086,0.581,0.051367,-0.710620,-0.113106,-0.692523,img_725.jpg
73893,1280,720,631.94293,353.39117,986.8637,986.74805,-3.651,0.086,0.581,0.051367,-0.710620,-0.113106,-0.692523,img_726.jpg
73962,1280,720,631.94293,353.39117,986.8637,986.74805,-3.651,0.086,0.581,0.051367,-0.710620,-0.113106,-0.692523,img_727.jpg
74040,1280,720,631.94293,353.39117,986.8637,986.74805,-3.651,0.086,0.581,0.051367,-0.710620,-0.113106,-0.692523,img_728.jpg
74124,1280,720,631.94293,353.39117,986.8637,986.74805,-3.651,0.086,0.581,0.051367,-0.710620,-0.113106,-0.692523,img_729.jpg
74191,1280,720,631.94293,353.39117,986.8637,986.74805,-3.651,0.086,0.581,0.051367,-0.710620,-0.113106,-0.692523,img_730.jpg
74268,1280,720,631.94293,353.39117,986.8637,986.74805,-3.651,0.086,0.581,0.051367,-0.710620,-0.113106,-0.692523,img_731.jpg
74341,1280,720,631.94293,353.39117,986.8637,986.74805,-3.651,0.086,0.581,0.051367,-0.710620,-0.113106,-0.692523,img_732.jpg
74424,1280,720,631.94293,353.39117,986.8637,986.74805,-3.651,0.086,0.581,0.051367,-0.710620,-0.113106,-0.692523,img_733.jpg
74492,1280,720,631.94293,353.39117,986.8637,986.74805,-3.651,0.086,0.581,0.051367,-0.710620,-0.113106,-0.692523,img_734.jpg
74559,1280,720,631.94293,353.39117,986.8637,986.74805,-3.651,0.086,0.581,0.051367,-0.710620,-0.113106,-0.692523,img_735.jpg
74636,1280,720,631.94293,353.39117,986.8637,986.74805,-3.924,0.090,0.830,0.034976,-0.720526,-0.067199,-0.689277,img_736.jpg
74708,1280,720,631.94293,353.39117,986.8637,986.74805,-3.926,0.089,0.810,0.035305,-0.724234,-0.069624,-0.685121,img_737.jpg
74792,1280,720,631.94293,353.39117,986.8637,986.74805,-3.911,0.088,0.811,0.031867,-0.729441,-0.066620,-0.680046,img_738.jpg
74864,1280,720,631.94293,353.39117,986.8637,986.74805,-3.909,0.087,0.800,0.034437,-0.733152,-0.065011,-0.676074,img_739.jpg
74941,1280,720,631.94293,353.39117,986.8637,986.74805,-3.910,0.086,0.820,0.041638,-0.735532,-0.063493,-0.673222,img_740.jpg
75025,1280,720,631.94293,353.39117,986.8637,986.74805,-3.907,0.086,0.816,0.041011,-0.735541,-0.063080,-0.673289,img_741.jpg
75091,1280,720,631.94293,353.39117,986.8637,986.74805,-3.906,0.086,0.819,0.042984,-0.735037,-0.062417,-0.673779,img_742.jpg
75157,1280,720,631.94293,353.39117,986.8637,986.74805,-3.902,0.085,0.823,0.042601,-0.733324,-0.060761,-0.675818,img_743.jpg
75234,1280,720,631.94293,353.39117,986.8637,986.74805,-3.893,0.085,0.827,0.040798,-0.728617,-0.059526,-0.681110,img_744.jpg
75308,1280,720,631.94293,353.39117,986.8637,986.74805,-3.882,0.084,0.829,0.038589,-0.726604,-0.054276,-0.683821,img_745.jpg,marker_12.jpg,0.31672174,0.31672174,-4.721,-0.145,0.848,-0.516868,-0.501845,0.490437,0.490437
75393,1280,720,631.94293,353.39117,986.8637,986.74805,-3.867,0.084,0.838,0.037367,-0.723415,-0.050367,-0.687559,img_746.jpg
75475,1280,720,631.94293,353.39117,986.8637,986.74805,-3.857,0.083,0.847,0.038134,-0.722767,-0.047626,-0.688393,img_747.jpg
75542,1280,720,631.94293,353.39117,986.8637,986.74805,-3.849,0.082,0.856,0.036535,-0.720591,-0.047282,-0.690781,img_748.jpg
75625,1280,720,631.94293,353.39117,986.8637,986.74805,-3.837,0.077,0.869,0.033619,-0.720186,-0.049117,-0.691223,img_749.jpg
75708,1280,720,631.94293,353.39117,986.8637,986.74805,-3.832,0.076,0.879,0.034413,-0.718853,-0.051976,-0.692362,img_750.jpg,marker_12.jpg,0.31976575,0.31976575,-4.730,-0.146,0.857,-0.509915,-0.501281,0.528060,0.528060
75794,1280,720,631.94293,353.39117,986.8637,986.74805,-3.825,0.072,0.888,0.032428,-0.718971,-0.054525,-0.692139,img_751.jpg
75864,1280,720,631.94293,353.39117,986.8637,986.74805,-3.817,0.066,0.898,0.036558,-0.719523,-0.057837,-0.691090,img_752.jpg
75942,1280,720,631.94293,353.39117,986.8637,986.74805,-3.814,0.062,0.903,0.039768,-0.718394,-0.062032,-0.691723,img_753.jpg
76025,1280,720,631.94293,353.39117,986.8637,986.74805,-3.808,0.057,0.906,0.039845,-0.716461,-0.063887,-0.693552,img_754.jpg
76089,1280,720,631.94293,353.39117,986.8637,986.74805,-3.804,0.054,0.905,0.039742,-0.713329,-0.063801,-0.696787,img_755.jpg
76175,1280,720,631.94293,353.39117,986.8637,986.74805,-3.801,0.053,0.900,0.036333,-0.707500,-0.058608,-0.703341,img_756.jpg
76259,1280,720,631.94293,353.39117,986.8637,986.74805,-3.808,0.055,0.896,0.037781,-0.705866,-0.054836,-0.705209,img_757.jpg
76324,1280,720,631.94293,353.39117,986.8637,986.74805,-3.819,0.057,0.891,0.042070,-0.703912,-0.057664,-0.706692,img_758.jpg,marker_12.jpg,0.3137814,0.3137814,-4.728,-0.144,0.864,-0.500733,-0.514207,0.489244,0.489244
76395,1280,720,631.94293,353.39117,986.8637,986.74805,-3.828,0.056,0.887,0.048169,-0.704286,-0.059258,-0.705797,img_759.jpg
76468,1280,720,631.94293,353.39117,986.8637,986.74805,-3.841,0.056,0.880,0.046675,-0.708544,-0.057538,-0.701767,img_760.jpg
76542,1280,720,631.94293,353.39117,986.8637,986.74805,-3.853,0.054,0.874,0.050389,-0.712243,-0.056853,-0.697810,img_761.jpg
76625,1280,720,631.94293,353.39117,986.8637,986.74805,-3.864,0.054,0.869,0.051041,-0.714493,-0.055059,-0.695603,img_762.jpg
76691,1280,720,631.94293,353.39117,986.8637,986.74805,-3.879,0.056,0.863,0.044515,-0.712476,-0.054377,-0.698169,img_763.jpg
76759,1280,720,631.94293,353.39117,986.8637,986.74805,-3.893,0.058,0.857,0.045287,-0.717701,-0.054521,-0.692736,img_764.jpg
76833,1280,720,631.94293,353.39117,986.8637,986.74805,-3.915,0.058,0.847,0.050405,-0.725391,-0.055886,-0.684211,img_765.jpg
76926,1280,720,631.94293,353.39117,986.8637,986.74805,-3.938,0.060,0.830,0.050993,-0.729346,-0.054640,-0.680051,img_766.jpg,marker_12.jpg,0.30668566,0.30668566,-4.710,-0.139,0.873,-0.494285,-0.514049,0.516127,0.516127
