time,sizeX,sizeY,p_x,p_y,f_x,f_y,pos_X,pos_Y,pos_Z,q_x,q_y,q_z,q_w,marker_ID,marker_x,marker_y,marker_z,marker_qx,marker_qy,marker_qz,marker_qw,marker_ID,marker_x,marker_y,marker_z,marker_qx,marker_qy,marker_qz,marker_qw,marker_ID,marker_x,marker_y,marker_z,marker_qx,marker_qy,marker_qz,marker_qw,
20110,1280,720,631.94293,353.39117,986.8637,986.74805,0.106,0.231,0.922,0.114726,-0.001405,-0.000930,-0.993396,img_1.jpg
20203,1280,720,631.94293,353.39117,986.8637,986.74805,0.115,0.233,0.938,0.120441,-0.005301,0.000209,-0.992706,img_2.jpg,marker_1.jpg,0.27041546,0.27041546,0.091,0.055,0.287,-0.716429,-0.003702,-0.001303,-0.001303
20296,1280,720,631.94293,353.39117,986.8637,986.74805,0.120,0.232,0.951,0.123444,-0.008126,-0.000783,-0.992318,img_3.jpg
20378,1280,720,631.94293,353.39117,986.8637,986.74805,0.123,0.233,0.958,0.122978,-0.010943,-0.000158,-0.992349,img_4.jpg
20461,1280,720,631.94293,353.39117,986.8637,986.74805,0.128,0.235,0.966,0.122105,-0.009725,0.001882,-0.992468,img_5.jpg
20543,1280,720,631.94293,353.39117,986.8637,986.74805,0.132,0.237,0.970,0.119434,-0.009734,0.005945,-0.992777,img_6.jpg
20616,1280,720,631.94293,353.39117,986.8637,986.74805,0.137,0.238,0.970,0.117267,-0.009477,0.007800,-0.993025,img_7.jpg
20712,1280,720,631.94293,353.39117,986.8637,986.74805,0.147,0.238,0.968,0.114485,-0.003852,0.009488,-0.993372,img_8.jpg,marker_1.jpg,0.26347557,0.26347557,0.096,0.060,0.296,-0.688963,-0.004969,-0.004807,-0.004807
20794,1280,720,631.94293,353.39117,986.8637,986.74805,0.154,0.239,0.963,0.113460,-0.003613,0.012013,-0.993463,img_9.jpg
20859,1280,720,631.94293,353.39117,986.8637,986.74805,0.163,0.239,0.958,0.114305,0.006018,0.015706,-0.993303,img_10.jpg
20937,1280,720,631.94293,353.39117,986.8637,986.74805,0.174,0.238,0.955,0.118024,0.016754,0.017952,-0.992707,img_11.jpg
21011,1280,720,631.94293,353.39117,986.8637,986.74805,0.193,0.236,0.952,0.118949,0.043554,0.014350,-0.991841,img_12.jpg
21095,1280,720,631.94293,353.39117,986.8637,986.74805,0.213,0.238,0.952,0.119840,0.057933,0.020861,-0.990882,img_13.jpg
21171,1280,720,631.94293,353.39117,986.8637,986.74805,0.245,0.240,0.956,0.111717,0.075972,0.029012,-0.990407,img_14.jpg
21261,1280,720,631.94293,353.39117,986.8637,986.74805,0.269,0.241,0.958,0.110494,0.081790,0.032372,-0.989977,img_15.jpg
21331,1280,720,631.94293,353.39117,986.8637,986.74805,0.308,0.243,0.964,0.108534,0.080830,0.034432,-0.990203,img_16.jpg
21411,1280,720,631.94293,353.39117,986.8637,986.74805,0.335,0.244,0.970,0.106990,0.077067,0.034165,-0.990680,img_17.jpg
21477,1280,720,631.94293,353.39117,986.8637,986.74805,0.364,0.247,0.973,0.107843,0.067369,0.035990,-0.991230,img_18.jpg
21561,1280,720,631.94293,353.39117,986.8637,986.74805,0.394,0.250,0.978,0.112028,0.054755,0.038139,-0.991462,img_19.jpg
21633,1280,720,631.94293,353.39117,986.8637,986.74805,0.431,0.254,0.989,0.110261,0.041372,0.034473,-0.992443,img_20.jpg,marker_1.jpg,0.26525223,0.26525223,0.096,0.059,0.292,-0.689161,-0.001820,-0.008884,-0.008884
21712,1280,720,631.94293,353.39117,986.8637,986.74805,0.455,0.255,0.996,0.113631,0.032394,0.036254,-0.992333,img_21.jpg
21795,1280,720,631.94293,353.39117,986.8637,986.74805,0.480,0.256,1.003,0.117601,0.029936,0.037552,-0.991899,img_22.jpg
21868,1280,720,631.94293,353.39117,986.8637,986.74805,0.515,0.258,1.012,0.119520,0.035354,0.040725,-0.991366,img_23.jpg
21961,1280,720,631.94293,353.39117,986.8637,986.74805,0.553,0.258,1.020,0.118981,0.054940,0.045370,-0.990337,img_24.jpg
22044,1280,720,631.94293,353.39117,986.8637,986.74805,0.579,0.257,1.023,0.120421,0.072983,0.048137,-0.988866,img_25.jpg
22127,1280,720,631.94293,353.39117,986.8637,986.74805,0.605,0.256,1.024,0.122392,0.091991,0.052306,-0.986824,img_26.jpg
22197,1280,720,631.94293,353.39117,986.8637,986.74805,0.645,0.253,1.021,0.128027,0.120147,0.061132,-0.982566,img_27.jpg
22278,1280,720,631.94293,353.39117,986.8637,986.74805,0.672,0.251,1.017,0.131530,0.137149,0.064912,-0.979631,img_28.jpg
22360,1280,720,631.94293,353.39117,986.8637,986.74805,0.701,0.248,1.013,0.134478,0.154157,0.066930,-0.976561,img_29.jpg
22436,1280,720,631.94293,353.39117,986.8637,986.74805,0.746,0.245,1.005,0.135687,0.177721,0.065320,-0.972490,img_30.jpg
22527,1280,720,631.94293,353.39117,986.8637,986.74805,0.778,0.242,0.999,0.136945,0.181939,0.063867,-0.971630,img_31.jpg
22602,1280,720,631.94293,353.39117,986.8637,986.74805,0.813,0.240,0.989,0.137255,0.194173,0.058027,-0.969583,img_32.jpg
22678,1280,720,631.94293,353.39117,986.8637,986.74805,0.866,0.238,0.971,0.134896,0.202065,0.045523,-0.968969,img_33.jpg
22751,1280,720,631.94293,353.39117,986.8637,986.74805,0.897,0.239,0.954,0.135395,0.197491,0.038093,-0.970162,img_34.jpg
22827,1280,720,631.94293,353.39117,986.8637,986.74805,0.950,0.241,0.935,0.136464,0.209110,0.036117,-0.967650,img_35.jpg
22911,1280,720,631.94293,353.39117,986.8637,986.74805,0.986,0.241,0.925,0.136877,0.211384,0.042308,-0.966846,img_36.jpg
22995,1280,720,631.94293,353.39117,986.8637,986.74805,1.038,0.238,0.912,0.143038,0.216723,0.056502,-0.964043,img_37.jpg
23078,1280,720,631.94293,353.39117,986.8637,986.74805,1.072,0.237,0.908,0.139887,0.220777,0.058231,-0.963482,img_38.jpg
23160,1280,720,631.94293,353.39117,986.8637,986.74805,1.125,0.232,0.904,0.141276,0.217458,0.064301,-0.963649,img_39.jpg
23244,1280,720,631.94293,353.39117,986.8637,986.74805,1.161,0.230,0.905,0.138767,0.215347,0.061721,-0.964655,img_40.jpg
23327,1280,720,631.94293,353.39117,986.8637,986.74805,1.200,0.228,0.909,0.132887,0.210892,0.056926,-0.966760,img_41.jpg
23399,1280,720,631.94293,353.39117,986.8637,986.74805,1.267,0.225,0.920,0.131811,0.209489,0.054042,-0.967378,img_42.jpg
23478,1280,720,631.94293,353.39117,986.8637,986.74805,1.312,0.228,0.933,0.127929,0.205984,0.049053,-0.968916,img_43.jpg
23542,1280,720,631.94293,353.39117,986.8637,986.74805,1.312,0.228,0.933,0.127929,0.205984,0.049053,-0.968916,img_44.jpg
23610,1280,720,631.94293,353.39117,986.8637,986.74805,1.312,0.228,0.933,0.127929,0.205984,0.049053,-0.968916,img_45.jpg
23670,1280,720,631.94293,353.39117,986.8637,986.74805,1.312,0.228,0.933,0.127929,0.205984,0.049053,-0.968916,img_46.jpg
23744,1280,720,631.94293,353.39117,986.8637,986.74805,1.312,0.228,0.933,0.127929,0.205984,0.049053,-0.968916,img_47.jpg
23807,1280,720,631.94293,353.39117,986.8637,986.74805,1.312,0.228,0.933,0.127929,0.205984,0.049053,-0.968916,img_48.jpg
23878,1280,720,631.94293,353.39117,986.8637,986.74805,1.312,0.228,0.933,0.127929,0.205984,0.049053,-0.968916,img_49.jpg
23961,1280,720,631.94293,353.39117,986.8637,986.74805,1.312,0.228,0.933,0.127929,0.205984,0.049053,-0.968916,img_50.jpg
24026,1280,720,631.94293,353.39117,986.8637,986.74805,1.312,0.228,0.933,0.127929,0.205984,0.049053,-0.968916,img_51.jpg
24095,1280,720,631.94293,353.39117,986.8637,986.74805,1.312,0.228,0.933,0.127929,0.205984,0.049053,-0.968916,img_52.jpg
24161,1280,720,631.94293,353.39117,986.8637,986.74805,1.312,0.228,0.933,0.127929,0.205984,0.049053,-0.968916,img_53.jpg
24227,1280,720,631.94293,353.39117,986.8637,986.74805,1.312,0.228,0.933,0.127929,0.205984,0.049053,-0.968916,img_54.jpg
24311,1280,720,631.94293,353.39117,986.8637,986.74805,1.312,0.228,0.933,0.127929,0.205984,0.049053,-0.968916,img_55.jpg
24368,1280,720,631.94293,353.39117,986.8637,986.74805,1.312,0.228,0.933,0.127929,0.205984,0.049053,-0.968916,img_56.jpg
24444,1280,720,631.94293,353.39117,986.8637,986.74805,1.312,0.228,0.933,0.127929,0.205984,0.049053,-0.968916,img_57.jpg
24511,1280,720,631.94293,353.39117,986.8637,986.74805,1.312,0.228,0.933,0.127929,0.205984,0.049053,-0.968916,img_58.jpg
24572,1280,720,631.94293,353.39117,986.8637,986.74805,1.312,0.228,0.933,0.127929,0.205984,0.049053,-0.968916,img_59.jpg
24644,1280,720,631.94293,353.39117,986.8637,986.74805,1.312,0.228,0.933,0.127929,0.205984,0.049053,-0.968916,img_60.jpg
24708,1280,720,631.94293,353.39117,986.8637,986.74805,1.312,0.228,0.933,0.127929,0.205984,0.049053,-0.968916,img_61.jpg
24778,1280,720,631.94293,353.39117,986.8637,986.74805,1.312,0.228,0.933,0.127929,0.205984,0.049053,-0.968916,img_62.jpg
24861,1280,720,631.94293,353.39117,986.8637,986.74805,1.312,0.228,0.933,0.127929,0.205984,0.049053,-0.968916,img_63.jpg
24944,1280,720,631.94293,353.39117,986.8637,986.74805,1.312,0.228,0.933,0.127929,0.205984,0.049053,-0.968916,img_64.jpg
25006,1280,720,631.94293,353.39117,986.8637,986.74805,1.312,0.228,0.933,0.127929,0.205984,0.049053,-0.968916,img_65.jpg
25078,1280,720,631.94293,353.39117,986.8637,986.74805,1.312,0.228,0.933,0.127929,0.205984,0.049053,-0.968916,img_66.jpg
25161,1280,720,631.94293,353.39117,986.8637,986.74805,1.312,0.228,0.933,0.127929,0.205984,0.049053,-0.968916,img_67.jpg
25229,1280,720,631.94293,353.39117,986.8637,986.74805,1.312,0.228,0.933,0.127929,0.205984,0.049053,-0.968916,img_68.jpg
25311,1280,720,631.94293,353.39117,986.8637,986.74805,1.312,0.228,0.933,0.127929,0.205984,0.049053,-0.968916,img_69.jpg
25379,1280,720,631.94293,353.39117,986.8637,986.74805,1.312,0.228,0.933,0.127929,0.205984,0.049053,-0.968916,img_70.jpg
25462,1280,720,631.94293,353.39117,986.8637,986.74805,1.312,0.228,0.933,0.127929,0.205984,0.049053,-0.968916,img_71.jpg
25544,1280,720,631.94293,353.39117,986.8637,986.74805,1.312,0.228,0.933,0.127929,0.205984,0.049053,-0.968916,img_72.jpg
25607,1280,720,631.94293,353.39117,986.8637,986.74805,1.312,0.228,0.933,0.127929,0.205984,0.049053,-0.968916,img_73.jpg
25679,1280,720,631.94293,353.39117,986.8637,986.74805,1.312,0.228,0.933,0.127929,0.205984,0.049053,-0.968916,img_74.jpg
25761,1280,720,631.94293,353.39117,986.8637,986.74805,1.312,0.228,0.933,0.127929,0.205984,0.049053,-0.968916,img_75.jpg
25828,1280,720,631.94293,353.39117,986.8637,986.74805,1.312,0.228,0.933,0.127929,0.205984,0.049053,-0.968916,img_76.jpg
25894,1280,720,631.94293,353.39117,986.8637,986.74805,1.312,0.228,0.933,0.127929,0.205984,0.049053,-0.968916,img_77.jpg
25979,1280,720,631.94293,353.39117,986.8637,986.74805,1.312,0.228,0.933,0.127929,0.205984,0.049053,-0.968916,img_78.jpg
26046,1280,720,631.94293,353.39117,986.8637,986.74805,1.312,0.228,0.933,0.127929,0.205984,0.049053,-0.968916,img_79.jpg
26116,1280,720,631.94293,353.39117,986.8637,986.74805,1.312,0.228,0.933,0.127929,0.205984,0.049053,-0.968916,img_80.jpg
26195,1280,720,631.94293,353.39117,986.8637,986.74805,1.312,0.228,0.933,0.127929,0.205984,0.049053,-0.968916,img_81.jpg
26261,1280,720,631.94293,353.39117,986.8637,986.74805,1.312,0.228,0.933,0.127929,0.205984,0.049053,-0.968916,img_82.jpg
26345,1280,720,631.94293,353.39117,986.8637,986.74805,1.312,0.228,0.933,0.127929,0.205984,0.049053,-0.968916,img_83.jpg
26412,1280,720,631.94293,353.39117,986.8637,986.74805,1.312,0.228,0.933,0.127929,0.205984,0.049053,-0.968916,img_84.jpg
26475,1280,720,631.94293,353.39117,986.8637,986.74805,0.726,0.251,1.052,0.129048,0.131339,-0.014244,-0.982799,img_85.jpg
26562,1280,720,631.94293,353.39117,986.8637,986.74805,0.727,0.247,1.053,0.128457,0.132705,-0.014088,-0.982695,img_86.jpg
26645,1280,720,631.94293,353.39117,986.8637,986.74805,0.726,0.244,1.053,0.130356,0.132920,-0.013275,-0.982427,img_87.jpg
26712,1280,720,631.94293,353.39117,986.8637,986.74805,0.723,0.241,1.052,0.129432,0.133976,-0.013310,-0.982406,img_88.jpg
26778,1280,720,631.94293,353.39117,986.8637,986.74805,0.718,0.237,1.050,0.128718,0.136358,-0.014029,-0.982162,img_89.jpg
26848,1280,720,631.94293,353.39117,986.8637,986.74805,0.618,0.123,0.897,0.141724,0.123663,-0.021928,-0.981907,img_90.jpg
26918,1280,720,631.94293,353.39117,986.8637,986.74805,0.597,0.109,0.872,0.142031,0.125734,-0.023296,-0.981568,img_91.jpg
26985,1280,720,631.94293,353.39117,986.8637,986.74805,0.621,0.029,0.722,0.156825,0.126002,-0.020176,-0.979348,img_92.jpg
27053,1280,720,631.94293,353.39117,986.8637,986.74805,0.606,0.007,0.653,0.156687,0.126203,-0.021800,-0.979309,img_93.jpg
27125,1280,720,631.94293,353.39117,986.8637,986.74805,0.574,-0.025,0.572,0.157527,0.126155,-0.018985,-0.979239,img_94.jpg
27196,1280,720,631.94293,353.39117,986.8637,986.74805,0.553,-0.025,0.517,0.153208,0.126785,-0.010893,-0.979967,img_95.jpg
27279,1280,720,631.94293,353.39117,986.8637,986.74805,0.549,0.004,0.490,0.151861,0.126771,0.001963,-0.980236,img_96.jpg
27346,1280,720,631.94293,353.39117,986.8637,986.74805,0.528,0.053,0.558,0.146062,0.129273,0.013013,-0.980706,img_97.jpg
27417,1280,720,631.94293,353.39117,986.8637,986.74805,0.522,0.036,0.520,0.147728,0.133477,0.010883,-0.979919,img_98.jpg
27483,1280,720,631.94293,353.39117,986.8637,986.74805,0.522,0.067,0.496,0.149825,0.136692,0.009466,-0.979172,img_99.jpg
27553,1280,720,631.94293,353.39117,986.8637,986.74805,0.512,0.055,0.473,0.151615,0.139808,0.009810,-0.978453,img_100.jpg
27616,1280,720,631.94293,353.39117,986.8637,986.74805,0.511,0.040,0.441,0.147613,0.137531,0.010763,-0.979377,img_101.jpg
27681,1280,720,631.94293,353.39117,986.8637,986.74805,0.512,0.024,0.407,0.142600,0.134504,0.010722,-0.980540,img_102.jpg
27749,1280,720,631.94293,353.39117,986.8637,986.74805,0.514,0.007,0.369,0.139784,0.130707,0.010718,-0.981459,img_103.jpg
27828,1280,720,631.94293,353.39117,986.8637,986.74805,0.518,-0.019,0.307,0.136523,0.124515,0.011725,-0.982711,img_104.jpg
27912,1280,720,631.94293,353.39117,986.8637,986.74805,0.520,-0.039,0.261,0.135576,0.120162,0.011692,-0.983384,img_105.jpg
27974,1280,720,631.94293,353.39117,986.8637,986.74805,0.520,-0.039,0.261,0.135576,0.120162,0.011692,-0.983384,img_106.jpg
28045,1280,720,631.94293,353.39117,986.8637,986.74805,0.520,-0.039,0.261,0.135576,0.120162,0.011692,-0.983384,img_107.jpg
28112,1280,720,631.94293,353.39117,986.8637,986.74805,0.520,-0.039,0.261,0.135576,0.120162,0.011692,-0.983384,img_108.jpg
28175,1280,720,631.94293,353.39117,986.8637,986.74805,0.405,0.092,0.734,0.072543,0.075784,0.023796,-0.994197,img_109.jpg
28245,1280,720,631.94293,353.39117,986.8637,986.74805,0.387,0.091,0.781,0.071506,0.064089,0.022298,-0.995129,img_110.jpg
28312,1280,720,631.94293,353.39117,986.8637,986.74805,0.368,0.089,0.831,0.071692,0.053224,0.020446,-0.995796,img_111.jpg
28376,1280,720,631.94293,353.39117,986.8637,986.74805,0.432,0.072,0.926,0.068241,0.045272,0.026963,-0.996276,img_112.jpg
28445,1280,720,631.94293,353.39117,986.8637,986.74805,0.519,0.102,0.857,0.109389,0.040426,0.046495,-0.992088,img_113.jpg
28515,1280,720,631.94293,353.39117,986.8637,986.74805,0.530,0.104,0.895,0.105405,0.038440,0.043509,-0.992733,img_114.jpg
28578,1280,720,631.94293,353.39117,986.8637,986.74805,0.565,0.127,0.818,0.119934,0.037430,0.040885,-0.991233,img_115.jpg
28642,1280,720,631.94293,353.39117,986.8637,986.74805,0.600,0.123,0.719,0.115756,0.038223,0.032088,-0.992023,img_116.jpg
28712,1280,720,631.94293,353.39117,986.8637,986.74805,0.612,0.125,0.735,0.118161,0.035865,0.032056,-0.991829,img_117.jpg
28775,1280,720,631.94293,353.39117,986.8637,986.74805,0.632,0.125,0.723,0.120643,0.032980,0.028695,-0.991733,img_118.jpg
28845,1280,720,631.94293,353.39117,986.8637,986.74805,0.645,0.121,0.692,0.123544,0.027073,0.024339,-0.991671,img_119.jpg
28914,1280,720,631.94293,353.39117,986.8637,986.74805,0.654,0.120,0.696,0.129136,0.017835,0.023907,-0.991178,img_120.jpg
28976,1280,720,631.94293,353.39117,986.8637,986.74805,0.662,0.115,0.646,0.135857,0.007192,0.019365,-0.990513,img_121.jpg
29045,1280,720,631.94293,353.39117,986.8637,986.74805,0.665,0.108,0.590,0.135729,0.001836,0.015386,-0.990625,img_122.jpg
29113,1280,720,631.94293,353.39117,986.8637,986.74805,0.674,0.107,0.587,0.139680,-0.008413,0.016097,-0.990030,img_123.jpg
29178,1280,720,631.94293,353.39117,986.8637,986.74805,0.688,0.101,0.569,0.135705,-0.014086,0.014244,-0.990547,img_124.jpg,marker_3.jpg,0.44125134,0.44125134,0.642,-0.161,-0.309,-0.753373,0.091438,-0.090268,-0.090268
29242,1280,720,631.94293,353.39117,986.8637,986.74805,0.700,0.099,0.557,0.143117,-0.015929,0.018262,-0.989409,img_125.jpg
29329,1280,720,631.94293,353.39117,986.8637,986.74805,0.713,0.100,0.548,0.138017,-0.007575,0.016950,-0.990256,img_126.jpg
29396,1280,720,631.94293,353.39117,986.8637,986.74805,0.722,0.103,0.547,0.127167,0.006072,0.011956,-0.991791,img_127.jpg
29464,1280,720,631.94293,353.39117,986.8637,986.74805,0.738,0.099,0.547,0.118519,0.021774,0.013489,-0.992621,img_128.jpg
29545,1280,720,631.94293,353.39117,986.8637,986.74805,0.751,0.100,0.543,0.114464,0.045697,0.010379,-0.992322,img_129.jpg
29607,1280,720,631.94293,353.39117,986.8637,986.74805,0.768,0.102,0.538,0.111731,0.073876,0.010746,-0.990930,img_130.jpg
29679,1280,720,631.94293,353.39117,986.8637,986.74805,0.779,0.102,0.533,0.108214,0.099321,0.010975,-0.989093,img_131.jpg
29744,1280,720,631.94293,353.39117,986.8637,986.74805,0.795,0.099,0.530,0.106778,0.124027,0.013045,-0.986431,img_132.jpg
29810,1280,720,631.94293,353.39117,986.8637,986.74805,0.810,0.098,0.524,0.110207,0.145942,0.016509,-0.982997,img_133.jpg
29880,1280,720,631.94293,353.39117,986.8637,986.74805,0.828,0.096,0.523,0.100514,0.167275,0.017901,-0.980610,img_134.jpg
29944,1280,720,631.94293,353.39117,986.8637,986.74805,0.843,0.098,0.526,0.095018,0.182133,0.018230,-0.978502,img_135.jpg
30012,1280,720,631.94293,353.39117,986.8637,986.74805,0.861,0.100,0.530,0.092762,0.194296,0.021308,-0.976315,img_136.jpg
30078,1280,720,631.94293,353.39117,986.8637,986.74805,0.879,0.101,0.539,0.089200,0.204931,0.023583,-0.974418,img_137.jpg
30146,1280,720,631.94293,353.39117,986.8637,986.74805,0.902,0.103,0.539,0.091489,0.216322,0.029798,-0.971569,img_138.jpg
30214,1280,720,631.94293,353.39117,986.8637,986.74805,0.929,0.103,0.544,0.092929,0.223729,0.036647,-0.969519,img_139.jpg
30279,1280,720,631.94293,353.39117,986.8637,986.74805,0.955,0.102,0.555,0.091688,0.232945,0.039232,-0.967363,img_140.jpg
30345,1280,720,631.94293,353.39117,986.8637,986.74805,0.987,0.102,0.567,0.091548,0.240515,0.043487,-0.965340,img_141.jpg
30415,1280,720,631.94293,353.39117,986.8637,986.74805,1.022,0.099,0.577,0.089389,0.247024,0.046381,-0.963762,img_142.jpg
30477,1280,720,631.94293,353.39117,986.8637,986.74805,1.058,0.100,0.598,0.085184,0.256255,0.046653,-0.961718,img_143.jpg
30563,1280,720,631.94293,353.39117,986.8637,986.74805,1.116,0.102,0.627,0.088905,0.262894,0.050820,-0.959375,img_144.jpg
30629,1280,720,631.94293,353.39117,986.8637,986.74805,1.153,0.105,0.648,0.092938,0.264102,0.053399,-0.958520,img_145.jpg
30713,1280,720,631.94293,353.39117,986.8637,986.74805,1.189,0.107,0.671,0.097672,0.253060,0.051877,-0.961109,img_146.jpg
30773,1280,720,631.94293,353.39117,986.8637,986.74805,1.223,0.108,0.693,0.099804,0.241285,0.044355,-0.964289,img_147.jpg
30846,1280,720,631.94293,353.39117,986.8637,986.74805,1.249,0.110,0.708,0.108149,0.238361,0.037899,-0.964392,img_148.jpg
30912,1280,720,631.94293,353.39117,986.8637,986.74805,1.265,0.113,0.720,0.110775,0.254978,0.032730,-0.960023,img_149.jpg
30980,1280,720,631.94293,353.39117,986.8637,986.74805,1.297,0.115,0.737,0.114995,0.267344,0.037479,-0.955980,img_150.jpg
31044,1280,720,631.94293,353.39117,986.8637,986.74805,1.329,0.119,0.756,0.111688,0.282028,0.045341,-0.951804,img_151.jpg
31129,1280,720,631.94293,353.39117,986.8637,986.74805,1.374,0.119,0.777,0.114717,0.299890,0.052447,-0.945598,img_152.jpg
31197,1280,720,631.94293,353.39117,986.8637,986.74805,1.408,0.118,0.791,0.117406,0.310306,0.055951,-0.941698,img_153.jpg
31280,1280,720,631.94293,353.39117,986.8637,986.74805,1.443,0.116,0.805,0.118428,0.319762,0.055732,-0.938414,img_154.jpg
31343,1280,720,631.94293,353.39117,986.8637,986.74805,1.479,0.115,0.817,0.119651,0.331111,0.054286,-0.934399,img_155.jpg
31429,1280,720,631.94293,353.39117,986.8637,986.74805,1.518,0.115,0.829,0.119693,0.342586,0.049327,-0.930524,img_156.jpg
31493,1280,720,631.94293,353.39117,986.8637,986.74805,1.578,0.119,0.844,0.119088,0.357747,0.035223,-0.925524,img_157.jpg
31580,1280,720,631.94293,353.39117,986.8637,986.74805,1.619,0.127,0.853,0.119161,0.366329,0.023480,-0.922525,img_158.jpg
31642,1280,720,631.94293,353.39117,986.8637,986.74805,1.658,0.137,0.862,0.116830,0.373663,0.015410,-0.920049,img_159.jpg
31729,1280,720,631.94293,353.39117,986.8637,986.74805,1.715,0.152,0.875,0.120394,0.385036,0.013047,-0.914922,img_160.jpg
31797,1280,720,631.94293,353.39117,986.8637,986.74805,1.747,0.160,0.888,0.115104,0.393367,0.010491,-0.912087,img_161.jpg
31880,1280,720,631.94293,353.39117,986.8637,986.74805,1.781,0.165,0.903,0.112309,0.395659,0.017479,-0.911337,img_162.jpg
31943,1280,720,631.94293,353.39117,986.8637,986.74805,1.813,0.168,0.916,0.110262,0.398917,0.021064,-0.910090,img_163.jpg
32029,1280,720,631.94293,353.39117,986.8637,986.74805,1.813,0.168,0.916,0.110262,0.398917,0.021064,-0.910090,img_164.jpg
32113,1280,720,631.94293,353.39117,986.8637,986.74805,1.813,0.168,0.916,0.110262,0.398917,0.021064,-0.910090,img_165.jpg
32175,1280,720,631.94293,353.39117,986.8637,986.74805,1.813,0.168,0.916,0.110262,0.398917,0.021064,-0.910090,img_166.jpg
32263,1280,720,631.94293,353.39117,986.8637,986.74805,1.813,0.168,0.916,0.110262,0.398917,0.021064,-0.910090,img_167.jpg
32330,1280,720,631.94293,353.39117,986.8637,986.74805,1.813,0.168,0.916,0.110262,0.398917,0.021064,-0.910090,img_168.jpg
32413,1280,720,631.94293,353.39117,986.8637,986.74805,1.813,0.168,0.916,0.110262,0.398917,0.021064,-0.910090,img_169.jpg
32474,1280,720,631.94293,353.39117,986.8637,986.74805,1.813,0.168,0.916,0.110262,0.398917,0.021064,-0.910090,img_170.jpg
32546,1280,720,631.94293,353.39117,986.8637,986.74805,1.813,0.168,0.916,0.110262,0.398917,0.021064,-0.910090,img_171.jpg
32612,1280,720,631.94293,353.39117,986.8637,986.74805,1.813,0.168,0.916,0.110262,0.398917,0.021064,-0.910090,img_172.jpg
32677,1280,720,631.94293,353.39117,986.8637,986.74805,1.813,0.168,0.916,0.110262,0.398917,0.021064,-0.910090,img_173.jpg
32746,1280,720,631.94293,353.39117,986.8637,986.74805,1.813,0.168,0.916,0.110262,0.398917,0.021064,-0.910090,img_174.jpg
32814,1280,720,631.94293,353.39117,986.8637,986.74805,1.813,0.168,0.916,0.110262,0.398917,0.021064,-0.910090,img_175.jpg
32897,1280,720,631.94293,353.39117,986.8637,986.74805,1.813,0.168,0.916,0.110262,0.398917,0.021064,-0.910090,img_176.jpg
32964,1280,720,631.94293,353.39117,986.8637,986.74805,1.813,0.168,0.916,0.110262,0.398917,0.021064,-0.910090,img_177.jpg
33046,1280,720,631.94293,353.39117,986.8637,986.74805,1.813,0.168,0.916,0.110262,0.398917,0.021064,-0.910090,img_178.jpg
33112,1280,720,631.94293,353.39117,986.8637,986.74805,1.813,0.168,0.916,0.110262,0.398917,0.021064,-0.910090,img_179.jpg
33177,1280,720,631.94293,353.39117,986.8637,986.74805,1.813,0.168,0.916,0.110262,0.398917,0.021064,-0.910090,img_180.jpg
33246,1280,720,631.94293,353.39117,986.8637,986.74805,1.813,0.168,0.916,0.110262,0.398917,0.021064,-0.910090,img_181.jpg
33310,1280,720,631.94293,353.39117,986.8637,986.74805,1.813,0.168,0.916,0.110262,0.398917,0.021064,-0.910090,img_182.jpg
33380,1280,720,631.94293,353.39117,986.8637,986.74805,1.813,0.168,0.916,0.110262,0.398917,0.021064,-0.910090,img_183.jpg
33442,1280,720,631.94293,353.39117,986.8637,986.74805,1.813,0.168,0.916,0.110262,0.398917,0.021064,-0.910090,img_184.jpg
33513,1280,720,631.94293,353.39117,986.8637,986.74805,1.813,0.168,0.916,0.110262,0.398917,0.021064,-0.910090,img_185.jpg
33577,1280,720,631.94293,353.39117,986.8637,986.74805,1.813,0.168,0.916,0.110262,0.398917,0.021064,-0.910090,img_186.jpg
33646,1280,720,631.94293,353.39117,986.8637,986.74805,1.813,0.168,0.916,0.110262,0.398917,0.021064,-0.910090,img_187.jpg
33713,1280,720,631.94293,353.39117,986.8637,986.74805,1.813,0.168,0.916,0.110262,0.398917,0.021064,-0.910090,img_188.jpg
33781,1280,720,631.94293,353.39117,986.8637,986.74805,1.813,0.168,0.916,0.110262,0.398917,0.021064,-0.910090,img_189.jpg
33845,1280,720,631.94293,353.39117,986.8637,986.74805,1.813,0.168,0.916,0.110262,0.398917,0.021064,-0.910090,img_190.jpg
33914,1280,720,631.94293,353.39117,986.8637,986.74805,1.813,0.168,0.916,0.110262,0.398917,0.021064,-0.910090,img_191.jpg
33980,1280,720,631.94293,353.39117,986.8637,986.74805,1.813,0.168,0.916,0.110262,0.398917,0.021064,-0.910090,img_192.jpg
34045,1280,720,631.94293,353.39117,986.8637,986.74805,1.813,0.168,0.916,0.110262,0.398917,0.021064,-0.910090,img_193.jpg
34113,1280,720,631.94293,353.39117,986.8637,986.74805,1.813,0.168,0.916,0.110262,0.398917,0.021064,-0.910090,img_194.jpg
34179,1280,720,631.94293,353.39117,986.8637,986.74805,1.813,0.168,0.916,0.110262,0.398917,0.021064,-0.910090,img_195.jpg
34245,1280,720,631.94293,353.39117,986.8637,986.74805,1.813,0.168,0.916,0.110262,0.398917,0.021064,-0.910090,img_196.jpg
34313,1280,720,631.94293,353.39117,986.8637,986.74805,1.813,0.168,0.916,0.110262,0.398917,0.021064,-0.910090,img_197.jpg
34377,1280,720,631.94293,353.39117,986.8637,986.74805,1.813,0.168,0.916,0.110262,0.398917,0.021064,-0.910090,img_198.jpg
34446,1280,720,631.94293,353.39117,986.8637,986.74805,1.813,0.168,0.916,0.110262,0.398917,0.021064,-0.910090,img_199.jpg
34512,1280,720,631.94293,353.39117,986.8637,986.74805,1.813,0.168,0.916,0.110262,0.398917,0.021064,-0.910090,img_200.jpg
34575,1280,720,631.94293,353.39117,986.8637,986.74805,1.813,0.168,0.916,0.110262,0.398917,0.021064,-0.910090,img_201.jpg
34646,1280,720,631.94293,353.39117,986.8637,986.74805,1.813,0.168,0.916,0.110262,0.398917,0.021064,-0.910090,img_202.jpg
34715,1280,720,631.94293,353.39117,986.8637,986.74805,1.813,0.168,0.916,0.110262,0.398917,0.021064,-0.910090,img_203.jpg
34779,1280,720,631.94293,353.39117,986.8637,986.74805,1.813,0.168,0.916,0.110262,0.398917,0.021064,-0.910090,img_204.jpg
34845,1280,720,631.94293,353.39117,986.8637,986.74805,1.813,0.168,0.916,0.110262,0.398917,0.021064,-0.910090,img_205.jpg
34914,1280,720,631.94293,353.39117,986.8637,986.74805,1.813,0.168,0.916,0.110262,0.398917,0.021064,-0.910090,img_206.jpg
34980,1280,720,631.94293,353.39117,986.8637,986.74805,1.813,0.168,0.916,0.110262,0.398917,0.021064,-0.910090,img_207.jpg
35046,1280,720,631.94293,353.39117,986.8637,986.74805,1.813,0.168,0.916,0.110262,0.398917,0.021064,-0.910090,img_208.jpg
35118,1280,720,631.94293,353.39117,986.8637,986.74805,1.813,0.168,0.916,0.110262,0.398917,0.021064,-0.910090,img_209.jpg
35197,1280,720,631.94293,353.39117,986.8637,986.74805,1.813,0.168,0.916,0.110262,0.398917,0.021064,-0.910090,img_210.jpg
35264,1280,720,631.94293,353.39117,986.8637,986.74805,1.813,0.168,0.916,0.110262,0.398917,0.021064,-0.910090,img_211.jpg
35347,1280,720,631.94293,353.39117,986.8637,986.74805,1.260,0.103,0.680,0.099023,0.266747,0.008912,-0.958625,img_212.jpg
35416,1280,720,631.94293,353.39117,986.8637,986.74805,1.265,0.103,0.679,0.098078,0.267314,0.006946,-0.958580,img_213.jpg
35488,1280,720,631.94293,353.39117,986.8637,986.74805,1.277,0.100,0.667,0.102308,0.264874,0.003229,-0.958835,img_214.jpg
35564,1280,720,631.94293,353.39117,986.8637,986.74805,1.287,0.100,0.660,0.102208,0.261563,0.003123,-0.959755,img_215.jpg
35630,1280,720,631.94293,353.39117,986.8637,986.74805,1.296,0.099,0.655,0.101955,0.258054,0.004069,-0.960727,img_216.jpg
35714,1280,720,631.94293,353.39117,986.8637,986.74805,1.299,0.098,0.650,0.101362,0.256398,0.003558,-0.961235,img_217.jpg
35778,1280,720,631.94293,353.39117,986.8637,986.74805,1.300,0.097,0.648,0.101782,0.255337,0.003110,-0.961475,img_218.jpg
35848,1280,720,631.94293,353.39117,986.8637,986.74805,1.306,0.097,0.643,0.103254,0.256158,0.003210,-0.961099,img_219.jpg,marker_4.jpg,0.24168754,0.24168754,1.569,-0.025,0.213,-0.655177,0.164806,-0.190326,-0.190326
35920,1280,720,631.94293,353.39117,986.8637,986.74805,1.308,0.095,0.639,0.103719,0.257779,0.003041,-0.960616,img_220.jpg
35998,1280,720,631.94293,353.39117,986.8637,986.74805,1.308,0.095,0.641,0.103493,0.262592,0.002010,-0.959339,img_221.jpg
36065,1280,720,631.94293,353.39117,986.8637,986.74805,1.308,0.093,0.641,0.104718,0.269428,-0.000466,-0.957310,img_222.jpg
36147,1280,720,631.94293,353.39117,986.8637,986.74805,1.314,0.092,0.639,0.107506,0.275669,0.002147,-0.955220,img_223.jpg
36207,1280,720,631.94293,353.39117,986.8637,986.74805,1.322,0.092,0.639,0.108827,0.282199,0.005216,-0.953149,img_224.jpg
36282,1280,720,631.94293,353.39117,986.8637,986.74805,1.326,0.094,0.642,0.108637,0.286541,0.006455,-0.951867,img_225.jpg,marker_4.jpg,0.24326207,0.24326207,1.567,-0.022,0.218,-0.669288,0.170838,-0.205757,-0.205757
36347,1280,720,631.94293,353.39117,986.8637,986.74805,1.335,0.097,0.649,0.102445,0.289547,0.006042,-0.951647,img_226.jpg
36431,1280,720,631.94293,353.39117,986.8637,986.74805,1.341,0.099,0.655,0.100418,0.289069,0.008377,-0.951990,img_227.jpg
36498,1280,720,631.94293,353.39117,986.8637,986.74805,1.346,0.099,0.663,0.098785,0.286099,0.010346,-0.953038,img_228.jpg
36581,1280,720,631.94293,353.39117,986.8637,986.74805,1.354,0.102,0.672,0.097274,0.279812,0.015145,-0.954994,img_229.jpg
36641,1280,720,631.94293,353.39117,986.8637,986.74805,1.360,0.104,0.686,0.094973,0.275277,0.018086,-0.956491,img_230.jpg
36732,1280,720,631.94293,353.39117,986.8637,986.74805,1.370,0.108,0.710,0.088992,0.268209,0.019642,-0.959041,img_231.jpg
36798,1280,720,631.94293,353.39117,986.8637,986.74805,1.377,0.113,0.727,0.086995,0.261868,0.023294,-0.960893,img_232.jpg
36862,1280,720,631.94293,353.39117,986.8637,986.74805,1.384,0.117,0.746,0.085386,0.256190,0.022822,-0.962577,img_233.jpg,marker_4.jpg,0.2642145,0.2642145,1.595,-0.032,0.173,-0.662600,0.166874,-0.197700,-0.197700
36948,1280,720,631.94293,353.39117,986.8637,986.74805,1.396,0.124,0.775,0.084712,0.247819,0.022429,-0.964835,img_234.jpg
37031,1280,720,631.94293,353.39117,986.8637,986.74805,1.404,0.126,0.796,0.084849,0.243907,0.022072,-0.965828,img_235.jpg
37115,1280,720,631.94293,353.39117,986.8637,986.74805,1.413,0.128,0.819,0.083455,0.245170,0.020004,-0.965674,img_236.jpg
37184,1280,720,631.94293,353.39117,986.8637,986.74805,1.428,0.130,0.849,0.083867,0.252052,0.020889,-0.963846,img_237.jpg
37266,1280,720,631.94293,353.39117,986.8637,986.74805,1.440,0.132,0.871,0.083479,0.257924,0.023118,-0.962275,img_238.jpg
37336,1280,720,631.94293,353.39117,986.8637,986.74805,1.453,0.132,0.892,0.085797,0.265872,0.025715,-0.959838,img_239.jpg
37406,1280,720,631.94293,353.39117,986.8637,986.74805,1.465,0.132,0.910,0.090022,0.276309,0.027473,-0.956449,img_240.jpg
37474,1280,720,631.94293,353.39117,986.8637,986.74805,1.479,0.131,0.930,0.093117,0.286617,0.029344,-0.953058,img_241.jpg
37542,1280,720,631.94293,353.39117,986.8637,986.74805,1.493,0.129,0.955,0.093136,0.301416,0.031344,-0.948416,img_242.jpg
37613,1280,720,631.94293,353.39117,986.8637,986.74805,1.506,0.128,0.974,0.092101,0.313149,0.032549,-0.944667,img_243.jpg
37682,1280,720,631.94293,353.39117,986.8637,986.74805,1.524,0.127,0.996,0.093560,0.334493,0.036973,-0.937013,img_244.jpg
37766,1280,720,631.94293,353.39117,986.8637,986.74805,1.538,0.127,1.009,0.095418,0.348929,0.039721,-0.931432,img_245.jpg
37832,1280,720,631.94293,353.39117,986.8637,986.74805,1.552,0.127,1.018,0.096770,0.363607,0.042670,-0.925530,img_246.jpg
37902,1280,720,631.94293,353.39117,986.8637,986.74805,1.568,0.126,1.027,0.097950,0.377873,0.047625,-0.919429,img_247.jpg
37966,1280,720,631.94293,353.39117,986.8637,986.74805,1.584,0.124,1.037,0.100975,0.393197,0.051110,-0.912463,img_248.jpg
38036,1280,720,631.94293,353.39117,986.8637,986.74805,1.602,0.122,1.046,0.104765,0.409133,0.053513,-0.904860,img_249.jpg
38104,1280,720,631.94293,353.39117,986.8637,986.74805,1.620,0.121,1.057,0.108062,0.424970,0.054523,-0.897079,img_250.jpg
38170,1280,720,631.94293,353.39117,986.8637,986.74805,1.639,0.120,1.066,0.110412,0.442285,0.053074,-0.888468,img_251.jpg
38237,1280,720,631.94293,353.39117,986.8637,986.74805,1.661,0.120,1.080,0.110505,0.459709,0.050076,-0.879743,img_252.jpg
38315,1280,720,631.94293,353.39117,986.8637,986.74805,1.699,0.120,1.096,0.113148,0.488243,0.046936,-0.864068,img_253.jpg
38400,1280,720,631.94293,353.39117,986.8637,986.74805,1.726,0.119,1.107,0.117004,0.503684,0.047383,-0.854615,img_254.jpg
38483,1280,720,631.94293,353.39117,986.8637,986.74805,1.756,0.120,1.116,0.119060,0.518277,0.050452,-0.845380,img_255.jpg
38550,1280,720,631.94293,353.39117,986.8637,986.74805,1.797,0.125,1.130,0.117629,0.542967,0.051867,-0.829855,img_256.jpg
38632,1280,720,631.94293,353.39117,986.8637,986.74805,1.824,0.128,1.141,0.115135,0.561044,0.053904,-0.817966,img_257.jpg
38715,1280,720,631.94293,353.39117,986.8637,986.74805,1.866,0.130,1.161,0.113989,0.595317,0.061099,-0.793014,img_258.jpg
38783,1280,720,631.94293,353.39117,986.8637,986.74805,1.879,0.130,1.168,0.113662,0.606664,0.064803,-0.784118,img_259.jpg
38848,1280,720,631.94293,353.39117,986.8637,986.74805,1.911,0.131,1.196,0.109766,0.643012,0.070864,-0.754629,img_260.jpg
38932,1280,720,631.94293,353.39117,986.8637,986.74805,1.928,0.133,1.215,0.108263,0.662861,0.070214,-0.737540,img_261.jpg
39016,1280,720,631.94293,353.39117,986.8637,986.74805,1.951,0.137,1.247,0.103748,0.686978,0.074486,-0.715366,img_262.jpg
39099,1280,720,631.94293,353.39117,986.8637,986.74805,1.961,0.139,1.270,0.100184,0.700392,0.077310,-0.702451,img_263.jpg
39166,1280,720,631.94293,353.39117,986.8637,986.74805,1.975,0.135,1.293,0.097819,0.711461,0.080151,-0.691253,img_264.jpg
39237,1280,720,631.94293,353.39117,986.8637,986.74805,2.001,0.136,1.305,0.097349,0.721221,0.085011,-0.680541,img_265.jpg
39308,1280,720,631.94293,353.39117,986.8637,986.74805,2.082,0.118,1.288,0.098115,0.727359,0.096018,-0.672386,img_266.jpg
39383,1280,720,631.94293,353.39117,986.8637,986.74805,2.098,0.118,1.313,0.094125,0.733510,0.100657,-0.665561,img_267.jpg
39457,1280,720,631.94293,353.39117,986.8637,986.74805,2.113,0.116,1.334,0.090720,0.741400,0.108844,-0.655933,img_268.jpg
39549,1280,720,631.94293,353.39117,986.8637,986.74805,2.124,0.119,1.362,0.090396,0.747584,0.106970,-0.649234,img_269.jpg
39633,1280,720,631.94293,353.39117,986.8637,986.74805,2.142,0.123,1.416,0.087911,0.759300,0.111923,-0.634987,img_270.jpg
39708,1280,720,631.94293,353.39117,986.8637,986.74805,2.151,0.126,1.451,0.085417,0.767198,0.113875,-0.625414,img_271.jpg
39780,1280,720,631.94293,353.39117,986.8637,986.74805,2.156,0.129,1.480,0.085778,0.774072,0.115842,-0.616470,img_272.jpg
39867,1280,720,631.94293,353.39117,986.8637,986.74805,2.167,0.135,1.527,0.086542,0.782805,0.112500,-0.605863,img_273.jpg
39950,1280,720,631.94293,353.39117,986.8637,986.74805,2.172,0.140,1.569,0.087171,0.793598,0.111853,-0.591686,img_274.jpg
40035,1280,720,631.94293,353.39117,986.8637,986.74805,2.178,0.147,1.594,0.086169,0.800976,0.110065,-0.582150,img_275.jpg
40112,1280,720,631.94293,353.39117,986.8637,986.74805,2.191,0.148,1.634,0.084579,0.807925,0.115073,-0.571719,img_276.jpg
40200,1280,720,631.94293,353.39117,986.8637,986.74805,2.201,0.151,1.675,0.081124,0.819221,0.122114,-0.554422,img_277.jpg
40268,1280,720,631.94293,353.39117,986.8637,986.74805,2.212,0.149,1.713,0.079662,0.824219,0.124524,-0.546636,img_278.jpg
40339,1280,720,631.94293,353.39117,986.8637,986.74805,2.222,0.145,1.744,0.076493,0.829951,0.126938,-0.537789,img_279.jpg
40413,1280,720,631.94293,353.39117,986.8637,986.74805,2.229,0.145,1.774,0.073722,0.836384,0.129383,-0.527528,img_280.jpg
40484,1280,720,631.94293,353.39117,986.8637,986.74805,2.237,0.133,1.800,0.070910,0.842187,0.129805,-0.518502,img_281.jpg
40555,1280,720,631.94293,353.39117,986.8637,986.74805,2.252,0.124,1.844,0.070815,0.850251,0.124415,-0.506537,img_282.jpg
40650,1280,720,631.94293,353.39117,986.8637,986.74805,2.268,0.125,1.866,0.074753,0.855353,0.120819,-0.498182,img_283.jpg
40718,1280,720,631.94293,353.39117,986.8637,986.74805,2.289,0.129,1.908,0.078746,0.861989,0.121150,-0.485898,img_284.jpg
40801,1280,720,631.94293,353.39117,986.8637,986.74805,2.304,0.128,1.937,0.079156,0.865378,0.120654,-0.479894,img_285.jpg
40871,1280,720,631.94293,353.39117,986.8637,986.74805,2.318,0.132,1.961,0.076030,0.868910,0.118594,-0.474501,img_286.jpg
40950,1280,720,631.94293,353.39117,986.8637,986.74805,2.327,0.133,1.994,0.071290,0.877327,0.112763,-0.460977,img_287.jpg
41034,1280,720,631.94293,353.39117,986.8637,986.74805,2.338,0.134,2.026,0.069161,0.881163,0.110036,-0.454599,img_288.jpg
41110,1280,720,631.94293,353.39117,986.8637,986.74805,2.342,0.137,2.049,0.064060,0.886472,0.108447,-0.445313,img_289.jpg
41187,1280,720,631.94293,353.39117,986.8637,986.74805,2.344,0.142,2.081,0.058127,0.894058,0.103754,-0.431876,img_290.jpg
41267,1280,720,631.94293,353.39117,986.8637,986.74805,2.348,0.146,2.105,0.056137,0.898144,0.100176,-0.424442,img_291.jpg
41346,1280,720,631.94293,353.39117,986.8637,986.74805,2.351,0.146,2.132,0.051934,0.900182,0.097843,-0.421192,img_292.jpg
41431,1280,720,631.94293,353.39117,986.8637,986.74805,2.346,0.149,2.168,0.046359,0.903382,0.092668,-0.416130,img_293.jpg
41518,1280,720,631.94293,353.39117,986.8637,986.74805,2.336,0.154,2.203,0.042932,0.905227,0.086453,-0.413820,img_294.jpg
41600,1280,720,631.94293,353.39117,986.8637,986.74805,2.328,0.158,2.227,0.039103,0.904791,0.079199,-0.416595,img_295.jpg
41678,1280,720,631.94293,353.39117,986.8637,986.74805,2.315,0.165,2.248,0.036007,0.904558,0.068440,-0.419278,img_296.jpg
41757,1280,720,631.94293,353.39117,986.8637,986.74805,2.294,0.179,2.283,0.029634,0.901219,0.062505,-0.427808,img_297.jpg
41850,1280,720,631.94293,353.39117,986.8637,986.74805,2.272,0.196,2.318,0.022349,0.896059,0.054941,-0.439954,img_298.jpg
41933,1280,720,631.94293,353.39117,986.8637,986.74805,2.257,0.203,2.332,0.022499,0.894840,0.047476,-0.443285,img_299.jpg
42005,1280,720,631.94293,353.39117,986.8637,986.74805,2.242,0.209,2.353,0.021814,0.893886,0.043576,-0.445638,img_300.jpg
42087,1280,720,631.94293,353.39117,986.8637,986.74805,2.225,0.215,2.369,0.021430,0.894014,0.041947,-0.445557,img_301.jpg
42160,1280,720,631.94293,353.39117,986.8637,986.74805,2.201,0.223,2.400,0.020260,0.895716,0.036385,-0.442673,img_302.jpg
42250,1280,720,631.94293,353.39117,986.8637,986.74805,2.187,0.227,2.426,0.015250,0.897498,0.038496,-0.439070,img_303.jpg
42334,1280,720,631.94293,353.39117,986.8637,986.74805,2.176,0.228,2.444,0.012185,0.899553,0.038321,-0.434957,img_304.jpg
42410,1280,720,631.94293,353.39117,986.8637,986.74805,2.169,0.228,2.468,0.010976,0.903052,0.035261,-0.427941,img_305.jpg
42500,1280,720,631.94293,353.39117,986.8637,986.74805,2.168,0.228,2.485,0.011970,0.905376,0.035702,-0.422938,img_306.jpg
42572,1280,720,631.94293,353.39117,986.8637,986.74805,2.164,0.229,2.499,0.010721,0.907494,0.038812,-0.418131,img_307.jpg
42648,1280,720,631.94293,353.39117,986.8637,986.74805,2.165,0.229,2.524,0.011725,0.910118,0.037154,-0.412513,img_308.jpg,marker_6.jpg,0.2682779,0.2682779,2.669,0.126,3.023,-0.355445,0.578876,-0.638708,-0.638708
42734,1280,720,631.94293,353.39117,986.8637,986.74805,2.167,0.229,2.542,0.011565,0.911012,0.034762,-0.410750,img_309.jpg
42808,1280,720,631.94293,353.39117,986.8637,986.74805,2.170,0.229,2.560,0.013319,0.910936,0.029585,-0.411270,img_310.jpg
42884,1280,720,631.94293,353.39117,986.8637,986.74805,2.177,0.233,2.588,0.020084,0.910329,0.024674,-0.412661,img_311.jpg
42967,1280,720,631.94293,353.39117,986.8637,986.74805,2.179,0.235,2.603,0.022177,0.908609,0.020568,-0.416551,img_312.jpg
43047,1280,720,631.94293,353.39117,986.8637,986.74805,2.186,0.241,2.624,0.022107,0.905581,0.022574,-0.422995,img_313.jpg
43134,1280,720,631.94293,353.39117,986.8637,986.74805,2.192,0.243,2.639,0.024087,0.903421,0.023829,-0.427414,img_314.jpg
43209,1280,720,631.94293,353.39117,986.8637,986.74805,2.196,0.244,2.649,0.026468,0.902016,0.020710,-0.430392,img_315.jpg
43284,1280,720,631.94293,353.39117,986.8637,986.74805,2.195,0.245,2.660,0.024015,0.898785,0.017800,-0.437370,img_316.jpg,marker_6.jpg,0.2672941,0.2672941,2.675,0.129,3.020,-0.349339,0.583223,-0.638407,-0.638407
43368,1280,720,631.94293,353.39117,986.8637,986.74805,2.195,0.247,2.669,0.023887,0.896609,0.015926,-0.441892,img_317.jpg
43446,1280,720,631.94293,353.39117,986.8637,986.74805,2.190,0.250,2.681,0.019786,0.890455,0.013481,-0.454441,img_318.jpg
43534,1280,720,631.94293,353.39117,986.8637,986.74805,2.187,0.252,2.690,0.019151,0.886538,0.014070,-0.462045,img_319.jpg
43609,1280,720,631.94293,353.39117,986.8637,986.74805,2.178,0.251,2.696,0.018939,0.882055,0.009511,-0.470669,img_320.jpg
43684,1280,720,631.94293,353.39117,986.8637,986.74805,2.161,0.254,2.707,0.014603,0.875639,0.006970,-0.482696,img_321.jpg
43768,1280,720,631.94293,353.39117,986.8637,986.74805,2.146,0.256,2.716,0.010641,0.871317,0.002352,-0.490600,img_322.jpg
43848,1280,720,631.94293,353.39117,986.8637,986.74805,2.118,0.259,2.730,0.007238,0.864292,-0.004347,-0.502919,img_323.jpg
43934,1280,720,631.94293,353.39117,986.8637,986.74805,2.096,0.262,2.741,0.004297,0.857220,-0.004154,-0.514915,img_324.jpg,marker_6.jpg,0.27185717,0.27185717,2.684,0.127,3.030,-0.370407,0.573626,-0.624780,-0.624780
44011,1280,720,631.94293,353.39117,986.8637,986.74805,2.058,0.264,2.758,0.000945,0.844988,-0.006578,-0.534743,img_325.jpg
44101,1280,720,631.94293,353.39117,986.8637,986.74805,2.032,0.267,2.771,0.000061,0.839369,-0.005518,-0.543535,img_326.jpg
44171,1280,720,631.94293,353.39117,986.8637,986.74805,2.004,0.269,2.785,-0.001122,0.836212,-0.006238,-0.548369,img_327.jpg
44244,1280,720,631.94293,353.39117,986.8637,986.74805,1.964,0.272,2.808,-0.000719,0.830014,0.001594,-0.557740,img_328.jpg
44318,1280,720,631.94293,353.39117,986.8637,986.74805,1.938,0.272,2.823,0.001184,0.824701,0.010742,-0.565466,img_329.jpg
44400,1280,720,631.94293,353.39117,986.8637,986.74805,1.914,0.270,2.835,0.004671,0.820723,0.016391,-0.571072,img_330.jpg
44484,1280,720,631.94293,353.39117,986.8637,986.74805,1.881,0.265,2.853,0.011255,0.821665,0.017509,-0.569591,img_331.jpg
44569,1280,720,631.94293,353.39117,986.8637,986.74805,1.861,0.261,2.865,0.010812,0.825644,0.021932,-0.563661,img_332.jpg,marker_6.jpg,0.2659064,0.2659064,2.677,0.131,3.036,-0.344071,0.590073,-0.640831,-0.640831
44651,1280,720,631.94293,353.39117,986.8637,986.74805,1.834,0.258,2.891,0.008312,0.830877,0.030714,-0.555546,img_333.jpg
44734,1280,720,631.94293,353.39117,986.8637,986.74805,1.817,0.256,2.907,0.005788,0.836595,0.028035,-0.547073,img_334.jpg
44805,1280,720,631.94293,353.39117,986.8637,986.74805,1.802,0.252,2.925,0.007709,0.844343,0.028277,-0.535001,img_335.jpg
44880,1280,720,631.94293,353.39117,986.8637,986.74805,1.783,0.250,2.956,0.007320,0.855280,0.036503,-0.516827,img_336.jpg
44968,1280,720,631.94293,353.39117,986.8637,986.74805,1.772,0.248,2.976,0.008435,0.862743,0.041008,-0.503906,img_337.jpg
45043,1280,720,631.94293,353.39117,986.8637,986.74805,1.758,0.245,3.017,0.008669,0.872546,0.046861,-0.486203,img_338.jpg
45135,1280,720,631.94293,353.39117,986.8637,986.74805,1.749,0.243,3.046,0.011722,0.878036,0.050627,-0.475765,img_339.jpg
45214,1280,720,631.94293,353.39117,986.8637,986.74805,1.744,0.241,3.094,0.020030,0.885459,0.056798,-0.460799,img_340.jpg
45301,1280,720,631.94293,353.39117,986.8637,986.74805,1.736,0.241,3.129,0.026638,0.889972,0.061256,-0.451097,img_341.jpg
45377,1280,720,631.94293,353.39117,986.8637,986.74805,1.728,0.244,3.165,0.028347,0.893721,0.065502,-0.442910,img_342.jpg
45452,1280,720,631.94293,353.39117,986.8637,986.74805,1.712,0.252,3.221,0.026353,0.901824,0.069828,-0.425610,img_343.jpg
45552,1280,720,631.94293,353.39117,986.8637,986.74805,1.694,0.261,3.272,0.026693,0.911795,0.068704,-0.403976,img_344.jpg
45635,1280,720,631.94293,353.39117,986.8637,986.74805,1.681,0.265,3.304,0.021849,0.917540,0.074547,-0.389981,img_345.jpg
45718,1280,720,631.94293,353.39117,986.8637,986.74805,1.665,0.264,3.352,0.021301,0.925815,0.075203,-0.369806,img_346.jpg
45802,1280,720,631.94293,353.39117,986.8637,986.74805,1.651,0.263,3.383,0.017312,0.929263,0.079078,-0.360440,img_347.jpg
45872,1280,720,631.94293,353.39117,986.8637,986.74805,1.630,0.263,3.414,0.012152,0.931569,0.083747,-0.353578,img_348.jpg
45942,1280,720,631.94293,353.39117,986.8637,986.74805,1.611,0.266,3.450,0.009682,0.932126,0.086553,-0.351505,img_349.jpg
46017,1280,720,631.94293,353.39117,986.8637,986.74805,1.580,0.269,3.495,0.006260,0.931765,0.085048,-0.352904,img_350.jpg
46101,1280,720,631.94293,353.39117,986.8637,986.74805,1.555,0.271,3.524,0.005501,0.931019,0.080549,-0.355930,img_351.jpg
46170,1280,720,631.94293,353.39117,986.8637,986.74805,1.530,0.271,3.554,0.004518,0.929582,0.078183,-0.360200,img_352.jpg
46243,1280,720,631.94293,353.39117,986.8637,986.74805,1.492,0.281,3.596,0.008030,0.928120,0.072819,-0.365001,img_353.jpg
46335,1280,720,631.94293,353.39117,986.8637,986.74805,1.464,0.291,3.625,0.008539,0.927110,0.072996,-0.367512,img_354.jpg
46405,1280,720,631.94293,353.39117,986.8637,986.74805,1.435,0.296,3.658,0.012750,0.927042,0.069844,-0.368174,img_355.jpg
46476,1280,720,631.94293,353.39117,986.8637,986.74805,1.396,0.301,3.700,0.020599,0.927569,0.068121,-0.366812,img_356.jpg
46554,1280,720,631.94293,353.39117,986.8637,986.74805,1.372,0.304,3.727,0.024605,0.929798,0.063775,-0.361666,img_357.jpg
46635,1280,720,631.94293,353.39117,986.8637,986.74805,1.348,0.307,3.753,0.018492,0.930614,0.067486,-0.359252,img_358.jpg
46707,1280,720,631.94293,353.39117,986.8637,986.74805,1.318,0.309,3.789,0.014633,0.932391,0.070141,-0.354280,img_359.jpg
46786,1280,720,631.94293,353.39117,986.8637,986.74805,1.300,0.309,3.816,0.013548,0.934474,0.069872,-0.348845,img_360.jpg
46872,1280,720,631.94293,353.39117,986.8637,986.74805,1.279,0.309,3.842,0.010650,0.936560,0.069043,-0.343475,img_361.jpg
46942,1280,720,631.94293,353.39117,986.8637,986.74805,1.250,0.310,3.890,0.012013,0.939813,0.066405,-0.334958,img_362.jpg
47035,1280,720,631.94293,353.39117,986.8637,986.74805,1.236,0.309,3.923,0.017398,0.942001,0.065321,-0.328731,img_363.jpg
47106,1280,720,631.94293,353.39117,986.8637,986.74805,1.212,0.309,3.980,0.025463,0.944202,0.064775,-0.321928,img_364.jpg
47185,1280,720,631.94293,353.39117,986.8637,986.74805,1.198,0.311,4.018,0.030873,0.944641,0.067866,-0.319522,img_365.jpg
47269,1280,720,631.94293,353.39117,986.8637,986.74805,1.183,0.316,4.055,0.029126,0.944674,0.074676,-0.318065,img_366.jpg
47336,1280,720,631.94293,353.39117,986.8637,986.74805,1.164,0.322,4.093,0.029003,0.945936,0.071504,-0.315041,img_367.jpg
47409,1280,720,631.94293,353.39117,986.8637,986.74805,1.136,0.325,4.143,0.024187,0.949297,0.075313,-0.304268,img_368.jpg
47485,1280,720,631.94293,353.39117,986.8637,986.74805,1.120,0.326,4.174,0.025482,0.951125,0.076765,-0.298024,img_369.jpg
47552,1280,720,631.94293,353.39117,986.8637,986.74805,1.101,0.326,4.208,0.022903,0.952164,0.075044,-0.295344,img_370.jpg
47635,1280,720,631.94293,353.39117,986.8637,986.74805,1.080,0.328,4.241,0.013931,0.951278,0.074149,-0.298962,img_371.jpg
47704,1280,720,631.94293,353.39117,986.8637,986.74805,1.053,0.330,4.274,0.010312,0.950024,0.072147,-0.303550,img_372.jpg
47770,1280,720,631.94293,353.39117,986.8637,986.74805,1.031,0.330,4.305,0.009639,0.948345,0.069883,-0.309297,img_373.jpg
47841,1280,720,631.94293,353.39117,986.8637,986.74805,0.990,0.333,4.355,0.007000,0.944450,0.065947,-0.321896,img_374.jpg
47919,1280,720,631.94293,353.39117,986.8637,986.74805,0.961,0.336,4.392,0.009203,0.940589,0.063084,-0.333508,img_375.jpg
48003,1280,720,631.94293,353.39117,986.8637,986.74805,0.931,0.342,4.425,0.015828,0.936422,0.059666,-0.345402,img_376.jpg
48069,1280,720,631.94293,353.39117,986.8637,986.74805,0.903,0.350,4.456,0.025492,0.932703,0.063723,-0.354054,img_377.jpg
48138,1280,720,631.94293,353.39117,986.8637,986.74805,0.875,0.355,4.489,0.045606,0.928286,0.061603,-0.363882,img_378.jpg
48211,1280,720,631.94293,353.39117,986.8637,986.74805,0.838,0.357,4.540,0.061401,0.927548,0.080354,-0.359761,img_379.jpg
48302,1280,720,631.94293,353.39117,986.8637,986.74805,0.810,0.354,4.570,0.057913,0.926730,0.086282,-0.361073,img_380.jpg
48369,1280,720,631.94293,353.39117,986.8637,986.74805,0.789,0.355,4.603,0.049410,0.927046,0.100345,-0.357875,img_381.jpg
48453,1280,720,631.94293,353.39117,986.8637,986.74805,0.761,0.351,4.652,0.039396,0.925408,0.117671,-0.358080,img_382.jpg
48520,1280,720,631.94293,353.39117,986.8637,986.74805,0.749,0.346,4.681,0.038793,0.925579,0.126420,-0.354706,img_383.jpg
48602,1280,720,631.94293,353.39117,986.8637,986.74805,0.736,0.342,4.715,0.036091,0.925644,0.137524,-0.350669,img_384.jpg
48665,1280,720,631.94293,353.39117,986.8637,986.74805,0.723,0.340,4.752,0.037389,0.924880,0.149049,-0.347828,img_385.jpg
48736,1280,720,631.94293,353.39117,986.8637,986.74805,0.715,0.337,4.800,0.045326,0.922553,0.172640,-0.342107,img_386.jpg
48808,1280,720,631.94293,353.39117,986.8637,986.74805,0.707,0.327,4.848,0.056120,0.919191,0.199350,-0.334959,img_387.jpg
48873,1280,720,631.94293,353.39117,986.8637,986.74805,0.699,0.313,4.916,0.075725,0.914208,0.236450,-0.320282,img_388.jpg
48953,1280,720,631.94293,353.39117,986.8637,986.74805,0.692,0.305,4.965,0.082687,0.909845,0.261436,-0.311442,img_389.jpg
49036,1280,720,631.94293,353.39117,986.8637,986.74805,0.679,0.303,5.014,0.081924,0.904851,0.285577,-0.304925,img_390.jpg
49095,1280,720,631.94293,353.39117,986.8637,986.74805,0.667,0.302,5.051,0.085176,0.906714,0.287677,-0.296406,img_391.jpg
49168,1280,720,631.94293,353.39117,986.8637,986.74805,0.653,0.301,5.089,0.074821,0.904041,0.303263,-0.291794,img_392.jpg
49232,1280,720,631.94293,353.39117,986.8637,986.74805,0.642,0.296,5.129,0.070726,0.903520,0.311233,-0.285978,img_393.jpg
49320,1280,720,631.94293,353.39117,986.8637,986.74805,0.623,0.288,5.180,0.071608,0.901607,0.321662,-0.280199,img_394.jpg
49385,1280,720,631.94293,353.39117,986.8637,986.74805,0.609,0.283,5.211,0.070661,0.897457,0.332509,-0.281096,img_395.jpg
49471,1280,720,631.94293,353.39117,986.8637,986.74805,0.596,0.278,5.240,0.075694,0.894697,0.335011,-0.285578,img_396.jpg
49543,1280,720,631.94293,353.39117,986.8637,986.74805,0.587,0.270,5.290,0.081876,0.888879,0.337969,-0.298273,img_397.jpg
49636,1280,720,631.94293,353.39117,986.8637,986.74805,0.567,0.271,5.309,0.083799,0.886148,0.334677,-0.309371,img_398.jpg
49702,1280,720,631.94293,353.39117,986.8637,986.74805,0.545,0.274,5.332,0.085486,0.883242,0.328760,-0.323252,img_399.jpg
49772,1280,720,631.94293,353.39117,986.8637,986.74805,0.521,0.280,5.349,0.090042,0.881279,0.317321,-0.338447,img_400.jpg
49839,1280,720,631.94293,353.39117,986.8637,986.74805,0.481,0.295,5.379,0.089329,0.877832,0.301534,-0.361261,img_401.jpg
49920,1280,720,631.94293,353.39117,986.8637,986.74805,0.453,0.306,5.395,0.092303,0.876244,0.287814,-0.375288,img_402.jpg
50003,1280,720,631.94293,353.39117,986.8637,986.74805,0.418,0.317,5.420,0.099866,0.872472,0.275648,-0.390945,img_403.jpg
50070,1280,720,631.94293,353.39117,986.8637,986.74805,0.400,0.320,5.448,0.102823,0.870112,0.272369,-0.397677,img_404.jpg
50137,1280,720,631.94293,353.39117,986.8637,986.74805,0.378,0.324,5.469,0.098942,0.868261,0.274836,-0.400997,img_405.jpg
50220,1280,720,631.94293,353.39117,986.8637,986.74805,0.364,0.326,5.493,0.097990,0.866713,0.273849,-0.405233,img_406.jpg
50286,1280,720,631.94293,353.39117,986.8637,986.74805,0.350,0.328,5.514,0.099186,0.868144,0.266850,-0.406545,img_407.jpg
50355,1280,720,631.94293,353.39117,986.8637,986.74805,0.338,0.329,5.533,0.095393,0.868426,0.262646,-0.409577,img_408.jpg
50437,1280,720,631.94293,353.39117,986.8637,986.74805,0.328,0.328,5.560,0.092311,0.867969,0.262529,-0.411324,img_409.jpg
50508,1280,720,631.94293,353.39117,986.8637,986.74805,0.321,0.325,5.591,0.095688,0.865696,0.268468,-0.411509,img_410.jpg
50585,1280,720,631.94293,353.39117,986.8637,986.74805,0.311,0.320,5.641,0.105042,0.863721,0.272453,-0.410757,img_411.jpg
50669,1280,720,631.94293,353.39117,986.8637,986.74805,0.309,0.321,5.677,0.112047,0.861596,0.275112,-0.411597,img_412.jpg
50731,1280,720,631.94293,353.39117,986.8637,986.74805,0.304,0.321,5.712,0.121465,0.859376,0.276678,-0.412515,img_413.jpg
50819,1280,720,631.94293,353.39117,986.8637,986.74805,0.300,0.324,5.770,0.128707,0.852788,0.291263,-0.413949,img_414.jpg
50903,1280,720,631.94293,353.39117,986.8637,986.74805,0.298,0.331,5.806,0.130975,0.853418,0.286934,-0.414960,img_415.jpg
50968,1280,720,631.94293,353.39117,986.8637,986.74805,0.295,0.342,5.837,0.123390,0.856449,0.277157,-0.417676,img_416.jpg
51034,1280,720,631.94293,353.39117,986.8637,986.74805,0.290,0.354,5.864,0.114301,0.859061,0.264204,-0.423257,img_417.jpg
51106,1280,720,631.94293,353.39117,986.8637,986.74805,0.285,0.378,5.894,0.108474,0.867151,0.230289,-0.428077,img_418.jpg
51185,1280,720,631.94293,353.39117,986.8637,986.74805,0.277,0.393,5.918,0.099191,0.872115,0.215792,-0.427796,img_419.jpg
51254,1280,720,631.94293,353.39117,986.8637,986.74805,0.267,0.408,5.942,0.091383,0.876765,0.202944,-0.426317,img_420.jpg
51336,1280,720,631.94293,353.39117,986.8637,986.74805,0.243,0.429,5.981,0.076600,0.883837,0.175568,-0.426780,img_421.jpg
51419,1280,720,631.94293,353.39117,986.8637,986.74805,0.226,0.445,6.008,0.069495,0.884397,0.159634,-0.433048,img_422.jpg
51502,1280,720,631.94293,353.39117,986.8637,986.74805,0.198,0.466,6.041,0.062043,0.884637,0.132983,-0.442587,img_423.jpg
51570,1280,720,631.94293,353.39117,986.8637,986.74805,0.176,0.481,6.056,0.057410,0.882893,0.114307,-0.451816,img_424.jpg
51654,1280,720,631.94293,353.39117,986.8637,986.74805,0.154,0.491,6.077,0.051067,0.880802,0.098759,-0.460246,img_425.jpg
51736,1280,720,631.94293,353.39117,986.8637,986.74805,0.118,0.511,6.102,0.044203,0.878049,0.080678,-0.469646,img_426.jpg
51820,1280,720,631.94293,353.39117,986.8637,986.74805,0.098,0.523,6.110,0.042953,0.878297,0.062928,-0.472006,img_427.jpg
51903,1280,720,631.94293,353.39117,986.8637,986.74805,0.061,0.537,6.127,0.039592,0.877234,0.041797,-0.476599,img_428.jpg
51969,1280,720,631.94293,353.39117,986.8637,986.74805,0.052,0.541,6.133,0.038168,0.875313,0.039018,-0.480467,img_429.jpg
52037,1280,720,631.94293,353.39117,986.8637,986.74805,0.021,0.550,6.146,0.033710,0.871749,0.033294,-0.487657,img_430.jpg
52121,1280,720,631.94293,353.39117,986.8637,986.74805,0.006,0.555,6.151,0.033498,0.869459,0.028507,-0.492043,img_431.jpg
52188,1280,720,631.94293,353.39117,986.8637,986.74805,-0.007,0.558,6.158,0.029478,0.867882,0.027140,-0.495151,img_432.jpg
52271,1280,720,631.94293,353.39117,986.8637,986.74805,-0.018,0.560,6.167,0.026092,0.864836,0.022794,-0.500857,img_433.jpg
52355,1280,720,631.94293,353.39117,986.8637,986.74805,-0.026,0.563,6.175,0.025581,0.863838,0.021055,-0.502679,img_434.jpg
52436,1280,720,631.94293,353.39117,986.8637,986.74805,-0.034,0.564,6.181,0.024710,0.862851,0.018452,-0.504516,img_435.jpg
52507,1280,720,631.94293,353.39117,986.8637,986.74805,-0.039,0.565,6.192,0.020529,0.860330,0.019388,-0.508955,img_436.jpg
52586,1280,720,631.94293,353.39117,986.8637,986.74805,-0.044,0.565,6.202,0.020332,0.861057,0.021442,-0.507650,img_437.jpg
52654,1280,720,631.94293,353.39117,986.8637,986.74805,-0.047,0.564,6.213,0.020457,0.863018,0.024937,-0.504142,img_438.jpg,marker_7.png,0.27504447,0.27504447,0.618,0.387,6.587,-0.312079,0.604685,-0.650794,-0.650794
52719,1280,720,631.94293,353.39117,986.8637,986.74805,-0.047,0.562,6.228,0.022480,0.864460,0.030882,-0.501248,img_439.jpg
52803,1280,720,631.94293,353.39117,986.8637,986.74805,-0.046,0.559,6.243,0.025153,0.867320,0.033812,-0.495964,img_440.jpg
52871,1280,720,631.94293,353.39117,986.8637,986.74805,-0.045,0.556,6.260,0.028059,0.868314,0.037975,-0.493763,img_441.jpg
52938,1280,720,631.94293,353.39117,986.8637,986.74805,-0.040,0.554,6.284,0.033212,0.864226,0.047174,-0.499786,img_442.jpg
53020,1280,720,631.94293,353.39117,986.8637,986.74805,-0.032,0.553,6.301,0.038434,0.856124,0.055021,-0.512394,img_443.jpg
53083,1280,720,631.94293,353.39117,986.8637,986.74805,-0.025,0.554,6.311,0.042158,0.848500,0.052135,-0.524930,img_444.jpg,marker_7.png,0.27327552,0.27327552,0.616,0.389,6.587,-0.321983,0.605699,-0.641489,-0.641489
53152,1280,720,631.94293,353.39117,986.8637,986.74805,-0.018,0.556,6.320,0.045407,0.842667,0.047210,-0.534436,img_445.jpg
53237,1280,720,631.94293,353.39117,986.8637,986.74805,-0.007,0.556,6.331,0.045269,0.834675,0.040363,-0.547393,img_446.jpg
53320,1280,720,631.94293,353.39117,986.8637,986.74805,0.000,0.556,6.341,0.045113,0.831500,0.040096,-0.552237,img_447.jpg
53404,1280,720,631.94293,353.39117,986.8637,986.74805,0.009,0.551,6.367,0.043441,0.837426,0.049837,-0.542538,img_448.jpg
53470,1280,720,631.94293,353.39117,986.8637,986.74805,0.010,0.547,6.378,0.043001,0.842014,0.053598,-0.535062,img_449.jpg
53540,1280,720,631.94293,353.39117,986.8637,986.74805,0.008,0.534,6.414,0.043240,0.857991,0.078884,-0.505726,img_450.jpg
53620,1280,720,631.94293,353.39117,986.8637,986.74805,0.001,0.527,6.432,0.044919,0.870234,0.091693,-0.481942,img_451.jpg
53704,1280,720,631.94293,353.39117,986.8637,986.74805,-0.009,0.520,6.451,0.043603,0.882331,0.102189,-0.457327,img_452.jpg
53769,1280,720,631.94293,353.39117,986.8637,986.74805,-0.033,0.511,6.484,0.037470,0.897465,0.116490,-0.423772,img_453.jpg
53854,1280,720,631.94293,353.39117,986.8637,986.74805,-0.052,0.505,6.505,0.036598,0.907263,0.125211,-0.399821,img_454.jpg
53936,1280,720,631.94293,353.39117,986.8637,986.74805,-0.075,0.500,6.524,0.032791,0.915382,0.131647,-0.379038,img_455.jpg
54007,1280,720,631.94293,353.39117,986.8637,986.74805,-0.114,0.491,6.556,0.026424,0.924952,0.144937,-0.350370,img_456.jpg
54085,1280,720,631.94293,353.39117,986.8637,986.74805,-0.140,0.483,6.576,0.024166,0.929797,0.154953,-0.332992,img_457.jpg
54153,1280,720,631.94293,353.39117,986.8637,986.74805,-0.172,0.477,6.597,0.022528,0.934344,0.166839,-0.314099,img_458.jpg
54236,1280,720,631.94293,353.39117,986.8637,986.74805,-0.219,0.468,6.626,0.015152,0.939330,0.188404,-0.286242,img_459.jpg
54302,1280,720,631.94293,353.39117,986.8637,986.74805,-0.235,0.465,6.636,0.012256,0.941149,0.195537,-0.275415,img_460.jpg
54374,1280,720,631.94293,353.39117,986.8637,986.74805,-0.281,0.455,6.662,0.009133,0.946872,0.211864,-0.241791,img_461.jpg
54457,1280,720,631.94293,353.39117,986.8637,986.74805,-0.307,0.446,6.683,0.006273,0.949707,0.225445,-0.217238,img_462.jpg
54537,1280,720,631.94293,353.39117,986.8637,986.74805,-0.332,0.438,6.704,0.003560,0.952780,0.234128,-0.193344,img_463.jpg
54620,1280,720,631.94293,353.39117,986.8637,986.74805,-0.377,0.433,6.730,-0.003676,0.958300,0.239783,-0.155406,img_464.jpg
54683,1280,720,631.94293,353.39117,986.8637,986.74805,-0.404,0.433,6.745,-0.011921,0.961326,0.243296,-0.128519,img_465.jpg
54770,1280,720,631.94293,353.39117,986.8637,986.74805,-0.437,0.429,6.775,-0.022311,0.965583,0.242491,-0.091377,img_466.jpg
54855,1280,720,631.94293,353.39117,986.8637,986.74805,-0.460,0.427,6.796,-0.029707,0.967952,0.240322,-0.066565,img_467.jpg
54923,1280,720,631.94293,353.39117,986.8637,986.74805,-0.484,0.430,6.811,-0.036350,0.969744,0.237691,-0.042174,img_468.jpg
54992,1280,720,631.94293,353.39117,986.8637,986.74805,-0.506,0.434,6.824,-0.041759,0.971272,0.233322,-0.021184,img_469.jpg
55070,1280,720,631.94293,353.39117,986.8637,986.74805,-0.526,0.437,6.841,-0.047607,0.971841,0.230765,-0.002615,img_470.jpg
55137,1280,720,631.94293,353.39117,986.8637,986.74805,-0.553,0.443,6.865,-0.049233,0.973758,0.220532,0.027135,img_471.jpg
55220,1280,720,631.94293,353.39117,986.8637,986.74805,-0.569,0.450,6.880,-0.044059,0.975693,0.208040,0.052937,img_472.jpg
55286,1280,720,631.94293,353.39117,986.8637,986.74805,-0.586,0.454,6.901,0.044767,-0.976135,-0.200805,-0.069521,img_473.jpg
55348,1280,720,631.94293,353.39117,986.8637,986.74805,-0.602,0.459,6.921,0.046903,-0.975801,-0.194909,-0.087305,img_474.jpg
55420,1280,720,631.94293,353.39117,986.8637,986.74805,-0.619,0.467,6.942,0.044446,-0.976139,-0.184277,-0.105923,img_475.jpg
55487,1280,720,631.94293,353.39117,986.8637,986.74805,-0.633,0.475,6.960,0.044606,-0.975768,-0.176697,-0.121098,img_476.jpg
55551,1280,720,631.94293,353.39117,986.8637,986.74805,-0.647,0.482,6.977,0.048309,-0.974817,-0.169197,-0.137005,img_477.jpg
55636,1280,720,631.94293,353.39117,986.8637,986.74805,-0.666,0.496,6.999,0.051144,-0.973582,-0.152954,-0.161641,img_478.jpg
55719,1280,720,631.94293,353.39117,986.8637,986.74805,-0.681,0.507,7.010,0.053288,-0.972401,-0.139748,-0.179073,img_479.jpg
55785,1280,720,631.94293,353.39117,986.8637,986.74805,-0.699,0.519,7.015,0.058427,-0.970985,-0.127237,-0.193869,img_480.jpg
55850,1280,720,631.94293,353.39117,986.8637,986.74805,-0.712,0.528,7.020,0.061032,-0.969578,-0.114402,-0.207620,img_481.jpg
55937,1280,720,631.94293,353.39117,986.8637,986.74805,-0.732,0.543,7.015,0.062781,-0.967243,-0.098415,-0.225420,img_482.jpg
56020,1280,720,631.94293,353.39117,986.8637,986.74805,-0.741,0.557,7.004,0.061013,-0.965253,-0.089164,-0.237938,img_483.jpg
56087,1280,720,631.94293,353.39117,986.8637,986.74805,-0.753,0.561,7.003,0.060406,-0.963470,-0.081825,-0.247752,img_484.jpg
56156,1280,720,631.94293,353.39117,986.8637,986.74805,-0.766,0.568,6.998,0.059916,-0.961667,-0.075633,-0.256685,img_485.jpg
56229,1280,720,631.94293,353.39117,986.8637,986.74805,-0.777,0.573,6.988,0.057817,-0.959642,-0.068702,-0.266504,img_486.jpg
56302,1280,720,631.94293,353.39117,986.8637,986.74805,-0.795,0.576,6.977,0.058859,-0.958490,-0.061273,-0.272175,img_487.jpg
56386,1280,720,631.94293,353.39117,986.8637,986.74805,-0.806,0.577,6.970,0.057157,-0.958427,-0.057012,-0.273680,img_488.jpg
56472,1280,720,631.94293,353.39117,986.8637,986.74805,-0.824,0.580,6.958,0.058666,-0.958423,-0.051231,-0.274516,img_489.jpg
56555,1280,720,631.94293,353.39117,986.8637,986.74805,-0.834,0.581,6.949,0.059357,-0.958824,-0.048304,-0.273497,img_490.jpg,marker_8.jpg,0.26834726,0.26834726,-1.171,0.467,7.438,-0.194043,-0.637957,0.717925,0.717925
56629,1280,720,631.94293,353.39117,986.8637,986.74805,-0.846,0.582,6.940,0.058867,-0.959501,-0.045570,-0.271692,img_491.jpg
56703,1280,720,631.94293,353.39117,986.8637,986.74805,-0.861,0.582,6.926,0.058510,-0.961061,-0.044746,-0.266337,img_492.jpg
56788,1280,720,631.94293,353.39117,986.8637,986.74805,-0.871,0.581,6.917,0.057807,-0.962325,-0.043748,-0.262060,img_493.jpg
56851,1280,720,631.94293,353.39117,986.8637,986.74805,-0.881,0.581,6.906,0.057737,-0.963599,-0.043203,-0.257442,img_494.jpg
56921,1280,720,631.94293,353.39117,986.8637,986.74805,-0.890,0.581,6.895,0.057408,-0.964672,-0.042630,-0.253564,img_495.jpg
56991,1280,720,631.94293,353.39117,986.8637,986.74805,-0.900,0.579,6.884,0.056774,-0.965558,-0.043538,-0.250157,img_496.jpg
57071,1280,720,631.94293,353.39117,986.8637,986.74805,-0.914,0.578,6.865,0.056538,-0.966920,-0.044067,-0.244801,img_497.jpg
57138,1280,720,631.94293,353.39117,986.8637,986.74805,-0.922,0.576,6.852,0.058396,-0.967937,-0.045161,-0.240100,img_498.jpg,marker_8.jpg,0.2668023,0.2668023,-1.172,0.468,7.442,-0.193732,-0.648132,0.706514,0.706514
57221,1280,720,631.94293,353.39117,986.8637,986.74805,-0.930,0.576,6.838,0.058367,-0.968877,-0.045202,-0.236279,img_499.jpg
57287,1280,720,631.94293,353.39117,986.8637,986.74805,-0.939,0.574,6.824,0.059376,-0.969508,-0.045550,-0.233352,img_500.jpg
57373,1280,720,631.94293,353.39117,986.8637,986.74805,-0.953,0.571,6.800,0.061934,-0.970229,-0.047630,-0.229242,img_501.jpg
57458,1280,720,631.94293,353.39117,986.8637,986.74805,-0.963,0.568,6.784,0.062008,-0.970403,-0.049657,-0.228051,img_502.jpg
57538,1280,720,631.94293,353.39117,986.8637,986.74805,-0.973,0.566,6.769,0.059138,-0.970187,-0.048417,-0.229991,img_503.jpg
57607,1280,720,631.94293,353.39117,986.8637,986.74805,-0.991,0.562,6.750,0.051230,-0.968519,-0.046794,-0.239076,img_504.jpg,marker_8.jpg,0.26721054,0.26721054,-1.172,0.470,7.439,-0.194091,-0.645555,0.708205,0.708205
57688,1280,720,631.94293,353.39117,986.8637,986.74805,-1.004,0.559,6.739,0.045978,-0.966397,-0.047520,-0.248404,img_505.jpg
57772,1280,720,631.94293,353.39117,986.8637,986.74805,-1.027,0.555,6.724,0.044232,-0.963466,-0.049354,-0.259500,img_506.jpg
57838,1280,720,631.94293,353.39117,986.8637,986.74805,-1.036,0.554,6.719,0.046320,-0.962818,-0.050299,-0.261354,img_507.jpg
57913,1280,720,631.94293,353.39117,986.8637,986.74805,-1.067,0.549,6.701,0.053900,-0.960817,-0.051657,-0.266940,img_508.jpg
57987,1280,720,631.94293,353.39117,986.8637,986.74805,-1.089,0.547,6.689,0.053757,-0.959667,-0.047449,-0.271840,img_509.jpg
58072,1280,720,631.94293,353.39117,986.8637,986.74805,-1.123,0.545,6.677,0.053785,-0.959667,-0.045030,-0.272247,img_510.jpg
58157,1280,720,631.94293,353.39117,986.8637,986.74805,-1.148,0.545,6.673,0.051053,-0.959908,-0.045510,-0.271844,img_511.jpg
58226,1280,720,631.94293,353.39117,986.8637,986.74805,-1.173,0.545,6.668,0.045161,-0.960123,-0.045326,-0.272159,img_512.jpg
58295,1280,720,631.94293,353.39117,986.8637,986.74805,-1.201,0.544,6.663,0.045782,-0.960144,-0.047337,-0.271638,img_513.jpg
58361,1280,720,631.94293,353.39117,986.8637,986.74805,-1.232,0.544,6.660,0.050522,-0.958951,-0.051515,-0.274239,img_514.jpg
58438,1280,720,631.94293,353.39117,986.8637,986.74805,-1.280,0.542,6.656,0.052420,-0.954767,-0.060259,-0.286428,img_515.jpg
58521,1280,720,631.94293,353.39117,986.8637,986.74805,-1.311,0.541,6.654,0.052620,-0.950217,-0.068264,-0.299432,img_516.jpg
58591,1280,720,631.94293,353.39117,986.8637,986.74805,-1.339,0.539,6.650,0.047766,-0.945490,-0.071611,-0.314068,img_517.jpg
58659,1280,720,631.94293,353.39117,986.8637,986.74805,-1.364,0.539,6.644,0.049017,-0.940723,-0.073383,-0.327494,img_518.jpg
58739,1280,720,631.94293,353.39117,986.8637,986.74805,-1.400,0.539,6.631,0.056547,-0.933832,-0.071534,-0.345896,img_519.jpg
58821,1280,720,631.94293,353.39117,986.8637,986.74805,-1.423,0.537,6.618,0.061219,-0.929784,-0.069411,-0.356282,img_520.jpg
58891,1280,720,631.94293,353.39117,986.8637,986.74805,-1.446,0.534,6.602,0.068478,-0.927886,-0.066852,-0.360374,img_521.jpg
58956,1280,720,631.94293,353.39117,986.8637,986.74805,-1.467,0.532,6.582,0.071331,-0.926144,-0.061561,-0.365211,img_522.jpg
59023,1280,720,631.94293,353.39117,986.8637,986.74805,-1.492,0.530,6.560,0.073675,-0.925120,-0.056002,-0.368223,img_523.jpg
59092,1280,720,631.94293,353.39117,986.8637,986.74805,-1.518,0.528,6.535,0.077025,-0.925364,-0.049844,-0.367810,img_524.jpg
59155,1280,720,631.94293,353.39117,986.8637,986.74805,-1.541,0.525,6.507,0.076347,-0.925294,-0.045262,-0.368719,img_525.jpg
59238,1280,720,631.94293,353.39117,986.8637,986.74805,-1.564,0.522,6.476,0.075375,-0.926722,-0.043700,-0.365506,img_526.jpg
59306,1280,720,631.94293,353.39117,986.8637,986.74805,-1.601,0.520,6.430,0.067435,-0.929826,-0.043521,-0.359141,img_527.jpg
59387,1280,720,631.94293,353.39117,986.8637,986.74805,-1.624,0.521,6.398,0.067689,-0.931894,-0.042896,-0.353767,img_528.jpg
59449,1280,720,631.94293,353.39117,986.8637,986.74805,-1.649,0.523,6.369,0.067525,-0.934804,-0.041971,-0.346150,img_529.jpg
59538,1280,720,631.94293,353.39117,986.8637,986.74805,-1.682,0.523,6.327,0.060455,-0.936903,-0.043792,-0.341527,img_530.jpg
59622,1280,720,631.94293,353.39117,986.8637,986.74805,-1.703,0.523,6.299,0.058583,-0.938268,-0.041889,-0.338329,img_531.jpg
59688,1280,720,631.94293,353.39117,986.8637,986.74805,-1.723,0.525,6.275,0.060909,-0.939347,-0.038813,-0.335278,img_532.jpg
59753,1280,720,631.94293,353.39117,986.8637,986.74805,-1.742,0.526,6.254,0.065022,-0.939003,-0.035793,-0.335804,img_533.jpg
59822,1280,720,631.94293,353.39117,986.8637,986.74805,-1.761,0.526,6.237,0.068943,-0.938974,-0.033713,-0.335318,img_534.jpg
59892,1280,720,631.94293,353.39117,986.8637,986.74805,-1.777,0.524,6.222,0.068235,-0.938417,-0.032451,-0.337143,img_535.jpg
59953,1280,720,631.94293,353.39117,986.8637,986.74805,-1.794,0.522,6.209,0.069203,-0.937673,-0.032118,-0.339041,img_536.jpg
60039,1280,720,631.94293,353.39117,986.8637,986.74805,-1.823,0.514,6.203,0.074755,-0.937036,-0.033203,-0.339517,img_537.jpg
60122,1280,720,631.94293,353.39117,986.8637,986.74805,-1.843,0.511,6.190,0.076291,-0.936245,-0.034840,-0.341190,img_538.jpg
60206,1280,720,631.94293,353.39117,986.8637,986.74805,-1.874,0.506,6.177,0.075070,-0.935674,-0.036260,-0.342876,img_539.jpg
60287,1280,720,631.94293,353.39117,986.8637,986.74805,-1.895,0.502,6.169,0.072516,-0.935729,-0.036014,-0.343302,img_540.jpg
60352,1280,720,631.94293,353.39117,986.8637,986.74805,-1.918,0.499,6.162,0.067253,-0.935430,-0.036420,-0.345141,img_541.jpg
60439,1280,720,631.94293,353.39117,986.8637,986.74805,-1.953,0.496,6.152,0.056807,-0.936427,-0.039365,-0.343988,img_542.jpg
60522,1280,720,631.94293,353.39117,986.8637,986.74805,-1.977,0.496,6.146,0.057578,-0.937875,-0.041176,-0.339676,img_543.jpg
60606,1280,720,631.94293,353.39117,986.8637,986.74805,-2.011,0.497,6.137,0.057728,-0.939397,-0.042405,-0.335265,img_544.jpg,marker_9.jpg,0.273373,0.273373,-2.474,0.414,6.619,-0.193558,-0.649816,0.705122,0.705122
60687,1280,720,631.94293,353.39117,986.8637,986.74805,-2.033,0.498,6.132,0.059127,-0.939655,-0.043732,-0.334126,img_545.jpg
60765,1280,720,631.94293,353.39117,986.8637,986.74805,-2.050,0.499,6.125,0.057723,-0.939559,-0.041059,-0.334980,img_546.jpg
60844,1280,720,631.94293,353.39117,986.8637,986.74805,-2.076,0.500,6.114,0.061017,-0.940259,-0.039955,-0.332556,img_547.jpg
60940,1280,720,631.94293,353.39117,986.8637,986.74805,-2.099,0.501,6.104,0.062454,-0.941713,-0.039745,-0.328172,img_548.jpg
61023,1280,720,631.94293,353.39117,986.8637,986.74805,-2.112,0.502,6.095,0.062876,-0.943840,-0.037472,-0.322194,img_549.jpg
61102,1280,720,631.94293,353.39117,986.8637,986.74805,-2.132,0.502,6.080,0.062468,-0.948793,-0.033858,-0.307803,img_550.jpg
61190,1280,720,631.94293,353.39117,986.8637,986.74805,-2.147,0.500,6.067,0.062873,-0.952552,-0.031311,-0.296160,img_551.jpg
61264,1280,720,631.94293,353.39117,986.8637,986.74805,-2.161,0.499,6.050,0.062027,-0.956527,-0.027780,-0.283613,img_552.jpg,marker_9.jpg,0.2707001,0.2707001,-2.468,0.416,6.620,-0.198121,-0.646749,0.705383,0.705383
61343,1280,720,631.94293,353.39117,986.8637,986.74805,-2.184,0.496,6.021,0.059377,-0.962757,-0.027114,-0.262370,img_553.jpg
61440,1280,720,631.94293,353.39117,986.8637,986.74805,-2.207,0.493,5.988,0.057586,-0.967552,-0.029005,-0.244307,img_554.jpg
61523,1280,720,631.94293,353.39117,986.8637,986.74805,-2.222,0.494,5.964,0.056711,-0.970154,-0.030004,-0.233848,img_555.jpg
61601,1280,720,631.94293,353.39117,986.8637,986.74805,-2.245,0.492,5.927,0.054848,-0.973074,-0.031771,-0.221607,img_556.jpg
61690,1280,720,631.94293,353.39117,986.8637,986.74805,-2.260,0.490,5.903,0.051737,-0.974031,-0.032979,-0.217945,img_557.jpg
61765,1280,720,631.94293,353.39117,986.8637,986.74805,-2.277,0.488,5.880,0.051158,-0.974234,-0.033506,-0.217093,img_558.jpg
61862,1280,720,631.94293,353.39117,986.8637,986.74805,-2.299,0.484,5.847,0.053220,-0.973162,-0.033330,-0.221389,img_559.jpg
61940,1280,720,631.94293,353.39117,986.8637,986.74805,-2.324,0.481,5.819,0.057863,-0.971266,-0.033392,-0.228426,img_560.jpg,marker_9.jpg,0.2725413,0.2725413,-2.470,0.417,6.622,-0.197158,-0.648785,0.702707,0.702707
62024,1280,720,631.94293,353.39117,986.8637,986.74805,-2.340,0.479,5.802,0.057088,-0.969969,-0.030884,-0.234407,img_561.jpg
62104,1280,720,631.94293,353.39117,986.8637,986.74805,-2.367,0.478,5.783,0.056525,-0.967858,-0.026999,-0.243572,img_562.jpg
62192,1280,720,631.94293,353.39117,986.8637,986.74805,-2.388,0.476,5.772,0.062341,-0.966173,-0.025683,-0.248925,img_563.jpg
62276,1280,720,631.94293,353.39117,986.8637,986.74805,-2.418,0.471,5.760,0.064930,-0.963614,-0.030537,-0.257487,img_564.jpg
62376,1280,720,631.94293,353.39117,986.8637,986.74805,-2.449,0.465,5.748,0.055917,-0.962272,-0.034876,-0.263987,img_565.jpg
62458,1280,720,631.94293,353.39117,986.8637,986.74805,-2.475,0.461,5.742,0.053653,-0.961098,-0.037037,-0.268403,img_566.jpg
62534,1280,720,631.94293,353.39117,986.8637,986.74805,-2.515,0.454,5.734,0.047876,-0.959532,-0.043954,-0.273996,img_567.jpg
62623,1280,720,631.94293,353.39117,986.8637,986.74805,-2.545,0.451,5.730,0.052803,-0.958575,-0.053040,-0.274832,img_568.jpg
62698,1280,720,631.94293,353.39117,986.8637,986.74805,-2.588,0.447,5.725,0.052186,-0.953510,-0.067312,-0.289074,img_569.jpg
62772,1280,720,631.94293,353.39117,986.8637,986.74805,-2.617,0.443,5.720,0.055094,-0.948727,-0.072377,-0.302727,img_570.jpg
62858,1280,720,631.94293,353.39117,986.8637,986.74805,-2.645,0.440,5.711,0.062741,-0.943520,-0.077726,-0.315899,img_571.jpg
62926,1280,720,631.94293,353.39117,986.8637,986.74805,-2.672,0.436,5.703,0.069601,-0.939224,-0.084836,-0.325296,img_572.jpg
63007,1280,720,631.94293,353.39117,986.8637,986.74805,-2.710,0.429,5.687,0.071384,-0.933005,-0.091665,-0.340592,img_573.jpg
63089,1280,720,631.94293,353.39117,986.8637,986.74805,-2.737,0.424,5.672,0.081238,-0.930927,-0.091749,-0.344031,img_574.jpg
63160,1280,720,631.94293,353.39117,986.8637,986.74805,-2.763,0.419,5.655,0.088081,-0.929834,-0.091385,-0.345396,img_575.jpg
63230,1280,720,631.94293,353.39117,986.8637,986.74805,-2.800,0.415,5.625,0.091901,-0.930802,-0.087403,-0.342817,img_576.jpg
63321,1280,720,631.94293,353.39117,986.8637,986.74805,-2.824,0.413,5.601,0.093896,-0.933413,-0.085127,-0.335674,img_577.jpg
63394,1280,720,631.94293,353.39117,986.8637,986.74805,-2.858,0.412,5.564,0.083165,-0.936582,-0.083569,-0.330021,img_578.jpg
63473,1280,720,631.94293,353.39117,986.8637,986.74805,-2.880,0.414,5.539,0.077244,-0.938543,-0.084865,-0.325529,img_579.jpg
63556,1280,720,631.94293,353.39117,986.8637,986.74805,-2.902,0.418,5.511,0.073301,-0.941115,-0.083835,-0.319221,img_580.jpg
63638,1280,720,631.94293,353.39117,986.8637,986.74805,-2.931,0.420,5.471,0.072477,-0.943086,-0.087352,-0.312580,img_581.jpg
63721,1280,720,631.94293,353.39117,986.8637,986.74805,-2.947,0.418,5.447,0.068949,-0.942750,-0.088220,-0.314143,img_582.jpg
63799,1280,720,631.94293,353.39117,986.8637,986.74805,-2.971,0.417,5.413,0.070390,-0.941998,-0.084724,-0.317028,img_583.jpg
63888,1280,720,631.94293,353.39117,986.8637,986.74805,-2.987,0.418,5.395,0.075846,-0.941310,-0.082088,-0.318503,img_584.jpg
63961,1280,720,631.94293,353.39117,986.8637,986.74805,-3.002,0.417,5.379,0.075670,-0.940226,-0.080650,-0.322094,img_585.jpg
64034,1280,720,631.94293,353.39117,986.8637,986.74805,-3.028,0.415,5.359,0.074323,-0.938390,-0.078159,-0.328318,img_586.jpg
64122,1280,720,631.94293,353.39117,986.8637,986.74805,-3.028,0.415,5.359,0.074323,-0.938390,-0.078159,-0.328318,img_587.jpg
64197,1280,720,631.94293,353.39117,986.8637,986.74805,-3.028,0.415,5.359,0.074323,-0.938390,-0.078159,-0.328318,img_588.jpg
64288,1280,720,631.94293,353.39117,986.8637,986.74805,-3.028,0.415,5.359,0.074323,-0.938390,-0.078159,-0.328318,img_589.jpg
64358,1280,720,631.94293,353.39117,986.8637,986.74805,-3.028,0.415,5.359,0.074323,-0.938390,-0.078159,-0.328318,img_590.jpg
64434,1280,720,631.94293,353.39117,986.8637,986.74805,-3.028,0.415,5.359,0.074323,-0.938390,-0.078159,-0.328318,img_591.jpg
64522,1280,720,631.94293,353.39117,986.8637,986.74805,-3.028,0.415,5.359,0.074323,-0.938390,-0.078159,-0.328318,img_592.jpg
64605,1280,720,631.94293,353.39117,986.8637,986.74805,-3.028,0.415,5.359,0.074323,-0.938390,-0.078159,-0.328318,img_593.jpg
64688,1280,720,631.94293,353.39117,986.8637,986.74805,-3.028,0.415,5.359,0.074323,-0.938390,-0.078159,-0.328318,img_594.jpg
64773,1280,720,631.94293,353.39117,986.8637,986.74805,-3.028,0.415,5.359,0.074323,-0.938390,-0.078159,-0.328318,img_595.jpg
64856,1280,720,631.94293,353.39117,986.8637,986.74805,-3.028,0.415,5.359,0.074323,-0.938390,-0.078159,-0.328318,img_596.jpg
64929,1280,720,631.94293,353.39117,986.8637,986.74805,-3.028,0.415,5.359,0.074323,-0.938390,-0.078159,-0.328318,img_597.jpg
65008,1280,720,631.94293,353.39117,986.8637,986.74805,-3.028,0.415,5.359,0.074323,-0.938390,-0.078159,-0.328318,img_598.jpg
65088,1280,720,631.94293,353.39117,986.8637,986.74805,-3.028,0.415,5.359,0.074323,-0.938390,-0.078159,-0.328318,img_599.jpg
65163,1280,720,631.94293,353.39117,986.8637,986.74805,-3.028,0.415,5.359,0.074323,-0.938390,-0.078159,-0.328318,img_600.jpg
65239,1280,720,631.94293,353.39117,986.8637,986.74805,-3.028,0.415,5.359,0.074323,-0.938390,-0.078159,-0.328318,img_601.jpg
65314,1280,720,631.94293,353.39117,986.8637,986.74805,-3.028,0.415,5.359,0.074323,-0.938390,-0.078159,-0.328318,img_602.jpg
65406,1280,720,631.94293,353.39117,986.8637,986.74805,-2.753,0.436,5.736,0.049866,-0.940134,-0.029644,-0.335832,img_603.jpg
65489,1280,720,631.94293,353.39117,986.8637,986.74805,-2.765,0.432,5.737,0.054091,-0.940903,-0.031998,-0.332795,img_604.jpg
65567,1280,720,631.94293,353.39117,986.8637,986.74805,-2.786,0.430,5.727,0.060661,-0.943828,-0.030134,-0.323420,img_605.jpg
65656,1280,720,631.94293,353.39117,986.8637,986.74805,-2.762,0.433,5.716,0.064002,-0.946278,-0.031623,-0.315376,img_606.jpg
65733,1280,720,631.94293,353.39117,986.8637,986.74805,-2.778,0.432,5.704,0.061590,-0.950401,-0.029457,-0.303441,img_607.jpg
65823,1280,720,631.94293,353.39117,986.8637,986.74805,-2.784,0.434,5.691,0.061315,-0.953351,-0.025046,-0.294509,img_608.jpg
65902,1280,720,631.94293,353.39117,986.8637,986.74805,-2.791,0.436,5.672,0.067669,-0.958373,-0.025419,-0.276219,img_609.jpg
65991,1280,720,631.94293,353.39117,986.8637,986.74805,-2.803,0.436,5.657,0.067925,-0.960137,-0.026644,-0.269841,img_610.jpg
66064,1280,720,631.94293,353.39117,986.8637,986.74805,-2.821,0.435,5.635,0.064495,-0.962204,-0.026534,-0.263249,img_611.jpg,marker_10.jpg,0.3022881,0.3022881,-3.143,0.335,6.207,-0.129497,-0.639045,0.746565,0.746565
66159,1280,720,631.94293,353.39117,986.8637,986.74805,-2.846,0.433,5.607,0.067524,-0.964544,-0.028752,-0.253514,img_612.jpg
66241,1280,720,631.94293,353.39117,986.8637,986.74805,-2.860,0.431,5.589,0.067216,-0.965202,-0.029321,-0.251013,img_613.jpg
66323,1280,720,631.94293,353.39117,986.8637,986.74805,-2.874,0.430,5.570,0.071636,-0.966142,-0.030726,-0.245955,img_614.jpg
66401,1280,720,631.94293,353.39117,986.8637,986.74805,-2.893,0.426,5.543,0.072449,-0.965346,-0.033562,-0.248460,img_615.jpg
66489,1280,720,631.94293,353.39117,986.8637,986.74805,-2.906,0.423,5.526,0.072436,-0.963126,-0.032641,-0.257054,img_616.jpg
66563,1280,720,631.94293,353.39117,986.8637,986.74805,-2.923,0.416,5.502,0.073069,-0.957343,-0.032103,-0.277714,img_617.jpg,marker_10.jpg,0.30078152,0.30078152,-3.142,0.335,6.206,-0.138693,-0.651526,0.730097,0.730097
66657,1280,720,631.94293,353.39117,986.8637,986.74805,-2.941,0.411,5.486,0.084656,-0.952738,-0.036676,-0.289447,img_618.jpg
66730,1280,720,631.94293,353.39117,986.8637,986.74805,-2.965,0.406,5.469,0.095550,-0.944997,-0.041870,-0.309997,img_619.jpg
66823,1280,720,631.94293,353.39117,986.8637,986.74805,-2.981,0.402,5.458,0.099460,-0.938681,-0.045347,-0.327001,img_620.jpg
66899,1280,720,631.94293,353.39117,986.8637,986.74805,-3.010,0.396,5.439,0.106502,-0.930169,-0.046818,-0.348212,img_621.jpg
66990,1280,720,631.94293,353.39117,986.8637,986.74805,-3.029,0.393,5.426,0.110548,-0.922816,-0.047265,-0.366001,img_622.jpg
67064,1280,720,631.94293,353.39117,986.8637,986.74805,-3.059,0.387,5.406,0.117004,-0.909195,-0.049522,-0.396512,img_623.jpg
67157,1280,720,631.94293,353.39117,986.8637,986.74805,-3.086,0.382,5.393,0.121483,-0.899866,-0.052229,-0.415638,img_624.jpg
67230,1280,720,631.94293,353.39117,986.8637,986.74805,-3.122,0.376,5.371,0.128538,-0.883759,-0.057811,-0.446213,img_625.jpg
67323,1280,720,631.94293,353.39117,986.8637,986.74805,-3.145,0.373,5.356,0.131303,-0.872363,-0.062569,-0.466719,img_626.jpg
67406,1280,720,631.94293,353.39117,986.8637,986.74805,-3.181,0.370,5.334,0.130476,-0.854289,-0.067825,-0.498563,img_627.jpg
67489,1280,720,631.94293,353.39117,986.8637,986.74805,-3.205,0.368,5.319,0.133340,-0.843811,-0.068766,-0.515242,img_628.jpg
67562,1280,720,631.94293,353.39117,986.8637,986.74805,-3.240,0.366,5.297,0.137748,-0.827418,-0.067219,-0.540265,img_629.jpg
67640,1280,720,631.94293,353.39117,986.8637,986.74805,-3.265,0.364,5.281,0.145096,-0.814991,-0.065342,-0.557196,img_630.jpg
67723,1280,720,631.94293,353.39117,986.8637,986.74805,-3.299,0.361,5.257,0.147368,-0.788767,-0.063193,-0.593410,img_631.jpg
67806,1280,720,631.94293,353.39117,986.8637,986.74805,-3.319,0.359,5.235,0.147769,-0.767772,-0.060679,-0.620491,img_632.jpg
67890,1280,720,631.94293,353.39117,986.8637,986.74805,-3.338,0.360,5.209,0.153515,-0.746402,-0.054281,-0.645268,img_633.jpg
67962,1280,720,631.94293,353.39117,986.8637,986.74805,-3.354,0.364,5.161,0.155228,-0.710147,-0.042838,-0.685391,img_634.jpg
68040,1280,720,631.94293,353.39117,986.8637,986.74805,-3.368,0.368,5.136,0.154428,-0.686133,-0.035453,-0.710012,img_635.jpg
68123,1280,720,631.94293,353.39117,986.8637,986.74805,-3.370,0.374,5.103,0.153197,-0.662412,-0.028775,-0.732743,img_636.jpg
68201,1280,720,631.94293,353.39117,986.8637,986.74805,-3.374,0.377,5.055,0.148235,-0.629460,-0.026028,-0.762318,img_637.jpg
68290,1280,720,631.94293,353.39117,986.8637,986.74805,-3.398,0.368,5.015,0.146897,-0.611209,-0.021930,-0.777409,img_638.jpg
68362,1280,720,631.94293,353.39117,986.8637,986.74805,-3.400,0.368,4.982,0.146940,-0.596246,-0.018715,-0.789017,img_639.jpg
68439,1280,720,631.94293,353.39117,986.8637,986.74805,-3.406,0.364,4.928,0.143505,-0.574928,-0.017332,-0.805335,img_640.jpg
68524,1280,720,631.94293,353.39117,986.8637,986.74805,-3.407,0.364,4.890,0.144045,-0.561892,-0.013119,-0.814467,img_641.jpg
68604,1280,720,631.94293,353.39117,986.8637,986.74805,-3.414,0.361,4.853,0.141399,-0.552045,-0.013109,-0.821633,img_642.jpg
68690,1280,720,631.94293,353.39117,986.8637,986.74805,-3.421,0.363,4.832,0.136518,-0.559023,-0.013985,-0.817717,img_643.jpg
68766,1280,720,631.94293,353.39117,986.8637,986.74805,-3.430,0.361,4.801,0.131383,-0.569175,-0.016152,-0.811491,img_644.jpg
68840,1280,720,631.94293,353.39117,986.8637,986.74805,-3.439,0.361,4.787,0.129241,-0.576708,-0.016038,-0.806503,img_645.jpg
68924,1280,720,631.94293,353.39117,986.8637,986.74805,-3.446,0.361,4.772,0.125122,-0.576736,-0.015167,-0.807150,img_646.jpg
68996,1280,720,631.94293,353.39117,986.8637,986.74805,-3.454,0.358,4.747,0.120539,-0.575840,-0.016201,-0.808466,img_647.jpg,marker_11.jpg,0.26836982,0.26836982,-4.105,0.176,4.548,-0.560296,-0.368350,0.417136,0.417136
69073,1280,720,631.94293,353.39117,986.8637,986.74805,-3.460,0.357,4.734,0.120617,-0.579038,-0.016055,-0.806169,img_648.jpg
69143,1280,720,631.94293,353.39117,986.8637,986.74805,-3.465,0.356,4.723,0.114610,-0.578905,-0.015865,-0.807144,img_649.jpg
69224,1280,720,631.94293,353.39117,986.8637,986.74805,-3.471,0.352,4.712,0.112064,-0.584296,-0.020960,-0.803493,img_650.jpg
69307,1280,720,631.94293,353.39117,986.8637,986.74805,-3.473,0.347,4.703,0.115029,-0.591574,-0.025907,-0.797582,img_651.jpg
69390,1280,720,631.94293,353.39117,986.8637,986.74805,-3.470,0.343,4.698,0.109406,-0.593441,-0.029662,-0.796855,img_652.jpg
69468,1280,720,631.94293,353.39117,986.8637,986.74805,-3.460,0.339,4.689,0.107388,-0.602304,-0.034283,-0.790267,img_653.jpg
69558,1280,720,631.94293,353.39117,986.8637,986.74805,-3.448,0.339,4.684,0.104576,-0.612438,-0.031781,-0.782927,img_654.jpg
69629,1280,720,631.94293,353.39117,986.8637,986.74805,-3.433,0.336,4.676,0.103682,-0.618172,-0.036321,-0.778327,img_655.jpg,marker_11.jpg,0.27100784,0.27100784,-4.114,0.174,4.546,-0.555053,-0.372814,0.423012,0.423012
69707,1280,720,631.94293,353.39117,986.8637,986.74805,-3.423,0.334,4.670,0.100995,-0.621451,-0.038949,-0.775939,img_656.jpg
69777,1280,720,631.94293,353.39117,986.8637,986.74805,-3.415,0.330,4.663,0.107475,-0.630031,-0.041573,-0.767973,img_657.jpg
69858,1280,720,631.94293,353.39117,986.8637,986.74805,-3.407,0.327,4.654,0.110055,-0.632485,-0.041735,-0.765578,img_658.jpg
69934,1280,720,631.94293,353.39117,986.8637,986.74805,-3.394,0.324,4.633,0.116411,-0.637962,-0.039270,-0.760204,img_659.jpg
70025,1280,720,631.94293,353.39117,986.8637,986.74805,-3.384,0.321,4.610,0.119776,-0.641875,-0.039978,-0.756341,img_660.jpg
70107,1280,720,631.94293,353.39117,986.8637,986.74805,-3.380,0.319,4.593,0.120466,-0.645291,-0.038764,-0.753383,img_661.jpg,marker_11.jpg,0.27218014,0.27218014,-4.114,0.175,4.542,-0.564938,-0.365243,0.422192,0.422192
70185,1280,720,631.94293,353.39117,986.8637,986.74805,-3.375,0.318,4.575,0.123107,-0.650547,-0.037213,-0.748498,img_662.jpg
70262,1280,720,631.94293,353.39117,986.8637,986.74805,-3.367,0.316,4.547,0.122605,-0.658933,-0.035726,-0.741282,img_663.jpg
70342,1280,720,631.94293,353.39117,986.8637,986.74805,-3.357,0.313,4.525,0.123173,-0.664546,-0.038716,-0.736008,img_664.jpg
70418,1280,720,631.94293,353.39117,986.8637,986.74805,-3.350,0.306,4.500,0.121312,-0.670272,-0.043619,-0.730832,img_665.jpg
70499,1280,720,631.94293,353.39117,986.8637,986.74805,-3.335,0.297,4.461,0.120672,-0.676227,-0.049764,-0.725037,img_666.jpg
70591,1280,720,631.94293,353.39117,986.8637,986.74805,-3.317,0.291,4.421,0.120304,-0.679133,-0.053744,-0.722092,img_667.jpg
70673,1280,720,631.94293,353.39117,986.8637,986.74805,-3.302,0.289,4.394,0.120444,-0.678864,-0.054083,-0.722297,img_668.jpg
70746,1280,720,631.94293,353.39117,986.8637,986.74805,-3.284,0.287,4.369,0.120929,-0.676731,-0.054257,-0.724201,img_669.jpg,marker_11.jpg,0.27259216,0.27259216,-4.116,0.174,4.539,-0.565505,-0.360070,0.407668,0.407668
70823,1280,720,631.94293,353.39117,986.8637,986.74805,-3.258,0.285,4.326,0.127500,-0.668020,-0.052247,-0.731275,img_670.jpg
70908,1280,720,631.94293,353.39117,986.8637,986.74805,-3.243,0.283,4.292,0.128988,-0.663521,-0.050676,-0.735210,img_671.jpg
70987,1280,720,631.94293,353.39117,986.8637,986.74805,-3.221,0.280,4.264,0.131697,-0.657172,-0.049282,-0.740508,img_672.jpg
71067,1280,720,631.94293,353.39117,986.8637,986.74805,-3.184,0.276,4.224,0.130206,-0.649025,-0.049267,-0.747921,img_673.jpg
71159,1280,720,631.94293,353.39117,986.8637,986.74805,-3.141,0.272,4.185,0.127568,-0.640673,-0.049317,-0.755535,img_674.jpg
71224,1280,720,631.94293,353.39117,986.8637,986.74805,-3.109,0.267,4.160,0.127334,-0.637059,-0.050680,-0.758534,img_675.jpg
71307,1280,720,631.94293,353.39117,986.8637,986.74805,-3.079,0.261,4.137,0.128211,-0.632575,-0.056840,-0.761696,img_676.jpg
71376,1280,720,631.94293,353.39117,986.8637,986.74805,-3.051,0.254,4.114,0.129817,-0.627230,-0.062661,-0.765378,img_677.jpg
71448,1280,720,631.94293,353.39117,986.8637,986.74805,-3.025,0.248,4.090,0.135343,-0.623275,-0.066057,-0.767364,img_678.jpg
71519,1280,720,631.94293,353.39117,986.8637,986.74805,-2.998,0.244,4.065,0.138919,-0.619399,-0.070149,-0.769497,img_679.jpg
71596,1280,720,631.94293,353.39117,986.8637,986.74805,-2.964,0.239,4.023,0.141674,-0.613956,-0.074869,-0.772905,img_680.jpg
71693,1280,720,631.94293,353.39117,986.8637,986.74805,-2.944,0.236,3.993,0.145897,-0.609995,-0.073761,-0.775358,img_681.jpg
71768,1280,720,631.94293,353.39117,986.8637,986.74805,-2.914,0.230,3.947,0.152005,-0.604532,-0.073516,-0.778480,img_682.jpg
71859,1280,720,631.94293,353.39117,986.8637,986.74805,-2.881,0.222,3.896,0.155833,-0.601722,-0.073809,-0.779871,img_683.jpg
71942,1280,720,631.94293,353.39117,986.8637,986.74805,-2.861,0.218,3.861,0.160730,-0.602154,-0.071854,-0.778726,img_684.jpg
72020,1280,720,631.94293,353.39117,986.8637,986.74805,-2.843,0.215,3.827,0.158660,-0.602466,-0.069734,-0.779101,img_685.jpg
72108,1280,720,631.94293,353.39117,986.8637,986.74805,-2.819,0.209,3.772,0.159375,-0.605568,-0.071399,-0.776395,img_686.jpg
72191,1280,720,631.94293,353.39117,986.8637,986.74805,-2.798,0.206,3.738,0.160470,-0.607717,-0.076217,-0.774028,img_687.jpg
72269,1280,720,631.94293,353.39117,986.8637,986.74805,-2.765,0.200,3.691,0.159590,-0.606752,-0.085242,-0.774026,img_688.jpg
72360,1280,720,631.94293,353.39117,986.8637,986.74805,-2.726,0.202,3.640,0.155307,-0.605639,-0.082786,-0.776033,img_689.jpg
72442,1280,720,631.94293,353.39117,986.8637,986.74805,-2.700,0.206,3.608,0.155864,-0.605061,-0.075882,-0.777078,img_690.jpg
72519,1280,720,631.94293,353.39117,986.8637,986.74805,-2.677,0.209,3.578,0.158265,-0.602803,-0.071662,-0.778746,img_691.jpg
72598,1280,720,631.94293,353.39117,986.8637,986.74805,-2.637,0.216,3.537,0.154086,-0.599885,-0.062609,-0.782608,img_692.jpg
72674,1280,720,631.94293,353.39117,986.8637,986.74805,-2.612,0.219,3.509,0.154196,-0.597433,-0.057130,-0.784878,img_693.jpg
72745,1280,720,631.94293,353.39117,986.8637,986.74805,-2.584,0.222,3.482,0.153917,-0.592784,-0.053147,-0.788728,img_694.jpg
72819,1280,720,631.94293,353.39117,986.8637,986.74805,-2.552,0.222,3.450,0.150651,-0.588110,-0.049533,-0.793081,img_695.jpg
72908,1280,720,631.94293,353.39117,986.8637,986.74805,-2.505,0.223,3.396,0.145028,-0.582963,-0.044523,-0.798209,img_696.jpg
72982,1280,720,631.94293,353.39117,986.8637,986.74805,-2.474,0.223,3.360,0.136556,-0.577261,-0.043779,-0.803869,img_697.jpg
73057,1280,720,631.94293,353.39117,986.8637,986.74805,-2.440,0.226,3.332,0.124930,-0.571712,-0.044430,-0.809669,img_698.jpg
73130,1280,720,631.94293,353.39117,986.8637,986.74805,-2.402,0.225,3.284,0.113826,-0.564535,-0.046635,-0.816192,img_699.jpg
73226,1280,720,631.94293,353.39117,986.8637,986.74805,-2.381,0.225,3.253,0.114023,-0.557123,-0.053637,-0.820814,img_700.jpg
73308,1280,720,631.94293,353.39117,986.8637,986.74805,-2.366,0.227,3.246,0.109681,-0.551720,-0.053860,-0.825029,img_701.jpg
73390,1280,720,631.94293,353.39117,986.8637,986.74805,-2.344,0.226,3.235,0.110207,-0.548556,-0.052205,-0.827173,img_702.jpg
73469,1280,720,631.94293,353.39117,986.8637,986.74805,-2.324,0.227,3.214,0.111785,-0.545395,-0.047241,-0.829347,img_703.jpg
73558,1280,720,631.94293,353.39117,986.8637,986.74805,-2.305,0.232,3.204,0.109930,-0.541971,-0.043332,-0.832049,img_704.jpg
73643,1280,720,631.94293,353.39117,986.8637,986.74805,-2.295,0.235,3.199,0.110125,-0.540970,-0.040022,-0.832840,img_705.jpg
73720,1280,720,631.94293,353.39117,986.8637,986.74805,-2.290,0.237,3.191,0.110150,-0.539521,-0.037772,-0.833881,img_706.jpg,marker_12.jpg,0.28558162,0.28558162,-2.928,0.022,2.884,-0.568996,-0.385050,0.408639,0.408639
73809,1280,720,631.94293,353.39117,986.8637,986.74805,-2.287,0.237,3.181,0.107340,-0.540092,-0.033779,-0.834049,img_707.jpg
73885,1280,720,631.94293,353.39117,986.8637,986.74805,-2.286,0.238,3.173,0.105845,-0.540758,-0.031828,-0.833885,img_708.jpg
73960,1280,720,631.94293,353.39117,986.8637,986.74805,-2.288,0.238,3.163,0.105218,-0.541684,-0.029440,-0.833452,img_709.jpg
74044,1280,720,631.94293,353.39117,986.8637,986.74805,-2.290,0.238,3.154,0.103438,-0.544203,-0.029744,-0.832021,img_710.jpg
74124,1280,720,631.94293,353.39117,986.8637,986.74805,-2.287,0.241,3.144,0.097582,-0.548592,-0.025314,-0.829990,img_711.jpg
74210,1280,720,631.94293,353.39117,986.8637,986.74805,-2.285,0.243,3.140,0.095510,-0.548875,-0.020554,-0.830176,img_712.jpg
74286,1280,720,631.94293,353.39117,986.8637,986.74805,-2.283,0.244,3.135,0.093591,-0.551663,-0.017989,-0.828604,img_713.jpg
74358,1280,720,631.94293,353.39117,986.8637,986.74805,-2.279,0.246,3.133,0.087150,-0.555938,-0.014629,-0.826513,img_714.jpg,marker_12.jpg,0.28152078,0.28152078,-2.925,0.022,2.894,-0.571621,-0.381836,0.401469,0.401469
74443,1280,720,631.94293,353.39117,986.8637,986.74805,-2.275,0.249,3.130,0.082351,-0.559781,-0.011110,-0.824464,img_715.jpg
74524,1280,720,631.94293,353.39117,986.8637,986.74805,-2.267,0.253,3.128,0.074877,-0.566670,-0.003119,-0.820530,img_716.jpg
74609,1280,720,631.94293,353.39117,986.8637,986.74805,-2.264,0.255,3.125,0.072100,-0.569549,-0.000316,-0.818789,img_717.jpg
74685,1280,720,631.94293,353.39117,986.8637,986.74805,-2.260,0.256,3.123,0.067165,-0.571805,0.000839,-0.817635,img_718.jpg
74759,1280,720,631.94293,353.39117,986.8637,986.74805,-2.255,0.256,3.122,0.064632,-0.576049,0.002051,-0.814854,img_719.jpg
74844,1280,720,631.94293,353.39117,986.8637,986.74805,-2.253,0.255,3.119,0.065185,-0.579573,0.001905,-0.812307,img_720.jpg
74922,1280,720,631.94293,353.39117,986.8637,986.74805,-2.251,0.253,3.117,0.065923,-0.581606,0.002582,-0.810791,img_721.jpg
75010,1280,720,631.94293,353.39117,986.8637,986.74805,-2.250,0.254,3.115,0.066764,-0.583550,0.001367,-0.809327,img_722.jpg,marker_12.jpg,0.27969137,0.27969137,-2.923,0.021,2.897,-0.575463,-0.375622,0.395807,0.395807
75098,1280,720,631.94293,353.39117,986.8637,986.74805,-2.252,0.253,3.112,0.069336,-0.582028,-0.004826,-0.810193,img_723.jpg
